3.586800e+01,3.586800e+01,3.586800e+01,3.586800e+01,3.586800e+01,3.586800e+01,3.586800e+01,3.586800e+01,3.586800e+01,3.586800e+01,3.586800e+01,3.586800e+01,3.586800e+01,3.586800e+01,3.586800e+01,3.586800e+01,3.586800e+01,3.586800e+01,3.586800e+01,3.586800e+01,3.586800e+01,3.586800e+01,3.586800e+01,3.586800e+01,3.586800e+01,3.586800e+01,3.586800e+01,3.586800e+01,3.586800e+01,3.586800e+01,3.586800e+01,3.586800e+01,3.586800e+01,3.586800e+01,3.586800e+01,3.586800e+01,3.586800e+01,3.586800e+01,3.586800e+01,3.586800e+01,3.586800e+01,3.586800e+01,3.586800e+01,3.586800e+01,3.586800e+01,3.586800e+01,3.529944e+01,3.585417e+01,3.527163e+01,3.582650e+01,3.524381e+01,3.522990e+01,3.578498e+01,3.520207e+01,3.518816e+01,3.517424e+01,3.516032e+01,3.514639e+01,3.513247e+01,3.511855e+01,3.510462e+01,3.509069e+01,3.507676e+01,3.563261e+01,3.504889e+01,3.503495e+01,3.502101e+01,3.500707e+01,3.499313e+01,3.497919e+01,3.496524e+01,3.495129e+01,3.493734e+01,3.492339e+01,3.490944e+01,3.489548e+01,3.488153e+01,3.486757e+01,3.485361e+01,3.483965e+01,3.482569e+01,3.481172e+01,3.422353e+01,3.419545e+01,3.416735e+01,3.413924e+01,3.411113e+01,3.408302e+01,3.405489e+01,3.402676e+01,3.399862e+01,3.397047e+01,3.394231e+01,3.391415e+01,3.388598e+01,3.385780e+01,3.382962e+01,3.380142e+01,3.377322e+01,3.316512e+01,3.312257e+01,3.307999e+01,3.303740e+01,3.299480e+01,3.353322e+01,3.292375e+01,3.288110e+01,3.283843e+01,3.279574e+01,3.275304e+01,3.271032e+01,3.266758e+01,3.262482e+01,3.258205e+01,3.253926e+01,3.249646e+01,3.245363e+01,3.241079e+01,3.236793e+01,3.232506e+01,3.228216e+01,3.223925e+01,3.219632e+01,3.215338e+01,3.211042e+01,3.206744e+01,3.202444e+01,3.198142e+01,3.193839e+01,3.248219e+01,3.245363e+01,3.242507e+01,3.239651e+01,3.236793e+01,3.233935e+01,3.231076e+01,3.228216e+01,3.225356e+01,3.222495e+01,3.219632e+01,3.216769e+01,3.213906e+01,3.211042e+01,3.208176e+01,3.205310e+01,3.202444e+01,3.199576e+01,3.196708e+01,3.193839e+01,3.190969e+01,3.188098e+01,3.185227e+01,3.182355e+01,3.179482e+01,3.176608e+01,3.173734e+01,3.111740e+01,3.166544e+01,3.163666e+01,3.160788e+01,3.157909e+01,3.155030e+01,3.152149e+01,3.149268e+01,3.146386e+01,3.143503e+01,3.140620e+01,3.137735e+01,3.134850e+01,3.131964e+01,3.129077e+01,3.126190e+01,3.123301e+01,3.120412e+01,3.117522e+01,3.173734e+01,3.170858e+01,3.167982e+01,3.165105e+01,3.162227e+01,3.159349e+01,3.156470e+01,3.153590e+01,3.150709e+01,3.147827e+01,3.203877e+01,3.202444e+01,3.201010e+01,3.199576e+01,3.198142e+01,3.196708e+01,3.195273e+01,3.193839e+01,3.192404e+01,3.190969e+01,3.189534e+01,3.188098e+01,3.186663e+01,3.185227e+01,3.183791e+01,3.182355e+01,3.180918e+01,3.179482e+01,3.178045e+01,3.176608e+01,3.175171e+01,3.232506e+01,3.232506e+01,3.232506e+01,3.232506e+01,3.232506e+01,3.173734e+01,3.172296e+01,3.170858e+01,3.169420e+01,3.167982e+01,3.166544e+01,3.223925e+01,3.223925e+01,3.223925e+01,3.223925e+01,3.223925e+01,3.223925e+01,3.223925e+01,3.223925e+01,3.223925e+01,3.223925e+01,3.223925e+01,3.223925e+01,3.223925e+01,3.223925e+01,3.223925e+01,3.223925e+01,3.223925e+01,3.223925e+01,3.223925e+01,3.223925e+01,3.223925e+01,3.223925e+01,3.223925e+01,3.223925e+01,3.223925e+01,3.223925e+01,3.223925e+01,3.223925e+01,3.223925e+01,3.223925e+01,3.223925e+01,3.223925e+01,3.223925e+01,3.223925e+01,3.223925e+01,3.223925e+01,3.223925e+01,3.223925e+01,3.223925e+01,3.223925e+01,3.223925e+01,3.223925e+01,3.223925e+01,3.223925e+01,3.223925e+01,3.223925e+01,3.223925e+01,3.223925e+01,3.223925e+01,3.223925e+01,3.223925e+01,3.223925e+01,3.223925e+01,3.165105e+01,3.222495e+01,3.163666e+01,3.162227e+01,3.219632e+01,3.218201e+01,3.216769e+01,3.215338e+01,3.213906e+01,3.212474e+01,3.211042e+01,3.209609e+01,3.208176e+01,3.206744e+01,3.205310e+01,3.203877e+01,3.202444e+01,3.201010e+01,3.199576e+01,3.198142e+01,3.196708e+01,3.195273e+01,3.193839e+01,3.192404e+01,3.190969e+01,3.189534e+01,3.188098e+01,3.186663e+01,3.185227e+01,3.183791e+01,3.182355e+01,3.180918e+01,3.179482e+01,3.178045e+01,3.176608e+01,3.175171e+01,3.173734e+01,3.231076e+01,3.231076e+01,3.231076e+01,3.172296e+01,3.170858e+01,3.169420e+01,3.167982e+01,3.166544e+01,3.165105e+01,3.163666e+01,3.162227e+01,3.160788e+01,3.159349e+01,3.157909e+01,3.156470e+01,3.155030e+01,3.212474e+01,3.153590e+01,3.211042e+01,3.211042e+01,3.211042e+01,3.211042e+01,3.152149e+01,3.150709e+01,3.208176e+01,3.149268e+01,3.206744e+01,3.147827e+01,3.146386e+01,3.203877e+01,3.144945e+01,3.202444e+01,3.202444e+01,3.202444e+01,3.202444e+01,3.202444e+01,3.202444e+01,3.202444e+01,3.143503e+01,3.201010e+01,3.201010e+01,3.142062e+01,3.140620e+01,3.139178e+01,3.137735e+01,3.195273e+01,3.136293e+01,3.134850e+01,3.192404e+01,3.133407e+01,3.131964e+01,3.130521e+01,3.129077e+01,3.127634e+01,3.126190e+01,3.124746e+01,3.123301e+01,3.121857e+01,3.120412e+01,3.118967e+01,3.117522e+01,3.116077e+01,3.114631e+01,3.113186e+01,3.170858e+01,3.110294e+01,3.167982e+01,3.166544e+01,3.165105e+01,3.163666e+01,3.162227e+01,3.160788e+01,3.159349e+01,3.157909e+01,3.156470e+01,3.155030e+01,3.153590e+01,3.152149e+01,3.150709e+01,3.149268e+01,3.147827e+01,3.146386e+01,3.144945e+01,3.143503e+01,3.142062e+01,3.140620e+01,3.139178e+01,3.137735e+01,3.136293e+01,3.134850e+01,3.133407e+01,3.131964e+01,3.130521e+01,3.129077e+01,3.127634e+01,3.126190e+01,3.124746e+01,3.123301e+01,3.121857e+01,3.120412e+01,3.118967e+01,3.117522e+01,3.116077e+01,3.114631e+01,3.113186e+01,3.111740e+01,3.110294e+01,3.108848e+01,3.107401e+01,3.105954e+01,3.104508e+01,3.103061e+01,3.101613e+01,3.100166e+01,3.098718e+01,3.097270e+01,3.095822e+01,3.094374e+01,3.092925e+01,3.091477e+01,3.090028e+01,3.088579e+01,3.087129e+01,3.085680e+01,3.084230e+01,3.082780e+01,3.081330e+01,3.079880e+01,3.078430e+01,3.076979e+01,3.134850e+01,3.133407e+01,3.131964e+01,3.130521e+01,3.129077e+01,3.127634e+01,3.126190e+01,3.124746e+01,3.123301e+01,3.121857e+01,3.120412e+01,3.118967e+01,3.117522e+01,3.116077e+01,3.114631e+01,3.113186e+01,3.170858e+01,3.170858e+01,3.111740e+01,3.169420e+01,3.169420e+01,3.169420e+01,3.169420e+01,3.169420e+01,3.169420e+01,3.169420e+01,3.169420e+01,3.169420e+01,3.169420e+01,3.169420e+01,3.169420e+01,3.169420e+01,3.169420e+01,3.169420e+01,3.169420e+01,3.169420e+01,3.169420e+01,3.169420e+01,3.169420e+01,3.169420e+01,3.169420e+01,3.169420e+01,3.169420e+01,3.169420e+01,3.169420e+01,3.169420e+01,3.169420e+01,3.169420e+01,3.169420e+01,3.169420e+01,3.169420e+01,3.169420e+01,3.169420e+01,3.169420e+01,3.169420e+01,3.169420e+01,3.169420e+01,3.169420e+01,3.169420e+01,3.169420e+01,3.169420e+01,3.169420e+01,3.169420e+01,3.169420e+01,3.169420e+01,3.169420e+01,3.169420e+01,3.169420e+01,3.169420e+01,3.169420e+01,3.169420e+01,3.228216e+01,3.169420e+01,3.228216e+01,3.228216e+01,3.228216e+01,3.228216e+01,3.228216e+01,3.228216e+01,3.228216e+01,3.228216e+01,3.228216e+01,3.228216e+01,3.228216e+01,3.228216e+01,3.228216e+01,3.228216e+01,3.228216e+01,3.228216e+01,3.228216e+01,3.228216e+01,3.228216e+01,3.228216e+01,3.228216e+01,3.286687e+01,3.288110e+01,3.289532e+01,3.290953e+01,3.292375e+01,3.293796e+01,3.295218e+01,3.296638e+01,3.239651e+01,3.239651e+01,3.239651e+01,3.239651e+01,3.239651e+01,3.239651e+01,3.239651e+01,3.239651e+01,3.239651e+01,3.239651e+01,3.239651e+01,3.239651e+01,3.239651e+01,3.239651e+01,3.239651e+01,3.239651e+01,3.239651e+01,3.239651e+01,3.239651e+01,3.239651e+01,3.239651e+01,3.239651e+01,3.239651e+01,3.239651e+01,3.239651e+01,3.239651e+01,3.239651e+01,3.239651e+01,3.239651e+01,3.239651e+01,3.239651e+01,3.239651e+01,3.239651e+01,3.239651e+01,3.239651e+01,3.239651e+01,3.239651e+01,3.239651e+01,3.239651e+01,3.239651e+01,3.298059e+01,3.299480e+01,3.242507e+01,3.242507e+01,3.300900e+01,3.302320e+01,3.303740e+01,3.246791e+01,3.305160e+01,3.306580e+01,3.307999e+01,3.309418e+01,3.310838e+01,3.312257e+01,3.313675e+01,3.315094e+01,3.316512e+01,3.317930e+01,3.319348e+01,3.320766e+01,3.322184e+01,3.323601e+01,3.325018e+01,3.326435e+01,3.327852e+01,3.329268e+01,3.330685e+01,3.332101e+01,3.333517e+01,3.334933e+01,3.336349e+01,3.337764e+01,3.339180e+01,3.340595e+01,3.342010e+01,3.343424e+01,3.344839e+01,3.346253e+01,3.347667e+01,3.349081e+01,3.408302e+01,3.411113e+01,3.413924e+01,3.416735e+01,3.419545e+01,3.422353e+01,3.367447e+01,3.426566e+01,3.429372e+01,3.432179e+01,3.434985e+01,3.437789e+01,3.440593e+01,3.443397e+01,3.446200e+01,3.449002e+01,3.451803e+01,3.454603e+01,3.457403e+01,3.460202e+01,3.463000e+01
3.586800e+01,3.586800e+01,3.586800e+01,3.586800e+01,3.586800e+01,3.586800e+01,3.586800e+01,3.586800e+01,3.586800e+01,3.586800e+01,3.586800e+01,3.586800e+01,3.586800e+01,3.586800e+01,3.586800e+01,3.586800e+01,3.586800e+01,3.586800e+01,3.586800e+01,3.586800e+01,3.586800e+01,3.586800e+01,3.586800e+01,3.586800e+01,3.586800e+01,3.586800e+01,3.586800e+01,3.586800e+01,3.586800e+01,3.586800e+01,3.586800e+01,3.586800e+01,3.586800e+01,3.586800e+01,3.586800e+01,3.586800e+01,3.586800e+01,3.586800e+01,3.586800e+01,3.586800e+01,3.586800e+01,3.586800e+01,3.586800e+01,3.586800e+01,3.586800e+01,3.586800e+01,3.586800e+01,3.529944e+01,3.527163e+01,3.582650e+01,3.524381e+01,3.522990e+01,3.521599e+01,3.520207e+01,3.520207e+01,3.520207e+01,3.520207e+01,3.520207e+01,3.520207e+01,3.520207e+01,3.520207e+01,3.520207e+01,3.520207e+01,3.520207e+01,3.520207e+01,3.520207e+01,3.520207e+01,3.520207e+01,3.520207e+01,3.520207e+01,3.520207e+01,3.520207e+01,3.520207e+01,3.520207e+01,3.520207e+01,3.489548e+01,3.489548e+01,3.489548e+01,3.489548e+01,3.489548e+01,3.489548e+01,3.489548e+01,3.489548e+01,3.476981e+01,3.474187e+01,3.413924e+01,3.413924e+01,3.413924e+01,3.413924e+01,3.413924e+01,3.413924e+01,3.413924e+01,3.413924e+01,3.356149e+01,3.356149e+01,3.356149e+01,3.356149e+01,3.356149e+01,3.356149e+01,3.356149e+01,3.356149e+01,3.356149e+01,3.356149e+01,3.356149e+01,3.298059e+01,3.350495e+01,3.286687e+01,3.286687e+01,3.286687e+01,3.286687e+01,3.286687e+01,3.286687e+01,3.286687e+01,3.286687e+01,3.286687e+01,3.286687e+01,3.286687e+01,3.241079e+01,3.241079e+01,3.241079e+01,3.241079e+01,3.241079e+01,3.241079e+01,3.241079e+01,3.241079e+01,3.241079e+01,3.241079e+01,3.241079e+01,3.241079e+01,3.241079e+01,3.241079e+01,3.241079e+01,3.241079e+01,3.241079e+01,3.241079e+01,3.241079e+01,3.241079e+01,3.241079e+01,3.241079e+01,3.241079e+01,3.182355e+01,3.241079e+01,3.211042e+01,3.211042e+01,3.211042e+01,3.211042e+01,3.211042e+01,3.152149e+01,3.153590e+01,3.213906e+01,3.213906e+01,3.213906e+01,3.182355e+01,3.182355e+01,3.182355e+01,3.182355e+01,3.182355e+01,3.182355e+01,3.182355e+01,3.182355e+01,3.182355e+01,3.123301e+01,3.126190e+01,3.126190e+01,3.126190e+01,3.126190e+01,3.126190e+01,3.126190e+01,3.126190e+01,3.126190e+01,3.126190e+01,3.126190e+01,3.126190e+01,3.126190e+01,3.126190e+01,3.126190e+01,3.126190e+01,3.126190e+01,3.126190e+01,3.126190e+01,3.159349e+01,3.159349e+01,3.159349e+01,3.159349e+01,3.159349e+01,3.159349e+01,3.159349e+01,3.159349e+01,3.199576e+01,3.199576e+01,3.199576e+01,3.199576e+01,3.199576e+01,3.199576e+01,3.199576e+01,3.199576e+01,3.199576e+01,3.199576e+01,3.199576e+01,3.199576e+01,3.199576e+01,3.199576e+01,3.199576e+01,3.199576e+01,3.199576e+01,3.199576e+01,3.199576e+01,3.199576e+01,3.199576e+01,3.199576e+01,3.199576e+01,3.199576e+01,3.199576e+01,3.199576e+01,3.199576e+01,3.199576e+01,3.199576e+01,3.199576e+01,3.199576e+01,3.199576e+01,3.199576e+01,3.199576e+01,3.199576e+01,3.199576e+01,3.199576e+01,3.199576e+01,3.199576e+01,3.199576e+01,3.199576e+01,3.199576e+01,3.199576e+01,3.258205e+01,3.196708e+01,3.255353e+01,3.251073e+01,3.251073e+01,3.251073e+01,3.251073e+01,3.251073e+01,3.251073e+01,3.251073e+01,3.251073e+01,3.251073e+01,3.251073e+01,3.251073e+01,3.251073e+01,3.251073e+01,3.251073e+01,3.251073e+01,3.251073e+01,3.251073e+01,3.251073e+01,3.251073e+01,3.251073e+01,3.251073e+01,3.251073e+01,3.251073e+01,3.251073e+01,3.251073e+01,3.251073e+01,3.251073e+01,3.251073e+01,3.251073e+01,3.251073e+01,3.192404e+01,3.196708e+01,3.196708e+01,3.196708e+01,3.196708e+01,3.196708e+01,3.196708e+01,3.196708e+01,3.196708e+01,3.196708e+01,3.196708e+01,3.196708e+01,3.196708e+01,3.196708e+01,3.196708e+01,3.196708e+01,3.196708e+01,3.196708e+01,3.196708e+01,3.196708e+01,3.196708e+01,3.196708e+01,3.196708e+01,3.196708e+01,3.196708e+01,3.196708e+01,3.196708e+01,3.196708e+01,3.196708e+01,3.196708e+01,3.196708e+01,3.196708e+01,3.196708e+01,3.196708e+01,3.196708e+01,3.196708e+01,3.196708e+01,3.196708e+01,3.196708e+01,3.196708e+01,3.196708e+01,3.196708e+01,3.196708e+01,3.196708e+01,3.196708e+01,3.196708e+01,3.196708e+01,3.196708e+01,3.196708e+01,3.196708e+01,3.196708e+01,3.196708e+01,3.196708e+01,3.196708e+01,3.196708e+01,3.196708e+01,3.196708e+01,3.196708e+01,3.196708e+01,3.196708e+01,3.196708e+01,3.196708e+01,3.196708e+01,3.196708e+01,3.196708e+01,3.196708e+01,3.196708e+01,3.196708e+01,3.196708e+01,3.196708e+01,3.196708e+01,3.196708e+01,3.196708e+01,3.196708e+01,3.196708e+01,3.196708e+01,3.196708e+01,3.196708e+01,3.196708e+01,3.196708e+01,3.137735e+01,3.196708e+01,3.199576e+01,3.199576e+01,3.142062e+01,3.142062e+01,3.142062e+01,3.142062e+01,3.142062e+01,3.142062e+01,3.142062e+01,3.142062e+01,3.142062e+01,3.142062e+01,3.142062e+01,3.142062e+01,3.142062e+01,3.142062e+01,3.142062e+01,3.142062e+01,3.142062e+01,3.142062e+01,3.142062e+01,3.142062e+01,3.142062e+01,3.142062e+01,3.142062e+01,3.142062e+01,3.142062e+01,3.142062e+01,3.142062e+01,3.142062e+01,3.142062e+01,3.142062e+01,3.142062e+01,3.142062e+01,3.142062e+01,3.142062e+01,3.142062e+01,3.142062e+01,3.142062e+01,3.142062e+01,3.142062e+01,3.142062e+01,3.142062e+01,3.142062e+01,3.142062e+01,3.142062e+01,3.142062e+01,3.142062e+01,3.142062e+01,3.142062e+01,3.142062e+01,3.142062e+01,3.142062e+01,3.142062e+01,3.142062e+01,3.142062e+01,3.142062e+01,3.142062e+01,3.142062e+01,3.142062e+01,3.142062e+01,3.142062e+01,3.142062e+01,3.142062e+01,3.142062e+01,3.142062e+01,3.142062e+01,3.142062e+01,3.142062e+01,3.142062e+01,3.142062e+01,3.142062e+01,3.142062e+01,3.142062e+01,3.142062e+01,3.142062e+01,3.142062e+01,3.142062e+01,3.142062e+01,3.142062e+01,3.091477e+01,3.091477e+01,3.091477e+01,3.091477e+01,3.091477e+01,3.091477e+01,3.091477e+01,3.091477e+01,3.091477e+01,3.091477e+01,3.091477e+01,3.091477e+01,3.091477e+01,3.091477e+01,3.091477e+01,3.091477e+01,3.091477e+01,3.091477e+01,3.091477e+01,3.091477e+01,3.091477e+01,3.091477e+01,3.150709e+01,3.144945e+01,3.144945e+01,3.144945e+01,3.144945e+01,3.144945e+01,3.144945e+01,3.144945e+01,3.144945e+01,3.144945e+01,3.144945e+01,3.144945e+01,3.144945e+01,3.144945e+01,3.144945e+01,3.144945e+01,3.144945e+01,3.144945e+01,3.144945e+01,3.144945e+01,3.144945e+01,3.144945e+01,3.203877e+01,3.199576e+01,3.195273e+01,3.195273e+01,3.195273e+01,3.195273e+01,3.195273e+01,3.195273e+01,3.195273e+01,3.195273e+01,3.195273e+01,3.195273e+01,3.195273e+01,3.195273e+01,3.195273e+01,3.195273e+01,3.195273e+01,3.195273e+01,3.195273e+01,3.195273e+01,3.195273e+01,3.195273e+01,3.195273e+01,3.195273e+01,3.195273e+01,3.195273e+01,3.195273e+01,3.136293e+01,3.199576e+01,3.193839e+01,3.193839e+01,3.193839e+01,3.193839e+01,3.193839e+01,3.193839e+01,3.193839e+01,3.193839e+01,3.193839e+01,3.193839e+01,3.193839e+01,3.193839e+01,3.193839e+01,3.193839e+01,3.193839e+01,3.193839e+01,3.193839e+01,3.193839e+01,3.228216e+01,3.228216e+01,3.228216e+01,3.228216e+01,3.228216e+01,3.228216e+01,3.228216e+01,3.228216e+01,3.286687e+01,3.283843e+01,3.280997e+01,3.278151e+01,3.275304e+01,3.275304e+01,3.285265e+01,3.285265e+01,3.285265e+01,3.285265e+01,3.285265e+01,3.285265e+01,3.285265e+01,3.285265e+01,3.239651e+01,3.239651e+01,3.239651e+01,3.239651e+01,3.239651e+01,3.239651e+01,3.239651e+01,3.239651e+01,3.239651e+01,3.239651e+01,3.239651e+01,3.239651e+01,3.239651e+01,3.239651e+01,3.239651e+01,3.239651e+01,3.239651e+01,3.239651e+01,3.239651e+01,3.239651e+01,3.239651e+01,3.239651e+01,3.239651e+01,3.239651e+01,3.239651e+01,3.239651e+01,3.239651e+01,3.239651e+01,3.239651e+01,3.239651e+01,3.239651e+01,3.239651e+01,3.239651e+01,3.239651e+01,3.239651e+01,3.298059e+01,3.236793e+01,3.236793e+01,3.236793e+01,3.295218e+01,3.296638e+01,3.298059e+01,3.300900e+01,3.300900e+01,3.299480e+01,3.299480e+01,3.299480e+01,3.299480e+01,3.299480e+01,3.299480e+01,3.299480e+01,3.299480e+01,3.299480e+01,3.299480e+01,3.299480e+01,3.299480e+01,3.299480e+01,3.299480e+01,3.299480e+01,3.299480e+01,3.299480e+01,3.299480e+01,3.299480e+01,3.299480e+01,3.357561e+01,3.351909e+01,3.351909e+01,3.351909e+01,3.351909e+01,3.351909e+01,3.351909e+01,3.351909e+01,3.351909e+01,3.351909e+01,3.351909e+01,3.351909e+01,3.351909e+01,3.351909e+01,3.351909e+01,3.409708e+01,3.408302e+01,3.408302e+01,3.408302e+01,3.408302e+01,3.408302e+01,3.408302e+01,3.408302e+01,3.408302e+01,3.408302e+01,3.408302e+01,3.408302e+01,3.408302e+01,3.408302e+01,3.408302e+01,3.408302e+01,3.408302e+01,3.408302e+01,3.408302e+01,3.457403e+01,3.457403e+01,3.457403e+01
3.643361e+01,3.639232e+01,3.635102e+01,3.630970e+01,3.625458e+01,3.619944e+01,3.614427e+01,3.614427e+01,3.614427e+01,3.614427e+01,3.614427e+01,3.614427e+01,3.614427e+01,3.614427e+01,3.614427e+01,3.614427e+01,3.614427e+01,3.614427e+01,3.614427e+01,3.614427e+01,3.614427e+01,3.614427e+01,3.614427e+01,3.614427e+01,3.614427e+01,3.614427e+01,3.614427e+01,3.614427e+01,3.614427e+01,3.614427e+01,3.614427e+01,3.614427e+01,3.614427e+01,3.614427e+01,3.614427e+01,3.614427e+01,3.614427e+01,3.614427e+01,3.614427e+01,3.614427e+01,3.557716e+01,3.563261e+01,3.563261e+01,3.563261e+01,3.563261e+01,3.563261e+01,3.563261e+01,3.563261e+01,3.563261e+01,3.563261e+01,3.563261e+01,3.563261e+01,3.563261e+01,3.563261e+01,3.563261e+01,3.563261e+01,3.563261e+01,3.563261e+01,3.563261e+01,3.563261e+01,3.563261e+01,3.520207e+01,3.520207e+01,3.520207e+01,3.520207e+01,3.520207e+01,3.520207e+01,3.520207e+01,3.520207e+01,3.520207e+01,3.520207e+01,3.520207e+01,3.520207e+01,3.520207e+01,3.520207e+01,3.520207e+01,3.489548e+01,3.489548e+01,3.489548e+01,3.489548e+01,3.489548e+01,3.489548e+01,3.489548e+01,3.432179e+01,3.432179e+01,3.471391e+01,3.409708e+01,3.409708e+01,3.409708e+01,3.409708e+01,3.409708e+01,3.409708e+01,3.409708e+01,3.409708e+01,3.409708e+01,3.409708e+01,3.356149e+01,3.356149e+01,3.356149e+01,3.356149e+01,3.356149e+01,3.356149e+01,3.356149e+01,3.356149e+01,3.356149e+01,3.298059e+01,3.288110e+01,3.346253e+01,3.282420e+01,3.340595e+01,3.333517e+01,3.326435e+01,3.262482e+01,3.262482e+01,3.262482e+01,3.262482e+01,3.262482e+01,3.262482e+01,3.262482e+01,3.262482e+01,3.262482e+01,3.262482e+01,3.262482e+01,3.262482e+01,3.203877e+01,3.211042e+01,3.218201e+01,3.218201e+01,3.218201e+01,3.218201e+01,3.218201e+01,3.218201e+01,3.218201e+01,3.218201e+01,3.218201e+01,3.218201e+01,3.218201e+01,3.218201e+01,3.218201e+01,3.218201e+01,3.218201e+01,3.218201e+01,3.218201e+01,3.218201e+01,3.218201e+01,3.159349e+01,3.218201e+01,3.160788e+01,3.219632e+01,3.159349e+01,3.166544e+01,3.166544e+01,3.166544e+01,3.166544e+01,3.166544e+01,3.166544e+01,3.166544e+01,3.166544e+01,3.166544e+01,3.166544e+01,3.166544e+01,3.166544e+01,3.166544e+01,3.166544e+01,3.166544e+01,3.166544e+01,3.126190e+01,3.126190e+01,3.126190e+01,3.126190e+01,3.126190e+01,3.126190e+01,3.126190e+01,3.126190e+01,3.126190e+01,3.126190e+01,3.185227e+01,3.178045e+01,3.170858e+01,3.170858e+01,3.170858e+01,3.170858e+01,3.170858e+01,3.170858e+01,3.170858e+01,3.170858e+01,3.170858e+01,3.170858e+01,3.170858e+01,3.170858e+01,3.229646e+01,3.222495e+01,3.222495e+01,3.222495e+01,3.222495e+01,3.222495e+01,3.222495e+01,3.222495e+01,3.222495e+01,3.222495e+01,3.222495e+01,3.222495e+01,3.222495e+01,3.222495e+01,3.222495e+01,3.222495e+01,3.222495e+01,3.222495e+01,3.222495e+01,3.222495e+01,3.222495e+01,3.222495e+01,3.222495e+01,3.222495e+01,3.222495e+01,3.222495e+01,3.222495e+01,3.222495e+01,3.222495e+01,3.222495e+01,3.222495e+01,3.222495e+01,3.222495e+01,3.222495e+01,3.222495e+01,3.222495e+01,3.222495e+01,3.222495e+01,3.222495e+01,3.222495e+01,3.222495e+01,3.222495e+01,3.222495e+01,3.222495e+01,3.222495e+01,3.222495e+01,3.222495e+01,3.222495e+01,3.222495e+01,3.222495e+01,3.222495e+01,3.280997e+01,3.273880e+01,3.273880e+01,3.273880e+01,3.273880e+01,3.273880e+01,3.273880e+01,3.273880e+01,3.273880e+01,3.273880e+01,3.273880e+01,3.273880e+01,3.273880e+01,3.273880e+01,3.273880e+01,3.215338e+01,3.222495e+01,3.222495e+01,3.222495e+01,3.222495e+01,3.222495e+01,3.222495e+01,3.222495e+01,3.222495e+01,3.222495e+01,3.222495e+01,3.222495e+01,3.222495e+01,3.222495e+01,3.222495e+01,3.222495e+01,3.222495e+01,3.222495e+01,3.163666e+01,3.229646e+01,3.221064e+01,3.221064e+01,3.221064e+01,3.221064e+01,3.221064e+01,3.221064e+01,3.221064e+01,3.221064e+01,3.162227e+01,3.170858e+01,3.170858e+01,3.229646e+01,3.221064e+01,3.221064e+01,3.221064e+01,3.221064e+01,3.221064e+01,3.221064e+01,3.221064e+01,3.221064e+01,3.221064e+01,3.221064e+01,3.221064e+01,3.221064e+01,3.221064e+01,3.221064e+01,3.221064e+01,3.221064e+01,3.221064e+01,3.221064e+01,3.221064e+01,3.221064e+01,3.221064e+01,3.221064e+01,3.221064e+01,3.221064e+01,3.221064e+01,3.221064e+01,3.221064e+01,3.221064e+01,3.221064e+01,3.221064e+01,3.221064e+01,3.221064e+01,3.162227e+01,3.170858e+01,3.170858e+01,3.229646e+01,3.221064e+01,3.221064e+01,3.162227e+01,3.170858e+01,3.229646e+01,3.221064e+01,3.221064e+01,3.221064e+01,3.221064e+01,3.221064e+01,3.221064e+01,3.221064e+01,3.162227e+01,3.170858e+01,3.170858e+01,3.170858e+01,3.170858e+01,3.170858e+01,3.170858e+01,3.170858e+01,3.170858e+01,3.170858e+01,3.170858e+01,3.170858e+01,3.170858e+01,3.170858e+01,3.170858e+01,3.170858e+01,3.170858e+01,3.170858e+01,3.170858e+01,3.170858e+01,3.170858e+01,3.170858e+01,3.170858e+01,3.170858e+01,3.170858e+01,3.170858e+01,3.170858e+01,3.170858e+01,3.170858e+01,3.170858e+01,3.170858e+01,3.170858e+01,3.111740e+01,3.120412e+01,3.179482e+01,3.170858e+01,3.170858e+01,3.170858e+01,3.170858e+01,3.170858e+01,3.170858e+01,3.111740e+01,3.120412e+01,3.120412e+01,3.120412e+01,3.120412e+01,3.120412e+01,3.120412e+01,3.120412e+01,3.120412e+01,3.120412e+01,3.120412e+01,3.120412e+01,3.120412e+01,3.120412e+01,3.120412e+01,3.120412e+01,3.120412e+01,3.120412e+01,3.120412e+01,3.120412e+01,3.120412e+01,3.120412e+01,3.120412e+01,3.120412e+01,3.120412e+01,3.120412e+01,3.120412e+01,3.120412e+01,3.120412e+01,3.120412e+01,3.120412e+01,3.120412e+01,3.120412e+01,3.120412e+01,3.120412e+01,3.120412e+01,3.120412e+01,3.120412e+01,3.120412e+01,3.120412e+01,3.120412e+01,3.120412e+01,3.120412e+01,3.120412e+01,3.120412e+01,3.120412e+01,3.120412e+01,3.120412e+01,3.120412e+01,3.120412e+01,3.120412e+01,3.120412e+01,3.120412e+01,3.120412e+01,3.120412e+01,3.120412e+01,3.120412e+01,3.120412e+01,3.120412e+01,3.120412e+01,3.120412e+01,3.120412e+01,3.120412e+01,3.120412e+01,3.120412e+01,3.120412e+01,3.120412e+01,3.120412e+01,3.120412e+01,3.120412e+01,3.120412e+01,3.120412e+01,3.120412e+01,3.120412e+01,3.120412e+01,3.120412e+01,3.120412e+01,3.120412e+01,3.120412e+01,3.120412e+01,3.120412e+01,3.179482e+01,3.170858e+01,3.170858e+01,3.170858e+01,3.170858e+01,3.170858e+01,3.170858e+01,3.170858e+01,3.170858e+01,3.170858e+01,3.170858e+01,3.170858e+01,3.170858e+01,3.170858e+01,3.170858e+01,3.170858e+01,3.170858e+01,3.170858e+01,3.170858e+01,3.170858e+01,3.170858e+01,3.170858e+01,3.170858e+01,3.170858e+01,3.170858e+01,3.170858e+01,3.170858e+01,3.170858e+01,3.170858e+01,3.170858e+01,3.170858e+01,3.170858e+01,3.170858e+01,3.170858e+01,3.170858e+01,3.170858e+01,3.170858e+01,3.170858e+01,3.170858e+01,3.170858e+01,3.170858e+01,3.170858e+01,3.170858e+01,3.170858e+01,3.170858e+01,3.170858e+01,3.170858e+01,3.170858e+01,3.170858e+01,3.170858e+01,3.229646e+01,3.221064e+01,3.221064e+01,3.221064e+01,3.221064e+01,3.221064e+01,3.221064e+01,3.221064e+01,3.221064e+01,3.221064e+01,3.221064e+01,3.221064e+01,3.221064e+01,3.221064e+01,3.221064e+01,3.221064e+01,3.221064e+01,3.228216e+01,3.235364e+01,3.242507e+01,3.251073e+01,3.251073e+01,3.251073e+01,3.251073e+01,3.251073e+01,3.251073e+01,3.251073e+01,3.251073e+01,3.251073e+01,3.251073e+01,3.251073e+01,3.251073e+01,3.251073e+01,3.251073e+01,3.251073e+01,3.251073e+01,3.251073e+01,3.251073e+01,3.251073e+01,3.309418e+01,3.302320e+01,3.295218e+01,3.288110e+01,3.280997e+01,3.272456e+01,3.263908e+01,3.263908e+01,3.263908e+01,3.263908e+01,3.263908e+01,3.263908e+01,3.263908e+01,3.263908e+01,3.263908e+01,3.263908e+01,3.263908e+01,3.263908e+01,3.263908e+01,3.263908e+01,3.263908e+01,3.263908e+01,3.263908e+01,3.263908e+01,3.263908e+01,3.263908e+01,3.263908e+01,3.263908e+01,3.263908e+01,3.263908e+01,3.263908e+01,3.263908e+01,3.263908e+01,3.263908e+01,3.263908e+01,3.263908e+01,3.263908e+01,3.263908e+01,3.263908e+01,3.263908e+01,3.299480e+01,3.299480e+01,3.299480e+01,3.299480e+01,3.299480e+01,3.299480e+01,3.299480e+01,3.299480e+01,3.299480e+01,3.299480e+01,3.299480e+01,3.299480e+01,3.299480e+01,3.357561e+01,3.350495e+01,3.349081e+01,3.354736e+01,3.354736e+01,3.354736e+01,3.354736e+01,3.354736e+01,3.354736e+01,3.354736e+01,3.354736e+01,3.354736e+01,3.354736e+01,3.354736e+01,3.354736e+01,3.354736e+01,3.354736e+01,3.354736e+01,3.354736e+01,3.408302e+01,3.408302e+01,3.408302e+01,3.408302e+01,3.408302e+01,3.408302e+01,3.408302e+01,3.408302e+01,3.408302e+01,3.408302e+01,3.408302e+01,3.408302e+01,3.408302e+01,3.408302e+01,3.408302e+01,3.408302e+01,3.408302e+01,3.408302e+01,3.457403e+01,3.457403e+01,3.457403e+01
3.640608e+01,3.584033e+01,3.590948e+01,3.599241e+01,3.607527e+01,3.607527e+01,3.607527e+01,3.607527e+01,3.607527e+01,3.607527e+01,3.607527e+01,3.607527e+01,3.607527e+01,3.607527e+01,3.607527e+01,3.607527e+01,3.607527e+01,3.607527e+01,3.607527e+01,3.607527e+01,3.607527e+01,3.607527e+01,3.607527e+01,3.607527e+01,3.607527e+01,3.607527e+01,3.607527e+01,3.607527e+01,3.607527e+01,3.607527e+01,3.607527e+01,3.607527e+01,3.607527e+01,3.607527e+01,3.607527e+01,3.607527e+01,3.607527e+01,3.607527e+01,3.607527e+01,3.607527e+01,3.607527e+01,3.607527e+01,3.607527e+01,3.563261e+01,3.563261e+01,3.563261e+01,3.563261e+01,3.563261e+01,3.563261e+01,3.563261e+01,3.563261e+01,3.563261e+01,3.563261e+01,3.563261e+01,3.563261e+01,3.563261e+01,3.563261e+01,3.563261e+01,3.563261e+01,3.563261e+01,3.563261e+01,3.520207e+01,3.520207e+01,3.520207e+01,3.520207e+01,3.520207e+01,3.520207e+01,3.520207e+01,3.520207e+01,3.520207e+01,3.520207e+01,3.520207e+01,3.520207e+01,3.520207e+01,3.520207e+01,3.520207e+01,3.489548e+01,3.489548e+01,3.489548e+01,3.489548e+01,3.489548e+01,3.489548e+01,3.489548e+01,3.432179e+01,3.432179e+01,3.471391e+01,3.468595e+01,3.404082e+01,3.404082e+01,3.404082e+01,3.404082e+01,3.404082e+01,3.404082e+01,3.404082e+01,3.404082e+01,3.404082e+01,3.404082e+01,3.404082e+01,3.404082e+01,3.356149e+01,3.356149e+01,3.356149e+01,3.356149e+01,3.356149e+01,3.356149e+01,3.298059e+01,3.347667e+01,3.346253e+01,3.342010e+01,3.280997e+01,3.289532e+01,3.289532e+01,3.322184e+01,3.313675e+01,3.305160e+01,3.296638e+01,3.288110e+01,3.288110e+01,3.288110e+01,3.288110e+01,3.288110e+01,3.288110e+01,3.229646e+01,3.229646e+01,3.265333e+01,3.256779e+01,3.248219e+01,3.239651e+01,3.239651e+01,3.239651e+01,3.239651e+01,3.239651e+01,3.239651e+01,3.239651e+01,3.239651e+01,3.239651e+01,3.239651e+01,3.239651e+01,3.239651e+01,3.239651e+01,3.239651e+01,3.239651e+01,3.239651e+01,3.239651e+01,3.239651e+01,3.218201e+01,3.216769e+01,3.222495e+01,3.221064e+01,3.222495e+01,3.213906e+01,3.205310e+01,3.196708e+01,3.188098e+01,3.188098e+01,3.188098e+01,3.188098e+01,3.188098e+01,3.188098e+01,3.188098e+01,3.129077e+01,3.137735e+01,3.137735e+01,3.137735e+01,3.137735e+01,3.137735e+01,3.137735e+01,3.137735e+01,3.137735e+01,3.137735e+01,3.137735e+01,3.137735e+01,3.137735e+01,3.137735e+01,3.137735e+01,3.137735e+01,3.137735e+01,3.137735e+01,3.137735e+01,3.137735e+01,3.170858e+01,3.170858e+01,3.170858e+01,3.170858e+01,3.170858e+01,3.170858e+01,3.229646e+01,3.221064e+01,3.212474e+01,3.212474e+01,3.225356e+01,3.225356e+01,3.225356e+01,3.225356e+01,3.225356e+01,3.225356e+01,3.225356e+01,3.225356e+01,3.225356e+01,3.225356e+01,3.225356e+01,3.225356e+01,3.225356e+01,3.225356e+01,3.225356e+01,3.225356e+01,3.225356e+01,3.225356e+01,3.225356e+01,3.225356e+01,3.225356e+01,3.225356e+01,3.225356e+01,3.225356e+01,3.166544e+01,3.175171e+01,3.183791e+01,3.192404e+01,3.201010e+01,3.201010e+01,3.201010e+01,3.201010e+01,3.201010e+01,3.201010e+01,3.201010e+01,3.201010e+01,3.201010e+01,3.201010e+01,3.201010e+01,3.201010e+01,3.201010e+01,3.201010e+01,3.201010e+01,3.201010e+01,3.259631e+01,3.251073e+01,3.251073e+01,3.251073e+01,3.251073e+01,3.251073e+01,3.251073e+01,3.251073e+01,3.251073e+01,3.251073e+01,3.251073e+01,3.251073e+01,3.251073e+01,3.251073e+01,3.251073e+01,3.251073e+01,3.251073e+01,3.251073e+01,3.251073e+01,3.251073e+01,3.251073e+01,3.251073e+01,3.251073e+01,3.251073e+01,3.251073e+01,3.251073e+01,3.251073e+01,3.251073e+01,3.251073e+01,3.251073e+01,3.251073e+01,3.251073e+01,3.251073e+01,3.192404e+01,3.201010e+01,3.201010e+01,3.201010e+01,3.201010e+01,3.201010e+01,3.201010e+01,3.201010e+01,3.201010e+01,3.201010e+01,3.201010e+01,3.201010e+01,3.201010e+01,3.201010e+01,3.201010e+01,3.201010e+01,3.201010e+01,3.201010e+01,3.201010e+01,3.201010e+01,3.201010e+01,3.201010e+01,3.201010e+01,3.201010e+01,3.201010e+01,3.201010e+01,3.201010e+01,3.201010e+01,3.201010e+01,3.201010e+01,3.201010e+01,3.201010e+01,3.201010e+01,3.201010e+01,3.201010e+01,3.201010e+01,3.201010e+01,3.201010e+01,3.201010e+01,3.201010e+01,3.201010e+01,3.201010e+01,3.201010e+01,3.201010e+01,3.201010e+01,3.201010e+01,3.201010e+01,3.201010e+01,3.201010e+01,3.201010e+01,3.201010e+01,3.201010e+01,3.201010e+01,3.201010e+01,3.201010e+01,3.201010e+01,3.201010e+01,3.201010e+01,3.201010e+01,3.201010e+01,3.201010e+01,3.201010e+01,3.201010e+01,3.201010e+01,3.201010e+01,3.201010e+01,3.201010e+01,3.201010e+01,3.201010e+01,3.201010e+01,3.201010e+01,3.201010e+01,3.201010e+01,3.201010e+01,3.201010e+01,3.201010e+01,3.201010e+01,3.201010e+01,3.201010e+01,3.201010e+01,3.201010e+01,3.201010e+01,3.201010e+01,3.201010e+01,3.201010e+01,3.201010e+01,3.170858e+01,3.170858e+01,3.170858e+01,3.170858e+01,3.170858e+01,3.170858e+01,3.170858e+01,3.170858e+01,3.170858e+01,3.170858e+01,3.170858e+01,3.170858e+01,3.170858e+01,3.170858e+01,3.170858e+01,3.170858e+01,3.170858e+01,3.170858e+01,3.170858e+01,3.170858e+01,3.170858e+01,3.170858e+01,3.170858e+01,3.170858e+01,3.111740e+01,3.170858e+01,3.162227e+01,3.153590e+01,3.144945e+01,3.144945e+01,3.144945e+01,3.144945e+01,3.144945e+01,3.144945e+01,3.144945e+01,3.144945e+01,3.144945e+01,3.144945e+01,3.144945e+01,3.144945e+01,3.085680e+01,3.094374e+01,3.094374e+01,3.094374e+01,3.153590e+01,3.144945e+01,3.144945e+01,3.144945e+01,3.144945e+01,3.144945e+01,3.144945e+01,3.144945e+01,3.144945e+01,3.144945e+01,3.144945e+01,3.144945e+01,3.144945e+01,3.144945e+01,3.144945e+01,3.144945e+01,3.144945e+01,3.144945e+01,3.144945e+01,3.144945e+01,3.144945e+01,3.144945e+01,3.144945e+01,3.144945e+01,3.144945e+01,3.144945e+01,3.144945e+01,3.144945e+01,3.144945e+01,3.085680e+01,3.094374e+01,3.094374e+01,3.094374e+01,3.094374e+01,3.094374e+01,3.094374e+01,3.094374e+01,3.094374e+01,3.094374e+01,3.094374e+01,3.094374e+01,3.094374e+01,3.094374e+01,3.094374e+01,3.094374e+01,3.094374e+01,3.094374e+01,3.094374e+01,3.094374e+01,3.094374e+01,3.094374e+01,3.153590e+01,3.144945e+01,3.144945e+01,3.144945e+01,3.144945e+01,3.144945e+01,3.144945e+01,3.144945e+01,3.144945e+01,3.144945e+01,3.144945e+01,3.144945e+01,3.144945e+01,3.144945e+01,3.144945e+01,3.144945e+01,3.144945e+01,3.144945e+01,3.144945e+01,3.144945e+01,3.203877e+01,3.195273e+01,3.195273e+01,3.195273e+01,3.195273e+01,3.195273e+01,3.195273e+01,3.195273e+01,3.195273e+01,3.195273e+01,3.195273e+01,3.195273e+01,3.195273e+01,3.195273e+01,3.195273e+01,3.195273e+01,3.195273e+01,3.195273e+01,3.195273e+01,3.195273e+01,3.195273e+01,3.195273e+01,3.195273e+01,3.195273e+01,3.195273e+01,3.195273e+01,3.195273e+01,3.195273e+01,3.195273e+01,3.195273e+01,3.195273e+01,3.195273e+01,3.195273e+01,3.195273e+01,3.195273e+01,3.195273e+01,3.195273e+01,3.195273e+01,3.195273e+01,3.195273e+01,3.195273e+01,3.195273e+01,3.195273e+01,3.195273e+01,3.195273e+01,3.195273e+01,3.195273e+01,3.253926e+01,3.245363e+01,3.245363e+01,3.245363e+01,3.245363e+01,3.245363e+01,3.245363e+01,3.245363e+01,3.245363e+01,3.245363e+01,3.245363e+01,3.245363e+01,3.245363e+01,3.245363e+01,3.245363e+01,3.245363e+01,3.245363e+01,3.245363e+01,3.303740e+01,3.236793e+01,3.295218e+01,3.286687e+01,3.278151e+01,3.278151e+01,3.278151e+01,3.278151e+01,3.278151e+01,3.278151e+01,3.278151e+01,3.278151e+01,3.278151e+01,3.278151e+01,3.278151e+01,3.278151e+01,3.278151e+01,3.278151e+01,3.278151e+01,3.278151e+01,3.278151e+01,3.278151e+01,3.278151e+01,3.278151e+01,3.278151e+01,3.278151e+01,3.278151e+01,3.278151e+01,3.278151e+01,3.278151e+01,3.278151e+01,3.278151e+01,3.278151e+01,3.278151e+01,3.278151e+01,3.278151e+01,3.278151e+01,3.278151e+01,3.278151e+01,3.278151e+01,3.278151e+01,3.278151e+01,3.278151e+01,3.278151e+01,3.278151e+01,3.278151e+01,3.278151e+01,3.278151e+01,3.278151e+01,3.278151e+01,3.278151e+01,3.278151e+01,3.278151e+01,3.278151e+01,3.278151e+01,3.278151e+01,3.278151e+01,3.278151e+01,3.278151e+01,3.278151e+01,3.336349e+01,3.327852e+01,3.327852e+01,3.327852e+01,3.327852e+01,3.327852e+01,3.327852e+01,3.327852e+01,3.327852e+01,3.327852e+01,3.327852e+01,3.327852e+01,3.327852e+01,3.327852e+01,3.327852e+01,3.327852e+01,3.385780e+01,3.377322e+01,3.377322e+01,3.377322e+01,3.377322e+01,3.377322e+01,3.377322e+01,3.377322e+01,3.377322e+01,3.377322e+01,3.377322e+01,3.377322e+01,3.377322e+01,3.377322e+01,3.377322e+01,3.377322e+01,3.377322e+01,3.408302e+01,3.408302e+01,3.408302e+01,3.408302e+01,3.408302e+01,3.408302e+01,3.408302e+01,3.408302e+01,3.408302e+01,3.408302e+01,3.465798e+01,3.461602e+01,3.461602e+01,3.461602e+01
3.637855e+01,3.588183e+01,3.588183e+01,3.588183e+01,3.588183e+01,3.588183e+01,3.588183e+01,3.588183e+01,3.588183e+01,3.588183e+01,3.588183e+01,3.588183e+01,3.588183e+01,3.588183e+01,3.588183e+01,3.588183e+01,3.588183e+01,3.588183e+01,3.588183e+01,3.588183e+01,3.644736e+01,3.636478e+01,3.628214e+01,3.628214e+01,3.628214e+01,3.628214e+01,3.628214e+01,3.628214e+01,3.628214e+01,3.628214e+01,3.628214e+01,3.628214e+01,3.628214e+01,3.628214e+01,3.628214e+01,3.628214e+01,3.628214e+01,3.628214e+01,3.628214e+01,3.571575e+01,3.579882e+01,3.579882e+01,3.579882e+01,3.579882e+01,3.579882e+01,3.579882e+01,3.579882e+01,3.579882e+01,3.579882e+01,3.579882e+01,3.579882e+01,3.579882e+01,3.522990e+01,3.531334e+01,3.539672e+01,3.539672e+01,3.539672e+01,3.539672e+01,3.539672e+01,3.539672e+01,3.539672e+01,3.539672e+01,3.539672e+01,3.539672e+01,3.539672e+01,3.539672e+01,3.539672e+01,3.539672e+01,3.539672e+01,3.539672e+01,3.539672e+01,3.482569e+01,3.490944e+01,3.499313e+01,3.499313e+01,3.499313e+01,3.499313e+01,3.499313e+01,3.499313e+01,3.499313e+01,3.499313e+01,3.499313e+01,3.499313e+01,3.432179e+01,3.489548e+01,3.432179e+01,3.432179e+01,3.465798e+01,3.456003e+01,3.446200e+01,3.437789e+01,3.429372e+01,3.429372e+01,3.429372e+01,3.429372e+01,3.429372e+01,3.429372e+01,3.371680e+01,3.371680e+01,3.361799e+01,3.361799e+01,3.361799e+01,3.361799e+01,3.361799e+01,3.361799e+01,3.361799e+01,3.361799e+01,3.361799e+01,3.361799e+01,3.339180e+01,3.329268e+01,3.329268e+01,3.329268e+01,3.329268e+01,3.271032e+01,3.279574e+01,3.279574e+01,3.279574e+01,3.279574e+01,3.279574e+01,3.279574e+01,3.279574e+01,3.279574e+01,3.279574e+01,3.279574e+01,3.221064e+01,3.288110e+01,3.269607e+01,3.259631e+01,3.259631e+01,3.259631e+01,3.259631e+01,3.259631e+01,3.259631e+01,3.259631e+01,3.259631e+01,3.259631e+01,3.259631e+01,3.259631e+01,3.259631e+01,3.259631e+01,3.259631e+01,3.259631e+01,3.259631e+01,3.201010e+01,3.211042e+01,3.211042e+01,3.211042e+01,3.211042e+01,3.211042e+01,3.211042e+01,3.211042e+01,3.211042e+01,3.211042e+01,3.211042e+01,3.211042e+01,3.152149e+01,3.162227e+01,3.162227e+01,3.162227e+01,3.162227e+01,3.162227e+01,3.162227e+01,3.162227e+01,3.162227e+01,3.162227e+01,3.162227e+01,3.162227e+01,3.162227e+01,3.162227e+01,3.162227e+01,3.162227e+01,3.162227e+01,3.162227e+01,3.162227e+01,3.162227e+01,3.162227e+01,3.162227e+01,3.162227e+01,3.162227e+01,3.162227e+01,3.162227e+01,3.162227e+01,3.162227e+01,3.162227e+01,3.162227e+01,3.229646e+01,3.229646e+01,3.229646e+01,3.229646e+01,3.229646e+01,3.229646e+01,3.229646e+01,3.229646e+01,3.229646e+01,3.229646e+01,3.229646e+01,3.229646e+01,3.229646e+01,3.229646e+01,3.229646e+01,3.229646e+01,3.229646e+01,3.229646e+01,3.229646e+01,3.229646e+01,3.229646e+01,3.229646e+01,3.229646e+01,3.229646e+01,3.229646e+01,3.229646e+01,3.229646e+01,3.229646e+01,3.229646e+01,3.229646e+01,3.229646e+01,3.229646e+01,3.229646e+01,3.229646e+01,3.229646e+01,3.229646e+01,3.229646e+01,3.229646e+01,3.229646e+01,3.229646e+01,3.229646e+01,3.229646e+01,3.229646e+01,3.229646e+01,3.229646e+01,3.229646e+01,3.229646e+01,3.229646e+01,3.229646e+01,3.229646e+01,3.229646e+01,3.229646e+01,3.229646e+01,3.229646e+01,3.229646e+01,3.229646e+01,3.229646e+01,3.229646e+01,3.288110e+01,3.278151e+01,3.278151e+01,3.278151e+01,3.278151e+01,3.278151e+01,3.278151e+01,3.278151e+01,3.278151e+01,3.278151e+01,3.278151e+01,3.219632e+01,3.229646e+01,3.229646e+01,3.229646e+01,3.229646e+01,3.229646e+01,3.229646e+01,3.229646e+01,3.229646e+01,3.229646e+01,3.229646e+01,3.229646e+01,3.229646e+01,3.229646e+01,3.229646e+01,3.229646e+01,3.229646e+01,3.229646e+01,3.229646e+01,3.229646e+01,3.229646e+01,3.229646e+01,3.229646e+01,3.229646e+01,3.229646e+01,3.229646e+01,3.229646e+01,3.229646e+01,3.229646e+01,3.229646e+01,3.229646e+01,3.229646e+01,3.229646e+01,3.229646e+01,3.229646e+01,3.229646e+01,3.229646e+01,3.229646e+01,3.229646e+01,3.229646e+01,3.229646e+01,3.229646e+01,3.229646e+01,3.229646e+01,3.229646e+01,3.229646e+01,3.229646e+01,3.229646e+01,3.229646e+01,3.229646e+01,3.229646e+01,3.229646e+01,3.229646e+01,3.229646e+01,3.229646e+01,3.229646e+01,3.229646e+01,3.229646e+01,3.229646e+01,3.229646e+01,3.229646e+01,3.229646e+01,3.229646e+01,3.229646e+01,3.229646e+01,3.229646e+01,3.229646e+01,3.170858e+01,3.180918e+01,3.180918e+01,3.180918e+01,3.180918e+01,3.180918e+01,3.180918e+01,3.180918e+01,3.180918e+01,3.180918e+01,3.180918e+01,3.180918e+01,3.180918e+01,3.180918e+01,3.180918e+01,3.180918e+01,3.180918e+01,3.180918e+01,3.180918e+01,3.180918e+01,3.180918e+01,3.180918e+01,3.180918e+01,3.180918e+01,3.180918e+01,3.180918e+01,3.180918e+01,3.180918e+01,3.180918e+01,3.180918e+01,3.180918e+01,3.180918e+01,3.180918e+01,3.180918e+01,3.180918e+01,3.180918e+01,3.180918e+01,3.180918e+01,3.180918e+01,3.180918e+01,3.180918e+01,3.180918e+01,3.180918e+01,3.180918e+01,3.180918e+01,3.180918e+01,3.180918e+01,3.180918e+01,3.180918e+01,3.180918e+01,3.180918e+01,3.121857e+01,3.131964e+01,3.142062e+01,3.139178e+01,3.170858e+01,3.166544e+01,3.166544e+01,3.107401e+01,3.117522e+01,3.117522e+01,3.117522e+01,3.117522e+01,3.117522e+01,3.117522e+01,3.117522e+01,3.117522e+01,3.117522e+01,3.117522e+01,3.117522e+01,3.117522e+01,3.117522e+01,3.117522e+01,3.117522e+01,3.117522e+01,3.117522e+01,3.117522e+01,3.117522e+01,3.117522e+01,3.117522e+01,3.117522e+01,3.117522e+01,3.117522e+01,3.117522e+01,3.117522e+01,3.117522e+01,3.117522e+01,3.117522e+01,3.117522e+01,3.117522e+01,3.117522e+01,3.117522e+01,3.117522e+01,3.117522e+01,3.117522e+01,3.117522e+01,3.117522e+01,3.117522e+01,3.117522e+01,3.117522e+01,3.117522e+01,3.117522e+01,3.117522e+01,3.117522e+01,3.117522e+01,3.117522e+01,3.117522e+01,3.117522e+01,3.117522e+01,3.117522e+01,3.117522e+01,3.117522e+01,3.117522e+01,3.117522e+01,3.117522e+01,3.117522e+01,3.117522e+01,3.117522e+01,3.117522e+01,3.117522e+01,3.117522e+01,3.117522e+01,3.117522e+01,3.117522e+01,3.117522e+01,3.117522e+01,3.117522e+01,3.117522e+01,3.117522e+01,3.117522e+01,3.117522e+01,3.117522e+01,3.117522e+01,3.117522e+01,3.117522e+01,3.117522e+01,3.117522e+01,3.117522e+01,3.117522e+01,3.176608e+01,3.166544e+01,3.166544e+01,3.166544e+01,3.166544e+01,3.166544e+01,3.166544e+01,3.166544e+01,3.166544e+01,3.166544e+01,3.166544e+01,3.166544e+01,3.166544e+01,3.166544e+01,3.166544e+01,3.166544e+01,3.166544e+01,3.166544e+01,3.166544e+01,3.166544e+01,3.166544e+01,3.166544e+01,3.166544e+01,3.166544e+01,3.166544e+01,3.166544e+01,3.166544e+01,3.166544e+01,3.166544e+01,3.166544e+01,3.166544e+01,3.166544e+01,3.166544e+01,3.166544e+01,3.166544e+01,3.166544e+01,3.166544e+01,3.166544e+01,3.166544e+01,3.166544e+01,3.166544e+01,3.166544e+01,3.166544e+01,3.166544e+01,3.166544e+01,3.166544e+01,3.225356e+01,3.215338e+01,3.215338e+01,3.215338e+01,3.215338e+01,3.215338e+01,3.215338e+01,3.215338e+01,3.215338e+01,3.215338e+01,3.215338e+01,3.215338e+01,3.215338e+01,3.215338e+01,3.215338e+01,3.215338e+01,3.245363e+01,3.245363e+01,3.245363e+01,3.245363e+01,3.245363e+01,3.245363e+01,3.245363e+01,3.245363e+01,3.303740e+01,3.302320e+01,3.302320e+01,3.299480e+01,3.295218e+01,3.295218e+01,3.295218e+01,3.295218e+01,3.295218e+01,3.295218e+01,3.295218e+01,3.295218e+01,3.295218e+01,3.295218e+01,3.295218e+01,3.295218e+01,3.295218e+01,3.295218e+01,3.295218e+01,3.295218e+01,3.295218e+01,3.295218e+01,3.295218e+01,3.295218e+01,3.295218e+01,3.295218e+01,3.295218e+01,3.295218e+01,3.295218e+01,3.295218e+01,3.295218e+01,3.236793e+01,3.246791e+01,3.256779e+01,3.256779e+01,3.256779e+01,3.256779e+01,3.256779e+01,3.315094e+01,3.305160e+01,3.305160e+01,3.305160e+01,3.246791e+01,3.256779e+01,3.256779e+01,3.256779e+01,3.256779e+01,3.256779e+01,3.256779e+01,3.256779e+01,3.315094e+01,3.305160e+01,3.305160e+01,3.305160e+01,3.305160e+01,3.305160e+01,3.305160e+01,3.305160e+01,3.305160e+01,3.305160e+01,3.305160e+01,3.305160e+01,3.305160e+01,3.305160e+01,3.305160e+01,3.305160e+01,3.305160e+01,3.305160e+01,3.305160e+01,3.305160e+01,3.363211e+01,3.353322e+01,3.353322e+01,3.353322e+01,3.353322e+01,3.353322e+01,3.353322e+01,3.353322e+01,3.353322e+01,3.353322e+01,3.353322e+01,3.353322e+01,3.353322e+01,3.353322e+01,3.353322e+01,3.353322e+01,3.353322e+01,3.411113e+01,3.401268e+01,3.401268e+01,3.401268e+01,3.401268e+01,3.401268e+01,3.401268e+01,3.401268e+01,3.401268e+01,3.401268e+01,3.401268e+01,3.401268e+01,3.401268e+01,3.401268e+01,3.401268e+01,3.458803e+01,3.449002e+01,3.449002e+01,3.460202e+01,3.460202e+01,3.460202e+01,3.460202e+01
3.635102e+01,3.592331e+01,3.592331e+01,3.592331e+01,3.592331e+01,3.592331e+01,3.592331e+01,3.592331e+01,3.592331e+01,3.592331e+01,3.592331e+01,3.592331e+01,3.592331e+01,3.592331e+01,3.592331e+01,3.592331e+01,3.592331e+01,3.592331e+01,3.592331e+01,3.592331e+01,3.592331e+01,3.592331e+01,3.592331e+01,3.592331e+01,3.592331e+01,3.592331e+01,3.592331e+01,3.592331e+01,3.592331e+01,3.592331e+01,3.592331e+01,3.592331e+01,3.592331e+01,3.592331e+01,3.592331e+01,3.592331e+01,3.592331e+01,3.592331e+01,3.592331e+01,3.592331e+01,3.592331e+01,3.592331e+01,3.592331e+01,3.592331e+01,3.592331e+01,3.592331e+01,3.592331e+01,3.592331e+01,3.592331e+01,3.592331e+01,3.592331e+01,3.592331e+01,3.579882e+01,3.570190e+01,3.560489e+01,3.560489e+01,3.560489e+01,3.560489e+01,3.560489e+01,3.560489e+01,3.560489e+01,3.560489e+01,3.560489e+01,3.560489e+01,3.503495e+01,3.513247e+01,3.513247e+01,3.513247e+01,3.513247e+01,3.513247e+01,3.513247e+01,3.513247e+01,3.513247e+01,3.513247e+01,3.513247e+01,3.513247e+01,3.513247e+01,3.513247e+01,3.513247e+01,3.513247e+01,3.513247e+01,3.513247e+01,3.456003e+01,3.490944e+01,3.489548e+01,3.493734e+01,3.436387e+01,3.465798e+01,3.465798e+01,3.465798e+01,3.408302e+01,3.418140e+01,3.418140e+01,3.418140e+01,3.418140e+01,3.418140e+01,3.418140e+01,3.418140e+01,3.418140e+01,3.418140e+01,3.418140e+01,3.361799e+01,3.361799e+01,3.361799e+01,3.361799e+01,3.361799e+01,3.361799e+01,3.361799e+01,3.361799e+01,3.361799e+01,3.361799e+01,3.361799e+01,3.329268e+01,3.326435e+01,3.334933e+01,3.325018e+01,3.315094e+01,3.305160e+01,3.305160e+01,3.305160e+01,3.305160e+01,3.305160e+01,3.305160e+01,3.305160e+01,3.305160e+01,3.305160e+01,3.305160e+01,3.305160e+01,3.305160e+01,3.305160e+01,3.305160e+01,3.259631e+01,3.259631e+01,3.259631e+01,3.259631e+01,3.259631e+01,3.259631e+01,3.259631e+01,3.259631e+01,3.259631e+01,3.259631e+01,3.259631e+01,3.259631e+01,3.259631e+01,3.259631e+01,3.259631e+01,3.259631e+01,3.259631e+01,3.259631e+01,3.211042e+01,3.211042e+01,3.211042e+01,3.211042e+01,3.211042e+01,3.211042e+01,3.211042e+01,3.211042e+01,3.211042e+01,3.211042e+01,3.211042e+01,3.162227e+01,3.162227e+01,3.162227e+01,3.162227e+01,3.162227e+01,3.162227e+01,3.162227e+01,3.162227e+01,3.162227e+01,3.162227e+01,3.162227e+01,3.162227e+01,3.162227e+01,3.162227e+01,3.162227e+01,3.162227e+01,3.162227e+01,3.162227e+01,3.162227e+01,3.162227e+01,3.162227e+01,3.162227e+01,3.162227e+01,3.221064e+01,3.211042e+01,3.209609e+01,3.225356e+01,3.166544e+01,3.176608e+01,3.186663e+01,3.196708e+01,3.206744e+01,3.206744e+01,3.206744e+01,3.206744e+01,3.206744e+01,3.206744e+01,3.206744e+01,3.206744e+01,3.206744e+01,3.206744e+01,3.206744e+01,3.206744e+01,3.206744e+01,3.206744e+01,3.206744e+01,3.206744e+01,3.206744e+01,3.206744e+01,3.206744e+01,3.206744e+01,3.206744e+01,3.206744e+01,3.206744e+01,3.206744e+01,3.206744e+01,3.206744e+01,3.206744e+01,3.206744e+01,3.206744e+01,3.206744e+01,3.206744e+01,3.206744e+01,3.206744e+01,3.206744e+01,3.206744e+01,3.206744e+01,3.206744e+01,3.206744e+01,3.206744e+01,3.206744e+01,3.206744e+01,3.206744e+01,3.206744e+01,3.206744e+01,3.206744e+01,3.265333e+01,3.255353e+01,3.255353e+01,3.255353e+01,3.255353e+01,3.255353e+01,3.255353e+01,3.255353e+01,3.255353e+01,3.255353e+01,3.255353e+01,3.255353e+01,3.255353e+01,3.255353e+01,3.255353e+01,3.255353e+01,3.255353e+01,3.255353e+01,3.255353e+01,3.255353e+01,3.255353e+01,3.255353e+01,3.255353e+01,3.255353e+01,3.255353e+01,3.255353e+01,3.255353e+01,3.255353e+01,3.255353e+01,3.255353e+01,3.255353e+01,3.255353e+01,3.255353e+01,3.255353e+01,3.196708e+01,3.206744e+01,3.206744e+01,3.206744e+01,3.206744e+01,3.206744e+01,3.206744e+01,3.206744e+01,3.206744e+01,3.206744e+01,3.206744e+01,3.206744e+01,3.206744e+01,3.206744e+01,3.206744e+01,3.206744e+01,3.206744e+01,3.206744e+01,3.206744e+01,3.206744e+01,3.206744e+01,3.206744e+01,3.206744e+01,3.206744e+01,3.206744e+01,3.206744e+01,3.206744e+01,3.206744e+01,3.206744e+01,3.206744e+01,3.206744e+01,3.206744e+01,3.206744e+01,3.206744e+01,3.206744e+01,3.206744e+01,3.206744e+01,3.206744e+01,3.206744e+01,3.206744e+01,3.206744e+01,3.206744e+01,3.206744e+01,3.206744e+01,3.206744e+01,3.206744e+01,3.206744e+01,3.206744e+01,3.206744e+01,3.206744e+01,3.206744e+01,3.206744e+01,3.206744e+01,3.206744e+01,3.206744e+01,3.206744e+01,3.206744e+01,3.206744e+01,3.206744e+01,3.206744e+01,3.206744e+01,3.206744e+01,3.206744e+01,3.206744e+01,3.206744e+01,3.206744e+01,3.206744e+01,3.206744e+01,3.206744e+01,3.206744e+01,3.206744e+01,3.206744e+01,3.206744e+01,3.206744e+01,3.206744e+01,3.206744e+01,3.206744e+01,3.206744e+01,3.206744e+01,3.206744e+01,3.206744e+01,3.206744e+01,3.206744e+01,3.206744e+01,3.206744e+01,3.206744e+01,3.206744e+01,3.206744e+01,3.206744e+01,3.206744e+01,3.147827e+01,3.157909e+01,3.157909e+01,3.216769e+01,3.206744e+01,3.206744e+01,3.147827e+01,3.157909e+01,3.157909e+01,3.157909e+01,3.157909e+01,3.157909e+01,3.157909e+01,3.157909e+01,3.157909e+01,3.157909e+01,3.157909e+01,3.157909e+01,3.157909e+01,3.157909e+01,3.157909e+01,3.157909e+01,3.157909e+01,3.157909e+01,3.157909e+01,3.157909e+01,3.157909e+01,3.117522e+01,3.117522e+01,3.117522e+01,3.117522e+01,3.117522e+01,3.117522e+01,3.117522e+01,3.117522e+01,3.117522e+01,3.117522e+01,3.117522e+01,3.117522e+01,3.117522e+01,3.117522e+01,3.117522e+01,3.117522e+01,3.117522e+01,3.117522e+01,3.117522e+01,3.117522e+01,3.117522e+01,3.117522e+01,3.117522e+01,3.117522e+01,3.117522e+01,3.117522e+01,3.117522e+01,3.117522e+01,3.117522e+01,3.117522e+01,3.117522e+01,3.117522e+01,3.117522e+01,3.117522e+01,3.117522e+01,3.117522e+01,3.117522e+01,3.117522e+01,3.117522e+01,3.117522e+01,3.117522e+01,3.117522e+01,3.117522e+01,3.117522e+01,3.117522e+01,3.117522e+01,3.117522e+01,3.117522e+01,3.117522e+01,3.117522e+01,3.117522e+01,3.117522e+01,3.117522e+01,3.117522e+01,3.117522e+01,3.117522e+01,3.117522e+01,3.117522e+01,3.117522e+01,3.117522e+01,3.117522e+01,3.117522e+01,3.117522e+01,3.117522e+01,3.117522e+01,3.117522e+01,3.117522e+01,3.117522e+01,3.117522e+01,3.117522e+01,3.117522e+01,3.117522e+01,3.117522e+01,3.117522e+01,3.117522e+01,3.166544e+01,3.166544e+01,3.166544e+01,3.166544e+01,3.166544e+01,3.166544e+01,3.166544e+01,3.166544e+01,3.166544e+01,3.166544e+01,3.166544e+01,3.166544e+01,3.166544e+01,3.166544e+01,3.225356e+01,3.215338e+01,3.205310e+01,3.195273e+01,3.195273e+01,3.195273e+01,3.195273e+01,3.195273e+01,3.195273e+01,3.195273e+01,3.195273e+01,3.195273e+01,3.195273e+01,3.195273e+01,3.195273e+01,3.195273e+01,3.195273e+01,3.195273e+01,3.195273e+01,3.195273e+01,3.195273e+01,3.195273e+01,3.195273e+01,3.195273e+01,3.195273e+01,3.195273e+01,3.195273e+01,3.195273e+01,3.195273e+01,3.195273e+01,3.195273e+01,3.195273e+01,3.195273e+01,3.195273e+01,3.195273e+01,3.195273e+01,3.253926e+01,3.243935e+01,3.243935e+01,3.243935e+01,3.243935e+01,3.243935e+01,3.243935e+01,3.243935e+01,3.243935e+01,3.243935e+01,3.243935e+01,3.243935e+01,3.243935e+01,3.243935e+01,3.243935e+01,3.243935e+01,3.243935e+01,3.302320e+01,3.242507e+01,3.293796e+01,3.293796e+01,3.293796e+01,3.293796e+01,3.293796e+01,3.293796e+01,3.293796e+01,3.293796e+01,3.293796e+01,3.293796e+01,3.293796e+01,3.293796e+01,3.293796e+01,3.293796e+01,3.293796e+01,3.293796e+01,3.293796e+01,3.293796e+01,3.293796e+01,3.293796e+01,3.293796e+01,3.293796e+01,3.293796e+01,3.293796e+01,3.293796e+01,3.293796e+01,3.293796e+01,3.293796e+01,3.293796e+01,3.293796e+01,3.293796e+01,3.293796e+01,3.293796e+01,3.293796e+01,3.293796e+01,3.293796e+01,3.293796e+01,3.293796e+01,3.293796e+01,3.293796e+01,3.293796e+01,3.293796e+01,3.293796e+01,3.293796e+01,3.293796e+01,3.293796e+01,3.293796e+01,3.293796e+01,3.293796e+01,3.293796e+01,3.293796e+01,3.293796e+01,3.293796e+01,3.293796e+01,3.293796e+01,3.293796e+01,3.293796e+01,3.293796e+01,3.293796e+01,3.293796e+01,3.293796e+01,3.293796e+01,3.293796e+01,3.351909e+01,3.342010e+01,3.332101e+01,3.332101e+01,3.332101e+01,3.332101e+01,3.332101e+01,3.332101e+01,3.332101e+01,3.332101e+01,3.332101e+01,3.332101e+01,3.332101e+01,3.332101e+01,3.332101e+01,3.390006e+01,3.380142e+01,3.380142e+01,3.380142e+01,3.380142e+01,3.380142e+01,3.380142e+01,3.380142e+01,3.380142e+01,3.380142e+01,3.380142e+01,3.380142e+01,3.380142e+01,3.380142e+01,3.380142e+01,3.380142e+01,3.437789e+01,3.427969e+01,3.427969e+01,3.427969e+01,3.427969e+01,3.427969e+01,3.427969e+01,3.427969e+01,3.427969e+01,3.427969e+01,3.427969e+01,3.427969e+01,3.427969e+01,3.460202e+01,3.460202e+01
3.633725e+01,3.592331e+01,3.592331e+01,3.592331e+01,3.592331e+01,3.592331e+01,3.592331e+01,3.592331e+01,3.592331e+01,3.592331e+01,3.592331e+01,3.592331e+01,3.592331e+01,3.592331e+01,3.592331e+01,3.592331e+01,3.592331e+01,3.592331e+01,3.592331e+01,3.592331e+01,3.592331e+01,3.592331e+01,3.592331e+01,3.592331e+01,3.592331e+01,3.592331e+01,3.592331e+01,3.592331e+01,3.592331e+01,3.592331e+01,3.592331e+01,3.592331e+01,3.592331e+01,3.592331e+01,3.592331e+01,3.592331e+01,3.592331e+01,3.592331e+01,3.592331e+01,3.592331e+01,3.592331e+01,3.592331e+01,3.592331e+01,3.592331e+01,3.592331e+01,3.592331e+01,3.592331e+01,3.592331e+01,3.592331e+01,3.592331e+01,3.592331e+01,3.592331e+01,3.592331e+01,3.535504e+01,3.545227e+01,3.545227e+01,3.545227e+01,3.545227e+01,3.545227e+01,3.545227e+01,3.545227e+01,3.545227e+01,3.545227e+01,3.545227e+01,3.545227e+01,3.545227e+01,3.545227e+01,3.545227e+01,3.545227e+01,3.545227e+01,3.545227e+01,3.545227e+01,3.545227e+01,3.513247e+01,3.513247e+01,3.513247e+01,3.513247e+01,3.513247e+01,3.513247e+01,3.513247e+01,3.513247e+01,3.513247e+01,3.513247e+01,3.513247e+01,3.513247e+01,3.513247e+01,3.493734e+01,3.492339e+01,3.492339e+01,3.492339e+01,3.465798e+01,3.456003e+01,3.446200e+01,3.446200e+01,3.446200e+01,3.446200e+01,3.446200e+01,3.446200e+01,3.446200e+01,3.446200e+01,3.446200e+01,3.419545e+01,3.409708e+01,3.399862e+01,3.390006e+01,3.390006e+01,3.390006e+01,3.390006e+01,3.332101e+01,3.342010e+01,3.342010e+01,3.342010e+01,3.342010e+01,3.342010e+01,3.342010e+01,3.342010e+01,3.342010e+01,3.342010e+01,3.342010e+01,3.342010e+01,3.342010e+01,3.342010e+01,3.305160e+01,3.305160e+01,3.305160e+01,3.305160e+01,3.305160e+01,3.305160e+01,3.305160e+01,3.305160e+01,3.305160e+01,3.305160e+01,3.305160e+01,3.305160e+01,3.305160e+01,3.305160e+01,3.305160e+01,3.305160e+01,3.305160e+01,3.305160e+01,3.305160e+01,3.305160e+01,3.305160e+01,3.305160e+01,3.259631e+01,3.259631e+01,3.259631e+01,3.259631e+01,3.259631e+01,3.259631e+01,3.211042e+01,3.211042e+01,3.211042e+01,3.211042e+01,3.211042e+01,3.211042e+01,3.211042e+01,3.211042e+01,3.211042e+01,3.211042e+01,3.162227e+01,3.162227e+01,3.162227e+01,3.162227e+01,3.162227e+01,3.162227e+01,3.162227e+01,3.162227e+01,3.162227e+01,3.162227e+01,3.162227e+01,3.162227e+01,3.162227e+01,3.162227e+01,3.162227e+01,3.162227e+01,3.162227e+01,3.162227e+01,3.162227e+01,3.162227e+01,3.162227e+01,3.221064e+01,3.218201e+01,3.216769e+01,3.216769e+01,3.216769e+01,3.216769e+01,3.216769e+01,3.216769e+01,3.216769e+01,3.216769e+01,3.216769e+01,3.216769e+01,3.216769e+01,3.216769e+01,3.216769e+01,3.216769e+01,3.216769e+01,3.216769e+01,3.216769e+01,3.216769e+01,3.216769e+01,3.216769e+01,3.216769e+01,3.216769e+01,3.216769e+01,3.216769e+01,3.216769e+01,3.216769e+01,3.216769e+01,3.216769e+01,3.216769e+01,3.216769e+01,3.216769e+01,3.216769e+01,3.216769e+01,3.216769e+01,3.216769e+01,3.216769e+01,3.216769e+01,3.216769e+01,3.216769e+01,3.216769e+01,3.216769e+01,3.216769e+01,3.216769e+01,3.216769e+01,3.216769e+01,3.216769e+01,3.216769e+01,3.216769e+01,3.216769e+01,3.216769e+01,3.216769e+01,3.216769e+01,3.216769e+01,3.265333e+01,3.265333e+01,3.265333e+01,3.265333e+01,3.265333e+01,3.265333e+01,3.265333e+01,3.265333e+01,3.265333e+01,3.265333e+01,3.265333e+01,3.265333e+01,3.265333e+01,3.265333e+01,3.265333e+01,3.265333e+01,3.265333e+01,3.265333e+01,3.265333e+01,3.265333e+01,3.265333e+01,3.265333e+01,3.265333e+01,3.265333e+01,3.265333e+01,3.265333e+01,3.265333e+01,3.265333e+01,3.265333e+01,3.265333e+01,3.265333e+01,3.206744e+01,3.216769e+01,3.216769e+01,3.202444e+01,3.202444e+01,3.202444e+01,3.202444e+01,3.202444e+01,3.202444e+01,3.202444e+01,3.202444e+01,3.202444e+01,3.202444e+01,3.202444e+01,3.202444e+01,3.202444e+01,3.202444e+01,3.202444e+01,3.202444e+01,3.202444e+01,3.202444e+01,3.202444e+01,3.202444e+01,3.202444e+01,3.202444e+01,3.202444e+01,3.202444e+01,3.202444e+01,3.202444e+01,3.202444e+01,3.202444e+01,3.202444e+01,3.202444e+01,3.202444e+01,3.202444e+01,3.202444e+01,3.261057e+01,3.251073e+01,3.241079e+01,3.231076e+01,3.231076e+01,3.231076e+01,3.231076e+01,3.231076e+01,3.231076e+01,3.231076e+01,3.231076e+01,3.231076e+01,3.231076e+01,3.231076e+01,3.231076e+01,3.231076e+01,3.231076e+01,3.231076e+01,3.231076e+01,3.231076e+01,3.231076e+01,3.172296e+01,3.182355e+01,3.182355e+01,3.182355e+01,3.182355e+01,3.182355e+01,3.182355e+01,3.182355e+01,3.182355e+01,3.182355e+01,3.182355e+01,3.182355e+01,3.182355e+01,3.182355e+01,3.182355e+01,3.182355e+01,3.182355e+01,3.182355e+01,3.182355e+01,3.182355e+01,3.182355e+01,3.182355e+01,3.182355e+01,3.182355e+01,3.182355e+01,3.182355e+01,3.182355e+01,3.182355e+01,3.182355e+01,3.182355e+01,3.182355e+01,3.182355e+01,3.182355e+01,3.182355e+01,3.182355e+01,3.182355e+01,3.182355e+01,3.182355e+01,3.182355e+01,3.182355e+01,3.182355e+01,3.182355e+01,3.182355e+01,3.182355e+01,3.182355e+01,3.182355e+01,3.182355e+01,3.182355e+01,3.182355e+01,3.182355e+01,3.182355e+01,3.182355e+01,3.182355e+01,3.182355e+01,3.123301e+01,3.133407e+01,3.133407e+01,3.133407e+01,3.133407e+01,3.133407e+01,3.133407e+01,3.133407e+01,3.133407e+01,3.133407e+01,3.133407e+01,3.133407e+01,3.133407e+01,3.133407e+01,3.133407e+01,3.133407e+01,3.133407e+01,3.133407e+01,3.133407e+01,3.133407e+01,3.133407e+01,3.133407e+01,3.133407e+01,3.133407e+01,3.133407e+01,3.133407e+01,3.133407e+01,3.133407e+01,3.133407e+01,3.133407e+01,3.133407e+01,3.133407e+01,3.133407e+01,3.133407e+01,3.133407e+01,3.133407e+01,3.133407e+01,3.133407e+01,3.133407e+01,3.133407e+01,3.133407e+01,3.133407e+01,3.133407e+01,3.133407e+01,3.133407e+01,3.133407e+01,3.133407e+01,3.133407e+01,3.133407e+01,3.133407e+01,3.133407e+01,3.133407e+01,3.133407e+01,3.133407e+01,3.133407e+01,3.133407e+01,3.133407e+01,3.133407e+01,3.133407e+01,3.133407e+01,3.133407e+01,3.074077e+01,3.084230e+01,3.094374e+01,3.094374e+01,3.094374e+01,3.094374e+01,3.094374e+01,3.094374e+01,3.094374e+01,3.094374e+01,3.094374e+01,3.094374e+01,3.094374e+01,3.094374e+01,3.094374e+01,3.094374e+01,3.094374e+01,3.153590e+01,3.143503e+01,3.143503e+01,3.143503e+01,3.143503e+01,3.143503e+01,3.143503e+01,3.143503e+01,3.143503e+01,3.143503e+01,3.143503e+01,3.143503e+01,3.143503e+01,3.202444e+01,3.192404e+01,3.192404e+01,3.192404e+01,3.192404e+01,3.192404e+01,3.192404e+01,3.192404e+01,3.192404e+01,3.192404e+01,3.192404e+01,3.192404e+01,3.192404e+01,3.192404e+01,3.192404e+01,3.192404e+01,3.192404e+01,3.192404e+01,3.192404e+01,3.192404e+01,3.192404e+01,3.192404e+01,3.192404e+01,3.192404e+01,3.192404e+01,3.192404e+01,3.192404e+01,3.192404e+01,3.192404e+01,3.192404e+01,3.192404e+01,3.192404e+01,3.192404e+01,3.192404e+01,3.192404e+01,3.192404e+01,3.192404e+01,3.192404e+01,3.192404e+01,3.192404e+01,3.192404e+01,3.192404e+01,3.192404e+01,3.192404e+01,3.243935e+01,3.243935e+01,3.243935e+01,3.243935e+01,3.243935e+01,3.243935e+01,3.243935e+01,3.243935e+01,3.243935e+01,3.243935e+01,3.243935e+01,3.243935e+01,3.243935e+01,3.243935e+01,3.302320e+01,3.299480e+01,3.300900e+01,3.306580e+01,3.302320e+01,3.302320e+01,3.302320e+01,3.302320e+01,3.302320e+01,3.302320e+01,3.302320e+01,3.302320e+01,3.302320e+01,3.302320e+01,3.302320e+01,3.302320e+01,3.302320e+01,3.302320e+01,3.302320e+01,3.302320e+01,3.302320e+01,3.302320e+01,3.302320e+01,3.302320e+01,3.302320e+01,3.302320e+01,3.302320e+01,3.302320e+01,3.302320e+01,3.302320e+01,3.302320e+01,3.302320e+01,3.302320e+01,3.302320e+01,3.302320e+01,3.302320e+01,3.302320e+01,3.302320e+01,3.302320e+01,3.302320e+01,3.302320e+01,3.302320e+01,3.302320e+01,3.302320e+01,3.302320e+01,3.302320e+01,3.302320e+01,3.302320e+01,3.302320e+01,3.302320e+01,3.302320e+01,3.302320e+01,3.302320e+01,3.302320e+01,3.302320e+01,3.302320e+01,3.302320e+01,3.302320e+01,3.302320e+01,3.302320e+01,3.302320e+01,3.302320e+01,3.302320e+01,3.302320e+01,3.302320e+01,3.302320e+01,3.302320e+01,3.351909e+01,3.351909e+01,3.351909e+01,3.351909e+01,3.351909e+01,3.351909e+01,3.351909e+01,3.351909e+01,3.351909e+01,3.351909e+01,3.351909e+01,3.351909e+01,3.351909e+01,3.351909e+01,3.351909e+01,3.351909e+01,3.351909e+01,3.351909e+01,3.351909e+01,3.351909e+01,3.351909e+01,3.409708e+01,3.399862e+01,3.399862e+01,3.399862e+01,3.399862e+01,3.399862e+01,3.399862e+01,3.399862e+01,3.399862e+01,3.399862e+01,3.399862e+01,3.399862e+01,3.399862e+01,3.399862e+01,3.399862e+01,3.457403e+01,3.390006e+01,3.458803e+01,3.446200e+01,3.446200e+01,3.446200e+01,3.446200e+01,3.446200e+01,3.446200e+01,3.446200e+01
3.575729e+01,3.577114e+01,3.577114e+01,3.577114e+01,3.577114e+01,3.577114e+01,3.577114e+01,3.577114e+01,3.577114e+01,3.633725e+01,3.621323e+01,3.608907e+01,3.608907e+01,3.608907e+01,3.608907e+01,3.608907e+01,3.608907e+01,3.608907e+01,3.608907e+01,3.608907e+01,3.608907e+01,3.608907e+01,3.608907e+01,3.608907e+01,3.608907e+01,3.608907e+01,3.608907e+01,3.608907e+01,3.608907e+01,3.608907e+01,3.608907e+01,3.608907e+01,3.608907e+01,3.608907e+01,3.608907e+01,3.608907e+01,3.608907e+01,3.608907e+01,3.608907e+01,3.608907e+01,3.608907e+01,3.608907e+01,3.608907e+01,3.608907e+01,3.608907e+01,3.608907e+01,3.552167e+01,3.564648e+01,3.564648e+01,3.564648e+01,3.564648e+01,3.564648e+01,3.564648e+01,3.564648e+01,3.564648e+01,3.564648e+01,3.564648e+01,3.564648e+01,3.564648e+01,3.564648e+01,3.564648e+01,3.564648e+01,3.564648e+01,3.564648e+01,3.564648e+01,3.564648e+01,3.507676e+01,3.520207e+01,3.520207e+01,3.520207e+01,3.520207e+01,3.520207e+01,3.520207e+01,3.520207e+01,3.520207e+01,3.520207e+01,3.520207e+01,3.520207e+01,3.520207e+01,3.520207e+01,3.520207e+01,3.520207e+01,3.520207e+01,3.520207e+01,3.520207e+01,3.520207e+01,3.520207e+01,3.463000e+01,3.475584e+01,3.475584e+01,3.475584e+01,3.475584e+01,3.475584e+01,3.475584e+01,3.475584e+01,3.475584e+01,3.475584e+01,3.475584e+01,3.475584e+01,3.446200e+01,3.446200e+01,3.446200e+01,3.446200e+01,3.446200e+01,3.446200e+01,3.390006e+01,3.447601e+01,3.390006e+01,3.397047e+01,3.387189e+01,3.374501e+01,3.361799e+01,3.361799e+01,3.361799e+01,3.361799e+01,3.361799e+01,3.361799e+01,3.361799e+01,3.361799e+01,3.361799e+01,3.361799e+01,3.361799e+01,3.305160e+01,3.305160e+01,3.305160e+01,3.305160e+01,3.305160e+01,3.305160e+01,3.305160e+01,3.305160e+01,3.305160e+01,3.305160e+01,3.305160e+01,3.305160e+01,3.305160e+01,3.305160e+01,3.305160e+01,3.305160e+01,3.305160e+01,3.305160e+01,3.305160e+01,3.305160e+01,3.305160e+01,3.305160e+01,3.259631e+01,3.259631e+01,3.259631e+01,3.259631e+01,3.259631e+01,3.259631e+01,3.259631e+01,3.211042e+01,3.211042e+01,3.211042e+01,3.211042e+01,3.211042e+01,3.211042e+01,3.211042e+01,3.211042e+01,3.211042e+01,3.211042e+01,3.211042e+01,3.211042e+01,3.211042e+01,3.211042e+01,3.211042e+01,3.162227e+01,3.162227e+01,3.162227e+01,3.162227e+01,3.162227e+01,3.162227e+01,3.162227e+01,3.162227e+01,3.162227e+01,3.162227e+01,3.162227e+01,3.162227e+01,3.162227e+01,3.162227e+01,3.162227e+01,3.221064e+01,3.221064e+01,3.221064e+01,3.221064e+01,3.221064e+01,3.221064e+01,3.221064e+01,3.221064e+01,3.221064e+01,3.221064e+01,3.221064e+01,3.221064e+01,3.221064e+01,3.221064e+01,3.221064e+01,3.221064e+01,3.221064e+01,3.221064e+01,3.221064e+01,3.221064e+01,3.221064e+01,3.221064e+01,3.221064e+01,3.221064e+01,3.221064e+01,3.221064e+01,3.221064e+01,3.221064e+01,3.221064e+01,3.221064e+01,3.221064e+01,3.221064e+01,3.221064e+01,3.221064e+01,3.221064e+01,3.221064e+01,3.221064e+01,3.221064e+01,3.221064e+01,3.221064e+01,3.221064e+01,3.221064e+01,3.221064e+01,3.221064e+01,3.221064e+01,3.221064e+01,3.221064e+01,3.221064e+01,3.221064e+01,3.221064e+01,3.221064e+01,3.221064e+01,3.221064e+01,3.221064e+01,3.221064e+01,3.221064e+01,3.221064e+01,3.221064e+01,3.221064e+01,3.221064e+01,3.221064e+01,3.221064e+01,3.265333e+01,3.265333e+01,3.265333e+01,3.265333e+01,3.265333e+01,3.265333e+01,3.265333e+01,3.265333e+01,3.265333e+01,3.265333e+01,3.265333e+01,3.265333e+01,3.265333e+01,3.265333e+01,3.265333e+01,3.265333e+01,3.265333e+01,3.265333e+01,3.265333e+01,3.265333e+01,3.265333e+01,3.265333e+01,3.265333e+01,3.265333e+01,3.265333e+01,3.216769e+01,3.216769e+01,3.216769e+01,3.216769e+01,3.216769e+01,3.216769e+01,3.216769e+01,3.216769e+01,3.216769e+01,3.216769e+01,3.216769e+01,3.216769e+01,3.216769e+01,3.216769e+01,3.216769e+01,3.216769e+01,3.216769e+01,3.216769e+01,3.216769e+01,3.216769e+01,3.216769e+01,3.216769e+01,3.216769e+01,3.216769e+01,3.216769e+01,3.216769e+01,3.216769e+01,3.216769e+01,3.216769e+01,3.216769e+01,3.216769e+01,3.216769e+01,3.216769e+01,3.216769e+01,3.216769e+01,3.216769e+01,3.216769e+01,3.216769e+01,3.216769e+01,3.216769e+01,3.216769e+01,3.216769e+01,3.216769e+01,3.216769e+01,3.216769e+01,3.216769e+01,3.216769e+01,3.216769e+01,3.216769e+01,3.216769e+01,3.216769e+01,3.216769e+01,3.216769e+01,3.216769e+01,3.216769e+01,3.216769e+01,3.216769e+01,3.216769e+01,3.216769e+01,3.216769e+01,3.216769e+01,3.216769e+01,3.216769e+01,3.216769e+01,3.216769e+01,3.216769e+01,3.216769e+01,3.216769e+01,3.216769e+01,3.216769e+01,3.216769e+01,3.216769e+01,3.216769e+01,3.216769e+01,3.216769e+01,3.216769e+01,3.216769e+01,3.216769e+01,3.216769e+01,3.216769e+01,3.216769e+01,3.216769e+01,3.216769e+01,3.216769e+01,3.216769e+01,3.216769e+01,3.216769e+01,3.216769e+01,3.216769e+01,3.216769e+01,3.216769e+01,3.216769e+01,3.216769e+01,3.216769e+01,3.216769e+01,3.216769e+01,3.216769e+01,3.216769e+01,3.216769e+01,3.216769e+01,3.216769e+01,3.182355e+01,3.182355e+01,3.182355e+01,3.182355e+01,3.182355e+01,3.182355e+01,3.182355e+01,3.182355e+01,3.182355e+01,3.182355e+01,3.182355e+01,3.133407e+01,3.133407e+01,3.133407e+01,3.133407e+01,3.133407e+01,3.133407e+01,3.133407e+01,3.133407e+01,3.133407e+01,3.133407e+01,3.133407e+01,3.133407e+01,3.133407e+01,3.133407e+01,3.133407e+01,3.133407e+01,3.133407e+01,3.133407e+01,3.133407e+01,3.133407e+01,3.133407e+01,3.133407e+01,3.133407e+01,3.133407e+01,3.133407e+01,3.133407e+01,3.133407e+01,3.133407e+01,3.133407e+01,3.133407e+01,3.133407e+01,3.133407e+01,3.133407e+01,3.133407e+01,3.133407e+01,3.133407e+01,3.133407e+01,3.133407e+01,3.133407e+01,3.133407e+01,3.133407e+01,3.133407e+01,3.133407e+01,3.133407e+01,3.133407e+01,3.133407e+01,3.133407e+01,3.133407e+01,3.133407e+01,3.133407e+01,3.133407e+01,3.133407e+01,3.133407e+01,3.133407e+01,3.133407e+01,3.133407e+01,3.074077e+01,3.084230e+01,3.087129e+01,3.079880e+01,3.079880e+01,3.079880e+01,3.079880e+01,3.079880e+01,3.079880e+01,3.079880e+01,3.079880e+01,3.079880e+01,3.079880e+01,3.079880e+01,3.139178e+01,3.126190e+01,3.113186e+01,3.113186e+01,3.113186e+01,3.113186e+01,3.113186e+01,3.113186e+01,3.113186e+01,3.113186e+01,3.113186e+01,3.143503e+01,3.143503e+01,3.143503e+01,3.143503e+01,3.143503e+01,3.143503e+01,3.143503e+01,3.202444e+01,3.198142e+01,3.198142e+01,3.198142e+01,3.198142e+01,3.198142e+01,3.198142e+01,3.198142e+01,3.198142e+01,3.198142e+01,3.198142e+01,3.198142e+01,3.198142e+01,3.198142e+01,3.198142e+01,3.198142e+01,3.198142e+01,3.198142e+01,3.198142e+01,3.198142e+01,3.198142e+01,3.198142e+01,3.198142e+01,3.198142e+01,3.198142e+01,3.198142e+01,3.198142e+01,3.198142e+01,3.198142e+01,3.198142e+01,3.198142e+01,3.198142e+01,3.198142e+01,3.198142e+01,3.198142e+01,3.198142e+01,3.198142e+01,3.198142e+01,3.198142e+01,3.198142e+01,3.198142e+01,3.198142e+01,3.198142e+01,3.198142e+01,3.198142e+01,3.243935e+01,3.243935e+01,3.243935e+01,3.243935e+01,3.243935e+01,3.243935e+01,3.243935e+01,3.243935e+01,3.243935e+01,3.243935e+01,3.243935e+01,3.243935e+01,3.243935e+01,3.302320e+01,3.298059e+01,3.298059e+01,3.298059e+01,3.298059e+01,3.298059e+01,3.298059e+01,3.298059e+01,3.298059e+01,3.298059e+01,3.298059e+01,3.298059e+01,3.298059e+01,3.298059e+01,3.298059e+01,3.298059e+01,3.298059e+01,3.298059e+01,3.298059e+01,3.298059e+01,3.298059e+01,3.298059e+01,3.298059e+01,3.298059e+01,3.298059e+01,3.298059e+01,3.298059e+01,3.298059e+01,3.298059e+01,3.298059e+01,3.298059e+01,3.298059e+01,3.298059e+01,3.298059e+01,3.298059e+01,3.298059e+01,3.298059e+01,3.298059e+01,3.298059e+01,3.298059e+01,3.298059e+01,3.298059e+01,3.298059e+01,3.298059e+01,3.298059e+01,3.298059e+01,3.298059e+01,3.298059e+01,3.298059e+01,3.298059e+01,3.298059e+01,3.298059e+01,3.298059e+01,3.298059e+01,3.298059e+01,3.298059e+01,3.298059e+01,3.298059e+01,3.298059e+01,3.298059e+01,3.298059e+01,3.298059e+01,3.298059e+01,3.298059e+01,3.356149e+01,3.346253e+01,3.333517e+01,3.333517e+01,3.346253e+01,3.346253e+01,3.346253e+01,3.346253e+01,3.346253e+01,3.346253e+01,3.346253e+01,3.346253e+01,3.346253e+01,3.346253e+01,3.346253e+01,3.346253e+01,3.346253e+01,3.346253e+01,3.346253e+01,3.346253e+01,3.346253e+01,3.346253e+01,3.346253e+01,3.346253e+01,3.346253e+01,3.409708e+01,3.409708e+01,3.409708e+01,3.409708e+01,3.409708e+01,3.409708e+01,3.409708e+01,3.409708e+01,3.409708e+01,3.409708e+01,3.409708e+01,3.409708e+01,3.409708e+01,3.409708e+01,3.409708e+01,3.409708e+01,3.409708e+01,3.409708e+01,3.446200e+01,3.446200e+01,3.446200e+01,3.446200e+01,3.446200e+01,3.446200e+01,3.446200e+01
3.579882e+01,3.579882e+01,3.636478e+01,3.626836e+01,3.617186e+01,3.604765e+01,3.604765e+01,3.604765e+01,3.604765e+01,3.604765e+01,3.604765e+01,3.604765e+01,3.604765e+01,3.604765e+01,3.604765e+01,3.604765e+01,3.604765e+01,3.604765e+01,3.604765e+01,3.604765e+01,3.604765e+01,3.604765e+01,3.604765e+01,3.604765e+01,3.604765e+01,3.604765e+01,3.604765e+01,3.604765e+01,3.604765e+01,3.604765e+01,3.604765e+01,3.604765e+01,3.604765e+01,3.604765e+01,3.604765e+01,3.604765e+01,3.604765e+01,3.604765e+01,3.604765e+01,3.604765e+01,3.604765e+01,3.604765e+01,3.604765e+01,3.604765e+01,3.604765e+01,3.604765e+01,3.604765e+01,3.564648e+01,3.564648e+01,3.564648e+01,3.564648e+01,3.564648e+01,3.564648e+01,3.564648e+01,3.564648e+01,3.564648e+01,3.564648e+01,3.564648e+01,3.564648e+01,3.564648e+01,3.564648e+01,3.564648e+01,3.564648e+01,3.564648e+01,3.564648e+01,3.564648e+01,3.507676e+01,3.564648e+01,3.552167e+01,3.539672e+01,3.539672e+01,3.539672e+01,3.539672e+01,3.539672e+01,3.539672e+01,3.539672e+01,3.539672e+01,3.539672e+01,3.539672e+01,3.539672e+01,3.539672e+01,3.539672e+01,3.539672e+01,3.482569e+01,3.495129e+01,3.495129e+01,3.495129e+01,3.495129e+01,3.495129e+01,3.495129e+01,3.495129e+01,3.495129e+01,3.495129e+01,3.495129e+01,3.495129e+01,3.495129e+01,3.495129e+01,3.495129e+01,3.495129e+01,3.495129e+01,3.446200e+01,3.446200e+01,3.446200e+01,3.446200e+01,3.446200e+01,3.446200e+01,3.446200e+01,3.446200e+01,3.446200e+01,3.446200e+01,3.374501e+01,3.374501e+01,3.374501e+01,3.374501e+01,3.374501e+01,3.374501e+01,3.374501e+01,3.374501e+01,3.374501e+01,3.374501e+01,3.374501e+01,3.374501e+01,3.363211e+01,3.353322e+01,3.343424e+01,3.330685e+01,3.330685e+01,3.330685e+01,3.330685e+01,3.330685e+01,3.330685e+01,3.330685e+01,3.330685e+01,3.330685e+01,3.330685e+01,3.330685e+01,3.330685e+01,3.330685e+01,3.330685e+01,3.330685e+01,3.330685e+01,3.330685e+01,3.272456e+01,3.330685e+01,3.285265e+01,3.285265e+01,3.285265e+01,3.285265e+01,3.285265e+01,3.285265e+01,3.226786e+01,3.275304e+01,3.265333e+01,3.255353e+01,3.242507e+01,3.229646e+01,3.229646e+01,3.229646e+01,3.229646e+01,3.229646e+01,3.229646e+01,3.229646e+01,3.170858e+01,3.183791e+01,3.183791e+01,3.183791e+01,3.183791e+01,3.183791e+01,3.183791e+01,3.183791e+01,3.183791e+01,3.183791e+01,3.183791e+01,3.183791e+01,3.183791e+01,3.183791e+01,3.183791e+01,3.183791e+01,3.183791e+01,3.183791e+01,3.183791e+01,3.183791e+01,3.183791e+01,3.183791e+01,3.183791e+01,3.183791e+01,3.183791e+01,3.183791e+01,3.183791e+01,3.183791e+01,3.183791e+01,3.183791e+01,3.221064e+01,3.221064e+01,3.221064e+01,3.221064e+01,3.221064e+01,3.221064e+01,3.221064e+01,3.221064e+01,3.221064e+01,3.221064e+01,3.221064e+01,3.221064e+01,3.221064e+01,3.221064e+01,3.221064e+01,3.221064e+01,3.221064e+01,3.221064e+01,3.221064e+01,3.221064e+01,3.221064e+01,3.221064e+01,3.221064e+01,3.221064e+01,3.221064e+01,3.221064e+01,3.221064e+01,3.221064e+01,3.221064e+01,3.221064e+01,3.221064e+01,3.221064e+01,3.221064e+01,3.221064e+01,3.221064e+01,3.221064e+01,3.221064e+01,3.221064e+01,3.221064e+01,3.221064e+01,3.221064e+01,3.221064e+01,3.221064e+01,3.221064e+01,3.221064e+01,3.221064e+01,3.221064e+01,3.221064e+01,3.279574e+01,3.269607e+01,3.268183e+01,3.266758e+01,3.266758e+01,3.266758e+01,3.266758e+01,3.266758e+01,3.266758e+01,3.266758e+01,3.266758e+01,3.266758e+01,3.266758e+01,3.266758e+01,3.266758e+01,3.266758e+01,3.266758e+01,3.266758e+01,3.266758e+01,3.266758e+01,3.266758e+01,3.266758e+01,3.266758e+01,3.266758e+01,3.266758e+01,3.266758e+01,3.266758e+01,3.266758e+01,3.216769e+01,3.216769e+01,3.216769e+01,3.216769e+01,3.216769e+01,3.216769e+01,3.216769e+01,3.216769e+01,3.216769e+01,3.216769e+01,3.216769e+01,3.216769e+01,3.216769e+01,3.216769e+01,3.216769e+01,3.216769e+01,3.216769e+01,3.216769e+01,3.216769e+01,3.216769e+01,3.216769e+01,3.216769e+01,3.216769e+01,3.216769e+01,3.216769e+01,3.216769e+01,3.216769e+01,3.216769e+01,3.216769e+01,3.216769e+01,3.216769e+01,3.216769e+01,3.216769e+01,3.216769e+01,3.216769e+01,3.216769e+01,3.216769e+01,3.216769e+01,3.216769e+01,3.216769e+01,3.216769e+01,3.216769e+01,3.216769e+01,3.216769e+01,3.216769e+01,3.216769e+01,3.216769e+01,3.216769e+01,3.216769e+01,3.216769e+01,3.216769e+01,3.216769e+01,3.216769e+01,3.216769e+01,3.216769e+01,3.216769e+01,3.216769e+01,3.216769e+01,3.216769e+01,3.216769e+01,3.216769e+01,3.216769e+01,3.216769e+01,3.216769e+01,3.216769e+01,3.216769e+01,3.216769e+01,3.216769e+01,3.216769e+01,3.216769e+01,3.216769e+01,3.216769e+01,3.216769e+01,3.216769e+01,3.216769e+01,3.216769e+01,3.216769e+01,3.216769e+01,3.216769e+01,3.216769e+01,3.216769e+01,3.216769e+01,3.216769e+01,3.216769e+01,3.216769e+01,3.216769e+01,3.216769e+01,3.216769e+01,3.216769e+01,3.216769e+01,3.216769e+01,3.216769e+01,3.216769e+01,3.216769e+01,3.216769e+01,3.216769e+01,3.216769e+01,3.216769e+01,3.216769e+01,3.216769e+01,3.216769e+01,3.182355e+01,3.182355e+01,3.182355e+01,3.182355e+01,3.182355e+01,3.182355e+01,3.182355e+01,3.182355e+01,3.182355e+01,3.182355e+01,3.182355e+01,3.182355e+01,3.182355e+01,3.182355e+01,3.133407e+01,3.133407e+01,3.133407e+01,3.133407e+01,3.133407e+01,3.133407e+01,3.133407e+01,3.133407e+01,3.133407e+01,3.133407e+01,3.133407e+01,3.133407e+01,3.133407e+01,3.133407e+01,3.133407e+01,3.133407e+01,3.133407e+01,3.133407e+01,3.133407e+01,3.133407e+01,3.133407e+01,3.133407e+01,3.133407e+01,3.133407e+01,3.133407e+01,3.133407e+01,3.133407e+01,3.133407e+01,3.133407e+01,3.133407e+01,3.133407e+01,3.133407e+01,3.133407e+01,3.133407e+01,3.133407e+01,3.133407e+01,3.133407e+01,3.133407e+01,3.133407e+01,3.133407e+01,3.133407e+01,3.133407e+01,3.133407e+01,3.133407e+01,3.133407e+01,3.133407e+01,3.133407e+01,3.133407e+01,3.133407e+01,3.133407e+01,3.133407e+01,3.133407e+01,3.074077e+01,3.078430e+01,3.078430e+01,3.078430e+01,3.078430e+01,3.078430e+01,3.078430e+01,3.078430e+01,3.078430e+01,3.078430e+01,3.078430e+01,3.078430e+01,3.078430e+01,3.078430e+01,3.078430e+01,3.139178e+01,3.139178e+01,3.139178e+01,3.139178e+01,3.139178e+01,3.139178e+01,3.139178e+01,3.139178e+01,3.139178e+01,3.139178e+01,3.139178e+01,3.139178e+01,3.139178e+01,3.139178e+01,3.139178e+01,3.139178e+01,3.198142e+01,3.195273e+01,3.198142e+01,3.198142e+01,3.198142e+01,3.198142e+01,3.198142e+01,3.198142e+01,3.139178e+01,3.149268e+01,3.218201e+01,3.218201e+01,3.218201e+01,3.218201e+01,3.218201e+01,3.218201e+01,3.218201e+01,3.218201e+01,3.218201e+01,3.218201e+01,3.218201e+01,3.218201e+01,3.218201e+01,3.218201e+01,3.218201e+01,3.218201e+01,3.218201e+01,3.218201e+01,3.218201e+01,3.218201e+01,3.218201e+01,3.218201e+01,3.218201e+01,3.218201e+01,3.218201e+01,3.218201e+01,3.218201e+01,3.218201e+01,3.218201e+01,3.218201e+01,3.218201e+01,3.218201e+01,3.218201e+01,3.218201e+01,3.218201e+01,3.218201e+01,3.218201e+01,3.218201e+01,3.218201e+01,3.218201e+01,3.218201e+01,3.218201e+01,3.218201e+01,3.218201e+01,3.276727e+01,3.263908e+01,3.263908e+01,3.263908e+01,3.263908e+01,3.263908e+01,3.263908e+01,3.263908e+01,3.263908e+01,3.263908e+01,3.263908e+01,3.263908e+01,3.263908e+01,3.298059e+01,3.298059e+01,3.298059e+01,3.298059e+01,3.298059e+01,3.298059e+01,3.298059e+01,3.298059e+01,3.298059e+01,3.298059e+01,3.298059e+01,3.298059e+01,3.298059e+01,3.298059e+01,3.298059e+01,3.298059e+01,3.298059e+01,3.298059e+01,3.298059e+01,3.298059e+01,3.298059e+01,3.298059e+01,3.298059e+01,3.298059e+01,3.298059e+01,3.298059e+01,3.298059e+01,3.298059e+01,3.298059e+01,3.298059e+01,3.298059e+01,3.298059e+01,3.298059e+01,3.298059e+01,3.298059e+01,3.298059e+01,3.298059e+01,3.298059e+01,3.298059e+01,3.298059e+01,3.298059e+01,3.298059e+01,3.298059e+01,3.298059e+01,3.298059e+01,3.298059e+01,3.298059e+01,3.298059e+01,3.298059e+01,3.298059e+01,3.298059e+01,3.298059e+01,3.298059e+01,3.298059e+01,3.298059e+01,3.298059e+01,3.298059e+01,3.356149e+01,3.356149e+01,3.356149e+01,3.356149e+01,3.356149e+01,3.356149e+01,3.356149e+01,3.356149e+01,3.356149e+01,3.356149e+01,3.356149e+01,3.356149e+01,3.356149e+01,3.356149e+01,3.356149e+01,3.356149e+01,3.356149e+01,3.356149e+01,3.356149e+01,3.356149e+01,3.356149e+01,3.356149e+01,3.356149e+01,3.356149e+01,3.356149e+01,3.409708e+01,3.409708e+01,3.409708e+01,3.409708e+01,3.409708e+01,3.409708e+01,3.409708e+01,3.409708e+01,3.409708e+01,3.409708e+01,3.409708e+01,3.409708e+01,3.409708e+01,3.409708e+01,3.409708e+01,3.409708e+01,3.409708e+01,3.467197e+01,3.465798e+01,3.465798e+01,3.465798e+01,3.465798e+01,3.465798e+01,3.465798e+01,3.465798e+01
3.579882e+01,3.579882e+01,3.579882e+01,3.579882e+01,3.579882e+01,3.579882e+01,3.579882e+01,3.579882e+01,3.579882e+01,3.579882e+01,3.579882e+01,3.579882e+01,3.579882e+01,3.636478e+01,3.624080e+01,3.624080e+01,3.624080e+01,3.624080e+01,3.624080e+01,3.624080e+01,3.624080e+01,3.624080e+01,3.624080e+01,3.624080e+01,3.624080e+01,3.624080e+01,3.624080e+01,3.624080e+01,3.624080e+01,3.624080e+01,3.624080e+01,3.624080e+01,3.624080e+01,3.624080e+01,3.624080e+01,3.624080e+01,3.624080e+01,3.624080e+01,3.624080e+01,3.624080e+01,3.624080e+01,3.624080e+01,3.624080e+01,3.567419e+01,3.579882e+01,3.579882e+01,3.579882e+01,3.579882e+01,3.579882e+01,3.579882e+01,3.579882e+01,3.579882e+01,3.579882e+01,3.579882e+01,3.579882e+01,3.579882e+01,3.579882e+01,3.579882e+01,3.579882e+01,3.579882e+01,3.579882e+01,3.579882e+01,3.522990e+01,3.535504e+01,3.548004e+01,3.545227e+01,3.514639e+01,3.556329e+01,3.556329e+01,3.556329e+01,3.556329e+01,3.556329e+01,3.556329e+01,3.556329e+01,3.556329e+01,3.556329e+01,3.556329e+01,3.556329e+01,3.556329e+01,3.556329e+01,3.556329e+01,3.556329e+01,3.556329e+01,3.556329e+01,3.495129e+01,3.495129e+01,3.495129e+01,3.495129e+01,3.495129e+01,3.495129e+01,3.495129e+01,3.495129e+01,3.495129e+01,3.495129e+01,3.495129e+01,3.495129e+01,3.495129e+01,3.495129e+01,3.495129e+01,3.495129e+01,3.495129e+01,3.495129e+01,3.446200e+01,3.446200e+01,3.446200e+01,3.446200e+01,3.446200e+01,3.446200e+01,3.446200e+01,3.446200e+01,3.446200e+01,3.446200e+01,3.446200e+01,3.446200e+01,3.446200e+01,3.432179e+01,3.420949e+01,3.409708e+01,3.397047e+01,3.397047e+01,3.397047e+01,3.397047e+01,3.397047e+01,3.397047e+01,3.397047e+01,3.397047e+01,3.397047e+01,3.397047e+01,3.397047e+01,3.397047e+01,3.397047e+01,3.397047e+01,3.397047e+01,3.397047e+01,3.397047e+01,3.397047e+01,3.330685e+01,3.330685e+01,3.330685e+01,3.330685e+01,3.330685e+01,3.330685e+01,3.330685e+01,3.330685e+01,3.330685e+01,3.330685e+01,3.330685e+01,3.285265e+01,3.285265e+01,3.285265e+01,3.285265e+01,3.285265e+01,3.285265e+01,3.285265e+01,3.285265e+01,3.229646e+01,3.229646e+01,3.229646e+01,3.229646e+01,3.229646e+01,3.229646e+01,3.229646e+01,3.229646e+01,3.183791e+01,3.183791e+01,3.183791e+01,3.183791e+01,3.183791e+01,3.183791e+01,3.183791e+01,3.183791e+01,3.183791e+01,3.183791e+01,3.183791e+01,3.183791e+01,3.183791e+01,3.183791e+01,3.183791e+01,3.183791e+01,3.183791e+01,3.183791e+01,3.183791e+01,3.183791e+01,3.183791e+01,3.242507e+01,3.231076e+01,3.219632e+01,3.206744e+01,3.206744e+01,3.206744e+01,3.206744e+01,3.206744e+01,3.206744e+01,3.206744e+01,3.206744e+01,3.206744e+01,3.206744e+01,3.206744e+01,3.206744e+01,3.206744e+01,3.206744e+01,3.206744e+01,3.206744e+01,3.206744e+01,3.206744e+01,3.206744e+01,3.206744e+01,3.206744e+01,3.206744e+01,3.206744e+01,3.206744e+01,3.206744e+01,3.206744e+01,3.206744e+01,3.206744e+01,3.206744e+01,3.206744e+01,3.206744e+01,3.206744e+01,3.206744e+01,3.206744e+01,3.206744e+01,3.206744e+01,3.206744e+01,3.206744e+01,3.206744e+01,3.206744e+01,3.206744e+01,3.206744e+01,3.206744e+01,3.206744e+01,3.206744e+01,3.206744e+01,3.206744e+01,3.206744e+01,3.206744e+01,3.206744e+01,3.265333e+01,3.252500e+01,3.252500e+01,3.272456e+01,3.272456e+01,3.272456e+01,3.272456e+01,3.272456e+01,3.272456e+01,3.272456e+01,3.272456e+01,3.272456e+01,3.272456e+01,3.272456e+01,3.272456e+01,3.272456e+01,3.272456e+01,3.272456e+01,3.272456e+01,3.272456e+01,3.272456e+01,3.272456e+01,3.272456e+01,3.272456e+01,3.272456e+01,3.272456e+01,3.272456e+01,3.272456e+01,3.272456e+01,3.213906e+01,3.216769e+01,3.221064e+01,3.221064e+01,3.221064e+01,3.221064e+01,3.221064e+01,3.221064e+01,3.221064e+01,3.221064e+01,3.221064e+01,3.221064e+01,3.221064e+01,3.221064e+01,3.221064e+01,3.221064e+01,3.221064e+01,3.221064e+01,3.221064e+01,3.221064e+01,3.221064e+01,3.221064e+01,3.221064e+01,3.221064e+01,3.221064e+01,3.221064e+01,3.221064e+01,3.221064e+01,3.221064e+01,3.221064e+01,3.221064e+01,3.221064e+01,3.221064e+01,3.221064e+01,3.221064e+01,3.221064e+01,3.221064e+01,3.221064e+01,3.221064e+01,3.221064e+01,3.221064e+01,3.221064e+01,3.221064e+01,3.221064e+01,3.221064e+01,3.221064e+01,3.221064e+01,3.221064e+01,3.221064e+01,3.221064e+01,3.221064e+01,3.221064e+01,3.221064e+01,3.221064e+01,3.221064e+01,3.221064e+01,3.221064e+01,3.221064e+01,3.221064e+01,3.221064e+01,3.221064e+01,3.221064e+01,3.221064e+01,3.221064e+01,3.221064e+01,3.221064e+01,3.221064e+01,3.221064e+01,3.221064e+01,3.221064e+01,3.221064e+01,3.221064e+01,3.221064e+01,3.221064e+01,3.221064e+01,3.221064e+01,3.221064e+01,3.221064e+01,3.221064e+01,3.221064e+01,3.221064e+01,3.221064e+01,3.221064e+01,3.221064e+01,3.221064e+01,3.221064e+01,3.221064e+01,3.221064e+01,3.221064e+01,3.221064e+01,3.221064e+01,3.221064e+01,3.221064e+01,3.221064e+01,3.221064e+01,3.221064e+01,3.221064e+01,3.221064e+01,3.221064e+01,3.221064e+01,3.221064e+01,3.221064e+01,3.221064e+01,3.221064e+01,3.221064e+01,3.221064e+01,3.182355e+01,3.182355e+01,3.182355e+01,3.182355e+01,3.182355e+01,3.182355e+01,3.182355e+01,3.182355e+01,3.182355e+01,3.182355e+01,3.182355e+01,3.133407e+01,3.133407e+01,3.133407e+01,3.133407e+01,3.133407e+01,3.133407e+01,3.133407e+01,3.133407e+01,3.133407e+01,3.133407e+01,3.133407e+01,3.133407e+01,3.133407e+01,3.133407e+01,3.133407e+01,3.133407e+01,3.133407e+01,3.133407e+01,3.133407e+01,3.133407e+01,3.133407e+01,3.133407e+01,3.133407e+01,3.133407e+01,3.133407e+01,3.133407e+01,3.133407e+01,3.133407e+01,3.133407e+01,3.133407e+01,3.133407e+01,3.133407e+01,3.133407e+01,3.133407e+01,3.133407e+01,3.133407e+01,3.133407e+01,3.133407e+01,3.133407e+01,3.133407e+01,3.133407e+01,3.133407e+01,3.133407e+01,3.133407e+01,3.133407e+01,3.133407e+01,3.133407e+01,3.133407e+01,3.133407e+01,3.133407e+01,3.133407e+01,3.133407e+01,3.074077e+01,3.133407e+01,3.121857e+01,3.108848e+01,3.095822e+01,3.095822e+01,3.095822e+01,3.095822e+01,3.095822e+01,3.095822e+01,3.095822e+01,3.095822e+01,3.095822e+01,3.095822e+01,3.095822e+01,3.095822e+01,3.095822e+01,3.095822e+01,3.095822e+01,3.095822e+01,3.095822e+01,3.095822e+01,3.139178e+01,3.139178e+01,3.139178e+01,3.139178e+01,3.139178e+01,3.139178e+01,3.139178e+01,3.139178e+01,3.139178e+01,3.139178e+01,3.195273e+01,3.195273e+01,3.195273e+01,3.195273e+01,3.195273e+01,3.195273e+01,3.195273e+01,3.195273e+01,3.195273e+01,3.195273e+01,3.195273e+01,3.195273e+01,3.195273e+01,3.195273e+01,3.195273e+01,3.195273e+01,3.195273e+01,3.195273e+01,3.195273e+01,3.195273e+01,3.195273e+01,3.195273e+01,3.195273e+01,3.195273e+01,3.195273e+01,3.195273e+01,3.195273e+01,3.195273e+01,3.195273e+01,3.195273e+01,3.195273e+01,3.195273e+01,3.195273e+01,3.195273e+01,3.195273e+01,3.195273e+01,3.195273e+01,3.195273e+01,3.195273e+01,3.195273e+01,3.195273e+01,3.195273e+01,3.195273e+01,3.195273e+01,3.195273e+01,3.253926e+01,3.241079e+01,3.241079e+01,3.241079e+01,3.241079e+01,3.241079e+01,3.241079e+01,3.241079e+01,3.241079e+01,3.241079e+01,3.241079e+01,3.241079e+01,3.241079e+01,3.241079e+01,3.299480e+01,3.286687e+01,3.286687e+01,3.286687e+01,3.286687e+01,3.286687e+01,3.286687e+01,3.286687e+01,3.286687e+01,3.286687e+01,3.286687e+01,3.286687e+01,3.286687e+01,3.286687e+01,3.286687e+01,3.286687e+01,3.286687e+01,3.286687e+01,3.286687e+01,3.286687e+01,3.286687e+01,3.286687e+01,3.286687e+01,3.286687e+01,3.286687e+01,3.286687e+01,3.286687e+01,3.286687e+01,3.286687e+01,3.286687e+01,3.286687e+01,3.286687e+01,3.286687e+01,3.286687e+01,3.286687e+01,3.286687e+01,3.286687e+01,3.286687e+01,3.286687e+01,3.286687e+01,3.286687e+01,3.286687e+01,3.286687e+01,3.286687e+01,3.286687e+01,3.286687e+01,3.286687e+01,3.286687e+01,3.286687e+01,3.286687e+01,3.286687e+01,3.286687e+01,3.286687e+01,3.286687e+01,3.286687e+01,3.286687e+01,3.286687e+01,3.286687e+01,3.344839e+01,3.333517e+01,3.320766e+01,3.320766e+01,3.320766e+01,3.320766e+01,3.320766e+01,3.320766e+01,3.320766e+01,3.320766e+01,3.320766e+01,3.320766e+01,3.320766e+01,3.356149e+01,3.356149e+01,3.356149e+01,3.356149e+01,3.356149e+01,3.356149e+01,3.356149e+01,3.356149e+01,3.356149e+01,3.356149e+01,3.356149e+01,3.356149e+01,3.356149e+01,3.356149e+01,3.356149e+01,3.356149e+01,3.413924e+01,3.411113e+01,3.406895e+01,3.406895e+01,3.406895e+01,3.406895e+01,3.406895e+01,3.406895e+01,3.406895e+01,3.406895e+01,3.406895e+01,3.406895e+01,3.406895e+01,3.406895e+01,3.406895e+01,3.406895e+01,3.406895e+01,3.406895e+01,3.464399e+01,3.463000e+01,3.463000e+01,3.463000e+01,3.463000e+01,3.463000e+01,3.463000e+01,3.463000e+01,3.463000e+01
3.579882e+01,3.579882e+01,3.579882e+01,3.579882e+01,3.579882e+01,3.579882e+01,3.579882e+01,3.579882e+01,3.579882e+01,3.579882e+01,3.579882e+01,3.579882e+01,3.579882e+01,3.579882e+01,3.579882e+01,3.579882e+01,3.579882e+01,3.579882e+01,3.624080e+01,3.624080e+01,3.624080e+01,3.624080e+01,3.624080e+01,3.624080e+01,3.624080e+01,3.624080e+01,3.624080e+01,3.624080e+01,3.624080e+01,3.624080e+01,3.624080e+01,3.624080e+01,3.624080e+01,3.624080e+01,3.624080e+01,3.624080e+01,3.624080e+01,3.624080e+01,3.624080e+01,3.624080e+01,3.624080e+01,3.624080e+01,3.624080e+01,3.567419e+01,3.624080e+01,3.611667e+01,3.599241e+01,3.542450e+01,3.611667e+01,3.597859e+01,3.597859e+01,3.597859e+01,3.597859e+01,3.597859e+01,3.541061e+01,3.554942e+01,3.554942e+01,3.554942e+01,3.554942e+01,3.554942e+01,3.554942e+01,3.554942e+01,3.554942e+01,3.554942e+01,3.554942e+01,3.554942e+01,3.554942e+01,3.554942e+01,3.554942e+01,3.554942e+01,3.554942e+01,3.554942e+01,3.554942e+01,3.554942e+01,3.554942e+01,3.554942e+01,3.554942e+01,3.554942e+01,3.554942e+01,3.554942e+01,3.554942e+01,3.554942e+01,3.554942e+01,3.554942e+01,3.554942e+01,3.554942e+01,3.554942e+01,3.554942e+01,3.552167e+01,3.541061e+01,3.529944e+01,3.516032e+01,3.516032e+01,3.516032e+01,3.516032e+01,3.516032e+01,3.516032e+01,3.516032e+01,3.516032e+01,3.516032e+01,3.516032e+01,3.516032e+01,3.503495e+01,3.492339e+01,3.481172e+01,3.467197e+01,3.467197e+01,3.467197e+01,3.467197e+01,3.467197e+01,3.409708e+01,3.481172e+01,3.408302e+01,3.425162e+01,3.425162e+01,3.425162e+01,3.425162e+01,3.425162e+01,3.425162e+01,3.425162e+01,3.425162e+01,3.425162e+01,3.367447e+01,3.384371e+01,3.384371e+01,3.384371e+01,3.384371e+01,3.384371e+01,3.384371e+01,3.384371e+01,3.384371e+01,3.384371e+01,3.384371e+01,3.384371e+01,3.384371e+01,3.384371e+01,3.384371e+01,3.384371e+01,3.384371e+01,3.384371e+01,3.384371e+01,3.330685e+01,3.330685e+01,3.330685e+01,3.330685e+01,3.330685e+01,3.330685e+01,3.330685e+01,3.330685e+01,3.285265e+01,3.285265e+01,3.285265e+01,3.285265e+01,3.285265e+01,3.285265e+01,3.285265e+01,3.229646e+01,3.229646e+01,3.229646e+01,3.229646e+01,3.229646e+01,3.229646e+01,3.229646e+01,3.229646e+01,3.229646e+01,3.229646e+01,3.229646e+01,3.229646e+01,3.183791e+01,3.183791e+01,3.183791e+01,3.183791e+01,3.183791e+01,3.183791e+01,3.183791e+01,3.183791e+01,3.183791e+01,3.183791e+01,3.183791e+01,3.183791e+01,3.183791e+01,3.242507e+01,3.231076e+01,3.228216e+01,3.235364e+01,3.235364e+01,3.235364e+01,3.235364e+01,3.235364e+01,3.235364e+01,3.235364e+01,3.235364e+01,3.235364e+01,3.235364e+01,3.235364e+01,3.235364e+01,3.235364e+01,3.235364e+01,3.235364e+01,3.235364e+01,3.235364e+01,3.235364e+01,3.235364e+01,3.235364e+01,3.235364e+01,3.235364e+01,3.235364e+01,3.235364e+01,3.235364e+01,3.235364e+01,3.176608e+01,3.193839e+01,3.193839e+01,3.193839e+01,3.193839e+01,3.193839e+01,3.193839e+01,3.193839e+01,3.193839e+01,3.193839e+01,3.193839e+01,3.193839e+01,3.193839e+01,3.193839e+01,3.193839e+01,3.193839e+01,3.193839e+01,3.193839e+01,3.193839e+01,3.193839e+01,3.193839e+01,3.193839e+01,3.193839e+01,3.252500e+01,3.235364e+01,3.235364e+01,3.235364e+01,3.235364e+01,3.235364e+01,3.235364e+01,3.235364e+01,3.235364e+01,3.235364e+01,3.235364e+01,3.235364e+01,3.235364e+01,3.235364e+01,3.235364e+01,3.235364e+01,3.235364e+01,3.235364e+01,3.235364e+01,3.272456e+01,3.272456e+01,3.272456e+01,3.272456e+01,3.272456e+01,3.272456e+01,3.272456e+01,3.272456e+01,3.272456e+01,3.272456e+01,3.272456e+01,3.272456e+01,3.272456e+01,3.272456e+01,3.213906e+01,3.213906e+01,3.213906e+01,3.213906e+01,3.213906e+01,3.213906e+01,3.213906e+01,3.213906e+01,3.213906e+01,3.213906e+01,3.213906e+01,3.213906e+01,3.213906e+01,3.213906e+01,3.213906e+01,3.213906e+01,3.213906e+01,3.213906e+01,3.213906e+01,3.213906e+01,3.213906e+01,3.213906e+01,3.213906e+01,3.213906e+01,3.213906e+01,3.213906e+01,3.213906e+01,3.213906e+01,3.213906e+01,3.213906e+01,3.213906e+01,3.213906e+01,3.213906e+01,3.213906e+01,3.213906e+01,3.213906e+01,3.213906e+01,3.213906e+01,3.213906e+01,3.213906e+01,3.213906e+01,3.213906e+01,3.213906e+01,3.213906e+01,3.213906e+01,3.213906e+01,3.213906e+01,3.213906e+01,3.213906e+01,3.213906e+01,3.213906e+01,3.213906e+01,3.213906e+01,3.213906e+01,3.213906e+01,3.213906e+01,3.213906e+01,3.213906e+01,3.213906e+01,3.213906e+01,3.213906e+01,3.213906e+01,3.213906e+01,3.213906e+01,3.213906e+01,3.213906e+01,3.213906e+01,3.213906e+01,3.213906e+01,3.213906e+01,3.213906e+01,3.213906e+01,3.213906e+01,3.213906e+01,3.213906e+01,3.213906e+01,3.213906e+01,3.213906e+01,3.213906e+01,3.213906e+01,3.213906e+01,3.213906e+01,3.213906e+01,3.213906e+01,3.213906e+01,3.213906e+01,3.213906e+01,3.213906e+01,3.213906e+01,3.213906e+01,3.213906e+01,3.213906e+01,3.213906e+01,3.213906e+01,3.213906e+01,3.213906e+01,3.213906e+01,3.213906e+01,3.213906e+01,3.213906e+01,3.213906e+01,3.213906e+01,3.213906e+01,3.213906e+01,3.213906e+01,3.213906e+01,3.213906e+01,3.213906e+01,3.182355e+01,3.182355e+01,3.182355e+01,3.182355e+01,3.182355e+01,3.182355e+01,3.182355e+01,3.182355e+01,3.182355e+01,3.133407e+01,3.133407e+01,3.133407e+01,3.133407e+01,3.133407e+01,3.133407e+01,3.133407e+01,3.133407e+01,3.133407e+01,3.133407e+01,3.133407e+01,3.133407e+01,3.133407e+01,3.133407e+01,3.133407e+01,3.133407e+01,3.133407e+01,3.133407e+01,3.133407e+01,3.133407e+01,3.133407e+01,3.133407e+01,3.133407e+01,3.133407e+01,3.133407e+01,3.133407e+01,3.133407e+01,3.133407e+01,3.133407e+01,3.133407e+01,3.133407e+01,3.133407e+01,3.133407e+01,3.133407e+01,3.133407e+01,3.133407e+01,3.133407e+01,3.133407e+01,3.133407e+01,3.133407e+01,3.133407e+01,3.133407e+01,3.133407e+01,3.133407e+01,3.133407e+01,3.133407e+01,3.133407e+01,3.133407e+01,3.133407e+01,3.133407e+01,3.133407e+01,3.133407e+01,3.133407e+01,3.133407e+01,3.074077e+01,3.085680e+01,3.085680e+01,3.085680e+01,3.085680e+01,3.085680e+01,3.085680e+01,3.085680e+01,3.085680e+01,3.085680e+01,3.085680e+01,3.085680e+01,3.085680e+01,3.085680e+01,3.085680e+01,3.144945e+01,3.133407e+01,3.116077e+01,3.116077e+01,3.116077e+01,3.116077e+01,3.116077e+01,3.116077e+01,3.116077e+01,3.175171e+01,3.157909e+01,3.157909e+01,3.157909e+01,3.157909e+01,3.157909e+01,3.157909e+01,3.157909e+01,3.157909e+01,3.157909e+01,3.157909e+01,3.157909e+01,3.195273e+01,3.195273e+01,3.195273e+01,3.195273e+01,3.195273e+01,3.195273e+01,3.195273e+01,3.195273e+01,3.195273e+01,3.195273e+01,3.195273e+01,3.195273e+01,3.195273e+01,3.195273e+01,3.195273e+01,3.195273e+01,3.195273e+01,3.195273e+01,3.195273e+01,3.195273e+01,3.195273e+01,3.195273e+01,3.195273e+01,3.195273e+01,3.195273e+01,3.195273e+01,3.195273e+01,3.195273e+01,3.195273e+01,3.195273e+01,3.195273e+01,3.195273e+01,3.195273e+01,3.195273e+01,3.195273e+01,3.195273e+01,3.253926e+01,3.242507e+01,3.239651e+01,3.246791e+01,3.246791e+01,3.246791e+01,3.246791e+01,3.246791e+01,3.246791e+01,3.246791e+01,3.246791e+01,3.246791e+01,3.246791e+01,3.246791e+01,3.246791e+01,3.246791e+01,3.246791e+01,3.246791e+01,3.286687e+01,3.286687e+01,3.286687e+01,3.286687e+01,3.286687e+01,3.286687e+01,3.286687e+01,3.286687e+01,3.286687e+01,3.286687e+01,3.286687e+01,3.286687e+01,3.286687e+01,3.286687e+01,3.286687e+01,3.286687e+01,3.286687e+01,3.286687e+01,3.286687e+01,3.286687e+01,3.286687e+01,3.286687e+01,3.286687e+01,3.286687e+01,3.286687e+01,3.286687e+01,3.286687e+01,3.286687e+01,3.286687e+01,3.286687e+01,3.286687e+01,3.286687e+01,3.286687e+01,3.286687e+01,3.286687e+01,3.286687e+01,3.286687e+01,3.286687e+01,3.286687e+01,3.286687e+01,3.286687e+01,3.286687e+01,3.286687e+01,3.286687e+01,3.286687e+01,3.344839e+01,3.333517e+01,3.322184e+01,3.305160e+01,3.305160e+01,3.305160e+01,3.305160e+01,3.305160e+01,3.305160e+01,3.305160e+01,3.305160e+01,3.305160e+01,3.305160e+01,3.305160e+01,3.305160e+01,3.305160e+01,3.305160e+01,3.305160e+01,3.363211e+01,3.346253e+01,3.346253e+01,3.346253e+01,3.346253e+01,3.346253e+01,3.346253e+01,3.346253e+01,3.346253e+01,3.346253e+01,3.346253e+01,3.346253e+01,3.346253e+01,3.346253e+01,3.346253e+01,3.346253e+01,3.346253e+01,3.346253e+01,3.346253e+01,3.346253e+01,3.346253e+01,3.404082e+01,3.401268e+01,3.406895e+01,3.406895e+01,3.406895e+01,3.406895e+01,3.406895e+01,3.406895e+01,3.406895e+01,3.406895e+01,3.406895e+01,3.406895e+01,3.406895e+01,3.406895e+01,3.406895e+01,3.406895e+01,3.406895e+01,3.406895e+01,3.406895e+01,3.464399e+01,3.460202e+01,3.460202e+01,3.460202e+01,3.460202e+01,3.460202e+01,3.460202e+01,3.460202e+01,3.460202e+01,3.460202e+01
3.579882e+01,3.579882e+01,3.579882e+01,3.579882e+01,3.579882e+01,3.579882e+01,3.579882e+01,3.579882e+01,3.579882e+01,3.579882e+01,3.579882e+01,3.579882e+01,3.579882e+01,3.579882e+01,3.579882e+01,3.579882e+01,3.579882e+01,3.579882e+01,3.624080e+01,3.624080e+01,3.624080e+01,3.624080e+01,3.624080e+01,3.624080e+01,3.624080e+01,3.624080e+01,3.624080e+01,3.624080e+01,3.624080e+01,3.624080e+01,3.624080e+01,3.624080e+01,3.624080e+01,3.624080e+01,3.624080e+01,3.624080e+01,3.624080e+01,3.624080e+01,3.624080e+01,3.624080e+01,3.624080e+01,3.624080e+01,3.624080e+01,3.624080e+01,3.624080e+01,3.567419e+01,3.567419e+01,3.602003e+01,3.607527e+01,3.607527e+01,3.607527e+01,3.607527e+01,3.550779e+01,3.553555e+01,3.548004e+01,3.548004e+01,3.548004e+01,3.548004e+01,3.548004e+01,3.548004e+01,3.548004e+01,3.548004e+01,3.548004e+01,3.548004e+01,3.548004e+01,3.548004e+01,3.548004e+01,3.548004e+01,3.548004e+01,3.548004e+01,3.548004e+01,3.548004e+01,3.548004e+01,3.548004e+01,3.548004e+01,3.548004e+01,3.548004e+01,3.548004e+01,3.548004e+01,3.548004e+01,3.548004e+01,3.548004e+01,3.548004e+01,3.548004e+01,3.548004e+01,3.548004e+01,3.548004e+01,3.548004e+01,3.548004e+01,3.548004e+01,3.548004e+01,3.548004e+01,3.548004e+01,3.548004e+01,3.548004e+01,3.548004e+01,3.548004e+01,3.548004e+01,3.548004e+01,3.548004e+01,3.516032e+01,3.516032e+01,3.516032e+01,3.516032e+01,3.516032e+01,3.467197e+01,3.467197e+01,3.467197e+01,3.467197e+01,3.467197e+01,3.467197e+01,3.467197e+01,3.467197e+01,3.467197e+01,3.467197e+01,3.467197e+01,3.467197e+01,3.467197e+01,3.467197e+01,3.467197e+01,3.467197e+01,3.425162e+01,3.433582e+01,3.422353e+01,3.405489e+01,3.463000e+01,3.451803e+01,3.440593e+01,3.429372e+01,3.412519e+01,3.412519e+01,3.412519e+01,3.412519e+01,3.412519e+01,3.412519e+01,3.412519e+01,3.412519e+01,3.412519e+01,3.412519e+01,3.354736e+01,3.354736e+01,3.395639e+01,3.384371e+01,3.373091e+01,3.356149e+01,3.356149e+01,3.356149e+01,3.298059e+01,3.299480e+01,3.285265e+01,3.285265e+01,3.285265e+01,3.285265e+01,3.285265e+01,3.285265e+01,3.285265e+01,3.285265e+01,3.285265e+01,3.229646e+01,3.229646e+01,3.229646e+01,3.229646e+01,3.229646e+01,3.229646e+01,3.229646e+01,3.229646e+01,3.229646e+01,3.229646e+01,3.229646e+01,3.183791e+01,3.183791e+01,3.183791e+01,3.183791e+01,3.183791e+01,3.183791e+01,3.183791e+01,3.242507e+01,3.231076e+01,3.219632e+01,3.202444e+01,3.205310e+01,3.232506e+01,3.232506e+01,3.232506e+01,3.232506e+01,3.232506e+01,3.232506e+01,3.232506e+01,3.232506e+01,3.232506e+01,3.232506e+01,3.232506e+01,3.232506e+01,3.232506e+01,3.232506e+01,3.232506e+01,3.232506e+01,3.232506e+01,3.232506e+01,3.232506e+01,3.232506e+01,3.232506e+01,3.232506e+01,3.232506e+01,3.232506e+01,3.232506e+01,3.232506e+01,3.232506e+01,3.232506e+01,3.232506e+01,3.176608e+01,3.176608e+01,3.235364e+01,3.218201e+01,3.218201e+01,3.218201e+01,3.218201e+01,3.218201e+01,3.218201e+01,3.218201e+01,3.218201e+01,3.218201e+01,3.218201e+01,3.218201e+01,3.218201e+01,3.218201e+01,3.218201e+01,3.218201e+01,3.218201e+01,3.218201e+01,3.218201e+01,3.218201e+01,3.218201e+01,3.218201e+01,3.218201e+01,3.218201e+01,3.218201e+01,3.218201e+01,3.218201e+01,3.218201e+01,3.218201e+01,3.218201e+01,3.218201e+01,3.218201e+01,3.276727e+01,3.259631e+01,3.259631e+01,3.259631e+01,3.259631e+01,3.259631e+01,3.259631e+01,3.259631e+01,3.259631e+01,3.259631e+01,3.259631e+01,3.259631e+01,3.259631e+01,3.259631e+01,3.259631e+01,3.259631e+01,3.259631e+01,3.259631e+01,3.259631e+01,3.259631e+01,3.259631e+01,3.259631e+01,3.259631e+01,3.259631e+01,3.259631e+01,3.259631e+01,3.213906e+01,3.213906e+01,3.213906e+01,3.213906e+01,3.213906e+01,3.272456e+01,3.202444e+01,3.202444e+01,3.202444e+01,3.202444e+01,3.261057e+01,3.248219e+01,3.231076e+01,3.231076e+01,3.231076e+01,3.231076e+01,3.231076e+01,3.231076e+01,3.231076e+01,3.231076e+01,3.231076e+01,3.231076e+01,3.231076e+01,3.231076e+01,3.231076e+01,3.231076e+01,3.231076e+01,3.231076e+01,3.231076e+01,3.231076e+01,3.231076e+01,3.231076e+01,3.231076e+01,3.231076e+01,3.231076e+01,3.231076e+01,3.231076e+01,3.231076e+01,3.231076e+01,3.231076e+01,3.231076e+01,3.231076e+01,3.231076e+01,3.231076e+01,3.231076e+01,3.231076e+01,3.231076e+01,3.231076e+01,3.231076e+01,3.231076e+01,3.231076e+01,3.231076e+01,3.231076e+01,3.231076e+01,3.231076e+01,3.231076e+01,3.231076e+01,3.172296e+01,3.189534e+01,3.189534e+01,3.189534e+01,3.189534e+01,3.189534e+01,3.189534e+01,3.189534e+01,3.189534e+01,3.189534e+01,3.189534e+01,3.189534e+01,3.189534e+01,3.189534e+01,3.189534e+01,3.189534e+01,3.189534e+01,3.189534e+01,3.189534e+01,3.189534e+01,3.248219e+01,3.231076e+01,3.231076e+01,3.231076e+01,3.231076e+01,3.231076e+01,3.231076e+01,3.231076e+01,3.231076e+01,3.231076e+01,3.231076e+01,3.231076e+01,3.231076e+01,3.231076e+01,3.231076e+01,3.231076e+01,3.231076e+01,3.231076e+01,3.231076e+01,3.231076e+01,3.231076e+01,3.231076e+01,3.231076e+01,3.231076e+01,3.231076e+01,3.172296e+01,3.173734e+01,3.173734e+01,3.173734e+01,3.173734e+01,3.173734e+01,3.173734e+01,3.173734e+01,3.173734e+01,3.173734e+01,3.173734e+01,3.173734e+01,3.173734e+01,3.173734e+01,3.173734e+01,3.173734e+01,3.173734e+01,3.173734e+01,3.173734e+01,3.133407e+01,3.133407e+01,3.133407e+01,3.133407e+01,3.133407e+01,3.133407e+01,3.133407e+01,3.133407e+01,3.133407e+01,3.133407e+01,3.133407e+01,3.133407e+01,3.133407e+01,3.133407e+01,3.133407e+01,3.133407e+01,3.133407e+01,3.133407e+01,3.133407e+01,3.133407e+01,3.133407e+01,3.133407e+01,3.133407e+01,3.133407e+01,3.133407e+01,3.133407e+01,3.133407e+01,3.133407e+01,3.133407e+01,3.133407e+01,3.133407e+01,3.133407e+01,3.133407e+01,3.133407e+01,3.133407e+01,3.133407e+01,3.133407e+01,3.133407e+01,3.133407e+01,3.133407e+01,3.133407e+01,3.133407e+01,3.133407e+01,3.133407e+01,3.133407e+01,3.133407e+01,3.074077e+01,3.074077e+01,3.074077e+01,3.074077e+01,3.074077e+01,3.074077e+01,3.074077e+01,3.074077e+01,3.074077e+01,3.133407e+01,3.120412e+01,3.103061e+01,3.103061e+01,3.103061e+01,3.103061e+01,3.103061e+01,3.103061e+01,3.103061e+01,3.103061e+01,3.103061e+01,3.103061e+01,3.103061e+01,3.103061e+01,3.103061e+01,3.175171e+01,3.175171e+01,3.175171e+01,3.175171e+01,3.175171e+01,3.175171e+01,3.175171e+01,3.175171e+01,3.175171e+01,3.175171e+01,3.175171e+01,3.175171e+01,3.175171e+01,3.175171e+01,3.175171e+01,3.175171e+01,3.175171e+01,3.175171e+01,3.175171e+01,3.175171e+01,3.175171e+01,3.175171e+01,3.175171e+01,3.175171e+01,3.175171e+01,3.175171e+01,3.175171e+01,3.175171e+01,3.175171e+01,3.175171e+01,3.175171e+01,3.175171e+01,3.175171e+01,3.233935e+01,3.216769e+01,3.216769e+01,3.216769e+01,3.216769e+01,3.216769e+01,3.216769e+01,3.216769e+01,3.216769e+01,3.216769e+01,3.216769e+01,3.216769e+01,3.216769e+01,3.216769e+01,3.216769e+01,3.216769e+01,3.216769e+01,3.216769e+01,3.216769e+01,3.216769e+01,3.216769e+01,3.216769e+01,3.246791e+01,3.246791e+01,3.246791e+01,3.246791e+01,3.246791e+01,3.246791e+01,3.246791e+01,3.246791e+01,3.246791e+01,3.246791e+01,3.305160e+01,3.303740e+01,3.303740e+01,3.303740e+01,3.303740e+01,3.303740e+01,3.303740e+01,3.303740e+01,3.303740e+01,3.303740e+01,3.303740e+01,3.303740e+01,3.303740e+01,3.303740e+01,3.303740e+01,3.303740e+01,3.303740e+01,3.303740e+01,3.303740e+01,3.303740e+01,3.303740e+01,3.303740e+01,3.303740e+01,3.303740e+01,3.303740e+01,3.303740e+01,3.303740e+01,3.303740e+01,3.303740e+01,3.303740e+01,3.303740e+01,3.303740e+01,3.303740e+01,3.303740e+01,3.303740e+01,3.303740e+01,3.303740e+01,3.303740e+01,3.303740e+01,3.303740e+01,3.303740e+01,3.303740e+01,3.303740e+01,3.303740e+01,3.303740e+01,3.303740e+01,3.303740e+01,3.303740e+01,3.303740e+01,3.303740e+01,3.303740e+01,3.303740e+01,3.303740e+01,3.303740e+01,3.303740e+01,3.303740e+01,3.303740e+01,3.303740e+01,3.303740e+01,3.303740e+01,3.303740e+01,3.361799e+01,3.349081e+01,3.349081e+01,3.354736e+01,3.354736e+01,3.354736e+01,3.354736e+01,3.354736e+01,3.354736e+01,3.354736e+01,3.354736e+01,3.354736e+01,3.354736e+01,3.354736e+01,3.354736e+01,3.354736e+01,3.354736e+01,3.354736e+01,3.354736e+01,3.354736e+01,3.354736e+01,3.354736e+01,3.354736e+01,3.354736e+01,3.354736e+01,3.401268e+01,3.401268e+01,3.401268e+01,3.401268e+01,3.401268e+01,3.401268e+01,3.401268e+01,3.401268e+01,3.401268e+01,3.401268e+01,3.401268e+01,3.401268e+01,3.401268e+01,3.401268e+01,3.401268e+01,3.401268e+01,3.458803e+01,3.456003e+01,3.460202e+01,3.460202e+01,3.460202e+01,3.460202e+01,3.460202e+01,3.460202e+01,3.460202e+01,3.460202e+01,3.460202e+01,3.460202e+01
3.579882e+01,3.579882e+01,3.579882e+01,3.579882e+01,3.579882e+01,3.579882e+01,3.579882e+01,3.579882e+01,3.579882e+01,3.579882e+01,3.579882e+01,3.579882e+01,3.579882e+01,3.579882e+01,3.579882e+01,3.579882e+01,3.579882e+01,3.579882e+01,3.624080e+01,3.624080e+01,3.624080e+01,3.624080e+01,3.624080e+01,3.624080e+01,3.624080e+01,3.624080e+01,3.624080e+01,3.624080e+01,3.624080e+01,3.624080e+01,3.624080e+01,3.624080e+01,3.624080e+01,3.624080e+01,3.624080e+01,3.624080e+01,3.624080e+01,3.624080e+01,3.624080e+01,3.624080e+01,3.624080e+01,3.624080e+01,3.624080e+01,3.624080e+01,3.624080e+01,3.567419e+01,3.570190e+01,3.602003e+01,3.602003e+01,3.602003e+01,3.602003e+01,3.602003e+01,3.602003e+01,3.553555e+01,3.553555e+01,3.553555e+01,3.553555e+01,3.553555e+01,3.553555e+01,3.553555e+01,3.553555e+01,3.553555e+01,3.553555e+01,3.553555e+01,3.553555e+01,3.553555e+01,3.553555e+01,3.553555e+01,3.553555e+01,3.553555e+01,3.553555e+01,3.553555e+01,3.553555e+01,3.553555e+01,3.553555e+01,3.553555e+01,3.553555e+01,3.553555e+01,3.553555e+01,3.553555e+01,3.553555e+01,3.553555e+01,3.553555e+01,3.553555e+01,3.553555e+01,3.553555e+01,3.553555e+01,3.553555e+01,3.553555e+01,3.553555e+01,3.553555e+01,3.553555e+01,3.553555e+01,3.553555e+01,3.553555e+01,3.553555e+01,3.553555e+01,3.553555e+01,3.553555e+01,3.553555e+01,3.516032e+01,3.516032e+01,3.516032e+01,3.516032e+01,3.516032e+01,3.516032e+01,3.516032e+01,3.516032e+01,3.467197e+01,3.524381e+01,3.511855e+01,3.495129e+01,3.495129e+01,3.495129e+01,3.495129e+01,3.495129e+01,3.495129e+01,3.495129e+01,3.495129e+01,3.495129e+01,3.437789e+01,3.482569e+01,3.469993e+01,3.441995e+01,3.485361e+01,3.481172e+01,3.451803e+01,3.451803e+01,3.451803e+01,3.451803e+01,3.451803e+01,3.451803e+01,3.451803e+01,3.451803e+01,3.412519e+01,3.412519e+01,3.412519e+01,3.412519e+01,3.412519e+01,3.412519e+01,3.412519e+01,3.412519e+01,3.354736e+01,3.371680e+01,3.371680e+01,3.371680e+01,3.313675e+01,3.306580e+01,3.306580e+01,3.306580e+01,3.306580e+01,3.306580e+01,3.306580e+01,3.306580e+01,3.248219e+01,3.265333e+01,3.265333e+01,3.265333e+01,3.265333e+01,3.265333e+01,3.265333e+01,3.265333e+01,3.265333e+01,3.229646e+01,3.229646e+01,3.229646e+01,3.229646e+01,3.229646e+01,3.229646e+01,3.229646e+01,3.229646e+01,3.229646e+01,3.229646e+01,3.229646e+01,3.229646e+01,3.229646e+01,3.229646e+01,3.229646e+01,3.229646e+01,3.229646e+01,3.229646e+01,3.229646e+01,3.229646e+01,3.229646e+01,3.229646e+01,3.229646e+01,3.229646e+01,3.229646e+01,3.229646e+01,3.229646e+01,3.229646e+01,3.229646e+01,3.229646e+01,3.229646e+01,3.229646e+01,3.229646e+01,3.229646e+01,3.229646e+01,3.229646e+01,3.229646e+01,3.229646e+01,3.229646e+01,3.229646e+01,3.229646e+01,3.229646e+01,3.229646e+01,3.229646e+01,3.229646e+01,3.229646e+01,3.229646e+01,3.229646e+01,3.229646e+01,3.229646e+01,3.229646e+01,3.229646e+01,3.229646e+01,3.170858e+01,3.183791e+01,3.201010e+01,3.201010e+01,3.201010e+01,3.201010e+01,3.201010e+01,3.201010e+01,3.201010e+01,3.201010e+01,3.201010e+01,3.201010e+01,3.201010e+01,3.201010e+01,3.201010e+01,3.201010e+01,3.201010e+01,3.201010e+01,3.201010e+01,3.201010e+01,3.201010e+01,3.201010e+01,3.201010e+01,3.259631e+01,3.242507e+01,3.242507e+01,3.242507e+01,3.242507e+01,3.242507e+01,3.242507e+01,3.242507e+01,3.242507e+01,3.242507e+01,3.242507e+01,3.242507e+01,3.242507e+01,3.242507e+01,3.242507e+01,3.242507e+01,3.242507e+01,3.242507e+01,3.242507e+01,3.242507e+01,3.242507e+01,3.242507e+01,3.242507e+01,3.242507e+01,3.242507e+01,3.242507e+01,3.242507e+01,3.242507e+01,3.242507e+01,3.242507e+01,3.242507e+01,3.242507e+01,3.242507e+01,3.242507e+01,3.242507e+01,3.242507e+01,3.242507e+01,3.242507e+01,3.242507e+01,3.242507e+01,3.242507e+01,3.242507e+01,3.242507e+01,3.242507e+01,3.242507e+01,3.242507e+01,3.242507e+01,3.242507e+01,3.242507e+01,3.242507e+01,3.242507e+01,3.242507e+01,3.242507e+01,3.242507e+01,3.242507e+01,3.242507e+01,3.242507e+01,3.242507e+01,3.242507e+01,3.242507e+01,3.242507e+01,3.242507e+01,3.242507e+01,3.242507e+01,3.242507e+01,3.242507e+01,3.242507e+01,3.242507e+01,3.242507e+01,3.242507e+01,3.242507e+01,3.242507e+01,3.242507e+01,3.242507e+01,3.242507e+01,3.242507e+01,3.242507e+01,3.242507e+01,3.242507e+01,3.242507e+01,3.183791e+01,3.196708e+01,3.213906e+01,3.213906e+01,3.213906e+01,3.213906e+01,3.213906e+01,3.213906e+01,3.213906e+01,3.213906e+01,3.213906e+01,3.213906e+01,3.213906e+01,3.213906e+01,3.213906e+01,3.213906e+01,3.213906e+01,3.213906e+01,3.213906e+01,3.213906e+01,3.213906e+01,3.213906e+01,3.213906e+01,3.213906e+01,3.213906e+01,3.213906e+01,3.213906e+01,3.213906e+01,3.213906e+01,3.213906e+01,3.213906e+01,3.213906e+01,3.213906e+01,3.213906e+01,3.213906e+01,3.213906e+01,3.213906e+01,3.213906e+01,3.213906e+01,3.213906e+01,3.213906e+01,3.272456e+01,3.255353e+01,3.255353e+01,3.255353e+01,3.255353e+01,3.255353e+01,3.255353e+01,3.255353e+01,3.196708e+01,3.213906e+01,3.213906e+01,3.213906e+01,3.213906e+01,3.213906e+01,3.213906e+01,3.213906e+01,3.213906e+01,3.213906e+01,3.213906e+01,3.173734e+01,3.173734e+01,3.173734e+01,3.173734e+01,3.173734e+01,3.173734e+01,3.173734e+01,3.173734e+01,3.173734e+01,3.173734e+01,3.173734e+01,3.173734e+01,3.173734e+01,3.173734e+01,3.133407e+01,3.133407e+01,3.133407e+01,3.133407e+01,3.133407e+01,3.133407e+01,3.133407e+01,3.133407e+01,3.133407e+01,3.133407e+01,3.133407e+01,3.133407e+01,3.133407e+01,3.133407e+01,3.133407e+01,3.133407e+01,3.133407e+01,3.133407e+01,3.133407e+01,3.133407e+01,3.133407e+01,3.133407e+01,3.133407e+01,3.133407e+01,3.133407e+01,3.133407e+01,3.133407e+01,3.133407e+01,3.133407e+01,3.133407e+01,3.133407e+01,3.133407e+01,3.133407e+01,3.133407e+01,3.133407e+01,3.133407e+01,3.133407e+01,3.133407e+01,3.133407e+01,3.133407e+01,3.133407e+01,3.133407e+01,3.133407e+01,3.133407e+01,3.133407e+01,3.133407e+01,3.074077e+01,3.074077e+01,3.074077e+01,3.074077e+01,3.074077e+01,3.074077e+01,3.074077e+01,3.074077e+01,3.074077e+01,3.133407e+01,3.116077e+01,3.116077e+01,3.116077e+01,3.116077e+01,3.116077e+01,3.116077e+01,3.116077e+01,3.116077e+01,3.116077e+01,3.116077e+01,3.116077e+01,3.116077e+01,3.175171e+01,3.175171e+01,3.175171e+01,3.175171e+01,3.175171e+01,3.175171e+01,3.175171e+01,3.175171e+01,3.175171e+01,3.175171e+01,3.175171e+01,3.175171e+01,3.175171e+01,3.175171e+01,3.175171e+01,3.175171e+01,3.175171e+01,3.175171e+01,3.175171e+01,3.175171e+01,3.175171e+01,3.175171e+01,3.175171e+01,3.175171e+01,3.233935e+01,3.221064e+01,3.203877e+01,3.203877e+01,3.203877e+01,3.203877e+01,3.203877e+01,3.203877e+01,3.203877e+01,3.203877e+01,3.203877e+01,3.203877e+01,3.203877e+01,3.203877e+01,3.203877e+01,3.203877e+01,3.203877e+01,3.203877e+01,3.203877e+01,3.203877e+01,3.203877e+01,3.203877e+01,3.203877e+01,3.203877e+01,3.203877e+01,3.262482e+01,3.245363e+01,3.245363e+01,3.245363e+01,3.245363e+01,3.245363e+01,3.245363e+01,3.245363e+01,3.245363e+01,3.245363e+01,3.245363e+01,3.245363e+01,3.245363e+01,3.303740e+01,3.290953e+01,3.290953e+01,3.296638e+01,3.296638e+01,3.296638e+01,3.296638e+01,3.296638e+01,3.296638e+01,3.296638e+01,3.296638e+01,3.296638e+01,3.296638e+01,3.296638e+01,3.296638e+01,3.296638e+01,3.296638e+01,3.296638e+01,3.296638e+01,3.296638e+01,3.296638e+01,3.296638e+01,3.296638e+01,3.296638e+01,3.296638e+01,3.296638e+01,3.296638e+01,3.296638e+01,3.296638e+01,3.296638e+01,3.296638e+01,3.296638e+01,3.296638e+01,3.296638e+01,3.296638e+01,3.296638e+01,3.296638e+01,3.296638e+01,3.296638e+01,3.296638e+01,3.296638e+01,3.296638e+01,3.296638e+01,3.296638e+01,3.296638e+01,3.296638e+01,3.296638e+01,3.296638e+01,3.296638e+01,3.354736e+01,3.342010e+01,3.325018e+01,3.325018e+01,3.325018e+01,3.325018e+01,3.325018e+01,3.325018e+01,3.325018e+01,3.325018e+01,3.325018e+01,3.325018e+01,3.325018e+01,3.325018e+01,3.325018e+01,3.325018e+01,3.325018e+01,3.325018e+01,3.325018e+01,3.325018e+01,3.325018e+01,3.325018e+01,3.354736e+01,3.354736e+01,3.354736e+01,3.354736e+01,3.354736e+01,3.354736e+01,3.354736e+01,3.354736e+01,3.354736e+01,3.354736e+01,3.354736e+01,3.354736e+01,3.354736e+01,3.354736e+01,3.354736e+01,3.354736e+01,3.354736e+01,3.412519e+01,3.408302e+01,3.408302e+01,3.408302e+01,3.408302e+01,3.408302e+01,3.408302e+01,3.408302e+01,3.408302e+01,3.408302e+01,3.408302e+01,3.408302e+01,3.408302e+01,3.408302e+01,3.408302e+01,3.408302e+01,3.408302e+01,3.458803e+01,3.458803e+01,3.458803e+01,3.458803e+01,3.458803e+01,3.458803e+01,3.458803e+01,3.458803e+01,3.458803e+01,3.458803e+01,3.458803e+01,3.458803e+01
3.579882e+01,3.579882e+01,3.579882e+01,3.579882e+01,3.579882e+01,3.579882e+01,3.579882e+01,3.579882e+01,3.579882e+01,3.579882e+01,3.579882e+01,3.579882e+01,3.579882e+01,3.579882e+01,3.579882e+01,3.579882e+01,3.579882e+01,3.579882e+01,3.579882e+01,3.624080e+01,3.624080e+01,3.624080e+01,3.624080e+01,3.624080e+01,3.624080e+01,3.624080e+01,3.624080e+01,3.624080e+01,3.624080e+01,3.624080e+01,3.624080e+01,3.624080e+01,3.624080e+01,3.624080e+01,3.624080e+01,3.624080e+01,3.624080e+01,3.624080e+01,3.624080e+01,3.624080e+01,3.624080e+01,3.624080e+01,3.624080e+01,3.624080e+01,3.624080e+01,3.567419e+01,3.572960e+01,3.602003e+01,3.602003e+01,3.602003e+01,3.602003e+01,3.602003e+01,3.602003e+01,3.602003e+01,3.602003e+01,3.602003e+01,3.602003e+01,3.553555e+01,3.553555e+01,3.553555e+01,3.553555e+01,3.553555e+01,3.553555e+01,3.553555e+01,3.553555e+01,3.553555e+01,3.553555e+01,3.553555e+01,3.553555e+01,3.553555e+01,3.610287e+01,3.597859e+01,3.581266e+01,3.581266e+01,3.581266e+01,3.581266e+01,3.581266e+01,3.581266e+01,3.581266e+01,3.581266e+01,3.581266e+01,3.581266e+01,3.581266e+01,3.581266e+01,3.581266e+01,3.581266e+01,3.581266e+01,3.581266e+01,3.581266e+01,3.581266e+01,3.581266e+01,3.581266e+01,3.581266e+01,3.581266e+01,3.581266e+01,3.581266e+01,3.581266e+01,3.581266e+01,3.581266e+01,3.581266e+01,3.581266e+01,3.516032e+01,3.572960e+01,3.560489e+01,3.543839e+01,3.543839e+01,3.543839e+01,3.543839e+01,3.543839e+01,3.543839e+01,3.511855e+01,3.511855e+01,3.511855e+01,3.511855e+01,3.511855e+01,3.511855e+01,3.511855e+01,3.511855e+01,3.511855e+01,3.511855e+01,3.511855e+01,3.482569e+01,3.482569e+01,3.482569e+01,3.482569e+01,3.482569e+01,3.482569e+01,3.482569e+01,3.482569e+01,3.482569e+01,3.451803e+01,3.451803e+01,3.451803e+01,3.451803e+01,3.451803e+01,3.451803e+01,3.451803e+01,3.412519e+01,3.412519e+01,3.412519e+01,3.412519e+01,3.412519e+01,3.412519e+01,3.412519e+01,3.371680e+01,3.367447e+01,3.323601e+01,3.323601e+01,3.323601e+01,3.323601e+01,3.323601e+01,3.323601e+01,3.323601e+01,3.323601e+01,3.323601e+01,3.265333e+01,3.323601e+01,3.310838e+01,3.293796e+01,3.293796e+01,3.293796e+01,3.235364e+01,3.236793e+01,3.229646e+01,3.229646e+01,3.229646e+01,3.229646e+01,3.229646e+01,3.229646e+01,3.229646e+01,3.229646e+01,3.229646e+01,3.229646e+01,3.229646e+01,3.229646e+01,3.229646e+01,3.229646e+01,3.229646e+01,3.229646e+01,3.229646e+01,3.229646e+01,3.229646e+01,3.229646e+01,3.229646e+01,3.229646e+01,3.229646e+01,3.229646e+01,3.229646e+01,3.229646e+01,3.229646e+01,3.229646e+01,3.229646e+01,3.229646e+01,3.229646e+01,3.229646e+01,3.229646e+01,3.229646e+01,3.229646e+01,3.229646e+01,3.229646e+01,3.229646e+01,3.229646e+01,3.229646e+01,3.229646e+01,3.229646e+01,3.229646e+01,3.229646e+01,3.229646e+01,3.229646e+01,3.170858e+01,3.183791e+01,3.201010e+01,3.201010e+01,3.201010e+01,3.201010e+01,3.201010e+01,3.201010e+01,3.201010e+01,3.201010e+01,3.201010e+01,3.201010e+01,3.201010e+01,3.201010e+01,3.201010e+01,3.201010e+01,3.201010e+01,3.201010e+01,3.201010e+01,3.201010e+01,3.201010e+01,3.201010e+01,3.201010e+01,3.201010e+01,3.201010e+01,3.201010e+01,3.201010e+01,3.201010e+01,3.201010e+01,3.201010e+01,3.201010e+01,3.201010e+01,3.242507e+01,3.242507e+01,3.242507e+01,3.242507e+01,3.242507e+01,3.242507e+01,3.242507e+01,3.242507e+01,3.242507e+01,3.242507e+01,3.242507e+01,3.242507e+01,3.242507e+01,3.242507e+01,3.242507e+01,3.242507e+01,3.242507e+01,3.242507e+01,3.242507e+01,3.242507e+01,3.242507e+01,3.242507e+01,3.242507e+01,3.242507e+01,3.242507e+01,3.242507e+01,3.242507e+01,3.242507e+01,3.242507e+01,3.242507e+01,3.242507e+01,3.242507e+01,3.242507e+01,3.242507e+01,3.242507e+01,3.242507e+01,3.242507e+01,3.242507e+01,3.242507e+01,3.242507e+01,3.242507e+01,3.242507e+01,3.242507e+01,3.242507e+01,3.242507e+01,3.242507e+01,3.242507e+01,3.242507e+01,3.242507e+01,3.242507e+01,3.242507e+01,3.242507e+01,3.242507e+01,3.242507e+01,3.242507e+01,3.242507e+01,3.242507e+01,3.242507e+01,3.242507e+01,3.242507e+01,3.242507e+01,3.242507e+01,3.242507e+01,3.242507e+01,3.242507e+01,3.242507e+01,3.242507e+01,3.242507e+01,3.242507e+01,3.242507e+01,3.242507e+01,3.242507e+01,3.242507e+01,3.242507e+01,3.242507e+01,3.242507e+01,3.242507e+01,3.242507e+01,3.242507e+01,3.196708e+01,3.196708e+01,3.196708e+01,3.196708e+01,3.196708e+01,3.196708e+01,3.196708e+01,3.196708e+01,3.196708e+01,3.196708e+01,3.196708e+01,3.196708e+01,3.196708e+01,3.196708e+01,3.196708e+01,3.196708e+01,3.196708e+01,3.196708e+01,3.196708e+01,3.196708e+01,3.196708e+01,3.196708e+01,3.196708e+01,3.196708e+01,3.196708e+01,3.196708e+01,3.196708e+01,3.255353e+01,3.238222e+01,3.238222e+01,3.238222e+01,3.238222e+01,3.238222e+01,3.238222e+01,3.238222e+01,3.238222e+01,3.238222e+01,3.238222e+01,3.238222e+01,3.238222e+01,3.238222e+01,3.238222e+01,3.238222e+01,3.238222e+01,3.238222e+01,3.238222e+01,3.238222e+01,3.238222e+01,3.238222e+01,3.238222e+01,3.238222e+01,3.238222e+01,3.238222e+01,3.238222e+01,3.179482e+01,3.196708e+01,3.196708e+01,3.196708e+01,3.196708e+01,3.196708e+01,3.196708e+01,3.196708e+01,3.196708e+01,3.196708e+01,3.196708e+01,3.196708e+01,3.137735e+01,3.155030e+01,3.155030e+01,3.155030e+01,3.155030e+01,3.155030e+01,3.155030e+01,3.155030e+01,3.155030e+01,3.155030e+01,3.155030e+01,3.155030e+01,3.155030e+01,3.155030e+01,3.155030e+01,3.155030e+01,3.155030e+01,3.155030e+01,3.155030e+01,3.155030e+01,3.155030e+01,3.155030e+01,3.155030e+01,3.155030e+01,3.155030e+01,3.155030e+01,3.155030e+01,3.155030e+01,3.155030e+01,3.155030e+01,3.155030e+01,3.155030e+01,3.155030e+01,3.155030e+01,3.155030e+01,3.155030e+01,3.155030e+01,3.155030e+01,3.155030e+01,3.095822e+01,3.113186e+01,3.113186e+01,3.113186e+01,3.113186e+01,3.113186e+01,3.113186e+01,3.113186e+01,3.113186e+01,3.113186e+01,3.113186e+01,3.113186e+01,3.113186e+01,3.113186e+01,3.113186e+01,3.113186e+01,3.113186e+01,3.113186e+01,3.113186e+01,3.113186e+01,3.113186e+01,3.113186e+01,3.113186e+01,3.113186e+01,3.113186e+01,3.113186e+01,3.113186e+01,3.113186e+01,3.113186e+01,3.113186e+01,3.113186e+01,3.113186e+01,3.113186e+01,3.113186e+01,3.113186e+01,3.113186e+01,3.175171e+01,3.175171e+01,3.175171e+01,3.175171e+01,3.175171e+01,3.175171e+01,3.175171e+01,3.175171e+01,3.175171e+01,3.175171e+01,3.175171e+01,3.175171e+01,3.175171e+01,3.175171e+01,3.175171e+01,3.175171e+01,3.175171e+01,3.175171e+01,3.175171e+01,3.175171e+01,3.175171e+01,3.175171e+01,3.175171e+01,3.175171e+01,3.175171e+01,3.221064e+01,3.221064e+01,3.221064e+01,3.221064e+01,3.221064e+01,3.221064e+01,3.221064e+01,3.221064e+01,3.221064e+01,3.221064e+01,3.221064e+01,3.221064e+01,3.221064e+01,3.221064e+01,3.221064e+01,3.221064e+01,3.221064e+01,3.221064e+01,3.221064e+01,3.221064e+01,3.221064e+01,3.221064e+01,3.221064e+01,3.221064e+01,3.221064e+01,3.221064e+01,3.221064e+01,3.221064e+01,3.221064e+01,3.221064e+01,3.221064e+01,3.279574e+01,3.262482e+01,3.262482e+01,3.262482e+01,3.262482e+01,3.262482e+01,3.262482e+01,3.262482e+01,3.262482e+01,3.262482e+01,3.262482e+01,3.296638e+01,3.296638e+01,3.296638e+01,3.296638e+01,3.296638e+01,3.296638e+01,3.296638e+01,3.296638e+01,3.296638e+01,3.296638e+01,3.296638e+01,3.296638e+01,3.296638e+01,3.296638e+01,3.296638e+01,3.296638e+01,3.354736e+01,3.342010e+01,3.325018e+01,3.325018e+01,3.325018e+01,3.325018e+01,3.325018e+01,3.325018e+01,3.325018e+01,3.325018e+01,3.325018e+01,3.325018e+01,3.325018e+01,3.325018e+01,3.325018e+01,3.325018e+01,3.325018e+01,3.325018e+01,3.325018e+01,3.325018e+01,3.325018e+01,3.325018e+01,3.325018e+01,3.325018e+01,3.325018e+01,3.325018e+01,3.325018e+01,3.325018e+01,3.325018e+01,3.325018e+01,3.325018e+01,3.325018e+01,3.325018e+01,3.325018e+01,3.325018e+01,3.325018e+01,3.325018e+01,3.325018e+01,3.325018e+01,3.325018e+01,3.325018e+01,3.325018e+01,3.325018e+01,3.325018e+01,3.325018e+01,3.325018e+01,3.325018e+01,3.325018e+01,3.325018e+01,3.325018e+01,3.354736e+01,3.354736e+01,3.354736e+01,3.354736e+01,3.354736e+01,3.354736e+01,3.354736e+01,3.354736e+01,3.354736e+01,3.354736e+01,3.354736e+01,3.354736e+01,3.354736e+01,3.354736e+01,3.354736e+01,3.354736e+01,3.354736e+01,3.412519e+01,3.412519e+01,3.412519e+01,3.412519e+01,3.412519e+01,3.412519e+01,3.412519e+01,3.412519e+01,3.412519e+01,3.412519e+01,3.412519e+01,3.412519e+01,3.412519e+01,3.412519e+01,3.412519e+01,3.412519e+01,3.412519e+01,3.412519e+01,3.458803e+01,3.458803e+01,3.458803e+01,3.458803e+01,3.458803e+01,3.458803e+01,3.458803e+01,3.458803e+01,3.458803e+01,3.458803e+01,3.458803e+01
3.579882e+01,3.579882e+01,3.579882e+01,3.579882e+01,3.579882e+01,3.579882e+01,3.579882e+01,3.579882e+01,3.579882e+01,3.579882e+01,3.579882e+01,3.579882e+01,3.579882e+01,3.579882e+01,3.579882e+01,3.579882e+01,3.579882e+01,3.579882e+01,3.579882e+01,3.579882e+01,3.624080e+01,3.624080e+01,3.624080e+01,3.624080e+01,3.624080e+01,3.624080e+01,3.624080e+01,3.624080e+01,3.624080e+01,3.624080e+01,3.624080e+01,3.624080e+01,3.624080e+01,3.624080e+01,3.624080e+01,3.624080e+01,3.624080e+01,3.624080e+01,3.624080e+01,3.624080e+01,3.624080e+01,3.624080e+01,3.624080e+01,3.624080e+01,3.624080e+01,3.624080e+01,3.624080e+01,3.624080e+01,3.567419e+01,3.584033e+01,3.584033e+01,3.584033e+01,3.584033e+01,3.584033e+01,3.584033e+01,3.584033e+01,3.584033e+01,3.584033e+01,3.584033e+01,3.584033e+01,3.584033e+01,3.584033e+01,3.584033e+01,3.584033e+01,3.584033e+01,3.584033e+01,3.584033e+01,3.584033e+01,3.584033e+01,3.584033e+01,3.584033e+01,3.584033e+01,3.584033e+01,3.584033e+01,3.584033e+01,3.584033e+01,3.584033e+01,3.584033e+01,3.584033e+01,3.584033e+01,3.584033e+01,3.584033e+01,3.584033e+01,3.584033e+01,3.584033e+01,3.584033e+01,3.584033e+01,3.584033e+01,3.584033e+01,3.584033e+01,3.584033e+01,3.584033e+01,3.584033e+01,3.584033e+01,3.584033e+01,3.584033e+01,3.584033e+01,3.584033e+01,3.584033e+01,3.584033e+01,3.584033e+01,3.572960e+01,3.568805e+01,3.568805e+01,3.568805e+01,3.568805e+01,3.568805e+01,3.568805e+01,3.568805e+01,3.511855e+01,3.570190e+01,3.557716e+01,3.545227e+01,3.528554e+01,3.528554e+01,3.528554e+01,3.528554e+01,3.528554e+01,3.528554e+01,3.528554e+01,3.528554e+01,3.528554e+01,3.528554e+01,3.482569e+01,3.482569e+01,3.482569e+01,3.482569e+01,3.482569e+01,3.482569e+01,3.482569e+01,3.482569e+01,3.482569e+01,3.482569e+01,3.482569e+01,3.482569e+01,3.451803e+01,3.449002e+01,3.469993e+01,3.457403e+01,3.440593e+01,3.440593e+01,3.382962e+01,3.399862e+01,3.397047e+01,3.373091e+01,3.366035e+01,3.382962e+01,3.370269e+01,3.357561e+01,3.340595e+01,3.340595e+01,3.340595e+01,3.340595e+01,3.340595e+01,3.282420e+01,3.327852e+01,3.323601e+01,3.323601e+01,3.323601e+01,3.293796e+01,3.289532e+01,3.303740e+01,3.232506e+01,3.290953e+01,3.276727e+01,3.262482e+01,3.245363e+01,3.245363e+01,3.245363e+01,3.245363e+01,3.245363e+01,3.245363e+01,3.245363e+01,3.245363e+01,3.186663e+01,3.203877e+01,3.262482e+01,3.245363e+01,3.245363e+01,3.245363e+01,3.245363e+01,3.245363e+01,3.245363e+01,3.245363e+01,3.245363e+01,3.245363e+01,3.245363e+01,3.245363e+01,3.245363e+01,3.245363e+01,3.245363e+01,3.245363e+01,3.245363e+01,3.245363e+01,3.245363e+01,3.245363e+01,3.245363e+01,3.245363e+01,3.245363e+01,3.245363e+01,3.245363e+01,3.245363e+01,3.245363e+01,3.245363e+01,3.245363e+01,3.245363e+01,3.186663e+01,3.203877e+01,3.199576e+01,3.238222e+01,3.223925e+01,3.206744e+01,3.206744e+01,3.206744e+01,3.206744e+01,3.206744e+01,3.206744e+01,3.206744e+01,3.206744e+01,3.206744e+01,3.206744e+01,3.206744e+01,3.206744e+01,3.206744e+01,3.206744e+01,3.206744e+01,3.206744e+01,3.206744e+01,3.206744e+01,3.206744e+01,3.206744e+01,3.206744e+01,3.206744e+01,3.206744e+01,3.206744e+01,3.206744e+01,3.206744e+01,3.206744e+01,3.206744e+01,3.206744e+01,3.206744e+01,3.206744e+01,3.206744e+01,3.206744e+01,3.242507e+01,3.242507e+01,3.242507e+01,3.242507e+01,3.242507e+01,3.242507e+01,3.242507e+01,3.242507e+01,3.242507e+01,3.242507e+01,3.242507e+01,3.242507e+01,3.242507e+01,3.242507e+01,3.242507e+01,3.242507e+01,3.242507e+01,3.242507e+01,3.242507e+01,3.242507e+01,3.242507e+01,3.242507e+01,3.242507e+01,3.242507e+01,3.242507e+01,3.242507e+01,3.242507e+01,3.242507e+01,3.242507e+01,3.242507e+01,3.242507e+01,3.242507e+01,3.242507e+01,3.242507e+01,3.242507e+01,3.242507e+01,3.242507e+01,3.242507e+01,3.242507e+01,3.242507e+01,3.242507e+01,3.242507e+01,3.242507e+01,3.242507e+01,3.242507e+01,3.242507e+01,3.242507e+01,3.242507e+01,3.242507e+01,3.242507e+01,3.242507e+01,3.242507e+01,3.242507e+01,3.242507e+01,3.242507e+01,3.242507e+01,3.242507e+01,3.242507e+01,3.242507e+01,3.242507e+01,3.242507e+01,3.242507e+01,3.242507e+01,3.242507e+01,3.242507e+01,3.242507e+01,3.242507e+01,3.242507e+01,3.242507e+01,3.242507e+01,3.242507e+01,3.242507e+01,3.242507e+01,3.242507e+01,3.242507e+01,3.242507e+01,3.242507e+01,3.196708e+01,3.196708e+01,3.196708e+01,3.196708e+01,3.196708e+01,3.196708e+01,3.196708e+01,3.196708e+01,3.196708e+01,3.196708e+01,3.196708e+01,3.196708e+01,3.196708e+01,3.196708e+01,3.196708e+01,3.196708e+01,3.196708e+01,3.196708e+01,3.196708e+01,3.196708e+01,3.196708e+01,3.196708e+01,3.255353e+01,3.241079e+01,3.223925e+01,3.228216e+01,3.245363e+01,3.245363e+01,3.245363e+01,3.245363e+01,3.245363e+01,3.245363e+01,3.245363e+01,3.245363e+01,3.245363e+01,3.245363e+01,3.245363e+01,3.245363e+01,3.245363e+01,3.245363e+01,3.245363e+01,3.245363e+01,3.245363e+01,3.245363e+01,3.245363e+01,3.245363e+01,3.245363e+01,3.245363e+01,3.245363e+01,3.245363e+01,3.245363e+01,3.245363e+01,3.245363e+01,3.245363e+01,3.196708e+01,3.196708e+01,3.196708e+01,3.196708e+01,3.196708e+01,3.196708e+01,3.196708e+01,3.196708e+01,3.196708e+01,3.196708e+01,3.196708e+01,3.196708e+01,3.196708e+01,3.196708e+01,3.196708e+01,3.155030e+01,3.155030e+01,3.155030e+01,3.155030e+01,3.155030e+01,3.155030e+01,3.155030e+01,3.155030e+01,3.155030e+01,3.155030e+01,3.155030e+01,3.155030e+01,3.155030e+01,3.155030e+01,3.155030e+01,3.155030e+01,3.155030e+01,3.155030e+01,3.155030e+01,3.155030e+01,3.155030e+01,3.155030e+01,3.155030e+01,3.155030e+01,3.155030e+01,3.155030e+01,3.155030e+01,3.155030e+01,3.155030e+01,3.155030e+01,3.155030e+01,3.155030e+01,3.155030e+01,3.155030e+01,3.095822e+01,3.100166e+01,3.100166e+01,3.100166e+01,3.100166e+01,3.100166e+01,3.100166e+01,3.100166e+01,3.100166e+01,3.100166e+01,3.100166e+01,3.100166e+01,3.100166e+01,3.100166e+01,3.100166e+01,3.100166e+01,3.100166e+01,3.100166e+01,3.100166e+01,3.100166e+01,3.100166e+01,3.100166e+01,3.100166e+01,3.100166e+01,3.100166e+01,3.100166e+01,3.100166e+01,3.100166e+01,3.100166e+01,3.100166e+01,3.100166e+01,3.100166e+01,3.100166e+01,3.100166e+01,3.100166e+01,3.159349e+01,3.159349e+01,3.165105e+01,3.165105e+01,3.165105e+01,3.165105e+01,3.165105e+01,3.165105e+01,3.165105e+01,3.165105e+01,3.165105e+01,3.165105e+01,3.165105e+01,3.165105e+01,3.223925e+01,3.209609e+01,3.192404e+01,3.192404e+01,3.192404e+01,3.192404e+01,3.192404e+01,3.192404e+01,3.192404e+01,3.192404e+01,3.192404e+01,3.192404e+01,3.192404e+01,3.192404e+01,3.192404e+01,3.192404e+01,3.192404e+01,3.192404e+01,3.192404e+01,3.192404e+01,3.192404e+01,3.192404e+01,3.192404e+01,3.192404e+01,3.192404e+01,3.251073e+01,3.233935e+01,3.233935e+01,3.233935e+01,3.233935e+01,3.233935e+01,3.233935e+01,3.233935e+01,3.233935e+01,3.233935e+01,3.233935e+01,3.233935e+01,3.233935e+01,3.233935e+01,3.233935e+01,3.233935e+01,3.233935e+01,3.233935e+01,3.233935e+01,3.233935e+01,3.233935e+01,3.292375e+01,3.275304e+01,3.275304e+01,3.275304e+01,3.275304e+01,3.275304e+01,3.275304e+01,3.275304e+01,3.275304e+01,3.275304e+01,3.275304e+01,3.333517e+01,3.316512e+01,3.316512e+01,3.316512e+01,3.316512e+01,3.316512e+01,3.316512e+01,3.316512e+01,3.316512e+01,3.316512e+01,3.316512e+01,3.316512e+01,3.316512e+01,3.316512e+01,3.316512e+01,3.316512e+01,3.316512e+01,3.316512e+01,3.316512e+01,3.316512e+01,3.316512e+01,3.316512e+01,3.316512e+01,3.316512e+01,3.316512e+01,3.316512e+01,3.316512e+01,3.316512e+01,3.316512e+01,3.316512e+01,3.316512e+01,3.316512e+01,3.316512e+01,3.316512e+01,3.316512e+01,3.316512e+01,3.316512e+01,3.316512e+01,3.316512e+01,3.316512e+01,3.316512e+01,3.316512e+01,3.316512e+01,3.316512e+01,3.316512e+01,3.316512e+01,3.316512e+01,3.316512e+01,3.316512e+01,3.316512e+01,3.316512e+01,3.316512e+01,3.316512e+01,3.316512e+01,3.316512e+01,3.316512e+01,3.374501e+01,3.360387e+01,3.343424e+01,3.343424e+01,3.343424e+01,3.343424e+01,3.343424e+01,3.343424e+01,3.343424e+01,3.343424e+01,3.343424e+01,3.343424e+01,3.343424e+01,3.343424e+01,3.401268e+01,3.387189e+01,3.370269e+01,3.370269e+01,3.370269e+01,3.370269e+01,3.370269e+01,3.370269e+01,3.370269e+01,3.370269e+01,3.370269e+01,3.370269e+01,3.370269e+01,3.370269e+01,3.412519e+01,3.412519e+01,3.412519e+01,3.412519e+01,3.412519e+01,3.412519e+01,3.412519e+01,3.412519e+01,3.412519e+01,3.412519e+01,3.412519e+01,3.412519e+01,3.412519e+01,3.412519e+01,3.412519e+01,3.458803e+01,3.458803e+01,3.458803e+01,3.458803e+01,3.458803e+01,3.458803e+01,3.458803e+01,3.458803e+01,3.458803e+01,3.458803e+01,3.458803e+01
3.579882e+01,3.579882e+01,3.579882e+01,3.579882e+01,3.579882e+01,3.579882e+01,3.579882e+01,3.579882e+01,3.579882e+01,3.579882e+01,3.579882e+01,3.579882e+01,3.579882e+01,3.579882e+01,3.579882e+01,3.579882e+01,3.579882e+01,3.579882e+01,3.636478e+01,3.578498e+01,3.619944e+01,3.619944e+01,3.619944e+01,3.619944e+01,3.619944e+01,3.619944e+01,3.619944e+01,3.619944e+01,3.619944e+01,3.619944e+01,3.619944e+01,3.619944e+01,3.619944e+01,3.619944e+01,3.619944e+01,3.619944e+01,3.619944e+01,3.619944e+01,3.619944e+01,3.619944e+01,3.619944e+01,3.619944e+01,3.619944e+01,3.619944e+01,3.619944e+01,3.619944e+01,3.619944e+01,3.619944e+01,3.619944e+01,3.619944e+01,3.584033e+01,3.584033e+01,3.584033e+01,3.584033e+01,3.584033e+01,3.584033e+01,3.584033e+01,3.584033e+01,3.584033e+01,3.584033e+01,3.584033e+01,3.584033e+01,3.584033e+01,3.584033e+01,3.584033e+01,3.584033e+01,3.584033e+01,3.584033e+01,3.584033e+01,3.584033e+01,3.584033e+01,3.584033e+01,3.584033e+01,3.584033e+01,3.584033e+01,3.584033e+01,3.640608e+01,3.570190e+01,3.626836e+01,3.610287e+01,3.610287e+01,3.610287e+01,3.610287e+01,3.610287e+01,3.610287e+01,3.610287e+01,3.610287e+01,3.610287e+01,3.610287e+01,3.610287e+01,3.610287e+01,3.610287e+01,3.610287e+01,3.610287e+01,3.610287e+01,3.610287e+01,3.610287e+01,3.553555e+01,3.570190e+01,3.570190e+01,3.570190e+01,3.570190e+01,3.570190e+01,3.570190e+01,3.570190e+01,3.570190e+01,3.570190e+01,3.570190e+01,3.513247e+01,3.570190e+01,3.566034e+01,3.566034e+01,3.566034e+01,3.566034e+01,3.566034e+01,3.566034e+01,3.566034e+01,3.566034e+01,3.528554e+01,3.528554e+01,3.528554e+01,3.528554e+01,3.528554e+01,3.528554e+01,3.528554e+01,3.528554e+01,3.482569e+01,3.482569e+01,3.482569e+01,3.482569e+01,3.482569e+01,3.482569e+01,3.482569e+01,3.482569e+01,3.482569e+01,3.482569e+01,3.482569e+01,3.482569e+01,3.482569e+01,3.440593e+01,3.436387e+01,3.451803e+01,3.436387e+01,3.416735e+01,3.416735e+01,3.416735e+01,3.416735e+01,3.370269e+01,3.370269e+01,3.370269e+01,3.370269e+01,3.370269e+01,3.340595e+01,3.336349e+01,3.340595e+01,3.280997e+01,3.296638e+01,3.296638e+01,3.296638e+01,3.296638e+01,3.296638e+01,3.296638e+01,3.296638e+01,3.296638e+01,3.238222e+01,3.255353e+01,3.255353e+01,3.255353e+01,3.255353e+01,3.255353e+01,3.255353e+01,3.255353e+01,3.255353e+01,3.255353e+01,3.255353e+01,3.255353e+01,3.255353e+01,3.255353e+01,3.255353e+01,3.255353e+01,3.255353e+01,3.255353e+01,3.255353e+01,3.255353e+01,3.196708e+01,3.212474e+01,3.229646e+01,3.229646e+01,3.229646e+01,3.229646e+01,3.229646e+01,3.229646e+01,3.229646e+01,3.229646e+01,3.229646e+01,3.229646e+01,3.229646e+01,3.229646e+01,3.229646e+01,3.229646e+01,3.229646e+01,3.229646e+01,3.229646e+01,3.229646e+01,3.229646e+01,3.229646e+01,3.229646e+01,3.229646e+01,3.229646e+01,3.229646e+01,3.229646e+01,3.229646e+01,3.229646e+01,3.229646e+01,3.229646e+01,3.229646e+01,3.229646e+01,3.229646e+01,3.170858e+01,3.188098e+01,3.188098e+01,3.188098e+01,3.188098e+01,3.188098e+01,3.188098e+01,3.188098e+01,3.188098e+01,3.188098e+01,3.188098e+01,3.188098e+01,3.188098e+01,3.246791e+01,3.229646e+01,3.229646e+01,3.229646e+01,3.229646e+01,3.229646e+01,3.229646e+01,3.229646e+01,3.229646e+01,3.229646e+01,3.229646e+01,3.229646e+01,3.229646e+01,3.229646e+01,3.229646e+01,3.229646e+01,3.229646e+01,3.229646e+01,3.229646e+01,3.288110e+01,3.271032e+01,3.271032e+01,3.271032e+01,3.271032e+01,3.271032e+01,3.271032e+01,3.271032e+01,3.271032e+01,3.271032e+01,3.271032e+01,3.271032e+01,3.212474e+01,3.229646e+01,3.229646e+01,3.229646e+01,3.229646e+01,3.229646e+01,3.229646e+01,3.229646e+01,3.229646e+01,3.229646e+01,3.229646e+01,3.229646e+01,3.229646e+01,3.229646e+01,3.229646e+01,3.229646e+01,3.229646e+01,3.229646e+01,3.229646e+01,3.229646e+01,3.229646e+01,3.229646e+01,3.229646e+01,3.229646e+01,3.229646e+01,3.229646e+01,3.229646e+01,3.229646e+01,3.229646e+01,3.229646e+01,3.229646e+01,3.229646e+01,3.229646e+01,3.229646e+01,3.229646e+01,3.229646e+01,3.229646e+01,3.229646e+01,3.229646e+01,3.229646e+01,3.229646e+01,3.229646e+01,3.229646e+01,3.229646e+01,3.229646e+01,3.229646e+01,3.229646e+01,3.229646e+01,3.229646e+01,3.229646e+01,3.229646e+01,3.229646e+01,3.229646e+01,3.229646e+01,3.229646e+01,3.229646e+01,3.229646e+01,3.229646e+01,3.229646e+01,3.229646e+01,3.229646e+01,3.229646e+01,3.229646e+01,3.229646e+01,3.229646e+01,3.229646e+01,3.229646e+01,3.229646e+01,3.229646e+01,3.229646e+01,3.229646e+01,3.229646e+01,3.229646e+01,3.229646e+01,3.229646e+01,3.229646e+01,3.229646e+01,3.229646e+01,3.229646e+01,3.229646e+01,3.229646e+01,3.229646e+01,3.229646e+01,3.229646e+01,3.229646e+01,3.229646e+01,3.229646e+01,3.229646e+01,3.229646e+01,3.229646e+01,3.229646e+01,3.229646e+01,3.229646e+01,3.288110e+01,3.271032e+01,3.271032e+01,3.271032e+01,3.271032e+01,3.271032e+01,3.271032e+01,3.271032e+01,3.271032e+01,3.271032e+01,3.271032e+01,3.271032e+01,3.271032e+01,3.271032e+01,3.212474e+01,3.229646e+01,3.229646e+01,3.229646e+01,3.229646e+01,3.229646e+01,3.229646e+01,3.229646e+01,3.229646e+01,3.229646e+01,3.196708e+01,3.196708e+01,3.196708e+01,3.196708e+01,3.196708e+01,3.196708e+01,3.196708e+01,3.196708e+01,3.196708e+01,3.196708e+01,3.196708e+01,3.155030e+01,3.155030e+01,3.155030e+01,3.155030e+01,3.155030e+01,3.155030e+01,3.155030e+01,3.155030e+01,3.155030e+01,3.155030e+01,3.155030e+01,3.155030e+01,3.155030e+01,3.155030e+01,3.155030e+01,3.155030e+01,3.155030e+01,3.155030e+01,3.155030e+01,3.155030e+01,3.155030e+01,3.155030e+01,3.155030e+01,3.155030e+01,3.155030e+01,3.155030e+01,3.155030e+01,3.155030e+01,3.155030e+01,3.155030e+01,3.155030e+01,3.155030e+01,3.155030e+01,3.155030e+01,3.155030e+01,3.155030e+01,3.155030e+01,3.155030e+01,3.155030e+01,3.100166e+01,3.100166e+01,3.100166e+01,3.100166e+01,3.100166e+01,3.100166e+01,3.100166e+01,3.100166e+01,3.100166e+01,3.100166e+01,3.100166e+01,3.100166e+01,3.100166e+01,3.100166e+01,3.100166e+01,3.100166e+01,3.100166e+01,3.100166e+01,3.100166e+01,3.100166e+01,3.100166e+01,3.100166e+01,3.100166e+01,3.100166e+01,3.100166e+01,3.100166e+01,3.100166e+01,3.100166e+01,3.100166e+01,3.159349e+01,3.155030e+01,3.155030e+01,3.155030e+01,3.155030e+01,3.155030e+01,3.155030e+01,3.155030e+01,3.155030e+01,3.155030e+01,3.155030e+01,3.155030e+01,3.213906e+01,3.198142e+01,3.198142e+01,3.213906e+01,3.213906e+01,3.213906e+01,3.213906e+01,3.213906e+01,3.213906e+01,3.213906e+01,3.213906e+01,3.213906e+01,3.213906e+01,3.213906e+01,3.213906e+01,3.213906e+01,3.213906e+01,3.213906e+01,3.213906e+01,3.213906e+01,3.213906e+01,3.213906e+01,3.213906e+01,3.213906e+01,3.213906e+01,3.213906e+01,3.213906e+01,3.213906e+01,3.213906e+01,3.213906e+01,3.213906e+01,3.213906e+01,3.213906e+01,3.213906e+01,3.213906e+01,3.213906e+01,3.213906e+01,3.213906e+01,3.213906e+01,3.213906e+01,3.213906e+01,3.213906e+01,3.272456e+01,3.255353e+01,3.255353e+01,3.255353e+01,3.255353e+01,3.255353e+01,3.255353e+01,3.255353e+01,3.255353e+01,3.255353e+01,3.255353e+01,3.255353e+01,3.313675e+01,3.296638e+01,3.296638e+01,3.296638e+01,3.296638e+01,3.296638e+01,3.296638e+01,3.296638e+01,3.296638e+01,3.296638e+01,3.296638e+01,3.296638e+01,3.296638e+01,3.296638e+01,3.296638e+01,3.354736e+01,3.337764e+01,3.337764e+01,3.337764e+01,3.337764e+01,3.337764e+01,3.337764e+01,3.337764e+01,3.337764e+01,3.337764e+01,3.337764e+01,3.337764e+01,3.337764e+01,3.337764e+01,3.337764e+01,3.337764e+01,3.337764e+01,3.337764e+01,3.337764e+01,3.337764e+01,3.337764e+01,3.337764e+01,3.337764e+01,3.337764e+01,3.337764e+01,3.337764e+01,3.337764e+01,3.337764e+01,3.337764e+01,3.337764e+01,3.337764e+01,3.337764e+01,3.337764e+01,3.337764e+01,3.337764e+01,3.337764e+01,3.337764e+01,3.337764e+01,3.337764e+01,3.337764e+01,3.337764e+01,3.337764e+01,3.337764e+01,3.337764e+01,3.337764e+01,3.337764e+01,3.337764e+01,3.337764e+01,3.337764e+01,3.337764e+01,3.337764e+01,3.337764e+01,3.337764e+01,3.337764e+01,3.337764e+01,3.395639e+01,3.380142e+01,3.363211e+01,3.363211e+01,3.363211e+01,3.363211e+01,3.363211e+01,3.363211e+01,3.363211e+01,3.363211e+01,3.363211e+01,3.363211e+01,3.363211e+01,3.363211e+01,3.363211e+01,3.363211e+01,3.363211e+01,3.420949e+01,3.405489e+01,3.404082e+01,3.409708e+01,3.409708e+01,3.409708e+01,3.409708e+01,3.409708e+01,3.409708e+01,3.409708e+01,3.409708e+01,3.409708e+01,3.409708e+01,3.409708e+01,3.409708e+01,3.467197e+01,3.451803e+01,3.451803e+01,3.449002e+01,3.449002e+01,3.449002e+01,3.449002e+01,3.449002e+01,3.449002e+01,3.449002e+01,3.449002e+01,3.449002e+01,3.449002e+01,3.449002e+01
3.579882e+01,3.579882e+01,3.579882e+01,3.579882e+01,3.579882e+01,3.579882e+01,3.579882e+01,3.579882e+01,3.579882e+01,3.579882e+01,3.579882e+01,3.579882e+01,3.579882e+01,3.579882e+01,3.579882e+01,3.579882e+01,3.579882e+01,3.579882e+01,3.579882e+01,3.579882e+01,3.579882e+01,3.619944e+01,3.619944e+01,3.619944e+01,3.619944e+01,3.619944e+01,3.619944e+01,3.619944e+01,3.619944e+01,3.619944e+01,3.619944e+01,3.619944e+01,3.619944e+01,3.619944e+01,3.619944e+01,3.619944e+01,3.619944e+01,3.619944e+01,3.619944e+01,3.619944e+01,3.619944e+01,3.619944e+01,3.619944e+01,3.619944e+01,3.619944e+01,3.619944e+01,3.619944e+01,3.619944e+01,3.619944e+01,3.619944e+01,3.619944e+01,3.619944e+01,3.619944e+01,3.619944e+01,3.584033e+01,3.584033e+01,3.584033e+01,3.584033e+01,3.584033e+01,3.584033e+01,3.584033e+01,3.584033e+01,3.584033e+01,3.584033e+01,3.584033e+01,3.584033e+01,3.584033e+01,3.584033e+01,3.584033e+01,3.584033e+01,3.584033e+01,3.584033e+01,3.584033e+01,3.584033e+01,3.584033e+01,3.584033e+01,3.640608e+01,3.633725e+01,3.629592e+01,3.629592e+01,3.629592e+01,3.629592e+01,3.629592e+01,3.629592e+01,3.629592e+01,3.629592e+01,3.629592e+01,3.629592e+01,3.629592e+01,3.629592e+01,3.629592e+01,3.629592e+01,3.629592e+01,3.629592e+01,3.629592e+01,3.629592e+01,3.629592e+01,3.629592e+01,3.629592e+01,3.629592e+01,3.629592e+01,3.629592e+01,3.629592e+01,3.570190e+01,3.570190e+01,3.570190e+01,3.570190e+01,3.570190e+01,3.570190e+01,3.570190e+01,3.570190e+01,3.570190e+01,3.570190e+01,3.570190e+01,3.570190e+01,3.570190e+01,3.570190e+01,3.570190e+01,3.570190e+01,3.570190e+01,3.528554e+01,3.528554e+01,3.528554e+01,3.528554e+01,3.528554e+01,3.528554e+01,3.528554e+01,3.528554e+01,3.528554e+01,3.528554e+01,3.528554e+01,3.528554e+01,3.528554e+01,3.528554e+01,3.482569e+01,3.482569e+01,3.482569e+01,3.482569e+01,3.482569e+01,3.482569e+01,3.482569e+01,3.482569e+01,3.436387e+01,3.436387e+01,3.436387e+01,3.436387e+01,3.436387e+01,3.370269e+01,3.370269e+01,3.370269e+01,3.370269e+01,3.370269e+01,3.370269e+01,3.370269e+01,3.370269e+01,3.339180e+01,3.323601e+01,3.323601e+01,3.323601e+01,3.323601e+01,3.323601e+01,3.323601e+01,3.323601e+01,3.323601e+01,3.296638e+01,3.280997e+01,3.280997e+01,3.280997e+01,3.280997e+01,3.280997e+01,3.222495e+01,3.239651e+01,3.239651e+01,3.239651e+01,3.239651e+01,3.239651e+01,3.239651e+01,3.239651e+01,3.239651e+01,3.239651e+01,3.239651e+01,3.239651e+01,3.239651e+01,3.239651e+01,3.239651e+01,3.239651e+01,3.239651e+01,3.239651e+01,3.239651e+01,3.239651e+01,3.239651e+01,3.239651e+01,3.239651e+01,3.239651e+01,3.239651e+01,3.239651e+01,3.239651e+01,3.239651e+01,3.239651e+01,3.239651e+01,3.239651e+01,3.239651e+01,3.239651e+01,3.239651e+01,3.239651e+01,3.239651e+01,3.239651e+01,3.239651e+01,3.239651e+01,3.239651e+01,3.239651e+01,3.180918e+01,3.196708e+01,3.213906e+01,3.213906e+01,3.213906e+01,3.213906e+01,3.213906e+01,3.213906e+01,3.213906e+01,3.213906e+01,3.213906e+01,3.213906e+01,3.213906e+01,3.213906e+01,3.213906e+01,3.213906e+01,3.213906e+01,3.213906e+01,3.213906e+01,3.213906e+01,3.213906e+01,3.213906e+01,3.213906e+01,3.213906e+01,3.213906e+01,3.213906e+01,3.213906e+01,3.213906e+01,3.213906e+01,3.213906e+01,3.213906e+01,3.213906e+01,3.213906e+01,3.213906e+01,3.213906e+01,3.272456e+01,3.255353e+01,3.255353e+01,3.255353e+01,3.255353e+01,3.255353e+01,3.255353e+01,3.255353e+01,3.255353e+01,3.255353e+01,3.255353e+01,3.255353e+01,3.255353e+01,3.255353e+01,3.255353e+01,3.255353e+01,3.255353e+01,3.255353e+01,3.255353e+01,3.255353e+01,3.255353e+01,3.255353e+01,3.255353e+01,3.255353e+01,3.255353e+01,3.255353e+01,3.255353e+01,3.255353e+01,3.255353e+01,3.255353e+01,3.255353e+01,3.196708e+01,3.213906e+01,3.213906e+01,3.213906e+01,3.272456e+01,3.255353e+01,3.255353e+01,3.255353e+01,3.255353e+01,3.255353e+01,3.255353e+01,3.255353e+01,3.255353e+01,3.255353e+01,3.255353e+01,3.196708e+01,3.213906e+01,3.213906e+01,3.213906e+01,3.213906e+01,3.213906e+01,3.213906e+01,3.272456e+01,3.255353e+01,3.255353e+01,3.255353e+01,3.255353e+01,3.255353e+01,3.255353e+01,3.255353e+01,3.255353e+01,3.255353e+01,3.255353e+01,3.255353e+01,3.196708e+01,3.213906e+01,3.213906e+01,3.213906e+01,3.213906e+01,3.213906e+01,3.213906e+01,3.213906e+01,3.213906e+01,3.213906e+01,3.213906e+01,3.213906e+01,3.213906e+01,3.213906e+01,3.213906e+01,3.213906e+01,3.213906e+01,3.213906e+01,3.213906e+01,3.213906e+01,3.213906e+01,3.213906e+01,3.213906e+01,3.213906e+01,3.213906e+01,3.213906e+01,3.213906e+01,3.213906e+01,3.213906e+01,3.213906e+01,3.213906e+01,3.213906e+01,3.213906e+01,3.213906e+01,3.213906e+01,3.272456e+01,3.255353e+01,3.255353e+01,3.255353e+01,3.255353e+01,3.255353e+01,3.255353e+01,3.255353e+01,3.255353e+01,3.255353e+01,3.255353e+01,3.255353e+01,3.255353e+01,3.255353e+01,3.255353e+01,3.255353e+01,3.255353e+01,3.255353e+01,3.255353e+01,3.255353e+01,3.255353e+01,3.255353e+01,3.255353e+01,3.255353e+01,3.255353e+01,3.255353e+01,3.255353e+01,3.255353e+01,3.255353e+01,3.196708e+01,3.213906e+01,3.213906e+01,3.213906e+01,3.213906e+01,3.213906e+01,3.213906e+01,3.213906e+01,3.213906e+01,3.213906e+01,3.213906e+01,3.213906e+01,3.155030e+01,3.172296e+01,3.169420e+01,3.157909e+01,3.157909e+01,3.157909e+01,3.157909e+01,3.157909e+01,3.157909e+01,3.157909e+01,3.157909e+01,3.157909e+01,3.157909e+01,3.157909e+01,3.157909e+01,3.157909e+01,3.157909e+01,3.157909e+01,3.157909e+01,3.157909e+01,3.157909e+01,3.157909e+01,3.157909e+01,3.157909e+01,3.157909e+01,3.157909e+01,3.157909e+01,3.157909e+01,3.157909e+01,3.157909e+01,3.157909e+01,3.157909e+01,3.157909e+01,3.157909e+01,3.157909e+01,3.157909e+01,3.157909e+01,3.157909e+01,3.157909e+01,3.157909e+01,3.157909e+01,3.157909e+01,3.157909e+01,3.157909e+01,3.100166e+01,3.100166e+01,3.100166e+01,3.100166e+01,3.100166e+01,3.100166e+01,3.100166e+01,3.100166e+01,3.100166e+01,3.100166e+01,3.100166e+01,3.100166e+01,3.100166e+01,3.100166e+01,3.100166e+01,3.100166e+01,3.100166e+01,3.100166e+01,3.100166e+01,3.100166e+01,3.100166e+01,3.100166e+01,3.100166e+01,3.100166e+01,3.100166e+01,3.100166e+01,3.100166e+01,3.100166e+01,3.155030e+01,3.155030e+01,3.155030e+01,3.155030e+01,3.155030e+01,3.155030e+01,3.155030e+01,3.155030e+01,3.155030e+01,3.155030e+01,3.155030e+01,3.213906e+01,3.213906e+01,3.213906e+01,3.213906e+01,3.213906e+01,3.213906e+01,3.213906e+01,3.213906e+01,3.213906e+01,3.213906e+01,3.213906e+01,3.213906e+01,3.213906e+01,3.213906e+01,3.213906e+01,3.213906e+01,3.213906e+01,3.213906e+01,3.213906e+01,3.213906e+01,3.213906e+01,3.213906e+01,3.213906e+01,3.213906e+01,3.213906e+01,3.213906e+01,3.213906e+01,3.213906e+01,3.213906e+01,3.213906e+01,3.213906e+01,3.213906e+01,3.213906e+01,3.213906e+01,3.213906e+01,3.213906e+01,3.213906e+01,3.213906e+01,3.213906e+01,3.213906e+01,3.272456e+01,3.269607e+01,3.268183e+01,3.268183e+01,3.268183e+01,3.268183e+01,3.268183e+01,3.268183e+01,3.268183e+01,3.268183e+01,3.268183e+01,3.268183e+01,3.268183e+01,3.268183e+01,3.268183e+01,3.268183e+01,3.268183e+01,3.268183e+01,3.326435e+01,3.309418e+01,3.309418e+01,3.309418e+01,3.309418e+01,3.309418e+01,3.309418e+01,3.309418e+01,3.309418e+01,3.309418e+01,3.309418e+01,3.309418e+01,3.309418e+01,3.309418e+01,3.309418e+01,3.309418e+01,3.309418e+01,3.309418e+01,3.309418e+01,3.309418e+01,3.309418e+01,3.309418e+01,3.309418e+01,3.309418e+01,3.309418e+01,3.309418e+01,3.309418e+01,3.309418e+01,3.309418e+01,3.309418e+01,3.309418e+01,3.309418e+01,3.309418e+01,3.309418e+01,3.309418e+01,3.309418e+01,3.309418e+01,3.309418e+01,3.309418e+01,3.309418e+01,3.309418e+01,3.309418e+01,3.309418e+01,3.309418e+01,3.367447e+01,3.350495e+01,3.350495e+01,3.350495e+01,3.350495e+01,3.350495e+01,3.350495e+01,3.350495e+01,3.350495e+01,3.350495e+01,3.350495e+01,3.350495e+01,3.350495e+01,3.350495e+01,3.350495e+01,3.350495e+01,3.350495e+01,3.350495e+01,3.350495e+01,3.350495e+01,3.350495e+01,3.350495e+01,3.350495e+01,3.350495e+01,3.350495e+01,3.350495e+01,3.408302e+01,3.391415e+01,3.391415e+01,3.391415e+01,3.391415e+01,3.391415e+01,3.391415e+01,3.391415e+01,3.391415e+01,3.391415e+01,3.391415e+01,3.391415e+01,3.391415e+01,3.391415e+01,3.391415e+01,3.391415e+01,3.391415e+01,3.391415e+01,3.391415e+01,3.391415e+01,3.391415e+01,3.391415e+01,3.391415e+01,3.449002e+01,3.432179e+01,3.432179e+01,3.432179e+01,3.432179e+01,3.432179e+01,3.432179e+01,3.432179e+01,3.432179e+01,3.432179e+01,3.432179e+01,3.432179e+01,3.432179e+01,3.432179e+01,3.432179e+01,3.489548e+01,3.472789e+01,3.472789e+01,3.472789e+01
3.579882e+01,3.579882e+01,3.579882e+01,3.579882e+01,3.579882e+01,3.579882e+01,3.579882e+01,3.579882e+01,3.579882e+01,3.579882e+01,3.579882e+01,3.579882e+01,3.579882e+01,3.579882e+01,3.579882e+01,3.579882e+01,3.579882e+01,3.579882e+01,3.579882e+01,3.579882e+01,3.579882e+01,3.579882e+01,3.619944e+01,3.619944e+01,3.619944e+01,3.619944e+01,3.619944e+01,3.619944e+01,3.619944e+01,3.619944e+01,3.619944e+01,3.619944e+01,3.619944e+01,3.619944e+01,3.619944e+01,3.619944e+01,3.619944e+01,3.619944e+01,3.619944e+01,3.619944e+01,3.619944e+01,3.619944e+01,3.619944e+01,3.619944e+01,3.619944e+01,3.619944e+01,3.619944e+01,3.619944e+01,3.563261e+01,3.578498e+01,3.595095e+01,3.595095e+01,3.595095e+01,3.595095e+01,3.595095e+01,3.595095e+01,3.595095e+01,3.595095e+01,3.595095e+01,3.595095e+01,3.595095e+01,3.595095e+01,3.595095e+01,3.595095e+01,3.595095e+01,3.595095e+01,3.595095e+01,3.595095e+01,3.595095e+01,3.595095e+01,3.595095e+01,3.595095e+01,3.595095e+01,3.595095e+01,3.651613e+01,3.592331e+01,3.628214e+01,3.628214e+01,3.628214e+01,3.628214e+01,3.628214e+01,3.628214e+01,3.628214e+01,3.628214e+01,3.628214e+01,3.628214e+01,3.628214e+01,3.628214e+01,3.628214e+01,3.628214e+01,3.628214e+01,3.628214e+01,3.628214e+01,3.628214e+01,3.628214e+01,3.628214e+01,3.628214e+01,3.628214e+01,3.628214e+01,3.628214e+01,3.628214e+01,3.628214e+01,3.628214e+01,3.628214e+01,3.628214e+01,3.626836e+01,3.611667e+01,3.595095e+01,3.595095e+01,3.595095e+01,3.595095e+01,3.595095e+01,3.595095e+01,3.595095e+01,3.595095e+01,3.595095e+01,3.595095e+01,3.595095e+01,3.595095e+01,3.595095e+01,3.595095e+01,3.585417e+01,3.570190e+01,3.553555e+01,3.553555e+01,3.553555e+01,3.553555e+01,3.553555e+01,3.553555e+01,3.553555e+01,3.553555e+01,3.553555e+01,3.553555e+01,3.553555e+01,3.539672e+01,3.524381e+01,3.507676e+01,3.507676e+01,3.507676e+01,3.507676e+01,3.507676e+01,3.450402e+01,3.446200e+01,3.446200e+01,3.446200e+01,3.446200e+01,3.446200e+01,3.446200e+01,3.427969e+01,3.412519e+01,3.395639e+01,3.395639e+01,3.395639e+01,3.337764e+01,3.397047e+01,3.368858e+01,3.336349e+01,3.336349e+01,3.336349e+01,3.336349e+01,3.336349e+01,3.336349e+01,3.278151e+01,3.295218e+01,3.295218e+01,3.295218e+01,3.295218e+01,3.295218e+01,3.295218e+01,3.295218e+01,3.280997e+01,3.265333e+01,3.265333e+01,3.265333e+01,3.265333e+01,3.265333e+01,3.265333e+01,3.265333e+01,3.265333e+01,3.265333e+01,3.265333e+01,3.265333e+01,3.265333e+01,3.265333e+01,3.265333e+01,3.265333e+01,3.265333e+01,3.265333e+01,3.265333e+01,3.265333e+01,3.265333e+01,3.265333e+01,3.265333e+01,3.265333e+01,3.265333e+01,3.265333e+01,3.265333e+01,3.265333e+01,3.265333e+01,3.265333e+01,3.265333e+01,3.265333e+01,3.206744e+01,3.223925e+01,3.223925e+01,3.223925e+01,3.223925e+01,3.223925e+01,3.223925e+01,3.223925e+01,3.223925e+01,3.223925e+01,3.223925e+01,3.223925e+01,3.223925e+01,3.223925e+01,3.223925e+01,3.223925e+01,3.223925e+01,3.223925e+01,3.223925e+01,3.223925e+01,3.223925e+01,3.223925e+01,3.223925e+01,3.223925e+01,3.223925e+01,3.223925e+01,3.223925e+01,3.223925e+01,3.223925e+01,3.223925e+01,3.223925e+01,3.223925e+01,3.223925e+01,3.223925e+01,3.223925e+01,3.223925e+01,3.223925e+01,3.223925e+01,3.223925e+01,3.223925e+01,3.223925e+01,3.223925e+01,3.223925e+01,3.223925e+01,3.223925e+01,3.223925e+01,3.223925e+01,3.223925e+01,3.223925e+01,3.223925e+01,3.223925e+01,3.223925e+01,3.255353e+01,3.255353e+01,3.255353e+01,3.255353e+01,3.255353e+01,3.255353e+01,3.255353e+01,3.255353e+01,3.255353e+01,3.255353e+01,3.255353e+01,3.255353e+01,3.255353e+01,3.255353e+01,3.255353e+01,3.255353e+01,3.255353e+01,3.255353e+01,3.255353e+01,3.255353e+01,3.255353e+01,3.255353e+01,3.255353e+01,3.255353e+01,3.213906e+01,3.213906e+01,3.213906e+01,3.213906e+01,3.213906e+01,3.213906e+01,3.213906e+01,3.213906e+01,3.213906e+01,3.213906e+01,3.213906e+01,3.213906e+01,3.255353e+01,3.251073e+01,3.209609e+01,3.268183e+01,3.252500e+01,3.235364e+01,3.235364e+01,3.235364e+01,3.235364e+01,3.235364e+01,3.235364e+01,3.235364e+01,3.235364e+01,3.235364e+01,3.235364e+01,3.235364e+01,3.235364e+01,3.235364e+01,3.235364e+01,3.235364e+01,3.235364e+01,3.235364e+01,3.235364e+01,3.235364e+01,3.235364e+01,3.235364e+01,3.235364e+01,3.235364e+01,3.235364e+01,3.235364e+01,3.235364e+01,3.235364e+01,3.235364e+01,3.235364e+01,3.235364e+01,3.235364e+01,3.235364e+01,3.235364e+01,3.235364e+01,3.235364e+01,3.235364e+01,3.235364e+01,3.235364e+01,3.235364e+01,3.235364e+01,3.235364e+01,3.235364e+01,3.235364e+01,3.235364e+01,3.235364e+01,3.235364e+01,3.235364e+01,3.235364e+01,3.235364e+01,3.235364e+01,3.235364e+01,3.235364e+01,3.235364e+01,3.235364e+01,3.235364e+01,3.235364e+01,3.235364e+01,3.235364e+01,3.293796e+01,3.276727e+01,3.276727e+01,3.276727e+01,3.276727e+01,3.276727e+01,3.276727e+01,3.276727e+01,3.276727e+01,3.276727e+01,3.276727e+01,3.276727e+01,3.276727e+01,3.276727e+01,3.276727e+01,3.276727e+01,3.276727e+01,3.218201e+01,3.235364e+01,3.235364e+01,3.235364e+01,3.235364e+01,3.235364e+01,3.235364e+01,3.235364e+01,3.235364e+01,3.235364e+01,3.235364e+01,3.235364e+01,3.235364e+01,3.176608e+01,3.193839e+01,3.193839e+01,3.193839e+01,3.193839e+01,3.193839e+01,3.193839e+01,3.193839e+01,3.193839e+01,3.193839e+01,3.157909e+01,3.157909e+01,3.157909e+01,3.157909e+01,3.157909e+01,3.157909e+01,3.157909e+01,3.157909e+01,3.157909e+01,3.157909e+01,3.157909e+01,3.157909e+01,3.157909e+01,3.157909e+01,3.157909e+01,3.157909e+01,3.157909e+01,3.157909e+01,3.157909e+01,3.157909e+01,3.157909e+01,3.157909e+01,3.157909e+01,3.157909e+01,3.157909e+01,3.157909e+01,3.157909e+01,3.157909e+01,3.157909e+01,3.157909e+01,3.157909e+01,3.157909e+01,3.157909e+01,3.157909e+01,3.157909e+01,3.157909e+01,3.157909e+01,3.157909e+01,3.157909e+01,3.100166e+01,3.100166e+01,3.100166e+01,3.100166e+01,3.100166e+01,3.100166e+01,3.100166e+01,3.100166e+01,3.100166e+01,3.100166e+01,3.100166e+01,3.100166e+01,3.100166e+01,3.100166e+01,3.100166e+01,3.100166e+01,3.100166e+01,3.100166e+01,3.100166e+01,3.100166e+01,3.100166e+01,3.100166e+01,3.159349e+01,3.143503e+01,3.126190e+01,3.126190e+01,3.126190e+01,3.126190e+01,3.126190e+01,3.126190e+01,3.126190e+01,3.185227e+01,3.167982e+01,3.167982e+01,3.167982e+01,3.167982e+01,3.167982e+01,3.167982e+01,3.167982e+01,3.167982e+01,3.167982e+01,3.167982e+01,3.167982e+01,3.167982e+01,3.213906e+01,3.213906e+01,3.213906e+01,3.213906e+01,3.213906e+01,3.213906e+01,3.213906e+01,3.213906e+01,3.213906e+01,3.213906e+01,3.213906e+01,3.213906e+01,3.213906e+01,3.213906e+01,3.213906e+01,3.213906e+01,3.213906e+01,3.213906e+01,3.213906e+01,3.213906e+01,3.213906e+01,3.213906e+01,3.213906e+01,3.213906e+01,3.213906e+01,3.213906e+01,3.213906e+01,3.213906e+01,3.213906e+01,3.213906e+01,3.213906e+01,3.213906e+01,3.213906e+01,3.213906e+01,3.272456e+01,3.272456e+01,3.272456e+01,3.272456e+01,3.272456e+01,3.272456e+01,3.272456e+01,3.272456e+01,3.272456e+01,3.272456e+01,3.272456e+01,3.272456e+01,3.272456e+01,3.272456e+01,3.272456e+01,3.330685e+01,3.315094e+01,3.310838e+01,3.316512e+01,3.316512e+01,3.316512e+01,3.316512e+01,3.316512e+01,3.316512e+01,3.316512e+01,3.316512e+01,3.316512e+01,3.316512e+01,3.316512e+01,3.316512e+01,3.316512e+01,3.316512e+01,3.316512e+01,3.316512e+01,3.316512e+01,3.316512e+01,3.316512e+01,3.316512e+01,3.316512e+01,3.316512e+01,3.316512e+01,3.316512e+01,3.316512e+01,3.316512e+01,3.316512e+01,3.316512e+01,3.316512e+01,3.316512e+01,3.316512e+01,3.316512e+01,3.316512e+01,3.316512e+01,3.316512e+01,3.316512e+01,3.316512e+01,3.316512e+01,3.316512e+01,3.316512e+01,3.316512e+01,3.316512e+01,3.316512e+01,3.316512e+01,3.316512e+01,3.316512e+01,3.316512e+01,3.350495e+01,3.350495e+01,3.350495e+01,3.350495e+01,3.350495e+01,3.350495e+01,3.350495e+01,3.350495e+01,3.350495e+01,3.350495e+01,3.350495e+01,3.350495e+01,3.350495e+01,3.350495e+01,3.350495e+01,3.350495e+01,3.350495e+01,3.350495e+01,3.350495e+01,3.350495e+01,3.350495e+01,3.350495e+01,3.350495e+01,3.350495e+01,3.350495e+01,3.391415e+01,3.391415e+01,3.391415e+01,3.391415e+01,3.391415e+01,3.391415e+01,3.391415e+01,3.391415e+01,3.391415e+01,3.391415e+01,3.391415e+01,3.391415e+01,3.391415e+01,3.391415e+01,3.391415e+01,3.391415e+01,3.391415e+01,3.391415e+01,3.391415e+01,3.391415e+01,3.449002e+01,3.444798e+01,3.444798e+01,3.444798e+01,3.444798e+01,3.444798e+01,3.444798e+01,3.444798e+01,3.444798e+01,3.444798e+01,3.444798e+01,3.444798e+01,3.444798e+01,3.444798e+01,3.444798e+01,3.444798e+01,3.444798e+01,3.444798e+01,3.502101e+01,3.485361e+01
3.579882e+01,3.579882e+01,3.579882e+01,3.579882e+01,3.579882e+01,3.579882e+01,3.579882e+01,3.579882e+01,3.579882e+01,3.579882e+01,3.579882e+01,3.579882e+01,3.579882e+01,3.579882e+01,3.579882e+01,3.579882e+01,3.579882e+01,3.579882e+01,3.579882e+01,3.579882e+01,3.579882e+01,3.636478e+01,3.633725e+01,3.633725e+01,3.633725e+01,3.633725e+01,3.633725e+01,3.633725e+01,3.633725e+01,3.633725e+01,3.633725e+01,3.633725e+01,3.633725e+01,3.633725e+01,3.633725e+01,3.633725e+01,3.633725e+01,3.633725e+01,3.633725e+01,3.633725e+01,3.633725e+01,3.633725e+01,3.633725e+01,3.633725e+01,3.633725e+01,3.633725e+01,3.633725e+01,3.577114e+01,3.572960e+01,3.629592e+01,3.614427e+01,3.614427e+01,3.614427e+01,3.614427e+01,3.614427e+01,3.614427e+01,3.614427e+01,3.614427e+01,3.614427e+01,3.614427e+01,3.614427e+01,3.614427e+01,3.614427e+01,3.614427e+01,3.614427e+01,3.614427e+01,3.614427e+01,3.614427e+01,3.614427e+01,3.614427e+01,3.614427e+01,3.614427e+01,3.614427e+01,3.614427e+01,3.614427e+01,3.614427e+01,3.614427e+01,3.670845e+01,3.654363e+01,3.654363e+01,3.654363e+01,3.654363e+01,3.654363e+01,3.654363e+01,3.654363e+01,3.654363e+01,3.654363e+01,3.654363e+01,3.654363e+01,3.654363e+01,3.654363e+01,3.654363e+01,3.654363e+01,3.654363e+01,3.654363e+01,3.654363e+01,3.654363e+01,3.654363e+01,3.654363e+01,3.597859e+01,3.614427e+01,3.614427e+01,3.614427e+01,3.614427e+01,3.614427e+01,3.614427e+01,3.614427e+01,3.614427e+01,3.614427e+01,3.614427e+01,3.614427e+01,3.614427e+01,3.614427e+01,3.614427e+01,3.614427e+01,3.614427e+01,3.614427e+01,3.614427e+01,3.614427e+01,3.614427e+01,3.614427e+01,3.614427e+01,3.614427e+01,3.614427e+01,3.553555e+01,3.553555e+01,3.553555e+01,3.553555e+01,3.553555e+01,3.553555e+01,3.553555e+01,3.553555e+01,3.553555e+01,3.553555e+01,3.553555e+01,3.553555e+01,3.553555e+01,3.507676e+01,3.507676e+01,3.507676e+01,3.507676e+01,3.507676e+01,3.503495e+01,3.488153e+01,3.471391e+01,3.471391e+01,3.471391e+01,3.471391e+01,3.427969e+01,3.427969e+01,3.427969e+01,3.427969e+01,3.427969e+01,3.395639e+01,3.392823e+01,3.366035e+01,3.397047e+01,3.381552e+01,3.364623e+01,3.364623e+01,3.306580e+01,3.306580e+01,3.346253e+01,3.330685e+01,3.313675e+01,3.313675e+01,3.255353e+01,3.272456e+01,3.272456e+01,3.272456e+01,3.272456e+01,3.272456e+01,3.272456e+01,3.272456e+01,3.272456e+01,3.272456e+01,3.272456e+01,3.272456e+01,3.272456e+01,3.272456e+01,3.272456e+01,3.272456e+01,3.272456e+01,3.272456e+01,3.272456e+01,3.272456e+01,3.272456e+01,3.272456e+01,3.272456e+01,3.272456e+01,3.272456e+01,3.272456e+01,3.272456e+01,3.272456e+01,3.272456e+01,3.272456e+01,3.272456e+01,3.272456e+01,3.272456e+01,3.272456e+01,3.272456e+01,3.272456e+01,3.272456e+01,3.272456e+01,3.272456e+01,3.223925e+01,3.223925e+01,3.223925e+01,3.223925e+01,3.223925e+01,3.223925e+01,3.223925e+01,3.223925e+01,3.223925e+01,3.223925e+01,3.223925e+01,3.223925e+01,3.223925e+01,3.223925e+01,3.223925e+01,3.223925e+01,3.223925e+01,3.223925e+01,3.223925e+01,3.223925e+01,3.223925e+01,3.223925e+01,3.223925e+01,3.223925e+01,3.223925e+01,3.223925e+01,3.223925e+01,3.223925e+01,3.223925e+01,3.223925e+01,3.223925e+01,3.223925e+01,3.223925e+01,3.223925e+01,3.223925e+01,3.223925e+01,3.223925e+01,3.223925e+01,3.223925e+01,3.223925e+01,3.223925e+01,3.223925e+01,3.223925e+01,3.223925e+01,3.223925e+01,3.223925e+01,3.223925e+01,3.223925e+01,3.223925e+01,3.223925e+01,3.255353e+01,3.255353e+01,3.255353e+01,3.255353e+01,3.255353e+01,3.255353e+01,3.255353e+01,3.255353e+01,3.255353e+01,3.255353e+01,3.255353e+01,3.255353e+01,3.255353e+01,3.255353e+01,3.255353e+01,3.255353e+01,3.255353e+01,3.255353e+01,3.255353e+01,3.255353e+01,3.255353e+01,3.255353e+01,3.255353e+01,3.213906e+01,3.213906e+01,3.213906e+01,3.213906e+01,3.213906e+01,3.213906e+01,3.213906e+01,3.213906e+01,3.213906e+01,3.213906e+01,3.213906e+01,3.213906e+01,3.213906e+01,3.251073e+01,3.268183e+01,3.263908e+01,3.263908e+01,3.263908e+01,3.263908e+01,3.263908e+01,3.263908e+01,3.263908e+01,3.263908e+01,3.263908e+01,3.263908e+01,3.205310e+01,3.222495e+01,3.222495e+01,3.222495e+01,3.222495e+01,3.222495e+01,3.222495e+01,3.222495e+01,3.222495e+01,3.222495e+01,3.222495e+01,3.222495e+01,3.222495e+01,3.222495e+01,3.222495e+01,3.222495e+01,3.222495e+01,3.222495e+01,3.222495e+01,3.222495e+01,3.222495e+01,3.222495e+01,3.222495e+01,3.222495e+01,3.222495e+01,3.222495e+01,3.222495e+01,3.222495e+01,3.222495e+01,3.222495e+01,3.222495e+01,3.222495e+01,3.222495e+01,3.222495e+01,3.222495e+01,3.222495e+01,3.222495e+01,3.222495e+01,3.222495e+01,3.222495e+01,3.222495e+01,3.222495e+01,3.222495e+01,3.222495e+01,3.280997e+01,3.263908e+01,3.263908e+01,3.263908e+01,3.263908e+01,3.263908e+01,3.263908e+01,3.263908e+01,3.263908e+01,3.263908e+01,3.263908e+01,3.263908e+01,3.263908e+01,3.263908e+01,3.263908e+01,3.263908e+01,3.263908e+01,3.263908e+01,3.263908e+01,3.263908e+01,3.263908e+01,3.263908e+01,3.263908e+01,3.263908e+01,3.263908e+01,3.263908e+01,3.263908e+01,3.263908e+01,3.205310e+01,3.222495e+01,3.222495e+01,3.222495e+01,3.222495e+01,3.222495e+01,3.222495e+01,3.222495e+01,3.222495e+01,3.222495e+01,3.222495e+01,3.222495e+01,3.163666e+01,3.180918e+01,3.180918e+01,3.180918e+01,3.180918e+01,3.180918e+01,3.180918e+01,3.180918e+01,3.180918e+01,3.180918e+01,3.180918e+01,3.180918e+01,3.180918e+01,3.180918e+01,3.180918e+01,3.180918e+01,3.180918e+01,3.180918e+01,3.180918e+01,3.180918e+01,3.180918e+01,3.180918e+01,3.180918e+01,3.180918e+01,3.180918e+01,3.180918e+01,3.180918e+01,3.180918e+01,3.180918e+01,3.180918e+01,3.180918e+01,3.180918e+01,3.180918e+01,3.180918e+01,3.180918e+01,3.180918e+01,3.121857e+01,3.139178e+01,3.139178e+01,3.139178e+01,3.139178e+01,3.139178e+01,3.139178e+01,3.139178e+01,3.139178e+01,3.139178e+01,3.139178e+01,3.139178e+01,3.139178e+01,3.139178e+01,3.139178e+01,3.139178e+01,3.100166e+01,3.100166e+01,3.100166e+01,3.100166e+01,3.100166e+01,3.100166e+01,3.100166e+01,3.100166e+01,3.100166e+01,3.100166e+01,3.100166e+01,3.100166e+01,3.100166e+01,3.100166e+01,3.100166e+01,3.100166e+01,3.143503e+01,3.143503e+01,3.143503e+01,3.143503e+01,3.143503e+01,3.143503e+01,3.143503e+01,3.143503e+01,3.143503e+01,3.143503e+01,3.143503e+01,3.143503e+01,3.202444e+01,3.185227e+01,3.185227e+01,3.185227e+01,3.185227e+01,3.185227e+01,3.185227e+01,3.185227e+01,3.185227e+01,3.185227e+01,3.185227e+01,3.185227e+01,3.185227e+01,3.185227e+01,3.185227e+01,3.185227e+01,3.185227e+01,3.185227e+01,3.185227e+01,3.185227e+01,3.185227e+01,3.185227e+01,3.185227e+01,3.185227e+01,3.243935e+01,3.226786e+01,3.226786e+01,3.226786e+01,3.226786e+01,3.226786e+01,3.226786e+01,3.226786e+01,3.226786e+01,3.226786e+01,3.226786e+01,3.226786e+01,3.226786e+01,3.226786e+01,3.226786e+01,3.226786e+01,3.226786e+01,3.226786e+01,3.226786e+01,3.226786e+01,3.272456e+01,3.272456e+01,3.272456e+01,3.272456e+01,3.272456e+01,3.272456e+01,3.272456e+01,3.272456e+01,3.272456e+01,3.272456e+01,3.272456e+01,3.272456e+01,3.272456e+01,3.272456e+01,3.272456e+01,3.315094e+01,3.315094e+01,3.315094e+01,3.315094e+01,3.315094e+01,3.315094e+01,3.315094e+01,3.315094e+01,3.315094e+01,3.315094e+01,3.315094e+01,3.315094e+01,3.315094e+01,3.315094e+01,3.373091e+01,3.357561e+01,3.340595e+01,3.340595e+01,3.340595e+01,3.340595e+01,3.340595e+01,3.340595e+01,3.340595e+01,3.340595e+01,3.340595e+01,3.340595e+01,3.340595e+01,3.340595e+01,3.340595e+01,3.340595e+01,3.340595e+01,3.340595e+01,3.340595e+01,3.340595e+01,3.340595e+01,3.340595e+01,3.340595e+01,3.340595e+01,3.340595e+01,3.340595e+01,3.340595e+01,3.340595e+01,3.340595e+01,3.340595e+01,3.340595e+01,3.340595e+01,3.340595e+01,3.340595e+01,3.340595e+01,3.340595e+01,3.340595e+01,3.340595e+01,3.340595e+01,3.340595e+01,3.340595e+01,3.340595e+01,3.340595e+01,3.340595e+01,3.340595e+01,3.340595e+01,3.340595e+01,3.340595e+01,3.340595e+01,3.340595e+01,3.340595e+01,3.340595e+01,3.340595e+01,3.340595e+01,3.398454e+01,3.382962e+01,3.366035e+01,3.366035e+01,3.366035e+01,3.366035e+01,3.366035e+01,3.366035e+01,3.366035e+01,3.366035e+01,3.366035e+01,3.366035e+01,3.423758e+01,3.406895e+01,3.406895e+01,3.406895e+01,3.406895e+01,3.406895e+01,3.406895e+01,3.406895e+01,3.406895e+01,3.406895e+01,3.406895e+01,3.406895e+01,3.406895e+01,3.406895e+01,3.406895e+01,3.406895e+01,3.406895e+01,3.406895e+01,3.444798e+01,3.444798e+01,3.444798e+01,3.444798e+01,3.444798e+01,3.444798e+01,3.444798e+01,3.444798e+01,3.444798e+01,3.444798e+01,3.444798e+01,3.444798e+01,3.444798e+01,3.502101e+01,3.497919e+01,3.497919e+01
3.579882e+01,3.579882e+01,3.579882e+01,3.579882e+01,3.579882e+01,3.579882e+01,3.579882e+01,3.579882e+01,3.579882e+01,3.579882e+01,3.579882e+01,3.579882e+01,3.579882e+01,3.579882e+01,3.579882e+01,3.579882e+01,3.579882e+01,3.579882e+01,3.579882e+01,3.579882e+01,3.636478e+01,3.632347e+01,3.575729e+01,3.590948e+01,3.607527e+01,3.607527e+01,3.607527e+01,3.607527e+01,3.607527e+01,3.607527e+01,3.607527e+01,3.607527e+01,3.607527e+01,3.607527e+01,3.607527e+01,3.607527e+01,3.607527e+01,3.607527e+01,3.607527e+01,3.607527e+01,3.607527e+01,3.607527e+01,3.607527e+01,3.607527e+01,3.607527e+01,3.607527e+01,3.607527e+01,3.607527e+01,3.607527e+01,3.607527e+01,3.607527e+01,3.607527e+01,3.607527e+01,3.607527e+01,3.607527e+01,3.607527e+01,3.607527e+01,3.607527e+01,3.607527e+01,3.607527e+01,3.607527e+01,3.607527e+01,3.607527e+01,3.607527e+01,3.607527e+01,3.607527e+01,3.607527e+01,3.607527e+01,3.607527e+01,3.607527e+01,3.663980e+01,3.648863e+01,3.632347e+01,3.632347e+01,3.632347e+01,3.632347e+01,3.632347e+01,3.632347e+01,3.632347e+01,3.632347e+01,3.688674e+01,3.672218e+01,3.672218e+01,3.672218e+01,3.672218e+01,3.672218e+01,3.672218e+01,3.672218e+01,3.672218e+01,3.672218e+01,3.672218e+01,3.672218e+01,3.672218e+01,3.672218e+01,3.672218e+01,3.672218e+01,3.672218e+01,3.672218e+01,3.672218e+01,3.672218e+01,3.614427e+01,3.670845e+01,3.655737e+01,3.639232e+01,3.639232e+01,3.639232e+01,3.639232e+01,3.639232e+01,3.639232e+01,3.639232e+01,3.639232e+01,3.639232e+01,3.639232e+01,3.639232e+01,3.639232e+01,3.639232e+01,3.639232e+01,3.639232e+01,3.639232e+01,3.639232e+01,3.639232e+01,3.639232e+01,3.639232e+01,3.582650e+01,3.621323e+01,3.606146e+01,3.590948e+01,3.574345e+01,3.574345e+01,3.574345e+01,3.574345e+01,3.574345e+01,3.574345e+01,3.574345e+01,3.574345e+01,3.574345e+01,3.574345e+01,3.574345e+01,3.564648e+01,3.549392e+01,3.532724e+01,3.532724e+01,3.503495e+01,3.503495e+01,3.503495e+01,3.471391e+01,3.471391e+01,3.471391e+01,3.471391e+01,3.471391e+01,3.427969e+01,3.427969e+01,3.427969e+01,3.427969e+01,3.427969e+01,3.366035e+01,3.392823e+01,3.392823e+01,3.334933e+01,3.334933e+01,3.319348e+01,3.322184e+01,3.342010e+01,3.342010e+01,3.342010e+01,3.283843e+01,3.326435e+01,3.310838e+01,3.293796e+01,3.293796e+01,3.293796e+01,3.293796e+01,3.293796e+01,3.293796e+01,3.293796e+01,3.293796e+01,3.293796e+01,3.293796e+01,3.293796e+01,3.293796e+01,3.293796e+01,3.293796e+01,3.293796e+01,3.293796e+01,3.293796e+01,3.293796e+01,3.293796e+01,3.293796e+01,3.235364e+01,3.252500e+01,3.252500e+01,3.252500e+01,3.252500e+01,3.252500e+01,3.252500e+01,3.252500e+01,3.252500e+01,3.252500e+01,3.252500e+01,3.252500e+01,3.252500e+01,3.252500e+01,3.252500e+01,3.252500e+01,3.252500e+01,3.252500e+01,3.252500e+01,3.252500e+01,3.252500e+01,3.252500e+01,3.252500e+01,3.252500e+01,3.252500e+01,3.193839e+01,3.211042e+01,3.211042e+01,3.211042e+01,3.211042e+01,3.211042e+01,3.211042e+01,3.211042e+01,3.211042e+01,3.211042e+01,3.211042e+01,3.211042e+01,3.211042e+01,3.211042e+01,3.211042e+01,3.211042e+01,3.211042e+01,3.211042e+01,3.211042e+01,3.211042e+01,3.211042e+01,3.211042e+01,3.211042e+01,3.211042e+01,3.211042e+01,3.211042e+01,3.211042e+01,3.211042e+01,3.211042e+01,3.211042e+01,3.211042e+01,3.211042e+01,3.211042e+01,3.211042e+01,3.269607e+01,3.252500e+01,3.252500e+01,3.252500e+01,3.252500e+01,3.252500e+01,3.252500e+01,3.252500e+01,3.252500e+01,3.252500e+01,3.252500e+01,3.252500e+01,3.252500e+01,3.252500e+01,3.252500e+01,3.252500e+01,3.252500e+01,3.252500e+01,3.252500e+01,3.252500e+01,3.252500e+01,3.252500e+01,3.252500e+01,3.252500e+01,3.252500e+01,3.252500e+01,3.252500e+01,3.252500e+01,3.252500e+01,3.252500e+01,3.252500e+01,3.252500e+01,3.252500e+01,3.252500e+01,3.252500e+01,3.252500e+01,3.252500e+01,3.252500e+01,3.252500e+01,3.252500e+01,3.252500e+01,3.252500e+01,3.252500e+01,3.252500e+01,3.252500e+01,3.252500e+01,3.252500e+01,3.252500e+01,3.252500e+01,3.252500e+01,3.252500e+01,3.252500e+01,3.252500e+01,3.252500e+01,3.252500e+01,3.252500e+01,3.252500e+01,3.252500e+01,3.252500e+01,3.252500e+01,3.252500e+01,3.252500e+01,3.252500e+01,3.252500e+01,3.252500e+01,3.252500e+01,3.252500e+01,3.252500e+01,3.252500e+01,3.252500e+01,3.252500e+01,3.252500e+01,3.222495e+01,3.222495e+01,3.222495e+01,3.222495e+01,3.222495e+01,3.222495e+01,3.222495e+01,3.222495e+01,3.222495e+01,3.222495e+01,3.222495e+01,3.222495e+01,3.222495e+01,3.222495e+01,3.222495e+01,3.222495e+01,3.222495e+01,3.222495e+01,3.222495e+01,3.222495e+01,3.222495e+01,3.280997e+01,3.265333e+01,3.248219e+01,3.248219e+01,3.248219e+01,3.248219e+01,3.248219e+01,3.248219e+01,3.248219e+01,3.248219e+01,3.248219e+01,3.248219e+01,3.248219e+01,3.306580e+01,3.289532e+01,3.289532e+01,3.289532e+01,3.289532e+01,3.289532e+01,3.289532e+01,3.289532e+01,3.289532e+01,3.289532e+01,3.289532e+01,3.289532e+01,3.289532e+01,3.289532e+01,3.289532e+01,3.289532e+01,3.289532e+01,3.231076e+01,3.248219e+01,3.248219e+01,3.248219e+01,3.248219e+01,3.248219e+01,3.248219e+01,3.248219e+01,3.248219e+01,3.248219e+01,3.248219e+01,3.248219e+01,3.189534e+01,3.206744e+01,3.206744e+01,3.206744e+01,3.206744e+01,3.206744e+01,3.206744e+01,3.206744e+01,3.206744e+01,3.206744e+01,3.206744e+01,3.206744e+01,3.206744e+01,3.206744e+01,3.206744e+01,3.206744e+01,3.206744e+01,3.206744e+01,3.206744e+01,3.147827e+01,3.165105e+01,3.165105e+01,3.165105e+01,3.165105e+01,3.165105e+01,3.165105e+01,3.165105e+01,3.165105e+01,3.165105e+01,3.165105e+01,3.165105e+01,3.165105e+01,3.165105e+01,3.165105e+01,3.223925e+01,3.147827e+01,3.166544e+01,3.166544e+01,3.225356e+01,3.147827e+01,3.147827e+01,3.136293e+01,3.195273e+01,3.179482e+01,3.159349e+01,3.159349e+01,3.159349e+01,3.159349e+01,3.159349e+01,3.159349e+01,3.159349e+01,3.159349e+01,3.159349e+01,3.159349e+01,3.159349e+01,3.159349e+01,3.100166e+01,3.103061e+01,3.103061e+01,3.103061e+01,3.103061e+01,3.103061e+01,3.103061e+01,3.103061e+01,3.103061e+01,3.103061e+01,3.103061e+01,3.103061e+01,3.103061e+01,3.103061e+01,3.103061e+01,3.103061e+01,3.103061e+01,3.103061e+01,3.143503e+01,3.143503e+01,3.143503e+01,3.143503e+01,3.143503e+01,3.143503e+01,3.143503e+01,3.143503e+01,3.143503e+01,3.143503e+01,3.143503e+01,3.143503e+01,3.185227e+01,3.185227e+01,3.185227e+01,3.185227e+01,3.185227e+01,3.185227e+01,3.185227e+01,3.185227e+01,3.185227e+01,3.185227e+01,3.185227e+01,3.185227e+01,3.185227e+01,3.185227e+01,3.185227e+01,3.185227e+01,3.185227e+01,3.185227e+01,3.185227e+01,3.185227e+01,3.185227e+01,3.243935e+01,3.239651e+01,3.239651e+01,3.239651e+01,3.239651e+01,3.239651e+01,3.239651e+01,3.239651e+01,3.239651e+01,3.239651e+01,3.239651e+01,3.239651e+01,3.239651e+01,3.239651e+01,3.239651e+01,3.239651e+01,3.239651e+01,3.239651e+01,3.239651e+01,3.239651e+01,3.239651e+01,3.239651e+01,3.239651e+01,3.239651e+01,3.239651e+01,3.239651e+01,3.272456e+01,3.272456e+01,3.272456e+01,3.272456e+01,3.272456e+01,3.272456e+01,3.272456e+01,3.272456e+01,3.272456e+01,3.272456e+01,3.272456e+01,3.315094e+01,3.315094e+01,3.315094e+01,3.315094e+01,3.315094e+01,3.315094e+01,3.315094e+01,3.315094e+01,3.315094e+01,3.315094e+01,3.315094e+01,3.315094e+01,3.373091e+01,3.368858e+01,3.368858e+01,3.368858e+01,3.368858e+01,3.368858e+01,3.310838e+01,3.330685e+01,3.330685e+01,3.330685e+01,3.330685e+01,3.330685e+01,3.330685e+01,3.330685e+01,3.330685e+01,3.330685e+01,3.330685e+01,3.330685e+01,3.330685e+01,3.330685e+01,3.330685e+01,3.330685e+01,3.330685e+01,3.330685e+01,3.330685e+01,3.330685e+01,3.330685e+01,3.330685e+01,3.330685e+01,3.330685e+01,3.330685e+01,3.330685e+01,3.330685e+01,3.330685e+01,3.330685e+01,3.330685e+01,3.330685e+01,3.330685e+01,3.330685e+01,3.330685e+01,3.330685e+01,3.330685e+01,3.330685e+01,3.330685e+01,3.330685e+01,3.388598e+01,3.373091e+01,3.353322e+01,3.353322e+01,3.353322e+01,3.353322e+01,3.353322e+01,3.353322e+01,3.353322e+01,3.353322e+01,3.353322e+01,3.353322e+01,3.353322e+01,3.353322e+01,3.353322e+01,3.353322e+01,3.411113e+01,3.391415e+01,3.391415e+01,3.391415e+01,3.391415e+01,3.391415e+01,3.391415e+01,3.391415e+01,3.391415e+01,3.391415e+01,3.391415e+01,3.391415e+01,3.391415e+01,3.391415e+01,3.391415e+01,3.391415e+01,3.391415e+01,3.391415e+01,3.391415e+01,3.449002e+01,3.429372e+01,3.429372e+01,3.429372e+01,3.429372e+01,3.429372e+01,3.429372e+01,3.429372e+01,3.429372e+01,3.429372e+01,3.429372e+01,3.429372e+01,3.429372e+01,3.429372e+01,3.429372e+01,3.486757e+01,3.467197e+01,3.467197e+01,3.467197e+01,3.467197e+01,3.467197e+01,3.467197e+01
3.579882e+01,3.579882e+01,3.579882e+01,3.579882e+01,3.579882e+01,3.579882e+01,3.579882e+01,3.579882e+01,3.579882e+01,3.579882e+01,3.579882e+01,3.579882e+01,3.579882e+01,3.579882e+01,3.579882e+01,3.579882e+01,3.579882e+01,3.579882e+01,3.579882e+01,3.579882e+01,3.579882e+01,3.579882e+01,3.579882e+01,3.636478e+01,3.621323e+01,3.621323e+01,3.621323e+01,3.621323e+01,3.621323e+01,3.621323e+01,3.621323e+01,3.621323e+01,3.621323e+01,3.621323e+01,3.621323e+01,3.621323e+01,3.621323e+01,3.621323e+01,3.621323e+01,3.621323e+01,3.621323e+01,3.621323e+01,3.621323e+01,3.621323e+01,3.621323e+01,3.621323e+01,3.621323e+01,3.621323e+01,3.621323e+01,3.621323e+01,3.621323e+01,3.621323e+01,3.621323e+01,3.621323e+01,3.621323e+01,3.621323e+01,3.621323e+01,3.621323e+01,3.621323e+01,3.621323e+01,3.621323e+01,3.621323e+01,3.621323e+01,3.621323e+01,3.621323e+01,3.621323e+01,3.621323e+01,3.621323e+01,3.621323e+01,3.621323e+01,3.663980e+01,3.663980e+01,3.663980e+01,3.663980e+01,3.663980e+01,3.663980e+01,3.663980e+01,3.663980e+01,3.663980e+01,3.663980e+01,3.720145e+01,3.684562e+01,3.684562e+01,3.684562e+01,3.684562e+01,3.684562e+01,3.684562e+01,3.684562e+01,3.684562e+01,3.684562e+01,3.684562e+01,3.684562e+01,3.684562e+01,3.684562e+01,3.684562e+01,3.684562e+01,3.684562e+01,3.684562e+01,3.684562e+01,3.684562e+01,3.684562e+01,3.684562e+01,3.684562e+01,3.684562e+01,3.684562e+01,3.639232e+01,3.639232e+01,3.639232e+01,3.639232e+01,3.639232e+01,3.639232e+01,3.695523e+01,3.624080e+01,3.680449e+01,3.661234e+01,3.661234e+01,3.661234e+01,3.661234e+01,3.661234e+01,3.661234e+01,3.661234e+01,3.661234e+01,3.661234e+01,3.661234e+01,3.621323e+01,3.621323e+01,3.621323e+01,3.621323e+01,3.621323e+01,3.621323e+01,3.574345e+01,3.574345e+01,3.574345e+01,3.574345e+01,3.574345e+01,3.574345e+01,3.574345e+01,3.574345e+01,3.574345e+01,3.517424e+01,3.536894e+01,3.534114e+01,3.509069e+01,3.509069e+01,3.509069e+01,3.509069e+01,3.509069e+01,3.471391e+01,3.471391e+01,3.471391e+01,3.471391e+01,3.427969e+01,3.427969e+01,3.427969e+01,3.427969e+01,3.427969e+01,3.427969e+01,3.392823e+01,3.405489e+01,3.388598e+01,3.356149e+01,3.394231e+01,3.377322e+01,3.358974e+01,3.354736e+01,3.356149e+01,3.353322e+01,3.310838e+01,3.310838e+01,3.310838e+01,3.310838e+01,3.310838e+01,3.310838e+01,3.310838e+01,3.310838e+01,3.310838e+01,3.252500e+01,3.271032e+01,3.271032e+01,3.271032e+01,3.271032e+01,3.271032e+01,3.271032e+01,3.271032e+01,3.271032e+01,3.271032e+01,3.271032e+01,3.271032e+01,3.271032e+01,3.271032e+01,3.271032e+01,3.271032e+01,3.271032e+01,3.271032e+01,3.271032e+01,3.271032e+01,3.271032e+01,3.271032e+01,3.271032e+01,3.271032e+01,3.271032e+01,3.271032e+01,3.271032e+01,3.271032e+01,3.271032e+01,3.271032e+01,3.212474e+01,3.231076e+01,3.231076e+01,3.231076e+01,3.231076e+01,3.231076e+01,3.231076e+01,3.231076e+01,3.231076e+01,3.231076e+01,3.231076e+01,3.231076e+01,3.231076e+01,3.231076e+01,3.231076e+01,3.231076e+01,3.231076e+01,3.231076e+01,3.172296e+01,3.190969e+01,3.190969e+01,3.190969e+01,3.190969e+01,3.190969e+01,3.190969e+01,3.190969e+01,3.190969e+01,3.190969e+01,3.190969e+01,3.190969e+01,3.190969e+01,3.249646e+01,3.231076e+01,3.231076e+01,3.231076e+01,3.231076e+01,3.231076e+01,3.231076e+01,3.231076e+01,3.231076e+01,3.231076e+01,3.231076e+01,3.231076e+01,3.231076e+01,3.231076e+01,3.231076e+01,3.231076e+01,3.231076e+01,3.231076e+01,3.231076e+01,3.289532e+01,3.271032e+01,3.271032e+01,3.271032e+01,3.271032e+01,3.271032e+01,3.271032e+01,3.271032e+01,3.271032e+01,3.271032e+01,3.271032e+01,3.271032e+01,3.271032e+01,3.271032e+01,3.271032e+01,3.271032e+01,3.212474e+01,3.231076e+01,3.231076e+01,3.231076e+01,3.231076e+01,3.231076e+01,3.231076e+01,3.231076e+01,3.231076e+01,3.231076e+01,3.231076e+01,3.231076e+01,3.231076e+01,3.231076e+01,3.231076e+01,3.231076e+01,3.231076e+01,3.231076e+01,3.231076e+01,3.231076e+01,3.231076e+01,3.231076e+01,3.231076e+01,3.231076e+01,3.231076e+01,3.231076e+01,3.231076e+01,3.231076e+01,3.231076e+01,3.231076e+01,3.231076e+01,3.231076e+01,3.231076e+01,3.231076e+01,3.231076e+01,3.231076e+01,3.231076e+01,3.231076e+01,3.231076e+01,3.231076e+01,3.231076e+01,3.231076e+01,3.231076e+01,3.231076e+01,3.231076e+01,3.231076e+01,3.231076e+01,3.231076e+01,3.231076e+01,3.231076e+01,3.231076e+01,3.231076e+01,3.231076e+01,3.231076e+01,3.231076e+01,3.231076e+01,3.231076e+01,3.231076e+01,3.231076e+01,3.231076e+01,3.231076e+01,3.231076e+01,3.231076e+01,3.231076e+01,3.231076e+01,3.231076e+01,3.231076e+01,3.231076e+01,3.231076e+01,3.231076e+01,3.231076e+01,3.231076e+01,3.231076e+01,3.231076e+01,3.289532e+01,3.271032e+01,3.271032e+01,3.271032e+01,3.271032e+01,3.271032e+01,3.271032e+01,3.271032e+01,3.271032e+01,3.271032e+01,3.271032e+01,3.271032e+01,3.271032e+01,3.271032e+01,3.271032e+01,3.271032e+01,3.271032e+01,3.271032e+01,3.271032e+01,3.271032e+01,3.271032e+01,3.271032e+01,3.271032e+01,3.271032e+01,3.271032e+01,3.271032e+01,3.271032e+01,3.271032e+01,3.271032e+01,3.271032e+01,3.271032e+01,3.212474e+01,3.231076e+01,3.231076e+01,3.231076e+01,3.231076e+01,3.231076e+01,3.231076e+01,3.231076e+01,3.231076e+01,3.231076e+01,3.231076e+01,3.231076e+01,3.172296e+01,3.190969e+01,3.190969e+01,3.190969e+01,3.190969e+01,3.190969e+01,3.190969e+01,3.190969e+01,3.190969e+01,3.190969e+01,3.190969e+01,3.190969e+01,3.190969e+01,3.190969e+01,3.190969e+01,3.190969e+01,3.190969e+01,3.190969e+01,3.190969e+01,3.190969e+01,3.190969e+01,3.190969e+01,3.190969e+01,3.190969e+01,3.190969e+01,3.190969e+01,3.190969e+01,3.190969e+01,3.190969e+01,3.190969e+01,3.190969e+01,3.190969e+01,3.190969e+01,3.190969e+01,3.190969e+01,3.190969e+01,3.190969e+01,3.159349e+01,3.159349e+01,3.159349e+01,3.159349e+01,3.159349e+01,3.159349e+01,3.159349e+01,3.159349e+01,3.159349e+01,3.159349e+01,3.159349e+01,3.159349e+01,3.159349e+01,3.103061e+01,3.103061e+01,3.103061e+01,3.103061e+01,3.103061e+01,3.103061e+01,3.103061e+01,3.103061e+01,3.103061e+01,3.103061e+01,3.103061e+01,3.103061e+01,3.103061e+01,3.103061e+01,3.103061e+01,3.103061e+01,3.103061e+01,3.143503e+01,3.143503e+01,3.143503e+01,3.143503e+01,3.143503e+01,3.143503e+01,3.143503e+01,3.143503e+01,3.143503e+01,3.143503e+01,3.143503e+01,3.202444e+01,3.199576e+01,3.199576e+01,3.199576e+01,3.199576e+01,3.199576e+01,3.199576e+01,3.199576e+01,3.199576e+01,3.199576e+01,3.199576e+01,3.199576e+01,3.199576e+01,3.199576e+01,3.199576e+01,3.199576e+01,3.199576e+01,3.199576e+01,3.199576e+01,3.199576e+01,3.199576e+01,3.199576e+01,3.199576e+01,3.199576e+01,3.199576e+01,3.199576e+01,3.199576e+01,3.239651e+01,3.239651e+01,3.239651e+01,3.239651e+01,3.239651e+01,3.239651e+01,3.239651e+01,3.239651e+01,3.239651e+01,3.239651e+01,3.239651e+01,3.239651e+01,3.239651e+01,3.239651e+01,3.239651e+01,3.239651e+01,3.239651e+01,3.239651e+01,3.239651e+01,3.239651e+01,3.298059e+01,3.295218e+01,3.295218e+01,3.295218e+01,3.295218e+01,3.295218e+01,3.295218e+01,3.295218e+01,3.295218e+01,3.295218e+01,3.295218e+01,3.295218e+01,3.295218e+01,3.295218e+01,3.295218e+01,3.295218e+01,3.295218e+01,3.353322e+01,3.334933e+01,3.334933e+01,3.334933e+01,3.334933e+01,3.334933e+01,3.334933e+01,3.334933e+01,3.334933e+01,3.334933e+01,3.334933e+01,3.334933e+01,3.334933e+01,3.334933e+01,3.334933e+01,3.334933e+01,3.334933e+01,3.334933e+01,3.334933e+01,3.334933e+01,3.334933e+01,3.334933e+01,3.334933e+01,3.334933e+01,3.334933e+01,3.334933e+01,3.334933e+01,3.334933e+01,3.334933e+01,3.334933e+01,3.334933e+01,3.334933e+01,3.334933e+01,3.334933e+01,3.334933e+01,3.334933e+01,3.334933e+01,3.334933e+01,3.334933e+01,3.334933e+01,3.334933e+01,3.334933e+01,3.334933e+01,3.334933e+01,3.334933e+01,3.334933e+01,3.334933e+01,3.334933e+01,3.334933e+01,3.392823e+01,3.375912e+01,3.375912e+01,3.374501e+01,3.374501e+01,3.374501e+01,3.374501e+01,3.374501e+01,3.374501e+01,3.374501e+01,3.374501e+01,3.374501e+01,3.374501e+01,3.374501e+01,3.374501e+01,3.374501e+01,3.374501e+01,3.374501e+01,3.374501e+01,3.374501e+01,3.374501e+01,3.374501e+01,3.374501e+01,3.374501e+01,3.374501e+01,3.374501e+01,3.374501e+01,3.374501e+01,3.374501e+01,3.432179e+01,3.413924e+01,3.413924e+01,3.413924e+01,3.413924e+01,3.413924e+01,3.413924e+01,3.413924e+01,3.413924e+01,3.413924e+01,3.413924e+01,3.413924e+01,3.413924e+01,3.413924e+01,3.413924e+01,3.413924e+01,3.413924e+01,3.471391e+01,3.453203e+01,3.453203e+01,3.453203e+01,3.453203e+01,3.453203e+01,3.453203e+01,3.453203e+01,3.453203e+01,3.453203e+01,3.453203e+01,3.510462e+01,3.492339e+01,3.492339e+01
3.579882e+01,3.579882e+01,3.579882e+01,3.579882e+01,3.579882e+01,3.579882e+01,3.579882e+01,3.579882e+01,3.579882e+01,3.579882e+01,3.579882e+01,3.579882e+01,3.579882e+01,3.579882e+01,3.579882e+01,3.579882e+01,3.579882e+01,3.579882e+01,3.579882e+01,3.579882e+01,3.579882e+01,3.579882e+01,3.579882e+01,3.579882e+01,3.579882e+01,3.579882e+01,3.579882e+01,3.579882e+01,3.579882e+01,3.579882e+01,3.579882e+01,3.621323e+01,3.621323e+01,3.621323e+01,3.621323e+01,3.621323e+01,3.621323e+01,3.621323e+01,3.621323e+01,3.621323e+01,3.621323e+01,3.621323e+01,3.621323e+01,3.621323e+01,3.621323e+01,3.621323e+01,3.621323e+01,3.621323e+01,3.621323e+01,3.621323e+01,3.621323e+01,3.621323e+01,3.621323e+01,3.621323e+01,3.621323e+01,3.621323e+01,3.621323e+01,3.621323e+01,3.621323e+01,3.621323e+01,3.621323e+01,3.621323e+01,3.621323e+01,3.621323e+01,3.677706e+01,3.661234e+01,3.643361e+01,3.643361e+01,3.643361e+01,3.643361e+01,3.643361e+01,3.643361e+01,3.643361e+01,3.643361e+01,3.699631e+01,3.681820e+01,3.681820e+01,3.681820e+01,3.681820e+01,3.681820e+01,3.681820e+01,3.681820e+01,3.681820e+01,3.681820e+01,3.681820e+01,3.681820e+01,3.681820e+01,3.681820e+01,3.681820e+01,3.681820e+01,3.681820e+01,3.681820e+01,3.681820e+01,3.681820e+01,3.681820e+01,3.681820e+01,3.681820e+01,3.681820e+01,3.681820e+01,3.681820e+01,3.681820e+01,3.681820e+01,3.681820e+01,3.681820e+01,3.681820e+01,3.681820e+01,3.681820e+01,3.681820e+01,3.681820e+01,3.681820e+01,3.681820e+01,3.681820e+01,3.681820e+01,3.681820e+01,3.681820e+01,3.625458e+01,3.699631e+01,3.624080e+01,3.644736e+01,3.644736e+01,3.700999e+01,3.680449e+01,3.680449e+01,3.680449e+01,3.680449e+01,3.621323e+01,3.621323e+01,3.621323e+01,3.621323e+01,3.621323e+01,3.621323e+01,3.621323e+01,3.621323e+01,3.621323e+01,3.621323e+01,3.621323e+01,3.621323e+01,3.574345e+01,3.570190e+01,3.588183e+01,3.571575e+01,3.548004e+01,3.548004e+01,3.548004e+01,3.548004e+01,3.509069e+01,3.506282e+01,3.475584e+01,3.475584e+01,3.475584e+01,3.475584e+01,3.475584e+01,3.475584e+01,3.427969e+01,3.427969e+01,3.427969e+01,3.427969e+01,3.427969e+01,3.370269e+01,3.373091e+01,3.356149e+01,3.390006e+01,3.390006e+01,3.358974e+01,3.358974e+01,3.358974e+01,3.300900e+01,3.303740e+01,3.303740e+01,3.303740e+01,3.303740e+01,3.303740e+01,3.303740e+01,3.303740e+01,3.303740e+01,3.303740e+01,3.303740e+01,3.303740e+01,3.303740e+01,3.303740e+01,3.303740e+01,3.303740e+01,3.303740e+01,3.303740e+01,3.303740e+01,3.303740e+01,3.303740e+01,3.303740e+01,3.303740e+01,3.271032e+01,3.271032e+01,3.271032e+01,3.271032e+01,3.271032e+01,3.271032e+01,3.271032e+01,3.271032e+01,3.271032e+01,3.271032e+01,3.271032e+01,3.271032e+01,3.271032e+01,3.271032e+01,3.271032e+01,3.271032e+01,3.271032e+01,3.271032e+01,3.231076e+01,3.231076e+01,3.231076e+01,3.231076e+01,3.231076e+01,3.231076e+01,3.231076e+01,3.231076e+01,3.231076e+01,3.231076e+01,3.231076e+01,3.231076e+01,3.231076e+01,3.231076e+01,3.231076e+01,3.231076e+01,3.231076e+01,3.231076e+01,3.231076e+01,3.231076e+01,3.231076e+01,3.190969e+01,3.190969e+01,3.190969e+01,3.190969e+01,3.190969e+01,3.190969e+01,3.190969e+01,3.190969e+01,3.190969e+01,3.190969e+01,3.231076e+01,3.231076e+01,3.231076e+01,3.231076e+01,3.231076e+01,3.231076e+01,3.231076e+01,3.231076e+01,3.231076e+01,3.231076e+01,3.231076e+01,3.231076e+01,3.231076e+01,3.231076e+01,3.231076e+01,3.231076e+01,3.289532e+01,3.285265e+01,3.226786e+01,3.243935e+01,3.243935e+01,3.243935e+01,3.243935e+01,3.243935e+01,3.243935e+01,3.243935e+01,3.243935e+01,3.243935e+01,3.243935e+01,3.243935e+01,3.243935e+01,3.243935e+01,3.243935e+01,3.243935e+01,3.243935e+01,3.243935e+01,3.243935e+01,3.243935e+01,3.243935e+01,3.243935e+01,3.243935e+01,3.243935e+01,3.243935e+01,3.243935e+01,3.243935e+01,3.243935e+01,3.243935e+01,3.243935e+01,3.243935e+01,3.243935e+01,3.243935e+01,3.243935e+01,3.243935e+01,3.243935e+01,3.243935e+01,3.243935e+01,3.243935e+01,3.243935e+01,3.243935e+01,3.243935e+01,3.243935e+01,3.243935e+01,3.243935e+01,3.243935e+01,3.243935e+01,3.243935e+01,3.243935e+01,3.243935e+01,3.243935e+01,3.243935e+01,3.243935e+01,3.243935e+01,3.243935e+01,3.243935e+01,3.243935e+01,3.243935e+01,3.243935e+01,3.243935e+01,3.243935e+01,3.243935e+01,3.243935e+01,3.243935e+01,3.243935e+01,3.243935e+01,3.243935e+01,3.243935e+01,3.243935e+01,3.243935e+01,3.243935e+01,3.243935e+01,3.243935e+01,3.243935e+01,3.243935e+01,3.243935e+01,3.243935e+01,3.243935e+01,3.243935e+01,3.243935e+01,3.243935e+01,3.243935e+01,3.243935e+01,3.243935e+01,3.243935e+01,3.243935e+01,3.243935e+01,3.243935e+01,3.243935e+01,3.302320e+01,3.296638e+01,3.296638e+01,3.296638e+01,3.296638e+01,3.296638e+01,3.296638e+01,3.296638e+01,3.296638e+01,3.296638e+01,3.296638e+01,3.296638e+01,3.296638e+01,3.296638e+01,3.296638e+01,3.296638e+01,3.296638e+01,3.296638e+01,3.296638e+01,3.296638e+01,3.296638e+01,3.296638e+01,3.296638e+01,3.296638e+01,3.296638e+01,3.296638e+01,3.296638e+01,3.296638e+01,3.238222e+01,3.259631e+01,3.259631e+01,3.259631e+01,3.259631e+01,3.259631e+01,3.259631e+01,3.201010e+01,3.222495e+01,3.222495e+01,3.222495e+01,3.222495e+01,3.222495e+01,3.222495e+01,3.222495e+01,3.222495e+01,3.222495e+01,3.222495e+01,3.222495e+01,3.222495e+01,3.222495e+01,3.222495e+01,3.222495e+01,3.222495e+01,3.222495e+01,3.190969e+01,3.190969e+01,3.190969e+01,3.190969e+01,3.190969e+01,3.190969e+01,3.190969e+01,3.190969e+01,3.190969e+01,3.190969e+01,3.190969e+01,3.190969e+01,3.190969e+01,3.190969e+01,3.190969e+01,3.190969e+01,3.190969e+01,3.190969e+01,3.190969e+01,3.190969e+01,3.249646e+01,3.232506e+01,3.211042e+01,3.211042e+01,3.211042e+01,3.211042e+01,3.211042e+01,3.152149e+01,3.213906e+01,3.196708e+01,3.175171e+01,3.175171e+01,3.175171e+01,3.175171e+01,3.175171e+01,3.175171e+01,3.175171e+01,3.175171e+01,3.175171e+01,3.175171e+01,3.175171e+01,3.175171e+01,3.162227e+01,3.144945e+01,3.123301e+01,3.123301e+01,3.123301e+01,3.123301e+01,3.123301e+01,3.123301e+01,3.123301e+01,3.123301e+01,3.123301e+01,3.123301e+01,3.123301e+01,3.123301e+01,3.123301e+01,3.123301e+01,3.123301e+01,3.123301e+01,3.123301e+01,3.182355e+01,3.160788e+01,3.160788e+01,3.160788e+01,3.160788e+01,3.160788e+01,3.160788e+01,3.160788e+01,3.160788e+01,3.160788e+01,3.160788e+01,3.160788e+01,3.199576e+01,3.199576e+01,3.199576e+01,3.199576e+01,3.199576e+01,3.199576e+01,3.199576e+01,3.199576e+01,3.199576e+01,3.199576e+01,3.199576e+01,3.199576e+01,3.199576e+01,3.199576e+01,3.199576e+01,3.199576e+01,3.199576e+01,3.199576e+01,3.199576e+01,3.199576e+01,3.199576e+01,3.199576e+01,3.199576e+01,3.239651e+01,3.239651e+01,3.239651e+01,3.239651e+01,3.239651e+01,3.239651e+01,3.239651e+01,3.239651e+01,3.239651e+01,3.239651e+01,3.239651e+01,3.239651e+01,3.239651e+01,3.239651e+01,3.239651e+01,3.239651e+01,3.239651e+01,3.239651e+01,3.239651e+01,3.298059e+01,3.292375e+01,3.292375e+01,3.292375e+01,3.292375e+01,3.292375e+01,3.292375e+01,3.292375e+01,3.292375e+01,3.292375e+01,3.292375e+01,3.292375e+01,3.292375e+01,3.292375e+01,3.292375e+01,3.292375e+01,3.350495e+01,3.346253e+01,3.347667e+01,3.347667e+01,3.347667e+01,3.347667e+01,3.347667e+01,3.347667e+01,3.347667e+01,3.347667e+01,3.347667e+01,3.347667e+01,3.347667e+01,3.347667e+01,3.347667e+01,3.347667e+01,3.347667e+01,3.347667e+01,3.347667e+01,3.347667e+01,3.347667e+01,3.347667e+01,3.347667e+01,3.347667e+01,3.347667e+01,3.347667e+01,3.347667e+01,3.347667e+01,3.347667e+01,3.347667e+01,3.347667e+01,3.347667e+01,3.347667e+01,3.347667e+01,3.347667e+01,3.347667e+01,3.347667e+01,3.347667e+01,3.347667e+01,3.347667e+01,3.347667e+01,3.347667e+01,3.347667e+01,3.347667e+01,3.347667e+01,3.347667e+01,3.347667e+01,3.347667e+01,3.347667e+01,3.347667e+01,3.347667e+01,3.347667e+01,3.347667e+01,3.347667e+01,3.347667e+01,3.347667e+01,3.347667e+01,3.347667e+01,3.347667e+01,3.347667e+01,3.347667e+01,3.405489e+01,3.384371e+01,3.384371e+01,3.384371e+01,3.384371e+01,3.384371e+01,3.384371e+01,3.384371e+01,3.384371e+01,3.384371e+01,3.384371e+01,3.384371e+01,3.384371e+01,3.384371e+01,3.384371e+01,3.384371e+01,3.384371e+01,3.384371e+01,3.384371e+01,3.384371e+01,3.384371e+01,3.384371e+01,3.413924e+01,3.413924e+01,3.413924e+01,3.413924e+01,3.413924e+01,3.413924e+01,3.413924e+01,3.413924e+01,3.413924e+01,3.413924e+01,3.413924e+01,3.413924e+01,3.413924e+01,3.413924e+01,3.471391e+01,3.471391e+01,3.471391e+01,3.471391e+01,3.471391e+01,3.471391e+01,3.471391e+01,3.471391e+01,3.471391e+01,3.471391e+01,3.471391e+01,3.471391e+01,3.471391e+01,3.471391e+01
3.579882e+01,3.579882e+01,3.579882e+01,3.579882e+01,3.579882e+01,3.579882e+01,3.579882e+01,3.579882e+01,3.579882e+01,3.579882e+01,3.579882e+01,3.579882e+01,3.579882e+01,3.579882e+01,3.579882e+01,3.579882e+01,3.579882e+01,3.579882e+01,3.579882e+01,3.579882e+01,3.579882e+01,3.579882e+01,3.579882e+01,3.579882e+01,3.579882e+01,3.579882e+01,3.579882e+01,3.579882e+01,3.636478e+01,3.619944e+01,3.617186e+01,3.617186e+01,3.617186e+01,3.617186e+01,3.617186e+01,3.617186e+01,3.617186e+01,3.617186e+01,3.617186e+01,3.617186e+01,3.617186e+01,3.617186e+01,3.617186e+01,3.617186e+01,3.617186e+01,3.617186e+01,3.617186e+01,3.617186e+01,3.617186e+01,3.617186e+01,3.617186e+01,3.617186e+01,3.617186e+01,3.617186e+01,3.617186e+01,3.617186e+01,3.617186e+01,3.617186e+01,3.617186e+01,3.617186e+01,3.617186e+01,3.617186e+01,3.617186e+01,3.673590e+01,3.672218e+01,3.672218e+01,3.672218e+01,3.672218e+01,3.672218e+01,3.672218e+01,3.672218e+01,3.672218e+01,3.672218e+01,3.672218e+01,3.672218e+01,3.672218e+01,3.728341e+01,3.711944e+01,3.691414e+01,3.691414e+01,3.691414e+01,3.691414e+01,3.691414e+01,3.691414e+01,3.691414e+01,3.691414e+01,3.691414e+01,3.691414e+01,3.691414e+01,3.691414e+01,3.691414e+01,3.747440e+01,3.731071e+01,3.714679e+01,3.694154e+01,3.694154e+01,3.694154e+01,3.694154e+01,3.694154e+01,3.694154e+01,3.694154e+01,3.694154e+01,3.694154e+01,3.694154e+01,3.694154e+01,3.694154e+01,3.694154e+01,3.694154e+01,3.694154e+01,3.694154e+01,3.694154e+01,3.694154e+01,3.694154e+01,3.694154e+01,3.694154e+01,3.694154e+01,3.694154e+01,3.694154e+01,3.694154e+01,3.694154e+01,3.694154e+01,3.694154e+01,3.694154e+01,3.694154e+01,3.694154e+01,3.694154e+01,3.677706e+01,3.661234e+01,3.640608e+01,3.640608e+01,3.640608e+01,3.640608e+01,3.640608e+01,3.640608e+01,3.640608e+01,3.640608e+01,3.584033e+01,3.588183e+01,3.588183e+01,3.588183e+01,3.588183e+01,3.588183e+01,3.588183e+01,3.548004e+01,3.545227e+01,3.513247e+01,3.564648e+01,3.534114e+01,3.517424e+01,3.496524e+01,3.496524e+01,3.496524e+01,3.496524e+01,3.496524e+01,3.427969e+01,3.427969e+01,3.427969e+01,3.427969e+01,3.427969e+01,3.373091e+01,3.357561e+01,3.385780e+01,3.384371e+01,3.363211e+01,3.363211e+01,3.363211e+01,3.363211e+01,3.363211e+01,3.303740e+01,3.303740e+01,3.303740e+01,3.303740e+01,3.303740e+01,3.303740e+01,3.303740e+01,3.303740e+01,3.303740e+01,3.303740e+01,3.303740e+01,3.303740e+01,3.303740e+01,3.303740e+01,3.303740e+01,3.303740e+01,3.303740e+01,3.303740e+01,3.303740e+01,3.303740e+01,3.303740e+01,3.303740e+01,3.303740e+01,3.303740e+01,3.303740e+01,3.303740e+01,3.303740e+01,3.303740e+01,3.303740e+01,3.303740e+01,3.303740e+01,3.271032e+01,3.271032e+01,3.271032e+01,3.271032e+01,3.271032e+01,3.271032e+01,3.271032e+01,3.271032e+01,3.271032e+01,3.231076e+01,3.231076e+01,3.231076e+01,3.231076e+01,3.231076e+01,3.231076e+01,3.231076e+01,3.231076e+01,3.231076e+01,3.231076e+01,3.231076e+01,3.231076e+01,3.231076e+01,3.231076e+01,3.172296e+01,3.189534e+01,3.211042e+01,3.211042e+01,3.211042e+01,3.211042e+01,3.211042e+01,3.211042e+01,3.211042e+01,3.211042e+01,3.211042e+01,3.211042e+01,3.211042e+01,3.211042e+01,3.211042e+01,3.211042e+01,3.211042e+01,3.211042e+01,3.211042e+01,3.211042e+01,3.211042e+01,3.211042e+01,3.211042e+01,3.211042e+01,3.211042e+01,3.269607e+01,3.248219e+01,3.248219e+01,3.248219e+01,3.248219e+01,3.248219e+01,3.248219e+01,3.248219e+01,3.248219e+01,3.248219e+01,3.248219e+01,3.248219e+01,3.248219e+01,3.248219e+01,3.248219e+01,3.248219e+01,3.248219e+01,3.248219e+01,3.248219e+01,3.248219e+01,3.248219e+01,3.248219e+01,3.248219e+01,3.248219e+01,3.248219e+01,3.248219e+01,3.248219e+01,3.248219e+01,3.248219e+01,3.248219e+01,3.248219e+01,3.248219e+01,3.248219e+01,3.248219e+01,3.248219e+01,3.248219e+01,3.248219e+01,3.248219e+01,3.248219e+01,3.248219e+01,3.248219e+01,3.248219e+01,3.248219e+01,3.248219e+01,3.248219e+01,3.248219e+01,3.248219e+01,3.248219e+01,3.248219e+01,3.248219e+01,3.248219e+01,3.248219e+01,3.248219e+01,3.248219e+01,3.248219e+01,3.248219e+01,3.248219e+01,3.248219e+01,3.248219e+01,3.248219e+01,3.248219e+01,3.248219e+01,3.248219e+01,3.248219e+01,3.248219e+01,3.248219e+01,3.248219e+01,3.248219e+01,3.248219e+01,3.248219e+01,3.248219e+01,3.248219e+01,3.248219e+01,3.248219e+01,3.248219e+01,3.248219e+01,3.248219e+01,3.248219e+01,3.248219e+01,3.248219e+01,3.248219e+01,3.248219e+01,3.248219e+01,3.248219e+01,3.248219e+01,3.248219e+01,3.248219e+01,3.248219e+01,3.248219e+01,3.248219e+01,3.248219e+01,3.248219e+01,3.248219e+01,3.248219e+01,3.248219e+01,3.248219e+01,3.306580e+01,3.302320e+01,3.296638e+01,3.296638e+01,3.296638e+01,3.296638e+01,3.296638e+01,3.296638e+01,3.296638e+01,3.296638e+01,3.296638e+01,3.296638e+01,3.296638e+01,3.296638e+01,3.296638e+01,3.296638e+01,3.296638e+01,3.296638e+01,3.296638e+01,3.296638e+01,3.296638e+01,3.296638e+01,3.296638e+01,3.296638e+01,3.296638e+01,3.296638e+01,3.296638e+01,3.296638e+01,3.296638e+01,3.296638e+01,3.238222e+01,3.296638e+01,3.275304e+01,3.275304e+01,3.275304e+01,3.275304e+01,3.275304e+01,3.259631e+01,3.242507e+01,3.242507e+01,3.242507e+01,3.242507e+01,3.242507e+01,3.242507e+01,3.242507e+01,3.242507e+01,3.242507e+01,3.183791e+01,3.205310e+01,3.205310e+01,3.205310e+01,3.205310e+01,3.205310e+01,3.205310e+01,3.205310e+01,3.205310e+01,3.205310e+01,3.205310e+01,3.205310e+01,3.205310e+01,3.205310e+01,3.205310e+01,3.205310e+01,3.205310e+01,3.205310e+01,3.205310e+01,3.205310e+01,3.205310e+01,3.205310e+01,3.205310e+01,3.205310e+01,3.205310e+01,3.205310e+01,3.205310e+01,3.205310e+01,3.205310e+01,3.205310e+01,3.205310e+01,3.205310e+01,3.205310e+01,3.205310e+01,3.205310e+01,3.205310e+01,3.205310e+01,3.205310e+01,3.205310e+01,3.205310e+01,3.205310e+01,3.205310e+01,3.175171e+01,3.175171e+01,3.175171e+01,3.175171e+01,3.175171e+01,3.175171e+01,3.175171e+01,3.175171e+01,3.175171e+01,3.175171e+01,3.175171e+01,3.123301e+01,3.123301e+01,3.123301e+01,3.123301e+01,3.123301e+01,3.123301e+01,3.123301e+01,3.123301e+01,3.123301e+01,3.123301e+01,3.123301e+01,3.123301e+01,3.123301e+01,3.123301e+01,3.123301e+01,3.123301e+01,3.182355e+01,3.182355e+01,3.182355e+01,3.182355e+01,3.182355e+01,3.182355e+01,3.182355e+01,3.182355e+01,3.182355e+01,3.182355e+01,3.182355e+01,3.182355e+01,3.182355e+01,3.182355e+01,3.182355e+01,3.182355e+01,3.182355e+01,3.182355e+01,3.182355e+01,3.182355e+01,3.182355e+01,3.182355e+01,3.241079e+01,3.219632e+01,3.219632e+01,3.219632e+01,3.219632e+01,3.219632e+01,3.219632e+01,3.219632e+01,3.219632e+01,3.219632e+01,3.219632e+01,3.219632e+01,3.219632e+01,3.219632e+01,3.219632e+01,3.219632e+01,3.219632e+01,3.219632e+01,3.219632e+01,3.219632e+01,3.219632e+01,3.219632e+01,3.219632e+01,3.278151e+01,3.256779e+01,3.256779e+01,3.256779e+01,3.256779e+01,3.256779e+01,3.256779e+01,3.256779e+01,3.256779e+01,3.256779e+01,3.256779e+01,3.292375e+01,3.292375e+01,3.292375e+01,3.292375e+01,3.292375e+01,3.292375e+01,3.292375e+01,3.292375e+01,3.292375e+01,3.292375e+01,3.292375e+01,3.292375e+01,3.292375e+01,3.292375e+01,3.350495e+01,3.350495e+01,3.350495e+01,3.350495e+01,3.350495e+01,3.350495e+01,3.350495e+01,3.350495e+01,3.350495e+01,3.350495e+01,3.350495e+01,3.350495e+01,3.350495e+01,3.350495e+01,3.350495e+01,3.350495e+01,3.350495e+01,3.350495e+01,3.350495e+01,3.350495e+01,3.350495e+01,3.350495e+01,3.350495e+01,3.350495e+01,3.350495e+01,3.350495e+01,3.350495e+01,3.350495e+01,3.350495e+01,3.350495e+01,3.350495e+01,3.350495e+01,3.350495e+01,3.350495e+01,3.350495e+01,3.350495e+01,3.350495e+01,3.350495e+01,3.350495e+01,3.350495e+01,3.350495e+01,3.350495e+01,3.350495e+01,3.350495e+01,3.350495e+01,3.350495e+01,3.350495e+01,3.350495e+01,3.350495e+01,3.350495e+01,3.350495e+01,3.350495e+01,3.350495e+01,3.350495e+01,3.350495e+01,3.350495e+01,3.350495e+01,3.350495e+01,3.350495e+01,3.350495e+01,3.350495e+01,3.350495e+01,3.350495e+01,3.350495e+01,3.384371e+01,3.384371e+01,3.384371e+01,3.384371e+01,3.384371e+01,3.384371e+01,3.384371e+01,3.384371e+01,3.384371e+01,3.384371e+01,3.384371e+01,3.384371e+01,3.384371e+01,3.384371e+01,3.384371e+01,3.384371e+01,3.384371e+01,3.384371e+01,3.384371e+01,3.413924e+01,3.413924e+01,3.413924e+01,3.413924e+01,3.413924e+01,3.413924e+01,3.413924e+01,3.413924e+01,3.413924e+01,3.413924e+01,3.413924e+01,3.413924e+01,3.413924e+01,3.413924e+01,3.471391e+01,3.471391e+01,3.471391e+01,3.471391e+01,3.471391e+01,3.471391e+01,3.471391e+01,3.471391e+01,3.471391e+01,3.471391e+01,3.471391e+01,3.471391e+01,3.471391e+01,3.471391e+01
3.579882e+01,3.579882e+01,3.579882e+01,3.579882e+01,3.579882e+01,3.579882e+01,3.579882e+01,3.579882e+01,3.579882e+01,3.579882e+01,3.579882e+01,3.579882e+01,3.579882e+01,3.579882e+01,3.579882e+01,3.579882e+01,3.579882e+01,3.579882e+01,3.579882e+01,3.579882e+01,3.579882e+01,3.579882e+01,3.579882e+01,3.579882e+01,3.579882e+01,3.579882e+01,3.579882e+01,3.579882e+01,3.579882e+01,3.619944e+01,3.619944e+01,3.619944e+01,3.619944e+01,3.619944e+01,3.619944e+01,3.619944e+01,3.619944e+01,3.619944e+01,3.619944e+01,3.619944e+01,3.619944e+01,3.619944e+01,3.619944e+01,3.619944e+01,3.619944e+01,3.619944e+01,3.619944e+01,3.619944e+01,3.619944e+01,3.619944e+01,3.619944e+01,3.619944e+01,3.619944e+01,3.619944e+01,3.619944e+01,3.619944e+01,3.619944e+01,3.619944e+01,3.619944e+01,3.676334e+01,3.659860e+01,3.639232e+01,3.643361e+01,3.658486e+01,3.658486e+01,3.658486e+01,3.658486e+01,3.658486e+01,3.658486e+01,3.658486e+01,3.658486e+01,3.658486e+01,3.658486e+01,3.658486e+01,3.714679e+01,3.714679e+01,3.714679e+01,3.714679e+01,3.714679e+01,3.770586e+01,3.698262e+01,3.698262e+01,3.698262e+01,3.754252e+01,3.736530e+01,3.718779e+01,3.718779e+01,3.718779e+01,3.718779e+01,3.718779e+01,3.718779e+01,3.718779e+01,3.718779e+01,3.718779e+01,3.718779e+01,3.718779e+01,3.718779e+01,3.718779e+01,3.718779e+01,3.718779e+01,3.718779e+01,3.718779e+01,3.718779e+01,3.718779e+01,3.718779e+01,3.718779e+01,3.718779e+01,3.718779e+01,3.718779e+01,3.718779e+01,3.718779e+01,3.718779e+01,3.718779e+01,3.718779e+01,3.718779e+01,3.718779e+01,3.718779e+01,3.718779e+01,3.718779e+01,3.718779e+01,3.718779e+01,3.718779e+01,3.718779e+01,3.718779e+01,3.718779e+01,3.718779e+01,3.677706e+01,3.677706e+01,3.677706e+01,3.677706e+01,3.677706e+01,3.677706e+01,3.677706e+01,3.677706e+01,3.677706e+01,3.640608e+01,3.599241e+01,3.599241e+01,3.599241e+01,3.599241e+01,3.599241e+01,3.599241e+01,3.599241e+01,3.548004e+01,3.600622e+01,3.568805e+01,3.568805e+01,3.542450e+01,3.542450e+01,3.542450e+01,3.542450e+01,3.542450e+01,3.496524e+01,3.492339e+01,3.443397e+01,3.443397e+01,3.443397e+01,3.443397e+01,3.443397e+01,3.443397e+01,3.415330e+01,3.397047e+01,3.397047e+01,3.397047e+01,3.397047e+01,3.363211e+01,3.363211e+01,3.363211e+01,3.363211e+01,3.363211e+01,3.363211e+01,3.363211e+01,3.303740e+01,3.303740e+01,3.303740e+01,3.361799e+01,3.343424e+01,3.322184e+01,3.322184e+01,3.322184e+01,3.322184e+01,3.322184e+01,3.322184e+01,3.263908e+01,3.285265e+01,3.285265e+01,3.285265e+01,3.285265e+01,3.285265e+01,3.285265e+01,3.285265e+01,3.285265e+01,3.285265e+01,3.285265e+01,3.285265e+01,3.285265e+01,3.285265e+01,3.285265e+01,3.285265e+01,3.285265e+01,3.285265e+01,3.285265e+01,3.285265e+01,3.285265e+01,3.285265e+01,3.285265e+01,3.226786e+01,3.229646e+01,3.233935e+01,3.233935e+01,3.233935e+01,3.233935e+01,3.233935e+01,3.233935e+01,3.233935e+01,3.233935e+01,3.233935e+01,3.233935e+01,3.233935e+01,3.233935e+01,3.233935e+01,3.233935e+01,3.172296e+01,3.172296e+01,3.211042e+01,3.211042e+01,3.211042e+01,3.211042e+01,3.211042e+01,3.211042e+01,3.211042e+01,3.211042e+01,3.211042e+01,3.211042e+01,3.211042e+01,3.211042e+01,3.211042e+01,3.211042e+01,3.211042e+01,3.211042e+01,3.211042e+01,3.211042e+01,3.211042e+01,3.211042e+01,3.211042e+01,3.211042e+01,3.211042e+01,3.211042e+01,3.211042e+01,3.211042e+01,3.211042e+01,3.211042e+01,3.248219e+01,3.248219e+01,3.248219e+01,3.248219e+01,3.248219e+01,3.248219e+01,3.248219e+01,3.248219e+01,3.248219e+01,3.248219e+01,3.248219e+01,3.248219e+01,3.248219e+01,3.248219e+01,3.248219e+01,3.248219e+01,3.248219e+01,3.248219e+01,3.248219e+01,3.248219e+01,3.248219e+01,3.248219e+01,3.248219e+01,3.248219e+01,3.248219e+01,3.248219e+01,3.248219e+01,3.248219e+01,3.248219e+01,3.248219e+01,3.248219e+01,3.248219e+01,3.248219e+01,3.248219e+01,3.248219e+01,3.248219e+01,3.248219e+01,3.248219e+01,3.248219e+01,3.248219e+01,3.248219e+01,3.248219e+01,3.248219e+01,3.248219e+01,3.248219e+01,3.248219e+01,3.248219e+01,3.248219e+01,3.248219e+01,3.248219e+01,3.248219e+01,3.248219e+01,3.248219e+01,3.248219e+01,3.248219e+01,3.248219e+01,3.248219e+01,3.248219e+01,3.248219e+01,3.248219e+01,3.248219e+01,3.248219e+01,3.248219e+01,3.248219e+01,3.248219e+01,3.248219e+01,3.248219e+01,3.248219e+01,3.248219e+01,3.248219e+01,3.248219e+01,3.248219e+01,3.248219e+01,3.248219e+01,3.248219e+01,3.248219e+01,3.248219e+01,3.248219e+01,3.248219e+01,3.248219e+01,3.248219e+01,3.248219e+01,3.248219e+01,3.248219e+01,3.248219e+01,3.248219e+01,3.248219e+01,3.306580e+01,3.288110e+01,3.266758e+01,3.271032e+01,3.290953e+01,3.290953e+01,3.290953e+01,3.290953e+01,3.290953e+01,3.290953e+01,3.290953e+01,3.290953e+01,3.290953e+01,3.290953e+01,3.290953e+01,3.290953e+01,3.290953e+01,3.290953e+01,3.290953e+01,3.349081e+01,3.330685e+01,3.309418e+01,3.309418e+01,3.309418e+01,3.309418e+01,3.309418e+01,3.309418e+01,3.309418e+01,3.309418e+01,3.309418e+01,3.309418e+01,3.309418e+01,3.309418e+01,3.309418e+01,3.296638e+01,3.290953e+01,3.290953e+01,3.232506e+01,3.253926e+01,3.253926e+01,3.253926e+01,3.253926e+01,3.253926e+01,3.253926e+01,3.253926e+01,3.253926e+01,3.253926e+01,3.195273e+01,3.213906e+01,3.213906e+01,3.213906e+01,3.213906e+01,3.213906e+01,3.213906e+01,3.213906e+01,3.213906e+01,3.213906e+01,3.213906e+01,3.213906e+01,3.213906e+01,3.213906e+01,3.213906e+01,3.213906e+01,3.213906e+01,3.213906e+01,3.213906e+01,3.213906e+01,3.213906e+01,3.213906e+01,3.213906e+01,3.272456e+01,3.253926e+01,3.235364e+01,3.213906e+01,3.272456e+01,3.253926e+01,3.235364e+01,3.272456e+01,3.253926e+01,3.235364e+01,3.215338e+01,3.273880e+01,3.255353e+01,3.236793e+01,3.216769e+01,3.216769e+01,3.216769e+01,3.216769e+01,3.216769e+01,3.216769e+01,3.216769e+01,3.216769e+01,3.216769e+01,3.216769e+01,3.216769e+01,3.175171e+01,3.175171e+01,3.175171e+01,3.175171e+01,3.175171e+01,3.175171e+01,3.175171e+01,3.175171e+01,3.175171e+01,3.175171e+01,3.123301e+01,3.123301e+01,3.123301e+01,3.123301e+01,3.123301e+01,3.123301e+01,3.123301e+01,3.123301e+01,3.123301e+01,3.123301e+01,3.123301e+01,3.123301e+01,3.123301e+01,3.123301e+01,3.182355e+01,3.176608e+01,3.176608e+01,3.176608e+01,3.176608e+01,3.176608e+01,3.176608e+01,3.176608e+01,3.176608e+01,3.176608e+01,3.176608e+01,3.176608e+01,3.176608e+01,3.176608e+01,3.176608e+01,3.176608e+01,3.235364e+01,3.216769e+01,3.196708e+01,3.196708e+01,3.196708e+01,3.196708e+01,3.196708e+01,3.196708e+01,3.196708e+01,3.196708e+01,3.196708e+01,3.196708e+01,3.196708e+01,3.196708e+01,3.196708e+01,3.196708e+01,3.196708e+01,3.255353e+01,3.235364e+01,3.235364e+01,3.235364e+01,3.235364e+01,3.235364e+01,3.235364e+01,3.235364e+01,3.235364e+01,3.235364e+01,3.235364e+01,3.235364e+01,3.235364e+01,3.235364e+01,3.235364e+01,3.235364e+01,3.235364e+01,3.235364e+01,3.235364e+01,3.293796e+01,3.273880e+01,3.273880e+01,3.273880e+01,3.273880e+01,3.273880e+01,3.273880e+01,3.273880e+01,3.273880e+01,3.273880e+01,3.273880e+01,3.332101e+01,3.312257e+01,3.312257e+01,3.312257e+01,3.312257e+01,3.312257e+01,3.312257e+01,3.312257e+01,3.312257e+01,3.312257e+01,3.312257e+01,3.350495e+01,3.350495e+01,3.350495e+01,3.350495e+01,3.350495e+01,3.350495e+01,3.350495e+01,3.350495e+01,3.350495e+01,3.350495e+01,3.350495e+01,3.350495e+01,3.350495e+01,3.350495e+01,3.350495e+01,3.350495e+01,3.350495e+01,3.350495e+01,3.350495e+01,3.350495e+01,3.350495e+01,3.350495e+01,3.350495e+01,3.350495e+01,3.350495e+01,3.350495e+01,3.350495e+01,3.350495e+01,3.350495e+01,3.350495e+01,3.350495e+01,3.350495e+01,3.350495e+01,3.350495e+01,3.350495e+01,3.350495e+01,3.350495e+01,3.350495e+01,3.350495e+01,3.350495e+01,3.350495e+01,3.350495e+01,3.350495e+01,3.350495e+01,3.350495e+01,3.350495e+01,3.350495e+01,3.350495e+01,3.350495e+01,3.350495e+01,3.350495e+01,3.350495e+01,3.350495e+01,3.350495e+01,3.350495e+01,3.350495e+01,3.350495e+01,3.350495e+01,3.408302e+01,3.390006e+01,3.387189e+01,3.382962e+01,3.382962e+01,3.382962e+01,3.382962e+01,3.382962e+01,3.382962e+01,3.382962e+01,3.382962e+01,3.382962e+01,3.382962e+01,3.382962e+01,3.382962e+01,3.382962e+01,3.382962e+01,3.382962e+01,3.440593e+01,3.422353e+01,3.402676e+01,3.402676e+01,3.409708e+01,3.409708e+01,3.409708e+01,3.409708e+01,3.409708e+01,3.409708e+01,3.409708e+01,3.409708e+01,3.409708e+01,3.409708e+01,3.409708e+01,3.467197e+01,3.449002e+01,3.449002e+01,3.457403e+01,3.457403e+01,3.457403e+01,3.457403e+01,3.457403e+01,3.457403e+01,3.457403e+01,3.457403e+01,3.457403e+01,3.457403e+01,3.457403e+01,3.457403e+01,3.457403e+01,3.514639e+01
3.579882e+01,3.579882e+01,3.579882e+01,3.579882e+01,3.579882e+01,3.579882e+01,3.579882e+01,3.579882e+01,3.579882e+01,3.579882e+01,3.579882e+01,3.579882e+01,3.579882e+01,3.579882e+01,3.579882e+01,3.579882e+01,3.579882e+01,3.579882e+01,3.579882e+01,3.579882e+01,3.579882e+01,3.579882e+01,3.579882e+01,3.579882e+01,3.579882e+01,3.579882e+01,3.579882e+01,3.636478e+01,3.633725e+01,3.630970e+01,3.630970e+01,3.630970e+01,3.630970e+01,3.630970e+01,3.630970e+01,3.630970e+01,3.630970e+01,3.630970e+01,3.630970e+01,3.630970e+01,3.630970e+01,3.630970e+01,3.630970e+01,3.630970e+01,3.630970e+01,3.630970e+01,3.630970e+01,3.630970e+01,3.630970e+01,3.630970e+01,3.630970e+01,3.630970e+01,3.630970e+01,3.630970e+01,3.630970e+01,3.630970e+01,3.630970e+01,3.630970e+01,3.630970e+01,3.676334e+01,3.676334e+01,3.676334e+01,3.676334e+01,3.676334e+01,3.676334e+01,3.676334e+01,3.676334e+01,3.676334e+01,3.676334e+01,3.676334e+01,3.676334e+01,3.676334e+01,3.676334e+01,3.676334e+01,3.676334e+01,3.676334e+01,3.714679e+01,3.714679e+01,3.714679e+01,3.770586e+01,3.713311e+01,3.769226e+01,3.765144e+01,3.759700e+01,3.759700e+01,3.759700e+01,3.759700e+01,3.759700e+01,3.759700e+01,3.759700e+01,3.759700e+01,3.759700e+01,3.759700e+01,3.759700e+01,3.759700e+01,3.759700e+01,3.759700e+01,3.759700e+01,3.759700e+01,3.759700e+01,3.759700e+01,3.759700e+01,3.759700e+01,3.759700e+01,3.718779e+01,3.718779e+01,3.718779e+01,3.718779e+01,3.718779e+01,3.718779e+01,3.718779e+01,3.718779e+01,3.718779e+01,3.718779e+01,3.718779e+01,3.718779e+01,3.718779e+01,3.718779e+01,3.718779e+01,3.718779e+01,3.718779e+01,3.718779e+01,3.718779e+01,3.718779e+01,3.718779e+01,3.718779e+01,3.718779e+01,3.718779e+01,3.718779e+01,3.677706e+01,3.677706e+01,3.677706e+01,3.677706e+01,3.677706e+01,3.677706e+01,3.677706e+01,3.677706e+01,3.655737e+01,3.637855e+01,3.618565e+01,3.618565e+01,3.618565e+01,3.618565e+01,3.618565e+01,3.618565e+01,3.568805e+01,3.568805e+01,3.568805e+01,3.568805e+01,3.511855e+01,3.531334e+01,3.527163e+01,3.511855e+01,3.503495e+01,3.469993e+01,3.469993e+01,3.469993e+01,3.469993e+01,3.469993e+01,3.469993e+01,3.415330e+01,3.472789e+01,3.397047e+01,3.397047e+01,3.397047e+01,3.397047e+01,3.363211e+01,3.363211e+01,3.363211e+01,3.363211e+01,3.363211e+01,3.363211e+01,3.363211e+01,3.303740e+01,3.307999e+01,3.346253e+01,3.346253e+01,3.346253e+01,3.346253e+01,3.346253e+01,3.346253e+01,3.346253e+01,3.288110e+01,3.278151e+01,3.336349e+01,3.316512e+01,3.296638e+01,3.296638e+01,3.296638e+01,3.296638e+01,3.296638e+01,3.296638e+01,3.296638e+01,3.296638e+01,3.296638e+01,3.296638e+01,3.296638e+01,3.296638e+01,3.296638e+01,3.296638e+01,3.296638e+01,3.296638e+01,3.296638e+01,3.296638e+01,3.238222e+01,3.242507e+01,3.241079e+01,3.241079e+01,3.241079e+01,3.241079e+01,3.241079e+01,3.241079e+01,3.241079e+01,3.241079e+01,3.241079e+01,3.241079e+01,3.241079e+01,3.241079e+01,3.241079e+01,3.182355e+01,3.202444e+01,3.202444e+01,3.186663e+01,3.186663e+01,3.206744e+01,3.206744e+01,3.206744e+01,3.206744e+01,3.206744e+01,3.206744e+01,3.206744e+01,3.206744e+01,3.206744e+01,3.206744e+01,3.206744e+01,3.206744e+01,3.206744e+01,3.206744e+01,3.206744e+01,3.206744e+01,3.206744e+01,3.206744e+01,3.206744e+01,3.206744e+01,3.206744e+01,3.206744e+01,3.206744e+01,3.265333e+01,3.245363e+01,3.225356e+01,3.225356e+01,3.225356e+01,3.225356e+01,3.225356e+01,3.225356e+01,3.225356e+01,3.225356e+01,3.225356e+01,3.225356e+01,3.225356e+01,3.225356e+01,3.283843e+01,3.263908e+01,3.263908e+01,3.263908e+01,3.263908e+01,3.263908e+01,3.263908e+01,3.263908e+01,3.263908e+01,3.263908e+01,3.263908e+01,3.263908e+01,3.263908e+01,3.205310e+01,3.225356e+01,3.225356e+01,3.225356e+01,3.225356e+01,3.225356e+01,3.225356e+01,3.225356e+01,3.225356e+01,3.225356e+01,3.225356e+01,3.225356e+01,3.225356e+01,3.225356e+01,3.225356e+01,3.225356e+01,3.225356e+01,3.225356e+01,3.225356e+01,3.225356e+01,3.225356e+01,3.225356e+01,3.225356e+01,3.283843e+01,3.263908e+01,3.263908e+01,3.263908e+01,3.263908e+01,3.263908e+01,3.263908e+01,3.263908e+01,3.263908e+01,3.263908e+01,3.263908e+01,3.263908e+01,3.263908e+01,3.263908e+01,3.263908e+01,3.263908e+01,3.263908e+01,3.205310e+01,3.225356e+01,3.225356e+01,3.225356e+01,3.225356e+01,3.225356e+01,3.225356e+01,3.225356e+01,3.225356e+01,3.225356e+01,3.225356e+01,3.225356e+01,3.225356e+01,3.225356e+01,3.283843e+01,3.263908e+01,3.263908e+01,3.263908e+01,3.263908e+01,3.263908e+01,3.263908e+01,3.263908e+01,3.263908e+01,3.263908e+01,3.263908e+01,3.263908e+01,3.263908e+01,3.263908e+01,3.263908e+01,3.322184e+01,3.302320e+01,3.302320e+01,3.302320e+01,3.302320e+01,3.302320e+01,3.302320e+01,3.302320e+01,3.302320e+01,3.302320e+01,3.302320e+01,3.302320e+01,3.302320e+01,3.302320e+01,3.302320e+01,3.302320e+01,3.302320e+01,3.302320e+01,3.302320e+01,3.302320e+01,3.360387e+01,3.340595e+01,3.320766e+01,3.320766e+01,3.320766e+01,3.320766e+01,3.320766e+01,3.320766e+01,3.320766e+01,3.262482e+01,3.282420e+01,3.282420e+01,3.282420e+01,3.282420e+01,3.282420e+01,3.282420e+01,3.282420e+01,3.282420e+01,3.282420e+01,3.223925e+01,3.243935e+01,3.243935e+01,3.243935e+01,3.243935e+01,3.243935e+01,3.243935e+01,3.243935e+01,3.243935e+01,3.243935e+01,3.243935e+01,3.243935e+01,3.243935e+01,3.243935e+01,3.243935e+01,3.243935e+01,3.243935e+01,3.243935e+01,3.243935e+01,3.243935e+01,3.243935e+01,3.243935e+01,3.243935e+01,3.243935e+01,3.243935e+01,3.243935e+01,3.243935e+01,3.243935e+01,3.243935e+01,3.243935e+01,3.243935e+01,3.243935e+01,3.243935e+01,3.243935e+01,3.243935e+01,3.243935e+01,3.243935e+01,3.243935e+01,3.243935e+01,3.243935e+01,3.243935e+01,3.243935e+01,3.243935e+01,3.243935e+01,3.243935e+01,3.243935e+01,3.243935e+01,3.243935e+01,3.243935e+01,3.243935e+01,3.243935e+01,3.185227e+01,3.179482e+01,3.179482e+01,3.179482e+01,3.179482e+01,3.179482e+01,3.179482e+01,3.179482e+01,3.179482e+01,3.179482e+01,3.179482e+01,3.179482e+01,3.179482e+01,3.179482e+01,3.123301e+01,3.123301e+01,3.123301e+01,3.123301e+01,3.123301e+01,3.123301e+01,3.123301e+01,3.123301e+01,3.123301e+01,3.182355e+01,3.178045e+01,3.176608e+01,3.176608e+01,3.176608e+01,3.176608e+01,3.176608e+01,3.176608e+01,3.176608e+01,3.176608e+01,3.176608e+01,3.176608e+01,3.176608e+01,3.176608e+01,3.176608e+01,3.176608e+01,3.176608e+01,3.235364e+01,3.229646e+01,3.229646e+01,3.229646e+01,3.229646e+01,3.229646e+01,3.229646e+01,3.229646e+01,3.229646e+01,3.229646e+01,3.229646e+01,3.229646e+01,3.229646e+01,3.229646e+01,3.229646e+01,3.229646e+01,3.229646e+01,3.229646e+01,3.229646e+01,3.229646e+01,3.229646e+01,3.229646e+01,3.229646e+01,3.229646e+01,3.229646e+01,3.229646e+01,3.229646e+01,3.229646e+01,3.229646e+01,3.229646e+01,3.229646e+01,3.229646e+01,3.229646e+01,3.229646e+01,3.288110e+01,3.268183e+01,3.268183e+01,3.279574e+01,3.279574e+01,3.279574e+01,3.279574e+01,3.279574e+01,3.279574e+01,3.279574e+01,3.279574e+01,3.279574e+01,3.279574e+01,3.279574e+01,3.332101e+01,3.332101e+01,3.332101e+01,3.332101e+01,3.332101e+01,3.332101e+01,3.332101e+01,3.332101e+01,3.332101e+01,3.332101e+01,3.332101e+01,3.332101e+01,3.332101e+01,3.332101e+01,3.332101e+01,3.332101e+01,3.332101e+01,3.332101e+01,3.332101e+01,3.390006e+01,3.370269e+01,3.370269e+01,3.370269e+01,3.370269e+01,3.370269e+01,3.370269e+01,3.370269e+01,3.370269e+01,3.370269e+01,3.370269e+01,3.370269e+01,3.370269e+01,3.370269e+01,3.370269e+01,3.370269e+01,3.370269e+01,3.370269e+01,3.370269e+01,3.370269e+01,3.370269e+01,3.370269e+01,3.370269e+01,3.370269e+01,3.370269e+01,3.370269e+01,3.370269e+01,3.370269e+01,3.370269e+01,3.370269e+01,3.370269e+01,3.370269e+01,3.370269e+01,3.370269e+01,3.370269e+01,3.370269e+01,3.370269e+01,3.370269e+01,3.370269e+01,3.370269e+01,3.370269e+01,3.370269e+01,3.370269e+01,3.370269e+01,3.370269e+01,3.370269e+01,3.370269e+01,3.370269e+01,3.370269e+01,3.370269e+01,3.370269e+01,3.370269e+01,3.370269e+01,3.370269e+01,3.370269e+01,3.427969e+01,3.408302e+01,3.408302e+01,3.408302e+01,3.408302e+01,3.408302e+01,3.408302e+01,3.408302e+01,3.408302e+01,3.408302e+01,3.408302e+01,3.408302e+01,3.408302e+01,3.408302e+01,3.408302e+01,3.408302e+01,3.408302e+01,3.408302e+01,3.408302e+01,3.408302e+01,3.408302e+01,3.408302e+01,3.408302e+01,3.408302e+01,3.465798e+01,3.446200e+01,3.426566e+01,3.430776e+01,3.451803e+01,3.451803e+01,3.451803e+01,3.451803e+01,3.451803e+01,3.451803e+01,3.451803e+01,3.451803e+01,3.451803e+01,3.451803e+01,3.451803e+01,3.451803e+01,3.451803e+01,3.451803e+01,3.509069e+01,3.504889e+01,3.509069e+01
3.579882e+01,3.579882e+01,3.579882e+01,3.579882e+01,3.579882e+01,3.579882e+01,3.579882e+01,3.579882e+01,3.579882e+01,3.579882e+01,3.579882e+01,3.579882e+01,3.579882e+01,3.579882e+01,3.579882e+01,3.579882e+01,3.579882e+01,3.579882e+01,3.579882e+01,3.579882e+01,3.579882e+01,3.579882e+01,3.579882e+01,3.579882e+01,3.579882e+01,3.579882e+01,3.579882e+01,3.579882e+01,3.579882e+01,3.630970e+01,3.630970e+01,3.630970e+01,3.630970e+01,3.630970e+01,3.630970e+01,3.630970e+01,3.630970e+01,3.630970e+01,3.630970e+01,3.630970e+01,3.630970e+01,3.630970e+01,3.630970e+01,3.630970e+01,3.630970e+01,3.630970e+01,3.630970e+01,3.630970e+01,3.630970e+01,3.630970e+01,3.630970e+01,3.630970e+01,3.630970e+01,3.630970e+01,3.630970e+01,3.630970e+01,3.630970e+01,3.630970e+01,3.630970e+01,3.630970e+01,3.676334e+01,3.676334e+01,3.676334e+01,3.676334e+01,3.676334e+01,3.676334e+01,3.676334e+01,3.676334e+01,3.676334e+01,3.676334e+01,3.676334e+01,3.732436e+01,3.713311e+01,3.694154e+01,3.694154e+01,3.750165e+01,3.747440e+01,3.728341e+01,3.732436e+01,3.762422e+01,3.721512e+01,3.754252e+01,3.754252e+01,3.754252e+01,3.754252e+01,3.754252e+01,3.754252e+01,3.754252e+01,3.754252e+01,3.754252e+01,3.754252e+01,3.754252e+01,3.754252e+01,3.754252e+01,3.754252e+01,3.754252e+01,3.754252e+01,3.754252e+01,3.754252e+01,3.754252e+01,3.754252e+01,3.754252e+01,3.754252e+01,3.754252e+01,3.754252e+01,3.754252e+01,3.754252e+01,3.754252e+01,3.754252e+01,3.754252e+01,3.754252e+01,3.754252e+01,3.754252e+01,3.754252e+01,3.754252e+01,3.754252e+01,3.754252e+01,3.754252e+01,3.754252e+01,3.754252e+01,3.754252e+01,3.754252e+01,3.754252e+01,3.754252e+01,3.754252e+01,3.754252e+01,3.754252e+01,3.754252e+01,3.718779e+01,3.737894e+01,3.718779e+01,3.699631e+01,3.699631e+01,3.699631e+01,3.699631e+01,3.699631e+01,3.699631e+01,3.699631e+01,3.637855e+01,3.637855e+01,3.637855e+01,3.637855e+01,3.637855e+01,3.637855e+01,3.581266e+01,3.582650e+01,3.582650e+01,3.582650e+01,3.582650e+01,3.582650e+01,3.582650e+01,3.527163e+01,3.527163e+01,3.527163e+01,3.527163e+01,3.527163e+01,3.469993e+01,3.469993e+01,3.469993e+01,3.469993e+01,3.469993e+01,3.412519e+01,3.402676e+01,3.402676e+01,3.402676e+01,3.402676e+01,3.402676e+01,3.402676e+01,3.402676e+01,3.402676e+01,3.363211e+01,3.363211e+01,3.363211e+01,3.363211e+01,3.363211e+01,3.363211e+01,3.363211e+01,3.363211e+01,3.305160e+01,3.325018e+01,3.325018e+01,3.325018e+01,3.325018e+01,3.325018e+01,3.325018e+01,3.325018e+01,3.325018e+01,3.325018e+01,3.325018e+01,3.325018e+01,3.325018e+01,3.325018e+01,3.266758e+01,3.286687e+01,3.286687e+01,3.286687e+01,3.286687e+01,3.286687e+01,3.286687e+01,3.286687e+01,3.286687e+01,3.286687e+01,3.286687e+01,3.286687e+01,3.286687e+01,3.286687e+01,3.286687e+01,3.286687e+01,3.241079e+01,3.241079e+01,3.241079e+01,3.241079e+01,3.241079e+01,3.241079e+01,3.241079e+01,3.241079e+01,3.241079e+01,3.241079e+01,3.182355e+01,3.188098e+01,3.188098e+01,3.188098e+01,3.188098e+01,3.188098e+01,3.188098e+01,3.188098e+01,3.188098e+01,3.188098e+01,3.188098e+01,3.188098e+01,3.188098e+01,3.188098e+01,3.188098e+01,3.188098e+01,3.188098e+01,3.188098e+01,3.188098e+01,3.188098e+01,3.188098e+01,3.188098e+01,3.188098e+01,3.188098e+01,3.188098e+01,3.188098e+01,3.188098e+01,3.246791e+01,3.246791e+01,3.251073e+01,3.251073e+01,3.251073e+01,3.251073e+01,3.251073e+01,3.251073e+01,3.251073e+01,3.251073e+01,3.251073e+01,3.251073e+01,3.251073e+01,3.251073e+01,3.251073e+01,3.251073e+01,3.251073e+01,3.251073e+01,3.251073e+01,3.251073e+01,3.251073e+01,3.251073e+01,3.251073e+01,3.251073e+01,3.251073e+01,3.251073e+01,3.251073e+01,3.251073e+01,3.251073e+01,3.251073e+01,3.251073e+01,3.251073e+01,3.251073e+01,3.251073e+01,3.251073e+01,3.251073e+01,3.251073e+01,3.251073e+01,3.251073e+01,3.251073e+01,3.251073e+01,3.251073e+01,3.251073e+01,3.251073e+01,3.251073e+01,3.251073e+01,3.251073e+01,3.251073e+01,3.251073e+01,3.251073e+01,3.251073e+01,3.251073e+01,3.251073e+01,3.251073e+01,3.251073e+01,3.251073e+01,3.251073e+01,3.251073e+01,3.251073e+01,3.251073e+01,3.251073e+01,3.251073e+01,3.251073e+01,3.251073e+01,3.251073e+01,3.251073e+01,3.251073e+01,3.251073e+01,3.251073e+01,3.251073e+01,3.251073e+01,3.251073e+01,3.251073e+01,3.251073e+01,3.251073e+01,3.251073e+01,3.251073e+01,3.251073e+01,3.251073e+01,3.251073e+01,3.251073e+01,3.251073e+01,3.251073e+01,3.251073e+01,3.251073e+01,3.251073e+01,3.251073e+01,3.251073e+01,3.251073e+01,3.251073e+01,3.251073e+01,3.309418e+01,3.289532e+01,3.289532e+01,3.289532e+01,3.289532e+01,3.289532e+01,3.289532e+01,3.289532e+01,3.289532e+01,3.289532e+01,3.289532e+01,3.289532e+01,3.289532e+01,3.289532e+01,3.289532e+01,3.289532e+01,3.289532e+01,3.347667e+01,3.327852e+01,3.327852e+01,3.327852e+01,3.327852e+01,3.327852e+01,3.327852e+01,3.327852e+01,3.327852e+01,3.327852e+01,3.327852e+01,3.327852e+01,3.327852e+01,3.327852e+01,3.327852e+01,3.327852e+01,3.327852e+01,3.327852e+01,3.327852e+01,3.327852e+01,3.327852e+01,3.282420e+01,3.282420e+01,3.282420e+01,3.282420e+01,3.282420e+01,3.282420e+01,3.282420e+01,3.282420e+01,3.282420e+01,3.243935e+01,3.243935e+01,3.243935e+01,3.243935e+01,3.243935e+01,3.243935e+01,3.243935e+01,3.243935e+01,3.243935e+01,3.243935e+01,3.243935e+01,3.243935e+01,3.243935e+01,3.243935e+01,3.243935e+01,3.243935e+01,3.243935e+01,3.243935e+01,3.243935e+01,3.243935e+01,3.243935e+01,3.243935e+01,3.243935e+01,3.243935e+01,3.243935e+01,3.243935e+01,3.243935e+01,3.243935e+01,3.243935e+01,3.243935e+01,3.302320e+01,3.282420e+01,3.262482e+01,3.262482e+01,3.262482e+01,3.262482e+01,3.262482e+01,3.262482e+01,3.262482e+01,3.262482e+01,3.262482e+01,3.262482e+01,3.262482e+01,3.262482e+01,3.262482e+01,3.262482e+01,3.262482e+01,3.203877e+01,3.223925e+01,3.219632e+01,3.201010e+01,3.201010e+01,3.201010e+01,3.201010e+01,3.201010e+01,3.201010e+01,3.201010e+01,3.201010e+01,3.201010e+01,3.142062e+01,3.162227e+01,3.162227e+01,3.162227e+01,3.162227e+01,3.162227e+01,3.162227e+01,3.162227e+01,3.162227e+01,3.162227e+01,3.162227e+01,3.162227e+01,3.162227e+01,3.162227e+01,3.162227e+01,3.162227e+01,3.162227e+01,3.162227e+01,3.162227e+01,3.162227e+01,3.162227e+01,3.162227e+01,3.162227e+01,3.162227e+01,3.162227e+01,3.162227e+01,3.221064e+01,3.201010e+01,3.201010e+01,3.201010e+01,3.201010e+01,3.201010e+01,3.201010e+01,3.201010e+01,3.201010e+01,3.201010e+01,3.201010e+01,3.201010e+01,3.201010e+01,3.201010e+01,3.201010e+01,3.201010e+01,3.201010e+01,3.201010e+01,3.201010e+01,3.201010e+01,3.201010e+01,3.201010e+01,3.259631e+01,3.239651e+01,3.239651e+01,3.239651e+01,3.239651e+01,3.239651e+01,3.239651e+01,3.239651e+01,3.239651e+01,3.239651e+01,3.239651e+01,3.239651e+01,3.239651e+01,3.239651e+01,3.239651e+01,3.239651e+01,3.239651e+01,3.239651e+01,3.239651e+01,3.239651e+01,3.239651e+01,3.239651e+01,3.279574e+01,3.279574e+01,3.279574e+01,3.279574e+01,3.279574e+01,3.279574e+01,3.279574e+01,3.279574e+01,3.337764e+01,3.332101e+01,3.332101e+01,3.332101e+01,3.332101e+01,3.332101e+01,3.332101e+01,3.332101e+01,3.332101e+01,3.332101e+01,3.332101e+01,3.332101e+01,3.332101e+01,3.332101e+01,3.332101e+01,3.332101e+01,3.332101e+01,3.390006e+01,3.370269e+01,3.370269e+01,3.375912e+01,3.375912e+01,3.375912e+01,3.375912e+01,3.375912e+01,3.375912e+01,3.375912e+01,3.375912e+01,3.375912e+01,3.375912e+01,3.375912e+01,3.375912e+01,3.375912e+01,3.375912e+01,3.375912e+01,3.375912e+01,3.375912e+01,3.375912e+01,3.375912e+01,3.375912e+01,3.375912e+01,3.375912e+01,3.375912e+01,3.375912e+01,3.375912e+01,3.375912e+01,3.375912e+01,3.375912e+01,3.375912e+01,3.375912e+01,3.375912e+01,3.375912e+01,3.375912e+01,3.375912e+01,3.375912e+01,3.375912e+01,3.375912e+01,3.375912e+01,3.375912e+01,3.375912e+01,3.375912e+01,3.375912e+01,3.375912e+01,3.375912e+01,3.375912e+01,3.375912e+01,3.375912e+01,3.375912e+01,3.375912e+01,3.375912e+01,3.375912e+01,3.375912e+01,3.375912e+01,3.375912e+01,3.375912e+01,3.375912e+01,3.375912e+01,3.375912e+01,3.375912e+01,3.375912e+01,3.375912e+01,3.375912e+01,3.375912e+01,3.375912e+01,3.408302e+01,3.408302e+01,3.408302e+01,3.408302e+01,3.408302e+01,3.408302e+01,3.408302e+01,3.408302e+01,3.408302e+01,3.408302e+01,3.408302e+01,3.408302e+01,3.408302e+01,3.408302e+01,3.408302e+01,3.465798e+01,3.465798e+01,3.465798e+01,3.465798e+01,3.465798e+01,3.465798e+01,3.465798e+01,3.465798e+01,3.465798e+01,3.465798e+01,3.465798e+01,3.465798e+01,3.465798e+01,3.465798e+01,3.465798e+01,3.465798e+01,3.465798e+01,3.465798e+01,3.509069e+01,3.509069e+01,3.509069e+01
3.579882e+01,3.579882e+01,3.579882e+01,3.579882e+01,3.579882e+01,3.579882e+01,3.579882e+01,3.579882e+01,3.579882e+01,3.579882e+01,3.579882e+01,3.579882e+01,3.579882e+01,3.579882e+01,3.579882e+01,3.579882e+01,3.579882e+01,3.579882e+01,3.579882e+01,3.579882e+01,3.579882e+01,3.579882e+01,3.579882e+01,3.579882e+01,3.579882e+01,3.579882e+01,3.579882e+01,3.579882e+01,3.579882e+01,3.579882e+01,3.630970e+01,3.630970e+01,3.630970e+01,3.630970e+01,3.630970e+01,3.630970e+01,3.630970e+01,3.630970e+01,3.630970e+01,3.630970e+01,3.630970e+01,3.630970e+01,3.630970e+01,3.630970e+01,3.630970e+01,3.630970e+01,3.630970e+01,3.630970e+01,3.630970e+01,3.630970e+01,3.630970e+01,3.630970e+01,3.630970e+01,3.630970e+01,3.630970e+01,3.630970e+01,3.630970e+01,3.687303e+01,3.668100e+01,3.668100e+01,3.662607e+01,3.662607e+01,3.662607e+01,3.662607e+01,3.662607e+01,3.718779e+01,3.699631e+01,3.699631e+01,3.699631e+01,3.699631e+01,3.699631e+01,3.732436e+01,3.732436e+01,3.732436e+01,3.732436e+01,3.732436e+01,3.732436e+01,3.788254e+01,3.785538e+01,3.729706e+01,3.721512e+01,3.804538e+01,3.785538e+01,3.766505e+01,3.766505e+01,3.766505e+01,3.766505e+01,3.766505e+01,3.766505e+01,3.766505e+01,3.766505e+01,3.766505e+01,3.766505e+01,3.766505e+01,3.766505e+01,3.766505e+01,3.766505e+01,3.766505e+01,3.766505e+01,3.766505e+01,3.766505e+01,3.766505e+01,3.766505e+01,3.766505e+01,3.766505e+01,3.766505e+01,3.766505e+01,3.766505e+01,3.766505e+01,3.766505e+01,3.766505e+01,3.766505e+01,3.766505e+01,3.766505e+01,3.766505e+01,3.766505e+01,3.766505e+01,3.766505e+01,3.766505e+01,3.766505e+01,3.766505e+01,3.766505e+01,3.766505e+01,3.766505e+01,3.766505e+01,3.766505e+01,3.766505e+01,3.766505e+01,3.766505e+01,3.766505e+01,3.766505e+01,3.755614e+01,3.736530e+01,3.717413e+01,3.717413e+01,3.717413e+01,3.717413e+01,3.717413e+01,3.717413e+01,3.694154e+01,3.674962e+01,3.655737e+01,3.655737e+01,3.655737e+01,3.655737e+01,3.639232e+01,3.619944e+01,3.600622e+01,3.600622e+01,3.600622e+01,3.600622e+01,3.600622e+01,3.527163e+01,3.527163e+01,3.527163e+01,3.527163e+01,3.527163e+01,3.469993e+01,3.469993e+01,3.469993e+01,3.469993e+01,3.469993e+01,3.460202e+01,3.440593e+01,3.420949e+01,3.420949e+01,3.420949e+01,3.420949e+01,3.420949e+01,3.363211e+01,3.367447e+01,3.367447e+01,3.367447e+01,3.367447e+01,3.367447e+01,3.367447e+01,3.367447e+01,3.367447e+01,3.367447e+01,3.367447e+01,3.325018e+01,3.325018e+01,3.325018e+01,3.325018e+01,3.325018e+01,3.325018e+01,3.325018e+01,3.325018e+01,3.325018e+01,3.325018e+01,3.325018e+01,3.325018e+01,3.325018e+01,3.286687e+01,3.286687e+01,3.286687e+01,3.286687e+01,3.286687e+01,3.286687e+01,3.286687e+01,3.286687e+01,3.286687e+01,3.286687e+01,3.286687e+01,3.286687e+01,3.286687e+01,3.286687e+01,3.286687e+01,3.241079e+01,3.241079e+01,3.241079e+01,3.241079e+01,3.241079e+01,3.241079e+01,3.241079e+01,3.241079e+01,3.241079e+01,3.241079e+01,3.182355e+01,3.182355e+01,3.182355e+01,3.182355e+01,3.182355e+01,3.182355e+01,3.182355e+01,3.182355e+01,3.182355e+01,3.182355e+01,3.182355e+01,3.182355e+01,3.182355e+01,3.241079e+01,3.221064e+01,3.201010e+01,3.201010e+01,3.201010e+01,3.201010e+01,3.201010e+01,3.201010e+01,3.201010e+01,3.201010e+01,3.201010e+01,3.201010e+01,3.201010e+01,3.201010e+01,3.201010e+01,3.201010e+01,3.201010e+01,3.201010e+01,3.201010e+01,3.201010e+01,3.251073e+01,3.251073e+01,3.251073e+01,3.251073e+01,3.251073e+01,3.251073e+01,3.251073e+01,3.251073e+01,3.251073e+01,3.251073e+01,3.251073e+01,3.251073e+01,3.251073e+01,3.251073e+01,3.251073e+01,3.251073e+01,3.251073e+01,3.251073e+01,3.251073e+01,3.251073e+01,3.251073e+01,3.251073e+01,3.251073e+01,3.251073e+01,3.251073e+01,3.251073e+01,3.251073e+01,3.251073e+01,3.251073e+01,3.251073e+01,3.251073e+01,3.251073e+01,3.251073e+01,3.251073e+01,3.251073e+01,3.251073e+01,3.251073e+01,3.251073e+01,3.251073e+01,3.251073e+01,3.251073e+01,3.251073e+01,3.251073e+01,3.251073e+01,3.251073e+01,3.251073e+01,3.251073e+01,3.251073e+01,3.251073e+01,3.251073e+01,3.251073e+01,3.251073e+01,3.251073e+01,3.251073e+01,3.251073e+01,3.251073e+01,3.251073e+01,3.251073e+01,3.251073e+01,3.251073e+01,3.251073e+01,3.251073e+01,3.251073e+01,3.251073e+01,3.251073e+01,3.251073e+01,3.251073e+01,3.251073e+01,3.251073e+01,3.251073e+01,3.251073e+01,3.251073e+01,3.251073e+01,3.251073e+01,3.251073e+01,3.251073e+01,3.251073e+01,3.251073e+01,3.251073e+01,3.251073e+01,3.251073e+01,3.251073e+01,3.251073e+01,3.251073e+01,3.309418e+01,3.245363e+01,3.265333e+01,3.265333e+01,3.265333e+01,3.265333e+01,3.323601e+01,3.303740e+01,3.303740e+01,3.303740e+01,3.303740e+01,3.303740e+01,3.303740e+01,3.303740e+01,3.303740e+01,3.303740e+01,3.303740e+01,3.303740e+01,3.303740e+01,3.303740e+01,3.361799e+01,3.342010e+01,3.342010e+01,3.342010e+01,3.342010e+01,3.342010e+01,3.342010e+01,3.342010e+01,3.342010e+01,3.342010e+01,3.342010e+01,3.342010e+01,3.342010e+01,3.342010e+01,3.342010e+01,3.342010e+01,3.342010e+01,3.283843e+01,3.286687e+01,3.286687e+01,3.286687e+01,3.286687e+01,3.286687e+01,3.286687e+01,3.286687e+01,3.286687e+01,3.286687e+01,3.228216e+01,3.231076e+01,3.231076e+01,3.289532e+01,3.269607e+01,3.269607e+01,3.269607e+01,3.269607e+01,3.269607e+01,3.269607e+01,3.269607e+01,3.269607e+01,3.269607e+01,3.269607e+01,3.269607e+01,3.269607e+01,3.269607e+01,3.269607e+01,3.269607e+01,3.269607e+01,3.269607e+01,3.269607e+01,3.269607e+01,3.269607e+01,3.269607e+01,3.269607e+01,3.269607e+01,3.269607e+01,3.269607e+01,3.269607e+01,3.269607e+01,3.269607e+01,3.269607e+01,3.269607e+01,3.327852e+01,3.307999e+01,3.288110e+01,3.288110e+01,3.288110e+01,3.288110e+01,3.288110e+01,3.288110e+01,3.288110e+01,3.288110e+01,3.288110e+01,3.288110e+01,3.288110e+01,3.229646e+01,3.218201e+01,3.218201e+01,3.218201e+01,3.218201e+01,3.218201e+01,3.218201e+01,3.218201e+01,3.218201e+01,3.218201e+01,3.218201e+01,3.218201e+01,3.159349e+01,3.156470e+01,3.156470e+01,3.156470e+01,3.156470e+01,3.156470e+01,3.156470e+01,3.156470e+01,3.156470e+01,3.156470e+01,3.156470e+01,3.156470e+01,3.156470e+01,3.156470e+01,3.156470e+01,3.156470e+01,3.156470e+01,3.156470e+01,3.156470e+01,3.156470e+01,3.156470e+01,3.156470e+01,3.156470e+01,3.156470e+01,3.156470e+01,3.156470e+01,3.156470e+01,3.221064e+01,3.221064e+01,3.221064e+01,3.221064e+01,3.221064e+01,3.221064e+01,3.221064e+01,3.221064e+01,3.221064e+01,3.221064e+01,3.221064e+01,3.221064e+01,3.221064e+01,3.221064e+01,3.221064e+01,3.221064e+01,3.221064e+01,3.221064e+01,3.221064e+01,3.221064e+01,3.221064e+01,3.221064e+01,3.221064e+01,3.221064e+01,3.221064e+01,3.221064e+01,3.221064e+01,3.221064e+01,3.221064e+01,3.221064e+01,3.221064e+01,3.221064e+01,3.221064e+01,3.221064e+01,3.279574e+01,3.259631e+01,3.259631e+01,3.259631e+01,3.259631e+01,3.259631e+01,3.259631e+01,3.259631e+01,3.259631e+01,3.259631e+01,3.259631e+01,3.259631e+01,3.259631e+01,3.259631e+01,3.259631e+01,3.317930e+01,3.298059e+01,3.302320e+01,3.322184e+01,3.322184e+01,3.322184e+01,3.322184e+01,3.322184e+01,3.322184e+01,3.322184e+01,3.322184e+01,3.322184e+01,3.322184e+01,3.322184e+01,3.380142e+01,3.360387e+01,3.360387e+01,3.360387e+01,3.360387e+01,3.360387e+01,3.360387e+01,3.360387e+01,3.360387e+01,3.360387e+01,3.360387e+01,3.360387e+01,3.360387e+01,3.360387e+01,3.360387e+01,3.360387e+01,3.360387e+01,3.360387e+01,3.360387e+01,3.360387e+01,3.360387e+01,3.360387e+01,3.360387e+01,3.360387e+01,3.360387e+01,3.360387e+01,3.360387e+01,3.360387e+01,3.360387e+01,3.360387e+01,3.360387e+01,3.360387e+01,3.360387e+01,3.360387e+01,3.360387e+01,3.360387e+01,3.360387e+01,3.360387e+01,3.360387e+01,3.360387e+01,3.360387e+01,3.360387e+01,3.360387e+01,3.360387e+01,3.360387e+01,3.360387e+01,3.360387e+01,3.360387e+01,3.360387e+01,3.360387e+01,3.360387e+01,3.360387e+01,3.360387e+01,3.360387e+01,3.360387e+01,3.360387e+01,3.360387e+01,3.360387e+01,3.418140e+01,3.398454e+01,3.398454e+01,3.398454e+01,3.398454e+01,3.398454e+01,3.398454e+01,3.398454e+01,3.398454e+01,3.398454e+01,3.398454e+01,3.398454e+01,3.398454e+01,3.398454e+01,3.398454e+01,3.398454e+01,3.398454e+01,3.398454e+01,3.398454e+01,3.398454e+01,3.398454e+01,3.398454e+01,3.398454e+01,3.398454e+01,3.398454e+01,3.398454e+01,3.398454e+01,3.456003e+01,3.436387e+01,3.440593e+01,3.451803e+01,3.451803e+01,3.451803e+01,3.451803e+01,3.451803e+01,3.451803e+01,3.451803e+01,3.451803e+01,3.451803e+01,3.451803e+01,3.451803e+01,3.451803e+01,3.451803e+01,3.451803e+01,3.451803e+01,3.509069e+01,3.489548e+01,3.489548e+01,3.504889e+01,3.504889e+01,3.504889e+01
3.579882e+01,3.579882e+01,3.522990e+01,3.542450e+01,3.561876e+01,3.561876e+01,3.561876e+01,3.561876e+01,3.561876e+01,3.561876e+01,3.561876e+01,3.561876e+01,3.561876e+01,3.561876e+01,3.561876e+01,3.561876e+01,3.561876e+01,3.561876e+01,3.561876e+01,3.561876e+01,3.561876e+01,3.561876e+01,3.561876e+01,3.561876e+01,3.561876e+01,3.618565e+01,3.599241e+01,3.599241e+01,3.599241e+01,3.599241e+01,3.599241e+01,3.599241e+01,3.599241e+01,3.599241e+01,3.599241e+01,3.599241e+01,3.599241e+01,3.599241e+01,3.599241e+01,3.599241e+01,3.599241e+01,3.599241e+01,3.599241e+01,3.599241e+01,3.599241e+01,3.599241e+01,3.630970e+01,3.630970e+01,3.630970e+01,3.630970e+01,3.630970e+01,3.630970e+01,3.630970e+01,3.630970e+01,3.630970e+01,3.687303e+01,3.683191e+01,3.681820e+01,3.681820e+01,3.681820e+01,3.681820e+01,3.681820e+01,3.681820e+01,3.681820e+01,3.681820e+01,3.681820e+01,3.681820e+01,3.737894e+01,3.718779e+01,3.718779e+01,3.718779e+01,3.718779e+01,3.774666e+01,3.755614e+01,3.755614e+01,3.755614e+01,3.755614e+01,3.755614e+01,3.755614e+01,3.755614e+01,3.755614e+01,3.755614e+01,3.755614e+01,3.755614e+01,3.811316e+01,3.792327e+01,3.792327e+01,3.792327e+01,3.792327e+01,3.792327e+01,3.792327e+01,3.792327e+01,3.792327e+01,3.792327e+01,3.792327e+01,3.792327e+01,3.792327e+01,3.792327e+01,3.792327e+01,3.792327e+01,3.792327e+01,3.792327e+01,3.792327e+01,3.792327e+01,3.792327e+01,3.792327e+01,3.792327e+01,3.792327e+01,3.792327e+01,3.792327e+01,3.792327e+01,3.792327e+01,3.792327e+01,3.792327e+01,3.792327e+01,3.792327e+01,3.792327e+01,3.792327e+01,3.792327e+01,3.792327e+01,3.792327e+01,3.792327e+01,3.792327e+01,3.792327e+01,3.792327e+01,3.792327e+01,3.792327e+01,3.792327e+01,3.792327e+01,3.736530e+01,3.755614e+01,3.755614e+01,3.755614e+01,3.755614e+01,3.755614e+01,3.717413e+01,3.717413e+01,3.717413e+01,3.717413e+01,3.717413e+01,3.717413e+01,3.711944e+01,3.692784e+01,3.673590e+01,3.673590e+01,3.639232e+01,3.639232e+01,3.639232e+01,3.639232e+01,3.600622e+01,3.543839e+01,3.548004e+01,3.589566e+01,3.570190e+01,3.550779e+01,3.550779e+01,3.493734e+01,3.541061e+01,3.521599e+01,3.502101e+01,3.482569e+01,3.482569e+01,3.425162e+01,3.444798e+01,3.444798e+01,3.444798e+01,3.444798e+01,3.387189e+01,3.387189e+01,3.436387e+01,3.416735e+01,3.397047e+01,3.377322e+01,3.377322e+01,3.377322e+01,3.377322e+01,3.377322e+01,3.377322e+01,3.377322e+01,3.377322e+01,3.377322e+01,3.325018e+01,3.325018e+01,3.325018e+01,3.325018e+01,3.325018e+01,3.325018e+01,3.325018e+01,3.325018e+01,3.325018e+01,3.325018e+01,3.325018e+01,3.325018e+01,3.325018e+01,3.286687e+01,3.286687e+01,3.286687e+01,3.286687e+01,3.286687e+01,3.286687e+01,3.286687e+01,3.286687e+01,3.286687e+01,3.286687e+01,3.286687e+01,3.286687e+01,3.286687e+01,3.286687e+01,3.286687e+01,3.286687e+01,3.241079e+01,3.241079e+01,3.241079e+01,3.241079e+01,3.241079e+01,3.241079e+01,3.241079e+01,3.241079e+01,3.182355e+01,3.182355e+01,3.182355e+01,3.182355e+01,3.182355e+01,3.182355e+01,3.182355e+01,3.182355e+01,3.182355e+01,3.182355e+01,3.182355e+01,3.182355e+01,3.241079e+01,3.233935e+01,3.233935e+01,3.233935e+01,3.233935e+01,3.201010e+01,3.201010e+01,3.201010e+01,3.201010e+01,3.201010e+01,3.201010e+01,3.201010e+01,3.201010e+01,3.201010e+01,3.201010e+01,3.201010e+01,3.201010e+01,3.201010e+01,3.201010e+01,3.201010e+01,3.201010e+01,3.201010e+01,3.201010e+01,3.251073e+01,3.251073e+01,3.251073e+01,3.251073e+01,3.251073e+01,3.251073e+01,3.251073e+01,3.251073e+01,3.251073e+01,3.251073e+01,3.251073e+01,3.251073e+01,3.251073e+01,3.251073e+01,3.251073e+01,3.251073e+01,3.251073e+01,3.251073e+01,3.251073e+01,3.251073e+01,3.251073e+01,3.251073e+01,3.251073e+01,3.251073e+01,3.251073e+01,3.251073e+01,3.251073e+01,3.251073e+01,3.251073e+01,3.251073e+01,3.251073e+01,3.251073e+01,3.251073e+01,3.251073e+01,3.251073e+01,3.251073e+01,3.251073e+01,3.251073e+01,3.251073e+01,3.251073e+01,3.251073e+01,3.251073e+01,3.251073e+01,3.251073e+01,3.251073e+01,3.251073e+01,3.251073e+01,3.251073e+01,3.251073e+01,3.251073e+01,3.251073e+01,3.251073e+01,3.251073e+01,3.251073e+01,3.251073e+01,3.251073e+01,3.251073e+01,3.251073e+01,3.251073e+01,3.251073e+01,3.251073e+01,3.251073e+01,3.251073e+01,3.251073e+01,3.251073e+01,3.251073e+01,3.251073e+01,3.251073e+01,3.251073e+01,3.251073e+01,3.251073e+01,3.251073e+01,3.251073e+01,3.251073e+01,3.251073e+01,3.251073e+01,3.251073e+01,3.251073e+01,3.309418e+01,3.289532e+01,3.269607e+01,3.273880e+01,3.300900e+01,3.261057e+01,3.261057e+01,3.261057e+01,3.261057e+01,3.319348e+01,3.316512e+01,3.316512e+01,3.316512e+01,3.316512e+01,3.316512e+01,3.316512e+01,3.316512e+01,3.316512e+01,3.316512e+01,3.316512e+01,3.316512e+01,3.316512e+01,3.316512e+01,3.316512e+01,3.316512e+01,3.316512e+01,3.316512e+01,3.374501e+01,3.354736e+01,3.354736e+01,3.354736e+01,3.354736e+01,3.354736e+01,3.354736e+01,3.354736e+01,3.354736e+01,3.354736e+01,3.354736e+01,3.354736e+01,3.296638e+01,3.296638e+01,3.300900e+01,3.300900e+01,3.300900e+01,3.300900e+01,3.300900e+01,3.300900e+01,3.300900e+01,3.300900e+01,3.300900e+01,3.300900e+01,3.300900e+01,3.300900e+01,3.231076e+01,3.273880e+01,3.273880e+01,3.273880e+01,3.273880e+01,3.273880e+01,3.273880e+01,3.273880e+01,3.273880e+01,3.273880e+01,3.273880e+01,3.273880e+01,3.273880e+01,3.273880e+01,3.273880e+01,3.273880e+01,3.273880e+01,3.273880e+01,3.273880e+01,3.273880e+01,3.273880e+01,3.273880e+01,3.273880e+01,3.273880e+01,3.332101e+01,3.312257e+01,3.292375e+01,3.292375e+01,3.292375e+01,3.292375e+01,3.292375e+01,3.350495e+01,3.285265e+01,3.305160e+01,3.305160e+01,3.305160e+01,3.305160e+01,3.305160e+01,3.305160e+01,3.305160e+01,3.305160e+01,3.305160e+01,3.305160e+01,3.305160e+01,3.305160e+01,3.288110e+01,3.256779e+01,3.236793e+01,3.236793e+01,3.236793e+01,3.236793e+01,3.236793e+01,3.236793e+01,3.236793e+01,3.236793e+01,3.236793e+01,3.178045e+01,3.176608e+01,3.176608e+01,3.176608e+01,3.176608e+01,3.176608e+01,3.176608e+01,3.176608e+01,3.176608e+01,3.176608e+01,3.176608e+01,3.176608e+01,3.176608e+01,3.176608e+01,3.176608e+01,3.176608e+01,3.176608e+01,3.176608e+01,3.176608e+01,3.176608e+01,3.176608e+01,3.176608e+01,3.176608e+01,3.176608e+01,3.176608e+01,3.176608e+01,3.176608e+01,3.176608e+01,3.176608e+01,3.176608e+01,3.221064e+01,3.221064e+01,3.221064e+01,3.221064e+01,3.221064e+01,3.221064e+01,3.221064e+01,3.221064e+01,3.221064e+01,3.221064e+01,3.221064e+01,3.221064e+01,3.221064e+01,3.221064e+01,3.221064e+01,3.221064e+01,3.221064e+01,3.221064e+01,3.221064e+01,3.221064e+01,3.221064e+01,3.221064e+01,3.221064e+01,3.221064e+01,3.221064e+01,3.221064e+01,3.221064e+01,3.221064e+01,3.221064e+01,3.221064e+01,3.221064e+01,3.221064e+01,3.279574e+01,3.279574e+01,3.279574e+01,3.279574e+01,3.279574e+01,3.279574e+01,3.279574e+01,3.279574e+01,3.279574e+01,3.279574e+01,3.279574e+01,3.279574e+01,3.279574e+01,3.279574e+01,3.279574e+01,3.279574e+01,3.279574e+01,3.279574e+01,3.322184e+01,3.322184e+01,3.322184e+01,3.322184e+01,3.322184e+01,3.322184e+01,3.322184e+01,3.322184e+01,3.322184e+01,3.322184e+01,3.322184e+01,3.380142e+01,3.380142e+01,3.380142e+01,3.380142e+01,3.380142e+01,3.380142e+01,3.380142e+01,3.380142e+01,3.380142e+01,3.380142e+01,3.380142e+01,3.380142e+01,3.380142e+01,3.380142e+01,3.380142e+01,3.380142e+01,3.380142e+01,3.380142e+01,3.380142e+01,3.380142e+01,3.380142e+01,3.380142e+01,3.380142e+01,3.380142e+01,3.380142e+01,3.380142e+01,3.380142e+01,3.380142e+01,3.380142e+01,3.380142e+01,3.380142e+01,3.380142e+01,3.380142e+01,3.380142e+01,3.380142e+01,3.380142e+01,3.380142e+01,3.380142e+01,3.380142e+01,3.380142e+01,3.380142e+01,3.380142e+01,3.380142e+01,3.380142e+01,3.380142e+01,3.380142e+01,3.380142e+01,3.380142e+01,3.380142e+01,3.380142e+01,3.380142e+01,3.380142e+01,3.380142e+01,3.380142e+01,3.380142e+01,3.380142e+01,3.380142e+01,3.380142e+01,3.380142e+01,3.380142e+01,3.380142e+01,3.380142e+01,3.380142e+01,3.380142e+01,3.380142e+01,3.380142e+01,3.380142e+01,3.437789e+01,3.418140e+01,3.418140e+01,3.418140e+01,3.418140e+01,3.418140e+01,3.418140e+01,3.418140e+01,3.418140e+01,3.418140e+01,3.418140e+01,3.418140e+01,3.418140e+01,3.418140e+01,3.418140e+01,3.418140e+01,3.418140e+01,3.418140e+01,3.418140e+01,3.418140e+01,3.418140e+01,3.418140e+01,3.418140e+01,3.418140e+01,3.418140e+01,3.451803e+01,3.451803e+01,3.451803e+01,3.451803e+01,3.451803e+01,3.451803e+01,3.451803e+01,3.451803e+01,3.451803e+01,3.451803e+01,3.451803e+01,3.451803e+01,3.489548e+01,3.489548e+01,3.489548e+01,3.489548e+01,3.546616e+01
3.522990e+01,3.527163e+01,3.531334e+01,3.531334e+01,3.531334e+01,3.531334e+01,3.531334e+01,3.531334e+01,3.531334e+01,3.531334e+01,3.531334e+01,3.531334e+01,3.531334e+01,3.531334e+01,3.531334e+01,3.561876e+01,3.561876e+01,3.561876e+01,3.561876e+01,3.561876e+01,3.561876e+01,3.561876e+01,3.561876e+01,3.618565e+01,3.614427e+01,3.610287e+01,3.610287e+01,3.610287e+01,3.610287e+01,3.610287e+01,3.610287e+01,3.610287e+01,3.610287e+01,3.610287e+01,3.610287e+01,3.610287e+01,3.610287e+01,3.610287e+01,3.610287e+01,3.610287e+01,3.610287e+01,3.610287e+01,3.610287e+01,3.610287e+01,3.610287e+01,3.610287e+01,3.610287e+01,3.610287e+01,3.610287e+01,3.610287e+01,3.610287e+01,3.610287e+01,3.666727e+01,3.647488e+01,3.651613e+01,3.672218e+01,3.672218e+01,3.672218e+01,3.672218e+01,3.672218e+01,3.672218e+01,3.672218e+01,3.672218e+01,3.672218e+01,3.728341e+01,3.709209e+01,3.713311e+01,3.721512e+01,3.721512e+01,3.721512e+01,3.721512e+01,3.721512e+01,3.774666e+01,3.774666e+01,3.774666e+01,3.774666e+01,3.774666e+01,3.774666e+01,3.774666e+01,3.774666e+01,3.774666e+01,3.774666e+01,3.774666e+01,3.774666e+01,3.774666e+01,3.830272e+01,3.811316e+01,3.811316e+01,3.811316e+01,3.811316e+01,3.811316e+01,3.811316e+01,3.811316e+01,3.811316e+01,3.811316e+01,3.811316e+01,3.811316e+01,3.811316e+01,3.811316e+01,3.811316e+01,3.811316e+01,3.811316e+01,3.811316e+01,3.811316e+01,3.811316e+01,3.811316e+01,3.811316e+01,3.811316e+01,3.811316e+01,3.811316e+01,3.811316e+01,3.811316e+01,3.811316e+01,3.811316e+01,3.811316e+01,3.811316e+01,3.811316e+01,3.811316e+01,3.811316e+01,3.811316e+01,3.811316e+01,3.811316e+01,3.811316e+01,3.811316e+01,3.811316e+01,3.811316e+01,3.811316e+01,3.811316e+01,3.811316e+01,3.811316e+01,3.811316e+01,3.811316e+01,3.755614e+01,3.755614e+01,3.755614e+01,3.755614e+01,3.755614e+01,3.717413e+01,3.717413e+01,3.717413e+01,3.717413e+01,3.717413e+01,3.717413e+01,3.673590e+01,3.673590e+01,3.643361e+01,3.643361e+01,3.643361e+01,3.586800e+01,3.643361e+01,3.586800e+01,3.584033e+01,3.585417e+01,3.585417e+01,3.550779e+01,3.546616e+01,3.559103e+01,3.550779e+01,3.521599e+01,3.464399e+01,3.483965e+01,3.479775e+01,3.440593e+01,3.440593e+01,3.440593e+01,3.440593e+01,3.440593e+01,3.440593e+01,3.440593e+01,3.440593e+01,3.440593e+01,3.397047e+01,3.397047e+01,3.397047e+01,3.397047e+01,3.397047e+01,3.397047e+01,3.397047e+01,3.397047e+01,3.397047e+01,3.397047e+01,3.325018e+01,3.382962e+01,3.363211e+01,3.343424e+01,3.343424e+01,3.343424e+01,3.343424e+01,3.343424e+01,3.285265e+01,3.305160e+01,3.305160e+01,3.305160e+01,3.305160e+01,3.305160e+01,3.305160e+01,3.305160e+01,3.305160e+01,3.305160e+01,3.305160e+01,3.246791e+01,3.266758e+01,3.266758e+01,3.266758e+01,3.266758e+01,3.266758e+01,3.266758e+01,3.266758e+01,3.266758e+01,3.266758e+01,3.266758e+01,3.266758e+01,3.266758e+01,3.266758e+01,3.266758e+01,3.266758e+01,3.208176e+01,3.208176e+01,3.199576e+01,3.199576e+01,3.199576e+01,3.199576e+01,3.199576e+01,3.199576e+01,3.199576e+01,3.199576e+01,3.199576e+01,3.199576e+01,3.199576e+01,3.199576e+01,3.199576e+01,3.199576e+01,3.199576e+01,3.199576e+01,3.199576e+01,3.199576e+01,3.199576e+01,3.199576e+01,3.199576e+01,3.199576e+01,3.199576e+01,3.199576e+01,3.199576e+01,3.199576e+01,3.199576e+01,3.199576e+01,3.199576e+01,3.199576e+01,3.199576e+01,3.199576e+01,3.199576e+01,3.199576e+01,3.199576e+01,3.251073e+01,3.251073e+01,3.251073e+01,3.251073e+01,3.251073e+01,3.251073e+01,3.251073e+01,3.251073e+01,3.251073e+01,3.251073e+01,3.251073e+01,3.251073e+01,3.251073e+01,3.251073e+01,3.251073e+01,3.251073e+01,3.251073e+01,3.251073e+01,3.251073e+01,3.251073e+01,3.251073e+01,3.251073e+01,3.251073e+01,3.251073e+01,3.251073e+01,3.251073e+01,3.251073e+01,3.251073e+01,3.251073e+01,3.251073e+01,3.251073e+01,3.251073e+01,3.251073e+01,3.251073e+01,3.251073e+01,3.251073e+01,3.251073e+01,3.251073e+01,3.251073e+01,3.251073e+01,3.251073e+01,3.251073e+01,3.251073e+01,3.251073e+01,3.251073e+01,3.251073e+01,3.251073e+01,3.251073e+01,3.251073e+01,3.251073e+01,3.251073e+01,3.251073e+01,3.251073e+01,3.251073e+01,3.251073e+01,3.251073e+01,3.251073e+01,3.251073e+01,3.251073e+01,3.251073e+01,3.251073e+01,3.251073e+01,3.251073e+01,3.251073e+01,3.251073e+01,3.251073e+01,3.251073e+01,3.251073e+01,3.251073e+01,3.251073e+01,3.251073e+01,3.251073e+01,3.251073e+01,3.251073e+01,3.251073e+01,3.251073e+01,3.251073e+01,3.309418e+01,3.300900e+01,3.300900e+01,3.300900e+01,3.300900e+01,3.300900e+01,3.300900e+01,3.300900e+01,3.300900e+01,3.300900e+01,3.300900e+01,3.300900e+01,3.300900e+01,3.300900e+01,3.300900e+01,3.300900e+01,3.300900e+01,3.300900e+01,3.300900e+01,3.300900e+01,3.358974e+01,3.339180e+01,3.339180e+01,3.339180e+01,3.339180e+01,3.339180e+01,3.339180e+01,3.339180e+01,3.339180e+01,3.339180e+01,3.339180e+01,3.339180e+01,3.339180e+01,3.339180e+01,3.339180e+01,3.339180e+01,3.339180e+01,3.339180e+01,3.339180e+01,3.339180e+01,3.339180e+01,3.339180e+01,3.339180e+01,3.339180e+01,3.339180e+01,3.300900e+01,3.300900e+01,3.300900e+01,3.300900e+01,3.300900e+01,3.300900e+01,3.300900e+01,3.300900e+01,3.300900e+01,3.289532e+01,3.286687e+01,3.286687e+01,3.286687e+01,3.286687e+01,3.286687e+01,3.286687e+01,3.286687e+01,3.286687e+01,3.286687e+01,3.286687e+01,3.286687e+01,3.286687e+01,3.286687e+01,3.286687e+01,3.286687e+01,3.286687e+01,3.286687e+01,3.286687e+01,3.286687e+01,3.286687e+01,3.286687e+01,3.286687e+01,3.286687e+01,3.286687e+01,3.344839e+01,3.305160e+01,3.305160e+01,3.305160e+01,3.305160e+01,3.305160e+01,3.305160e+01,3.305160e+01,3.363211e+01,3.343424e+01,3.323601e+01,3.323601e+01,3.323601e+01,3.323601e+01,3.323601e+01,3.323601e+01,3.323601e+01,3.323601e+01,3.323601e+01,3.265333e+01,3.268183e+01,3.261057e+01,3.261057e+01,3.261057e+01,3.261057e+01,3.261057e+01,3.261057e+01,3.261057e+01,3.202444e+01,3.222495e+01,3.218201e+01,3.193839e+01,3.193839e+01,3.193839e+01,3.193839e+01,3.193839e+01,3.193839e+01,3.193839e+01,3.193839e+01,3.193839e+01,3.193839e+01,3.193839e+01,3.193839e+01,3.193839e+01,3.193839e+01,3.193839e+01,3.193839e+01,3.193839e+01,3.193839e+01,3.193839e+01,3.193839e+01,3.193839e+01,3.193839e+01,3.193839e+01,3.193839e+01,3.193839e+01,3.193839e+01,3.193839e+01,3.193839e+01,3.193839e+01,3.193839e+01,3.193839e+01,3.193839e+01,3.193839e+01,3.193839e+01,3.252500e+01,3.232506e+01,3.232506e+01,3.232506e+01,3.232506e+01,3.232506e+01,3.232506e+01,3.232506e+01,3.232506e+01,3.232506e+01,3.232506e+01,3.232506e+01,3.232506e+01,3.232506e+01,3.232506e+01,3.232506e+01,3.232506e+01,3.232506e+01,3.232506e+01,3.232506e+01,3.232506e+01,3.232506e+01,3.232506e+01,3.232506e+01,3.232506e+01,3.232506e+01,3.232506e+01,3.232506e+01,3.232506e+01,3.232506e+01,3.232506e+01,3.232506e+01,3.279574e+01,3.279574e+01,3.279574e+01,3.279574e+01,3.279574e+01,3.279574e+01,3.279574e+01,3.279574e+01,3.279574e+01,3.279574e+01,3.279574e+01,3.279574e+01,3.279574e+01,3.279574e+01,3.322184e+01,3.322184e+01,3.322184e+01,3.322184e+01,3.322184e+01,3.322184e+01,3.322184e+01,3.322184e+01,3.322184e+01,3.322184e+01,3.322184e+01,3.322184e+01,3.322184e+01,3.380142e+01,3.380142e+01,3.380142e+01,3.380142e+01,3.380142e+01,3.380142e+01,3.380142e+01,3.380142e+01,3.380142e+01,3.380142e+01,3.380142e+01,3.380142e+01,3.380142e+01,3.380142e+01,3.380142e+01,3.380142e+01,3.380142e+01,3.380142e+01,3.380142e+01,3.380142e+01,3.380142e+01,3.380142e+01,3.380142e+01,3.380142e+01,3.380142e+01,3.380142e+01,3.380142e+01,3.380142e+01,3.380142e+01,3.380142e+01,3.380142e+01,3.380142e+01,3.380142e+01,3.380142e+01,3.380142e+01,3.380142e+01,3.380142e+01,3.380142e+01,3.380142e+01,3.380142e+01,3.380142e+01,3.380142e+01,3.380142e+01,3.380142e+01,3.380142e+01,3.380142e+01,3.380142e+01,3.380142e+01,3.380142e+01,3.380142e+01,3.380142e+01,3.380142e+01,3.380142e+01,3.380142e+01,3.380142e+01,3.380142e+01,3.380142e+01,3.380142e+01,3.380142e+01,3.380142e+01,3.380142e+01,3.380142e+01,3.380142e+01,3.380142e+01,3.380142e+01,3.380142e+01,3.380142e+01,3.380142e+01,3.380142e+01,3.380142e+01,3.418140e+01,3.418140e+01,3.418140e+01,3.418140e+01,3.418140e+01,3.418140e+01,3.418140e+01,3.418140e+01,3.418140e+01,3.418140e+01,3.418140e+01,3.418140e+01,3.418140e+01,3.418140e+01,3.418140e+01,3.418140e+01,3.418140e+01,3.418140e+01,3.418140e+01,3.418140e+01,3.451803e+01,3.451803e+01,3.451803e+01,3.451803e+01,3.451803e+01,3.451803e+01,3.451803e+01,3.451803e+01,3.451803e+01,3.509069e+01,3.489548e+01,3.486757e+01,3.485361e+01,3.485361e+01,3.485361e+01,3.485361e+01,3.485361e+01
3.531334e+01,3.531334e+01,3.531334e+01,3.531334e+01,3.531334e+01,3.531334e+01,3.531334e+01,3.531334e+01,3.531334e+01,3.531334e+01,3.531334e+01,3.531334e+01,3.531334e+01,3.531334e+01,3.531334e+01,3.531334e+01,3.561876e+01,3.561876e+01,3.561876e+01,3.561876e+01,3.561876e+01,3.561876e+01,3.561876e+01,3.561876e+01,3.561876e+01,3.561876e+01,3.610287e+01,3.610287e+01,3.610287e+01,3.610287e+01,3.610287e+01,3.610287e+01,3.610287e+01,3.610287e+01,3.610287e+01,3.610287e+01,3.610287e+01,3.610287e+01,3.610287e+01,3.610287e+01,3.610287e+01,3.610287e+01,3.610287e+01,3.610287e+01,3.610287e+01,3.610287e+01,3.610287e+01,3.610287e+01,3.610287e+01,3.610287e+01,3.610287e+01,3.666727e+01,3.658486e+01,3.658486e+01,3.658486e+01,3.658486e+01,3.658486e+01,3.658486e+01,3.658486e+01,3.714679e+01,3.695523e+01,3.695523e+01,3.695523e+01,3.695523e+01,3.695523e+01,3.695523e+01,3.695523e+01,3.751528e+01,3.732436e+01,3.732436e+01,3.732436e+01,3.732436e+01,3.774666e+01,3.774666e+01,3.774666e+01,3.774666e+01,3.774666e+01,3.774666e+01,3.830272e+01,3.811316e+01,3.792327e+01,3.792327e+01,3.792327e+01,3.792327e+01,3.792327e+01,3.792327e+01,3.792327e+01,3.847846e+01,3.828920e+01,3.828920e+01,3.828920e+01,3.828920e+01,3.828920e+01,3.828920e+01,3.828920e+01,3.828920e+01,3.828920e+01,3.828920e+01,3.828920e+01,3.828920e+01,3.828920e+01,3.828920e+01,3.828920e+01,3.828920e+01,3.828920e+01,3.828920e+01,3.828920e+01,3.828920e+01,3.828920e+01,3.828920e+01,3.828920e+01,3.828920e+01,3.828920e+01,3.828920e+01,3.828920e+01,3.828920e+01,3.828920e+01,3.828920e+01,3.828920e+01,3.828920e+01,3.828920e+01,3.828920e+01,3.828920e+01,3.828920e+01,3.828920e+01,3.828920e+01,3.828920e+01,3.828920e+01,3.828920e+01,3.828920e+01,3.828920e+01,3.828920e+01,3.811316e+01,3.792327e+01,3.773306e+01,3.773306e+01,3.773306e+01,3.773306e+01,3.773306e+01,3.717413e+01,3.717413e+01,3.717413e+01,3.717413e+01,3.717413e+01,3.673590e+01,3.703736e+01,3.684562e+01,3.684562e+01,3.684562e+01,3.681820e+01,3.625458e+01,3.603384e+01,3.603384e+01,3.603384e+01,3.550779e+01,3.550779e+01,3.550779e+01,3.550779e+01,3.550779e+01,3.521599e+01,3.502101e+01,3.497919e+01,3.464399e+01,3.464399e+01,3.464399e+01,3.464399e+01,3.464399e+01,3.406895e+01,3.426566e+01,3.426566e+01,3.426566e+01,3.426566e+01,3.426566e+01,3.397047e+01,3.397047e+01,3.397047e+01,3.397047e+01,3.397047e+01,3.397047e+01,3.397047e+01,3.397047e+01,3.397047e+01,3.339180e+01,3.358974e+01,3.358974e+01,3.358974e+01,3.358974e+01,3.358974e+01,3.358974e+01,3.285265e+01,3.343424e+01,3.323601e+01,3.323601e+01,3.323601e+01,3.323601e+01,3.323601e+01,3.265333e+01,3.285265e+01,3.285265e+01,3.285265e+01,3.285265e+01,3.285265e+01,3.285265e+01,3.285265e+01,3.285265e+01,3.285265e+01,3.285265e+01,3.285265e+01,3.285265e+01,3.285265e+01,3.285265e+01,3.285265e+01,3.226786e+01,3.246791e+01,3.246791e+01,3.246791e+01,3.246791e+01,3.208176e+01,3.208176e+01,3.208176e+01,3.208176e+01,3.208176e+01,3.208176e+01,3.208176e+01,3.208176e+01,3.208176e+01,3.208176e+01,3.208176e+01,3.208176e+01,3.208176e+01,3.208176e+01,3.208176e+01,3.208176e+01,3.208176e+01,3.208176e+01,3.208176e+01,3.208176e+01,3.208176e+01,3.208176e+01,3.208176e+01,3.208176e+01,3.208176e+01,3.208176e+01,3.208176e+01,3.208176e+01,3.208176e+01,3.208176e+01,3.208176e+01,3.208176e+01,3.208176e+01,3.208176e+01,3.208176e+01,3.208176e+01,3.208176e+01,3.208176e+01,3.208176e+01,3.208176e+01,3.208176e+01,3.208176e+01,3.208176e+01,3.208176e+01,3.208176e+01,3.208176e+01,3.208176e+01,3.208176e+01,3.208176e+01,3.208176e+01,3.208176e+01,3.208176e+01,3.208176e+01,3.208176e+01,3.208176e+01,3.208176e+01,3.208176e+01,3.208176e+01,3.208176e+01,3.208176e+01,3.208176e+01,3.208176e+01,3.251073e+01,3.251073e+01,3.251073e+01,3.251073e+01,3.251073e+01,3.251073e+01,3.251073e+01,3.251073e+01,3.251073e+01,3.251073e+01,3.251073e+01,3.251073e+01,3.251073e+01,3.251073e+01,3.251073e+01,3.251073e+01,3.251073e+01,3.251073e+01,3.251073e+01,3.251073e+01,3.251073e+01,3.251073e+01,3.251073e+01,3.251073e+01,3.251073e+01,3.251073e+01,3.251073e+01,3.251073e+01,3.251073e+01,3.251073e+01,3.251073e+01,3.251073e+01,3.251073e+01,3.251073e+01,3.251073e+01,3.251073e+01,3.251073e+01,3.251073e+01,3.251073e+01,3.251073e+01,3.251073e+01,3.251073e+01,3.251073e+01,3.251073e+01,3.251073e+01,3.251073e+01,3.251073e+01,3.251073e+01,3.251073e+01,3.251073e+01,3.251073e+01,3.309418e+01,3.309418e+01,3.309418e+01,3.309418e+01,3.309418e+01,3.309418e+01,3.309418e+01,3.309418e+01,3.309418e+01,3.309418e+01,3.309418e+01,3.309418e+01,3.309418e+01,3.309418e+01,3.309418e+01,3.309418e+01,3.309418e+01,3.309418e+01,3.309418e+01,3.367447e+01,3.358974e+01,3.300900e+01,3.320766e+01,3.320766e+01,3.378732e+01,3.358974e+01,3.358974e+01,3.358974e+01,3.358974e+01,3.358974e+01,3.358974e+01,3.358974e+01,3.358974e+01,3.358974e+01,3.358974e+01,3.358974e+01,3.358974e+01,3.358974e+01,3.358974e+01,3.358974e+01,3.358974e+01,3.358974e+01,3.358974e+01,3.358974e+01,3.300900e+01,3.305160e+01,3.305160e+01,3.305160e+01,3.305160e+01,3.305160e+01,3.305160e+01,3.305160e+01,3.305160e+01,3.305160e+01,3.305160e+01,3.305160e+01,3.246791e+01,3.266758e+01,3.266758e+01,3.266758e+01,3.266758e+01,3.266758e+01,3.266758e+01,3.266758e+01,3.266758e+01,3.325018e+01,3.305160e+01,3.305160e+01,3.305160e+01,3.305160e+01,3.305160e+01,3.305160e+01,3.305160e+01,3.305160e+01,3.305160e+01,3.305160e+01,3.305160e+01,3.305160e+01,3.305160e+01,3.344839e+01,3.368858e+01,3.349081e+01,3.329268e+01,3.329268e+01,3.329268e+01,3.329268e+01,3.329268e+01,3.363211e+01,3.363211e+01,3.323601e+01,3.323601e+01,3.323601e+01,3.323601e+01,3.323601e+01,3.323601e+01,3.323601e+01,3.323601e+01,3.323601e+01,3.323601e+01,3.323601e+01,3.261057e+01,3.261057e+01,3.261057e+01,3.261057e+01,3.261057e+01,3.261057e+01,3.261057e+01,3.261057e+01,3.261057e+01,3.218201e+01,3.218201e+01,3.218201e+01,3.218201e+01,3.218201e+01,3.218201e+01,3.218201e+01,3.218201e+01,3.159349e+01,3.179482e+01,3.179482e+01,3.179482e+01,3.179482e+01,3.179482e+01,3.179482e+01,3.179482e+01,3.179482e+01,3.179482e+01,3.179482e+01,3.179482e+01,3.179482e+01,3.179482e+01,3.179482e+01,3.179482e+01,3.179482e+01,3.179482e+01,3.179482e+01,3.179482e+01,3.179482e+01,3.179482e+01,3.179482e+01,3.238222e+01,3.218201e+01,3.218201e+01,3.218201e+01,3.218201e+01,3.218201e+01,3.218201e+01,3.218201e+01,3.218201e+01,3.218201e+01,3.218201e+01,3.218201e+01,3.218201e+01,3.218201e+01,3.218201e+01,3.218201e+01,3.218201e+01,3.218201e+01,3.218201e+01,3.218201e+01,3.218201e+01,3.218201e+01,3.218201e+01,3.218201e+01,3.218201e+01,3.276727e+01,3.256779e+01,3.256779e+01,3.256779e+01,3.256779e+01,3.256779e+01,3.256779e+01,3.256779e+01,3.256779e+01,3.256779e+01,3.256779e+01,3.256779e+01,3.256779e+01,3.315094e+01,3.295218e+01,3.295218e+01,3.295218e+01,3.295218e+01,3.295218e+01,3.295218e+01,3.295218e+01,3.295218e+01,3.295218e+01,3.295218e+01,3.295218e+01,3.295218e+01,3.295218e+01,3.295218e+01,3.353322e+01,3.333517e+01,3.333517e+01,3.333517e+01,3.333517e+01,3.333517e+01,3.333517e+01,3.333517e+01,3.333517e+01,3.333517e+01,3.333517e+01,3.380142e+01,3.380142e+01,3.380142e+01,3.380142e+01,3.380142e+01,3.380142e+01,3.380142e+01,3.380142e+01,3.380142e+01,3.380142e+01,3.380142e+01,3.380142e+01,3.380142e+01,3.380142e+01,3.380142e+01,3.380142e+01,3.380142e+01,3.380142e+01,3.380142e+01,3.380142e+01,3.380142e+01,3.380142e+01,3.380142e+01,3.380142e+01,3.380142e+01,3.380142e+01,3.380142e+01,3.380142e+01,3.380142e+01,3.380142e+01,3.380142e+01,3.380142e+01,3.380142e+01,3.380142e+01,3.380142e+01,3.380142e+01,3.380142e+01,3.380142e+01,3.380142e+01,3.380142e+01,3.380142e+01,3.380142e+01,3.380142e+01,3.380142e+01,3.380142e+01,3.380142e+01,3.380142e+01,3.380142e+01,3.380142e+01,3.380142e+01,3.380142e+01,3.380142e+01,3.380142e+01,3.380142e+01,3.380142e+01,3.380142e+01,3.380142e+01,3.380142e+01,3.380142e+01,3.380142e+01,3.380142e+01,3.380142e+01,3.437789e+01,3.418140e+01,3.398454e+01,3.398454e+01,3.398454e+01,3.398454e+01,3.398454e+01,3.398454e+01,3.398454e+01,3.398454e+01,3.398454e+01,3.398454e+01,3.398454e+01,3.398454e+01,3.398454e+01,3.456003e+01,3.436387e+01,3.436387e+01,3.436387e+01,3.436387e+01,3.436387e+01,3.436387e+01,3.436387e+01,3.436387e+01,3.436387e+01,3.436387e+01,3.436387e+01,3.436387e+01,3.436387e+01,3.436387e+01,3.436387e+01,3.436387e+01,3.436387e+01,3.436387e+01,3.436387e+01,3.493734e+01,3.492339e+01,3.492339e+01,3.492339e+01,3.492339e+01,3.492339e+01,3.492339e+01,3.492339e+01,3.492339e+01
3.531334e+01,3.531334e+01,3.531334e+01,3.531334e+01,3.531334e+01,3.531334e+01,3.531334e+01,3.531334e+01,3.531334e+01,3.531334e+01,3.531334e+01,3.531334e+01,3.531334e+01,3.531334e+01,3.531334e+01,3.531334e+01,3.561876e+01,3.561876e+01,3.561876e+01,3.561876e+01,3.561876e+01,3.561876e+01,3.561876e+01,3.561876e+01,3.561876e+01,3.561876e+01,3.561876e+01,3.561876e+01,3.610287e+01,3.610287e+01,3.610287e+01,3.610287e+01,3.610287e+01,3.610287e+01,3.610287e+01,3.610287e+01,3.610287e+01,3.610287e+01,3.610287e+01,3.610287e+01,3.610287e+01,3.610287e+01,3.610287e+01,3.610287e+01,3.610287e+01,3.610287e+01,3.610287e+01,3.610287e+01,3.610287e+01,3.610287e+01,3.666727e+01,3.658486e+01,3.658486e+01,3.658486e+01,3.658486e+01,3.714679e+01,3.695523e+01,3.676334e+01,3.680449e+01,3.699631e+01,3.699631e+01,3.699631e+01,3.699631e+01,3.699631e+01,3.699631e+01,3.755614e+01,3.751528e+01,3.743349e+01,3.743349e+01,3.743349e+01,3.743349e+01,3.799113e+01,3.796399e+01,3.796399e+01,3.796399e+01,3.796399e+01,3.796399e+01,3.796399e+01,3.796399e+01,3.796399e+01,3.796399e+01,3.851897e+01,3.832978e+01,3.814026e+01,3.814026e+01,3.814026e+01,3.814026e+01,3.847846e+01,3.847846e+01,3.847846e+01,3.847846e+01,3.847846e+01,3.847846e+01,3.847846e+01,3.847846e+01,3.847846e+01,3.847846e+01,3.847846e+01,3.847846e+01,3.847846e+01,3.847846e+01,3.847846e+01,3.847846e+01,3.847846e+01,3.847846e+01,3.847846e+01,3.847846e+01,3.847846e+01,3.847846e+01,3.847846e+01,3.847846e+01,3.847846e+01,3.847846e+01,3.847846e+01,3.847846e+01,3.847846e+01,3.847846e+01,3.903089e+01,3.884256e+01,3.865392e+01,3.846495e+01,3.846495e+01,3.846495e+01,3.846495e+01,3.846495e+01,3.846495e+01,3.846495e+01,3.846495e+01,3.846495e+01,3.846495e+01,3.846495e+01,3.846495e+01,3.846495e+01,3.846495e+01,3.828920e+01,3.809961e+01,3.790970e+01,3.735165e+01,3.735165e+01,3.789612e+01,3.770586e+01,3.751528e+01,3.732436e+01,3.732436e+01,3.688674e+01,3.696893e+01,3.696893e+01,3.696893e+01,3.696893e+01,3.640608e+01,3.641985e+01,3.641985e+01,3.641985e+01,3.641985e+01,3.641985e+01,3.607527e+01,3.588183e+01,3.568805e+01,3.568805e+01,3.546616e+01,3.502101e+01,3.497919e+01,3.471391e+01,3.471391e+01,3.471391e+01,3.471391e+01,3.471391e+01,3.471391e+01,3.471391e+01,3.471391e+01,3.426566e+01,3.426566e+01,3.426566e+01,3.426566e+01,3.426566e+01,3.426566e+01,3.426566e+01,3.426566e+01,3.426566e+01,3.397047e+01,3.397047e+01,3.397047e+01,3.339180e+01,3.339180e+01,3.397047e+01,3.377322e+01,3.377322e+01,3.319348e+01,3.377322e+01,3.313675e+01,3.327852e+01,3.327852e+01,3.327852e+01,3.327852e+01,3.327852e+01,3.327852e+01,3.265333e+01,3.265333e+01,3.265333e+01,3.265333e+01,3.265333e+01,3.265333e+01,3.265333e+01,3.265333e+01,3.265333e+01,3.265333e+01,3.265333e+01,3.265333e+01,3.265333e+01,3.265333e+01,3.265333e+01,3.265333e+01,3.265333e+01,3.265333e+01,3.265333e+01,3.206744e+01,3.209609e+01,3.212474e+01,3.212474e+01,3.212474e+01,3.212474e+01,3.212474e+01,3.212474e+01,3.212474e+01,3.212474e+01,3.212474e+01,3.212474e+01,3.212474e+01,3.212474e+01,3.212474e+01,3.212474e+01,3.212474e+01,3.212474e+01,3.212474e+01,3.212474e+01,3.212474e+01,3.212474e+01,3.212474e+01,3.212474e+01,3.212474e+01,3.212474e+01,3.212474e+01,3.212474e+01,3.212474e+01,3.212474e+01,3.212474e+01,3.212474e+01,3.212474e+01,3.212474e+01,3.212474e+01,3.212474e+01,3.212474e+01,3.212474e+01,3.212474e+01,3.212474e+01,3.212474e+01,3.212474e+01,3.212474e+01,3.212474e+01,3.212474e+01,3.212474e+01,3.212474e+01,3.212474e+01,3.212474e+01,3.212474e+01,3.212474e+01,3.212474e+01,3.212474e+01,3.212474e+01,3.212474e+01,3.212474e+01,3.212474e+01,3.212474e+01,3.212474e+01,3.212474e+01,3.212474e+01,3.212474e+01,3.212474e+01,3.212474e+01,3.212474e+01,3.212474e+01,3.212474e+01,3.212474e+01,3.212474e+01,3.212474e+01,3.212474e+01,3.212474e+01,3.212474e+01,3.212474e+01,3.212474e+01,3.212474e+01,3.212474e+01,3.251073e+01,3.251073e+01,3.251073e+01,3.251073e+01,3.251073e+01,3.251073e+01,3.251073e+01,3.251073e+01,3.251073e+01,3.251073e+01,3.251073e+01,3.251073e+01,3.251073e+01,3.251073e+01,3.251073e+01,3.251073e+01,3.251073e+01,3.251073e+01,3.251073e+01,3.251073e+01,3.251073e+01,3.251073e+01,3.251073e+01,3.251073e+01,3.251073e+01,3.251073e+01,3.251073e+01,3.251073e+01,3.251073e+01,3.251073e+01,3.251073e+01,3.251073e+01,3.251073e+01,3.251073e+01,3.251073e+01,3.251073e+01,3.309418e+01,3.305160e+01,3.300900e+01,3.300900e+01,3.300900e+01,3.300900e+01,3.300900e+01,3.300900e+01,3.300900e+01,3.300900e+01,3.300900e+01,3.300900e+01,3.300900e+01,3.300900e+01,3.300900e+01,3.300900e+01,3.300900e+01,3.300900e+01,3.300900e+01,3.300900e+01,3.300900e+01,3.300900e+01,3.358974e+01,3.316512e+01,3.316512e+01,3.316512e+01,3.378732e+01,3.378732e+01,3.378732e+01,3.378732e+01,3.378732e+01,3.378732e+01,3.378732e+01,3.378732e+01,3.378732e+01,3.378732e+01,3.378732e+01,3.378732e+01,3.378732e+01,3.378732e+01,3.378732e+01,3.378732e+01,3.320766e+01,3.340595e+01,3.340595e+01,3.340595e+01,3.340595e+01,3.340595e+01,3.340595e+01,3.340595e+01,3.340595e+01,3.305160e+01,3.305160e+01,3.305160e+01,3.305160e+01,3.305160e+01,3.305160e+01,3.305160e+01,3.305160e+01,3.305160e+01,3.305160e+01,3.305160e+01,3.305160e+01,3.305160e+01,3.305160e+01,3.305160e+01,3.305160e+01,3.305160e+01,3.305160e+01,3.305160e+01,3.305160e+01,3.305160e+01,3.305160e+01,3.305160e+01,3.363211e+01,3.343424e+01,3.323601e+01,3.323601e+01,3.323601e+01,3.323601e+01,3.323601e+01,3.381552e+01,3.361799e+01,3.361799e+01,3.361799e+01,3.361799e+01,3.361799e+01,3.361799e+01,3.361799e+01,3.361799e+01,3.361799e+01,3.361799e+01,3.361799e+01,3.361799e+01,3.361799e+01,3.361799e+01,3.361799e+01,3.361799e+01,3.361799e+01,3.323601e+01,3.323601e+01,3.323601e+01,3.323601e+01,3.323601e+01,3.319348e+01,3.299480e+01,3.279574e+01,3.279574e+01,3.279574e+01,3.279574e+01,3.279574e+01,3.276727e+01,3.256779e+01,3.236793e+01,3.236793e+01,3.236793e+01,3.236793e+01,3.236793e+01,3.178045e+01,3.176608e+01,3.176608e+01,3.176608e+01,3.176608e+01,3.176608e+01,3.176608e+01,3.176608e+01,3.176608e+01,3.176608e+01,3.176608e+01,3.176608e+01,3.176608e+01,3.176608e+01,3.176608e+01,3.176608e+01,3.176608e+01,3.176608e+01,3.176608e+01,3.176608e+01,3.176608e+01,3.176608e+01,3.235364e+01,3.231076e+01,3.229646e+01,3.229646e+01,3.229646e+01,3.229646e+01,3.229646e+01,3.229646e+01,3.229646e+01,3.229646e+01,3.229646e+01,3.229646e+01,3.229646e+01,3.229646e+01,3.229646e+01,3.229646e+01,3.229646e+01,3.229646e+01,3.229646e+01,3.229646e+01,3.229646e+01,3.229646e+01,3.229646e+01,3.229646e+01,3.229646e+01,3.229646e+01,3.229646e+01,3.229646e+01,3.229646e+01,3.229646e+01,3.288110e+01,3.268183e+01,3.268183e+01,3.268183e+01,3.268183e+01,3.268183e+01,3.268183e+01,3.268183e+01,3.268183e+01,3.268183e+01,3.268183e+01,3.268183e+01,3.268183e+01,3.326435e+01,3.306580e+01,3.306580e+01,3.306580e+01,3.306580e+01,3.306580e+01,3.306580e+01,3.306580e+01,3.306580e+01,3.306580e+01,3.306580e+01,3.306580e+01,3.353322e+01,3.353322e+01,3.353322e+01,3.353322e+01,3.353322e+01,3.353322e+01,3.353322e+01,3.353322e+01,3.353322e+01,3.353322e+01,3.353322e+01,3.353322e+01,3.353322e+01,3.353322e+01,3.353322e+01,3.411113e+01,3.391415e+01,3.391415e+01,3.391415e+01,3.391415e+01,3.391415e+01,3.391415e+01,3.391415e+01,3.391415e+01,3.391415e+01,3.391415e+01,3.391415e+01,3.391415e+01,3.391415e+01,3.391415e+01,3.391415e+01,3.391415e+01,3.391415e+01,3.391415e+01,3.391415e+01,3.391415e+01,3.391415e+01,3.391415e+01,3.391415e+01,3.391415e+01,3.391415e+01,3.391415e+01,3.391415e+01,3.391415e+01,3.391415e+01,3.391415e+01,3.391415e+01,3.391415e+01,3.391415e+01,3.391415e+01,3.391415e+01,3.391415e+01,3.391415e+01,3.391415e+01,3.391415e+01,3.391415e+01,3.391415e+01,3.391415e+01,3.391415e+01,3.391415e+01,3.391415e+01,3.391415e+01,3.391415e+01,3.391415e+01,3.391415e+01,3.391415e+01,3.391415e+01,3.391415e+01,3.391415e+01,3.391415e+01,3.391415e+01,3.391415e+01,3.391415e+01,3.391415e+01,3.391415e+01,3.391415e+01,3.391415e+01,3.391415e+01,3.391415e+01,3.391415e+01,3.391415e+01,3.391415e+01,3.391415e+01,3.391415e+01,3.391415e+01,3.449002e+01,3.429372e+01,3.427969e+01,3.439191e+01,3.439191e+01,3.439191e+01,3.439191e+01,3.439191e+01,3.439191e+01,3.439191e+01,3.439191e+01,3.439191e+01,3.439191e+01,3.439191e+01,3.439191e+01,3.439191e+01,3.439191e+01,3.439191e+01,3.439191e+01,3.439191e+01,3.496524e+01,3.476981e+01,3.475584e+01,3.476981e+01,3.476981e+01,3.476981e+01,3.476981e+01,3.476981e+01,3.476981e+01,3.534114e+01,3.514639e+01,3.514639e+01
3.531334e+01,3.531334e+01,3.531334e+01,3.531334e+01,3.531334e+01,3.531334e+01,3.531334e+01,3.531334e+01,3.531334e+01,3.531334e+01,3.531334e+01,3.531334e+01,3.531334e+01,3.531334e+01,3.531334e+01,3.531334e+01,3.531334e+01,3.531334e+01,3.561876e+01,3.561876e+01,3.561876e+01,3.561876e+01,3.561876e+01,3.561876e+01,3.561876e+01,3.561876e+01,3.561876e+01,3.561876e+01,3.610287e+01,3.610287e+01,3.610287e+01,3.610287e+01,3.610287e+01,3.610287e+01,3.610287e+01,3.610287e+01,3.610287e+01,3.610287e+01,3.610287e+01,3.610287e+01,3.610287e+01,3.610287e+01,3.610287e+01,3.610287e+01,3.610287e+01,3.610287e+01,3.610287e+01,3.610287e+01,3.666727e+01,3.662607e+01,3.658486e+01,3.658486e+01,3.658486e+01,3.658486e+01,3.658486e+01,3.658486e+01,3.658486e+01,3.714679e+01,3.695523e+01,3.695523e+01,3.695523e+01,3.695523e+01,3.695523e+01,3.751528e+01,3.747440e+01,3.747440e+01,3.747440e+01,3.747440e+01,3.747440e+01,3.747440e+01,3.747440e+01,3.747440e+01,3.796399e+01,3.796399e+01,3.796399e+01,3.796399e+01,3.796399e+01,3.796399e+01,3.796399e+01,3.851897e+01,3.847846e+01,3.843793e+01,3.843793e+01,3.843793e+01,3.843793e+01,3.843793e+01,3.843793e+01,3.843793e+01,3.843793e+01,3.843793e+01,3.843793e+01,3.843793e+01,3.843793e+01,3.899056e+01,3.880216e+01,3.861345e+01,3.861345e+01,3.861345e+01,3.861345e+01,3.861345e+01,3.861345e+01,3.861345e+01,3.861345e+01,3.861345e+01,3.861345e+01,3.916521e+01,3.897711e+01,3.933960e+01,3.861345e+01,3.916521e+01,3.897711e+01,3.878869e+01,3.915179e+01,3.896367e+01,3.877522e+01,3.915179e+01,3.911150e+01,3.903089e+01,3.903089e+01,3.903089e+01,3.903089e+01,3.903089e+01,3.901744e+01,3.882909e+01,3.866740e+01,3.866740e+01,3.866740e+01,3.866740e+01,3.866740e+01,3.866740e+01,3.866740e+01,3.866740e+01,3.866740e+01,3.866740e+01,3.828920e+01,3.828920e+01,3.790970e+01,3.805894e+01,3.801826e+01,3.793685e+01,3.737894e+01,3.754252e+01,3.754252e+01,3.754252e+01,3.754252e+01,3.696893e+01,3.752890e+01,3.733801e+01,3.677706e+01,3.657112e+01,3.657112e+01,3.657112e+01,3.657112e+01,3.600622e+01,3.603384e+01,3.607527e+01,3.607527e+01,3.568805e+01,3.568805e+01,3.568805e+01,3.568805e+01,3.554942e+01,3.509069e+01,3.492339e+01,3.492339e+01,3.492339e+01,3.434985e+01,3.451803e+01,3.451803e+01,3.451803e+01,3.451803e+01,3.451803e+01,3.451803e+01,3.451803e+01,3.451803e+01,3.451803e+01,3.394231e+01,3.411113e+01,3.411113e+01,3.404082e+01,3.404082e+01,3.404082e+01,3.404082e+01,3.404082e+01,3.404082e+01,3.346253e+01,3.347667e+01,3.382962e+01,3.380142e+01,3.333517e+01,3.333517e+01,3.333517e+01,3.333517e+01,3.333517e+01,3.333517e+01,3.333517e+01,3.265333e+01,3.265333e+01,3.265333e+01,3.265333e+01,3.265333e+01,3.265333e+01,3.265333e+01,3.265333e+01,3.265333e+01,3.265333e+01,3.265333e+01,3.265333e+01,3.265333e+01,3.265333e+01,3.265333e+01,3.265333e+01,3.265333e+01,3.265333e+01,3.265333e+01,3.206744e+01,3.206744e+01,3.206744e+01,3.206744e+01,3.206744e+01,3.206744e+01,3.206744e+01,3.206744e+01,3.206744e+01,3.206744e+01,3.206744e+01,3.206744e+01,3.206744e+01,3.206744e+01,3.206744e+01,3.206744e+01,3.206744e+01,3.206744e+01,3.206744e+01,3.206744e+01,3.206744e+01,3.206744e+01,3.206744e+01,3.206744e+01,3.206744e+01,3.206744e+01,3.206744e+01,3.206744e+01,3.206744e+01,3.206744e+01,3.206744e+01,3.206744e+01,3.206744e+01,3.206744e+01,3.206744e+01,3.206744e+01,3.206744e+01,3.206744e+01,3.206744e+01,3.206744e+01,3.206744e+01,3.206744e+01,3.206744e+01,3.206744e+01,3.206744e+01,3.206744e+01,3.206744e+01,3.206744e+01,3.206744e+01,3.206744e+01,3.206744e+01,3.206744e+01,3.206744e+01,3.206744e+01,3.206744e+01,3.206744e+01,3.206744e+01,3.206744e+01,3.206744e+01,3.206744e+01,3.206744e+01,3.206744e+01,3.206744e+01,3.206744e+01,3.206744e+01,3.206744e+01,3.206744e+01,3.206744e+01,3.206744e+01,3.206744e+01,3.206744e+01,3.206744e+01,3.206744e+01,3.206744e+01,3.206744e+01,3.206744e+01,3.265333e+01,3.262482e+01,3.262482e+01,3.262482e+01,3.262482e+01,3.262482e+01,3.262482e+01,3.262482e+01,3.262482e+01,3.262482e+01,3.262482e+01,3.262482e+01,3.262482e+01,3.262482e+01,3.262482e+01,3.262482e+01,3.262482e+01,3.262482e+01,3.262482e+01,3.262482e+01,3.262482e+01,3.262482e+01,3.262482e+01,3.203877e+01,3.223925e+01,3.223925e+01,3.223925e+01,3.223925e+01,3.223925e+01,3.223925e+01,3.282420e+01,3.265333e+01,3.265333e+01,3.265333e+01,3.265333e+01,3.265333e+01,3.265333e+01,3.265333e+01,3.265333e+01,3.265333e+01,3.265333e+01,3.300900e+01,3.300900e+01,3.300900e+01,3.300900e+01,3.300900e+01,3.300900e+01,3.300900e+01,3.300900e+01,3.300900e+01,3.300900e+01,3.300900e+01,3.300900e+01,3.358974e+01,3.339180e+01,3.322184e+01,3.322184e+01,3.322184e+01,3.322184e+01,3.322184e+01,3.322184e+01,3.380142e+01,3.375912e+01,3.370269e+01,3.370269e+01,3.370269e+01,3.370269e+01,3.370269e+01,3.370269e+01,3.370269e+01,3.370269e+01,3.370269e+01,3.370269e+01,3.370269e+01,3.370269e+01,3.370269e+01,3.370269e+01,3.370269e+01,3.370269e+01,3.370269e+01,3.370269e+01,3.370269e+01,3.340595e+01,3.340595e+01,3.340595e+01,3.340595e+01,3.340595e+01,3.340595e+01,3.340595e+01,3.340595e+01,3.340595e+01,3.305160e+01,3.305160e+01,3.305160e+01,3.305160e+01,3.305160e+01,3.305160e+01,3.305160e+01,3.305160e+01,3.305160e+01,3.305160e+01,3.305160e+01,3.305160e+01,3.305160e+01,3.305160e+01,3.363211e+01,3.343424e+01,3.326435e+01,3.326435e+01,3.326435e+01,3.326435e+01,3.363211e+01,3.363211e+01,3.363211e+01,3.363211e+01,3.363211e+01,3.363211e+01,3.363211e+01,3.363211e+01,3.363211e+01,3.363211e+01,3.363211e+01,3.363211e+01,3.363211e+01,3.363211e+01,3.363211e+01,3.363211e+01,3.363211e+01,3.363211e+01,3.363211e+01,3.363211e+01,3.363211e+01,3.363211e+01,3.363211e+01,3.363211e+01,3.363211e+01,3.323601e+01,3.323601e+01,3.323601e+01,3.323601e+01,3.323601e+01,3.323601e+01,3.323601e+01,3.279574e+01,3.279574e+01,3.279574e+01,3.279574e+01,3.279574e+01,3.279574e+01,3.279574e+01,3.279574e+01,3.236793e+01,3.236793e+01,3.236793e+01,3.236793e+01,3.236793e+01,3.236793e+01,3.236793e+01,3.236793e+01,3.236793e+01,3.236793e+01,3.236793e+01,3.236793e+01,3.236793e+01,3.235364e+01,3.215338e+01,3.198142e+01,3.198142e+01,3.198142e+01,3.198142e+01,3.198142e+01,3.198142e+01,3.198142e+01,3.198142e+01,3.198142e+01,3.198142e+01,3.198142e+01,3.198142e+01,3.198142e+01,3.198142e+01,3.198142e+01,3.198142e+01,3.198142e+01,3.198142e+01,3.229646e+01,3.229646e+01,3.229646e+01,3.229646e+01,3.229646e+01,3.229646e+01,3.229646e+01,3.229646e+01,3.229646e+01,3.229646e+01,3.229646e+01,3.229646e+01,3.229646e+01,3.229646e+01,3.229646e+01,3.229646e+01,3.229646e+01,3.229646e+01,3.229646e+01,3.229646e+01,3.229646e+01,3.229646e+01,3.229646e+01,3.288110e+01,3.288110e+01,3.229646e+01,3.246791e+01,3.246791e+01,3.246791e+01,3.305160e+01,3.288110e+01,3.288110e+01,3.288110e+01,3.288110e+01,3.288110e+01,3.288110e+01,3.288110e+01,3.288110e+01,3.288110e+01,3.288110e+01,3.288110e+01,3.288110e+01,3.288110e+01,3.288110e+01,3.346253e+01,3.329268e+01,3.329268e+01,3.329268e+01,3.329268e+01,3.329268e+01,3.329268e+01,3.329268e+01,3.329268e+01,3.329268e+01,3.329268e+01,3.329268e+01,3.387189e+01,3.370269e+01,3.370269e+01,3.370269e+01,3.370269e+01,3.370269e+01,3.370269e+01,3.370269e+01,3.370269e+01,3.370269e+01,3.370269e+01,3.370269e+01,3.370269e+01,3.370269e+01,3.370269e+01,3.370269e+01,3.370269e+01,3.370269e+01,3.370269e+01,3.370269e+01,3.370269e+01,3.370269e+01,3.370269e+01,3.370269e+01,3.370269e+01,3.370269e+01,3.370269e+01,3.370269e+01,3.370269e+01,3.370269e+01,3.370269e+01,3.370269e+01,3.370269e+01,3.370269e+01,3.370269e+01,3.370269e+01,3.370269e+01,3.370269e+01,3.370269e+01,3.370269e+01,3.370269e+01,3.370269e+01,3.370269e+01,3.370269e+01,3.370269e+01,3.370269e+01,3.370269e+01,3.370269e+01,3.370269e+01,3.370269e+01,3.370269e+01,3.427969e+01,3.411113e+01,3.411113e+01,3.411113e+01,3.411113e+01,3.411113e+01,3.411113e+01,3.411113e+01,3.411113e+01,3.411113e+01,3.411113e+01,3.411113e+01,3.411113e+01,3.411113e+01,3.411113e+01,3.411113e+01,3.411113e+01,3.411113e+01,3.411113e+01,3.411113e+01,3.411113e+01,3.411113e+01,3.411113e+01,3.411113e+01,3.411113e+01,3.411113e+01,3.411113e+01,3.411113e+01,3.411113e+01,3.468595e+01,3.451803e+01,3.451803e+01,3.451803e+01,3.451803e+01,3.451803e+01,3.451803e+01,3.451803e+01,3.451803e+01,3.451803e+01,3.451803e+01,3.451803e+01,3.451803e+01,3.451803e+01,3.451803e+01,3.451803e+01,3.451803e+01,3.451803e+01,3.451803e+01,3.451803e+01,3.451803e+01,3.509069e+01,3.492339e+01,3.492339e+01,3.492339e+01,3.492339e+01,3.492339e+01,3.492339e+01,3.492339e+01
3.531334e+01,3.531334e+01,3.531334e+01,3.531334e+01,3.531334e+01,3.531334e+01,3.531334e+01,3.531334e+01,3.531334e+01,3.531334e+01,3.531334e+01,3.531334e+01,3.531334e+01,3.531334e+01,3.531334e+01,3.531334e+01,3.531334e+01,3.531334e+01,3.531334e+01,3.531334e+01,3.561876e+01,3.561876e+01,3.561876e+01,3.561876e+01,3.561876e+01,3.561876e+01,3.561876e+01,3.618565e+01,3.610287e+01,3.610287e+01,3.610287e+01,3.610287e+01,3.610287e+01,3.610287e+01,3.610287e+01,3.610287e+01,3.610287e+01,3.610287e+01,3.610287e+01,3.610287e+01,3.610287e+01,3.610287e+01,3.610287e+01,3.610287e+01,3.610287e+01,3.610287e+01,3.610287e+01,3.610287e+01,3.666727e+01,3.666727e+01,3.666727e+01,3.666727e+01,3.666727e+01,3.666727e+01,3.722878e+01,3.703736e+01,3.699631e+01,3.698262e+01,3.698262e+01,3.698262e+01,3.754252e+01,3.735165e+01,3.733801e+01,3.735165e+01,3.735165e+01,3.735165e+01,3.790970e+01,3.774666e+01,3.774666e+01,3.774666e+01,3.774666e+01,3.774666e+01,3.774666e+01,3.830272e+01,3.814026e+01,3.814026e+01,3.814026e+01,3.814026e+01,3.814026e+01,3.851897e+01,3.851897e+01,3.851897e+01,3.851897e+01,3.851897e+01,3.851897e+01,3.851897e+01,3.851897e+01,3.851897e+01,3.851897e+01,3.851897e+01,3.907120e+01,3.888294e+01,3.884256e+01,3.882909e+01,3.882909e+01,3.882909e+01,3.882909e+01,3.937980e+01,3.919206e+01,3.900400e+01,3.884256e+01,3.939320e+01,3.920548e+01,3.901744e+01,3.900400e+01,3.900400e+01,3.897711e+01,3.932619e+01,3.925914e+01,3.917863e+01,3.917863e+01,3.917863e+01,3.917863e+01,3.917863e+01,3.917863e+01,3.917863e+01,3.917863e+01,3.917863e+01,3.917863e+01,3.917863e+01,3.917863e+01,3.917863e+01,3.917863e+01,3.917863e+01,3.917863e+01,3.917863e+01,3.866740e+01,3.866740e+01,3.866740e+01,3.866740e+01,3.866740e+01,3.866740e+01,3.866740e+01,3.866740e+01,3.828920e+01,3.828920e+01,3.797756e+01,3.853247e+01,3.830272e+01,3.820798e+01,3.781462e+01,3.820798e+01,3.801826e+01,3.782821e+01,3.781462e+01,3.735165e+01,3.736530e+01,3.729706e+01,3.694154e+01,3.694154e+01,3.694154e+01,3.694154e+01,3.657112e+01,3.673590e+01,3.654363e+01,3.635102e+01,3.578498e+01,3.572960e+01,3.572960e+01,3.572960e+01,3.516032e+01,3.520207e+01,3.525772e+01,3.525772e+01,3.525772e+01,3.525772e+01,3.492339e+01,3.472789e+01,3.472789e+01,3.472789e+01,3.472789e+01,3.472789e+01,3.472789e+01,3.415330e+01,3.432179e+01,3.427969e+01,3.412519e+01,3.412519e+01,3.412519e+01,3.412519e+01,3.412519e+01,3.412519e+01,3.412519e+01,3.412519e+01,3.354736e+01,3.354736e+01,3.356149e+01,3.375912e+01,3.371680e+01,3.351909e+01,3.351909e+01,3.351909e+01,3.351909e+01,3.293796e+01,3.310838e+01,3.306580e+01,3.283843e+01,3.283843e+01,3.283843e+01,3.283843e+01,3.283843e+01,3.283843e+01,3.283843e+01,3.283843e+01,3.283843e+01,3.283843e+01,3.283843e+01,3.283843e+01,3.283843e+01,3.283843e+01,3.283843e+01,3.283843e+01,3.225356e+01,3.242507e+01,3.238222e+01,3.225356e+01,3.225356e+01,3.225356e+01,3.225356e+01,3.225356e+01,3.225356e+01,3.225356e+01,3.225356e+01,3.225356e+01,3.225356e+01,3.225356e+01,3.225356e+01,3.225356e+01,3.225356e+01,3.225356e+01,3.225356e+01,3.225356e+01,3.225356e+01,3.225356e+01,3.225356e+01,3.225356e+01,3.225356e+01,3.225356e+01,3.225356e+01,3.225356e+01,3.225356e+01,3.225356e+01,3.225356e+01,3.225356e+01,3.225356e+01,3.225356e+01,3.225356e+01,3.225356e+01,3.225356e+01,3.225356e+01,3.225356e+01,3.225356e+01,3.225356e+01,3.225356e+01,3.225356e+01,3.225356e+01,3.225356e+01,3.225356e+01,3.225356e+01,3.225356e+01,3.225356e+01,3.225356e+01,3.225356e+01,3.225356e+01,3.225356e+01,3.225356e+01,3.225356e+01,3.225356e+01,3.225356e+01,3.225356e+01,3.225356e+01,3.225356e+01,3.225356e+01,3.225356e+01,3.225356e+01,3.225356e+01,3.225356e+01,3.225356e+01,3.225356e+01,3.225356e+01,3.225356e+01,3.225356e+01,3.225356e+01,3.225356e+01,3.225356e+01,3.225356e+01,3.225356e+01,3.225356e+01,3.225356e+01,3.225356e+01,3.225356e+01,3.225356e+01,3.225356e+01,3.225356e+01,3.225356e+01,3.225356e+01,3.262482e+01,3.262482e+01,3.262482e+01,3.262482e+01,3.262482e+01,3.262482e+01,3.262482e+01,3.262482e+01,3.262482e+01,3.262482e+01,3.262482e+01,3.262482e+01,3.262482e+01,3.262482e+01,3.262482e+01,3.262482e+01,3.262482e+01,3.262482e+01,3.262482e+01,3.262482e+01,3.262482e+01,3.262482e+01,3.262482e+01,3.262482e+01,3.262482e+01,3.262482e+01,3.262482e+01,3.262482e+01,3.262482e+01,3.262482e+01,3.262482e+01,3.262482e+01,3.262482e+01,3.262482e+01,3.320766e+01,3.317930e+01,3.315094e+01,3.315094e+01,3.315094e+01,3.315094e+01,3.315094e+01,3.315094e+01,3.315094e+01,3.315094e+01,3.315094e+01,3.315094e+01,3.315094e+01,3.315094e+01,3.315094e+01,3.315094e+01,3.315094e+01,3.315094e+01,3.315094e+01,3.373091e+01,3.353322e+01,3.351909e+01,3.363211e+01,3.363211e+01,3.363211e+01,3.363211e+01,3.363211e+01,3.363211e+01,3.363211e+01,3.363211e+01,3.363211e+01,3.363211e+01,3.363211e+01,3.363211e+01,3.363211e+01,3.363211e+01,3.363211e+01,3.363211e+01,3.363211e+01,3.363211e+01,3.363211e+01,3.363211e+01,3.363211e+01,3.363211e+01,3.363211e+01,3.363211e+01,3.363211e+01,3.363211e+01,3.363211e+01,3.363211e+01,3.305160e+01,3.307999e+01,3.309418e+01,3.309418e+01,3.309418e+01,3.367447e+01,3.347667e+01,3.330685e+01,3.330685e+01,3.330685e+01,3.330685e+01,3.330685e+01,3.330685e+01,3.330685e+01,3.330685e+01,3.330685e+01,3.330685e+01,3.330685e+01,3.330685e+01,3.330685e+01,3.330685e+01,3.330685e+01,3.363211e+01,3.363211e+01,3.363211e+01,3.363211e+01,3.363211e+01,3.363211e+01,3.363211e+01,3.363211e+01,3.363211e+01,3.363211e+01,3.363211e+01,3.363211e+01,3.363211e+01,3.363211e+01,3.363211e+01,3.363211e+01,3.363211e+01,3.363211e+01,3.363211e+01,3.363211e+01,3.363211e+01,3.363211e+01,3.363211e+01,3.363211e+01,3.363211e+01,3.363211e+01,3.323601e+01,3.323601e+01,3.323601e+01,3.323601e+01,3.323601e+01,3.323601e+01,3.323601e+01,3.279574e+01,3.279574e+01,3.279574e+01,3.279574e+01,3.279574e+01,3.279574e+01,3.279574e+01,3.236793e+01,3.236793e+01,3.236793e+01,3.236793e+01,3.236793e+01,3.236793e+01,3.236793e+01,3.236793e+01,3.236793e+01,3.236793e+01,3.236793e+01,3.236793e+01,3.236793e+01,3.236793e+01,3.236793e+01,3.198142e+01,3.198142e+01,3.198142e+01,3.198142e+01,3.198142e+01,3.198142e+01,3.198142e+01,3.198142e+01,3.198142e+01,3.198142e+01,3.198142e+01,3.198142e+01,3.198142e+01,3.198142e+01,3.198142e+01,3.256779e+01,3.236793e+01,3.233935e+01,3.229646e+01,3.229646e+01,3.229646e+01,3.229646e+01,3.229646e+01,3.229646e+01,3.229646e+01,3.229646e+01,3.229646e+01,3.229646e+01,3.229646e+01,3.229646e+01,3.229646e+01,3.229646e+01,3.229646e+01,3.229646e+01,3.229646e+01,3.229646e+01,3.229646e+01,3.229646e+01,3.229646e+01,3.229646e+01,3.288110e+01,3.279574e+01,3.275304e+01,3.248219e+01,3.248219e+01,3.248219e+01,3.248219e+01,3.248219e+01,3.288110e+01,3.288110e+01,3.288110e+01,3.288110e+01,3.288110e+01,3.288110e+01,3.288110e+01,3.288110e+01,3.288110e+01,3.288110e+01,3.288110e+01,3.288110e+01,3.288110e+01,3.346253e+01,3.337764e+01,3.337764e+01,3.337764e+01,3.337764e+01,3.337764e+01,3.337764e+01,3.337764e+01,3.337764e+01,3.337764e+01,3.337764e+01,3.337764e+01,3.337764e+01,3.337764e+01,3.337764e+01,3.370269e+01,3.370269e+01,3.370269e+01,3.370269e+01,3.370269e+01,3.370269e+01,3.370269e+01,3.370269e+01,3.370269e+01,3.370269e+01,3.427969e+01,3.408302e+01,3.391415e+01,3.391415e+01,3.391415e+01,3.391415e+01,3.391415e+01,3.391415e+01,3.391415e+01,3.391415e+01,3.391415e+01,3.391415e+01,3.391415e+01,3.391415e+01,3.391415e+01,3.391415e+01,3.391415e+01,3.391415e+01,3.391415e+01,3.391415e+01,3.391415e+01,3.391415e+01,3.391415e+01,3.391415e+01,3.391415e+01,3.391415e+01,3.391415e+01,3.391415e+01,3.391415e+01,3.391415e+01,3.391415e+01,3.391415e+01,3.391415e+01,3.391415e+01,3.391415e+01,3.391415e+01,3.391415e+01,3.391415e+01,3.391415e+01,3.391415e+01,3.391415e+01,3.391415e+01,3.391415e+01,3.391415e+01,3.391415e+01,3.391415e+01,3.391415e+01,3.391415e+01,3.391415e+01,3.391415e+01,3.391415e+01,3.391415e+01,3.391415e+01,3.391415e+01,3.391415e+01,3.391415e+01,3.449002e+01,3.432179e+01,3.432179e+01,3.432179e+01,3.432179e+01,3.432179e+01,3.432179e+01,3.432179e+01,3.432179e+01,3.432179e+01,3.432179e+01,3.432179e+01,3.432179e+01,3.432179e+01,3.432179e+01,3.432179e+01,3.432179e+01,3.432179e+01,3.432179e+01,3.432179e+01,3.432179e+01,3.432179e+01,3.432179e+01,3.432179e+01,3.489548e+01,3.472789e+01,3.472789e+01,3.472789e+01,3.472789e+01,3.472789e+01,3.472789e+01,3.472789e+01,3.472789e+01,3.472789e+01,3.472789e+01,3.472789e+01,3.472789e+01,3.472789e+01,3.472789e+01,3.472789e+01,3.529944e+01
3.531334e+01,3.531334e+01,3.531334e+01,3.531334e+01,3.531334e+01,3.531334e+01,3.531334e+01,3.531334e+01,3.531334e+01,3.531334e+01,3.531334e+01,3.531334e+01,3.531334e+01,3.531334e+01,3.531334e+01,3.531334e+01,3.531334e+01,3.531334e+01,3.588183e+01,3.585417e+01,3.582650e+01,3.582650e+01,3.582650e+01,3.582650e+01,3.582650e+01,3.582650e+01,3.582650e+01,3.582650e+01,3.582650e+01,3.582650e+01,3.582650e+01,3.582650e+01,3.582650e+01,3.582650e+01,3.582650e+01,3.582650e+01,3.582650e+01,3.582650e+01,3.582650e+01,3.582650e+01,3.639232e+01,3.622702e+01,3.622702e+01,3.622702e+01,3.622702e+01,3.622702e+01,3.622702e+01,3.622702e+01,3.622702e+01,3.622702e+01,3.622702e+01,3.666727e+01,3.666727e+01,3.666727e+01,3.666727e+01,3.703736e+01,3.703736e+01,3.703736e+01,3.759700e+01,3.755614e+01,3.747440e+01,3.747440e+01,3.747440e+01,3.747440e+01,3.747440e+01,3.747440e+01,3.747440e+01,3.803182e+01,3.786896e+01,3.786896e+01,3.786896e+01,3.786896e+01,3.842442e+01,3.834330e+01,3.834330e+01,3.834330e+01,3.834330e+01,3.834330e+01,3.834330e+01,3.889640e+01,3.873480e+01,3.873480e+01,3.873480e+01,3.873480e+01,3.873480e+01,3.873480e+01,3.873480e+01,3.873480e+01,3.873480e+01,3.873480e+01,3.907120e+01,3.907120e+01,3.907120e+01,3.907120e+01,3.907120e+01,3.907120e+01,3.907120e+01,3.937980e+01,3.937980e+01,3.937980e+01,3.937980e+01,3.937980e+01,3.937980e+01,3.937980e+01,3.937980e+01,3.937980e+01,3.937980e+01,3.937980e+01,3.937980e+01,3.937980e+01,3.937980e+01,3.937980e+01,3.937980e+01,3.937980e+01,3.937980e+01,3.937980e+01,3.937980e+01,3.937980e+01,3.937980e+01,3.937980e+01,3.937980e+01,3.937980e+01,3.937980e+01,3.937980e+01,3.937980e+01,3.937980e+01,3.937980e+01,3.937980e+01,3.937980e+01,3.937980e+01,3.937980e+01,3.921890e+01,3.903089e+01,3.903089e+01,3.865392e+01,3.865392e+01,3.834330e+01,3.837035e+01,3.837035e+01,3.837035e+01,3.837035e+01,3.837035e+01,3.801826e+01,3.801826e+01,3.746076e+01,3.751528e+01,3.751528e+01,3.751528e+01,3.751528e+01,3.694154e+01,3.694154e+01,3.694154e+01,3.694154e+01,3.694154e+01,3.654363e+01,3.630970e+01,3.596477e+01,3.596477e+01,3.596477e+01,3.539672e+01,3.532724e+01,3.532724e+01,3.532724e+01,3.532724e+01,3.532724e+01,3.532724e+01,3.492339e+01,3.492339e+01,3.492339e+01,3.492339e+01,3.492339e+01,3.492339e+01,3.434985e+01,3.432179e+01,3.432179e+01,3.432179e+01,3.432179e+01,3.432179e+01,3.432179e+01,3.432179e+01,3.432179e+01,3.432179e+01,3.432179e+01,3.374501e+01,3.371680e+01,3.371680e+01,3.371680e+01,3.371680e+01,3.371680e+01,3.371680e+01,3.371680e+01,3.371680e+01,3.313675e+01,3.310838e+01,3.310838e+01,3.310838e+01,3.310838e+01,3.310838e+01,3.310838e+01,3.310838e+01,3.310838e+01,3.310838e+01,3.310838e+01,3.252500e+01,3.269607e+01,3.269607e+01,3.269607e+01,3.269607e+01,3.269607e+01,3.269607e+01,3.269607e+01,3.269607e+01,3.269607e+01,3.269607e+01,3.269607e+01,3.269607e+01,3.225356e+01,3.225356e+01,3.225356e+01,3.225356e+01,3.225356e+01,3.225356e+01,3.225356e+01,3.225356e+01,3.225356e+01,3.225356e+01,3.225356e+01,3.225356e+01,3.225356e+01,3.225356e+01,3.225356e+01,3.225356e+01,3.225356e+01,3.225356e+01,3.225356e+01,3.225356e+01,3.225356e+01,3.225356e+01,3.166544e+01,3.186663e+01,3.203877e+01,3.203877e+01,3.203877e+01,3.203877e+01,3.203877e+01,3.203877e+01,3.203877e+01,3.203877e+01,3.203877e+01,3.203877e+01,3.203877e+01,3.203877e+01,3.203877e+01,3.203877e+01,3.203877e+01,3.203877e+01,3.203877e+01,3.203877e+01,3.203877e+01,3.203877e+01,3.203877e+01,3.203877e+01,3.203877e+01,3.203877e+01,3.203877e+01,3.203877e+01,3.203877e+01,3.203877e+01,3.203877e+01,3.203877e+01,3.203877e+01,3.203877e+01,3.203877e+01,3.203877e+01,3.203877e+01,3.203877e+01,3.203877e+01,3.203877e+01,3.203877e+01,3.203877e+01,3.203877e+01,3.203877e+01,3.203877e+01,3.203877e+01,3.203877e+01,3.203877e+01,3.203877e+01,3.203877e+01,3.203877e+01,3.203877e+01,3.203877e+01,3.262482e+01,3.245363e+01,3.245363e+01,3.245363e+01,3.245363e+01,3.245363e+01,3.245363e+01,3.245363e+01,3.245363e+01,3.245363e+01,3.245363e+01,3.245363e+01,3.245363e+01,3.245363e+01,3.245363e+01,3.245363e+01,3.245363e+01,3.245363e+01,3.245363e+01,3.245363e+01,3.245363e+01,3.245363e+01,3.245363e+01,3.245363e+01,3.245363e+01,3.245363e+01,3.245363e+01,3.245363e+01,3.245363e+01,3.245363e+01,3.245363e+01,3.245363e+01,3.245363e+01,3.303740e+01,3.286687e+01,3.286687e+01,3.286687e+01,3.286687e+01,3.286687e+01,3.286687e+01,3.286687e+01,3.286687e+01,3.286687e+01,3.286687e+01,3.286687e+01,3.286687e+01,3.344839e+01,3.327852e+01,3.327852e+01,3.327852e+01,3.327852e+01,3.327852e+01,3.327852e+01,3.327852e+01,3.327852e+01,3.327852e+01,3.327852e+01,3.327852e+01,3.327852e+01,3.385780e+01,3.367447e+01,3.367447e+01,3.367447e+01,3.367447e+01,3.367447e+01,3.367447e+01,3.425162e+01,3.405489e+01,3.388598e+01,3.388598e+01,3.388598e+01,3.388598e+01,3.388598e+01,3.388598e+01,3.388598e+01,3.388598e+01,3.388598e+01,3.388598e+01,3.388598e+01,3.388598e+01,3.388598e+01,3.388598e+01,3.330685e+01,3.347667e+01,3.347667e+01,3.347667e+01,3.347667e+01,3.347667e+01,3.347667e+01,3.347667e+01,3.347667e+01,3.347667e+01,3.347667e+01,3.347667e+01,3.347667e+01,3.347667e+01,3.347667e+01,3.347667e+01,3.347667e+01,3.347667e+01,3.347667e+01,3.347667e+01,3.347667e+01,3.347667e+01,3.347667e+01,3.347667e+01,3.347667e+01,3.347667e+01,3.347667e+01,3.347667e+01,3.347667e+01,3.347667e+01,3.405489e+01,3.388598e+01,3.388598e+01,3.388598e+01,3.388598e+01,3.388598e+01,3.388598e+01,3.388598e+01,3.388598e+01,3.388598e+01,3.388598e+01,3.388598e+01,3.388598e+01,3.388598e+01,3.388598e+01,3.388598e+01,3.388598e+01,3.388598e+01,3.388598e+01,3.388598e+01,3.388598e+01,3.388598e+01,3.330685e+01,3.347667e+01,3.346253e+01,3.330685e+01,3.330685e+01,3.330685e+01,3.330685e+01,3.330685e+01,3.330685e+01,3.330685e+01,3.330685e+01,3.279574e+01,3.279574e+01,3.279574e+01,3.279574e+01,3.279574e+01,3.279574e+01,3.279574e+01,3.279574e+01,3.279574e+01,3.236793e+01,3.236793e+01,3.236793e+01,3.236793e+01,3.236793e+01,3.236793e+01,3.236793e+01,3.236793e+01,3.236793e+01,3.236793e+01,3.236793e+01,3.236793e+01,3.236793e+01,3.236793e+01,3.236793e+01,3.236793e+01,3.236793e+01,3.236793e+01,3.236793e+01,3.236793e+01,3.236793e+01,3.236793e+01,3.236793e+01,3.236793e+01,3.236793e+01,3.236793e+01,3.236793e+01,3.236793e+01,3.236793e+01,3.236793e+01,3.236793e+01,3.236793e+01,3.236793e+01,3.236793e+01,3.236793e+01,3.236793e+01,3.236793e+01,3.236793e+01,3.236793e+01,3.236793e+01,3.236793e+01,3.236793e+01,3.236793e+01,3.236793e+01,3.236793e+01,3.236793e+01,3.236793e+01,3.236793e+01,3.236793e+01,3.236793e+01,3.236793e+01,3.236793e+01,3.236793e+01,3.236793e+01,3.275304e+01,3.275304e+01,3.275304e+01,3.275304e+01,3.275304e+01,3.275304e+01,3.275304e+01,3.275304e+01,3.275304e+01,3.275304e+01,3.275304e+01,3.275304e+01,3.275304e+01,3.333517e+01,3.316512e+01,3.316512e+01,3.316512e+01,3.316512e+01,3.316512e+01,3.316512e+01,3.316512e+01,3.316512e+01,3.316512e+01,3.316512e+01,3.374501e+01,3.357561e+01,3.357561e+01,3.357561e+01,3.357561e+01,3.357561e+01,3.357561e+01,3.357561e+01,3.357561e+01,3.357561e+01,3.415330e+01,3.398454e+01,3.398454e+01,3.398454e+01,3.398454e+01,3.398454e+01,3.398454e+01,3.398454e+01,3.398454e+01,3.398454e+01,3.398454e+01,3.398454e+01,3.398454e+01,3.398454e+01,3.398454e+01,3.398454e+01,3.398454e+01,3.398454e+01,3.398454e+01,3.398454e+01,3.398454e+01,3.398454e+01,3.398454e+01,3.398454e+01,3.398454e+01,3.398454e+01,3.398454e+01,3.398454e+01,3.398454e+01,3.398454e+01,3.398454e+01,3.398454e+01,3.398454e+01,3.398454e+01,3.398454e+01,3.398454e+01,3.398454e+01,3.398454e+01,3.398454e+01,3.398454e+01,3.398454e+01,3.398454e+01,3.398454e+01,3.398454e+01,3.398454e+01,3.398454e+01,3.398454e+01,3.398454e+01,3.398454e+01,3.398454e+01,3.398454e+01,3.398454e+01,3.398454e+01,3.398454e+01,3.398454e+01,3.398454e+01,3.398454e+01,3.398454e+01,3.398454e+01,3.398454e+01,3.398454e+01,3.398454e+01,3.398454e+01,3.398454e+01,3.398454e+01,3.398454e+01,3.398454e+01,3.432179e+01,3.432179e+01,3.432179e+01,3.432179e+01,3.432179e+01,3.432179e+01,3.432179e+01,3.432179e+01,3.432179e+01,3.432179e+01,3.432179e+01,3.432179e+01,3.432179e+01,3.432179e+01,3.432179e+01,3.432179e+01,3.432179e+01,3.432179e+01,3.432179e+01,3.432179e+01,3.432179e+01,3.432179e+01,3.432179e+01,3.489548e+01,3.489548e+01,3.489548e+01,3.489548e+01,3.489548e+01,3.489548e+01,3.489548e+01,3.489548e+01,3.489548e+01,3.489548e+01,3.489548e+01,3.489548e+01,3.489548e+01,3.489548e+01,3.489548e+01,3.489548e+01,3.489548e+01
3.531334e+01,3.531334e+01,3.531334e+01,3.531334e+01,3.531334e+01,3.531334e+01,3.531334e+01,3.531334e+01,3.531334e+01,3.531334e+01,3.531334e+01,3.531334e+01,3.531334e+01,3.531334e+01,3.531334e+01,3.531334e+01,3.531334e+01,3.531334e+01,3.531334e+01,3.585417e+01,3.585417e+01,3.585417e+01,3.585417e+01,3.585417e+01,3.585417e+01,3.585417e+01,3.585417e+01,3.585417e+01,3.585417e+01,3.585417e+01,3.585417e+01,3.585417e+01,3.585417e+01,3.585417e+01,3.585417e+01,3.585417e+01,3.585417e+01,3.585417e+01,3.585417e+01,3.585417e+01,3.585417e+01,3.622702e+01,3.622702e+01,3.622702e+01,3.622702e+01,3.622702e+01,3.622702e+01,3.622702e+01,3.622702e+01,3.622702e+01,3.622702e+01,3.666727e+01,3.666727e+01,3.666727e+01,3.666727e+01,3.703736e+01,3.703736e+01,3.703736e+01,3.703736e+01,3.755614e+01,3.755614e+01,3.755614e+01,3.755614e+01,3.755614e+01,3.755614e+01,3.755614e+01,3.755614e+01,3.803182e+01,3.803182e+01,3.803182e+01,3.803182e+01,3.803182e+01,3.842442e+01,3.842442e+01,3.842442e+01,3.842442e+01,3.842442e+01,3.842442e+01,3.842442e+01,3.889640e+01,3.889640e+01,3.889640e+01,3.889640e+01,3.889640e+01,3.889640e+01,3.889640e+01,3.889640e+01,3.889640e+01,3.889640e+01,3.944677e+01,3.941999e+01,3.925914e+01,3.925914e+01,3.925914e+01,3.925914e+01,3.925914e+01,3.925914e+01,3.925914e+01,3.925914e+01,3.925914e+01,3.925914e+01,3.925914e+01,3.925914e+01,3.925914e+01,3.925914e+01,3.925914e+01,3.925914e+01,3.980775e+01,3.964746e+01,3.964746e+01,3.964746e+01,3.964746e+01,3.964746e+01,3.964746e+01,3.964746e+01,3.964746e+01,3.964746e+01,3.964746e+01,3.964746e+01,3.964746e+01,3.964746e+01,3.964746e+01,3.964746e+01,3.964746e+01,3.964746e+01,3.964746e+01,3.909807e+01,3.925914e+01,3.925914e+01,3.925914e+01,3.925914e+01,3.925914e+01,3.925914e+01,3.870784e+01,3.869437e+01,3.923232e+01,3.892331e+01,3.873480e+01,3.857297e+01,3.857297e+01,3.801826e+01,3.804538e+01,3.805894e+01,3.801826e+01,3.819444e+01,3.800470e+01,3.781462e+01,3.765144e+01,3.761061e+01,3.721512e+01,3.721512e+01,3.721512e+01,3.665354e+01,3.668100e+01,3.661234e+01,3.637855e+01,3.610287e+01,3.610287e+01,3.610287e+01,3.596477e+01,3.570190e+01,3.553555e+01,3.553555e+01,3.553555e+01,3.553555e+01,3.496524e+01,3.496524e+01,3.496524e+01,3.496524e+01,3.496524e+01,3.496524e+01,3.496524e+01,3.496524e+01,3.489548e+01,3.469993e+01,3.453203e+01,3.453203e+01,3.453203e+01,3.453203e+01,3.395639e+01,3.412519e+01,3.412519e+01,3.412519e+01,3.412519e+01,3.412519e+01,3.412519e+01,3.412519e+01,3.371680e+01,3.371680e+01,3.371680e+01,3.371680e+01,3.371680e+01,3.313675e+01,3.313675e+01,3.313675e+01,3.313675e+01,3.313675e+01,3.313675e+01,3.313675e+01,3.313675e+01,3.313675e+01,3.313675e+01,3.313675e+01,3.313675e+01,3.313675e+01,3.269607e+01,3.269607e+01,3.269607e+01,3.269607e+01,3.269607e+01,3.269607e+01,3.269607e+01,3.269607e+01,3.269607e+01,3.269607e+01,3.269607e+01,3.225356e+01,3.225356e+01,3.225356e+01,3.225356e+01,3.225356e+01,3.225356e+01,3.225356e+01,3.225356e+01,3.225356e+01,3.225356e+01,3.225356e+01,3.225356e+01,3.225356e+01,3.225356e+01,3.225356e+01,3.225356e+01,3.225356e+01,3.225356e+01,3.225356e+01,3.225356e+01,3.225356e+01,3.225356e+01,3.225356e+01,3.225356e+01,3.225356e+01,3.225356e+01,3.225356e+01,3.225356e+01,3.225356e+01,3.225356e+01,3.225356e+01,3.225356e+01,3.225356e+01,3.225356e+01,3.225356e+01,3.225356e+01,3.225356e+01,3.225356e+01,3.225356e+01,3.225356e+01,3.225356e+01,3.225356e+01,3.225356e+01,3.225356e+01,3.225356e+01,3.225356e+01,3.225356e+01,3.225356e+01,3.225356e+01,3.225356e+01,3.225356e+01,3.225356e+01,3.225356e+01,3.225356e+01,3.225356e+01,3.225356e+01,3.225356e+01,3.225356e+01,3.225356e+01,3.225356e+01,3.225356e+01,3.225356e+01,3.225356e+01,3.225356e+01,3.225356e+01,3.225356e+01,3.225356e+01,3.225356e+01,3.225356e+01,3.225356e+01,3.225356e+01,3.225356e+01,3.225356e+01,3.225356e+01,3.225356e+01,3.225356e+01,3.225356e+01,3.225356e+01,3.225356e+01,3.225356e+01,3.225356e+01,3.283843e+01,3.266758e+01,3.266758e+01,3.266758e+01,3.266758e+01,3.266758e+01,3.266758e+01,3.266758e+01,3.266758e+01,3.266758e+01,3.266758e+01,3.266758e+01,3.208176e+01,3.225356e+01,3.225356e+01,3.225356e+01,3.225356e+01,3.225356e+01,3.283843e+01,3.266758e+01,3.266758e+01,3.266758e+01,3.266758e+01,3.266758e+01,3.266758e+01,3.266758e+01,3.266758e+01,3.266758e+01,3.266758e+01,3.266758e+01,3.325018e+01,3.307999e+01,3.307999e+01,3.307999e+01,3.307999e+01,3.307999e+01,3.307999e+01,3.307999e+01,3.307999e+01,3.307999e+01,3.307999e+01,3.307999e+01,3.307999e+01,3.307999e+01,3.307999e+01,3.307999e+01,3.307999e+01,3.307999e+01,3.307999e+01,3.366035e+01,3.349081e+01,3.349081e+01,3.349081e+01,3.349081e+01,3.349081e+01,3.349081e+01,3.406895e+01,3.390006e+01,3.390006e+01,3.390006e+01,3.390006e+01,3.390006e+01,3.390006e+01,3.390006e+01,3.390006e+01,3.390006e+01,3.390006e+01,3.390006e+01,3.390006e+01,3.390006e+01,3.390006e+01,3.390006e+01,3.390006e+01,3.390006e+01,3.390006e+01,3.390006e+01,3.390006e+01,3.390006e+01,3.390006e+01,3.347667e+01,3.347667e+01,3.347667e+01,3.347667e+01,3.347667e+01,3.347667e+01,3.347667e+01,3.347667e+01,3.347667e+01,3.347667e+01,3.347667e+01,3.347667e+01,3.347667e+01,3.347667e+01,3.347667e+01,3.347667e+01,3.347667e+01,3.347667e+01,3.347667e+01,3.347667e+01,3.405489e+01,3.385780e+01,3.368858e+01,3.368858e+01,3.368858e+01,3.368858e+01,3.368858e+01,3.368858e+01,3.426566e+01,3.409708e+01,3.409708e+01,3.409708e+01,3.409708e+01,3.409708e+01,3.409708e+01,3.409708e+01,3.409708e+01,3.409708e+01,3.409708e+01,3.409708e+01,3.409708e+01,3.409708e+01,3.409708e+01,3.409708e+01,3.409708e+01,3.409708e+01,3.409708e+01,3.409708e+01,3.351909e+01,3.347667e+01,3.347667e+01,3.347667e+01,3.347667e+01,3.347667e+01,3.347667e+01,3.347667e+01,3.347667e+01,3.347667e+01,3.347667e+01,3.347667e+01,3.347667e+01,3.347667e+01,3.337764e+01,3.317930e+01,3.300900e+01,3.300900e+01,3.300900e+01,3.300900e+01,3.242507e+01,3.241079e+01,3.241079e+01,3.241079e+01,3.241079e+01,3.241079e+01,3.241079e+01,3.241079e+01,3.241079e+01,3.241079e+01,3.241079e+01,3.241079e+01,3.241079e+01,3.241079e+01,3.241079e+01,3.241079e+01,3.241079e+01,3.241079e+01,3.241079e+01,3.241079e+01,3.241079e+01,3.241079e+01,3.241079e+01,3.182355e+01,3.202444e+01,3.219632e+01,3.219632e+01,3.219632e+01,3.219632e+01,3.219632e+01,3.219632e+01,3.219632e+01,3.219632e+01,3.219632e+01,3.278151e+01,3.261057e+01,3.261057e+01,3.261057e+01,3.261057e+01,3.261057e+01,3.261057e+01,3.261057e+01,3.261057e+01,3.261057e+01,3.261057e+01,3.261057e+01,3.261057e+01,3.261057e+01,3.261057e+01,3.261057e+01,3.261057e+01,3.261057e+01,3.261057e+01,3.261057e+01,3.261057e+01,3.261057e+01,3.261057e+01,3.261057e+01,3.261057e+01,3.261057e+01,3.261057e+01,3.261057e+01,3.261057e+01,3.261057e+01,3.319348e+01,3.302320e+01,3.302320e+01,3.302320e+01,3.302320e+01,3.302320e+01,3.302320e+01,3.302320e+01,3.302320e+01,3.302320e+01,3.302320e+01,3.302320e+01,3.360387e+01,3.343424e+01,3.347667e+01,3.357561e+01,3.357561e+01,3.357561e+01,3.357561e+01,3.357561e+01,3.357561e+01,3.357561e+01,3.357561e+01,3.357561e+01,3.357561e+01,3.415330e+01,3.415330e+01,3.415330e+01,3.415330e+01,3.415330e+01,3.415330e+01,3.415330e+01,3.415330e+01,3.415330e+01,3.415330e+01,3.415330e+01,3.415330e+01,3.415330e+01,3.415330e+01,3.415330e+01,3.415330e+01,3.415330e+01,3.415330e+01,3.357561e+01,3.374501e+01,3.374501e+01,3.374501e+01,3.374501e+01,3.374501e+01,3.374501e+01,3.374501e+01,3.374501e+01,3.374501e+01,3.374501e+01,3.374501e+01,3.374501e+01,3.374501e+01,3.374501e+01,3.374501e+01,3.432179e+01,3.415330e+01,3.415330e+01,3.415330e+01,3.415330e+01,3.415330e+01,3.415330e+01,3.415330e+01,3.415330e+01,3.415330e+01,3.415330e+01,3.415330e+01,3.415330e+01,3.415330e+01,3.415330e+01,3.415330e+01,3.415330e+01,3.415330e+01,3.415330e+01,3.415330e+01,3.415330e+01,3.415330e+01,3.415330e+01,3.415330e+01,3.415330e+01,3.415330e+01,3.415330e+01,3.415330e+01,3.415330e+01,3.415330e+01,3.415330e+01,3.415330e+01,3.415330e+01,3.415330e+01,3.415330e+01,3.415330e+01,3.415330e+01,3.415330e+01,3.415330e+01,3.415330e+01,3.415330e+01,3.415330e+01,3.415330e+01,3.415330e+01,3.415330e+01,3.415330e+01,3.472789e+01,3.456003e+01,3.456003e+01,3.456003e+01,3.456003e+01,3.456003e+01,3.456003e+01,3.456003e+01,3.456003e+01,3.456003e+01,3.456003e+01,3.456003e+01,3.456003e+01,3.456003e+01,3.456003e+01,3.456003e+01,3.456003e+01,3.456003e+01,3.489548e+01,3.489548e+01,3.489548e+01,3.489548e+01,3.489548e+01,3.489548e+01,3.489548e+01,3.489548e+01,3.489548e+01
3.531334e+01,3.531334e+01,3.531334e+01,3.531334e+01,3.531334e+01,3.531334e+01,3.531334e+01,3.531334e+01,3.531334e+01,3.531334e+01,3.531334e+01,3.531334e+01,3.531334e+01,3.531334e+01,3.531334e+01,3.531334e+01,3.531334e+01,3.531334e+01,3.531334e+01,3.531334e+01,3.585417e+01,3.585417e+01,3.528554e+01,3.548004e+01,3.564648e+01,3.564648e+01,3.564648e+01,3.564648e+01,3.564648e+01,3.564648e+01,3.621323e+01,3.604765e+01,3.604765e+01,3.604765e+01,3.604765e+01,3.604765e+01,3.604765e+01,3.604765e+01,3.604765e+01,3.604765e+01,3.604765e+01,3.604765e+01,3.604765e+01,3.604765e+01,3.604765e+01,3.604765e+01,3.604765e+01,3.661234e+01,3.644736e+01,3.644736e+01,3.644736e+01,3.700999e+01,3.684562e+01,3.684562e+01,3.684562e+01,3.740622e+01,3.724244e+01,3.724244e+01,3.724244e+01,3.724244e+01,3.755614e+01,3.755614e+01,3.755614e+01,3.755614e+01,3.755614e+01,3.755614e+01,3.811316e+01,3.803182e+01,3.858646e+01,3.839738e+01,3.823506e+01,3.823506e+01,3.835683e+01,3.835683e+01,3.835683e+01,3.835683e+01,3.835683e+01,3.890985e+01,3.886948e+01,3.881563e+01,3.881563e+01,3.881563e+01,3.881563e+01,3.881563e+01,3.881563e+01,3.936640e+01,3.917863e+01,3.901744e+01,3.960735e+01,3.952709e+01,3.952709e+01,3.952709e+01,3.952709e+01,3.952709e+01,3.952709e+01,3.952709e+01,3.952709e+01,3.952709e+01,3.952709e+01,3.952709e+01,3.952709e+01,3.952709e+01,3.952709e+01,3.952709e+01,3.952709e+01,3.952709e+01,3.952709e+01,3.952709e+01,3.952709e+01,3.952709e+01,4.007439e+01,3.991448e+01,3.991448e+01,3.991448e+01,3.991448e+01,3.991448e+01,3.991448e+01,3.991448e+01,3.991448e+01,3.991448e+01,3.936640e+01,3.952709e+01,3.952709e+01,3.952709e+01,3.952709e+01,3.952709e+01,3.952709e+01,3.952709e+01,3.952709e+01,3.952709e+01,3.952709e+01,3.952709e+01,3.952709e+01,3.952709e+01,3.924573e+01,3.924573e+01,3.900400e+01,3.900400e+01,3.857297e+01,3.851897e+01,3.874828e+01,3.855947e+01,3.837035e+01,3.816735e+01,3.816735e+01,3.816735e+01,3.781462e+01,3.781462e+01,3.725610e+01,3.725610e+01,3.725610e+01,3.725610e+01,3.665354e+01,3.665354e+01,3.665354e+01,3.665354e+01,3.665354e+01,3.665354e+01,3.610287e+01,3.553555e+01,3.570190e+01,3.570190e+01,3.570190e+01,3.570190e+01,3.513247e+01,3.513247e+01,3.513247e+01,3.513247e+01,3.513247e+01,3.513247e+01,3.513247e+01,3.513247e+01,3.456003e+01,3.472789e+01,3.472789e+01,3.472789e+01,3.472789e+01,3.472789e+01,3.415330e+01,3.412519e+01,3.412519e+01,3.412519e+01,3.412519e+01,3.412519e+01,3.412519e+01,3.412519e+01,3.412519e+01,3.412519e+01,3.371680e+01,3.371680e+01,3.371680e+01,3.371680e+01,3.313675e+01,3.313675e+01,3.313675e+01,3.313675e+01,3.313675e+01,3.313675e+01,3.313675e+01,3.313675e+01,3.313675e+01,3.313675e+01,3.313675e+01,3.313675e+01,3.313675e+01,3.313675e+01,3.313675e+01,3.269607e+01,3.269607e+01,3.269607e+01,3.269607e+01,3.269607e+01,3.269607e+01,3.269607e+01,3.269607e+01,3.269607e+01,3.269607e+01,3.225356e+01,3.225356e+01,3.225356e+01,3.225356e+01,3.225356e+01,3.225356e+01,3.225356e+01,3.225356e+01,3.225356e+01,3.225356e+01,3.225356e+01,3.225356e+01,3.225356e+01,3.225356e+01,3.225356e+01,3.225356e+01,3.225356e+01,3.225356e+01,3.225356e+01,3.225356e+01,3.225356e+01,3.225356e+01,3.225356e+01,3.225356e+01,3.225356e+01,3.225356e+01,3.225356e+01,3.225356e+01,3.225356e+01,3.225356e+01,3.225356e+01,3.225356e+01,3.225356e+01,3.225356e+01,3.225356e+01,3.225356e+01,3.225356e+01,3.225356e+01,3.225356e+01,3.225356e+01,3.225356e+01,3.225356e+01,3.225356e+01,3.225356e+01,3.225356e+01,3.225356e+01,3.225356e+01,3.225356e+01,3.225356e+01,3.225356e+01,3.225356e+01,3.225356e+01,3.225356e+01,3.225356e+01,3.225356e+01,3.225356e+01,3.225356e+01,3.225356e+01,3.225356e+01,3.225356e+01,3.225356e+01,3.225356e+01,3.225356e+01,3.225356e+01,3.225356e+01,3.225356e+01,3.225356e+01,3.225356e+01,3.225356e+01,3.225356e+01,3.225356e+01,3.225356e+01,3.225356e+01,3.225356e+01,3.225356e+01,3.225356e+01,3.225356e+01,3.225356e+01,3.225356e+01,3.225356e+01,3.225356e+01,3.266758e+01,3.266758e+01,3.266758e+01,3.266758e+01,3.266758e+01,3.266758e+01,3.266758e+01,3.266758e+01,3.266758e+01,3.266758e+01,3.266758e+01,3.266758e+01,3.266758e+01,3.266758e+01,3.225356e+01,3.225356e+01,3.225356e+01,3.225356e+01,3.225356e+01,3.225356e+01,3.266758e+01,3.266758e+01,3.266758e+01,3.266758e+01,3.266758e+01,3.266758e+01,3.266758e+01,3.266758e+01,3.266758e+01,3.266758e+01,3.307999e+01,3.307999e+01,3.307999e+01,3.307999e+01,3.307999e+01,3.307999e+01,3.307999e+01,3.307999e+01,3.307999e+01,3.307999e+01,3.307999e+01,3.307999e+01,3.307999e+01,3.307999e+01,3.366035e+01,3.346253e+01,3.329268e+01,3.334933e+01,3.346253e+01,3.346253e+01,3.346253e+01,3.346253e+01,3.346253e+01,3.404082e+01,3.399862e+01,3.398454e+01,3.398454e+01,3.398454e+01,3.398454e+01,3.398454e+01,3.398454e+01,3.398454e+01,3.398454e+01,3.398454e+01,3.398454e+01,3.398454e+01,3.398454e+01,3.398454e+01,3.398454e+01,3.398454e+01,3.398454e+01,3.398454e+01,3.398454e+01,3.398454e+01,3.398454e+01,3.398454e+01,3.398454e+01,3.340595e+01,3.343424e+01,3.343424e+01,3.343424e+01,3.343424e+01,3.343424e+01,3.343424e+01,3.343424e+01,3.343424e+01,3.343424e+01,3.343424e+01,3.343424e+01,3.343424e+01,3.343424e+01,3.343424e+01,3.343424e+01,3.343424e+01,3.401268e+01,3.381552e+01,3.364623e+01,3.370269e+01,3.385780e+01,3.385780e+01,3.385780e+01,3.385780e+01,3.385780e+01,3.385780e+01,3.385780e+01,3.443397e+01,3.434985e+01,3.434985e+01,3.434985e+01,3.434985e+01,3.434985e+01,3.434985e+01,3.434985e+01,3.434985e+01,3.434985e+01,3.434985e+01,3.434985e+01,3.434985e+01,3.434985e+01,3.377322e+01,3.394231e+01,3.394231e+01,3.394231e+01,3.394231e+01,3.394231e+01,3.394231e+01,3.394231e+01,3.394231e+01,3.394231e+01,3.347667e+01,3.347667e+01,3.347667e+01,3.347667e+01,3.347667e+01,3.347667e+01,3.347667e+01,3.347667e+01,3.347667e+01,3.347667e+01,3.289532e+01,3.309418e+01,3.309418e+01,3.309418e+01,3.309418e+01,3.309418e+01,3.309418e+01,3.309418e+01,3.309418e+01,3.241079e+01,3.299480e+01,3.279574e+01,3.262482e+01,3.262482e+01,3.262482e+01,3.262482e+01,3.262482e+01,3.262482e+01,3.262482e+01,3.262482e+01,3.262482e+01,3.262482e+01,3.262482e+01,3.262482e+01,3.262482e+01,3.262482e+01,3.203877e+01,3.221064e+01,3.221064e+01,3.221064e+01,3.221064e+01,3.221064e+01,3.221064e+01,3.221064e+01,3.279574e+01,3.259631e+01,3.242507e+01,3.242507e+01,3.242507e+01,3.242507e+01,3.242507e+01,3.242507e+01,3.242507e+01,3.242507e+01,3.242507e+01,3.242507e+01,3.242507e+01,3.242507e+01,3.242507e+01,3.242507e+01,3.242507e+01,3.242507e+01,3.242507e+01,3.242507e+01,3.242507e+01,3.242507e+01,3.242507e+01,3.242507e+01,3.242507e+01,3.242507e+01,3.242507e+01,3.242507e+01,3.242507e+01,3.242507e+01,3.300900e+01,3.283843e+01,3.283843e+01,3.283843e+01,3.283843e+01,3.283843e+01,3.283843e+01,3.283843e+01,3.283843e+01,3.283843e+01,3.283843e+01,3.283843e+01,3.283843e+01,3.342010e+01,3.325018e+01,3.325018e+01,3.325018e+01,3.325018e+01,3.325018e+01,3.325018e+01,3.325018e+01,3.325018e+01,3.325018e+01,3.357561e+01,3.357561e+01,3.357561e+01,3.357561e+01,3.357561e+01,3.357561e+01,3.357561e+01,3.357561e+01,3.415330e+01,3.406895e+01,3.406895e+01,3.406895e+01,3.406895e+01,3.406895e+01,3.406895e+01,3.406895e+01,3.406895e+01,3.406895e+01,3.406895e+01,3.406895e+01,3.406895e+01,3.406895e+01,3.406895e+01,3.406895e+01,3.406895e+01,3.406895e+01,3.406895e+01,3.406895e+01,3.406895e+01,3.406895e+01,3.406895e+01,3.406895e+01,3.406895e+01,3.406895e+01,3.406895e+01,3.406895e+01,3.406895e+01,3.406895e+01,3.406895e+01,3.406895e+01,3.406895e+01,3.406895e+01,3.406895e+01,3.406895e+01,3.406895e+01,3.406895e+01,3.406895e+01,3.406895e+01,3.406895e+01,3.406895e+01,3.406895e+01,3.406895e+01,3.406895e+01,3.406895e+01,3.406895e+01,3.406895e+01,3.406895e+01,3.406895e+01,3.406895e+01,3.406895e+01,3.406895e+01,3.406895e+01,3.406895e+01,3.406895e+01,3.406895e+01,3.406895e+01,3.406895e+01,3.406895e+01,3.406895e+01,3.406895e+01,3.406895e+01,3.406895e+01,3.406895e+01,3.406895e+01,3.406895e+01,3.406895e+01,3.406895e+01,3.406895e+01,3.406895e+01,3.406895e+01,3.406895e+01,3.464399e+01,3.444798e+01,3.427969e+01,3.427969e+01,3.427969e+01,3.427969e+01,3.427969e+01,3.427969e+01,3.427969e+01,3.427969e+01,3.427969e+01,3.427969e+01,3.427969e+01,3.427969e+01,3.485361e+01,3.468595e+01,3.468595e+01,3.468595e+01,3.468595e+01,3.468595e+01,3.468595e+01,3.468595e+01,3.468595e+01,3.468595e+01,3.468595e+01,3.468595e+01,3.525772e+01,3.509069e+01,3.509069e+01,3.509069e+01,3.509069e+01,3.509069e+01,3.509069e+01,3.509069e+01,3.509069e+01
3.531334e+01,3.531334e+01,3.531334e+01,3.531334e+01,3.531334e+01,3.531334e+01,3.531334e+01,3.531334e+01,3.531334e+01,3.531334e+01,3.531334e+01,3.531334e+01,3.531334e+01,3.531334e+01,3.531334e+01,3.531334e+01,3.531334e+01,3.531334e+01,3.531334e+01,3.531334e+01,3.531334e+01,3.531334e+01,3.531334e+01,3.531334e+01,3.531334e+01,3.564648e+01,3.564648e+01,3.564648e+01,3.564648e+01,3.564648e+01,3.564648e+01,3.604765e+01,3.604765e+01,3.604765e+01,3.604765e+01,3.604765e+01,3.604765e+01,3.604765e+01,3.604765e+01,3.604765e+01,3.604765e+01,3.604765e+01,3.604765e+01,3.604765e+01,3.604765e+01,3.604765e+01,3.604765e+01,3.661234e+01,3.661234e+01,3.661234e+01,3.661234e+01,3.661234e+01,3.661234e+01,3.717413e+01,3.716046e+01,3.724244e+01,3.724244e+01,3.724244e+01,3.724244e+01,3.724244e+01,3.755614e+01,3.755614e+01,3.755614e+01,3.755614e+01,3.755614e+01,3.811316e+01,3.803182e+01,3.808606e+01,3.839738e+01,3.839738e+01,3.839738e+01,3.839738e+01,3.839738e+01,3.895021e+01,3.876175e+01,3.859996e+01,3.865392e+01,3.929938e+01,3.909807e+01,3.909807e+01,3.909807e+01,3.909807e+01,3.909807e+01,3.909807e+01,3.909807e+01,3.909807e+01,3.964746e+01,3.944677e+01,3.946016e+01,3.946016e+01,3.946016e+01,3.946016e+01,3.946016e+01,3.946016e+01,4.000779e+01,3.982109e+01,3.966082e+01,3.966082e+01,3.966082e+01,3.966082e+01,3.966082e+01,3.966082e+01,3.966082e+01,3.966082e+01,3.966082e+01,3.966082e+01,3.966082e+01,3.966082e+01,3.966082e+01,4.020747e+01,4.012764e+01,4.012764e+01,4.012764e+01,4.012764e+01,4.012764e+01,4.012764e+01,4.012764e+01,4.012764e+01,4.012764e+01,4.012764e+01,3.991448e+01,3.972763e+01,4.027396e+01,3.954047e+01,4.008770e+01,3.988781e+01,3.972763e+01,4.027396e+01,4.007439e+01,3.987447e+01,3.971427e+01,3.971427e+01,3.971427e+01,3.971427e+01,3.971427e+01,3.924573e+01,3.924573e+01,3.924573e+01,3.924573e+01,3.907120e+01,3.886948e+01,3.855947e+01,3.855947e+01,3.855947e+01,3.816735e+01,3.816735e+01,3.788254e+01,3.782821e+01,3.746076e+01,3.746076e+01,3.746076e+01,3.746076e+01,3.746076e+01,3.665354e+01,3.665354e+01,3.665354e+01,3.665354e+01,3.665354e+01,3.610287e+01,3.629592e+01,3.608907e+01,3.592331e+01,3.592331e+01,3.592331e+01,3.570190e+01,3.549392e+01,3.532724e+01,3.532724e+01,3.532724e+01,3.532724e+01,3.532724e+01,3.532724e+01,3.532724e+01,3.472789e+01,3.472789e+01,3.472789e+01,3.472789e+01,3.472789e+01,3.472789e+01,3.472789e+01,3.412519e+01,3.412519e+01,3.412519e+01,3.412519e+01,3.412519e+01,3.412519e+01,3.412519e+01,3.412519e+01,3.412519e+01,3.412519e+01,3.412519e+01,3.371680e+01,3.334933e+01,3.334933e+01,3.334933e+01,3.334933e+01,3.334933e+01,3.334933e+01,3.334933e+01,3.334933e+01,3.334933e+01,3.334933e+01,3.334933e+01,3.276727e+01,3.293796e+01,3.293796e+01,3.293796e+01,3.293796e+01,3.293796e+01,3.293796e+01,3.293796e+01,3.293796e+01,3.293796e+01,3.235364e+01,3.252500e+01,3.252500e+01,3.252500e+01,3.252500e+01,3.193839e+01,3.211042e+01,3.211042e+01,3.211042e+01,3.211042e+01,3.211042e+01,3.211042e+01,3.211042e+01,3.211042e+01,3.211042e+01,3.211042e+01,3.211042e+01,3.211042e+01,3.211042e+01,3.211042e+01,3.211042e+01,3.211042e+01,3.211042e+01,3.211042e+01,3.211042e+01,3.211042e+01,3.211042e+01,3.211042e+01,3.211042e+01,3.211042e+01,3.211042e+01,3.211042e+01,3.211042e+01,3.211042e+01,3.211042e+01,3.211042e+01,3.211042e+01,3.211042e+01,3.211042e+01,3.211042e+01,3.211042e+01,3.211042e+01,3.211042e+01,3.211042e+01,3.211042e+01,3.211042e+01,3.211042e+01,3.211042e+01,3.211042e+01,3.211042e+01,3.211042e+01,3.211042e+01,3.211042e+01,3.211042e+01,3.211042e+01,3.211042e+01,3.211042e+01,3.211042e+01,3.211042e+01,3.211042e+01,3.211042e+01,3.211042e+01,3.211042e+01,3.211042e+01,3.211042e+01,3.211042e+01,3.211042e+01,3.269607e+01,3.252500e+01,3.252500e+01,3.252500e+01,3.252500e+01,3.193839e+01,3.211042e+01,3.211042e+01,3.211042e+01,3.211042e+01,3.211042e+01,3.211042e+01,3.211042e+01,3.211042e+01,3.211042e+01,3.269607e+01,3.252500e+01,3.252500e+01,3.259631e+01,3.259631e+01,3.259631e+01,3.259631e+01,3.259631e+01,3.259631e+01,3.259631e+01,3.259631e+01,3.259631e+01,3.259631e+01,3.259631e+01,3.201010e+01,3.222495e+01,3.225356e+01,3.229646e+01,3.229646e+01,3.229646e+01,3.229646e+01,3.229646e+01,3.229646e+01,3.266758e+01,3.266758e+01,3.266758e+01,3.266758e+01,3.266758e+01,3.266758e+01,3.266758e+01,3.266758e+01,3.266758e+01,3.266758e+01,3.307999e+01,3.307999e+01,3.307999e+01,3.307999e+01,3.307999e+01,3.307999e+01,3.307999e+01,3.307999e+01,3.307999e+01,3.307999e+01,3.307999e+01,3.307999e+01,3.307999e+01,3.366035e+01,3.357561e+01,3.357561e+01,3.357561e+01,3.357561e+01,3.357561e+01,3.357561e+01,3.357561e+01,3.357561e+01,3.357561e+01,3.357561e+01,3.357561e+01,3.398454e+01,3.398454e+01,3.398454e+01,3.398454e+01,3.398454e+01,3.398454e+01,3.398454e+01,3.398454e+01,3.398454e+01,3.398454e+01,3.398454e+01,3.398454e+01,3.398454e+01,3.398454e+01,3.398454e+01,3.398454e+01,3.398454e+01,3.398454e+01,3.398454e+01,3.398454e+01,3.398454e+01,3.398454e+01,3.398454e+01,3.398454e+01,3.398454e+01,3.398454e+01,3.398454e+01,3.398454e+01,3.343424e+01,3.401268e+01,3.380142e+01,3.363211e+01,3.363211e+01,3.363211e+01,3.363211e+01,3.363211e+01,3.363211e+01,3.363211e+01,3.363211e+01,3.401268e+01,3.401268e+01,3.401268e+01,3.401268e+01,3.401268e+01,3.401268e+01,3.401268e+01,3.401268e+01,3.401268e+01,3.401268e+01,3.401268e+01,3.443397e+01,3.443397e+01,3.443397e+01,3.443397e+01,3.443397e+01,3.443397e+01,3.443397e+01,3.443397e+01,3.443397e+01,3.443397e+01,3.443397e+01,3.443397e+01,3.443397e+01,3.443397e+01,3.434985e+01,3.413924e+01,3.413924e+01,3.413924e+01,3.413924e+01,3.413924e+01,3.413924e+01,3.413924e+01,3.413924e+01,3.413924e+01,3.347667e+01,3.347667e+01,3.347667e+01,3.405489e+01,3.384371e+01,3.367447e+01,3.367447e+01,3.367447e+01,3.367447e+01,3.367447e+01,3.347667e+01,3.326435e+01,3.326435e+01,3.326435e+01,3.326435e+01,3.326435e+01,3.326435e+01,3.268183e+01,3.269607e+01,3.248219e+01,3.278151e+01,3.278151e+01,3.278151e+01,3.278151e+01,3.278151e+01,3.278151e+01,3.278151e+01,3.278151e+01,3.278151e+01,3.278151e+01,3.278151e+01,3.219632e+01,3.236793e+01,3.236793e+01,3.236793e+01,3.236793e+01,3.236793e+01,3.236793e+01,3.236793e+01,3.236793e+01,3.236793e+01,3.236793e+01,3.236793e+01,3.236793e+01,3.279574e+01,3.221064e+01,3.238222e+01,3.238222e+01,3.238222e+01,3.238222e+01,3.238222e+01,3.238222e+01,3.238222e+01,3.238222e+01,3.238222e+01,3.238222e+01,3.238222e+01,3.238222e+01,3.238222e+01,3.238222e+01,3.238222e+01,3.238222e+01,3.296638e+01,3.275304e+01,3.258205e+01,3.258205e+01,3.258205e+01,3.258205e+01,3.258205e+01,3.258205e+01,3.258205e+01,3.258205e+01,3.258205e+01,3.258205e+01,3.258205e+01,3.258205e+01,3.258205e+01,3.258205e+01,3.258205e+01,3.258205e+01,3.316512e+01,3.299480e+01,3.299480e+01,3.299480e+01,3.299480e+01,3.299480e+01,3.299480e+01,3.299480e+01,3.299480e+01,3.299480e+01,3.299480e+01,3.299480e+01,3.357561e+01,3.340595e+01,3.340595e+01,3.340595e+01,3.340595e+01,3.340595e+01,3.340595e+01,3.340595e+01,3.340595e+01,3.340595e+01,3.398454e+01,3.381552e+01,3.387189e+01,3.399862e+01,3.399862e+01,3.399862e+01,3.399862e+01,3.399862e+01,3.399862e+01,3.399862e+01,3.399862e+01,3.399862e+01,3.399862e+01,3.399862e+01,3.399862e+01,3.399862e+01,3.399862e+01,3.399862e+01,3.399862e+01,3.399862e+01,3.399862e+01,3.399862e+01,3.399862e+01,3.399862e+01,3.399862e+01,3.399862e+01,3.399862e+01,3.399862e+01,3.399862e+01,3.399862e+01,3.399862e+01,3.399862e+01,3.399862e+01,3.399862e+01,3.399862e+01,3.399862e+01,3.399862e+01,3.399862e+01,3.399862e+01,3.399862e+01,3.399862e+01,3.399862e+01,3.399862e+01,3.399862e+01,3.399862e+01,3.399862e+01,3.399862e+01,3.399862e+01,3.399862e+01,3.399862e+01,3.399862e+01,3.399862e+01,3.399862e+01,3.399862e+01,3.399862e+01,3.399862e+01,3.399862e+01,3.399862e+01,3.399862e+01,3.399862e+01,3.399862e+01,3.399862e+01,3.399862e+01,3.399862e+01,3.399862e+01,3.399862e+01,3.399862e+01,3.399862e+01,3.399862e+01,3.399862e+01,3.457403e+01,3.436387e+01,3.419545e+01,3.419545e+01,3.419545e+01,3.419545e+01,3.419545e+01,3.419545e+01,3.419545e+01,3.419545e+01,3.419545e+01,3.419545e+01,3.419545e+01,3.419545e+01,3.419545e+01,3.419545e+01,3.476981e+01,3.456003e+01,3.456003e+01,3.456003e+01,3.456003e+01,3.456003e+01,3.456003e+01,3.456003e+01,3.456003e+01,3.456003e+01,3.456003e+01,3.456003e+01,3.456003e+01,3.456003e+01,3.513247e+01,3.511855e+01,3.510462e+01,3.510462e+01,3.510462e+01,3.510462e+01,3.510462e+01,3.510462e+01,3.510462e+01,3.510462e+01,3.510462e+01
3.531334e+01,3.531334e+01,3.531334e+01,3.531334e+01,3.531334e+01,3.531334e+01,3.531334e+01,3.531334e+01,3.531334e+01,3.531334e+01,3.531334e+01,3.531334e+01,3.531334e+01,3.531334e+01,3.531334e+01,3.531334e+01,3.531334e+01,3.531334e+01,3.531334e+01,3.531334e+01,3.531334e+01,3.531334e+01,3.531334e+01,3.531334e+01,3.531334e+01,3.564648e+01,3.564648e+01,3.564648e+01,3.564648e+01,3.564648e+01,3.564648e+01,3.564648e+01,3.604765e+01,3.604765e+01,3.604765e+01,3.604765e+01,3.604765e+01,3.604765e+01,3.604765e+01,3.604765e+01,3.604765e+01,3.604765e+01,3.604765e+01,3.604765e+01,3.604765e+01,3.604765e+01,3.661234e+01,3.652988e+01,3.652988e+01,3.652988e+01,3.652988e+01,3.652988e+01,3.652988e+01,3.717413e+01,3.717413e+01,3.717413e+01,3.717413e+01,3.773306e+01,3.752890e+01,3.750165e+01,3.804538e+01,3.784180e+01,3.767866e+01,3.767866e+01,3.767866e+01,3.811316e+01,3.811316e+01,3.811316e+01,3.839738e+01,3.839738e+01,3.839738e+01,3.839738e+01,3.895021e+01,3.886948e+01,3.886948e+01,3.886948e+01,3.886948e+01,3.929938e+01,3.929938e+01,3.929938e+01,3.929938e+01,3.929938e+01,3.929938e+01,3.929938e+01,3.929938e+01,3.929938e+01,3.929938e+01,3.984778e+01,3.968755e+01,3.968755e+01,3.968755e+01,3.968755e+01,3.968755e+01,3.968755e+01,4.000779e+01,4.000779e+01,4.000779e+01,4.000779e+01,4.000779e+01,4.000779e+01,4.000779e+01,4.000779e+01,4.000779e+01,4.000779e+01,4.000779e+01,4.000779e+01,4.000779e+01,4.000779e+01,4.000779e+01,4.000779e+01,4.055276e+01,4.039353e+01,4.039353e+01,3.984778e+01,4.000779e+01,4.000779e+01,4.000779e+01,4.000779e+01,4.000779e+01,4.000779e+01,4.000779e+01,4.000779e+01,4.000779e+01,4.000779e+01,4.000779e+01,4.000779e+01,4.000779e+01,4.000779e+01,4.000779e+01,4.000779e+01,4.000779e+01,4.000779e+01,3.971427e+01,3.971427e+01,3.971427e+01,3.971427e+01,3.971427e+01,3.924573e+01,3.924573e+01,3.924573e+01,3.924573e+01,3.855947e+01,3.855947e+01,3.855947e+01,3.855947e+01,3.855947e+01,3.843793e+01,3.782821e+01,3.807250e+01,3.786896e+01,3.770586e+01,3.714679e+01,3.716046e+01,3.736530e+01,3.716046e+01,3.695523e+01,3.679078e+01,3.673590e+01,3.639232e+01,3.622702e+01,3.622702e+01,3.622702e+01,3.622702e+01,3.592331e+01,3.592331e+01,3.592331e+01,3.592331e+01,3.532724e+01,3.532724e+01,3.532724e+01,3.532724e+01,3.532724e+01,3.532724e+01,3.532724e+01,3.472789e+01,3.472789e+01,3.472789e+01,3.472789e+01,3.472789e+01,3.472789e+01,3.472789e+01,3.472789e+01,3.472789e+01,3.412519e+01,3.469993e+01,3.449002e+01,3.432179e+01,3.432179e+01,3.432179e+01,3.374501e+01,3.377322e+01,3.371680e+01,3.342010e+01,3.342010e+01,3.342010e+01,3.342010e+01,3.342010e+01,3.342010e+01,3.342010e+01,3.342010e+01,3.342010e+01,3.342010e+01,3.283843e+01,3.285265e+01,3.285265e+01,3.285265e+01,3.285265e+01,3.285265e+01,3.285265e+01,3.285265e+01,3.285265e+01,3.285265e+01,3.285265e+01,3.285265e+01,3.285265e+01,3.285265e+01,3.252500e+01,3.246791e+01,3.273880e+01,3.252500e+01,3.235364e+01,3.235364e+01,3.235364e+01,3.235364e+01,3.235364e+01,3.235364e+01,3.235364e+01,3.235364e+01,3.235364e+01,3.235364e+01,3.235364e+01,3.235364e+01,3.235364e+01,3.235364e+01,3.235364e+01,3.235364e+01,3.235364e+01,3.235364e+01,3.235364e+01,3.235364e+01,3.235364e+01,3.235364e+01,3.235364e+01,3.235364e+01,3.235364e+01,3.235364e+01,3.235364e+01,3.235364e+01,3.235364e+01,3.235364e+01,3.235364e+01,3.235364e+01,3.235364e+01,3.235364e+01,3.235364e+01,3.235364e+01,3.235364e+01,3.235364e+01,3.235364e+01,3.235364e+01,3.235364e+01,3.235364e+01,3.235364e+01,3.235364e+01,3.235364e+01,3.235364e+01,3.235364e+01,3.235364e+01,3.235364e+01,3.235364e+01,3.235364e+01,3.235364e+01,3.235364e+01,3.235364e+01,3.235364e+01,3.235364e+01,3.235364e+01,3.235364e+01,3.235364e+01,3.235364e+01,3.235364e+01,3.235364e+01,3.235364e+01,3.235364e+01,3.235364e+01,3.235364e+01,3.235364e+01,3.235364e+01,3.235364e+01,3.235364e+01,3.235364e+01,3.235364e+01,3.235364e+01,3.235364e+01,3.235364e+01,3.235364e+01,3.235364e+01,3.235364e+01,3.235364e+01,3.235364e+01,3.235364e+01,3.235364e+01,3.235364e+01,3.235364e+01,3.235364e+01,3.235364e+01,3.235364e+01,3.235364e+01,3.235364e+01,3.235364e+01,3.235364e+01,3.235364e+01,3.235364e+01,3.235364e+01,3.235364e+01,3.235364e+01,3.235364e+01,3.235364e+01,3.235364e+01,3.235364e+01,3.266758e+01,3.266758e+01,3.266758e+01,3.266758e+01,3.266758e+01,3.266758e+01,3.325018e+01,3.263908e+01,3.298059e+01,3.298059e+01,3.298059e+01,3.298059e+01,3.298059e+01,3.298059e+01,3.298059e+01,3.298059e+01,3.298059e+01,3.356149e+01,3.334933e+01,3.334933e+01,3.334933e+01,3.334933e+01,3.334933e+01,3.334933e+01,3.334933e+01,3.334933e+01,3.392823e+01,3.375912e+01,3.375912e+01,3.375912e+01,3.375912e+01,3.375912e+01,3.375912e+01,3.375912e+01,3.375912e+01,3.433582e+01,3.416735e+01,3.416735e+01,3.416735e+01,3.416735e+01,3.416735e+01,3.416735e+01,3.416735e+01,3.416735e+01,3.416735e+01,3.416735e+01,3.416735e+01,3.416735e+01,3.416735e+01,3.416735e+01,3.416735e+01,3.416735e+01,3.416735e+01,3.416735e+01,3.358974e+01,3.375912e+01,3.375912e+01,3.375912e+01,3.375912e+01,3.375912e+01,3.375912e+01,3.375912e+01,3.375912e+01,3.375912e+01,3.375912e+01,3.375912e+01,3.375912e+01,3.375912e+01,3.375912e+01,3.433582e+01,3.412519e+01,3.408302e+01,3.404082e+01,3.404082e+01,3.404082e+01,3.404082e+01,3.404082e+01,3.404082e+01,3.404082e+01,3.404082e+01,3.461602e+01,3.440593e+01,3.437789e+01,3.439191e+01,3.439191e+01,3.439191e+01,3.439191e+01,3.439191e+01,3.439191e+01,3.439191e+01,3.439191e+01,3.439191e+01,3.439191e+01,3.439191e+01,3.439191e+01,3.439191e+01,3.439191e+01,3.439191e+01,3.439191e+01,3.381552e+01,3.398454e+01,3.398454e+01,3.398454e+01,3.398454e+01,3.398454e+01,3.398454e+01,3.398454e+01,3.398454e+01,3.398454e+01,3.398454e+01,3.398454e+01,3.398454e+01,3.398454e+01,3.398454e+01,3.398454e+01,3.367447e+01,3.367447e+01,3.367447e+01,3.367447e+01,3.367447e+01,3.367447e+01,3.326435e+01,3.326435e+01,3.326435e+01,3.326435e+01,3.326435e+01,3.326435e+01,3.326435e+01,3.326435e+01,3.278151e+01,3.278151e+01,3.278151e+01,3.278151e+01,3.278151e+01,3.278151e+01,3.278151e+01,3.278151e+01,3.278151e+01,3.278151e+01,3.278151e+01,3.278151e+01,3.278151e+01,3.278151e+01,3.278151e+01,3.278151e+01,3.278151e+01,3.236793e+01,3.236793e+01,3.295218e+01,3.273880e+01,3.271032e+01,3.279574e+01,3.243935e+01,3.243935e+01,3.243935e+01,3.243935e+01,3.243935e+01,3.243935e+01,3.243935e+01,3.243935e+01,3.243935e+01,3.243935e+01,3.243935e+01,3.243935e+01,3.243935e+01,3.243935e+01,3.243935e+01,3.302320e+01,3.298059e+01,3.289532e+01,3.289532e+01,3.289532e+01,3.289532e+01,3.289532e+01,3.289532e+01,3.289532e+01,3.289532e+01,3.289532e+01,3.289532e+01,3.289532e+01,3.289532e+01,3.289532e+01,3.289532e+01,3.289532e+01,3.289532e+01,3.289532e+01,3.289532e+01,3.289532e+01,3.289532e+01,3.289532e+01,3.289532e+01,3.289532e+01,3.289532e+01,3.347667e+01,3.326435e+01,3.326435e+01,3.326435e+01,3.326435e+01,3.326435e+01,3.326435e+01,3.326435e+01,3.326435e+01,3.326435e+01,3.326435e+01,3.326435e+01,3.384371e+01,3.367447e+01,3.367447e+01,3.367447e+01,3.367447e+01,3.367447e+01,3.367447e+01,3.367447e+01,3.367447e+01,3.399862e+01,3.399862e+01,3.399862e+01,3.399862e+01,3.399862e+01,3.399862e+01,3.399862e+01,3.399862e+01,3.399862e+01,3.399862e+01,3.399862e+01,3.399862e+01,3.399862e+01,3.399862e+01,3.399862e+01,3.399862e+01,3.399862e+01,3.399862e+01,3.399862e+01,3.399862e+01,3.399862e+01,3.399862e+01,3.399862e+01,3.399862e+01,3.399862e+01,3.399862e+01,3.399862e+01,3.399862e+01,3.399862e+01,3.399862e+01,3.399862e+01,3.399862e+01,3.399862e+01,3.399862e+01,3.399862e+01,3.399862e+01,3.399862e+01,3.399862e+01,3.399862e+01,3.399862e+01,3.399862e+01,3.399862e+01,3.399862e+01,3.399862e+01,3.399862e+01,3.399862e+01,3.399862e+01,3.399862e+01,3.399862e+01,3.399862e+01,3.399862e+01,3.399862e+01,3.399862e+01,3.399862e+01,3.399862e+01,3.399862e+01,3.399862e+01,3.399862e+01,3.399862e+01,3.399862e+01,3.399862e+01,3.399862e+01,3.399862e+01,3.399862e+01,3.399862e+01,3.399862e+01,3.436387e+01,3.436387e+01,3.436387e+01,3.436387e+01,3.436387e+01,3.436387e+01,3.436387e+01,3.436387e+01,3.436387e+01,3.436387e+01,3.436387e+01,3.436387e+01,3.436387e+01,3.436387e+01,3.436387e+01,3.436387e+01,3.436387e+01,3.436387e+01,3.436387e+01,3.493734e+01,3.476981e+01,3.476981e+01,3.476981e+01,3.476981e+01,3.476981e+01,3.476981e+01,3.476981e+01,3.476981e+01,3.476981e+01,3.476981e+01,3.476981e+01,3.476981e+01,3.476981e+01,3.476981e+01,3.476981e+01,3.476981e+01,3.510462e+01,3.510462e+01,3.510462e+01,3.510462e+01
3.474187e+01,3.495129e+01,3.511855e+01,3.511855e+01,3.511855e+01,3.511855e+01,3.511855e+01,3.511855e+01,3.511855e+01,3.511855e+01,3.511855e+01,3.511855e+01,3.511855e+01,3.511855e+01,3.511855e+01,3.511855e+01,3.511855e+01,3.511855e+01,3.511855e+01,3.568805e+01,3.552167e+01,3.552167e+01,3.552167e+01,3.552167e+01,3.552167e+01,3.552167e+01,3.552167e+01,3.552167e+01,3.552167e+01,3.608907e+01,3.592331e+01,3.592331e+01,3.597859e+01,3.597859e+01,3.597859e+01,3.597859e+01,3.597859e+01,3.597859e+01,3.597859e+01,3.597859e+01,3.597859e+01,3.597859e+01,3.597859e+01,3.597859e+01,3.597859e+01,3.597859e+01,3.661234e+01,3.661234e+01,3.661234e+01,3.661234e+01,3.661234e+01,3.661234e+01,3.717413e+01,3.709209e+01,3.709209e+01,3.709209e+01,3.765144e+01,3.765144e+01,3.765144e+01,3.765144e+01,3.765144e+01,3.765144e+01,3.765144e+01,3.820798e+01,3.816735e+01,3.814026e+01,3.814026e+01,3.869437e+01,3.866740e+01,3.866740e+01,3.866740e+01,3.866740e+01,3.866740e+01,3.866740e+01,3.866740e+01,3.921890e+01,3.919206e+01,3.925914e+01,3.925914e+01,3.925914e+01,3.925914e+01,3.925914e+01,3.925914e+01,3.980775e+01,3.960735e+01,3.944677e+01,3.950032e+01,3.963409e+01,3.963409e+01,4.018087e+01,3.998114e+01,3.982109e+01,3.982109e+01,3.982109e+01,3.982109e+01,3.982109e+01,3.982109e+01,4.036697e+01,4.020747e+01,4.020747e+01,4.020747e+01,4.020747e+01,4.020747e+01,4.020747e+01,4.020747e+01,4.020747e+01,4.020747e+01,4.020747e+01,4.075150e+01,4.016756e+01,4.034040e+01,4.034040e+01,4.034040e+01,4.034040e+01,4.034040e+01,4.034040e+01,4.034040e+01,4.034040e+01,4.034040e+01,4.034040e+01,4.034040e+01,4.034040e+01,4.034040e+01,4.034040e+01,4.034040e+01,4.034040e+01,4.034040e+01,4.034040e+01,4.034040e+01,4.034040e+01,4.034040e+01,4.034040e+01,4.034040e+01,3.971427e+01,3.971427e+01,3.971427e+01,3.971427e+01,3.971427e+01,3.924573e+01,3.924573e+01,3.924573e+01,3.924573e+01,3.911150e+01,3.835683e+01,3.835683e+01,3.835683e+01,3.835683e+01,3.835683e+01,3.807250e+01,3.807250e+01,3.807250e+01,3.770586e+01,3.748802e+01,3.732436e+01,3.732436e+01,3.732436e+01,3.679078e+01,3.673590e+01,3.702368e+01,3.663980e+01,3.647488e+01,3.647488e+01,3.647488e+01,3.592331e+01,3.592331e+01,3.592331e+01,3.592331e+01,3.592331e+01,3.532724e+01,3.532724e+01,3.532724e+01,3.532724e+01,3.532724e+01,3.532724e+01,3.532724e+01,3.532724e+01,3.472789e+01,3.472789e+01,3.472789e+01,3.472789e+01,3.472789e+01,3.472789e+01,3.472789e+01,3.472789e+01,3.472789e+01,3.415330e+01,3.432179e+01,3.432179e+01,3.432179e+01,3.432179e+01,3.377322e+01,3.371680e+01,3.350495e+01,3.350495e+01,3.350495e+01,3.350495e+01,3.350495e+01,3.350495e+01,3.350495e+01,3.350495e+01,3.292375e+01,3.298059e+01,3.300900e+01,3.300900e+01,3.300900e+01,3.300900e+01,3.300900e+01,3.300900e+01,3.300900e+01,3.300900e+01,3.300900e+01,3.242507e+01,3.259631e+01,3.259631e+01,3.259631e+01,3.259631e+01,3.259631e+01,3.259631e+01,3.259631e+01,3.259631e+01,3.259631e+01,3.259631e+01,3.259631e+01,3.259631e+01,3.201010e+01,3.218201e+01,3.218201e+01,3.218201e+01,3.218201e+01,3.218201e+01,3.218201e+01,3.218201e+01,3.218201e+01,3.218201e+01,3.218201e+01,3.218201e+01,3.218201e+01,3.218201e+01,3.218201e+01,3.218201e+01,3.218201e+01,3.218201e+01,3.218201e+01,3.218201e+01,3.218201e+01,3.218201e+01,3.218201e+01,3.218201e+01,3.218201e+01,3.218201e+01,3.218201e+01,3.218201e+01,3.218201e+01,3.218201e+01,3.218201e+01,3.218201e+01,3.218201e+01,3.218201e+01,3.218201e+01,3.218201e+01,3.218201e+01,3.218201e+01,3.218201e+01,3.218201e+01,3.218201e+01,3.218201e+01,3.218201e+01,3.218201e+01,3.218201e+01,3.218201e+01,3.218201e+01,3.218201e+01,3.218201e+01,3.218201e+01,3.218201e+01,3.218201e+01,3.218201e+01,3.218201e+01,3.218201e+01,3.218201e+01,3.218201e+01,3.218201e+01,3.218201e+01,3.218201e+01,3.218201e+01,3.218201e+01,3.218201e+01,3.218201e+01,3.218201e+01,3.218201e+01,3.218201e+01,3.218201e+01,3.276727e+01,3.259631e+01,3.259631e+01,3.259631e+01,3.259631e+01,3.259631e+01,3.259631e+01,3.259631e+01,3.259631e+01,3.259631e+01,3.259631e+01,3.259631e+01,3.259631e+01,3.259631e+01,3.259631e+01,3.259631e+01,3.259631e+01,3.259631e+01,3.259631e+01,3.259631e+01,3.259631e+01,3.259631e+01,3.259631e+01,3.259631e+01,3.259631e+01,3.259631e+01,3.259631e+01,3.259631e+01,3.259631e+01,3.259631e+01,3.259631e+01,3.259631e+01,3.259631e+01,3.259631e+01,3.259631e+01,3.259631e+01,3.298059e+01,3.298059e+01,3.298059e+01,3.298059e+01,3.298059e+01,3.298059e+01,3.298059e+01,3.298059e+01,3.298059e+01,3.298059e+01,3.298059e+01,3.334933e+01,3.334933e+01,3.334933e+01,3.334933e+01,3.334933e+01,3.334933e+01,3.334933e+01,3.334933e+01,3.375912e+01,3.375912e+01,3.375912e+01,3.375912e+01,3.375912e+01,3.433582e+01,3.411113e+01,3.409708e+01,3.416735e+01,3.416735e+01,3.416735e+01,3.416735e+01,3.416735e+01,3.416735e+01,3.416735e+01,3.416735e+01,3.416735e+01,3.416735e+01,3.416735e+01,3.416735e+01,3.416735e+01,3.416735e+01,3.416735e+01,3.416735e+01,3.416735e+01,3.416735e+01,3.416735e+01,3.416735e+01,3.416735e+01,3.416735e+01,3.416735e+01,3.416735e+01,3.416735e+01,3.416735e+01,3.416735e+01,3.416735e+01,3.416735e+01,3.416735e+01,3.416735e+01,3.416735e+01,3.416735e+01,3.416735e+01,3.416735e+01,3.416735e+01,3.416735e+01,3.416735e+01,3.416735e+01,3.416735e+01,3.416735e+01,3.416735e+01,3.416735e+01,3.416735e+01,3.474187e+01,3.465798e+01,3.465798e+01,3.465798e+01,3.465798e+01,3.465798e+01,3.465798e+01,3.465798e+01,3.465798e+01,3.465798e+01,3.465798e+01,3.465798e+01,3.465798e+01,3.465798e+01,3.408302e+01,3.425162e+01,3.425162e+01,3.425162e+01,3.425162e+01,3.425162e+01,3.425162e+01,3.425162e+01,3.425162e+01,3.425162e+01,3.425162e+01,3.425162e+01,3.425162e+01,3.425162e+01,3.425162e+01,3.367447e+01,3.384371e+01,3.384371e+01,3.384371e+01,3.384371e+01,3.384371e+01,3.384371e+01,3.384371e+01,3.384371e+01,3.384371e+01,3.384371e+01,3.384371e+01,3.326435e+01,3.330685e+01,3.330685e+01,3.330685e+01,3.330685e+01,3.330685e+01,3.330685e+01,3.330685e+01,3.330685e+01,3.330685e+01,3.330685e+01,3.330685e+01,3.278151e+01,3.278151e+01,3.278151e+01,3.278151e+01,3.278151e+01,3.278151e+01,3.278151e+01,3.278151e+01,3.278151e+01,3.278151e+01,3.278151e+01,3.278151e+01,3.278151e+01,3.278151e+01,3.278151e+01,3.278151e+01,3.278151e+01,3.278151e+01,3.278151e+01,3.278151e+01,3.278151e+01,3.278151e+01,3.278151e+01,3.278151e+01,3.278151e+01,3.278151e+01,3.278151e+01,3.278151e+01,3.278151e+01,3.278151e+01,3.278151e+01,3.278151e+01,3.278151e+01,3.278151e+01,3.278151e+01,3.278151e+01,3.278151e+01,3.278151e+01,3.278151e+01,3.278151e+01,3.278151e+01,3.278151e+01,3.278151e+01,3.278151e+01,3.278151e+01,3.278151e+01,3.278151e+01,3.278151e+01,3.278151e+01,3.278151e+01,3.278151e+01,3.278151e+01,3.278151e+01,3.278151e+01,3.278151e+01,3.278151e+01,3.278151e+01,3.278151e+01,3.336349e+01,3.313675e+01,3.319348e+01,3.330685e+01,3.330685e+01,3.330685e+01,3.330685e+01,3.330685e+01,3.330685e+01,3.330685e+01,3.330685e+01,3.330685e+01,3.330685e+01,3.330685e+01,3.388598e+01,3.380142e+01,3.380142e+01,3.380142e+01,3.380142e+01,3.380142e+01,3.380142e+01,3.380142e+01,3.380142e+01,3.380142e+01,3.380142e+01,3.380142e+01,3.437789e+01,3.420949e+01,3.420949e+01,3.420949e+01,3.420949e+01,3.420949e+01,3.420949e+01,3.420949e+01,3.420949e+01,3.420949e+01,3.420949e+01,3.420949e+01,3.420949e+01,3.420949e+01,3.420949e+01,3.420949e+01,3.420949e+01,3.420949e+01,3.420949e+01,3.420949e+01,3.420949e+01,3.420949e+01,3.420949e+01,3.420949e+01,3.420949e+01,3.420949e+01,3.420949e+01,3.420949e+01,3.420949e+01,3.420949e+01,3.420949e+01,3.420949e+01,3.420949e+01,3.420949e+01,3.420949e+01,3.420949e+01,3.420949e+01,3.420949e+01,3.420949e+01,3.420949e+01,3.420949e+01,3.420949e+01,3.420949e+01,3.420949e+01,3.420949e+01,3.420949e+01,3.420949e+01,3.420949e+01,3.420949e+01,3.420949e+01,3.420949e+01,3.420949e+01,3.420949e+01,3.420949e+01,3.420949e+01,3.420949e+01,3.420949e+01,3.420949e+01,3.420949e+01,3.420949e+01,3.420949e+01,3.420949e+01,3.420949e+01,3.420949e+01,3.420949e+01,3.420949e+01,3.420949e+01,3.420949e+01,3.420949e+01,3.420949e+01,3.420949e+01,3.420949e+01,3.420949e+01,3.420949e+01,3.420949e+01,3.420949e+01,3.478378e+01,3.461602e+01,3.461602e+01,3.461602e+01,3.461602e+01,3.461602e+01,3.461602e+01,3.461602e+01,3.461602e+01,3.461602e+01,3.461602e+01,3.461602e+01,3.461602e+01,3.461602e+01,3.461602e+01,3.461602e+01,3.518816e+01,3.502101e+01,3.502101e+01,3.502101e+01,3.502101e+01,3.502101e+01,3.502101e+01,3.502101e+01,3.502101e+01,3.502101e+01,3.502101e+01,3.559103e+01
3.482569e+01,3.482569e+01,3.482569e+01,3.482569e+01,3.482569e+01,3.482569e+01,3.482569e+01,3.482569e+01,3.482569e+01,3.482569e+01,3.511855e+01,3.511855e+01,3.511855e+01,3.511855e+01,3.511855e+01,3.511855e+01,3.511855e+01,3.511855e+01,3.511855e+01,3.511855e+01,3.511855e+01,3.511855e+01,3.552167e+01,3.552167e+01,3.552167e+01,3.552167e+01,3.552167e+01,3.552167e+01,3.552167e+01,3.552167e+01,3.552167e+01,3.592331e+01,3.592331e+01,3.592331e+01,3.592331e+01,3.592331e+01,3.592331e+01,3.592331e+01,3.592331e+01,3.592331e+01,3.592331e+01,3.592331e+01,3.592331e+01,3.648863e+01,3.626836e+01,3.625458e+01,3.639232e+01,3.639232e+01,3.639232e+01,3.639232e+01,3.695523e+01,3.694154e+01,3.700999e+01,3.700999e+01,3.756976e+01,3.751528e+01,3.748802e+01,3.748802e+01,3.748802e+01,3.804538e+01,3.788254e+01,3.788254e+01,3.788254e+01,3.788254e+01,3.788254e+01,3.843793e+01,3.842442e+01,3.853247e+01,3.853247e+01,3.853247e+01,3.908464e+01,3.892331e+01,3.892331e+01,3.892331e+01,3.892331e+01,3.921890e+01,3.921890e+01,3.921890e+01,3.921890e+01,3.921890e+01,3.976770e+01,3.955385e+01,3.954047e+01,3.964746e+01,3.964746e+01,3.964746e+01,4.019417e+01,3.998114e+01,3.996781e+01,4.002111e+01,4.002111e+01,4.002111e+01,4.002111e+01,4.002111e+01,4.002111e+01,4.002111e+01,4.002111e+01,4.002111e+01,4.056602e+01,4.040681e+01,4.040681e+01,4.040681e+01,4.040681e+01,4.040681e+01,4.040681e+01,4.040681e+01,4.094987e+01,4.089701e+01,4.087056e+01,4.104234e+01,4.083089e+01,4.061905e+01,4.045991e+01,4.100272e+01,4.079120e+01,4.057928e+01,4.057928e+01,4.057928e+01,4.057928e+01,4.112152e+01,4.036697e+01,4.036697e+01,4.036697e+01,4.036697e+01,4.036697e+01,4.036697e+01,4.036697e+01,4.036697e+01,4.036697e+01,4.036697e+01,4.036697e+01,4.036697e+01,4.036697e+01,4.036697e+01,4.026067e+01,4.003443e+01,3.987447e+01,3.982109e+01,3.958060e+01,3.941999e+01,3.941999e+01,3.886948e+01,3.888294e+01,3.858646e+01,3.858646e+01,3.858646e+01,3.858646e+01,3.858646e+01,3.858646e+01,3.807250e+01,3.807250e+01,3.778744e+01,3.778744e+01,3.778744e+01,3.732436e+01,3.726975e+01,3.702368e+01,3.696893e+01,3.702368e+01,3.672218e+01,3.672218e+01,3.672218e+01,3.615807e+01,3.608907e+01,3.608907e+01,3.608907e+01,3.608907e+01,3.608907e+01,3.589566e+01,3.566034e+01,3.549392e+01,3.549392e+01,3.549392e+01,3.549392e+01,3.549392e+01,3.492339e+01,3.489548e+01,3.546616e+01,3.522990e+01,3.499313e+01,3.499313e+01,3.499313e+01,3.499313e+01,3.499313e+01,3.441995e+01,3.489548e+01,3.465798e+01,3.449002e+01,3.449002e+01,3.449002e+01,3.449002e+01,3.449002e+01,3.408302e+01,3.384371e+01,3.367447e+01,3.367447e+01,3.367447e+01,3.367447e+01,3.367447e+01,3.367447e+01,3.350495e+01,3.326435e+01,3.326435e+01,3.326435e+01,3.326435e+01,3.326435e+01,3.326435e+01,3.326435e+01,3.326435e+01,3.326435e+01,3.326435e+01,3.300900e+01,3.276727e+01,3.276727e+01,3.276727e+01,3.276727e+01,3.276727e+01,3.276727e+01,3.218201e+01,3.235364e+01,3.235364e+01,3.235364e+01,3.235364e+01,3.235364e+01,3.235364e+01,3.235364e+01,3.235364e+01,3.235364e+01,3.235364e+01,3.235364e+01,3.235364e+01,3.235364e+01,3.235364e+01,3.235364e+01,3.235364e+01,3.235364e+01,3.235364e+01,3.235364e+01,3.235364e+01,3.235364e+01,3.235364e+01,3.235364e+01,3.235364e+01,3.235364e+01,3.235364e+01,3.235364e+01,3.235364e+01,3.235364e+01,3.235364e+01,3.235364e+01,3.235364e+01,3.235364e+01,3.235364e+01,3.235364e+01,3.235364e+01,3.235364e+01,3.235364e+01,3.235364e+01,3.235364e+01,3.235364e+01,3.235364e+01,3.235364e+01,3.235364e+01,3.235364e+01,3.235364e+01,3.235364e+01,3.235364e+01,3.235364e+01,3.235364e+01,3.235364e+01,3.235364e+01,3.235364e+01,3.235364e+01,3.235364e+01,3.235364e+01,3.235364e+01,3.235364e+01,3.235364e+01,3.235364e+01,3.235364e+01,3.235364e+01,3.235364e+01,3.235364e+01,3.235364e+01,3.235364e+01,3.235364e+01,3.235364e+01,3.235364e+01,3.235364e+01,3.235364e+01,3.235364e+01,3.235364e+01,3.235364e+01,3.235364e+01,3.235364e+01,3.235364e+01,3.293796e+01,3.276727e+01,3.276727e+01,3.276727e+01,3.276727e+01,3.276727e+01,3.276727e+01,3.276727e+01,3.276727e+01,3.218201e+01,3.235364e+01,3.235364e+01,3.235364e+01,3.235364e+01,3.235364e+01,3.235364e+01,3.235364e+01,3.235364e+01,3.235364e+01,3.235364e+01,3.235364e+01,3.235364e+01,3.235364e+01,3.235364e+01,3.235364e+01,3.293796e+01,3.276727e+01,3.276727e+01,3.276727e+01,3.276727e+01,3.276727e+01,3.276727e+01,3.276727e+01,3.276727e+01,3.276727e+01,3.276727e+01,3.276727e+01,3.276727e+01,3.334933e+01,3.317930e+01,3.317930e+01,3.317930e+01,3.317930e+01,3.317930e+01,3.317930e+01,3.317930e+01,3.375912e+01,3.358974e+01,3.358974e+01,3.358974e+01,3.358974e+01,3.416735e+01,3.399862e+01,3.399862e+01,3.399862e+01,3.399862e+01,3.399862e+01,3.399862e+01,3.399862e+01,3.399862e+01,3.399862e+01,3.399862e+01,3.399862e+01,3.399862e+01,3.457403e+01,3.440593e+01,3.440593e+01,3.440593e+01,3.440593e+01,3.440593e+01,3.440593e+01,3.440593e+01,3.440593e+01,3.440593e+01,3.440593e+01,3.440593e+01,3.440593e+01,3.382962e+01,3.399862e+01,3.399862e+01,3.399862e+01,3.399862e+01,3.399862e+01,3.399862e+01,3.399862e+01,3.399862e+01,3.399862e+01,3.399862e+01,3.399862e+01,3.457403e+01,3.440593e+01,3.440593e+01,3.440593e+01,3.440593e+01,3.440593e+01,3.440593e+01,3.440593e+01,3.440593e+01,3.440593e+01,3.440593e+01,3.440593e+01,3.440593e+01,3.440593e+01,3.440593e+01,3.440593e+01,3.440593e+01,3.440593e+01,3.440593e+01,3.440593e+01,3.440593e+01,3.440593e+01,3.440593e+01,3.440593e+01,3.440593e+01,3.440593e+01,3.440593e+01,3.440593e+01,3.440593e+01,3.440593e+01,3.440593e+01,3.440593e+01,3.440593e+01,3.440593e+01,3.440593e+01,3.440593e+01,3.440593e+01,3.440593e+01,3.440593e+01,3.440593e+01,3.440593e+01,3.382962e+01,3.384371e+01,3.385780e+01,3.385780e+01,3.385780e+01,3.385780e+01,3.385780e+01,3.385780e+01,3.385780e+01,3.385780e+01,3.385780e+01,3.385780e+01,3.385780e+01,3.385780e+01,3.385780e+01,3.385780e+01,3.385780e+01,3.385780e+01,3.330685e+01,3.330685e+01,3.330685e+01,3.330685e+01,3.330685e+01,3.330685e+01,3.330685e+01,3.330685e+01,3.330685e+01,3.330685e+01,3.278151e+01,3.278151e+01,3.278151e+01,3.278151e+01,3.278151e+01,3.278151e+01,3.278151e+01,3.278151e+01,3.278151e+01,3.278151e+01,3.278151e+01,3.278151e+01,3.278151e+01,3.278151e+01,3.278151e+01,3.278151e+01,3.278151e+01,3.278151e+01,3.278151e+01,3.278151e+01,3.278151e+01,3.278151e+01,3.278151e+01,3.278151e+01,3.278151e+01,3.278151e+01,3.278151e+01,3.278151e+01,3.278151e+01,3.278151e+01,3.278151e+01,3.278151e+01,3.278151e+01,3.278151e+01,3.278151e+01,3.278151e+01,3.278151e+01,3.278151e+01,3.278151e+01,3.278151e+01,3.278151e+01,3.278151e+01,3.278151e+01,3.278151e+01,3.278151e+01,3.278151e+01,3.278151e+01,3.278151e+01,3.278151e+01,3.278151e+01,3.278151e+01,3.278151e+01,3.278151e+01,3.278151e+01,3.278151e+01,3.278151e+01,3.336349e+01,3.336349e+01,3.336349e+01,3.336349e+01,3.336349e+01,3.336349e+01,3.336349e+01,3.336349e+01,3.336349e+01,3.336349e+01,3.336349e+01,3.336349e+01,3.336349e+01,3.336349e+01,3.336349e+01,3.336349e+01,3.380142e+01,3.380142e+01,3.380142e+01,3.380142e+01,3.380142e+01,3.380142e+01,3.380142e+01,3.380142e+01,3.380142e+01,3.380142e+01,3.437789e+01,3.437789e+01,3.437789e+01,3.437789e+01,3.437789e+01,3.437789e+01,3.437789e+01,3.437789e+01,3.437789e+01,3.437789e+01,3.437789e+01,3.437789e+01,3.437789e+01,3.437789e+01,3.437789e+01,3.437789e+01,3.437789e+01,3.437789e+01,3.437789e+01,3.437789e+01,3.437789e+01,3.437789e+01,3.437789e+01,3.380142e+01,3.397047e+01,3.397047e+01,3.397047e+01,3.397047e+01,3.397047e+01,3.397047e+01,3.397047e+01,3.397047e+01,3.397047e+01,3.397047e+01,3.397047e+01,3.397047e+01,3.397047e+01,3.397047e+01,3.397047e+01,3.397047e+01,3.397047e+01,3.397047e+01,3.397047e+01,3.397047e+01,3.397047e+01,3.397047e+01,3.397047e+01,3.397047e+01,3.454603e+01,3.437789e+01,3.437789e+01,3.437789e+01,3.437789e+01,3.437789e+01,3.437789e+01,3.437789e+01,3.437789e+01,3.437789e+01,3.437789e+01,3.437789e+01,3.437789e+01,3.437789e+01,3.437789e+01,3.437789e+01,3.437789e+01,3.437789e+01,3.437789e+01,3.437789e+01,3.437789e+01,3.437789e+01,3.437789e+01,3.437789e+01,3.437789e+01,3.437789e+01,3.437789e+01,3.437789e+01,3.437789e+01,3.437789e+01,3.437789e+01,3.437789e+01,3.437789e+01,3.437789e+01,3.495129e+01,3.478378e+01,3.478378e+01,3.478378e+01,3.478378e+01,3.478378e+01,3.478378e+01,3.478378e+01,3.478378e+01,3.478378e+01,3.478378e+01,3.478378e+01,3.478378e+01,3.478378e+01,3.478378e+01,3.478378e+01,3.478378e+01,3.535504e+01,3.518816e+01,3.518816e+01,3.518816e+01,3.518816e+01
3.482569e+01,3.482569e+01,3.482569e+01,3.482569e+01,3.482569e+01,3.482569e+01,3.482569e+01,3.482569e+01,3.482569e+01,3.482569e+01,3.482569e+01,3.482569e+01,3.511855e+01,3.511855e+01,3.511855e+01,3.511855e+01,3.511855e+01,3.511855e+01,3.511855e+01,3.511855e+01,3.511855e+01,3.511855e+01,3.552167e+01,3.552167e+01,3.552167e+01,3.552167e+01,3.552167e+01,3.552167e+01,3.552167e+01,3.552167e+01,3.552167e+01,3.592331e+01,3.592331e+01,3.592331e+01,3.592331e+01,3.592331e+01,3.592331e+01,3.592331e+01,3.592331e+01,3.592331e+01,3.592331e+01,3.592331e+01,3.648863e+01,3.640608e+01,3.640608e+01,3.640608e+01,3.640608e+01,3.640608e+01,3.696893e+01,3.691414e+01,3.687303e+01,3.687303e+01,3.687303e+01,3.743349e+01,3.739258e+01,3.739258e+01,3.739258e+01,3.795042e+01,3.789612e+01,3.786896e+01,3.786896e+01,3.786896e+01,3.786896e+01,3.786896e+01,3.842442e+01,3.835683e+01,3.835683e+01,3.890985e+01,3.874828e+01,3.880216e+01,3.885602e+01,3.885602e+01,3.885602e+01,3.940659e+01,3.936640e+01,3.933960e+01,3.933960e+01,3.933960e+01,3.933960e+01,3.933960e+01,3.933960e+01,3.988781e+01,3.971427e+01,3.971427e+01,3.971427e+01,3.971427e+01,4.019417e+01,4.019417e+01,4.019417e+01,4.019417e+01,4.019417e+01,4.019417e+01,4.019417e+01,4.019417e+01,4.019417e+01,4.019417e+01,4.019417e+01,4.019417e+01,4.056602e+01,4.056602e+01,4.056602e+01,4.056602e+01,4.056602e+01,4.056602e+01,4.056602e+01,4.056602e+01,4.056602e+01,4.056602e+01,4.056602e+01,4.056602e+01,4.056602e+01,4.056602e+01,4.110833e+01,4.102913e+01,4.102913e+01,4.102913e+01,4.102913e+01,4.057928e+01,4.063230e+01,4.101593e+01,4.059254e+01,4.059254e+01,4.059254e+01,4.059254e+01,4.059254e+01,4.059254e+01,4.059254e+01,4.059254e+01,4.059254e+01,4.059254e+01,4.059254e+01,4.059254e+01,4.059254e+01,4.059254e+01,4.026067e+01,4.026067e+01,3.987447e+01,3.987447e+01,3.987447e+01,3.987447e+01,3.941999e+01,3.909807e+01,3.909807e+01,3.888294e+01,3.872132e+01,3.872132e+01,3.872132e+01,3.872132e+01,3.872132e+01,3.862694e+01,3.805894e+01,3.786896e+01,3.786896e+01,3.786896e+01,3.786896e+01,3.782821e+01,3.735165e+01,3.713311e+01,3.713311e+01,3.691414e+01,3.691414e+01,3.691414e+01,3.691414e+01,3.665354e+01,3.641985e+01,3.625458e+01,3.625458e+01,3.625458e+01,3.625458e+01,3.622702e+01,3.582650e+01,3.566034e+01,3.566034e+01,3.566034e+01,3.566034e+01,3.566034e+01,3.566034e+01,3.566034e+01,3.522990e+01,3.522990e+01,3.522990e+01,3.522990e+01,3.522990e+01,3.465798e+01,3.506282e+01,3.497919e+01,3.497919e+01,3.497919e+01,3.497919e+01,3.449002e+01,3.449002e+01,3.449002e+01,3.449002e+01,3.449002e+01,3.425162e+01,3.401268e+01,3.384371e+01,3.384371e+01,3.384371e+01,3.384371e+01,3.384371e+01,3.326435e+01,3.326435e+01,3.326435e+01,3.326435e+01,3.326435e+01,3.326435e+01,3.326435e+01,3.326435e+01,3.326435e+01,3.326435e+01,3.326435e+01,3.326435e+01,3.276727e+01,3.276727e+01,3.276727e+01,3.276727e+01,3.276727e+01,3.276727e+01,3.276727e+01,3.235364e+01,3.235364e+01,3.235364e+01,3.235364e+01,3.235364e+01,3.235364e+01,3.235364e+01,3.235364e+01,3.235364e+01,3.235364e+01,3.235364e+01,3.235364e+01,3.235364e+01,3.235364e+01,3.235364e+01,3.235364e+01,3.235364e+01,3.235364e+01,3.235364e+01,3.235364e+01,3.235364e+01,3.235364e+01,3.235364e+01,3.235364e+01,3.293796e+01,3.211042e+01,3.269607e+01,3.252500e+01,3.252500e+01,3.252500e+01,3.252500e+01,3.252500e+01,3.252500e+01,3.252500e+01,3.252500e+01,3.252500e+01,3.252500e+01,3.252500e+01,3.252500e+01,3.252500e+01,3.252500e+01,3.252500e+01,3.252500e+01,3.252500e+01,3.252500e+01,3.252500e+01,3.252500e+01,3.252500e+01,3.252500e+01,3.252500e+01,3.252500e+01,3.252500e+01,3.252500e+01,3.252500e+01,3.252500e+01,3.252500e+01,3.252500e+01,3.252500e+01,3.252500e+01,3.252500e+01,3.252500e+01,3.252500e+01,3.252500e+01,3.252500e+01,3.252500e+01,3.252500e+01,3.252500e+01,3.252500e+01,3.252500e+01,3.252500e+01,3.252500e+01,3.252500e+01,3.252500e+01,3.252500e+01,3.252500e+01,3.252500e+01,3.252500e+01,3.252500e+01,3.252500e+01,3.252500e+01,3.252500e+01,3.252500e+01,3.252500e+01,3.252500e+01,3.252500e+01,3.252500e+01,3.252500e+01,3.252500e+01,3.252500e+01,3.252500e+01,3.252500e+01,3.252500e+01,3.252500e+01,3.252500e+01,3.252500e+01,3.252500e+01,3.252500e+01,3.252500e+01,3.252500e+01,3.252500e+01,3.252500e+01,3.252500e+01,3.252500e+01,3.310838e+01,3.293796e+01,3.293796e+01,3.293796e+01,3.293796e+01,3.293796e+01,3.293796e+01,3.293796e+01,3.293796e+01,3.293796e+01,3.293796e+01,3.293796e+01,3.293796e+01,3.293796e+01,3.293796e+01,3.351909e+01,3.334933e+01,3.334933e+01,3.334933e+01,3.334933e+01,3.334933e+01,3.334933e+01,3.392823e+01,3.391415e+01,3.398454e+01,3.398454e+01,3.398454e+01,3.398454e+01,3.398454e+01,3.398454e+01,3.398454e+01,3.398454e+01,3.456003e+01,3.430776e+01,3.413924e+01,3.413924e+01,3.413924e+01,3.413924e+01,3.413924e+01,3.413924e+01,3.413924e+01,3.471391e+01,3.454603e+01,3.454603e+01,3.454603e+01,3.454603e+01,3.454603e+01,3.454603e+01,3.454603e+01,3.454603e+01,3.440593e+01,3.415330e+01,3.415330e+01,3.415330e+01,3.415330e+01,3.415330e+01,3.415330e+01,3.415330e+01,3.415330e+01,3.415330e+01,3.415330e+01,3.472789e+01,3.464399e+01,3.464399e+01,3.464399e+01,3.464399e+01,3.464399e+01,3.464399e+01,3.464399e+01,3.464399e+01,3.464399e+01,3.464399e+01,3.464399e+01,3.464399e+01,3.464399e+01,3.464399e+01,3.464399e+01,3.464399e+01,3.464399e+01,3.464399e+01,3.464399e+01,3.464399e+01,3.464399e+01,3.464399e+01,3.464399e+01,3.464399e+01,3.464399e+01,3.464399e+01,3.464399e+01,3.464399e+01,3.464399e+01,3.464399e+01,3.464399e+01,3.464399e+01,3.406895e+01,3.423758e+01,3.423758e+01,3.423758e+01,3.423758e+01,3.423758e+01,3.423758e+01,3.423758e+01,3.423758e+01,3.423758e+01,3.423758e+01,3.423758e+01,3.423758e+01,3.423758e+01,3.423758e+01,3.423758e+01,3.423758e+01,3.423758e+01,3.423758e+01,3.423758e+01,3.423758e+01,3.385780e+01,3.385780e+01,3.385780e+01,3.385780e+01,3.385780e+01,3.385780e+01,3.385780e+01,3.385780e+01,3.385780e+01,3.330685e+01,3.330685e+01,3.330685e+01,3.330685e+01,3.330685e+01,3.330685e+01,3.330685e+01,3.330685e+01,3.330685e+01,3.330685e+01,3.330685e+01,3.330685e+01,3.330685e+01,3.330685e+01,3.278151e+01,3.278151e+01,3.336349e+01,3.310838e+01,3.293796e+01,3.293796e+01,3.293796e+01,3.293796e+01,3.293796e+01,3.293796e+01,3.293796e+01,3.293796e+01,3.235364e+01,3.252500e+01,3.252500e+01,3.252500e+01,3.252500e+01,3.252500e+01,3.252500e+01,3.252500e+01,3.252500e+01,3.252500e+01,3.252500e+01,3.252500e+01,3.252500e+01,3.252500e+01,3.252500e+01,3.252500e+01,3.310838e+01,3.293796e+01,3.293796e+01,3.293796e+01,3.293796e+01,3.293796e+01,3.293796e+01,3.293796e+01,3.293796e+01,3.293796e+01,3.293796e+01,3.293796e+01,3.293796e+01,3.293796e+01,3.293796e+01,3.293796e+01,3.293796e+01,3.293796e+01,3.293796e+01,3.293796e+01,3.293796e+01,3.293796e+01,3.293796e+01,3.293796e+01,3.336349e+01,3.336349e+01,3.336349e+01,3.336349e+01,3.336349e+01,3.336349e+01,3.336349e+01,3.336349e+01,3.336349e+01,3.336349e+01,3.336349e+01,3.336349e+01,3.336349e+01,3.380142e+01,3.380142e+01,3.380142e+01,3.380142e+01,3.380142e+01,3.380142e+01,3.437789e+01,3.412519e+01,3.395639e+01,3.401268e+01,3.413924e+01,3.413924e+01,3.413924e+01,3.413924e+01,3.413924e+01,3.413924e+01,3.413924e+01,3.413924e+01,3.413924e+01,3.413924e+01,3.413924e+01,3.413924e+01,3.413924e+01,3.413924e+01,3.413924e+01,3.413924e+01,3.413924e+01,3.413924e+01,3.413924e+01,3.413924e+01,3.413924e+01,3.413924e+01,3.413924e+01,3.413924e+01,3.413924e+01,3.413924e+01,3.413924e+01,3.413924e+01,3.413924e+01,3.413924e+01,3.413924e+01,3.413924e+01,3.413924e+01,3.413924e+01,3.413924e+01,3.413924e+01,3.413924e+01,3.413924e+01,3.413924e+01,3.413924e+01,3.413924e+01,3.413924e+01,3.413924e+01,3.413924e+01,3.413924e+01,3.413924e+01,3.413924e+01,3.413924e+01,3.413924e+01,3.413924e+01,3.413924e+01,3.413924e+01,3.413924e+01,3.413924e+01,3.413924e+01,3.413924e+01,3.413924e+01,3.413924e+01,3.413924e+01,3.413924e+01,3.413924e+01,3.413924e+01,3.413924e+01,3.413924e+01,3.413924e+01,3.413924e+01,3.413924e+01,3.413924e+01,3.413924e+01,3.471391e+01,3.454603e+01,3.454603e+01,3.454603e+01,3.454603e+01,3.454603e+01,3.454603e+01,3.454603e+01,3.454603e+01,3.454603e+01,3.454603e+01,3.454603e+01,3.454603e+01,3.454603e+01,3.454603e+01,3.454603e+01,3.454603e+01,3.454603e+01,3.454603e+01,3.454603e+01,3.454603e+01,3.454603e+01,3.511855e+01,3.495129e+01,3.495129e+01,3.495129e+01,3.495129e+01,3.495129e+01,3.495129e+01,3.495129e+01,3.495129e+01,3.495129e+01,3.495129e+01,3.495129e+01,3.495129e+01
3.482569e+01,3.482569e+01,3.482569e+01,3.482569e+01,3.482569e+01,3.482569e+01,3.482569e+01,3.482569e+01,3.482569e+01,3.482569e+01,3.482569e+01,3.482569e+01,3.482569e+01,3.482569e+01,3.511855e+01,3.511855e+01,3.511855e+01,3.511855e+01,3.511855e+01,3.511855e+01,3.511855e+01,3.511855e+01,3.552167e+01,3.552167e+01,3.552167e+01,3.552167e+01,3.552167e+01,3.552167e+01,3.552167e+01,3.552167e+01,3.552167e+01,3.592331e+01,3.592331e+01,3.592331e+01,3.592331e+01,3.592331e+01,3.592331e+01,3.592331e+01,3.592331e+01,3.592331e+01,3.592331e+01,3.592331e+01,3.648863e+01,3.648863e+01,3.648863e+01,3.648863e+01,3.648863e+01,3.648863e+01,3.648863e+01,3.648863e+01,3.687303e+01,3.687303e+01,3.743349e+01,3.735165e+01,3.735165e+01,3.735165e+01,3.735165e+01,3.795042e+01,3.795042e+01,3.795042e+01,3.795042e+01,3.795042e+01,3.795042e+01,3.850547e+01,3.842442e+01,3.842442e+01,3.842442e+01,3.842442e+01,3.874828e+01,3.874828e+01,3.874828e+01,3.874828e+01,3.929938e+01,3.932619e+01,3.932619e+01,3.932619e+01,3.932619e+01,3.987447e+01,3.963409e+01,3.947355e+01,3.952709e+01,3.966082e+01,3.966082e+01,4.020747e+01,3.996781e+01,4.002111e+01,4.002111e+01,4.002111e+01,4.002111e+01,4.056602e+01,4.040681e+01,4.040681e+01,4.040681e+01,4.040681e+01,4.040681e+01,4.040681e+01,4.040681e+01,4.094987e+01,4.092345e+01,4.076473e+01,4.076473e+01,4.076473e+01,4.076473e+01,4.076473e+01,4.076473e+01,4.076473e+01,4.076473e+01,4.076473e+01,4.076473e+01,4.130609e+01,4.106874e+01,4.101593e+01,4.102913e+01,4.102913e+01,4.102913e+01,4.102913e+01,4.102913e+01,4.102913e+01,4.102913e+01,4.102913e+01,4.102913e+01,4.102913e+01,4.102913e+01,4.102913e+01,4.102913e+01,4.102913e+01,4.102913e+01,4.102913e+01,4.102913e+01,4.102913e+01,4.102913e+01,4.102913e+01,4.102913e+01,4.059254e+01,4.034040e+01,4.034040e+01,4.003443e+01,4.003443e+01,4.003443e+01,4.003443e+01,3.941999e+01,3.917863e+01,3.917863e+01,3.917863e+01,3.917863e+01,3.917863e+01,3.872132e+01,3.872132e+01,3.872132e+01,3.872132e+01,3.805894e+01,3.805894e+01,3.805894e+01,3.805894e+01,3.805894e+01,3.805894e+01,3.790970e+01,3.744713e+01,3.728341e+01,3.728341e+01,3.728341e+01,3.728341e+01,3.728341e+01,3.665354e+01,3.665354e+01,3.665354e+01,3.665354e+01,3.665354e+01,3.665354e+01,3.622702e+01,3.590948e+01,3.590948e+01,3.590948e+01,3.590948e+01,3.590948e+01,3.590948e+01,3.590948e+01,3.590948e+01,3.579882e+01,3.554942e+01,3.538283e+01,3.538283e+01,3.538283e+01,3.538283e+01,3.538283e+01,3.538283e+01,3.497919e+01,3.497919e+01,3.497919e+01,3.497919e+01,3.497919e+01,3.497919e+01,3.449002e+01,3.449002e+01,3.449002e+01,3.449002e+01,3.441995e+01,3.416735e+01,3.399862e+01,3.399862e+01,3.399862e+01,3.399862e+01,3.399862e+01,3.384371e+01,3.358974e+01,3.342010e+01,3.342010e+01,3.342010e+01,3.342010e+01,3.342010e+01,3.342010e+01,3.342010e+01,3.283843e+01,3.295218e+01,3.295218e+01,3.295218e+01,3.295218e+01,3.295218e+01,3.295218e+01,3.295218e+01,3.295218e+01,3.295218e+01,3.295218e+01,3.235364e+01,3.235364e+01,3.235364e+01,3.235364e+01,3.235364e+01,3.235364e+01,3.235364e+01,3.235364e+01,3.235364e+01,3.235364e+01,3.235364e+01,3.235364e+01,3.235364e+01,3.235364e+01,3.235364e+01,3.235364e+01,3.235364e+01,3.235364e+01,3.235364e+01,3.235364e+01,3.235364e+01,3.235364e+01,3.235364e+01,3.269607e+01,3.269607e+01,3.269607e+01,3.269607e+01,3.269607e+01,3.269607e+01,3.269607e+01,3.269607e+01,3.269607e+01,3.269607e+01,3.269607e+01,3.269607e+01,3.269607e+01,3.269607e+01,3.269607e+01,3.269607e+01,3.269607e+01,3.269607e+01,3.269607e+01,3.269607e+01,3.269607e+01,3.269607e+01,3.269607e+01,3.269607e+01,3.269607e+01,3.269607e+01,3.269607e+01,3.269607e+01,3.269607e+01,3.269607e+01,3.269607e+01,3.269607e+01,3.269607e+01,3.269607e+01,3.269607e+01,3.269607e+01,3.269607e+01,3.269607e+01,3.269607e+01,3.269607e+01,3.269607e+01,3.269607e+01,3.269607e+01,3.269607e+01,3.269607e+01,3.269607e+01,3.269607e+01,3.269607e+01,3.269607e+01,3.269607e+01,3.269607e+01,3.269607e+01,3.269607e+01,3.269607e+01,3.269607e+01,3.269607e+01,3.269607e+01,3.269607e+01,3.269607e+01,3.269607e+01,3.269607e+01,3.269607e+01,3.269607e+01,3.269607e+01,3.269607e+01,3.269607e+01,3.269607e+01,3.269607e+01,3.269607e+01,3.269607e+01,3.269607e+01,3.269607e+01,3.269607e+01,3.269607e+01,3.269607e+01,3.269607e+01,3.327852e+01,3.319348e+01,3.261057e+01,3.278151e+01,3.278151e+01,3.278151e+01,3.278151e+01,3.336349e+01,3.319348e+01,3.319348e+01,3.319348e+01,3.319348e+01,3.319348e+01,3.319348e+01,3.319348e+01,3.319348e+01,3.319348e+01,3.319348e+01,3.319348e+01,3.377322e+01,3.360387e+01,3.360387e+01,3.360387e+01,3.360387e+01,3.391415e+01,3.391415e+01,3.391415e+01,3.391415e+01,3.391415e+01,3.391415e+01,3.449002e+01,3.423758e+01,3.429372e+01,3.437789e+01,3.437789e+01,3.437789e+01,3.437789e+01,3.437789e+01,3.437789e+01,3.437789e+01,3.437789e+01,3.437789e+01,3.437789e+01,3.437789e+01,3.437789e+01,3.437789e+01,3.437789e+01,3.437789e+01,3.437789e+01,3.437789e+01,3.437789e+01,3.437789e+01,3.437789e+01,3.437789e+01,3.437789e+01,3.437789e+01,3.437789e+01,3.437789e+01,3.437789e+01,3.437789e+01,3.437789e+01,3.437789e+01,3.437789e+01,3.437789e+01,3.437789e+01,3.437789e+01,3.437789e+01,3.437789e+01,3.495129e+01,3.478378e+01,3.478378e+01,3.478378e+01,3.478378e+01,3.478378e+01,3.478378e+01,3.478378e+01,3.478378e+01,3.478378e+01,3.478378e+01,3.478378e+01,3.478378e+01,3.478378e+01,3.478378e+01,3.478378e+01,3.478378e+01,3.478378e+01,3.478378e+01,3.478378e+01,3.478378e+01,3.478378e+01,3.478378e+01,3.478378e+01,3.420949e+01,3.437789e+01,3.432179e+01,3.425162e+01,3.425162e+01,3.425162e+01,3.425162e+01,3.425162e+01,3.425162e+01,3.425162e+01,3.425162e+01,3.425162e+01,3.425162e+01,3.425162e+01,3.425162e+01,3.425162e+01,3.425162e+01,3.425162e+01,3.425162e+01,3.425162e+01,3.425162e+01,3.425162e+01,3.425162e+01,3.425162e+01,3.425162e+01,3.425162e+01,3.385780e+01,3.385780e+01,3.385780e+01,3.385780e+01,3.385780e+01,3.385780e+01,3.385780e+01,3.385780e+01,3.385780e+01,3.385780e+01,3.385780e+01,3.385780e+01,3.330685e+01,3.330685e+01,3.330685e+01,3.330685e+01,3.330685e+01,3.330685e+01,3.330685e+01,3.330685e+01,3.330685e+01,3.330685e+01,3.330685e+01,3.330685e+01,3.330685e+01,3.293796e+01,3.293796e+01,3.293796e+01,3.293796e+01,3.293796e+01,3.293796e+01,3.293796e+01,3.293796e+01,3.293796e+01,3.293796e+01,3.252500e+01,3.252500e+01,3.310838e+01,3.285265e+01,3.268183e+01,3.268183e+01,3.268183e+01,3.268183e+01,3.268183e+01,3.268183e+01,3.268183e+01,3.268183e+01,3.268183e+01,3.268183e+01,3.268183e+01,3.268183e+01,3.268183e+01,3.268183e+01,3.268183e+01,3.268183e+01,3.268183e+01,3.268183e+01,3.268183e+01,3.268183e+01,3.268183e+01,3.268183e+01,3.268183e+01,3.268183e+01,3.268183e+01,3.268183e+01,3.268183e+01,3.326435e+01,3.309418e+01,3.309418e+01,3.309418e+01,3.309418e+01,3.309418e+01,3.309418e+01,3.309418e+01,3.309418e+01,3.309418e+01,3.309418e+01,3.367447e+01,3.350495e+01,3.350495e+01,3.350495e+01,3.350495e+01,3.350495e+01,3.350495e+01,3.350495e+01,3.350495e+01,3.350495e+01,3.380142e+01,3.380142e+01,3.380142e+01,3.380142e+01,3.437789e+01,3.429372e+01,3.429372e+01,3.429372e+01,3.429372e+01,3.429372e+01,3.429372e+01,3.429372e+01,3.429372e+01,3.429372e+01,3.429372e+01,3.429372e+01,3.429372e+01,3.429372e+01,3.429372e+01,3.429372e+01,3.429372e+01,3.429372e+01,3.429372e+01,3.429372e+01,3.429372e+01,3.429372e+01,3.429372e+01,3.429372e+01,3.429372e+01,3.429372e+01,3.429372e+01,3.429372e+01,3.429372e+01,3.429372e+01,3.429372e+01,3.429372e+01,3.429372e+01,3.429372e+01,3.429372e+01,3.429372e+01,3.429372e+01,3.429372e+01,3.429372e+01,3.429372e+01,3.429372e+01,3.429372e+01,3.429372e+01,3.429372e+01,3.429372e+01,3.429372e+01,3.429372e+01,3.429372e+01,3.429372e+01,3.429372e+01,3.429372e+01,3.429372e+01,3.429372e+01,3.429372e+01,3.429372e+01,3.429372e+01,3.429372e+01,3.429372e+01,3.429372e+01,3.429372e+01,3.429372e+01,3.429372e+01,3.429372e+01,3.429372e+01,3.429372e+01,3.429372e+01,3.429372e+01,3.429372e+01,3.429372e+01,3.429372e+01,3.429372e+01,3.429372e+01,3.429372e+01,3.429372e+01,3.429372e+01,3.429372e+01,3.429372e+01,3.429372e+01,3.429372e+01,3.429372e+01,3.429372e+01,3.486757e+01,3.469993e+01,3.469993e+01,3.469993e+01,3.469993e+01,3.469993e+01,3.469993e+01,3.469993e+01,3.469993e+01,3.469993e+01,3.469993e+01,3.469993e+01,3.469993e+01,3.469993e+01,3.469993e+01,3.469993e+01,3.469993e+01,3.469993e+01,3.469993e+01,3.469993e+01,3.527163e+01,3.510462e+01,3.510462e+01,3.510462e+01,3.510462e+01,3.510462e+01,3.510462e+01,3.510462e+01
3.482569e+01,3.482569e+01,3.482569e+01,3.482569e+01,3.482569e+01,3.482569e+01,3.482569e+01,3.482569e+01,3.482569e+01,3.482569e+01,3.482569e+01,3.482569e+01,3.482569e+01,3.482569e+01,3.482569e+01,3.511855e+01,3.511855e+01,3.511855e+01,3.511855e+01,3.511855e+01,3.511855e+01,3.511855e+01,3.511855e+01,3.552167e+01,3.552167e+01,3.552167e+01,3.552167e+01,3.552167e+01,3.552167e+01,3.552167e+01,3.552167e+01,3.552167e+01,3.592331e+01,3.592331e+01,3.592331e+01,3.592331e+01,3.592331e+01,3.592331e+01,3.592331e+01,3.592331e+01,3.592331e+01,3.592331e+01,3.592331e+01,3.648863e+01,3.648863e+01,3.648863e+01,3.648863e+01,3.648863e+01,3.648863e+01,3.705105e+01,3.702368e+01,3.707841e+01,3.720145e+01,3.720145e+01,3.720145e+01,3.720145e+01,3.776026e+01,3.777385e+01,3.777385e+01,3.777385e+01,3.777385e+01,3.832978e+01,3.831625e+01,3.832978e+01,3.832978e+01,3.888294e+01,3.864043e+01,3.864043e+01,3.866740e+01,3.866740e+01,3.921890e+01,3.916521e+01,3.912493e+01,3.967419e+01,3.951371e+01,3.951371e+01,3.951371e+01,3.951371e+01,3.951371e+01,4.006107e+01,3.982109e+01,3.966082e+01,4.026067e+01,4.018087e+01,4.018087e+01,4.018087e+01,4.018087e+01,4.018087e+01,4.072502e+01,4.064555e+01,4.064555e+01,4.064555e+01,4.064555e+01,4.064555e+01,4.064555e+01,4.064555e+01,4.064555e+01,4.094987e+01,4.094987e+01,4.094987e+01,4.094987e+01,4.094987e+01,4.094987e+01,4.094987e+01,4.094987e+01,4.094987e+01,4.094987e+01,4.094987e+01,4.149036e+01,4.141142e+01,4.141142e+01,4.141142e+01,4.141142e+01,4.141142e+01,4.102913e+01,4.102913e+01,4.102913e+01,4.102913e+01,4.102913e+01,4.102913e+01,4.102913e+01,4.102913e+01,4.102913e+01,4.102913e+01,4.156924e+01,4.133244e+01,4.117429e+01,4.117429e+01,4.117429e+01,4.117429e+01,4.117429e+01,4.117429e+01,4.117429e+01,4.117429e+01,4.088379e+01,4.031383e+01,4.065880e+01,4.042009e+01,4.026067e+01,4.019417e+01,3.980775e+01,3.940659e+01,3.940659e+01,3.940659e+01,3.940659e+01,3.885602e+01,3.889640e+01,3.889640e+01,3.889640e+01,3.889640e+01,3.889640e+01,3.861345e+01,3.837035e+01,3.820798e+01,3.820798e+01,3.820798e+01,3.820798e+01,3.820798e+01,3.784180e+01,3.759700e+01,3.743349e+01,3.743349e+01,3.743349e+01,3.743349e+01,3.721512e+01,3.696893e+01,3.680449e+01,3.680449e+01,3.680449e+01,3.680449e+01,3.647488e+01,3.622702e+01,3.606146e+01,3.606146e+01,3.606146e+01,3.606146e+01,3.606146e+01,3.606146e+01,3.606146e+01,3.606146e+01,3.606146e+01,3.606146e+01,3.606146e+01,3.595095e+01,3.570190e+01,3.570190e+01,3.529944e+01,3.513247e+01,3.513247e+01,3.513247e+01,3.513247e+01,3.513247e+01,3.506282e+01,3.481172e+01,3.464399e+01,3.464399e+01,3.464399e+01,3.464399e+01,3.399862e+01,3.399862e+01,3.399862e+01,3.399862e+01,3.399862e+01,3.399862e+01,3.399862e+01,3.399862e+01,3.399862e+01,3.342010e+01,3.399862e+01,3.374501e+01,3.357561e+01,3.350495e+01,3.374501e+01,3.349081e+01,3.323601e+01,3.323601e+01,3.323601e+01,3.323601e+01,3.323601e+01,3.323601e+01,3.323601e+01,3.265333e+01,3.266758e+01,3.319348e+01,3.293796e+01,3.268183e+01,3.251073e+01,3.251073e+01,3.251073e+01,3.251073e+01,3.251073e+01,3.251073e+01,3.309418e+01,3.283843e+01,3.258205e+01,3.258205e+01,3.258205e+01,3.258205e+01,3.258205e+01,3.258205e+01,3.258205e+01,3.258205e+01,3.258205e+01,3.258205e+01,3.258205e+01,3.258205e+01,3.258205e+01,3.258205e+01,3.258205e+01,3.258205e+01,3.258205e+01,3.258205e+01,3.258205e+01,3.258205e+01,3.258205e+01,3.258205e+01,3.258205e+01,3.258205e+01,3.258205e+01,3.258205e+01,3.258205e+01,3.258205e+01,3.258205e+01,3.258205e+01,3.258205e+01,3.258205e+01,3.258205e+01,3.258205e+01,3.258205e+01,3.258205e+01,3.258205e+01,3.258205e+01,3.258205e+01,3.258205e+01,3.258205e+01,3.258205e+01,3.258205e+01,3.258205e+01,3.258205e+01,3.258205e+01,3.258205e+01,3.258205e+01,3.258205e+01,3.258205e+01,3.258205e+01,3.258205e+01,3.258205e+01,3.258205e+01,3.258205e+01,3.258205e+01,3.258205e+01,3.258205e+01,3.258205e+01,3.258205e+01,3.258205e+01,3.258205e+01,3.258205e+01,3.258205e+01,3.258205e+01,3.258205e+01,3.258205e+01,3.258205e+01,3.258205e+01,3.258205e+01,3.258205e+01,3.258205e+01,3.258205e+01,3.258205e+01,3.258205e+01,3.258205e+01,3.258205e+01,3.258205e+01,3.258205e+01,3.258205e+01,3.258205e+01,3.258205e+01,3.316512e+01,3.290953e+01,3.290953e+01,3.290953e+01,3.290953e+01,3.290953e+01,3.290953e+01,3.290953e+01,3.290953e+01,3.290953e+01,3.290953e+01,3.290953e+01,3.290953e+01,3.290953e+01,3.290953e+01,3.290953e+01,3.290953e+01,3.290953e+01,3.290953e+01,3.349081e+01,3.332101e+01,3.332101e+01,3.332101e+01,3.332101e+01,3.332101e+01,3.332101e+01,3.390006e+01,3.373091e+01,3.373091e+01,3.373091e+01,3.373091e+01,3.430776e+01,3.413924e+01,3.413924e+01,3.413924e+01,3.413924e+01,3.413924e+01,3.413924e+01,3.413924e+01,3.471391e+01,3.454603e+01,3.454603e+01,3.454603e+01,3.454603e+01,3.454603e+01,3.454603e+01,3.454603e+01,3.454603e+01,3.454603e+01,3.454603e+01,3.454603e+01,3.454603e+01,3.454603e+01,3.454603e+01,3.454603e+01,3.454603e+01,3.454603e+01,3.454603e+01,3.454603e+01,3.454603e+01,3.454603e+01,3.454603e+01,3.454603e+01,3.454603e+01,3.454603e+01,3.454603e+01,3.454603e+01,3.454603e+01,3.454603e+01,3.454603e+01,3.454603e+01,3.454603e+01,3.454603e+01,3.454603e+01,3.454603e+01,3.511855e+01,3.495129e+01,3.495129e+01,3.495129e+01,3.495129e+01,3.495129e+01,3.495129e+01,3.495129e+01,3.495129e+01,3.495129e+01,3.495129e+01,3.495129e+01,3.495129e+01,3.495129e+01,3.495129e+01,3.495129e+01,3.495129e+01,3.495129e+01,3.437789e+01,3.454603e+01,3.454603e+01,3.454603e+01,3.454603e+01,3.454603e+01,3.454603e+01,3.454603e+01,3.454603e+01,3.454603e+01,3.454603e+01,3.454603e+01,3.454603e+01,3.454603e+01,3.454603e+01,3.454603e+01,3.454603e+01,3.454603e+01,3.454603e+01,3.454603e+01,3.454603e+01,3.454603e+01,3.454603e+01,3.454603e+01,3.454603e+01,3.454603e+01,3.454603e+01,3.454603e+01,3.425162e+01,3.425162e+01,3.425162e+01,3.425162e+01,3.425162e+01,3.425162e+01,3.385780e+01,3.385780e+01,3.385780e+01,3.385780e+01,3.385780e+01,3.385780e+01,3.385780e+01,3.385780e+01,3.385780e+01,3.385780e+01,3.330685e+01,3.330685e+01,3.330685e+01,3.330685e+01,3.330685e+01,3.330685e+01,3.330685e+01,3.330685e+01,3.330685e+01,3.330685e+01,3.330685e+01,3.330685e+01,3.330685e+01,3.330685e+01,3.330685e+01,3.330685e+01,3.330685e+01,3.293796e+01,3.293796e+01,3.293796e+01,3.293796e+01,3.293796e+01,3.293796e+01,3.293796e+01,3.293796e+01,3.293796e+01,3.293796e+01,3.293796e+01,3.293796e+01,3.293796e+01,3.293796e+01,3.293796e+01,3.293796e+01,3.293796e+01,3.293796e+01,3.293796e+01,3.293796e+01,3.293796e+01,3.293796e+01,3.293796e+01,3.293796e+01,3.293796e+01,3.293796e+01,3.293796e+01,3.293796e+01,3.293796e+01,3.293796e+01,3.293796e+01,3.293796e+01,3.293796e+01,3.293796e+01,3.293796e+01,3.293796e+01,3.293796e+01,3.293796e+01,3.293796e+01,3.293796e+01,3.293796e+01,3.351909e+01,3.334933e+01,3.334933e+01,3.334933e+01,3.334933e+01,3.334933e+01,3.334933e+01,3.334933e+01,3.334933e+01,3.334933e+01,3.392823e+01,3.375912e+01,3.375912e+01,3.375912e+01,3.375912e+01,3.375912e+01,3.375912e+01,3.375912e+01,3.375912e+01,3.433582e+01,3.429372e+01,3.429372e+01,3.429372e+01,3.429372e+01,3.429372e+01,3.429372e+01,3.429372e+01,3.429372e+01,3.429372e+01,3.429372e+01,3.429372e+01,3.429372e+01,3.429372e+01,3.429372e+01,3.429372e+01,3.429372e+01,3.429372e+01,3.429372e+01,3.429372e+01,3.429372e+01,3.429372e+01,3.429372e+01,3.429372e+01,3.429372e+01,3.429372e+01,3.429372e+01,3.429372e+01,3.429372e+01,3.429372e+01,3.429372e+01,3.429372e+01,3.429372e+01,3.429372e+01,3.429372e+01,3.429372e+01,3.429372e+01,3.429372e+01,3.429372e+01,3.429372e+01,3.429372e+01,3.429372e+01,3.429372e+01,3.429372e+01,3.429372e+01,3.429372e+01,3.429372e+01,3.429372e+01,3.429372e+01,3.429372e+01,3.429372e+01,3.429372e+01,3.429372e+01,3.429372e+01,3.429372e+01,3.429372e+01,3.429372e+01,3.429372e+01,3.429372e+01,3.429372e+01,3.429372e+01,3.429372e+01,3.429372e+01,3.429372e+01,3.429372e+01,3.429372e+01,3.429372e+01,3.429372e+01,3.429372e+01,3.429372e+01,3.429372e+01,3.429372e+01,3.429372e+01,3.429372e+01,3.429372e+01,3.429372e+01,3.429372e+01,3.429372e+01,3.429372e+01,3.429372e+01,3.429372e+01,3.429372e+01,3.486757e+01,3.429372e+01,3.446200e+01,3.446200e+01,3.446200e+01,3.446200e+01,3.503495e+01,3.486757e+01,3.486757e+01,3.486757e+01,3.486757e+01,3.486757e+01,3.486757e+01,3.486757e+01,3.486757e+01,3.486757e+01,3.486757e+01,3.486757e+01,3.486757e+01,3.486757e+01,3.486757e+01,3.486757e+01,3.486757e+01,3.486757e+01,3.486757e+01,3.543839e+01,3.527163e+01,3.527163e+01
3.482569e+01,3.482569e+01,3.482569e+01,3.482569e+01,3.482569e+01,3.482569e+01,3.482569e+01,3.482569e+01,3.482569e+01,3.482569e+01,3.482569e+01,3.482569e+01,3.482569e+01,3.482569e+01,3.482569e+01,3.482569e+01,3.482569e+01,3.511855e+01,3.511855e+01,3.511855e+01,3.511855e+01,3.511855e+01,3.511855e+01,3.552167e+01,3.552167e+01,3.552167e+01,3.552167e+01,3.552167e+01,3.552167e+01,3.552167e+01,3.552167e+01,3.552167e+01,3.592331e+01,3.592331e+01,3.592331e+01,3.592331e+01,3.592331e+01,3.592331e+01,3.592331e+01,3.592331e+01,3.592331e+01,3.592331e+01,3.648863e+01,3.640608e+01,3.640608e+01,3.640608e+01,3.640608e+01,3.640608e+01,3.640608e+01,3.648863e+01,3.673590e+01,3.695523e+01,3.695523e+01,3.751528e+01,3.735165e+01,3.741986e+01,3.751528e+01,3.751528e+01,3.751528e+01,3.807250e+01,3.805894e+01,3.815381e+01,3.815381e+01,3.870784e+01,3.869437e+01,3.870784e+01,3.870784e+01,3.870784e+01,3.925914e+01,3.920548e+01,3.913836e+01,3.913836e+01,3.968755e+01,3.960735e+01,3.960735e+01,3.960735e+01,4.015426e+01,3.991448e+01,3.990114e+01,3.988781e+01,3.988781e+01,3.988781e+01,4.026067e+01,4.026067e+01,4.026067e+01,4.026067e+01,4.080443e+01,4.075150e+01,4.067204e+01,4.067204e+01,4.067204e+01,4.067204e+01,4.067204e+01,4.067204e+01,4.121385e+01,4.097630e+01,4.094987e+01,4.091023e+01,4.091023e+01,4.091023e+01,4.091023e+01,4.145090e+01,4.121385e+01,4.121385e+01,4.121385e+01,4.121385e+01,4.121385e+01,4.175309e+01,4.167433e+01,4.167433e+01,4.167433e+01,4.167433e+01,4.167433e+01,4.167433e+01,4.102913e+01,4.156924e+01,4.133244e+01,4.117429e+01,4.171371e+01,4.147721e+01,4.124021e+01,4.124021e+01,4.124021e+01,4.124021e+01,4.124021e+01,4.124021e+01,4.124021e+01,4.124021e+01,4.124021e+01,4.124021e+01,4.124021e+01,4.124021e+01,4.124021e+01,4.124021e+01,4.088379e+01,4.088379e+01,4.085734e+01,4.085734e+01,4.026067e+01,4.019417e+01,3.980775e+01,4.003443e+01,3.979440e+01,3.963409e+01,3.956723e+01,3.925914e+01,3.909807e+01,3.909807e+01,3.909807e+01,3.909807e+01,3.909807e+01,3.909807e+01,3.892331e+01,3.851897e+01,3.835683e+01,3.835683e+01,3.835683e+01,3.835683e+01,3.835683e+01,3.815381e+01,3.774666e+01,3.758338e+01,3.758338e+01,3.758338e+01,3.758338e+01,3.758338e+01,3.758338e+01,3.736530e+01,3.711944e+01,3.711944e+01,3.679078e+01,3.637855e+01,3.662607e+01,3.637855e+01,3.677706e+01,3.652988e+01,3.628214e+01,3.628214e+01,3.628214e+01,3.628214e+01,3.628214e+01,3.628214e+01,3.628214e+01,3.628214e+01,3.570190e+01,3.570190e+01,3.539672e+01,3.539672e+01,3.539672e+01,3.539672e+01,3.539672e+01,3.539672e+01,3.539672e+01,3.481172e+01,3.538283e+01,3.513247e+01,3.488153e+01,3.481172e+01,3.441995e+01,3.425162e+01,3.425162e+01,3.425162e+01,3.425162e+01,3.425162e+01,3.425162e+01,3.425162e+01,3.425162e+01,3.425162e+01,3.425162e+01,3.425162e+01,3.425162e+01,3.408302e+01,3.382962e+01,3.382962e+01,3.382962e+01,3.323601e+01,3.323601e+01,3.323601e+01,3.323601e+01,3.323601e+01,3.323601e+01,3.265333e+01,3.273880e+01,3.351909e+01,3.309418e+01,3.309418e+01,3.309418e+01,3.309418e+01,3.309418e+01,3.309418e+01,3.309418e+01,3.309418e+01,3.309418e+01,3.309418e+01,3.309418e+01,3.309418e+01,3.309418e+01,3.309418e+01,3.258205e+01,3.258205e+01,3.258205e+01,3.316512e+01,3.290953e+01,3.273880e+01,3.273880e+01,3.273880e+01,3.273880e+01,3.332101e+01,3.306580e+01,3.280997e+01,3.280997e+01,3.280997e+01,3.280997e+01,3.280997e+01,3.280997e+01,3.280997e+01,3.280997e+01,3.280997e+01,3.280997e+01,3.280997e+01,3.280997e+01,3.280997e+01,3.280997e+01,3.280997e+01,3.280997e+01,3.280997e+01,3.280997e+01,3.280997e+01,3.280997e+01,3.280997e+01,3.280997e+01,3.280997e+01,3.280997e+01,3.280997e+01,3.280997e+01,3.280997e+01,3.280997e+01,3.280997e+01,3.280997e+01,3.280997e+01,3.280997e+01,3.280997e+01,3.280997e+01,3.280997e+01,3.280997e+01,3.280997e+01,3.280997e+01,3.280997e+01,3.280997e+01,3.280997e+01,3.280997e+01,3.280997e+01,3.280997e+01,3.280997e+01,3.280997e+01,3.339180e+01,3.313675e+01,3.288110e+01,3.271032e+01,3.271032e+01,3.271032e+01,3.271032e+01,3.271032e+01,3.329268e+01,3.303740e+01,3.286687e+01,3.286687e+01,3.228216e+01,3.245363e+01,3.245363e+01,3.245363e+01,3.245363e+01,3.245363e+01,3.245363e+01,3.245363e+01,3.245363e+01,3.245363e+01,3.290953e+01,3.290953e+01,3.290953e+01,3.290953e+01,3.290953e+01,3.290953e+01,3.290953e+01,3.290953e+01,3.290953e+01,3.290953e+01,3.349081e+01,3.323601e+01,3.306580e+01,3.306580e+01,3.306580e+01,3.306580e+01,3.306580e+01,3.306580e+01,3.306580e+01,3.306580e+01,3.306580e+01,3.306580e+01,3.306580e+01,3.364623e+01,3.363211e+01,3.371680e+01,3.371680e+01,3.371680e+01,3.371680e+01,3.371680e+01,3.430776e+01,3.430776e+01,3.430776e+01,3.430776e+01,3.430776e+01,3.430776e+01,3.430776e+01,3.430776e+01,3.430776e+01,3.430776e+01,3.488153e+01,3.471391e+01,3.471391e+01,3.471391e+01,3.471391e+01,3.471391e+01,3.471391e+01,3.471391e+01,3.471391e+01,3.471391e+01,3.471391e+01,3.471391e+01,3.471391e+01,3.471391e+01,3.471391e+01,3.471391e+01,3.471391e+01,3.471391e+01,3.471391e+01,3.471391e+01,3.471391e+01,3.471391e+01,3.471391e+01,3.471391e+01,3.471391e+01,3.471391e+01,3.471391e+01,3.471391e+01,3.471391e+01,3.471391e+01,3.471391e+01,3.471391e+01,3.528554e+01,3.465798e+01,3.486757e+01,3.486757e+01,3.486757e+01,3.486757e+01,3.486757e+01,3.486757e+01,3.486757e+01,3.486757e+01,3.486757e+01,3.486757e+01,3.486757e+01,3.486757e+01,3.486757e+01,3.486757e+01,3.486757e+01,3.486757e+01,3.486757e+01,3.486757e+01,3.486757e+01,3.486757e+01,3.486757e+01,3.486757e+01,3.486757e+01,3.486757e+01,3.454603e+01,3.454603e+01,3.454603e+01,3.454603e+01,3.454603e+01,3.454603e+01,3.454603e+01,3.454603e+01,3.454603e+01,3.454603e+01,3.454603e+01,3.454603e+01,3.454603e+01,3.454603e+01,3.454603e+01,3.454603e+01,3.454603e+01,3.454603e+01,3.454603e+01,3.454603e+01,3.454603e+01,3.454603e+01,3.454603e+01,3.454603e+01,3.454603e+01,3.454603e+01,3.425162e+01,3.425162e+01,3.395639e+01,3.395639e+01,3.395639e+01,3.395639e+01,3.395639e+01,3.395639e+01,3.395639e+01,3.395639e+01,3.395639e+01,3.395639e+01,3.330685e+01,3.330685e+01,3.330685e+01,3.388598e+01,3.363211e+01,3.346253e+01,3.346253e+01,3.346253e+01,3.346253e+01,3.346253e+01,3.346253e+01,3.346253e+01,3.288110e+01,3.305160e+01,3.305160e+01,3.305160e+01,3.305160e+01,3.305160e+01,3.305160e+01,3.305160e+01,3.305160e+01,3.305160e+01,3.305160e+01,3.305160e+01,3.305160e+01,3.305160e+01,3.246791e+01,3.272456e+01,3.272456e+01,3.272456e+01,3.272456e+01,3.272456e+01,3.272456e+01,3.272456e+01,3.272456e+01,3.272456e+01,3.272456e+01,3.272456e+01,3.272456e+01,3.330685e+01,3.313675e+01,3.313675e+01,3.313675e+01,3.313675e+01,3.313675e+01,3.313675e+01,3.313675e+01,3.313675e+01,3.313675e+01,3.313675e+01,3.313675e+01,3.313675e+01,3.313675e+01,3.313675e+01,3.313675e+01,3.313675e+01,3.313675e+01,3.313675e+01,3.313675e+01,3.313675e+01,3.313675e+01,3.313675e+01,3.371680e+01,3.354736e+01,3.354736e+01,3.354736e+01,3.354736e+01,3.354736e+01,3.354736e+01,3.354736e+01,3.354736e+01,3.354736e+01,3.354736e+01,3.412519e+01,3.395639e+01,3.395639e+01,3.395639e+01,3.395639e+01,3.395639e+01,3.395639e+01,3.395639e+01,3.395639e+01,3.429372e+01,3.429372e+01,3.429372e+01,3.429372e+01,3.429372e+01,3.429372e+01,3.429372e+01,3.429372e+01,3.429372e+01,3.429372e+01,3.429372e+01,3.429372e+01,3.429372e+01,3.429372e+01,3.429372e+01,3.429372e+01,3.429372e+01,3.429372e+01,3.429372e+01,3.429372e+01,3.429372e+01,3.429372e+01,3.429372e+01,3.429372e+01,3.429372e+01,3.429372e+01,3.429372e+01,3.429372e+01,3.429372e+01,3.429372e+01,3.429372e+01,3.429372e+01,3.429372e+01,3.429372e+01,3.429372e+01,3.429372e+01,3.429372e+01,3.429372e+01,3.429372e+01,3.429372e+01,3.429372e+01,3.429372e+01,3.429372e+01,3.429372e+01,3.429372e+01,3.429372e+01,3.429372e+01,3.429372e+01,3.429372e+01,3.429372e+01,3.429372e+01,3.429372e+01,3.429372e+01,3.429372e+01,3.429372e+01,3.429372e+01,3.429372e+01,3.429372e+01,3.429372e+01,3.429372e+01,3.429372e+01,3.429372e+01,3.429372e+01,3.429372e+01,3.429372e+01,3.429372e+01,3.429372e+01,3.429372e+01,3.429372e+01,3.429372e+01,3.429372e+01,3.429372e+01,3.429372e+01,3.429372e+01,3.429372e+01,3.486757e+01,3.481172e+01,3.483965e+01,3.454603e+01,3.454603e+01,3.454603e+01,3.454603e+01,3.454603e+01,3.454603e+01,3.454603e+01,3.454603e+01,3.454603e+01,3.486757e+01,3.486757e+01,3.486757e+01,3.486757e+01,3.486757e+01,3.486757e+01,3.486757e+01,3.486757e+01,3.486757e+01,3.486757e+01,3.486757e+01,3.486757e+01,3.486757e+01,3.486757e+01,3.543839e+01,3.535504e+01,3.535504e+01,3.535504e+01
3.482569e+01,3.482569e+01,3.482569e+01,3.482569e+01,3.482569e+01,3.482569e+01,3.482569e+01,3.482569e+01,3.482569e+01,3.482569e+01,3.482569e+01,3.482569e+01,3.482569e+01,3.482569e+01,3.482569e+01,3.482569e+01,3.482569e+01,3.482569e+01,3.511855e+01,3.511855e+01,3.511855e+01,3.511855e+01,3.511855e+01,3.552167e+01,3.552167e+01,3.552167e+01,3.552167e+01,3.552167e+01,3.552167e+01,3.552167e+01,3.552167e+01,3.608907e+01,3.606146e+01,3.606146e+01,3.606146e+01,3.606146e+01,3.606146e+01,3.606146e+01,3.606146e+01,3.606146e+01,3.606146e+01,3.606146e+01,3.606146e+01,3.606146e+01,3.606146e+01,3.606146e+01,3.640608e+01,3.640608e+01,3.640608e+01,3.696893e+01,3.672218e+01,3.728341e+01,3.726975e+01,3.733801e+01,3.733801e+01,3.733801e+01,3.789612e+01,3.773306e+01,3.780103e+01,3.789612e+01,3.845144e+01,3.828920e+01,3.835683e+01,3.846495e+01,3.846495e+01,3.901744e+01,3.885602e+01,3.892331e+01,3.901744e+01,3.956723e+01,3.933960e+01,3.940659e+01,3.944677e+01,3.944677e+01,3.999446e+01,3.998114e+01,3.998114e+01,3.998114e+01,3.998114e+01,3.998114e+01,3.998114e+01,4.052624e+01,4.049971e+01,4.049971e+01,4.049971e+01,4.049971e+01,4.049971e+01,4.049971e+01,4.104234e+01,4.088379e+01,4.088379e+01,4.088379e+01,4.088379e+01,4.088379e+01,4.088379e+01,4.088379e+01,4.142458e+01,4.168746e+01,4.146405e+01,4.124021e+01,4.122703e+01,4.127974e+01,4.127974e+01,4.127974e+01,4.181867e+01,4.159552e+01,4.158238e+01,4.158238e+01,4.158238e+01,4.158238e+01,4.158238e+01,4.158238e+01,4.158238e+01,4.158238e+01,4.158238e+01,4.158238e+01,4.158238e+01,4.158238e+01,4.158238e+01,4.158238e+01,4.158238e+01,4.158238e+01,4.158238e+01,4.158238e+01,4.158238e+01,4.158238e+01,4.158238e+01,4.158238e+01,4.158238e+01,4.158238e+01,4.158238e+01,4.124021e+01,4.124021e+01,4.124021e+01,4.124021e+01,4.124021e+01,4.085734e+01,4.079120e+01,4.049971e+01,4.043336e+01,4.014095e+01,3.998114e+01,3.998114e+01,3.998114e+01,3.956723e+01,3.935300e+01,3.935300e+01,3.935300e+01,3.935300e+01,3.935300e+01,3.935300e+01,3.935300e+01,3.892331e+01,3.916521e+01,3.877522e+01,3.861345e+01,3.861345e+01,3.861345e+01,3.861345e+01,3.815381e+01,3.841090e+01,3.801826e+01,3.785538e+01,3.785538e+01,3.785538e+01,3.785538e+01,3.785538e+01,3.736530e+01,3.736530e+01,3.736530e+01,3.736530e+01,3.736530e+01,3.718779e+01,3.690044e+01,3.687303e+01,3.687303e+01,3.687303e+01,3.687303e+01,3.687303e+01,3.687303e+01,3.687303e+01,3.628214e+01,3.628214e+01,3.628214e+01,3.628214e+01,3.628214e+01,3.628214e+01,3.628214e+01,3.628214e+01,3.628214e+01,3.628214e+01,3.596477e+01,3.595095e+01,3.593713e+01,3.585417e+01,3.536894e+01,3.536894e+01,3.536894e+01,3.536894e+01,3.482569e+01,3.458803e+01,3.499313e+01,3.475584e+01,3.451803e+01,3.451803e+01,3.451803e+01,3.451803e+01,3.451803e+01,3.451803e+01,3.451803e+01,3.451803e+01,3.408302e+01,3.408302e+01,3.408302e+01,3.408302e+01,3.381552e+01,3.357561e+01,3.342010e+01,3.399862e+01,3.375912e+01,3.374501e+01,3.374501e+01,3.368858e+01,3.368858e+01,3.339180e+01,3.323601e+01,3.323601e+01,3.323601e+01,3.323601e+01,3.323601e+01,3.323601e+01,3.323601e+01,3.323601e+01,3.323601e+01,3.323601e+01,3.323601e+01,3.323601e+01,3.323601e+01,3.323601e+01,3.323601e+01,3.323601e+01,3.323601e+01,3.323601e+01,3.323601e+01,3.323601e+01,3.323601e+01,3.323601e+01,3.323601e+01,3.323601e+01,3.323601e+01,3.323601e+01,3.323601e+01,3.323601e+01,3.323601e+01,3.323601e+01,3.323601e+01,3.323601e+01,3.323601e+01,3.323601e+01,3.323601e+01,3.323601e+01,3.323601e+01,3.323601e+01,3.323601e+01,3.323601e+01,3.323601e+01,3.323601e+01,3.323601e+01,3.323601e+01,3.323601e+01,3.323601e+01,3.323601e+01,3.323601e+01,3.323601e+01,3.323601e+01,3.323601e+01,3.323601e+01,3.323601e+01,3.280997e+01,3.280997e+01,3.280997e+01,3.280997e+01,3.339180e+01,3.315094e+01,3.299480e+01,3.299480e+01,3.299480e+01,3.299480e+01,3.299480e+01,3.299480e+01,3.299480e+01,3.299480e+01,3.299480e+01,3.299480e+01,3.299480e+01,3.299480e+01,3.299480e+01,3.299480e+01,3.299480e+01,3.299480e+01,3.299480e+01,3.299480e+01,3.299480e+01,3.299480e+01,3.299480e+01,3.299480e+01,3.299480e+01,3.299480e+01,3.299480e+01,3.245363e+01,3.245363e+01,3.303740e+01,3.279574e+01,3.322184e+01,3.298059e+01,3.273880e+01,3.273880e+01,3.278151e+01,3.336349e+01,3.322184e+01,3.307999e+01,3.307999e+01,3.307999e+01,3.307999e+01,3.307999e+01,3.307999e+01,3.307999e+01,3.307999e+01,3.307999e+01,3.307999e+01,3.307999e+01,3.307999e+01,3.307999e+01,3.307999e+01,3.307999e+01,3.307999e+01,3.366035e+01,3.342010e+01,3.327852e+01,3.334933e+01,3.339180e+01,3.397047e+01,3.382962e+01,3.382962e+01,3.382962e+01,3.382962e+01,3.382962e+01,3.430776e+01,3.430776e+01,3.430776e+01,3.430776e+01,3.430776e+01,3.430776e+01,3.430776e+01,3.488153e+01,3.464399e+01,3.463000e+01,3.469993e+01,3.469993e+01,3.469993e+01,3.469993e+01,3.469993e+01,3.469993e+01,3.469993e+01,3.469993e+01,3.469993e+01,3.469993e+01,3.469993e+01,3.469993e+01,3.469993e+01,3.469993e+01,3.469993e+01,3.469993e+01,3.469993e+01,3.469993e+01,3.469993e+01,3.469993e+01,3.469993e+01,3.469993e+01,3.469993e+01,3.469993e+01,3.469993e+01,3.469993e+01,3.469993e+01,3.527163e+01,3.503495e+01,3.489548e+01,3.489548e+01,3.489548e+01,3.528554e+01,3.490944e+01,3.490944e+01,3.490944e+01,3.548004e+01,3.524381e+01,3.510462e+01,3.510462e+01,3.510462e+01,3.510462e+01,3.510462e+01,3.510462e+01,3.510462e+01,3.510462e+01,3.510462e+01,3.510462e+01,3.510462e+01,3.510462e+01,3.510462e+01,3.510462e+01,3.510462e+01,3.453203e+01,3.467197e+01,3.467197e+01,3.467197e+01,3.467197e+01,3.467197e+01,3.467197e+01,3.467197e+01,3.467197e+01,3.467197e+01,3.467197e+01,3.467197e+01,3.467197e+01,3.467197e+01,3.467197e+01,3.467197e+01,3.467197e+01,3.467197e+01,3.467197e+01,3.467197e+01,3.467197e+01,3.467197e+01,3.467197e+01,3.467197e+01,3.467197e+01,3.467197e+01,3.467197e+01,3.467197e+01,3.467197e+01,3.467197e+01,3.467197e+01,3.467197e+01,3.467197e+01,3.395639e+01,3.395639e+01,3.395639e+01,3.395639e+01,3.395639e+01,3.395639e+01,3.395639e+01,3.395639e+01,3.395639e+01,3.395639e+01,3.395639e+01,3.395639e+01,3.395639e+01,3.337764e+01,3.361799e+01,3.361799e+01,3.361799e+01,3.361799e+01,3.361799e+01,3.361799e+01,3.303740e+01,3.305160e+01,3.364623e+01,3.340595e+01,3.326435e+01,3.326435e+01,3.326435e+01,3.326435e+01,3.326435e+01,3.326435e+01,3.326435e+01,3.326435e+01,3.326435e+01,3.326435e+01,3.326435e+01,3.326435e+01,3.326435e+01,3.272456e+01,3.272456e+01,3.272456e+01,3.272456e+01,3.272456e+01,3.272456e+01,3.272456e+01,3.272456e+01,3.272456e+01,3.272456e+01,3.272456e+01,3.272456e+01,3.272456e+01,3.313675e+01,3.313675e+01,3.313675e+01,3.313675e+01,3.313675e+01,3.313675e+01,3.313675e+01,3.313675e+01,3.313675e+01,3.313675e+01,3.313675e+01,3.313675e+01,3.313675e+01,3.313675e+01,3.313675e+01,3.313675e+01,3.313675e+01,3.313675e+01,3.313675e+01,3.313675e+01,3.313675e+01,3.313675e+01,3.371680e+01,3.313675e+01,3.327852e+01,3.327852e+01,3.327852e+01,3.385780e+01,3.371680e+01,3.371680e+01,3.371680e+01,3.371680e+01,3.371680e+01,3.371680e+01,3.371680e+01,3.429372e+01,3.415330e+01,3.415330e+01,3.415330e+01,3.415330e+01,3.415330e+01,3.415330e+01,3.415330e+01,3.415330e+01,3.415330e+01,3.415330e+01,3.415330e+01,3.415330e+01,3.415330e+01,3.415330e+01,3.415330e+01,3.415330e+01,3.415330e+01,3.415330e+01,3.415330e+01,3.415330e+01,3.415330e+01,3.415330e+01,3.415330e+01,3.415330e+01,3.415330e+01,3.415330e+01,3.415330e+01,3.415330e+01,3.415330e+01,3.415330e+01,3.415330e+01,3.415330e+01,3.415330e+01,3.415330e+01,3.415330e+01,3.415330e+01,3.415330e+01,3.415330e+01,3.415330e+01,3.415330e+01,3.415330e+01,3.415330e+01,3.415330e+01,3.415330e+01,3.415330e+01,3.415330e+01,3.415330e+01,3.415330e+01,3.415330e+01,3.415330e+01,3.415330e+01,3.415330e+01,3.415330e+01,3.415330e+01,3.415330e+01,3.415330e+01,3.415330e+01,3.415330e+01,3.415330e+01,3.415330e+01,3.415330e+01,3.415330e+01,3.415330e+01,3.415330e+01,3.415330e+01,3.415330e+01,3.415330e+01,3.415330e+01,3.472789e+01,3.458803e+01,3.444798e+01,3.444798e+01,3.444798e+01,3.444798e+01,3.444798e+01,3.444798e+01,3.444798e+01,3.444798e+01,3.444798e+01,3.444798e+01,3.444798e+01,3.444798e+01,3.444798e+01,3.444798e+01,3.444798e+01,3.444798e+01,3.444798e+01,3.502101e+01,3.478378e+01,3.478378e+01,3.478378e+01,3.478378e+01,3.478378e+01,3.478378e+01,3.478378e+01,3.478378e+01,3.478378e+01,3.478378e+01,3.478378e+01,3.478378e+01,3.478378e+01,3.478378e+01,3.478378e+01,3.478378e+01,3.478378e+01,3.535504e+01,3.529944e+01,3.525772e+01,3.525772e+01,3.525772e+01,3.525772e+01
3.482569e+01,3.482569e+01,3.482569e+01,3.482569e+01,3.482569e+01,3.482569e+01,3.482569e+01,3.482569e+01,3.482569e+01,3.482569e+01,3.482569e+01,3.482569e+01,3.482569e+01,3.482569e+01,3.482569e+01,3.482569e+01,3.482569e+01,3.482569e+01,3.511855e+01,3.511855e+01,3.511855e+01,3.511855e+01,3.511855e+01,3.552167e+01,3.552167e+01,3.552167e+01,3.552167e+01,3.552167e+01,3.552167e+01,3.552167e+01,3.552167e+01,3.552167e+01,3.552167e+01,3.606146e+01,3.606146e+01,3.606146e+01,3.606146e+01,3.606146e+01,3.606146e+01,3.606146e+01,3.606146e+01,3.606146e+01,3.606146e+01,3.606146e+01,3.606146e+01,3.662607e+01,3.659860e+01,3.659860e+01,3.659860e+01,3.696893e+01,3.679078e+01,3.703736e+01,3.703736e+01,3.733801e+01,3.733801e+01,3.789612e+01,3.781462e+01,3.781462e+01,3.781462e+01,3.837035e+01,3.837035e+01,3.837035e+01,3.837035e+01,3.892331e+01,3.886948e+01,3.884256e+01,3.884256e+01,3.884256e+01,3.939320e+01,3.939320e+01,3.939320e+01,3.939320e+01,3.994115e+01,3.988781e+01,3.991448e+01,3.991448e+01,3.991448e+01,4.045991e+01,4.023407e+01,4.023407e+01,4.023407e+01,4.023407e+01,4.077797e+01,4.064555e+01,4.064555e+01,4.064555e+01,4.064555e+01,4.064555e+01,4.104234e+01,4.104234e+01,4.104234e+01,4.104234e+01,4.104234e+01,4.158238e+01,4.135877e+01,4.130609e+01,4.125339e+01,4.168746e+01,4.168746e+01,4.168746e+01,4.168746e+01,4.168746e+01,4.168746e+01,4.168746e+01,4.168746e+01,4.168746e+01,4.168746e+01,4.168746e+01,4.168746e+01,4.168746e+01,4.222448e+01,4.200212e+01,4.187111e+01,4.173996e+01,4.173996e+01,4.173996e+01,4.173996e+01,4.173996e+01,4.173996e+01,4.173996e+01,4.120066e+01,4.187111e+01,4.172684e+01,4.172684e+01,4.172684e+01,4.172684e+01,4.172684e+01,4.172684e+01,4.172684e+01,4.172684e+01,4.172684e+01,4.172684e+01,4.172684e+01,4.124021e+01,4.124021e+01,4.124021e+01,4.124021e+01,4.124021e+01,4.104234e+01,4.039353e+01,4.026067e+01,4.026067e+01,4.026067e+01,4.026067e+01,3.956723e+01,4.011433e+01,3.988781e+01,3.966082e+01,3.951371e+01,3.951371e+01,3.951371e+01,3.951371e+01,3.951371e+01,3.951371e+01,3.932619e+01,3.893676e+01,3.933960e+01,3.911150e+01,3.909807e+01,3.865392e+01,3.859996e+01,3.888294e+01,3.849196e+01,3.826213e+01,3.812671e+01,3.812671e+01,3.812671e+01,3.812671e+01,3.812671e+01,3.792327e+01,3.769226e+01,3.755614e+01,3.737894e+01,3.778744e+01,3.752890e+01,3.729706e+01,3.716046e+01,3.702368e+01,3.702368e+01,3.702368e+01,3.702368e+01,3.702368e+01,3.702368e+01,3.702368e+01,3.702368e+01,3.702368e+01,3.702368e+01,3.684562e+01,3.661234e+01,3.647488e+01,3.647488e+01,3.630970e+01,3.615807e+01,3.615807e+01,3.585417e+01,3.561876e+01,3.561876e+01,3.561876e+01,3.561876e+01,3.561876e+01,3.561876e+01,3.561876e+01,3.532724e+01,3.485361e+01,3.528554e+01,3.504889e+01,3.481172e+01,3.468595e+01,3.468595e+01,3.468595e+01,3.468595e+01,3.468595e+01,3.468595e+01,3.468595e+01,3.408302e+01,3.408302e+01,3.408302e+01,3.408302e+01,3.408302e+01,3.408302e+01,3.408302e+01,3.408302e+01,3.408302e+01,3.408302e+01,3.397047e+01,3.357561e+01,3.344839e+01,3.344839e+01,3.344839e+01,3.344839e+01,3.344839e+01,3.402676e+01,3.378732e+01,3.354736e+01,3.342010e+01,3.342010e+01,3.342010e+01,3.342010e+01,3.342010e+01,3.342010e+01,3.342010e+01,3.342010e+01,3.342010e+01,3.342010e+01,3.342010e+01,3.342010e+01,3.399862e+01,3.375912e+01,3.351909e+01,3.351909e+01,3.351909e+01,3.351909e+01,3.351909e+01,3.351909e+01,3.351909e+01,3.351909e+01,3.351909e+01,3.351909e+01,3.351909e+01,3.351909e+01,3.351909e+01,3.351909e+01,3.351909e+01,3.351909e+01,3.351909e+01,3.351909e+01,3.351909e+01,3.351909e+01,3.351909e+01,3.351909e+01,3.351909e+01,3.351909e+01,3.351909e+01,3.351909e+01,3.293796e+01,3.306580e+01,3.306580e+01,3.306580e+01,3.306580e+01,3.306580e+01,3.306580e+01,3.306580e+01,3.306580e+01,3.306580e+01,3.306580e+01,3.306580e+01,3.306580e+01,3.364623e+01,3.340595e+01,3.327852e+01,3.327852e+01,3.327852e+01,3.327852e+01,3.385780e+01,3.361799e+01,3.337764e+01,3.325018e+01,3.325018e+01,3.325018e+01,3.325018e+01,3.325018e+01,3.325018e+01,3.325018e+01,3.325018e+01,3.325018e+01,3.325018e+01,3.325018e+01,3.325018e+01,3.325018e+01,3.325018e+01,3.325018e+01,3.266758e+01,3.325018e+01,3.320766e+01,3.320766e+01,3.320766e+01,3.320766e+01,3.320766e+01,3.320766e+01,3.320766e+01,3.320766e+01,3.320766e+01,3.320766e+01,3.320766e+01,3.320766e+01,3.320766e+01,3.320766e+01,3.320766e+01,3.320766e+01,3.320766e+01,3.320766e+01,3.320766e+01,3.320766e+01,3.320766e+01,3.320766e+01,3.320766e+01,3.366035e+01,3.366035e+01,3.366035e+01,3.366035e+01,3.366035e+01,3.366035e+01,3.423758e+01,3.411113e+01,3.411113e+01,3.411113e+01,3.411113e+01,3.411113e+01,3.411113e+01,3.411113e+01,3.468595e+01,3.456003e+01,3.456003e+01,3.456003e+01,3.456003e+01,3.456003e+01,3.456003e+01,3.456003e+01,3.513247e+01,3.500707e+01,3.488153e+01,3.488153e+01,3.488153e+01,3.488153e+01,3.488153e+01,3.488153e+01,3.488153e+01,3.488153e+01,3.488153e+01,3.488153e+01,3.488153e+01,3.488153e+01,3.488153e+01,3.488153e+01,3.488153e+01,3.488153e+01,3.488153e+01,3.488153e+01,3.488153e+01,3.488153e+01,3.488153e+01,3.488153e+01,3.488153e+01,3.488153e+01,3.488153e+01,3.488153e+01,3.488153e+01,3.545227e+01,3.483965e+01,3.522990e+01,3.506282e+01,3.506282e+01,3.506282e+01,3.506282e+01,3.506282e+01,3.506282e+01,3.506282e+01,3.506282e+01,3.506282e+01,3.506282e+01,3.506282e+01,3.506282e+01,3.506282e+01,3.506282e+01,3.506282e+01,3.506282e+01,3.506282e+01,3.506282e+01,3.506282e+01,3.506282e+01,3.453203e+01,3.453203e+01,3.453203e+01,3.453203e+01,3.453203e+01,3.453203e+01,3.453203e+01,3.453203e+01,3.453203e+01,3.453203e+01,3.510462e+01,3.497919e+01,3.485361e+01,3.485361e+01,3.485361e+01,3.485361e+01,3.485361e+01,3.485361e+01,3.485361e+01,3.485361e+01,3.485361e+01,3.485361e+01,3.485361e+01,3.485361e+01,3.485361e+01,3.485361e+01,3.485361e+01,3.485361e+01,3.485361e+01,3.485361e+01,3.485361e+01,3.427969e+01,3.429372e+01,3.413924e+01,3.413924e+01,3.413924e+01,3.413924e+01,3.413924e+01,3.413924e+01,3.413924e+01,3.413924e+01,3.413924e+01,3.413924e+01,3.413924e+01,3.356149e+01,3.357561e+01,3.356149e+01,3.356149e+01,3.356149e+01,3.356149e+01,3.356149e+01,3.356149e+01,3.356149e+01,3.356149e+01,3.356149e+01,3.356149e+01,3.356149e+01,3.356149e+01,3.356149e+01,3.356149e+01,3.356149e+01,3.356149e+01,3.356149e+01,3.326435e+01,3.326435e+01,3.326435e+01,3.326435e+01,3.326435e+01,3.326435e+01,3.326435e+01,3.326435e+01,3.272456e+01,3.330685e+01,3.306580e+01,3.293796e+01,3.293796e+01,3.293796e+01,3.293796e+01,3.293796e+01,3.293796e+01,3.293796e+01,3.293796e+01,3.293796e+01,3.293796e+01,3.293796e+01,3.293796e+01,3.293796e+01,3.293796e+01,3.293796e+01,3.293796e+01,3.293796e+01,3.293796e+01,3.293796e+01,3.293796e+01,3.293796e+01,3.293796e+01,3.293796e+01,3.293796e+01,3.293796e+01,3.293796e+01,3.293796e+01,3.293796e+01,3.351909e+01,3.339180e+01,3.346253e+01,3.363211e+01,3.339180e+01,3.339180e+01,3.339180e+01,3.339180e+01,3.339180e+01,3.371680e+01,3.371680e+01,3.371680e+01,3.371680e+01,3.371680e+01,3.371680e+01,3.371680e+01,3.429372e+01,3.429372e+01,3.429372e+01,3.429372e+01,3.429372e+01,3.429372e+01,3.429372e+01,3.429372e+01,3.429372e+01,3.429372e+01,3.429372e+01,3.429372e+01,3.429372e+01,3.429372e+01,3.429372e+01,3.429372e+01,3.429372e+01,3.429372e+01,3.429372e+01,3.429372e+01,3.429372e+01,3.429372e+01,3.429372e+01,3.429372e+01,3.429372e+01,3.429372e+01,3.429372e+01,3.429372e+01,3.429372e+01,3.429372e+01,3.429372e+01,3.429372e+01,3.429372e+01,3.429372e+01,3.429372e+01,3.429372e+01,3.429372e+01,3.429372e+01,3.429372e+01,3.429372e+01,3.429372e+01,3.429372e+01,3.429372e+01,3.429372e+01,3.429372e+01,3.429372e+01,3.429372e+01,3.429372e+01,3.429372e+01,3.429372e+01,3.429372e+01,3.429372e+01,3.429372e+01,3.429372e+01,3.429372e+01,3.429372e+01,3.429372e+01,3.429372e+01,3.429372e+01,3.429372e+01,3.429372e+01,3.429372e+01,3.429372e+01,3.429372e+01,3.429372e+01,3.429372e+01,3.429372e+01,3.429372e+01,3.429372e+01,3.429372e+01,3.429372e+01,3.429372e+01,3.429372e+01,3.429372e+01,3.429372e+01,3.429372e+01,3.429372e+01,3.429372e+01,3.429372e+01,3.486757e+01,3.474187e+01,3.461602e+01,3.461602e+01,3.461602e+01,3.461602e+01,3.461602e+01,3.461602e+01,3.461602e+01,3.461602e+01,3.461602e+01,3.461602e+01,3.461602e+01,3.461602e+01,3.461602e+01,3.461602e+01,3.461602e+01,3.518816e+01,3.506282e+01,3.506282e+01,3.506282e+01,3.506282e+01,3.506282e+01,3.506282e+01,3.506282e+01,3.506282e+01,3.506282e+01,3.506282e+01,3.506282e+01,3.506282e+01,3.506282e+01,3.506282e+01,3.506282e+01
3.482569e+01,3.482569e+01,3.482569e+01,3.482569e+01,3.482569e+01,3.482569e+01,3.482569e+01,3.482569e+01,3.482569e+01,3.482569e+01,3.482569e+01,3.482569e+01,3.482569e+01,3.482569e+01,3.482569e+01,3.482569e+01,3.482569e+01,3.482569e+01,3.482569e+01,3.482569e+01,3.511855e+01,3.511855e+01,3.511855e+01,3.552167e+01,3.552167e+01,3.552167e+01,3.552167e+01,3.552167e+01,3.552167e+01,3.552167e+01,3.552167e+01,3.552167e+01,3.552167e+01,3.552167e+01,3.606146e+01,3.606146e+01,3.606146e+01,3.606146e+01,3.606146e+01,3.606146e+01,3.606146e+01,3.606146e+01,3.606146e+01,3.606146e+01,3.606146e+01,3.662607e+01,3.662607e+01,3.662607e+01,3.662607e+01,3.696893e+01,3.696893e+01,3.752890e+01,3.747440e+01,3.743349e+01,3.750165e+01,3.765144e+01,3.765144e+01,3.820798e+01,3.819444e+01,3.819444e+01,3.819444e+01,3.819444e+01,3.874828e+01,3.874828e+01,3.874828e+01,3.929938e+01,3.907120e+01,3.913836e+01,3.921890e+01,3.921890e+01,3.976770e+01,3.975434e+01,3.976770e+01,3.976770e+01,4.031383e+01,4.019417e+01,4.018087e+01,4.022078e+01,4.022078e+01,4.022078e+01,4.022078e+01,4.022078e+01,4.077797e+01,4.077797e+01,4.077797e+01,4.077797e+01,4.077797e+01,4.131926e+01,4.129292e+01,4.129292e+01,4.129292e+01,4.129292e+01,4.129292e+01,4.129292e+01,4.129292e+01,4.129292e+01,4.183178e+01,4.175309e+01,4.175309e+01,4.175309e+01,4.175309e+01,4.175309e+01,4.175309e+01,4.175309e+01,4.228979e+01,4.206756e+01,4.194973e+01,4.194973e+01,4.194973e+01,4.194973e+01,4.194973e+01,4.194973e+01,4.194973e+01,4.194973e+01,4.194973e+01,4.194973e+01,4.194973e+01,4.194973e+01,4.194973e+01,4.194973e+01,4.194973e+01,4.194973e+01,4.194973e+01,4.194973e+01,4.194973e+01,4.194973e+01,4.194973e+01,4.194973e+01,4.194973e+01,4.194973e+01,4.194973e+01,4.194973e+01,4.194973e+01,4.177932e+01,4.155610e+01,4.143774e+01,4.143774e+01,4.089701e+01,4.091023e+01,4.117429e+01,4.081766e+01,4.059254e+01,4.047318e+01,4.040681e+01,4.036697e+01,4.028725e+01,4.028725e+01,4.028725e+01,4.028725e+01,4.006107e+01,3.983444e+01,3.971427e+01,3.971427e+01,3.971427e+01,3.971427e+01,3.971427e+01,3.971427e+01,3.971427e+01,3.971427e+01,3.920548e+01,3.909807e+01,3.908464e+01,3.884256e+01,3.904433e+01,3.868088e+01,3.845144e+01,3.832978e+01,3.832978e+01,3.832978e+01,3.832978e+01,3.832978e+01,3.832978e+01,3.832978e+01,3.778744e+01,3.778744e+01,3.778744e+01,3.778744e+01,3.778744e+01,3.778744e+01,3.778744e+01,3.778744e+01,3.778744e+01,3.778744e+01,3.778744e+01,3.758338e+01,3.735165e+01,3.722878e+01,3.722878e+01,3.722878e+01,3.722878e+01,3.722878e+01,3.722878e+01,3.722878e+01,3.672218e+01,3.641985e+01,3.651613e+01,3.629592e+01,3.607527e+01,3.585417e+01,3.641985e+01,3.619944e+01,3.557716e+01,3.532724e+01,3.546616e+01,3.543839e+01,3.543839e+01,3.543839e+01,3.525772e+01,3.503495e+01,3.490944e+01,3.490944e+01,3.490944e+01,3.490944e+01,3.490944e+01,3.490944e+01,3.490944e+01,3.465798e+01,3.443397e+01,3.488153e+01,3.465798e+01,3.443397e+01,3.432179e+01,3.432179e+01,3.432179e+01,3.432179e+01,3.432179e+01,3.432179e+01,3.432179e+01,3.432179e+01,3.432179e+01,3.432179e+01,3.432179e+01,3.432179e+01,3.432179e+01,3.432179e+01,3.432179e+01,3.399862e+01,3.377322e+01,3.366035e+01,3.366035e+01,3.423758e+01,3.401268e+01,3.378732e+01,3.367447e+01,3.367447e+01,3.367447e+01,3.367447e+01,3.367447e+01,3.425162e+01,3.402676e+01,3.380142e+01,3.380142e+01,3.380142e+01,3.380142e+01,3.380142e+01,3.380142e+01,3.380142e+01,3.380142e+01,3.380142e+01,3.380142e+01,3.380142e+01,3.380142e+01,3.380142e+01,3.380142e+01,3.380142e+01,3.380142e+01,3.380142e+01,3.380142e+01,3.380142e+01,3.380142e+01,3.380142e+01,3.380142e+01,3.380142e+01,3.380142e+01,3.380142e+01,3.364623e+01,3.342010e+01,3.330685e+01,3.330685e+01,3.330685e+01,3.330685e+01,3.330685e+01,3.330685e+01,3.330685e+01,3.330685e+01,3.388598e+01,3.382962e+01,3.374501e+01,3.374501e+01,3.374501e+01,3.374501e+01,3.374501e+01,3.374501e+01,3.374501e+01,3.374501e+01,3.374501e+01,3.374501e+01,3.374501e+01,3.325018e+01,3.325018e+01,3.382962e+01,3.360387e+01,3.349081e+01,3.349081e+01,3.349081e+01,3.349081e+01,3.349081e+01,3.349081e+01,3.349081e+01,3.290953e+01,3.292375e+01,3.333517e+01,3.325018e+01,3.325018e+01,3.325018e+01,3.325018e+01,3.325018e+01,3.325018e+01,3.325018e+01,3.325018e+01,3.325018e+01,3.325018e+01,3.325018e+01,3.382962e+01,3.360387e+01,3.349081e+01,3.349081e+01,3.349081e+01,3.349081e+01,3.349081e+01,3.349081e+01,3.349081e+01,3.349081e+01,3.349081e+01,3.349081e+01,3.349081e+01,3.349081e+01,3.406895e+01,3.395639e+01,3.384371e+01,3.384371e+01,3.384371e+01,3.384371e+01,3.441995e+01,3.430776e+01,3.430776e+01,3.430776e+01,3.430776e+01,3.430776e+01,3.430776e+01,3.468595e+01,3.468595e+01,3.468595e+01,3.468595e+01,3.468595e+01,3.468595e+01,3.468595e+01,3.468595e+01,3.468595e+01,3.500707e+01,3.500707e+01,3.500707e+01,3.500707e+01,3.500707e+01,3.500707e+01,3.500707e+01,3.500707e+01,3.500707e+01,3.500707e+01,3.500707e+01,3.500707e+01,3.500707e+01,3.500707e+01,3.500707e+01,3.500707e+01,3.500707e+01,3.500707e+01,3.500707e+01,3.500707e+01,3.500707e+01,3.500707e+01,3.500707e+01,3.500707e+01,3.500707e+01,3.500707e+01,3.500707e+01,3.557716e+01,3.497919e+01,3.541061e+01,3.538283e+01,3.506282e+01,3.563261e+01,3.541061e+01,3.529944e+01,3.529944e+01,3.529944e+01,3.529944e+01,3.529944e+01,3.529944e+01,3.529944e+01,3.529944e+01,3.529944e+01,3.529944e+01,3.529944e+01,3.529944e+01,3.529944e+01,3.529944e+01,3.472789e+01,3.483965e+01,3.476981e+01,3.471391e+01,3.471391e+01,3.471391e+01,3.471391e+01,3.471391e+01,3.471391e+01,3.471391e+01,3.471391e+01,3.471391e+01,3.471391e+01,3.471391e+01,3.471391e+01,3.471391e+01,3.471391e+01,3.528554e+01,3.517424e+01,3.506282e+01,3.506282e+01,3.506282e+01,3.506282e+01,3.506282e+01,3.506282e+01,3.506282e+01,3.506282e+01,3.506282e+01,3.506282e+01,3.506282e+01,3.506282e+01,3.449002e+01,3.460202e+01,3.453203e+01,3.503495e+01,3.481172e+01,3.443397e+01,3.432179e+01,3.432179e+01,3.432179e+01,3.432179e+01,3.432179e+01,3.432179e+01,3.432179e+01,3.432179e+01,3.432179e+01,3.432179e+01,3.432179e+01,3.432179e+01,3.432179e+01,3.413924e+01,3.391415e+01,3.380142e+01,3.380142e+01,3.380142e+01,3.380142e+01,3.380142e+01,3.380142e+01,3.380142e+01,3.380142e+01,3.380142e+01,3.380142e+01,3.322184e+01,3.333517e+01,3.333517e+01,3.333517e+01,3.333517e+01,3.333517e+01,3.333517e+01,3.333517e+01,3.333517e+01,3.333517e+01,3.333517e+01,3.333517e+01,3.330685e+01,3.322184e+01,3.322184e+01,3.322184e+01,3.322184e+01,3.322184e+01,3.322184e+01,3.322184e+01,3.322184e+01,3.322184e+01,3.322184e+01,3.322184e+01,3.322184e+01,3.322184e+01,3.322184e+01,3.322184e+01,3.322184e+01,3.322184e+01,3.322184e+01,3.322184e+01,3.322184e+01,3.322184e+01,3.322184e+01,3.322184e+01,3.322184e+01,3.322184e+01,3.322184e+01,3.322184e+01,3.322184e+01,3.322184e+01,3.322184e+01,3.322184e+01,3.322184e+01,3.322184e+01,3.363211e+01,3.363211e+01,3.363211e+01,3.363211e+01,3.363211e+01,3.363211e+01,3.363211e+01,3.363211e+01,3.363211e+01,3.363211e+01,3.363211e+01,3.420949e+01,3.415330e+01,3.409708e+01,3.409708e+01,3.409708e+01,3.409708e+01,3.409708e+01,3.409708e+01,3.409708e+01,3.409708e+01,3.467197e+01,3.456003e+01,3.456003e+01,3.456003e+01,3.456003e+01,3.456003e+01,3.456003e+01,3.456003e+01,3.456003e+01,3.456003e+01,3.456003e+01,3.456003e+01,3.456003e+01,3.456003e+01,3.456003e+01,3.456003e+01,3.456003e+01,3.456003e+01,3.456003e+01,3.456003e+01,3.456003e+01,3.456003e+01,3.456003e+01,3.456003e+01,3.456003e+01,3.398454e+01,3.409708e+01,3.409708e+01,3.409708e+01,3.409708e+01,3.409708e+01,3.409708e+01,3.467197e+01,3.456003e+01,3.456003e+01,3.456003e+01,3.456003e+01,3.456003e+01,3.398454e+01,3.409708e+01,3.409708e+01,3.409708e+01,3.409708e+01,3.409708e+01,3.467197e+01,3.456003e+01,3.456003e+01,3.456003e+01,3.456003e+01,3.456003e+01,3.456003e+01,3.456003e+01,3.456003e+01,3.456003e+01,3.456003e+01,3.456003e+01,3.456003e+01,3.456003e+01,3.456003e+01,3.456003e+01,3.456003e+01,3.456003e+01,3.456003e+01,3.456003e+01,3.456003e+01,3.456003e+01,3.456003e+01,3.456003e+01,3.456003e+01,3.456003e+01,3.456003e+01,3.456003e+01,3.456003e+01,3.456003e+01,3.456003e+01,3.456003e+01,3.456003e+01,3.456003e+01,3.456003e+01,3.456003e+01,3.456003e+01,3.456003e+01,3.456003e+01,3.456003e+01,3.456003e+01,3.456003e+01,3.513247e+01,3.507676e+01,3.510462e+01,3.510462e+01,3.510462e+01,3.510462e+01,3.510462e+01,3.510462e+01,3.510462e+01,3.510462e+01,3.510462e+01,3.510462e+01,3.510462e+01,3.510462e+01,3.510462e+01,3.510462e+01,3.510462e+01,3.510462e+01
3.482569e+01,3.425162e+01,3.447601e+01,3.458803e+01,3.458803e+01,3.458803e+01,3.458803e+01,3.458803e+01,3.458803e+01,3.458803e+01,3.458803e+01,3.458803e+01,3.458803e+01,3.516032e+01,3.504889e+01,3.504889e+01,3.504889e+01,3.504889e+01,3.504889e+01,3.504889e+01,3.504889e+01,3.504889e+01,3.504889e+01,3.552167e+01,3.552167e+01,3.552167e+01,3.552167e+01,3.552167e+01,3.552167e+01,3.552167e+01,3.552167e+01,3.552167e+01,3.552167e+01,3.552167e+01,3.606146e+01,3.606146e+01,3.606146e+01,3.606146e+01,3.606146e+01,3.606146e+01,3.606146e+01,3.606146e+01,3.606146e+01,3.606146e+01,3.606146e+01,3.606146e+01,3.662607e+01,3.662607e+01,3.662607e+01,3.696893e+01,3.703736e+01,3.726975e+01,3.782821e+01,3.767866e+01,3.767866e+01,3.767866e+01,3.767866e+01,3.820798e+01,3.820798e+01,3.820798e+01,3.820798e+01,3.876175e+01,3.868088e+01,3.868088e+01,3.923232e+01,3.921890e+01,3.921890e+01,3.921890e+01,3.921890e+01,3.976770e+01,3.968755e+01,3.968755e+01,3.968755e+01,4.023407e+01,4.023407e+01,4.023407e+01,4.023407e+01,4.023407e+01,4.023407e+01,4.023407e+01,4.023407e+01,4.077797e+01,4.069854e+01,4.069854e+01,4.124021e+01,4.102913e+01,4.109513e+01,4.113472e+01,4.113472e+01,4.113472e+01,4.167433e+01,4.156924e+01,4.146405e+01,4.146405e+01,4.146405e+01,4.200212e+01,4.192353e+01,4.192353e+01,4.192353e+01,4.192353e+01,4.192353e+01,4.192353e+01,4.192353e+01,4.192353e+01,4.192353e+01,4.245945e+01,4.223754e+01,4.213297e+01,4.213297e+01,4.213297e+01,4.213297e+01,4.213297e+01,4.266791e+01,4.192353e+01,4.245945e+01,4.223754e+01,4.213297e+01,4.213297e+01,4.213297e+01,4.213297e+01,4.213297e+01,4.213297e+01,4.213297e+01,4.213297e+01,4.213297e+01,4.213297e+01,4.213297e+01,4.213297e+01,4.213297e+01,4.213297e+01,4.213297e+01,4.213297e+01,4.213297e+01,4.177932e+01,4.177932e+01,4.177932e+01,4.177932e+01,4.143774e+01,4.121385e+01,4.120066e+01,4.098951e+01,4.098951e+01,4.098951e+01,4.040681e+01,4.040681e+01,4.040681e+01,4.040681e+01,4.040681e+01,4.040681e+01,4.040681e+01,4.040681e+01,4.040681e+01,4.040681e+01,4.040681e+01,4.026067e+01,4.003443e+01,3.992781e+01,3.992781e+01,3.992781e+01,3.975434e+01,3.941999e+01,3.984778e+01,3.937980e+01,3.931279e+01,3.909807e+01,3.931279e+01,3.896367e+01,3.873480e+01,3.919206e+01,3.896367e+01,3.873480e+01,3.865392e+01,3.864043e+01,3.865392e+01,3.842442e+01,3.874828e+01,3.853247e+01,3.831625e+01,3.809961e+01,3.801826e+01,3.801826e+01,3.801826e+01,3.801826e+01,3.801826e+01,3.801826e+01,3.801826e+01,3.801826e+01,3.801826e+01,3.778744e+01,3.756976e+01,3.748802e+01,3.748802e+01,3.692784e+01,3.728341e+01,3.698262e+01,3.732436e+01,3.690044e+01,3.647488e+01,3.680449e+01,3.672218e+01,3.648863e+01,3.588183e+01,3.611667e+01,3.647488e+01,3.624080e+01,3.603384e+01,3.582650e+01,3.614427e+01,3.571575e+01,3.538283e+01,3.574345e+01,3.554942e+01,3.535504e+01,3.529944e+01,3.524381e+01,3.518816e+01,3.518816e+01,3.518816e+01,3.518816e+01,3.518816e+01,3.500707e+01,3.469993e+01,3.464399e+01,3.458803e+01,3.458803e+01,3.458803e+01,3.458803e+01,3.458803e+01,3.458803e+01,3.458803e+01,3.458803e+01,3.458803e+01,3.458803e+01,3.458803e+01,3.458803e+01,3.458803e+01,3.458803e+01,3.458803e+01,3.458803e+01,3.458803e+01,3.458803e+01,3.458803e+01,3.458803e+01,3.458803e+01,3.458803e+01,3.458803e+01,3.458803e+01,3.458803e+01,3.458803e+01,3.458803e+01,3.458803e+01,3.458803e+01,3.458803e+01,3.437789e+01,3.418140e+01,3.412519e+01,3.406895e+01,3.406895e+01,3.406895e+01,3.406895e+01,3.406895e+01,3.406895e+01,3.406895e+01,3.406895e+01,3.406895e+01,3.406895e+01,3.406895e+01,3.406895e+01,3.406895e+01,3.406895e+01,3.406895e+01,3.406895e+01,3.406895e+01,3.406895e+01,3.406895e+01,3.406895e+01,3.399862e+01,3.368858e+01,3.363211e+01,3.415330e+01,3.395639e+01,3.375912e+01,3.371680e+01,3.425162e+01,3.419545e+01,3.353322e+01,3.356149e+01,3.413924e+01,3.411113e+01,3.408302e+01,3.405489e+01,3.402676e+01,3.402676e+01,3.402676e+01,3.402676e+01,3.402676e+01,3.402676e+01,3.402676e+01,3.402676e+01,3.402676e+01,3.402676e+01,3.402676e+01,3.402676e+01,3.402676e+01,3.349081e+01,3.349081e+01,3.349081e+01,3.349081e+01,3.349081e+01,3.349081e+01,3.349081e+01,3.349081e+01,3.349081e+01,3.349081e+01,3.349081e+01,3.349081e+01,3.349081e+01,3.349081e+01,3.349081e+01,3.349081e+01,3.349081e+01,3.349081e+01,3.349081e+01,3.349081e+01,3.349081e+01,3.349081e+01,3.349081e+01,3.349081e+01,3.349081e+01,3.349081e+01,3.406895e+01,3.387189e+01,3.384371e+01,3.381552e+01,3.378732e+01,3.375912e+01,3.382962e+01,3.387189e+01,3.387189e+01,3.444798e+01,3.425162e+01,3.422353e+01,3.422353e+01,3.422353e+01,3.422353e+01,3.479775e+01,3.460202e+01,3.457403e+01,3.457403e+01,3.457403e+01,3.457403e+01,3.514639e+01,3.495129e+01,3.495129e+01,3.495129e+01,3.495129e+01,3.495129e+01,3.495129e+01,3.495129e+01,3.495129e+01,3.495129e+01,3.495129e+01,3.495129e+01,3.495129e+01,3.495129e+01,3.495129e+01,3.495129e+01,3.495129e+01,3.495129e+01,3.495129e+01,3.495129e+01,3.495129e+01,3.495129e+01,3.552167e+01,3.532724e+01,3.529944e+01,3.527163e+01,3.527163e+01,3.527163e+01,3.527163e+01,3.527163e+01,3.527163e+01,3.527163e+01,3.527163e+01,3.527163e+01,3.527163e+01,3.527163e+01,3.527163e+01,3.584033e+01,3.522990e+01,3.507676e+01,3.536894e+01,3.536894e+01,3.536894e+01,3.536894e+01,3.536894e+01,3.536894e+01,3.536894e+01,3.536894e+01,3.536894e+01,3.536894e+01,3.536894e+01,3.536894e+01,3.536894e+01,3.536894e+01,3.536894e+01,3.536894e+01,3.529944e+01,3.510462e+01,3.510462e+01,3.510462e+01,3.510462e+01,3.510462e+01,3.510462e+01,3.510462e+01,3.510462e+01,3.510462e+01,3.510462e+01,3.510462e+01,3.510462e+01,3.510462e+01,3.510462e+01,3.510462e+01,3.510462e+01,3.510462e+01,3.510462e+01,3.510462e+01,3.510462e+01,3.567419e+01,3.548004e+01,3.488153e+01,3.488153e+01,3.488153e+01,3.545227e+01,3.541061e+01,3.536894e+01,3.532724e+01,3.525772e+01,3.495129e+01,3.475584e+01,3.475584e+01,3.476981e+01,3.476981e+01,3.458803e+01,3.458803e+01,3.458803e+01,3.458803e+01,3.458803e+01,3.401268e+01,3.405489e+01,3.405489e+01,3.405489e+01,3.405489e+01,3.405489e+01,3.405489e+01,3.405489e+01,3.405489e+01,3.405489e+01,3.405489e+01,3.405489e+01,3.405489e+01,3.405489e+01,3.405489e+01,3.405489e+01,3.405489e+01,3.405489e+01,3.405489e+01,3.347667e+01,3.347667e+01,3.342010e+01,3.342010e+01,3.342010e+01,3.342010e+01,3.342010e+01,3.342010e+01,3.342010e+01,3.342010e+01,3.342010e+01,3.342010e+01,3.342010e+01,3.342010e+01,3.283843e+01,3.303740e+01,3.303740e+01,3.303740e+01,3.303740e+01,3.303740e+01,3.303740e+01,3.303740e+01,3.303740e+01,3.303740e+01,3.303740e+01,3.303740e+01,3.303740e+01,3.303740e+01,3.303740e+01,3.303740e+01,3.303740e+01,3.303740e+01,3.303740e+01,3.303740e+01,3.303740e+01,3.303740e+01,3.303740e+01,3.303740e+01,3.303740e+01,3.303740e+01,3.303740e+01,3.303740e+01,3.303740e+01,3.303740e+01,3.303740e+01,3.361799e+01,3.357561e+01,3.354736e+01,3.358974e+01,3.358974e+01,3.358974e+01,3.358974e+01,3.358974e+01,3.358974e+01,3.358974e+01,3.358974e+01,3.358974e+01,3.416735e+01,3.411113e+01,3.412519e+01,3.412519e+01,3.412519e+01,3.412519e+01,3.412519e+01,3.412519e+01,3.412519e+01,3.469993e+01,3.450402e+01,3.450402e+01,3.447601e+01,3.447601e+01,3.447601e+01,3.447601e+01,3.447601e+01,3.447601e+01,3.447601e+01,3.447601e+01,3.447601e+01,3.447601e+01,3.447601e+01,3.447601e+01,3.447601e+01,3.447601e+01,3.447601e+01,3.447601e+01,3.447601e+01,3.447601e+01,3.447601e+01,3.447601e+01,3.447601e+01,3.447601e+01,3.447601e+01,3.447601e+01,3.447601e+01,3.447601e+01,3.447601e+01,3.447601e+01,3.447601e+01,3.447601e+01,3.447601e+01,3.447601e+01,3.447601e+01,3.447601e+01,3.447601e+01,3.447601e+01,3.447601e+01,3.447601e+01,3.447601e+01,3.447601e+01,3.447601e+01,3.447601e+01,3.447601e+01,3.447601e+01,3.447601e+01,3.447601e+01,3.447601e+01,3.447601e+01,3.447601e+01,3.447601e+01,3.447601e+01,3.447601e+01,3.447601e+01,3.447601e+01,3.447601e+01,3.447601e+01,3.447601e+01,3.447601e+01,3.447601e+01,3.447601e+01,3.447601e+01,3.447601e+01,3.447601e+01,3.447601e+01,3.447601e+01,3.447601e+01,3.447601e+01,3.447601e+01,3.447601e+01,3.447601e+01,3.447601e+01,3.447601e+01,3.447601e+01,3.447601e+01,3.447601e+01,3.447601e+01,3.447601e+01,3.447601e+01,3.447601e+01,3.504889e+01,3.485361e+01,3.481172e+01,3.481172e+01,3.481172e+01,3.481172e+01,3.481172e+01,3.481172e+01,3.481172e+01,3.481172e+01,3.481172e+01,3.481172e+01,3.481172e+01,3.481172e+01,3.481172e+01,3.481172e+01,3.481172e+01,3.481172e+01,3.510462e+01,3.510462e+01,3.510462e+01,3.510462e+01,3.510462e+01,3.510462e+01,3.510462e+01
3.475584e+01,3.451803e+01,3.451803e+01,3.451803e+01,3.451803e+01,3.451803e+01,3.451803e+01,3.451803e+01,3.451803e+01,3.451803e+01,3.451803e+01,3.451803e+01,3.451803e+01,3.451803e+01,3.451803e+01,3.504889e+01,3.504889e+01,3.504889e+01,3.504889e+01,3.504889e+01,3.504889e+01,3.504889e+01,3.504889e+01,3.504889e+01,3.504889e+01,3.504889e+01,3.552167e+01,3.552167e+01,3.552167e+01,3.552167e+01,3.552167e+01,3.552167e+01,3.608907e+01,3.603384e+01,3.597859e+01,3.597859e+01,3.597859e+01,3.597859e+01,3.597859e+01,3.597859e+01,3.597859e+01,3.597859e+01,3.597859e+01,3.597859e+01,3.654363e+01,3.648863e+01,3.643361e+01,3.699631e+01,3.696893e+01,3.692784e+01,3.692784e+01,3.726975e+01,3.756976e+01,3.756976e+01,3.756976e+01,3.812671e+01,3.807250e+01,3.801826e+01,3.801826e+01,3.857297e+01,3.857297e+01,3.857297e+01,3.857297e+01,3.912493e+01,3.915179e+01,3.915179e+01,3.915179e+01,3.915179e+01,3.970091e+01,3.968755e+01,3.968755e+01,4.023407e+01,4.018087e+01,4.015426e+01,4.015426e+01,4.015426e+01,4.069854e+01,4.051298e+01,4.047318e+01,4.047318e+01,4.101593e+01,4.093666e+01,4.093666e+01,4.093666e+01,4.093666e+01,4.093666e+01,4.147721e+01,4.143774e+01,4.139826e+01,4.146405e+01,4.149036e+01,4.149036e+01,4.149036e+01,4.202830e+01,4.197593e+01,4.192353e+01,4.192353e+01,4.192353e+01,4.192353e+01,4.192353e+01,4.192353e+01,4.245945e+01,4.227673e+01,4.223754e+01,4.223754e+01,4.227673e+01,4.227673e+01,4.227673e+01,4.227673e+01,4.227673e+01,4.227673e+01,4.227673e+01,4.227673e+01,4.227673e+01,4.227673e+01,4.227673e+01,4.227673e+01,4.227673e+01,4.227673e+01,4.227673e+01,4.227673e+01,4.227673e+01,4.227673e+01,4.227673e+01,4.227673e+01,4.227673e+01,4.227673e+01,4.227673e+01,4.227673e+01,4.227673e+01,4.227673e+01,4.227673e+01,4.227673e+01,4.227673e+01,4.227673e+01,4.177932e+01,4.177932e+01,4.158238e+01,4.158238e+01,4.158238e+01,4.158238e+01,4.158238e+01,4.098951e+01,4.120066e+01,4.101593e+01,4.083089e+01,4.079120e+01,4.075150e+01,4.071178e+01,4.067204e+01,4.067204e+01,4.067204e+01,4.067204e+01,4.067204e+01,4.067204e+01,4.067204e+01,4.067204e+01,3.992781e+01,3.992781e+01,3.992781e+01,3.992781e+01,3.992781e+01,3.992781e+01,3.992781e+01,3.992781e+01,3.931279e+01,3.911150e+01,3.950032e+01,3.941999e+01,3.941999e+01,3.941999e+01,3.941999e+01,3.919206e+01,3.900400e+01,3.874828e+01,3.870784e+01,3.870784e+01,3.870784e+01,3.870784e+01,3.870784e+01,3.870784e+01,3.857297e+01,3.838387e+01,3.834330e+01,3.830272e+01,3.826213e+01,3.826213e+01,3.826213e+01,3.778744e+01,3.778744e+01,3.778744e+01,3.778744e+01,3.778744e+01,3.778744e+01,3.778744e+01,3.732436e+01,3.746076e+01,3.703736e+01,3.700999e+01,3.700999e+01,3.700999e+01,3.700999e+01,3.668100e+01,3.665354e+01,3.665354e+01,3.665354e+01,3.665354e+01,3.614427e+01,3.629592e+01,3.652988e+01,3.593713e+01,3.593713e+01,3.593713e+01,3.593713e+01,3.593713e+01,3.593713e+01,3.575729e+01,3.556329e+01,3.552167e+01,3.548004e+01,3.527163e+01,3.568805e+01,3.543839e+01,3.518816e+01,3.556329e+01,3.538283e+01,3.520207e+01,3.502101e+01,3.497919e+01,3.493734e+01,3.489548e+01,3.485361e+01,3.485361e+01,3.485361e+01,3.485361e+01,3.485361e+01,3.485361e+01,3.485361e+01,3.485361e+01,3.485361e+01,3.485361e+01,3.485361e+01,3.485361e+01,3.485361e+01,3.485361e+01,3.485361e+01,3.542450e+01,3.467197e+01,3.524381e+01,3.504889e+01,3.485361e+01,3.485361e+01,3.485361e+01,3.485361e+01,3.485361e+01,3.485361e+01,3.485361e+01,3.485361e+01,3.485361e+01,3.485361e+01,3.485361e+01,3.485361e+01,3.464399e+01,3.444798e+01,3.440593e+01,3.493734e+01,3.474187e+01,3.454603e+01,3.434985e+01,3.434985e+01,3.434985e+01,3.434985e+01,3.434985e+01,3.434985e+01,3.434985e+01,3.434985e+01,3.434985e+01,3.434985e+01,3.434985e+01,3.434985e+01,3.434985e+01,3.434985e+01,3.434985e+01,3.434985e+01,3.434985e+01,3.434985e+01,3.434985e+01,3.434985e+01,3.434985e+01,3.434985e+01,3.434985e+01,3.434985e+01,3.434985e+01,3.434985e+01,3.434985e+01,3.434985e+01,3.434985e+01,3.434985e+01,3.434985e+01,3.434985e+01,3.434985e+01,3.434985e+01,3.402676e+01,3.394231e+01,3.434985e+01,3.415330e+01,3.395639e+01,3.433582e+01,3.413924e+01,3.394231e+01,3.391415e+01,3.388598e+01,3.385780e+01,3.382962e+01,3.380142e+01,3.377322e+01,3.377322e+01,3.377322e+01,3.377322e+01,3.377322e+01,3.377322e+01,3.377322e+01,3.377322e+01,3.377322e+01,3.377322e+01,3.377322e+01,3.377322e+01,3.434985e+01,3.415330e+01,3.409708e+01,3.401268e+01,3.401268e+01,3.401268e+01,3.401268e+01,3.401268e+01,3.401268e+01,3.401268e+01,3.401268e+01,3.401268e+01,3.444798e+01,3.444798e+01,3.444798e+01,3.444798e+01,3.444798e+01,3.502101e+01,3.493734e+01,3.493734e+01,3.493734e+01,3.493734e+01,3.493734e+01,3.493734e+01,3.493734e+01,3.493734e+01,3.493734e+01,3.493734e+01,3.493734e+01,3.493734e+01,3.493734e+01,3.493734e+01,3.493734e+01,3.493734e+01,3.550779e+01,3.531334e+01,3.528554e+01,3.525772e+01,3.522990e+01,3.522990e+01,3.522990e+01,3.522990e+01,3.522990e+01,3.522990e+01,3.522990e+01,3.522990e+01,3.522990e+01,3.522990e+01,3.522990e+01,3.522990e+01,3.522990e+01,3.522990e+01,3.522990e+01,3.522990e+01,3.522990e+01,3.522990e+01,3.522990e+01,3.522990e+01,3.579882e+01,3.560489e+01,3.560489e+01,3.574345e+01,3.550779e+01,3.535504e+01,3.577114e+01,3.574345e+01,3.571575e+01,3.568805e+01,3.509069e+01,3.566034e+01,3.561876e+01,3.561876e+01,3.561876e+01,3.561876e+01,3.561876e+01,3.504889e+01,3.509069e+01,3.509069e+01,3.509069e+01,3.509069e+01,3.509069e+01,3.509069e+01,3.509069e+01,3.509069e+01,3.509069e+01,3.509069e+01,3.509069e+01,3.509069e+01,3.509069e+01,3.509069e+01,3.509069e+01,3.509069e+01,3.509069e+01,3.509069e+01,3.509069e+01,3.509069e+01,3.509069e+01,3.509069e+01,3.509069e+01,3.509069e+01,3.509069e+01,3.567419e+01,3.539672e+01,3.516032e+01,3.516032e+01,3.572960e+01,3.507676e+01,3.568805e+01,3.536894e+01,3.536894e+01,3.536894e+01,3.495129e+01,3.495129e+01,3.495129e+01,3.495129e+01,3.495129e+01,3.495129e+01,3.495129e+01,3.495129e+01,3.495129e+01,3.458803e+01,3.486757e+01,3.467197e+01,3.447601e+01,3.441995e+01,3.436387e+01,3.430776e+01,3.430776e+01,3.430776e+01,3.430776e+01,3.373091e+01,3.378732e+01,3.378732e+01,3.378732e+01,3.378732e+01,3.378732e+01,3.378732e+01,3.378732e+01,3.378732e+01,3.378732e+01,3.378732e+01,3.378732e+01,3.378732e+01,3.378732e+01,3.342010e+01,3.342010e+01,3.342010e+01,3.342010e+01,3.342010e+01,3.342010e+01,3.342010e+01,3.342010e+01,3.342010e+01,3.283843e+01,3.293796e+01,3.293796e+01,3.293796e+01,3.293796e+01,3.293796e+01,3.293796e+01,3.293796e+01,3.293796e+01,3.293796e+01,3.293796e+01,3.293796e+01,3.293796e+01,3.293796e+01,3.293796e+01,3.293796e+01,3.351909e+01,3.332101e+01,3.332101e+01,3.332101e+01,3.332101e+01,3.332101e+01,3.332101e+01,3.332101e+01,3.332101e+01,3.332101e+01,3.332101e+01,3.332101e+01,3.332101e+01,3.332101e+01,3.332101e+01,3.332101e+01,3.332101e+01,3.332101e+01,3.332101e+01,3.332101e+01,3.332101e+01,3.390006e+01,3.384371e+01,3.384371e+01,3.384371e+01,3.384371e+01,3.384371e+01,3.384371e+01,3.384371e+01,3.384371e+01,3.384371e+01,3.441995e+01,3.436387e+01,3.436387e+01,3.436387e+01,3.436387e+01,3.436387e+01,3.436387e+01,3.436387e+01,3.436387e+01,3.436387e+01,3.436387e+01,3.436387e+01,3.436387e+01,3.436387e+01,3.436387e+01,3.436387e+01,3.436387e+01,3.436387e+01,3.436387e+01,3.436387e+01,3.436387e+01,3.436387e+01,3.436387e+01,3.436387e+01,3.436387e+01,3.436387e+01,3.436387e+01,3.436387e+01,3.436387e+01,3.436387e+01,3.436387e+01,3.436387e+01,3.436387e+01,3.436387e+01,3.436387e+01,3.436387e+01,3.436387e+01,3.436387e+01,3.436387e+01,3.436387e+01,3.436387e+01,3.436387e+01,3.436387e+01,3.436387e+01,3.436387e+01,3.436387e+01,3.436387e+01,3.436387e+01,3.436387e+01,3.436387e+01,3.436387e+01,3.436387e+01,3.436387e+01,3.436387e+01,3.436387e+01,3.436387e+01,3.436387e+01,3.436387e+01,3.436387e+01,3.436387e+01,3.436387e+01,3.436387e+01,3.436387e+01,3.436387e+01,3.436387e+01,3.436387e+01,3.436387e+01,3.436387e+01,3.436387e+01,3.436387e+01,3.436387e+01,3.493734e+01,3.474187e+01,3.474187e+01,3.474187e+01,3.474187e+01,3.474187e+01,3.474187e+01,3.474187e+01,3.474187e+01,3.474187e+01,3.474187e+01,3.474187e+01,3.474187e+01,3.474187e+01,3.474187e+01,3.474187e+01,3.474187e+01,3.474187e+01,3.474187e+01,3.474187e+01,3.474187e+01,3.474187e+01,3.474187e+01,3.474187e+01,3.474187e+01,3.474187e+01,3.474187e+01,3.474187e+01,3.474187e+01,3.531334e+01,3.511855e+01,3.506282e+01,3.506282e+01,3.506282e+01,3.506282e+01,3.506282e+01,3.506282e+01,3.506282e+01,3.506282e+01,3.506282e+01,3.506282e+01,3.563261e+01
3.418140e+01,3.437789e+01,3.437789e+01,3.437789e+01,3.437789e+01,3.437789e+01,3.437789e+01,3.437789e+01,3.437789e+01,3.437789e+01,3.437789e+01,3.437789e+01,3.495129e+01,3.489548e+01,3.489548e+01,3.485361e+01,3.485361e+01,3.485361e+01,3.485361e+01,3.485361e+01,3.485361e+01,3.485361e+01,3.542450e+01,3.536894e+01,3.531334e+01,3.539672e+01,3.532724e+01,3.532724e+01,3.532724e+01,3.589566e+01,3.584033e+01,3.584033e+01,3.589566e+01,3.589566e+01,3.589566e+01,3.589566e+01,3.589566e+01,3.589566e+01,3.589566e+01,3.589566e+01,3.589566e+01,3.589566e+01,3.589566e+01,3.646112e+01,3.644736e+01,3.644736e+01,3.644736e+01,3.644736e+01,3.696893e+01,3.696893e+01,3.752890e+01,3.752890e+01,3.741986e+01,3.797756e+01,3.797756e+01,3.793685e+01,3.793685e+01,3.849196e+01,3.843793e+01,3.838387e+01,3.838387e+01,3.893676e+01,3.893676e+01,3.893676e+01,3.893676e+01,3.948694e+01,3.943338e+01,3.943338e+01,3.951371e+01,4.006107e+01,4.006107e+01,4.004775e+01,4.004775e+01,4.004775e+01,4.059254e+01,4.053951e+01,4.051298e+01,4.051298e+01,4.051298e+01,4.051298e+01,4.101593e+01,4.101593e+01,4.101593e+01,4.101593e+01,4.101593e+01,4.101593e+01,4.147721e+01,4.147721e+01,4.147721e+01,4.147721e+01,4.147721e+01,4.147721e+01,4.201521e+01,4.193663e+01,4.193663e+01,4.193663e+01,4.193663e+01,4.193663e+01,4.193663e+01,4.193663e+01,4.247248e+01,4.238118e+01,4.238118e+01,4.238118e+01,4.238118e+01,4.238118e+01,4.238118e+01,4.291497e+01,4.273298e+01,4.255069e+01,4.249856e+01,4.249856e+01,4.249856e+01,4.249856e+01,4.249856e+01,4.249856e+01,4.249856e+01,4.249856e+01,4.249856e+01,4.249856e+01,4.249856e+01,4.249856e+01,4.249856e+01,4.249856e+01,4.249856e+01,4.249856e+01,4.249856e+01,4.249856e+01,4.249856e+01,4.249856e+01,4.249856e+01,4.249856e+01,4.249856e+01,4.249856e+01,4.249856e+01,4.231591e+01,4.213297e+01,4.188422e+01,4.183178e+01,4.183178e+01,4.183178e+01,4.183178e+01,4.152981e+01,4.134560e+01,4.134560e+01,4.134560e+01,4.134560e+01,4.134560e+01,4.134560e+01,4.134560e+01,4.121385e+01,4.102913e+01,4.097630e+01,4.092345e+01,4.092345e+01,4.092345e+01,4.092345e+01,4.047318e+01,4.083089e+01,4.065880e+01,4.048645e+01,4.031383e+01,4.026067e+01,4.020747e+01,4.019417e+01,3.986113e+01,3.960735e+01,3.956723e+01,3.956723e+01,3.956723e+01,3.956723e+01,3.956723e+01,3.956723e+01,3.956723e+01,3.929938e+01,3.908464e+01,3.903089e+01,3.897711e+01,3.897711e+01,3.897711e+01,3.897711e+01,3.897711e+01,3.897711e+01,3.889640e+01,3.868088e+01,3.858646e+01,3.853247e+01,3.845144e+01,3.826213e+01,3.808606e+01,3.803182e+01,3.803182e+01,3.803182e+01,3.803182e+01,3.803182e+01,3.803182e+01,3.746076e+01,3.774666e+01,3.754252e+01,3.736530e+01,3.731071e+01,3.728341e+01,3.711944e+01,3.703736e+01,3.698262e+01,3.692784e+01,3.684562e+01,3.662607e+01,3.700999e+01,3.643361e+01,3.622702e+01,3.673590e+01,3.657112e+01,3.640608e+01,3.624080e+01,3.619944e+01,3.619944e+01,3.619944e+01,3.619944e+01,3.619944e+01,3.619944e+01,3.619944e+01,3.600622e+01,3.570190e+01,3.566034e+01,3.566034e+01,3.566034e+01,3.566034e+01,3.566034e+01,3.566034e+01,3.566034e+01,3.566034e+01,3.566034e+01,3.566034e+01,3.566034e+01,3.566034e+01,3.566034e+01,3.542450e+01,3.525772e+01,3.521599e+01,3.517424e+01,3.570190e+01,3.553555e+01,3.536894e+01,3.520207e+01,3.520207e+01,3.589566e+01,3.572960e+01,3.563261e+01,3.541061e+01,3.518816e+01,3.516032e+01,3.513247e+01,3.513247e+01,3.513247e+01,3.513247e+01,3.513247e+01,3.513247e+01,3.513247e+01,3.513247e+01,3.513247e+01,3.513247e+01,3.513247e+01,3.513247e+01,3.513247e+01,3.513247e+01,3.513247e+01,3.513247e+01,3.513247e+01,3.513247e+01,3.513247e+01,3.513247e+01,3.513247e+01,3.513247e+01,3.492339e+01,3.475584e+01,3.472789e+01,3.469993e+01,3.467197e+01,3.464399e+01,3.461602e+01,3.461602e+01,3.461602e+01,3.461602e+01,3.461602e+01,3.461602e+01,3.461602e+01,3.461602e+01,3.461602e+01,3.461602e+01,3.461602e+01,3.461602e+01,3.461602e+01,3.461602e+01,3.461602e+01,3.518816e+01,3.502101e+01,3.427969e+01,3.485361e+01,3.409708e+01,3.409708e+01,3.467197e+01,3.434985e+01,3.423758e+01,3.430776e+01,3.430776e+01,3.430776e+01,3.430776e+01,3.430776e+01,3.430776e+01,3.430776e+01,3.430776e+01,3.430776e+01,3.430776e+01,3.430776e+01,3.430776e+01,3.430776e+01,3.430776e+01,3.430776e+01,3.430776e+01,3.430776e+01,3.430776e+01,3.430776e+01,3.430776e+01,3.430776e+01,3.430776e+01,3.430776e+01,3.430776e+01,3.430776e+01,3.430776e+01,3.430776e+01,3.430776e+01,3.430776e+01,3.430776e+01,3.430776e+01,3.430776e+01,3.430776e+01,3.430776e+01,3.458803e+01,3.454603e+01,3.454603e+01,3.511855e+01,3.492339e+01,3.486757e+01,3.482569e+01,3.539672e+01,3.520207e+01,3.520207e+01,3.520207e+01,3.520207e+01,3.520207e+01,3.520207e+01,3.520207e+01,3.520207e+01,3.520207e+01,3.520207e+01,3.520207e+01,3.520207e+01,3.520207e+01,3.520207e+01,3.520207e+01,3.520207e+01,3.520207e+01,3.520207e+01,3.520207e+01,3.520207e+01,3.520207e+01,3.520207e+01,3.520207e+01,3.520207e+01,3.577114e+01,3.557716e+01,3.554942e+01,3.552167e+01,3.549392e+01,3.549392e+01,3.549392e+01,3.549392e+01,3.549392e+01,3.549392e+01,3.549392e+01,3.549392e+01,3.549392e+01,3.549392e+01,3.549392e+01,3.579882e+01,3.579882e+01,3.579882e+01,3.579882e+01,3.579882e+01,3.579882e+01,3.579882e+01,3.579882e+01,3.579882e+01,3.579882e+01,3.579882e+01,3.579882e+01,3.579882e+01,3.522990e+01,3.525772e+01,3.528554e+01,3.528554e+01,3.524381e+01,3.524381e+01,3.524381e+01,3.524381e+01,3.524381e+01,3.524381e+01,3.524381e+01,3.524381e+01,3.524381e+01,3.524381e+01,3.524381e+01,3.524381e+01,3.524381e+01,3.524381e+01,3.524381e+01,3.524381e+01,3.524381e+01,3.524381e+01,3.524381e+01,3.524381e+01,3.524381e+01,3.524381e+01,3.524381e+01,3.581266e+01,3.561876e+01,3.556329e+01,3.557716e+01,3.557716e+01,3.557716e+01,3.557716e+01,3.557716e+01,3.557716e+01,3.557716e+01,3.557716e+01,3.557716e+01,3.557716e+01,3.557716e+01,3.495129e+01,3.495129e+01,3.495129e+01,3.495129e+01,3.495129e+01,3.495129e+01,3.495129e+01,3.495129e+01,3.495129e+01,3.495129e+01,3.495129e+01,3.447601e+01,3.447601e+01,3.447601e+01,3.447601e+01,3.447601e+01,3.447601e+01,3.447601e+01,3.430776e+01,3.411113e+01,3.408302e+01,3.405489e+01,3.405489e+01,3.405489e+01,3.405489e+01,3.405489e+01,3.405489e+01,3.405489e+01,3.405489e+01,3.405489e+01,3.347667e+01,3.350495e+01,3.358974e+01,3.358974e+01,3.358974e+01,3.358974e+01,3.358974e+01,3.358974e+01,3.358974e+01,3.358974e+01,3.300900e+01,3.303740e+01,3.303740e+01,3.303740e+01,3.303740e+01,3.303740e+01,3.303740e+01,3.303740e+01,3.303740e+01,3.303740e+01,3.303740e+01,3.303740e+01,3.303740e+01,3.303740e+01,3.303740e+01,3.303740e+01,3.303740e+01,3.303740e+01,3.303740e+01,3.303740e+01,3.303740e+01,3.303740e+01,3.303740e+01,3.303740e+01,3.303740e+01,3.303740e+01,3.303740e+01,3.303740e+01,3.303740e+01,3.303740e+01,3.303740e+01,3.361799e+01,3.358974e+01,3.358974e+01,3.358974e+01,3.358974e+01,3.358974e+01,3.358974e+01,3.358974e+01,3.358974e+01,3.358974e+01,3.358974e+01,3.358974e+01,3.416735e+01,3.413924e+01,3.411113e+01,3.411113e+01,3.411113e+01,3.411113e+01,3.411113e+01,3.411113e+01,3.411113e+01,3.411113e+01,3.468595e+01,3.465798e+01,3.463000e+01,3.463000e+01,3.463000e+01,3.463000e+01,3.463000e+01,3.463000e+01,3.463000e+01,3.463000e+01,3.463000e+01,3.463000e+01,3.463000e+01,3.463000e+01,3.463000e+01,3.463000e+01,3.463000e+01,3.463000e+01,3.463000e+01,3.463000e+01,3.463000e+01,3.463000e+01,3.463000e+01,3.463000e+01,3.463000e+01,3.463000e+01,3.463000e+01,3.463000e+01,3.463000e+01,3.463000e+01,3.463000e+01,3.463000e+01,3.463000e+01,3.463000e+01,3.463000e+01,3.463000e+01,3.463000e+01,3.463000e+01,3.463000e+01,3.463000e+01,3.463000e+01,3.463000e+01,3.463000e+01,3.463000e+01,3.463000e+01,3.463000e+01,3.463000e+01,3.463000e+01,3.463000e+01,3.463000e+01,3.463000e+01,3.463000e+01,3.463000e+01,3.463000e+01,3.463000e+01,3.463000e+01,3.463000e+01,3.463000e+01,3.463000e+01,3.463000e+01,3.463000e+01,3.463000e+01,3.463000e+01,3.463000e+01,3.463000e+01,3.463000e+01,3.463000e+01,3.463000e+01,3.463000e+01,3.463000e+01,3.463000e+01,3.463000e+01,3.463000e+01,3.463000e+01,3.463000e+01,3.463000e+01,3.463000e+01,3.463000e+01,3.463000e+01,3.463000e+01,3.463000e+01,3.463000e+01,3.463000e+01,3.463000e+01,3.463000e+01,3.463000e+01,3.520207e+01,3.500707e+01,3.500707e+01,3.500707e+01,3.500707e+01,3.500707e+01,3.500707e+01,3.500707e+01,3.500707e+01,3.500707e+01,3.500707e+01,3.500707e+01,3.500707e+01,3.500707e+01,3.500707e+01,3.500707e+01,3.500707e+01,3.500707e+01,3.500707e+01,3.500707e+01,3.557716e+01,3.553555e+01
3.427969e+01,3.427969e+01,3.427969e+01,3.427969e+01,3.427969e+01,3.427969e+01,3.427969e+01,3.427969e+01,3.427969e+01,3.427969e+01,3.427969e+01,3.485361e+01,3.485361e+01,3.485361e+01,3.485361e+01,3.485361e+01,3.485361e+01,3.485361e+01,3.485361e+01,3.485361e+01,3.485361e+01,3.542450e+01,3.532724e+01,3.532724e+01,3.532724e+01,3.532724e+01,3.532724e+01,3.532724e+01,3.532724e+01,3.532724e+01,3.532724e+01,3.532724e+01,3.589566e+01,3.589566e+01,3.589566e+01,3.589566e+01,3.589566e+01,3.589566e+01,3.589566e+01,3.589566e+01,3.589566e+01,3.589566e+01,3.646112e+01,3.636478e+01,3.636478e+01,3.636478e+01,3.636478e+01,3.692784e+01,3.687303e+01,3.695523e+01,3.722878e+01,3.781462e+01,3.770586e+01,3.778744e+01,3.778744e+01,3.778744e+01,3.834330e+01,3.830272e+01,3.830272e+01,3.830272e+01,3.885602e+01,3.884256e+01,3.884256e+01,3.939320e+01,3.933960e+01,3.929938e+01,3.929938e+01,3.929938e+01,3.984778e+01,3.987447e+01,3.987447e+01,3.987447e+01,4.042009e+01,4.042009e+01,4.040681e+01,4.040681e+01,4.040681e+01,4.094987e+01,4.076473e+01,4.084412e+01,4.083089e+01,4.083089e+01,4.137194e+01,4.133244e+01,4.129292e+01,4.129292e+01,4.129292e+01,4.183178e+01,4.179244e+01,4.175309e+01,4.171371e+01,4.179244e+01,4.183178e+01,4.183178e+01,4.236813e+01,4.218526e+01,4.218526e+01,4.218526e+01,4.218526e+01,4.271996e+01,4.262885e+01,4.262885e+01,4.262885e+01,4.262885e+01,4.262885e+01,4.262885e+01,4.262885e+01,4.262885e+01,4.262885e+01,4.262885e+01,4.262885e+01,4.262885e+01,4.262885e+01,4.262885e+01,4.262885e+01,4.262885e+01,4.262885e+01,4.262885e+01,4.262885e+01,4.262885e+01,4.262885e+01,4.262885e+01,4.262885e+01,4.316150e+01,4.244640e+01,4.297990e+01,4.278500e+01,4.274598e+01,4.274598e+01,4.274598e+01,4.274598e+01,4.274598e+01,4.274598e+01,4.274598e+01,4.274598e+01,4.231591e+01,4.231591e+01,4.231591e+01,4.231591e+01,4.183178e+01,4.183178e+01,4.183178e+01,4.183178e+01,4.183178e+01,4.183178e+01,4.183178e+01,4.183178e+01,4.134560e+01,4.134560e+01,4.134560e+01,4.134560e+01,4.134560e+01,4.134560e+01,4.092345e+01,4.092345e+01,4.092345e+01,4.092345e+01,4.092345e+01,4.092345e+01,4.092345e+01,4.092345e+01,4.092345e+01,4.080443e+01,4.055276e+01,4.051298e+01,4.018087e+01,3.988781e+01,3.980775e+01,3.980775e+01,3.980775e+01,3.980775e+01,3.980775e+01,3.980775e+01,3.925914e+01,3.929938e+01,3.929938e+01,3.929938e+01,3.929938e+01,3.929938e+01,3.929938e+01,3.929938e+01,3.929938e+01,3.929938e+01,3.889640e+01,3.889640e+01,3.889640e+01,3.889640e+01,3.889640e+01,3.889640e+01,3.889640e+01,3.889640e+01,3.858646e+01,3.838387e+01,3.834330e+01,3.830272e+01,3.822152e+01,3.770586e+01,3.814026e+01,3.789612e+01,3.767866e+01,3.758338e+01,3.758338e+01,3.758338e+01,3.758338e+01,3.758338e+01,3.758338e+01,3.758338e+01,3.718779e+01,3.718779e+01,3.690044e+01,3.663980e+01,3.710577e+01,3.690044e+01,3.669473e+01,3.648863e+01,3.648863e+01,3.648863e+01,3.648863e+01,3.648863e+01,3.648863e+01,3.648863e+01,3.648863e+01,3.648863e+01,3.648863e+01,3.648863e+01,3.622702e+01,3.602003e+01,3.597859e+01,3.593713e+01,3.593713e+01,3.593713e+01,3.593713e+01,3.593713e+01,3.593713e+01,3.593713e+01,3.593713e+01,3.593713e+01,3.593713e+01,3.593713e+01,3.593713e+01,3.593713e+01,3.593713e+01,3.593713e+01,3.593713e+01,3.593713e+01,3.593713e+01,3.593713e+01,3.593713e+01,3.593713e+01,3.593713e+01,3.593713e+01,3.593713e+01,3.593713e+01,3.593713e+01,3.570190e+01,3.549392e+01,3.545227e+01,3.541061e+01,3.541061e+01,3.541061e+01,3.541061e+01,3.541061e+01,3.541061e+01,3.541061e+01,3.541061e+01,3.541061e+01,3.541061e+01,3.541061e+01,3.541061e+01,3.541061e+01,3.541061e+01,3.541061e+01,3.541061e+01,3.541061e+01,3.541061e+01,3.541061e+01,3.541061e+01,3.541061e+01,3.524381e+01,3.500707e+01,3.493734e+01,3.489548e+01,3.489548e+01,3.489548e+01,3.489548e+01,3.489548e+01,3.489548e+01,3.546616e+01,3.525772e+01,3.561876e+01,3.541061e+01,3.520207e+01,3.499313e+01,3.552167e+01,3.489548e+01,3.489548e+01,3.489548e+01,3.497919e+01,3.493734e+01,3.504889e+01,3.497919e+01,3.496524e+01,3.464399e+01,3.506282e+01,3.485361e+01,3.464399e+01,3.461602e+01,3.458803e+01,3.458803e+01,3.458803e+01,3.458803e+01,3.458803e+01,3.458803e+01,3.458803e+01,3.458803e+01,3.458803e+01,3.458803e+01,3.458803e+01,3.458803e+01,3.458803e+01,3.458803e+01,3.458803e+01,3.458803e+01,3.458803e+01,3.458803e+01,3.458803e+01,3.458803e+01,3.458803e+01,3.458803e+01,3.458803e+01,3.458803e+01,3.458803e+01,3.458803e+01,3.458803e+01,3.516032e+01,3.495129e+01,3.474187e+01,3.471391e+01,3.468595e+01,3.468595e+01,3.525772e+01,3.516032e+01,3.516032e+01,3.516032e+01,3.516032e+01,3.516032e+01,3.516032e+01,3.516032e+01,3.572960e+01,3.552167e+01,3.549392e+01,3.546616e+01,3.546616e+01,3.546616e+01,3.546616e+01,3.546616e+01,3.546616e+01,3.546616e+01,3.546616e+01,3.546616e+01,3.546616e+01,3.546616e+01,3.546616e+01,3.546616e+01,3.546616e+01,3.546616e+01,3.546616e+01,3.546616e+01,3.546616e+01,3.603384e+01,3.593713e+01,3.593713e+01,3.593713e+01,3.593713e+01,3.593713e+01,3.593713e+01,3.593713e+01,3.593713e+01,3.593713e+01,3.593713e+01,3.593713e+01,3.593713e+01,3.593713e+01,3.593713e+01,3.593713e+01,3.593713e+01,3.593713e+01,3.593713e+01,3.593713e+01,3.593713e+01,3.593713e+01,3.593713e+01,3.593713e+01,3.593713e+01,3.593713e+01,3.593713e+01,3.593713e+01,3.593713e+01,3.593713e+01,3.593713e+01,3.585417e+01,3.564648e+01,3.557716e+01,3.554942e+01,3.552167e+01,3.552167e+01,3.552167e+01,3.552167e+01,3.552167e+01,3.552167e+01,3.552167e+01,3.552167e+01,3.552167e+01,3.552167e+01,3.552167e+01,3.552167e+01,3.552167e+01,3.552167e+01,3.552167e+01,3.552167e+01,3.552167e+01,3.552167e+01,3.552167e+01,3.552167e+01,3.552167e+01,3.552167e+01,3.552167e+01,3.552167e+01,3.552167e+01,3.552167e+01,3.552167e+01,3.552167e+01,3.608907e+01,3.588183e+01,3.528554e+01,3.532724e+01,3.532724e+01,3.532724e+01,3.532724e+01,3.532724e+01,3.532724e+01,3.532724e+01,3.532724e+01,3.532724e+01,3.495129e+01,3.495129e+01,3.495129e+01,3.495129e+01,3.437789e+01,3.502101e+01,3.485361e+01,3.481172e+01,3.419545e+01,3.476981e+01,3.471391e+01,3.413924e+01,3.419545e+01,3.419545e+01,3.419545e+01,3.419545e+01,3.419545e+01,3.419545e+01,3.419545e+01,3.419545e+01,3.419545e+01,3.419545e+01,3.419545e+01,3.419545e+01,3.419545e+01,3.405489e+01,3.384371e+01,3.378732e+01,3.378732e+01,3.378732e+01,3.378732e+01,3.378732e+01,3.378732e+01,3.320766e+01,3.320766e+01,3.319348e+01,3.319348e+01,3.319348e+01,3.319348e+01,3.319348e+01,3.319348e+01,3.319348e+01,3.319348e+01,3.319348e+01,3.319348e+01,3.319348e+01,3.319348e+01,3.319348e+01,3.319348e+01,3.319348e+01,3.319348e+01,3.319348e+01,3.319348e+01,3.319348e+01,3.319348e+01,3.319348e+01,3.319348e+01,3.319348e+01,3.319348e+01,3.319348e+01,3.319348e+01,3.319348e+01,3.319348e+01,3.319348e+01,3.319348e+01,3.319348e+01,3.319348e+01,3.319348e+01,3.319348e+01,3.319348e+01,3.358974e+01,3.358974e+01,3.358974e+01,3.358974e+01,3.358974e+01,3.358974e+01,3.358974e+01,3.358974e+01,3.416735e+01,3.416735e+01,3.416735e+01,3.416735e+01,3.416735e+01,3.416735e+01,3.416735e+01,3.416735e+01,3.416735e+01,3.416735e+01,3.416735e+01,3.465798e+01,3.465798e+01,3.465798e+01,3.465798e+01,3.465798e+01,3.465798e+01,3.465798e+01,3.465798e+01,3.465798e+01,3.465798e+01,3.465798e+01,3.465798e+01,3.465798e+01,3.465798e+01,3.465798e+01,3.465798e+01,3.465798e+01,3.465798e+01,3.465798e+01,3.465798e+01,3.465798e+01,3.465798e+01,3.465798e+01,3.465798e+01,3.465798e+01,3.465798e+01,3.465798e+01,3.465798e+01,3.465798e+01,3.465798e+01,3.465798e+01,3.465798e+01,3.465798e+01,3.465798e+01,3.465798e+01,3.465798e+01,3.465798e+01,3.465798e+01,3.408302e+01,3.429372e+01,3.434985e+01,3.434985e+01,3.434985e+01,3.434985e+01,3.434985e+01,3.434985e+01,3.434985e+01,3.434985e+01,3.434985e+01,3.434985e+01,3.434985e+01,3.434985e+01,3.434985e+01,3.434985e+01,3.434985e+01,3.434985e+01,3.434985e+01,3.434985e+01,3.434985e+01,3.434985e+01,3.434985e+01,3.434985e+01,3.434985e+01,3.434985e+01,3.492339e+01,3.486757e+01,3.486757e+01,3.486757e+01,3.486757e+01,3.486757e+01,3.486757e+01,3.486757e+01,3.486757e+01,3.486757e+01,3.486757e+01,3.486757e+01,3.486757e+01,3.486757e+01,3.486757e+01,3.486757e+01,3.486757e+01,3.486757e+01,3.486757e+01,3.486757e+01,3.486757e+01,3.486757e+01,3.486757e+01,3.486757e+01,3.486757e+01,3.486757e+01,3.486757e+01,3.486757e+01,3.486757e+01,3.486757e+01,3.486757e+01,3.486757e+01,3.486757e+01,3.486757e+01,3.543839e+01,3.538283e+01,3.532724e+01,3.527163e+01,3.527163e+01,3.527163e+01,3.527163e+01,3.527163e+01,3.527163e+01
3.427969e+01,3.427969e+01,3.427969e+01,3.427969e+01,3.427969e+01,3.427969e+01,3.427969e+01,3.427969e+01,3.427969e+01,3.427969e+01,3.427969e+01,3.485361e+01,3.485361e+01,3.485361e+01,3.485361e+01,3.485361e+01,3.485361e+01,3.485361e+01,3.485361e+01,3.485361e+01,3.485361e+01,3.485361e+01,3.485361e+01,3.532724e+01,3.532724e+01,3.532724e+01,3.532724e+01,3.532724e+01,3.532724e+01,3.532724e+01,3.532724e+01,3.589566e+01,3.579882e+01,3.579882e+01,3.579882e+01,3.579882e+01,3.579882e+01,3.579882e+01,3.579882e+01,3.579882e+01,3.579882e+01,3.636478e+01,3.636478e+01,3.636478e+01,3.636478e+01,3.636478e+01,3.692784e+01,3.683191e+01,3.683191e+01,3.739258e+01,3.739258e+01,3.751528e+01,3.756976e+01,3.756976e+01,3.812671e+01,3.812671e+01,3.816735e+01,3.816735e+01,3.872132e+01,3.872132e+01,3.868088e+01,3.868088e+01,3.923232e+01,3.921890e+01,3.921890e+01,3.921890e+01,3.976770e+01,3.970091e+01,3.967419e+01,3.967419e+01,4.022078e+01,4.022078e+01,4.024737e+01,4.024737e+01,4.079120e+01,4.073826e+01,4.073826e+01,4.077797e+01,4.077797e+01,4.077797e+01,4.131926e+01,4.125339e+01,4.120066e+01,4.120066e+01,4.173996e+01,4.154295e+01,4.162180e+01,4.166120e+01,4.166120e+01,4.166120e+01,4.219834e+01,4.200212e+01,4.200212e+01,4.200212e+01,4.236813e+01,4.236813e+01,4.236813e+01,4.236813e+01,4.236813e+01,4.236813e+01,4.236813e+01,4.290198e+01,4.285000e+01,4.285000e+01,4.285000e+01,4.285000e+01,4.285000e+01,4.285000e+01,4.285000e+01,4.285000e+01,4.285000e+01,4.338164e+01,4.318742e+01,4.299288e+01,4.294094e+01,4.288898e+01,4.288898e+01,4.288898e+01,4.288898e+01,4.288898e+01,4.288898e+01,4.288898e+01,4.288898e+01,4.288898e+01,4.288898e+01,4.288898e+01,4.342044e+01,4.318742e+01,4.299288e+01,4.299288e+01,4.299288e+01,4.299288e+01,4.299288e+01,4.299288e+01,4.245945e+01,4.248552e+01,4.248552e+01,4.248552e+01,4.248552e+01,4.248552e+01,4.248552e+01,4.248552e+01,4.236813e+01,4.217220e+01,4.211989e+01,4.206756e+01,4.198902e+01,4.179244e+01,4.159552e+01,4.213297e+01,4.193663e+01,4.173996e+01,4.171371e+01,4.129292e+01,4.177932e+01,4.158238e+01,4.138510e+01,4.118748e+01,4.118748e+01,4.118748e+01,4.118748e+01,4.118748e+01,4.118748e+01,4.055276e+01,4.051298e+01,4.075150e+01,4.045991e+01,4.018087e+01,4.012764e+01,4.007439e+01,4.007439e+01,4.007439e+01,4.007439e+01,4.007439e+01,4.007439e+01,4.007439e+01,4.007439e+01,3.984778e+01,3.964746e+01,3.959398e+01,3.954047e+01,3.954047e+01,3.954047e+01,3.954047e+01,3.954047e+01,3.954047e+01,3.954047e+01,3.889640e+01,3.889640e+01,3.889640e+01,3.889640e+01,3.889640e+01,3.889640e+01,3.834330e+01,3.834330e+01,3.834330e+01,3.834330e+01,3.778744e+01,3.839738e+01,3.797756e+01,3.782821e+01,3.782821e+01,3.782821e+01,3.782821e+01,3.726975e+01,3.732436e+01,3.732436e+01,3.733801e+01,3.733801e+01,3.720145e+01,3.750165e+01,3.740622e+01,3.714679e+01,3.714679e+01,3.714679e+01,3.714679e+01,3.714679e+01,3.705105e+01,3.684562e+01,3.679078e+01,3.673590e+01,3.673590e+01,3.673590e+01,3.673590e+01,3.617186e+01,3.622702e+01,3.622702e+01,3.679078e+01,3.654363e+01,3.633725e+01,3.628214e+01,3.622702e+01,3.617186e+01,3.617186e+01,3.617186e+01,3.617186e+01,3.617186e+01,3.617186e+01,3.617186e+01,3.673590e+01,3.652988e+01,3.632347e+01,3.626836e+01,3.621323e+01,3.621323e+01,3.621323e+01,3.621323e+01,3.621323e+01,3.621323e+01,3.621323e+01,3.621323e+01,3.621323e+01,3.621323e+01,3.621323e+01,3.621323e+01,3.621323e+01,3.621323e+01,3.621323e+01,3.621323e+01,3.621323e+01,3.621323e+01,3.621323e+01,3.597859e+01,3.577114e+01,3.571575e+01,3.566034e+01,3.566034e+01,3.566034e+01,3.566034e+01,3.566034e+01,3.566034e+01,3.566034e+01,3.566034e+01,3.566034e+01,3.566034e+01,3.566034e+01,3.566034e+01,3.566034e+01,3.566034e+01,3.566034e+01,3.550779e+01,3.582650e+01,3.506282e+01,3.563261e+01,3.542450e+01,3.578498e+01,3.514639e+01,3.516032e+01,3.575729e+01,3.571575e+01,3.571575e+01,3.571575e+01,3.571575e+01,3.571575e+01,3.546616e+01,3.527163e+01,3.521599e+01,3.516032e+01,3.516032e+01,3.516032e+01,3.516032e+01,3.516032e+01,3.516032e+01,3.516032e+01,3.516032e+01,3.516032e+01,3.516032e+01,3.516032e+01,3.516032e+01,3.516032e+01,3.516032e+01,3.516032e+01,3.516032e+01,3.516032e+01,3.516032e+01,3.516032e+01,3.516032e+01,3.516032e+01,3.516032e+01,3.516032e+01,3.516032e+01,3.516032e+01,3.458803e+01,3.458803e+01,3.458803e+01,3.458803e+01,3.516032e+01,3.496524e+01,3.490944e+01,3.485361e+01,3.485361e+01,3.485361e+01,3.485361e+01,3.485361e+01,3.516032e+01,3.516032e+01,3.516032e+01,3.516032e+01,3.516032e+01,3.516032e+01,3.516032e+01,3.516032e+01,3.516032e+01,3.516032e+01,3.572960e+01,3.553555e+01,3.548004e+01,3.606146e+01,3.596477e+01,3.596477e+01,3.596477e+01,3.596477e+01,3.596477e+01,3.596477e+01,3.596477e+01,3.596477e+01,3.596477e+01,3.596477e+01,3.596477e+01,3.596477e+01,3.596477e+01,3.596477e+01,3.596477e+01,3.596477e+01,3.596477e+01,3.596477e+01,3.596477e+01,3.596477e+01,3.596477e+01,3.596477e+01,3.596477e+01,3.596477e+01,3.596477e+01,3.596477e+01,3.596477e+01,3.596477e+01,3.596477e+01,3.596477e+01,3.596477e+01,3.596477e+01,3.596477e+01,3.596477e+01,3.596477e+01,3.596477e+01,3.596477e+01,3.596477e+01,3.596477e+01,3.596477e+01,3.652988e+01,3.633725e+01,3.628214e+01,3.622702e+01,3.617186e+01,3.617186e+01,3.617186e+01,3.617186e+01,3.617186e+01,3.560489e+01,3.622702e+01,3.615807e+01,3.615807e+01,3.615807e+01,3.615807e+01,3.554942e+01,3.554942e+01,3.554942e+01,3.611667e+01,3.592331e+01,3.585417e+01,3.521599e+01,3.529944e+01,3.586800e+01,3.578498e+01,3.578498e+01,3.578498e+01,3.578498e+01,3.578498e+01,3.578498e+01,3.578498e+01,3.578498e+01,3.578498e+01,3.578498e+01,3.578498e+01,3.578498e+01,3.578498e+01,3.578498e+01,3.578498e+01,3.578498e+01,3.578498e+01,3.578498e+01,3.578498e+01,3.578498e+01,3.578498e+01,3.578498e+01,3.578498e+01,3.578498e+01,3.532724e+01,3.532724e+01,3.532724e+01,3.532724e+01,3.532724e+01,3.532724e+01,3.532724e+01,3.532724e+01,3.532724e+01,3.532724e+01,3.532724e+01,3.495129e+01,3.509069e+01,3.499313e+01,3.499313e+01,3.441995e+01,3.485361e+01,3.475584e+01,3.463000e+01,3.444798e+01,3.436387e+01,3.436387e+01,3.436387e+01,3.436387e+01,3.436387e+01,3.436387e+01,3.436387e+01,3.436387e+01,3.436387e+01,3.436387e+01,3.378732e+01,3.387189e+01,3.395639e+01,3.395639e+01,3.395639e+01,3.395639e+01,3.395639e+01,3.395639e+01,3.337764e+01,3.346253e+01,3.343424e+01,3.339180e+01,3.339180e+01,3.339180e+01,3.339180e+01,3.339180e+01,3.339180e+01,3.339180e+01,3.339180e+01,3.339180e+01,3.339180e+01,3.339180e+01,3.339180e+01,3.339180e+01,3.339180e+01,3.339180e+01,3.339180e+01,3.339180e+01,3.339180e+01,3.339180e+01,3.339180e+01,3.339180e+01,3.339180e+01,3.339180e+01,3.339180e+01,3.339180e+01,3.339180e+01,3.339180e+01,3.339180e+01,3.339180e+01,3.339180e+01,3.339180e+01,3.339180e+01,3.339180e+01,3.339180e+01,3.339180e+01,3.339180e+01,3.339180e+01,3.339180e+01,3.339180e+01,3.339180e+01,3.339180e+01,3.339180e+01,3.397047e+01,3.388598e+01,3.391415e+01,3.398454e+01,3.398454e+01,3.398454e+01,3.398454e+01,3.398454e+01,3.398454e+01,3.456003e+01,3.447601e+01,3.439191e+01,3.439191e+01,3.439191e+01,3.439191e+01,3.439191e+01,3.439191e+01,3.439191e+01,3.439191e+01,3.439191e+01,3.439191e+01,3.439191e+01,3.439191e+01,3.439191e+01,3.439191e+01,3.439191e+01,3.439191e+01,3.439191e+01,3.439191e+01,3.439191e+01,3.439191e+01,3.439191e+01,3.439191e+01,3.439191e+01,3.439191e+01,3.439191e+01,3.439191e+01,3.439191e+01,3.439191e+01,3.439191e+01,3.439191e+01,3.439191e+01,3.439191e+01,3.439191e+01,3.439191e+01,3.439191e+01,3.439191e+01,3.439191e+01,3.439191e+01,3.439191e+01,3.439191e+01,3.439191e+01,3.439191e+01,3.439191e+01,3.439191e+01,3.439191e+01,3.439191e+01,3.439191e+01,3.439191e+01,3.439191e+01,3.439191e+01,3.439191e+01,3.439191e+01,3.439191e+01,3.439191e+01,3.439191e+01,3.439191e+01,3.439191e+01,3.439191e+01,3.439191e+01,3.439191e+01,3.439191e+01,3.439191e+01,3.439191e+01,3.439191e+01,3.439191e+01,3.439191e+01,3.439191e+01,3.439191e+01,3.439191e+01,3.439191e+01,3.439191e+01,3.439191e+01,3.439191e+01,3.486757e+01,3.486757e+01,3.486757e+01,3.486757e+01,3.486757e+01,3.486757e+01,3.486757e+01,3.486757e+01,3.486757e+01,3.486757e+01,3.486757e+01,3.486757e+01,3.486757e+01,3.486757e+01,3.486757e+01,3.486757e+01,3.486757e+01,3.486757e+01,3.486757e+01,3.486757e+01,3.486757e+01,3.486757e+01,3.486757e+01,3.486757e+01,3.486757e+01,3.486757e+01,3.543839e+01,3.535504e+01,3.534114e+01,3.534114e+01,3.534114e+01,3.534114e+01,3.534114e+01,3.534114e+01,3.534114e+01,3.534114e+01,3.534114e+01
3.427969e+01,3.427969e+01,3.427969e+01,3.427969e+01,3.427969e+01,3.427969e+01,3.427969e+01,3.427969e+01,3.427969e+01,3.427969e+01,3.427969e+01,3.427969e+01,3.427969e+01,3.485361e+01,3.485361e+01,3.485361e+01,3.485361e+01,3.485361e+01,3.485361e+01,3.485361e+01,3.485361e+01,3.485361e+01,3.485361e+01,3.532724e+01,3.532724e+01,3.532724e+01,3.532724e+01,3.532724e+01,3.589566e+01,3.570190e+01,3.572960e+01,3.571575e+01,3.571575e+01,3.571575e+01,3.571575e+01,3.571575e+01,3.571575e+01,3.571575e+01,3.571575e+01,3.571575e+01,3.628214e+01,3.626836e+01,3.626836e+01,3.626836e+01,3.626836e+01,3.626836e+01,3.636478e+01,3.655737e+01,3.720145e+01,3.721512e+01,3.721512e+01,3.751528e+01,3.751528e+01,3.807250e+01,3.803182e+01,3.803182e+01,3.858646e+01,3.805894e+01,3.831625e+01,3.895021e+01,3.895021e+01,3.895021e+01,3.895021e+01,3.950032e+01,3.940659e+01,3.950032e+01,3.959398e+01,3.959398e+01,4.014095e+01,4.006107e+01,4.004775e+01,4.059254e+01,4.049971e+01,4.059254e+01,4.061905e+01,4.061905e+01,4.116110e+01,4.106874e+01,4.097630e+01,4.106874e+01,4.114791e+01,4.114791e+01,4.168746e+01,4.160866e+01,4.156924e+01,4.156924e+01,4.156924e+01,4.210681e+01,4.192353e+01,4.201521e+01,4.202830e+01,4.202830e+01,4.256372e+01,4.251160e+01,4.247248e+01,4.247248e+01,4.247248e+01,4.247248e+01,4.247248e+01,4.300586e+01,4.292796e+01,4.283701e+01,4.283701e+01,4.283701e+01,4.283701e+01,4.336870e+01,4.318742e+01,4.309667e+01,4.309667e+01,4.309667e+01,4.309667e+01,4.309667e+01,4.309667e+01,4.309667e+01,4.309667e+01,4.309667e+01,4.309667e+01,4.309667e+01,4.309667e+01,4.309667e+01,4.309667e+01,4.309667e+01,4.309667e+01,4.309667e+01,4.309667e+01,4.309667e+01,4.309667e+01,4.309667e+01,4.309667e+01,4.309667e+01,4.309667e+01,4.309667e+01,4.309667e+01,4.309667e+01,4.309667e+01,4.309667e+01,4.309667e+01,4.309667e+01,4.301883e+01,4.283701e+01,4.274598e+01,4.274598e+01,4.274598e+01,4.274598e+01,4.265489e+01,4.242032e+01,4.225061e+01,4.225061e+01,4.225061e+01,4.225061e+01,4.225061e+01,4.225061e+01,4.171371e+01,4.184489e+01,4.175309e+01,4.175309e+01,4.175309e+01,4.175309e+01,4.175309e+01,4.172684e+01,4.154295e+01,4.145090e+01,4.135877e+01,4.101593e+01,4.079120e+01,4.075150e+01,4.104234e+01,4.076473e+01,4.052624e+01,4.038025e+01,4.028725e+01,4.028725e+01,4.028725e+01,4.028725e+01,4.028725e+01,4.028725e+01,4.028725e+01,4.028725e+01,4.019417e+01,3.995448e+01,3.980775e+01,3.980775e+01,3.980775e+01,3.980775e+01,3.925914e+01,3.935300e+01,3.980775e+01,3.946016e+01,3.927256e+01,3.917863e+01,3.908464e+01,3.908464e+01,3.908464e+01,3.908464e+01,3.889640e+01,3.870784e+01,3.869437e+01,3.815381e+01,3.839738e+01,3.812671e+01,3.812671e+01,3.812671e+01,3.812671e+01,3.812671e+01,3.812671e+01,3.788254e+01,3.769226e+01,3.759700e+01,3.759700e+01,3.759700e+01,3.759700e+01,3.759700e+01,3.759700e+01,3.759700e+01,3.759700e+01,3.714679e+01,3.714679e+01,3.714679e+01,3.714679e+01,3.714679e+01,3.714679e+01,3.714679e+01,3.714679e+01,3.714679e+01,3.714679e+01,3.679078e+01,3.670845e+01,3.669473e+01,3.669473e+01,3.669473e+01,3.669473e+01,3.669473e+01,3.669473e+01,3.669473e+01,3.669473e+01,3.669473e+01,3.669473e+01,3.669473e+01,3.669473e+01,3.669473e+01,3.669473e+01,3.669473e+01,3.669473e+01,3.669473e+01,3.669473e+01,3.669473e+01,3.669473e+01,3.669473e+01,3.669473e+01,3.669473e+01,3.669473e+01,3.669473e+01,3.669473e+01,3.669473e+01,3.669473e+01,3.669473e+01,3.669473e+01,3.669473e+01,3.621323e+01,3.621323e+01,3.621323e+01,3.621323e+01,3.621323e+01,3.621323e+01,3.621323e+01,3.621323e+01,3.621323e+01,3.621323e+01,3.621323e+01,3.621323e+01,3.621323e+01,3.621323e+01,3.621323e+01,3.621323e+01,3.621323e+01,3.566034e+01,3.566034e+01,3.566034e+01,3.622702e+01,3.603384e+01,3.585417e+01,3.585417e+01,3.581266e+01,3.571575e+01,3.607527e+01,3.607527e+01,3.602003e+01,3.593713e+01,3.584033e+01,3.584033e+01,3.584033e+01,3.584033e+01,3.584033e+01,3.584033e+01,3.546616e+01,3.546616e+01,3.546616e+01,3.572960e+01,3.553555e+01,3.543839e+01,3.543839e+01,3.543839e+01,3.543839e+01,3.543839e+01,3.543839e+01,3.543839e+01,3.543839e+01,3.543839e+01,3.543839e+01,3.543839e+01,3.543839e+01,3.543839e+01,3.543839e+01,3.543839e+01,3.543839e+01,3.543839e+01,3.543839e+01,3.543839e+01,3.543839e+01,3.543839e+01,3.543839e+01,3.543839e+01,3.543839e+01,3.543839e+01,3.543839e+01,3.543839e+01,3.543839e+01,3.496524e+01,3.496524e+01,3.496524e+01,3.496524e+01,3.553555e+01,3.534114e+01,3.528554e+01,3.524381e+01,3.524381e+01,3.524381e+01,3.524381e+01,3.581266e+01,3.561876e+01,3.599241e+01,3.579882e+01,3.560489e+01,3.561876e+01,3.563261e+01,3.619944e+01,3.606146e+01,3.596477e+01,3.596477e+01,3.596477e+01,3.596477e+01,3.596477e+01,3.596477e+01,3.596477e+01,3.596477e+01,3.596477e+01,3.596477e+01,3.596477e+01,3.596477e+01,3.596477e+01,3.596477e+01,3.596477e+01,3.596477e+01,3.596477e+01,3.596477e+01,3.652988e+01,3.633725e+01,3.624080e+01,3.624080e+01,3.624080e+01,3.624080e+01,3.624080e+01,3.624080e+01,3.624080e+01,3.624080e+01,3.624080e+01,3.624080e+01,3.624080e+01,3.624080e+01,3.624080e+01,3.624080e+01,3.624080e+01,3.680449e+01,3.661234e+01,3.641985e+01,3.622702e+01,3.622702e+01,3.679078e+01,3.669473e+01,3.669473e+01,3.669473e+01,3.669473e+01,3.669473e+01,3.617186e+01,3.617186e+01,3.617186e+01,3.617186e+01,3.617186e+01,3.617186e+01,3.617186e+01,3.617186e+01,3.617186e+01,3.617186e+01,3.617186e+01,3.611667e+01,3.603384e+01,3.602003e+01,3.602003e+01,3.602003e+01,3.602003e+01,3.602003e+01,3.602003e+01,3.602003e+01,3.602003e+01,3.602003e+01,3.602003e+01,3.545227e+01,3.554942e+01,3.611667e+01,3.602003e+01,3.602003e+01,3.602003e+01,3.602003e+01,3.602003e+01,3.602003e+01,3.602003e+01,3.602003e+01,3.602003e+01,3.602003e+01,3.602003e+01,3.602003e+01,3.602003e+01,3.602003e+01,3.545227e+01,3.554942e+01,3.602003e+01,3.586800e+01,3.567419e+01,3.557716e+01,3.557716e+01,3.557716e+01,3.557716e+01,3.557716e+01,3.557716e+01,3.500707e+01,3.510462e+01,3.509069e+01,3.510462e+01,3.510462e+01,3.510462e+01,3.453203e+01,3.443397e+01,3.469993e+01,3.469993e+01,3.469993e+01,3.469993e+01,3.469993e+01,3.436387e+01,3.436387e+01,3.436387e+01,3.436387e+01,3.436387e+01,3.436387e+01,3.436387e+01,3.436387e+01,3.436387e+01,3.436387e+01,3.387189e+01,3.387189e+01,3.387189e+01,3.387189e+01,3.387189e+01,3.387189e+01,3.387189e+01,3.387189e+01,3.387189e+01,3.387189e+01,3.339180e+01,3.339180e+01,3.339180e+01,3.339180e+01,3.339180e+01,3.339180e+01,3.339180e+01,3.339180e+01,3.339180e+01,3.339180e+01,3.339180e+01,3.339180e+01,3.339180e+01,3.339180e+01,3.339180e+01,3.339180e+01,3.339180e+01,3.339180e+01,3.339180e+01,3.339180e+01,3.339180e+01,3.339180e+01,3.339180e+01,3.339180e+01,3.339180e+01,3.339180e+01,3.339180e+01,3.339180e+01,3.339180e+01,3.339180e+01,3.339180e+01,3.339180e+01,3.339180e+01,3.339180e+01,3.339180e+01,3.339180e+01,3.339180e+01,3.339180e+01,3.339180e+01,3.397047e+01,3.377322e+01,3.378732e+01,3.378732e+01,3.378732e+01,3.378732e+01,3.378732e+01,3.378732e+01,3.436387e+01,3.426566e+01,3.426566e+01,3.426566e+01,3.426566e+01,3.426566e+01,3.426566e+01,3.426566e+01,3.483965e+01,3.474187e+01,3.464399e+01,3.464399e+01,3.464399e+01,3.464399e+01,3.464399e+01,3.464399e+01,3.464399e+01,3.464399e+01,3.464399e+01,3.464399e+01,3.464399e+01,3.464399e+01,3.464399e+01,3.464399e+01,3.464399e+01,3.464399e+01,3.464399e+01,3.464399e+01,3.464399e+01,3.464399e+01,3.464399e+01,3.464399e+01,3.464399e+01,3.464399e+01,3.464399e+01,3.464399e+01,3.464399e+01,3.464399e+01,3.464399e+01,3.464399e+01,3.464399e+01,3.464399e+01,3.464399e+01,3.464399e+01,3.464399e+01,3.464399e+01,3.464399e+01,3.464399e+01,3.464399e+01,3.464399e+01,3.464399e+01,3.464399e+01,3.464399e+01,3.464399e+01,3.464399e+01,3.464399e+01,3.464399e+01,3.464399e+01,3.464399e+01,3.464399e+01,3.464399e+01,3.464399e+01,3.464399e+01,3.464399e+01,3.464399e+01,3.464399e+01,3.464399e+01,3.464399e+01,3.464399e+01,3.464399e+01,3.464399e+01,3.464399e+01,3.464399e+01,3.464399e+01,3.464399e+01,3.464399e+01,3.464399e+01,3.464399e+01,3.464399e+01,3.464399e+01,3.464399e+01,3.464399e+01,3.464399e+01,3.464399e+01,3.464399e+01,3.464399e+01,3.464399e+01,3.464399e+01,3.464399e+01,3.464399e+01,3.464399e+01,3.464399e+01,3.464399e+01,3.521599e+01,3.511855e+01,3.511855e+01,3.511855e+01,3.511855e+01,3.511855e+01,3.511855e+01,3.511855e+01,3.511855e+01,3.511855e+01,3.511855e+01,3.511855e+01,3.511855e+01,3.511855e+01,3.511855e+01,3.511855e+01,3.511855e+01,3.511855e+01,3.511855e+01,3.511855e+01,3.511855e+01,3.511855e+01,3.511855e+01
3.427969e+01,3.427969e+01,3.427969e+01,3.427969e+01,3.427969e+01,3.427969e+01,3.427969e+01,3.427969e+01,3.427969e+01,3.427969e+01,3.427969e+01,3.427969e+01,3.485361e+01,3.475584e+01,3.475584e+01,3.475584e+01,3.475584e+01,3.475584e+01,3.475584e+01,3.475584e+01,3.475584e+01,3.475584e+01,3.532724e+01,3.522990e+01,3.522990e+01,3.522990e+01,3.522990e+01,3.522990e+01,3.522990e+01,3.522990e+01,3.522990e+01,3.522990e+01,3.571575e+01,3.571575e+01,3.571575e+01,3.571575e+01,3.571575e+01,3.571575e+01,3.571575e+01,3.571575e+01,3.628214e+01,3.628214e+01,3.628214e+01,3.628214e+01,3.628214e+01,3.628214e+01,3.684562e+01,3.676334e+01,3.690044e+01,3.700999e+01,3.758338e+01,3.754252e+01,3.762422e+01,3.777385e+01,3.786896e+01,3.795042e+01,3.834330e+01,3.835683e+01,3.837035e+01,3.865392e+01,3.874828e+01,3.874828e+01,3.929938e+01,3.932619e+01,3.932619e+01,3.932619e+01,3.987447e+01,3.988781e+01,3.996781e+01,3.996781e+01,4.051298e+01,4.049971e+01,4.049971e+01,4.049971e+01,4.104234e+01,4.105554e+01,4.106874e+01,4.106874e+01,4.106874e+01,4.106874e+01,4.160866e+01,4.152981e+01,4.151666e+01,4.151666e+01,4.205447e+01,4.187111e+01,4.188422e+01,4.193663e+01,4.193663e+01,4.247248e+01,4.228979e+01,4.236813e+01,4.239423e+01,4.239423e+01,4.239423e+01,4.239423e+01,4.292796e+01,4.274598e+01,4.275899e+01,4.283701e+01,4.283701e+01,4.283701e+01,4.336870e+01,4.318742e+01,4.320038e+01,4.320038e+01,4.320038e+01,4.320038e+01,4.320038e+01,4.320038e+01,4.320038e+01,4.320038e+01,4.320038e+01,4.320038e+01,4.320038e+01,4.320038e+01,4.320038e+01,4.320038e+01,4.320038e+01,4.320038e+01,4.320038e+01,4.320038e+01,4.320038e+01,4.320038e+01,4.320038e+01,4.320038e+01,4.320038e+01,4.320038e+01,4.373041e+01,4.354969e+01,4.336870e+01,4.380777e+01,4.362718e+01,4.344630e+01,4.336870e+01,4.329104e+01,4.329104e+01,4.329104e+01,4.329104e+01,4.283701e+01,4.283701e+01,4.283701e+01,4.283701e+01,4.283701e+01,4.283701e+01,4.283701e+01,4.283701e+01,4.225061e+01,4.225061e+01,4.225061e+01,4.225061e+01,4.225061e+01,4.225061e+01,4.225061e+01,4.225061e+01,4.225061e+01,4.225061e+01,4.175309e+01,4.175309e+01,4.175309e+01,4.175309e+01,4.175309e+01,4.175309e+01,4.155610e+01,4.114791e+01,4.162180e+01,4.160866e+01,4.133244e+01,4.091023e+01,4.068529e+01,4.051298e+01,4.051298e+01,4.051298e+01,4.051298e+01,4.051298e+01,4.051298e+01,4.051298e+01,4.051298e+01,4.019417e+01,4.019417e+01,4.019417e+01,4.019417e+01,3.980775e+01,3.972763e+01,3.955385e+01,3.956723e+01,3.975434e+01,3.960735e+01,3.960735e+01,3.960735e+01,3.960735e+01,3.908464e+01,3.963409e+01,3.889640e+01,3.889640e+01,3.889640e+01,3.889640e+01,3.870784e+01,3.850547e+01,3.850547e+01,3.850547e+01,3.850547e+01,3.850547e+01,3.812671e+01,3.812671e+01,3.812671e+01,3.812671e+01,3.812671e+01,3.812671e+01,3.812671e+01,3.759700e+01,3.759700e+01,3.759700e+01,3.759700e+01,3.759700e+01,3.759700e+01,3.759700e+01,3.759700e+01,3.714679e+01,3.714679e+01,3.714679e+01,3.714679e+01,3.714679e+01,3.714679e+01,3.714679e+01,3.714679e+01,3.714679e+01,3.714679e+01,3.714679e+01,3.714679e+01,3.714679e+01,3.714679e+01,3.714679e+01,3.714679e+01,3.714679e+01,3.714679e+01,3.714679e+01,3.714679e+01,3.714679e+01,3.714679e+01,3.714679e+01,3.714679e+01,3.714679e+01,3.714679e+01,3.714679e+01,3.714679e+01,3.714679e+01,3.714679e+01,3.714679e+01,3.714679e+01,3.714679e+01,3.714679e+01,3.714679e+01,3.714679e+01,3.714679e+01,3.669473e+01,3.669473e+01,3.669473e+01,3.669473e+01,3.669473e+01,3.669473e+01,3.669473e+01,3.669473e+01,3.669473e+01,3.669473e+01,3.669473e+01,3.669473e+01,3.669473e+01,3.669473e+01,3.669473e+01,3.669473e+01,3.669473e+01,3.621323e+01,3.621323e+01,3.621323e+01,3.621323e+01,3.621323e+01,3.621323e+01,3.621323e+01,3.621323e+01,3.621323e+01,3.621323e+01,3.621323e+01,3.621323e+01,3.621323e+01,3.621323e+01,3.621323e+01,3.621323e+01,3.621323e+01,3.621323e+01,3.621323e+01,3.621323e+01,3.621323e+01,3.621323e+01,3.621323e+01,3.603384e+01,3.582650e+01,3.574345e+01,3.574345e+01,3.574345e+01,3.574345e+01,3.574345e+01,3.574345e+01,3.574345e+01,3.574345e+01,3.574345e+01,3.574345e+01,3.574345e+01,3.574345e+01,3.574345e+01,3.574345e+01,3.574345e+01,3.574345e+01,3.574345e+01,3.574345e+01,3.574345e+01,3.574345e+01,3.574345e+01,3.574345e+01,3.574345e+01,3.574345e+01,3.574345e+01,3.574345e+01,3.574345e+01,3.574345e+01,3.574345e+01,3.574345e+01,3.574345e+01,3.553555e+01,3.532724e+01,3.534114e+01,3.535504e+01,3.535504e+01,3.535504e+01,3.592331e+01,3.571575e+01,3.550779e+01,3.615807e+01,3.606146e+01,3.589566e+01,3.584033e+01,3.584033e+01,3.584033e+01,3.640608e+01,3.632347e+01,3.622702e+01,3.622702e+01,3.622702e+01,3.622702e+01,3.622702e+01,3.622702e+01,3.622702e+01,3.622702e+01,3.622702e+01,3.622702e+01,3.622702e+01,3.622702e+01,3.622702e+01,3.622702e+01,3.622702e+01,3.622702e+01,3.622702e+01,3.622702e+01,3.679078e+01,3.670845e+01,3.661234e+01,3.661234e+01,3.661234e+01,3.661234e+01,3.661234e+01,3.661234e+01,3.661234e+01,3.661234e+01,3.661234e+01,3.661234e+01,3.661234e+01,3.661234e+01,3.661234e+01,3.661234e+01,3.661234e+01,3.661234e+01,3.661234e+01,3.661234e+01,3.717413e+01,3.677706e+01,3.650238e+01,3.659860e+01,3.661234e+01,3.661234e+01,3.661234e+01,3.661234e+01,3.661234e+01,3.661234e+01,3.661234e+01,3.661234e+01,3.661234e+01,3.661234e+01,3.661234e+01,3.617186e+01,3.617186e+01,3.617186e+01,3.617186e+01,3.617186e+01,3.617186e+01,3.617186e+01,3.617186e+01,3.617186e+01,3.617186e+01,3.617186e+01,3.617186e+01,3.617186e+01,3.617186e+01,3.617186e+01,3.617186e+01,3.617186e+01,3.617186e+01,3.617186e+01,3.617186e+01,3.617186e+01,3.617186e+01,3.617186e+01,3.617186e+01,3.617186e+01,3.617186e+01,3.617186e+01,3.617186e+01,3.617186e+01,3.617186e+01,3.617186e+01,3.617186e+01,3.617186e+01,3.560489e+01,3.615807e+01,3.589566e+01,3.590948e+01,3.584033e+01,3.584033e+01,3.527163e+01,3.535504e+01,3.535504e+01,3.535504e+01,3.535504e+01,3.535504e+01,3.535504e+01,3.535504e+01,3.535504e+01,3.478378e+01,3.488153e+01,3.488153e+01,3.488153e+01,3.488153e+01,3.488153e+01,3.488153e+01,3.488153e+01,3.488153e+01,3.430776e+01,3.432179e+01,3.436387e+01,3.436387e+01,3.436387e+01,3.436387e+01,3.436387e+01,3.436387e+01,3.436387e+01,3.436387e+01,3.436387e+01,3.378732e+01,3.388598e+01,3.388598e+01,3.388598e+01,3.388598e+01,3.388598e+01,3.388598e+01,3.388598e+01,3.388598e+01,3.388598e+01,3.388598e+01,3.388598e+01,3.388598e+01,3.388598e+01,3.339180e+01,3.339180e+01,3.339180e+01,3.339180e+01,3.339180e+01,3.339180e+01,3.339180e+01,3.339180e+01,3.339180e+01,3.339180e+01,3.339180e+01,3.339180e+01,3.339180e+01,3.339180e+01,3.339180e+01,3.339180e+01,3.339180e+01,3.339180e+01,3.339180e+01,3.339180e+01,3.339180e+01,3.339180e+01,3.339180e+01,3.339180e+01,3.339180e+01,3.339180e+01,3.339180e+01,3.339180e+01,3.339180e+01,3.339180e+01,3.339180e+01,3.339180e+01,3.339180e+01,3.339180e+01,3.339180e+01,3.339180e+01,3.397047e+01,3.397047e+01,3.397047e+01,3.397047e+01,3.397047e+01,3.397047e+01,3.397047e+01,3.397047e+01,3.397047e+01,3.397047e+01,3.426566e+01,3.426566e+01,3.426566e+01,3.426566e+01,3.426566e+01,3.426566e+01,3.483965e+01,3.483965e+01,3.483965e+01,3.483965e+01,3.483965e+01,3.483965e+01,3.483965e+01,3.483965e+01,3.483965e+01,3.483965e+01,3.483965e+01,3.483965e+01,3.483965e+01,3.483965e+01,3.483965e+01,3.483965e+01,3.483965e+01,3.483965e+01,3.483965e+01,3.483965e+01,3.483965e+01,3.426566e+01,3.434985e+01,3.443397e+01,3.443397e+01,3.443397e+01,3.443397e+01,3.443397e+01,3.443397e+01,3.443397e+01,3.443397e+01,3.443397e+01,3.443397e+01,3.443397e+01,3.443397e+01,3.443397e+01,3.443397e+01,3.443397e+01,3.443397e+01,3.443397e+01,3.443397e+01,3.443397e+01,3.443397e+01,3.443397e+01,3.443397e+01,3.443397e+01,3.443397e+01,3.443397e+01,3.443397e+01,3.443397e+01,3.443397e+01,3.443397e+01,3.443397e+01,3.443397e+01,3.443397e+01,3.443397e+01,3.443397e+01,3.443397e+01,3.443397e+01,3.443397e+01,3.443397e+01,3.443397e+01,3.443397e+01,3.443397e+01,3.500707e+01,3.492339e+01,3.492339e+01,3.492339e+01,3.492339e+01,3.434985e+01,3.443397e+01,3.443397e+01,3.443397e+01,3.500707e+01,3.492339e+01,3.492339e+01,3.492339e+01,3.492339e+01,3.492339e+01,3.492339e+01,3.492339e+01,3.492339e+01,3.492339e+01,3.492339e+01,3.492339e+01,3.492339e+01,3.492339e+01,3.492339e+01,3.492339e+01,3.492339e+01,3.492339e+01,3.492339e+01,3.492339e+01,3.492339e+01,3.492339e+01,3.492339e+01,3.492339e+01,3.492339e+01,3.492339e+01,3.492339e+01,3.549392e+01,3.541061e+01,3.532724e+01,3.532724e+01,3.532724e+01,3.532724e+01,3.532724e+01,3.532724e+01
3.427969e+01,3.427969e+01,3.427969e+01,3.427969e+01,3.427969e+01,3.427969e+01,3.427969e+01,3.427969e+01,3.427969e+01,3.427969e+01,3.427969e+01,3.427969e+01,3.427969e+01,3.475584e+01,3.475584e+01,3.475584e+01,3.475584e+01,3.475584e+01,3.475584e+01,3.475584e+01,3.532724e+01,3.467197e+01,3.493734e+01,3.502101e+01,3.502101e+01,3.502101e+01,3.559103e+01,3.550779e+01,3.550779e+01,3.550779e+01,3.550779e+01,3.550779e+01,3.550779e+01,3.607527e+01,3.599241e+01,3.599241e+01,3.599241e+01,3.599241e+01,3.599241e+01,3.599241e+01,3.599241e+01,3.599241e+01,3.599241e+01,3.628214e+01,3.628214e+01,3.628214e+01,3.684562e+01,3.684562e+01,3.740622e+01,3.731071e+01,3.740622e+01,3.796399e+01,3.788254e+01,3.788254e+01,3.788254e+01,3.843793e+01,3.839738e+01,3.839738e+01,3.839738e+01,3.895021e+01,3.886948e+01,3.896367e+01,3.900400e+01,3.911150e+01,3.966082e+01,3.967419e+01,3.970091e+01,3.970091e+01,4.024737e+01,4.026067e+01,4.034040e+01,4.034040e+01,4.088379e+01,4.089701e+01,4.087056e+01,4.087056e+01,4.087056e+01,4.087056e+01,4.141142e+01,4.142458e+01,4.143774e+01,4.143774e+01,4.143774e+01,4.143774e+01,4.205447e+01,4.205447e+01,4.205447e+01,4.205447e+01,4.205447e+01,4.247248e+01,4.247248e+01,4.247248e+01,4.247248e+01,4.247248e+01,4.247248e+01,4.247248e+01,4.292796e+01,4.292796e+01,4.292796e+01,4.292796e+01,4.345923e+01,4.336870e+01,4.327810e+01,4.327810e+01,4.327810e+01,4.327810e+01,4.327810e+01,4.327810e+01,4.327810e+01,4.380777e+01,4.361427e+01,4.353678e+01,4.345923e+01,4.345923e+01,4.345923e+01,4.345923e+01,4.345923e+01,4.345923e+01,4.345923e+01,4.345923e+01,4.345923e+01,4.345923e+01,4.345923e+01,4.345923e+01,4.345923e+01,4.345923e+01,4.345923e+01,4.345923e+01,4.373041e+01,4.373041e+01,4.373041e+01,4.373041e+01,4.373041e+01,4.373041e+01,4.373041e+01,4.373041e+01,4.373041e+01,4.373041e+01,4.329104e+01,4.365300e+01,4.345923e+01,4.326514e+01,4.307073e+01,4.307073e+01,4.307073e+01,4.307073e+01,4.307073e+01,4.307073e+01,4.307073e+01,4.278500e+01,4.258978e+01,4.251160e+01,4.251160e+01,4.251160e+01,4.251160e+01,4.251160e+01,4.251160e+01,4.251160e+01,4.251160e+01,4.228979e+01,4.209373e+01,4.201521e+01,4.201521e+01,4.155610e+01,4.171371e+01,4.162180e+01,4.158238e+01,4.138510e+01,4.110833e+01,4.110833e+01,4.110833e+01,4.110833e+01,4.110833e+01,4.110833e+01,4.105554e+01,4.085734e+01,4.077797e+01,4.075150e+01,4.057928e+01,4.049971e+01,4.042009e+01,4.039353e+01,4.015426e+01,3.999446e+01,3.999446e+01,3.999446e+01,3.999446e+01,3.999446e+01,3.960735e+01,3.960735e+01,3.960735e+01,3.960735e+01,3.960735e+01,3.889640e+01,3.889640e+01,3.944677e+01,3.924573e+01,3.897711e+01,3.897711e+01,3.850547e+01,3.850547e+01,3.850547e+01,3.850547e+01,3.850547e+01,3.850547e+01,3.850547e+01,3.812671e+01,3.812671e+01,3.812671e+01,3.812671e+01,3.812671e+01,3.812671e+01,3.759700e+01,3.759700e+01,3.759700e+01,3.759700e+01,3.759700e+01,3.759700e+01,3.759700e+01,3.759700e+01,3.759700e+01,3.759700e+01,3.759700e+01,3.759700e+01,3.759700e+01,3.759700e+01,3.759700e+01,3.759700e+01,3.759700e+01,3.759700e+01,3.759700e+01,3.759700e+01,3.759700e+01,3.759700e+01,3.759700e+01,3.759700e+01,3.759700e+01,3.759700e+01,3.759700e+01,3.759700e+01,3.759700e+01,3.759700e+01,3.759700e+01,3.759700e+01,3.759700e+01,3.759700e+01,3.759700e+01,3.759700e+01,3.759700e+01,3.759700e+01,3.759700e+01,3.759700e+01,3.759700e+01,3.714679e+01,3.705105e+01,3.700999e+01,3.692784e+01,3.692784e+01,3.692784e+01,3.692784e+01,3.692784e+01,3.692784e+01,3.692784e+01,3.692784e+01,3.692784e+01,3.692784e+01,3.692784e+01,3.692784e+01,3.692784e+01,3.692784e+01,3.692784e+01,3.692784e+01,3.692784e+01,3.677706e+01,3.657112e+01,3.648863e+01,3.648863e+01,3.648863e+01,3.648863e+01,3.648863e+01,3.648863e+01,3.648863e+01,3.648863e+01,3.648863e+01,3.648863e+01,3.648863e+01,3.648863e+01,3.648863e+01,3.648863e+01,3.648863e+01,3.648863e+01,3.648863e+01,3.648863e+01,3.648863e+01,3.592331e+01,3.600622e+01,3.600622e+01,3.600622e+01,3.600622e+01,3.600622e+01,3.600622e+01,3.600622e+01,3.600622e+01,3.600622e+01,3.600622e+01,3.600622e+01,3.600622e+01,3.600622e+01,3.600622e+01,3.600622e+01,3.600622e+01,3.600622e+01,3.543839e+01,3.608907e+01,3.599241e+01,3.599241e+01,3.599241e+01,3.599241e+01,3.599241e+01,3.599241e+01,3.599241e+01,3.542450e+01,3.552167e+01,3.608907e+01,3.599241e+01,3.599241e+01,3.599241e+01,3.599241e+01,3.599241e+01,3.599241e+01,3.599241e+01,3.599241e+01,3.599241e+01,3.599241e+01,3.599241e+01,3.599241e+01,3.599241e+01,3.599241e+01,3.599241e+01,3.599241e+01,3.655737e+01,3.635102e+01,3.625458e+01,3.622702e+01,3.622702e+01,3.679078e+01,3.658486e+01,3.648863e+01,3.648863e+01,3.648863e+01,3.648863e+01,3.648863e+01,3.648863e+01,3.648863e+01,3.648863e+01,3.648863e+01,3.648863e+01,3.648863e+01,3.648863e+01,3.648863e+01,3.648863e+01,3.648863e+01,3.648863e+01,3.679078e+01,3.679078e+01,3.679078e+01,3.679078e+01,3.679078e+01,3.679078e+01,3.679078e+01,3.679078e+01,3.679078e+01,3.679078e+01,3.679078e+01,3.679078e+01,3.679078e+01,3.679078e+01,3.679078e+01,3.679078e+01,3.679078e+01,3.679078e+01,3.679078e+01,3.735165e+01,3.733801e+01,3.709209e+01,3.728341e+01,3.707841e+01,3.687303e+01,3.687303e+01,3.687303e+01,3.687303e+01,3.687303e+01,3.687303e+01,3.687303e+01,3.687303e+01,3.687303e+01,3.687303e+01,3.687303e+01,3.687303e+01,3.687303e+01,3.687303e+01,3.687303e+01,3.673590e+01,3.652988e+01,3.644736e+01,3.644736e+01,3.644736e+01,3.644736e+01,3.644736e+01,3.644736e+01,3.644736e+01,3.644736e+01,3.644736e+01,3.644736e+01,3.644736e+01,3.588183e+01,3.596477e+01,3.596477e+01,3.596477e+01,3.596477e+01,3.652988e+01,3.644736e+01,3.644736e+01,3.644736e+01,3.644736e+01,3.644736e+01,3.644736e+01,3.644736e+01,3.644736e+01,3.644736e+01,3.644736e+01,3.617186e+01,3.607527e+01,3.607527e+01,3.607527e+01,3.550779e+01,3.606146e+01,3.581266e+01,3.560489e+01,3.560489e+01,3.560489e+01,3.560489e+01,3.560489e+01,3.560489e+01,3.560489e+01,3.560489e+01,3.535504e+01,3.514639e+01,3.514639e+01,3.514639e+01,3.514639e+01,3.514639e+01,3.457403e+01,3.465798e+01,3.456003e+01,3.449002e+01,3.449002e+01,3.449002e+01,3.449002e+01,3.449002e+01,3.449002e+01,3.449002e+01,3.449002e+01,3.449002e+01,3.449002e+01,3.449002e+01,3.449002e+01,3.388598e+01,3.388598e+01,3.388598e+01,3.388598e+01,3.388598e+01,3.388598e+01,3.388598e+01,3.388598e+01,3.388598e+01,3.388598e+01,3.388598e+01,3.388598e+01,3.388598e+01,3.388598e+01,3.388598e+01,3.339180e+01,3.339180e+01,3.339180e+01,3.339180e+01,3.339180e+01,3.339180e+01,3.339180e+01,3.339180e+01,3.339180e+01,3.339180e+01,3.339180e+01,3.339180e+01,3.339180e+01,3.339180e+01,3.339180e+01,3.339180e+01,3.339180e+01,3.339180e+01,3.339180e+01,3.339180e+01,3.339180e+01,3.339180e+01,3.339180e+01,3.339180e+01,3.339180e+01,3.339180e+01,3.339180e+01,3.339180e+01,3.339180e+01,3.339180e+01,3.339180e+01,3.339180e+01,3.339180e+01,3.339180e+01,3.397047e+01,3.397047e+01,3.397047e+01,3.397047e+01,3.397047e+01,3.397047e+01,3.397047e+01,3.397047e+01,3.397047e+01,3.454603e+01,3.450402e+01,3.450402e+01,3.450402e+01,3.450402e+01,3.450402e+01,3.450402e+01,3.450402e+01,3.450402e+01,3.450402e+01,3.450402e+01,3.450402e+01,3.450402e+01,3.450402e+01,3.483965e+01,3.483965e+01,3.483965e+01,3.483965e+01,3.483965e+01,3.483965e+01,3.483965e+01,3.483965e+01,3.483965e+01,3.483965e+01,3.483965e+01,3.483965e+01,3.483965e+01,3.483965e+01,3.483965e+01,3.483965e+01,3.483965e+01,3.483965e+01,3.483965e+01,3.483965e+01,3.483965e+01,3.483965e+01,3.483965e+01,3.443397e+01,3.443397e+01,3.443397e+01,3.443397e+01,3.443397e+01,3.443397e+01,3.443397e+01,3.443397e+01,3.443397e+01,3.443397e+01,3.443397e+01,3.443397e+01,3.443397e+01,3.443397e+01,3.443397e+01,3.443397e+01,3.443397e+01,3.443397e+01,3.443397e+01,3.443397e+01,3.443397e+01,3.443397e+01,3.443397e+01,3.443397e+01,3.443397e+01,3.443397e+01,3.443397e+01,3.443397e+01,3.443397e+01,3.443397e+01,3.443397e+01,3.443397e+01,3.443397e+01,3.443397e+01,3.500707e+01,3.500707e+01,3.500707e+01,3.500707e+01,3.500707e+01,3.492339e+01,3.471391e+01,3.471391e+01,3.471391e+01,3.471391e+01,3.471391e+01,3.471391e+01,3.471391e+01,3.471391e+01,3.471391e+01,3.471391e+01,3.471391e+01,3.471391e+01,3.471391e+01,3.471391e+01,3.471391e+01,3.528554e+01,3.520207e+01,3.520207e+01,3.520207e+01,3.520207e+01,3.520207e+01,3.520207e+01,3.520207e+01,3.520207e+01,3.520207e+01,3.520207e+01,3.520207e+01,3.520207e+01,3.520207e+01,3.520207e+01,3.520207e+01,3.520207e+01,3.520207e+01,3.520207e+01,3.520207e+01,3.520207e+01,3.520207e+01,3.520207e+01
3.427969e+01,3.427969e+01,3.427969e+01,3.427969e+01,3.427969e+01,3.427969e+01,3.427969e+01,3.427969e+01,3.427969e+01,3.427969e+01,3.427969e+01,3.427969e+01,3.427969e+01,3.427969e+01,3.475584e+01,3.475584e+01,3.475584e+01,3.475584e+01,3.475584e+01,3.475584e+01,3.475584e+01,3.475584e+01,3.532724e+01,3.524381e+01,3.524381e+01,3.524381e+01,3.524381e+01,3.524381e+01,3.524381e+01,3.524381e+01,3.581266e+01,3.572960e+01,3.582650e+01,3.589566e+01,3.589566e+01,3.589566e+01,3.589566e+01,3.589566e+01,3.589566e+01,3.589566e+01,3.589566e+01,3.589566e+01,3.646112e+01,3.641985e+01,3.641985e+01,3.641985e+01,3.684562e+01,3.694154e+01,3.709209e+01,3.717413e+01,3.736530e+01,3.761061e+01,3.769226e+01,3.824860e+01,3.824860e+01,3.826213e+01,3.826213e+01,3.881563e+01,3.881563e+01,3.877522e+01,3.877522e+01,3.932619e+01,3.924573e+01,3.933960e+01,3.990114e+01,3.990114e+01,3.990114e+01,3.990114e+01,4.024737e+01,4.024737e+01,4.024737e+01,4.079120e+01,4.079120e+01,4.079120e+01,4.133244e+01,4.113472e+01,4.167433e+01,4.104234e+01,4.112152e+01,4.175309e+01,4.166120e+01,4.166120e+01,4.166120e+01,4.166120e+01,4.205447e+01,4.205447e+01,4.205447e+01,4.205447e+01,4.258978e+01,4.255069e+01,4.255069e+01,4.255069e+01,4.255069e+01,4.308371e+01,4.288898e+01,4.288898e+01,4.275899e+01,4.275899e+01,4.329104e+01,4.329104e+01,4.329104e+01,4.329104e+01,4.329104e+01,4.329104e+01,4.329104e+01,4.329104e+01,4.329104e+01,4.382066e+01,4.371751e+01,4.371751e+01,4.371751e+01,4.371751e+01,4.371751e+01,4.371751e+01,4.371751e+01,4.371751e+01,4.371751e+01,4.371751e+01,4.371751e+01,4.371751e+01,4.371751e+01,4.371751e+01,4.371751e+01,4.371751e+01,4.371751e+01,4.371751e+01,4.371751e+01,4.424520e+01,4.420667e+01,4.401382e+01,4.445048e+01,4.425804e+01,4.406528e+01,4.398809e+01,4.398809e+01,4.398809e+01,4.398809e+01,4.398809e+01,4.398809e+01,4.365300e+01,4.365300e+01,4.365300e+01,4.365300e+01,4.365300e+01,4.365300e+01,4.307073e+01,4.307073e+01,4.307073e+01,4.307073e+01,4.307073e+01,4.307073e+01,4.307073e+01,4.251160e+01,4.304479e+01,4.285000e+01,4.277200e+01,4.277200e+01,4.277200e+01,4.223754e+01,4.231591e+01,4.231591e+01,4.231591e+01,4.201521e+01,4.184489e+01,4.176620e+01,4.176620e+01,4.176620e+01,4.176620e+01,4.176620e+01,4.164807e+01,4.145090e+01,4.137194e+01,4.137194e+01,4.083089e+01,4.091023e+01,4.091023e+01,4.091023e+01,4.091023e+01,4.091023e+01,4.049971e+01,4.049971e+01,4.049971e+01,4.049971e+01,4.049971e+01,4.049971e+01,4.049971e+01,4.049971e+01,3.999446e+01,3.975434e+01,3.975434e+01,3.975434e+01,3.975434e+01,3.975434e+01,3.944677e+01,3.933960e+01,3.935300e+01,3.935300e+01,3.897711e+01,3.888294e+01,3.880216e+01,3.872132e+01,3.872132e+01,3.872132e+01,3.872132e+01,3.872132e+01,3.816735e+01,3.872132e+01,3.851897e+01,3.843793e+01,3.835683e+01,3.835683e+01,3.835683e+01,3.815381e+01,3.795042e+01,3.786896e+01,3.786896e+01,3.786896e+01,3.786896e+01,3.786896e+01,3.786896e+01,3.786896e+01,3.786896e+01,3.786896e+01,3.786896e+01,3.786896e+01,3.786896e+01,3.786896e+01,3.786896e+01,3.786896e+01,3.786896e+01,3.786896e+01,3.786896e+01,3.786896e+01,3.786896e+01,3.786896e+01,3.786896e+01,3.786896e+01,3.786896e+01,3.786896e+01,3.786896e+01,3.786896e+01,3.786896e+01,3.786896e+01,3.786896e+01,3.786896e+01,3.786896e+01,3.786896e+01,3.786896e+01,3.786896e+01,3.786896e+01,3.786896e+01,3.786896e+01,3.786896e+01,3.786896e+01,3.786896e+01,3.786896e+01,3.748802e+01,3.784180e+01,3.765144e+01,3.746076e+01,3.782821e+01,3.765144e+01,3.747440e+01,3.729706e+01,3.721512e+01,3.713311e+01,3.713311e+01,3.713311e+01,3.713311e+01,3.713311e+01,3.713311e+01,3.713311e+01,3.713311e+01,3.677706e+01,3.677706e+01,3.677706e+01,3.677706e+01,3.677706e+01,3.677706e+01,3.677706e+01,3.677706e+01,3.677706e+01,3.677706e+01,3.677706e+01,3.677706e+01,3.677706e+01,3.677706e+01,3.677706e+01,3.677706e+01,3.677706e+01,3.677706e+01,3.677706e+01,3.677706e+01,3.648863e+01,3.622702e+01,3.670845e+01,3.652988e+01,3.635102e+01,3.626836e+01,3.626836e+01,3.626836e+01,3.626836e+01,3.626836e+01,3.626836e+01,3.626836e+01,3.626836e+01,3.626836e+01,3.626836e+01,3.626836e+01,3.626836e+01,3.626836e+01,3.626836e+01,3.626836e+01,3.626836e+01,3.626836e+01,3.626836e+01,3.626836e+01,3.626836e+01,3.626836e+01,3.626836e+01,3.626836e+01,3.626836e+01,3.608907e+01,3.599241e+01,3.599241e+01,3.599241e+01,3.599241e+01,3.599241e+01,3.599241e+01,3.599241e+01,3.599241e+01,3.599241e+01,3.599241e+01,3.655737e+01,3.637855e+01,3.629592e+01,3.621323e+01,3.677706e+01,3.659860e+01,3.648863e+01,3.646112e+01,3.646112e+01,3.646112e+01,3.646112e+01,3.702368e+01,3.692784e+01,3.692784e+01,3.692784e+01,3.692784e+01,3.692784e+01,3.692784e+01,3.692784e+01,3.692784e+01,3.692784e+01,3.692784e+01,3.692784e+01,3.692784e+01,3.692784e+01,3.692784e+01,3.692784e+01,3.692784e+01,3.692784e+01,3.692784e+01,3.692784e+01,3.692784e+01,3.692784e+01,3.692784e+01,3.692784e+01,3.692784e+01,3.692784e+01,3.692784e+01,3.748802e+01,3.731071e+01,3.713311e+01,3.705105e+01,3.705105e+01,3.705105e+01,3.705105e+01,3.705105e+01,3.705105e+01,3.761061e+01,3.750165e+01,3.740622e+01,3.740622e+01,3.740622e+01,3.740622e+01,3.740622e+01,3.740622e+01,3.687303e+01,3.687303e+01,3.687303e+01,3.687303e+01,3.743349e+01,3.725610e+01,3.717413e+01,3.709209e+01,3.709209e+01,3.709209e+01,3.709209e+01,3.709209e+01,3.652988e+01,3.717413e+01,3.694154e+01,3.694154e+01,3.694154e+01,3.694154e+01,3.694154e+01,3.694154e+01,3.644736e+01,3.644736e+01,3.644736e+01,3.644736e+01,3.644736e+01,3.644736e+01,3.644736e+01,3.644736e+01,3.644736e+01,3.644736e+01,3.644736e+01,3.644736e+01,3.644736e+01,3.644736e+01,3.644736e+01,3.644736e+01,3.644736e+01,3.644736e+01,3.644736e+01,3.644736e+01,3.644736e+01,3.644736e+01,3.644736e+01,3.588183e+01,3.597859e+01,3.597859e+01,3.597859e+01,3.597859e+01,3.597859e+01,3.597859e+01,3.597859e+01,3.597859e+01,3.597859e+01,3.560489e+01,3.560489e+01,3.560489e+01,3.560489e+01,3.560489e+01,3.503495e+01,3.513247e+01,3.513247e+01,3.513247e+01,3.513247e+01,3.513247e+01,3.513247e+01,3.513247e+01,3.456003e+01,3.456003e+01,3.456003e+01,3.456003e+01,3.456003e+01,3.456003e+01,3.456003e+01,3.456003e+01,3.456003e+01,3.456003e+01,3.456003e+01,3.456003e+01,3.456003e+01,3.446200e+01,3.427969e+01,3.418140e+01,3.408302e+01,3.408302e+01,3.408302e+01,3.408302e+01,3.408302e+01,3.408302e+01,3.408302e+01,3.408302e+01,3.408302e+01,3.408302e+01,3.350495e+01,3.350495e+01,3.357561e+01,3.357561e+01,3.357561e+01,3.357561e+01,3.357561e+01,3.357561e+01,3.357561e+01,3.357561e+01,3.357561e+01,3.357561e+01,3.357561e+01,3.357561e+01,3.357561e+01,3.357561e+01,3.357561e+01,3.357561e+01,3.357561e+01,3.357561e+01,3.357561e+01,3.357561e+01,3.357561e+01,3.357561e+01,3.357561e+01,3.357561e+01,3.357561e+01,3.357561e+01,3.357561e+01,3.357561e+01,3.357561e+01,3.357561e+01,3.357561e+01,3.357561e+01,3.357561e+01,3.357561e+01,3.357561e+01,3.357561e+01,3.397047e+01,3.397047e+01,3.397047e+01,3.397047e+01,3.397047e+01,3.397047e+01,3.397047e+01,3.454603e+01,3.454603e+01,3.454603e+01,3.454603e+01,3.454603e+01,3.454603e+01,3.454603e+01,3.454603e+01,3.454603e+01,3.454603e+01,3.454603e+01,3.454603e+01,3.454603e+01,3.454603e+01,3.483965e+01,3.483965e+01,3.483965e+01,3.483965e+01,3.483965e+01,3.483965e+01,3.483965e+01,3.483965e+01,3.483965e+01,3.483965e+01,3.483965e+01,3.483965e+01,3.483965e+01,3.483965e+01,3.483965e+01,3.483965e+01,3.483965e+01,3.483965e+01,3.483965e+01,3.483965e+01,3.483965e+01,3.483965e+01,3.483965e+01,3.483965e+01,3.483965e+01,3.483965e+01,3.483965e+01,3.483965e+01,3.483965e+01,3.483965e+01,3.443397e+01,3.443397e+01,3.443397e+01,3.443397e+01,3.443397e+01,3.443397e+01,3.443397e+01,3.443397e+01,3.443397e+01,3.443397e+01,3.500707e+01,3.482569e+01,3.472789e+01,3.463000e+01,3.463000e+01,3.463000e+01,3.463000e+01,3.463000e+01,3.463000e+01,3.463000e+01,3.463000e+01,3.463000e+01,3.463000e+01,3.463000e+01,3.463000e+01,3.463000e+01,3.463000e+01,3.463000e+01,3.463000e+01,3.463000e+01,3.463000e+01,3.463000e+01,3.463000e+01,3.463000e+01,3.463000e+01,3.463000e+01,3.463000e+01,3.463000e+01,3.463000e+01,3.463000e+01,3.463000e+01,3.463000e+01,3.463000e+01,3.463000e+01,3.463000e+01,3.520207e+01,3.502101e+01,3.502101e+01,3.510462e+01,3.510462e+01,3.510462e+01,3.510462e+01,3.510462e+01,3.510462e+01,3.510462e+01,3.510462e+01,3.510462e+01,3.510462e+01,3.510462e+01,3.510462e+01,3.510462e+01,3.510462e+01,3.510462e+01,3.510462e+01,3.510462e+01,3.510462e+01,3.510462e+01,3.567419e+01,3.549392e+01,3.539672e+01,3.539672e+01
3.427969e+01,3.427969e+01,3.427969e+01,3.427969e+01,3.427969e+01,3.427969e+01,3.427969e+01,3.427969e+01,3.427969e+01,3.427969e+01,3.427969e+01,3.427969e+01,3.427969e+01,3.485361e+01,3.475584e+01,3.475584e+01,3.475584e+01,3.475584e+01,3.475584e+01,3.475584e+01,3.475584e+01,3.475584e+01,3.532724e+01,3.532724e+01,3.532724e+01,3.532724e+01,3.532724e+01,3.532724e+01,3.532724e+01,3.532724e+01,3.532724e+01,3.532724e+01,3.582650e+01,3.582650e+01,3.582650e+01,3.582650e+01,3.582650e+01,3.582650e+01,3.582650e+01,3.582650e+01,3.582650e+01,3.639232e+01,3.636478e+01,3.636478e+01,3.636478e+01,3.692784e+01,3.688674e+01,3.688674e+01,3.744713e+01,3.735165e+01,3.735165e+01,3.790970e+01,3.790970e+01,3.795042e+01,3.804538e+01,3.859996e+01,3.859996e+01,3.864043e+01,3.864043e+01,3.919206e+01,3.919206e+01,3.915179e+01,3.915179e+01,3.970091e+01,3.972763e+01,3.972763e+01,4.027396e+01,4.026067e+01,4.020747e+01,4.020747e+01,4.075150e+01,4.069854e+01,4.069854e+01,4.069854e+01,4.133244e+01,4.122703e+01,4.151666e+01,4.133244e+01,4.133244e+01,4.146405e+01,4.155610e+01,4.155610e+01,4.209373e+01,4.204139e+01,4.200212e+01,4.200212e+01,4.253766e+01,4.243336e+01,4.242032e+01,4.242032e+01,4.242032e+01,4.295393e+01,4.295393e+01,4.291497e+01,4.291497e+01,4.291497e+01,4.291497e+01,4.344630e+01,4.335576e+01,4.335576e+01,4.335576e+01,4.335576e+01,4.335576e+01,4.388509e+01,4.371751e+01,4.407814e+01,4.397522e+01,4.388509e+01,4.388509e+01,4.388509e+01,4.388509e+01,4.388509e+01,4.388509e+01,4.388509e+01,4.388509e+01,4.388509e+01,4.388509e+01,4.388509e+01,4.388509e+01,4.388509e+01,4.388509e+01,4.388509e+01,4.388509e+01,4.388509e+01,4.388509e+01,4.388509e+01,4.388509e+01,4.424520e+01,4.424520e+01,4.424520e+01,4.424520e+01,4.477051e+01,4.441201e+01,4.424520e+01,4.424520e+01,4.424520e+01,4.424520e+01,4.424520e+01,4.424520e+01,4.418097e+01,4.401382e+01,4.392372e+01,4.383355e+01,4.383355e+01,4.383355e+01,4.360136e+01,4.343337e+01,4.334282e+01,4.325219e+01,4.325219e+01,4.325219e+01,4.325219e+01,4.325219e+01,4.325219e+01,4.325219e+01,4.325219e+01,4.277200e+01,4.321333e+01,4.269394e+01,4.252463e+01,4.252463e+01,4.252463e+01,4.252463e+01,4.252463e+01,4.230285e+01,4.213297e+01,4.204139e+01,4.194973e+01,4.194973e+01,4.194973e+01,4.194973e+01,4.137194e+01,4.129292e+01,4.166120e+01,4.149036e+01,4.131926e+01,4.122703e+01,4.113472e+01,4.110833e+01,4.084412e+01,4.075150e+01,4.075150e+01,4.075150e+01,4.075150e+01,4.075150e+01,4.075150e+01,4.075150e+01,4.053951e+01,4.012764e+01,4.003443e+01,3.994115e+01,3.994115e+01,3.994115e+01,3.994115e+01,3.933960e+01,3.933960e+01,3.933960e+01,3.933960e+01,3.933960e+01,3.933960e+01,3.933960e+01,3.933960e+01,3.872132e+01,3.872132e+01,3.872132e+01,3.816735e+01,3.897711e+01,3.851897e+01,3.851897e+01,3.851897e+01,3.851897e+01,3.851897e+01,3.851897e+01,3.851897e+01,3.851897e+01,3.842442e+01,3.824860e+01,3.815381e+01,3.805894e+01,3.805894e+01,3.805894e+01,3.805894e+01,3.805894e+01,3.805894e+01,3.805894e+01,3.805894e+01,3.805894e+01,3.805894e+01,3.805894e+01,3.805894e+01,3.805894e+01,3.805894e+01,3.805894e+01,3.805894e+01,3.805894e+01,3.805894e+01,3.805894e+01,3.805894e+01,3.805894e+01,3.861345e+01,3.843793e+01,3.826213e+01,3.872132e+01,3.854597e+01,3.837035e+01,3.819444e+01,3.811316e+01,3.811316e+01,3.811316e+01,3.811316e+01,3.811316e+01,3.811316e+01,3.811316e+01,3.811316e+01,3.811316e+01,3.811316e+01,3.811316e+01,3.811316e+01,3.811316e+01,3.811316e+01,3.782821e+01,3.782821e+01,3.782821e+01,3.782821e+01,3.782821e+01,3.782821e+01,3.782821e+01,3.769226e+01,3.751528e+01,3.743349e+01,3.735165e+01,3.735165e+01,3.735165e+01,3.735165e+01,3.735165e+01,3.735165e+01,3.677706e+01,3.677706e+01,3.733801e+01,3.716046e+01,3.707841e+01,3.699631e+01,3.699631e+01,3.699631e+01,3.699631e+01,3.699631e+01,3.699631e+01,3.699631e+01,3.699631e+01,3.699631e+01,3.699631e+01,3.699631e+01,3.699631e+01,3.648863e+01,3.687303e+01,3.677706e+01,3.621323e+01,3.629592e+01,3.629592e+01,3.629592e+01,3.629592e+01,3.629592e+01,3.629592e+01,3.629592e+01,3.685933e+01,3.668100e+01,3.659860e+01,3.651613e+01,3.651613e+01,3.651613e+01,3.651613e+01,3.651613e+01,3.651613e+01,3.651613e+01,3.651613e+01,3.651613e+01,3.651613e+01,3.651613e+01,3.651613e+01,3.651613e+01,3.651613e+01,3.651613e+01,3.651613e+01,3.651613e+01,3.651613e+01,3.651613e+01,3.651613e+01,3.651613e+01,3.651613e+01,3.651613e+01,3.651613e+01,3.651613e+01,3.651613e+01,3.651613e+01,3.651613e+01,3.651613e+01,3.651613e+01,3.707841e+01,3.681820e+01,3.681820e+01,3.681820e+01,3.681820e+01,3.681820e+01,3.681820e+01,3.737894e+01,3.720145e+01,3.720145e+01,3.720145e+01,3.720145e+01,3.720145e+01,3.720145e+01,3.720145e+01,3.720145e+01,3.720145e+01,3.720145e+01,3.720145e+01,3.720145e+01,3.720145e+01,3.720145e+01,3.720145e+01,3.720145e+01,3.720145e+01,3.720145e+01,3.720145e+01,3.720145e+01,3.720145e+01,3.720145e+01,3.720145e+01,3.720145e+01,3.720145e+01,3.720145e+01,3.720145e+01,3.720145e+01,3.720145e+01,3.720145e+01,3.776026e+01,3.758338e+01,3.740622e+01,3.788254e+01,3.777385e+01,3.767866e+01,3.767866e+01,3.767866e+01,3.767866e+01,3.767866e+01,3.767866e+01,3.767866e+01,3.767866e+01,3.743349e+01,3.725610e+01,3.718779e+01,3.774666e+01,3.765144e+01,3.765144e+01,3.765144e+01,3.765144e+01,3.709209e+01,3.709209e+01,3.709209e+01,3.709209e+01,3.709209e+01,3.709209e+01,3.709209e+01,3.709209e+01,3.709209e+01,3.709209e+01,3.709209e+01,3.709209e+01,3.709209e+01,3.709209e+01,3.709209e+01,3.709209e+01,3.709209e+01,3.700999e+01,3.683191e+01,3.676334e+01,3.669473e+01,3.669473e+01,3.669473e+01,3.669473e+01,3.725610e+01,3.707841e+01,3.633725e+01,3.690044e+01,3.670845e+01,3.670845e+01,3.670845e+01,3.670845e+01,3.670845e+01,3.670845e+01,3.670845e+01,3.670845e+01,3.654363e+01,3.635102e+01,3.628214e+01,3.621323e+01,3.621323e+01,3.621323e+01,3.621323e+01,3.621323e+01,3.564648e+01,3.566034e+01,3.566034e+01,3.566034e+01,3.566034e+01,3.566034e+01,3.566034e+01,3.566034e+01,3.513247e+01,3.513247e+01,3.513247e+01,3.513247e+01,3.513247e+01,3.513247e+01,3.513247e+01,3.456003e+01,3.456003e+01,3.456003e+01,3.456003e+01,3.456003e+01,3.456003e+01,3.456003e+01,3.456003e+01,3.456003e+01,3.456003e+01,3.456003e+01,3.456003e+01,3.456003e+01,3.398454e+01,3.405489e+01,3.405489e+01,3.405489e+01,3.405489e+01,3.405489e+01,3.405489e+01,3.405489e+01,3.405489e+01,3.405489e+01,3.405489e+01,3.405489e+01,3.405489e+01,3.350495e+01,3.350495e+01,3.350495e+01,3.350495e+01,3.350495e+01,3.350495e+01,3.350495e+01,3.350495e+01,3.350495e+01,3.350495e+01,3.350495e+01,3.350495e+01,3.350495e+01,3.350495e+01,3.350495e+01,3.350495e+01,3.350495e+01,3.350495e+01,3.350495e+01,3.350495e+01,3.350495e+01,3.350495e+01,3.350495e+01,3.350495e+01,3.350495e+01,3.350495e+01,3.350495e+01,3.350495e+01,3.350495e+01,3.350495e+01,3.350495e+01,3.350495e+01,3.350495e+01,3.408302e+01,3.388598e+01,3.381552e+01,3.384371e+01,3.381552e+01,3.381552e+01,3.381552e+01,3.439191e+01,3.432179e+01,3.425162e+01,3.434985e+01,3.436387e+01,3.436387e+01,3.436387e+01,3.436387e+01,3.436387e+01,3.436387e+01,3.436387e+01,3.493734e+01,3.486757e+01,3.479775e+01,3.479775e+01,3.479775e+01,3.479775e+01,3.479775e+01,3.479775e+01,3.479775e+01,3.479775e+01,3.479775e+01,3.479775e+01,3.479775e+01,3.479775e+01,3.479775e+01,3.479775e+01,3.479775e+01,3.479775e+01,3.479775e+01,3.479775e+01,3.479775e+01,3.479775e+01,3.479775e+01,3.479775e+01,3.479775e+01,3.479775e+01,3.479775e+01,3.479775e+01,3.479775e+01,3.479775e+01,3.479775e+01,3.479775e+01,3.479775e+01,3.479775e+01,3.479775e+01,3.479775e+01,3.479775e+01,3.479775e+01,3.479775e+01,3.479775e+01,3.479775e+01,3.479775e+01,3.479775e+01,3.479775e+01,3.479775e+01,3.479775e+01,3.479775e+01,3.479775e+01,3.479775e+01,3.479775e+01,3.479775e+01,3.479775e+01,3.479775e+01,3.479775e+01,3.479775e+01,3.479775e+01,3.479775e+01,3.479775e+01,3.479775e+01,3.479775e+01,3.479775e+01,3.479775e+01,3.479775e+01,3.479775e+01,3.479775e+01,3.479775e+01,3.479775e+01,3.479775e+01,3.479775e+01,3.479775e+01,3.479775e+01,3.479775e+01,3.479775e+01,3.479775e+01,3.479775e+01,3.479775e+01,3.479775e+01,3.479775e+01,3.479775e+01,3.479775e+01,3.479775e+01,3.479775e+01,3.479775e+01,3.479775e+01,3.479775e+01,3.479775e+01,3.479775e+01,3.479775e+01,3.479775e+01,3.479775e+01,3.510462e+01,3.510462e+01,3.510462e+01,3.510462e+01,3.510462e+01,3.510462e+01,3.510462e+01,3.510462e+01,3.510462e+01,3.510462e+01,3.510462e+01,3.510462e+01,3.510462e+01,3.510462e+01,3.510462e+01,3.549392e+01,3.549392e+01,3.549392e+01
3.427969e+01,3.427969e+01,3.427969e+01,3.427969e+01,3.427969e+01,3.427969e+01,3.427969e+01,3.427969e+01,3.427969e+01,3.427969e+01,3.427969e+01,3.427969e+01,3.427969e+01,3.427969e+01,3.427969e+01,3.475584e+01,3.475584e+01,3.475584e+01,3.475584e+01,3.475584e+01,3.475584e+01,3.475584e+01,3.475584e+01,3.532724e+01,3.532724e+01,3.532724e+01,3.532724e+01,3.532724e+01,3.532724e+01,3.532724e+01,3.532724e+01,3.532724e+01,3.582650e+01,3.582650e+01,3.582650e+01,3.582650e+01,3.582650e+01,3.582650e+01,3.582650e+01,3.582650e+01,3.582650e+01,3.639232e+01,3.639232e+01,3.639232e+01,3.639232e+01,3.692784e+01,3.692784e+01,3.692784e+01,3.744713e+01,3.744713e+01,3.744713e+01,3.790970e+01,3.790970e+01,3.846495e+01,3.835683e+01,3.842442e+01,3.842442e+01,3.897711e+01,3.899056e+01,3.901744e+01,3.901744e+01,3.956723e+01,3.958060e+01,3.952709e+01,3.952709e+01,4.007439e+01,4.010102e+01,4.010102e+01,4.064555e+01,4.053951e+01,4.057928e+01,4.112152e+01,4.105554e+01,4.106874e+01,4.116110e+01,4.118748e+01,4.133244e+01,4.133244e+01,4.187111e+01,4.168746e+01,4.222448e+01,4.211989e+01,4.202830e+01,4.202830e+01,4.202830e+01,4.202830e+01,4.202830e+01,4.243336e+01,4.243336e+01,4.243336e+01,4.296691e+01,4.287599e+01,4.287599e+01,4.287599e+01,4.340751e+01,4.322629e+01,4.323924e+01,4.327810e+01,4.327810e+01,4.327810e+01,4.380777e+01,4.362718e+01,4.364009e+01,4.371751e+01,4.374331e+01,4.393660e+01,4.393660e+01,4.393660e+01,4.393660e+01,4.393660e+01,4.393660e+01,4.393660e+01,4.393660e+01,4.393660e+01,4.393660e+01,4.393660e+01,4.393660e+01,4.393660e+01,4.393660e+01,4.393660e+01,4.393660e+01,4.393660e+01,4.393660e+01,4.446329e+01,4.428371e+01,4.421951e+01,4.420667e+01,4.471936e+01,4.454018e+01,4.447611e+01,4.456579e+01,4.477051e+01,4.455298e+01,4.455298e+01,4.455298e+01,4.455298e+01,4.455298e+01,4.455298e+01,4.455298e+01,4.455298e+01,4.401382e+01,4.401382e+01,4.401382e+01,4.401382e+01,4.401382e+01,4.401382e+01,4.396235e+01,4.369171e+01,4.353678e+01,4.347216e+01,4.347216e+01,4.347216e+01,4.347216e+01,4.347216e+01,4.347216e+01,4.347216e+01,4.347216e+01,4.347216e+01,4.322629e+01,4.287599e+01,4.281101e+01,4.274598e+01,4.274598e+01,4.274598e+01,4.274598e+01,4.274598e+01,4.274598e+01,4.248552e+01,4.230285e+01,4.223754e+01,4.222448e+01,4.221141e+01,4.208064e+01,4.204139e+01,4.180556e+01,4.156924e+01,4.156924e+01,4.156924e+01,4.156924e+01,4.138510e+01,4.110833e+01,4.104234e+01,4.097630e+01,4.097630e+01,4.097630e+01,4.097630e+01,4.097630e+01,4.053951e+01,4.081766e+01,4.053951e+01,4.026067e+01,4.019417e+01,4.019417e+01,4.019417e+01,3.988781e+01,3.970091e+01,3.963409e+01,3.956723e+01,3.956723e+01,3.956723e+01,3.956723e+01,3.901744e+01,3.944677e+01,3.925914e+01,3.923232e+01,3.870784e+01,3.893676e+01,3.881563e+01,3.874828e+01,3.874828e+01,3.874828e+01,3.874828e+01,3.874828e+01,3.819444e+01,3.826213e+01,3.826213e+01,3.826213e+01,3.826213e+01,3.826213e+01,3.826213e+01,3.826213e+01,3.826213e+01,3.826213e+01,3.826213e+01,3.826213e+01,3.826213e+01,3.826213e+01,3.826213e+01,3.826213e+01,3.826213e+01,3.826213e+01,3.826213e+01,3.826213e+01,3.881563e+01,3.862694e+01,3.843793e+01,3.837035e+01,3.830272e+01,3.839738e+01,3.843793e+01,3.843793e+01,3.843793e+01,3.843793e+01,3.843793e+01,3.843793e+01,3.843793e+01,3.843793e+01,3.843793e+01,3.843793e+01,3.843793e+01,3.843793e+01,3.843793e+01,3.843793e+01,3.843793e+01,3.843793e+01,3.843793e+01,3.843793e+01,3.843793e+01,3.843793e+01,3.843793e+01,3.843793e+01,3.843793e+01,3.782821e+01,3.782821e+01,3.782821e+01,3.838387e+01,3.819444e+01,3.799113e+01,3.774666e+01,3.774666e+01,3.774666e+01,3.774666e+01,3.774666e+01,3.774666e+01,3.735165e+01,3.725610e+01,3.763783e+01,3.752890e+01,3.743349e+01,3.743349e+01,3.743349e+01,3.743349e+01,3.743349e+01,3.743349e+01,3.743349e+01,3.743349e+01,3.743349e+01,3.743349e+01,3.743349e+01,3.743349e+01,3.743349e+01,3.699631e+01,3.690044e+01,3.710577e+01,3.706473e+01,3.687303e+01,3.661234e+01,3.710577e+01,3.691414e+01,3.672218e+01,3.665354e+01,3.658486e+01,3.651613e+01,3.661234e+01,3.668100e+01,3.668100e+01,3.668100e+01,3.668100e+01,3.668100e+01,3.668100e+01,3.668100e+01,3.668100e+01,3.668100e+01,3.668100e+01,3.668100e+01,3.668100e+01,3.668100e+01,3.668100e+01,3.668100e+01,3.668100e+01,3.668100e+01,3.668100e+01,3.668100e+01,3.668100e+01,3.668100e+01,3.668100e+01,3.668100e+01,3.668100e+01,3.668100e+01,3.668100e+01,3.724244e+01,3.705105e+01,3.685933e+01,3.679078e+01,3.735165e+01,3.716046e+01,3.705105e+01,3.698262e+01,3.754252e+01,3.735165e+01,3.716046e+01,3.709209e+01,3.709209e+01,3.709209e+01,3.737894e+01,3.737894e+01,3.737894e+01,3.737894e+01,3.737894e+01,3.737894e+01,3.737894e+01,3.737894e+01,3.737894e+01,3.737894e+01,3.737894e+01,3.737894e+01,3.737894e+01,3.737894e+01,3.737894e+01,3.737894e+01,3.793685e+01,3.774666e+01,3.755614e+01,3.748802e+01,3.797756e+01,3.778744e+01,3.759700e+01,3.754252e+01,3.748802e+01,3.799113e+01,3.780103e+01,3.761061e+01,3.756976e+01,3.808606e+01,3.797756e+01,3.788254e+01,3.788254e+01,3.788254e+01,3.788254e+01,3.788254e+01,3.788254e+01,3.788254e+01,3.788254e+01,3.788254e+01,3.732436e+01,3.790970e+01,3.790970e+01,3.790970e+01,3.790970e+01,3.790970e+01,3.790970e+01,3.790970e+01,3.735165e+01,3.795042e+01,3.789612e+01,3.780103e+01,3.754252e+01,3.790970e+01,3.773306e+01,3.755614e+01,3.737894e+01,3.732436e+01,3.732436e+01,3.732436e+01,3.732436e+01,3.732436e+01,3.732436e+01,3.732436e+01,3.732436e+01,3.732436e+01,3.732436e+01,3.732436e+01,3.732436e+01,3.732436e+01,3.732436e+01,3.732436e+01,3.732436e+01,3.732436e+01,3.732436e+01,3.669473e+01,3.695523e+01,3.694154e+01,3.706473e+01,3.696893e+01,3.696893e+01,3.696893e+01,3.696893e+01,3.696893e+01,3.696893e+01,3.696893e+01,3.640608e+01,3.646112e+01,3.646112e+01,3.646112e+01,3.646112e+01,3.646112e+01,3.589566e+01,3.595095e+01,3.595095e+01,3.595095e+01,3.595095e+01,3.595095e+01,3.595095e+01,3.566034e+01,3.566034e+01,3.566034e+01,3.509069e+01,3.520207e+01,3.522990e+01,3.522990e+01,3.522990e+01,3.522990e+01,3.522990e+01,3.522990e+01,3.522990e+01,3.456003e+01,3.513247e+01,3.495129e+01,3.489548e+01,3.483965e+01,3.483965e+01,3.483965e+01,3.483965e+01,3.426566e+01,3.432179e+01,3.432179e+01,3.432179e+01,3.432179e+01,3.432179e+01,3.432179e+01,3.432179e+01,3.432179e+01,3.432179e+01,3.432179e+01,3.432179e+01,3.374501e+01,3.380142e+01,3.380142e+01,3.380142e+01,3.380142e+01,3.380142e+01,3.380142e+01,3.380142e+01,3.380142e+01,3.380142e+01,3.350495e+01,3.350495e+01,3.350495e+01,3.350495e+01,3.350495e+01,3.350495e+01,3.350495e+01,3.350495e+01,3.350495e+01,3.350495e+01,3.350495e+01,3.350495e+01,3.350495e+01,3.350495e+01,3.350495e+01,3.350495e+01,3.350495e+01,3.350495e+01,3.350495e+01,3.350495e+01,3.350495e+01,3.350495e+01,3.350495e+01,3.350495e+01,3.350495e+01,3.350495e+01,3.350495e+01,3.350495e+01,3.350495e+01,3.408302e+01,3.408302e+01,3.408302e+01,3.408302e+01,3.408302e+01,3.408302e+01,3.408302e+01,3.408302e+01,3.408302e+01,3.408302e+01,3.408302e+01,3.408302e+01,3.465798e+01,3.460202e+01,3.460202e+01,3.460202e+01,3.460202e+01,3.460202e+01,3.460202e+01,3.460202e+01,3.460202e+01,3.460202e+01,3.517424e+01,3.511855e+01,3.506282e+01,3.506282e+01,3.506282e+01,3.506282e+01,3.506282e+01,3.506282e+01,3.506282e+01,3.506282e+01,3.449002e+01,3.454603e+01,3.454603e+01,3.454603e+01,3.454603e+01,3.454603e+01,3.454603e+01,3.454603e+01,3.454603e+01,3.454603e+01,3.454603e+01,3.454603e+01,3.454603e+01,3.454603e+01,3.454603e+01,3.454603e+01,3.454603e+01,3.454603e+01,3.454603e+01,3.454603e+01,3.454603e+01,3.454603e+01,3.454603e+01,3.454603e+01,3.454603e+01,3.454603e+01,3.454603e+01,3.454603e+01,3.454603e+01,3.454603e+01,3.454603e+01,3.454603e+01,3.454603e+01,3.454603e+01,3.454603e+01,3.454603e+01,3.454603e+01,3.454603e+01,3.454603e+01,3.454603e+01,3.454603e+01,3.454603e+01,3.454603e+01,3.454603e+01,3.454603e+01,3.454603e+01,3.454603e+01,3.454603e+01,3.454603e+01,3.454603e+01,3.511855e+01,3.449002e+01,3.456003e+01,3.456003e+01,3.456003e+01,3.513247e+01,3.506282e+01,3.506282e+01,3.506282e+01,3.506282e+01,3.506282e+01,3.506282e+01,3.506282e+01,3.506282e+01,3.506282e+01,3.506282e+01,3.506282e+01,3.506282e+01,3.506282e+01,3.506282e+01,3.506282e+01,3.506282e+01,3.506282e+01,3.506282e+01,3.506282e+01,3.506282e+01,3.506282e+01,3.506282e+01,3.506282e+01,3.506282e+01,3.506282e+01,3.506282e+01,3.506282e+01,3.506282e+01,3.506282e+01,3.506282e+01,3.506282e+01,3.506282e+01,3.563261e+01,3.545227e+01,3.543839e+01,3.545227e+01,3.545227e+01,3.545227e+01
3.427969e+01,3.427969e+01,3.427969e+01,3.427969e+01,3.427969e+01,3.427969e+01,3.427969e+01,3.427969e+01,3.427969e+01,3.427969e+01,3.427969e+01,3.427969e+01,3.427969e+01,3.427969e+01,3.427969e+01,3.475584e+01,3.475584e+01,3.475584e+01,3.475584e+01,3.475584e+01,3.475584e+01,3.475584e+01,3.475584e+01,3.532724e+01,3.532724e+01,3.532724e+01,3.532724e+01,3.532724e+01,3.532724e+01,3.532724e+01,3.589566e+01,3.578498e+01,3.572960e+01,3.572960e+01,3.572960e+01,3.572960e+01,3.572960e+01,3.572960e+01,3.572960e+01,3.572960e+01,3.629592e+01,3.629592e+01,3.629592e+01,3.629592e+01,3.685933e+01,3.683191e+01,3.683191e+01,3.683191e+01,3.744713e+01,3.744713e+01,3.744713e+01,3.790970e+01,3.800470e+01,3.816735e+01,3.823506e+01,3.823506e+01,3.878869e+01,3.880216e+01,3.880216e+01,3.935300e+01,3.936640e+01,3.939320e+01,3.939320e+01,3.994115e+01,3.995448e+01,3.990114e+01,4.044664e+01,4.045991e+01,4.047318e+01,4.047318e+01,4.101593e+01,4.102913e+01,4.102913e+01,4.102913e+01,4.102913e+01,4.156924e+01,4.150351e+01,4.159552e+01,4.211989e+01,4.202830e+01,4.205447e+01,4.205447e+01,4.205447e+01,4.258978e+01,4.242032e+01,4.235508e+01,4.287599e+01,4.283701e+01,4.277200e+01,4.278500e+01,4.279800e+01,4.279800e+01,4.279800e+01,4.332988e+01,4.331693e+01,4.331693e+01,4.331693e+01,4.331693e+01,4.384644e+01,4.374331e+01,4.371751e+01,4.371751e+01,4.424520e+01,4.407814e+01,4.401382e+01,4.394947e+01,4.394947e+01,4.394947e+01,4.447611e+01,4.430939e+01,4.424520e+01,4.418097e+01,4.418097e+01,4.418097e+01,4.418097e+01,4.418097e+01,4.418097e+01,4.418097e+01,4.418097e+01,4.418097e+01,4.418097e+01,4.418097e+01,4.418097e+01,4.418097e+01,4.470657e+01,4.447611e+01,4.455298e+01,4.507692e+01,4.483441e+01,4.522983e+01,4.506417e+01,4.489828e+01,4.489828e+01,4.489828e+01,4.489828e+01,4.489828e+01,4.489828e+01,4.489828e+01,4.489828e+01,4.455298e+01,4.429655e+01,4.424520e+01,4.424520e+01,4.424520e+01,4.424520e+01,4.424520e+01,4.424520e+01,4.369171e+01,4.421951e+01,4.398809e+01,4.382066e+01,4.376910e+01,4.371751e+01,4.371751e+01,4.371751e+01,4.371751e+01,4.371751e+01,4.371751e+01,4.322629e+01,4.356261e+01,4.332988e+01,4.309667e+01,4.304479e+01,4.299288e+01,4.299288e+01,4.299288e+01,4.299288e+01,4.299288e+01,4.283701e+01,4.260281e+01,4.253766e+01,4.247248e+01,4.247248e+01,4.247248e+01,4.247248e+01,4.210681e+01,4.193663e+01,4.188422e+01,4.183178e+01,4.162180e+01,4.151666e+01,4.139826e+01,4.127974e+01,4.122703e+01,4.122703e+01,4.122703e+01,4.122703e+01,4.122703e+01,4.122703e+01,4.108194e+01,4.080443e+01,4.056602e+01,4.051298e+01,4.047318e+01,4.071178e+01,4.035369e+01,4.011433e+01,3.987447e+01,3.982109e+01,3.982109e+01,3.982109e+01,3.982109e+01,3.982109e+01,3.925914e+01,3.913836e+01,3.955385e+01,3.937980e+01,3.908464e+01,3.908464e+01,3.908464e+01,3.908464e+01,3.908464e+01,3.908464e+01,3.908464e+01,3.908464e+01,3.908464e+01,3.908464e+01,3.881563e+01,3.864043e+01,3.858646e+01,3.853247e+01,3.853247e+01,3.853247e+01,3.853247e+01,3.853247e+01,3.908464e+01,3.890985e+01,3.873480e+01,3.855947e+01,3.850547e+01,3.850547e+01,3.850547e+01,3.905777e+01,3.896367e+01,3.896367e+01,3.896367e+01,3.896367e+01,3.896367e+01,3.896367e+01,3.896367e+01,3.896367e+01,3.896367e+01,3.896367e+01,3.896367e+01,3.896367e+01,3.896367e+01,3.896367e+01,3.896367e+01,3.896367e+01,3.896367e+01,3.896367e+01,3.896367e+01,3.896367e+01,3.896367e+01,3.896367e+01,3.843793e+01,3.843793e+01,3.843793e+01,3.899056e+01,3.881563e+01,3.820798e+01,3.866740e+01,3.837035e+01,3.874828e+01,3.864043e+01,3.854597e+01,3.854597e+01,3.799113e+01,3.799113e+01,3.799113e+01,3.799113e+01,3.799113e+01,3.799113e+01,3.799113e+01,3.799113e+01,3.799113e+01,3.799113e+01,3.752890e+01,3.752890e+01,3.808606e+01,3.790970e+01,3.773306e+01,3.766505e+01,3.766505e+01,3.766505e+01,3.766505e+01,3.766505e+01,3.766505e+01,3.766505e+01,3.766505e+01,3.766505e+01,3.699631e+01,3.755614e+01,3.737894e+01,3.737894e+01,3.737894e+01,3.737894e+01,3.737894e+01,3.737894e+01,3.737894e+01,3.737894e+01,3.737894e+01,3.737894e+01,3.737894e+01,3.737894e+01,3.737894e+01,3.737894e+01,3.737894e+01,3.737894e+01,3.737894e+01,3.737894e+01,3.737894e+01,3.737894e+01,3.737894e+01,3.737894e+01,3.737894e+01,3.737894e+01,3.737894e+01,3.737894e+01,3.737894e+01,3.737894e+01,3.737894e+01,3.737894e+01,3.737894e+01,3.737894e+01,3.737894e+01,3.737894e+01,3.737894e+01,3.737894e+01,3.737894e+01,3.737894e+01,3.737894e+01,3.737894e+01,3.737894e+01,3.737894e+01,3.737894e+01,3.737894e+01,3.737894e+01,3.737894e+01,3.737894e+01,3.737894e+01,3.765144e+01,3.747440e+01,3.747440e+01,3.799113e+01,3.781462e+01,3.774666e+01,3.767866e+01,3.761061e+01,3.761061e+01,3.816735e+01,3.799113e+01,3.781462e+01,3.774666e+01,3.767866e+01,3.761061e+01,3.761061e+01,3.761061e+01,3.761061e+01,3.761061e+01,3.793685e+01,3.793685e+01,3.793685e+01,3.793685e+01,3.793685e+01,3.793685e+01,3.793685e+01,3.793685e+01,3.793685e+01,3.793685e+01,3.793685e+01,3.793685e+01,3.793685e+01,3.793685e+01,3.793685e+01,3.793685e+01,3.793685e+01,3.793685e+01,3.793685e+01,3.793685e+01,3.793685e+01,3.793685e+01,3.793685e+01,3.793685e+01,3.793685e+01,3.793685e+01,3.793685e+01,3.793685e+01,3.793685e+01,3.793685e+01,3.793685e+01,3.793685e+01,3.793685e+01,3.793685e+01,3.793685e+01,3.793685e+01,3.793685e+01,3.793685e+01,3.793685e+01,3.793685e+01,3.793685e+01,3.793685e+01,3.793685e+01,3.793685e+01,3.793685e+01,3.793685e+01,3.793685e+01,3.732436e+01,3.732436e+01,3.788254e+01,3.770586e+01,3.763783e+01,3.756976e+01,3.756976e+01,3.756976e+01,3.756976e+01,3.756976e+01,3.756976e+01,3.756976e+01,3.756976e+01,3.756976e+01,3.756976e+01,3.756976e+01,3.696893e+01,3.696893e+01,3.696893e+01,3.696893e+01,3.696893e+01,3.696893e+01,3.696893e+01,3.696893e+01,3.646112e+01,3.646112e+01,3.646112e+01,3.646112e+01,3.646112e+01,3.646112e+01,3.646112e+01,3.595095e+01,3.595095e+01,3.595095e+01,3.595095e+01,3.595095e+01,3.595095e+01,3.595095e+01,3.566034e+01,3.541061e+01,3.534114e+01,3.534114e+01,3.534114e+01,3.534114e+01,3.534114e+01,3.534114e+01,3.534114e+01,3.476981e+01,3.460202e+01,3.481172e+01,3.488153e+01,3.488153e+01,3.488153e+01,3.488153e+01,3.488153e+01,3.488153e+01,3.426566e+01,3.426566e+01,3.426566e+01,3.426566e+01,3.426566e+01,3.426566e+01,3.426566e+01,3.426566e+01,3.426566e+01,3.426566e+01,3.426566e+01,3.426566e+01,3.426566e+01,3.426566e+01,3.380142e+01,3.380142e+01,3.380142e+01,3.380142e+01,3.380142e+01,3.380142e+01,3.380142e+01,3.380142e+01,3.380142e+01,3.350495e+01,3.350495e+01,3.350495e+01,3.350495e+01,3.350495e+01,3.350495e+01,3.350495e+01,3.350495e+01,3.350495e+01,3.350495e+01,3.350495e+01,3.350495e+01,3.350495e+01,3.350495e+01,3.350495e+01,3.350495e+01,3.350495e+01,3.350495e+01,3.350495e+01,3.350495e+01,3.350495e+01,3.350495e+01,3.350495e+01,3.350495e+01,3.350495e+01,3.350495e+01,3.350495e+01,3.350495e+01,3.408302e+01,3.408302e+01,3.408302e+01,3.408302e+01,3.408302e+01,3.408302e+01,3.408302e+01,3.408302e+01,3.408302e+01,3.408302e+01,3.465798e+01,3.454603e+01,3.456003e+01,3.456003e+01,3.456003e+01,3.456003e+01,3.456003e+01,3.456003e+01,3.456003e+01,3.513247e+01,3.495129e+01,3.496524e+01,3.500707e+01,3.500707e+01,3.500707e+01,3.500707e+01,3.500707e+01,3.500707e+01,3.500707e+01,3.500707e+01,3.500707e+01,3.500707e+01,3.500707e+01,3.500707e+01,3.500707e+01,3.500707e+01,3.500707e+01,3.500707e+01,3.500707e+01,3.454603e+01,3.454603e+01,3.454603e+01,3.454603e+01,3.454603e+01,3.454603e+01,3.454603e+01,3.511855e+01,3.493734e+01,3.486757e+01,3.479775e+01,3.479775e+01,3.479775e+01,3.479775e+01,3.479775e+01,3.479775e+01,3.479775e+01,3.479775e+01,3.479775e+01,3.479775e+01,3.479775e+01,3.479775e+01,3.479775e+01,3.479775e+01,3.479775e+01,3.479775e+01,3.479775e+01,3.479775e+01,3.479775e+01,3.479775e+01,3.479775e+01,3.479775e+01,3.479775e+01,3.479775e+01,3.479775e+01,3.479775e+01,3.479775e+01,3.479775e+01,3.479775e+01,3.479775e+01,3.479775e+01,3.479775e+01,3.479775e+01,3.479775e+01,3.479775e+01,3.479775e+01,3.479775e+01,3.479775e+01,3.479775e+01,3.479775e+01,3.479775e+01,3.479775e+01,3.479775e+01,3.479775e+01,3.479775e+01,3.479775e+01,3.479775e+01,3.479775e+01,3.479775e+01,3.479775e+01,3.479775e+01,3.479775e+01,3.479775e+01,3.479775e+01,3.479775e+01,3.479775e+01,3.479775e+01,3.536894e+01,3.529944e+01,3.472789e+01,3.536894e+01,3.528554e+01,3.528554e+01,3.528554e+01,3.528554e+01,3.528554e+01,3.528554e+01,3.528554e+01,3.528554e+01,3.528554e+01,3.528554e+01,3.528554e+01,3.528554e+01,3.528554e+01,3.528554e+01,3.528554e+01,3.528554e+01
3.370269e+01,3.388598e+01,3.397047e+01,3.405489e+01,3.405489e+01,3.405489e+01,3.405489e+01,3.405489e+01,3.405489e+01,3.405489e+01,3.405489e+01,3.405489e+01,3.405489e+01,3.463000e+01,3.464399e+01,3.458803e+01,3.458803e+01,3.458803e+01,3.458803e+01,3.458803e+01,3.458803e+01,3.516032e+01,3.517424e+01,3.516032e+01,3.516032e+01,3.516032e+01,3.516032e+01,3.516032e+01,3.516032e+01,3.516032e+01,3.532724e+01,3.550779e+01,3.550779e+01,3.550779e+01,3.550779e+01,3.550779e+01,3.550779e+01,3.607527e+01,3.599241e+01,3.607527e+01,3.613047e+01,3.613047e+01,3.613047e+01,3.613047e+01,3.685933e+01,3.685933e+01,3.685933e+01,3.741986e+01,3.735165e+01,3.735165e+01,3.790970e+01,3.781462e+01,3.837035e+01,3.828920e+01,3.828920e+01,3.828920e+01,3.878869e+01,3.878869e+01,3.878869e+01,3.935300e+01,3.935300e+01,3.935300e+01,3.990114e+01,3.984778e+01,3.984778e+01,3.984778e+01,4.044664e+01,4.044664e+01,4.044664e+01,4.044664e+01,4.101593e+01,4.101593e+01,4.101593e+01,4.101593e+01,4.155610e+01,4.147721e+01,4.147721e+01,4.147721e+01,4.211989e+01,4.158238e+01,4.177932e+01,4.239423e+01,4.240727e+01,4.243336e+01,4.243336e+01,4.243336e+01,4.243336e+01,4.283701e+01,4.283701e+01,4.336870e+01,4.320038e+01,4.310964e+01,4.365300e+01,4.356261e+01,4.356261e+01,4.356261e+01,4.356261e+01,4.356261e+01,4.356261e+01,4.409100e+01,4.397522e+01,4.405242e+01,4.409100e+01,4.409100e+01,4.409100e+01,4.409100e+01,4.409100e+01,4.461700e+01,4.452737e+01,4.452737e+01,4.452737e+01,4.452737e+01,4.452737e+01,4.452737e+01,4.452737e+01,4.452737e+01,4.452737e+01,4.452737e+01,4.418097e+01,4.470657e+01,4.454018e+01,4.445048e+01,4.436071e+01,4.443766e+01,4.493658e+01,4.493658e+01,4.493658e+01,4.493658e+01,4.545882e+01,4.542068e+01,4.542068e+01,4.542068e+01,4.542068e+01,4.542068e+01,4.542068e+01,4.542068e+01,4.542068e+01,4.489828e+01,4.487273e+01,4.471936e+01,4.471936e+01,4.471936e+01,4.471936e+01,4.471936e+01,4.471936e+01,4.424520e+01,4.416813e+01,4.438637e+01,4.429655e+01,4.429655e+01,4.429655e+01,4.429655e+01,4.429655e+01,4.429655e+01,4.429655e+01,4.429655e+01,4.424520e+01,4.369171e+01,4.382066e+01,4.378199e+01,4.378199e+01,4.378199e+01,4.378199e+01,4.378199e+01,4.378199e+01,4.352386e+01,4.335576e+01,4.326514e+01,4.301883e+01,4.301883e+01,4.301883e+01,4.301883e+01,4.301883e+01,4.247248e+01,4.244640e+01,4.227673e+01,4.227673e+01,4.227673e+01,4.227673e+01,4.227673e+01,4.227673e+01,4.227673e+01,4.181867e+01,4.159552e+01,4.150351e+01,4.194973e+01,4.177932e+01,4.160866e+01,4.152981e+01,4.134560e+01,4.124021e+01,4.083089e+01,4.083089e+01,4.083089e+01,4.083089e+01,4.083089e+01,4.083089e+01,4.042009e+01,4.019417e+01,4.011433e+01,4.057928e+01,4.040681e+01,3.982109e+01,4.010102e+01,3.992781e+01,3.988781e+01,3.967419e+01,3.939320e+01,3.932619e+01,3.932619e+01,3.932619e+01,3.932619e+01,3.932619e+01,3.932619e+01,3.932619e+01,3.932619e+01,3.932619e+01,3.932619e+01,3.932619e+01,3.932619e+01,3.932619e+01,3.908464e+01,3.890985e+01,3.884256e+01,3.941999e+01,3.932619e+01,3.932619e+01,3.932619e+01,3.932619e+01,3.932619e+01,3.932619e+01,3.932619e+01,3.932619e+01,3.932619e+01,3.932619e+01,3.932619e+01,3.932619e+01,3.932619e+01,3.932619e+01,3.932619e+01,3.932619e+01,3.932619e+01,3.932619e+01,3.932619e+01,3.932619e+01,3.932619e+01,3.932619e+01,3.932619e+01,3.932619e+01,3.932619e+01,3.932619e+01,3.932619e+01,3.932619e+01,3.932619e+01,3.932619e+01,3.932619e+01,3.932619e+01,3.899056e+01,3.889640e+01,3.928597e+01,3.870784e+01,3.869437e+01,3.895021e+01,3.890985e+01,3.890985e+01,3.890985e+01,3.890985e+01,3.854597e+01,3.837035e+01,3.830272e+01,3.823506e+01,3.823506e+01,3.823506e+01,3.823506e+01,3.823506e+01,3.823506e+01,3.823506e+01,3.823506e+01,3.823506e+01,3.823506e+01,3.823506e+01,3.823506e+01,3.823506e+01,3.823506e+01,3.823506e+01,3.766505e+01,3.766505e+01,3.766505e+01,3.822152e+01,3.804538e+01,3.803182e+01,3.793685e+01,3.784180e+01,3.759700e+01,3.815381e+01,3.797756e+01,3.780103e+01,3.773306e+01,3.766505e+01,3.759700e+01,3.759700e+01,3.759700e+01,3.759700e+01,3.759700e+01,3.759700e+01,3.759700e+01,3.759700e+01,3.759700e+01,3.759700e+01,3.759700e+01,3.759700e+01,3.759700e+01,3.759700e+01,3.759700e+01,3.759700e+01,3.759700e+01,3.759700e+01,3.759700e+01,3.759700e+01,3.759700e+01,3.759700e+01,3.759700e+01,3.759700e+01,3.759700e+01,3.759700e+01,3.759700e+01,3.759700e+01,3.759700e+01,3.759700e+01,3.759700e+01,3.759700e+01,3.759700e+01,3.759700e+01,3.759700e+01,3.759700e+01,3.759700e+01,3.759700e+01,3.759700e+01,3.759700e+01,3.815381e+01,3.797756e+01,3.835683e+01,3.801826e+01,3.790970e+01,3.782821e+01,3.838387e+01,3.815381e+01,3.801826e+01,3.843793e+01,3.832978e+01,3.823506e+01,3.823506e+01,3.823506e+01,3.823506e+01,3.823506e+01,3.823506e+01,3.823506e+01,3.823506e+01,3.823506e+01,3.823506e+01,3.823506e+01,3.823506e+01,3.823506e+01,3.823506e+01,3.823506e+01,3.823506e+01,3.823506e+01,3.823506e+01,3.823506e+01,3.823506e+01,3.823506e+01,3.823506e+01,3.823506e+01,3.823506e+01,3.823506e+01,3.823506e+01,3.823506e+01,3.823506e+01,3.823506e+01,3.823506e+01,3.823506e+01,3.823506e+01,3.823506e+01,3.823506e+01,3.823506e+01,3.823506e+01,3.823506e+01,3.823506e+01,3.823506e+01,3.823506e+01,3.823506e+01,3.823506e+01,3.823506e+01,3.823506e+01,3.823506e+01,3.823506e+01,3.823506e+01,3.823506e+01,3.823506e+01,3.823506e+01,3.823506e+01,3.823506e+01,3.793685e+01,3.793685e+01,3.793685e+01,3.793685e+01,3.793685e+01,3.793685e+01,3.793685e+01,3.793685e+01,3.793685e+01,3.793685e+01,3.793685e+01,3.793685e+01,3.793685e+01,3.793685e+01,3.793685e+01,3.793685e+01,3.793685e+01,3.756976e+01,3.756976e+01,3.756976e+01,3.756976e+01,3.756976e+01,3.756976e+01,3.756976e+01,3.752890e+01,3.736530e+01,3.731071e+01,3.725610e+01,3.668100e+01,3.662607e+01,3.662607e+01,3.662607e+01,3.662607e+01,3.662607e+01,3.662607e+01,3.606146e+01,3.611667e+01,3.611667e+01,3.611667e+01,3.611667e+01,3.611667e+01,3.611667e+01,3.554942e+01,3.557716e+01,3.557716e+01,3.557716e+01,3.557716e+01,3.557716e+01,3.557716e+01,3.500707e+01,3.506282e+01,3.497919e+01,3.493734e+01,3.493734e+01,3.493734e+01,3.493734e+01,3.493734e+01,3.493734e+01,3.493734e+01,3.493734e+01,3.493734e+01,3.483965e+01,3.467197e+01,3.461602e+01,3.456003e+01,3.450402e+01,3.450402e+01,3.450402e+01,3.450402e+01,3.450402e+01,3.450402e+01,3.392823e+01,3.398454e+01,3.398454e+01,3.398454e+01,3.398454e+01,3.398454e+01,3.398454e+01,3.398454e+01,3.398454e+01,3.398454e+01,3.398454e+01,3.340595e+01,3.340595e+01,3.343424e+01,3.343424e+01,3.343424e+01,3.343424e+01,3.343424e+01,3.343424e+01,3.343424e+01,3.343424e+01,3.343424e+01,3.343424e+01,3.343424e+01,3.343424e+01,3.343424e+01,3.343424e+01,3.343424e+01,3.343424e+01,3.343424e+01,3.343424e+01,3.343424e+01,3.343424e+01,3.343424e+01,3.343424e+01,3.343424e+01,3.343424e+01,3.343424e+01,3.343424e+01,3.401268e+01,3.390006e+01,3.391415e+01,3.391415e+01,3.391415e+01,3.391415e+01,3.391415e+01,3.391415e+01,3.391415e+01,3.449002e+01,3.443397e+01,3.447601e+01,3.449002e+01,3.449002e+01,3.449002e+01,3.449002e+01,3.449002e+01,3.449002e+01,3.449002e+01,3.449002e+01,3.506282e+01,3.503495e+01,3.503495e+01,3.503495e+01,3.503495e+01,3.503495e+01,3.503495e+01,3.503495e+01,3.503495e+01,3.503495e+01,3.503495e+01,3.503495e+01,3.503495e+01,3.503495e+01,3.503495e+01,3.503495e+01,3.503495e+01,3.503495e+01,3.503495e+01,3.503495e+01,3.503495e+01,3.503495e+01,3.503495e+01,3.503495e+01,3.503495e+01,3.503495e+01,3.503495e+01,3.503495e+01,3.503495e+01,3.446200e+01,3.463000e+01,3.463000e+01,3.463000e+01,3.463000e+01,3.463000e+01,3.463000e+01,3.463000e+01,3.463000e+01,3.463000e+01,3.463000e+01,3.463000e+01,3.463000e+01,3.463000e+01,3.463000e+01,3.463000e+01,3.463000e+01,3.463000e+01,3.463000e+01,3.463000e+01,3.463000e+01,3.463000e+01,3.463000e+01,3.463000e+01,3.463000e+01,3.463000e+01,3.463000e+01,3.463000e+01,3.463000e+01,3.463000e+01,3.463000e+01,3.463000e+01,3.463000e+01,3.463000e+01,3.520207e+01,3.457403e+01,3.457403e+01,3.457403e+01,3.457403e+01,3.457403e+01,3.457403e+01,3.457403e+01,3.514639e+01,3.507676e+01,3.507676e+01,3.507676e+01,3.507676e+01,3.507676e+01,3.507676e+01,3.507676e+01,3.507676e+01,3.507676e+01,3.507676e+01,3.507676e+01,3.507676e+01,3.507676e+01,3.507676e+01,3.507676e+01,3.507676e+01,3.507676e+01,3.507676e+01,3.507676e+01,3.507676e+01,3.507676e+01,3.507676e+01,3.507676e+01,3.507676e+01,3.507676e+01,3.507676e+01,3.507676e+01,3.507676e+01,3.507676e+01,3.507676e+01,3.507676e+01,3.507676e+01,3.564648e+01,3.557716e+01,3.550779e+01,3.550779e+01
3.380142e+01,3.380142e+01,3.380142e+01,3.380142e+01,3.380142e+01,3.380142e+01,3.380142e+01,3.437789e+01,3.430776e+01,3.430776e+01,3.430776e+01,3.430776e+01,3.430776e+01,3.430776e+01,3.430776e+01,3.430776e+01,3.430776e+01,3.488153e+01,3.481172e+01,3.481172e+01,3.481172e+01,3.481172e+01,3.481172e+01,3.481172e+01,3.481172e+01,3.516032e+01,3.516032e+01,3.516032e+01,3.516032e+01,3.516032e+01,3.516032e+01,3.550779e+01,3.550779e+01,3.550779e+01,3.550779e+01,3.550779e+01,3.550779e+01,3.607527e+01,3.607527e+01,3.607527e+01,3.607527e+01,3.607527e+01,3.607527e+01,3.607527e+01,3.685933e+01,3.685933e+01,3.685933e+01,3.741986e+01,3.741986e+01,3.741986e+01,3.790970e+01,3.789612e+01,3.805894e+01,3.812671e+01,3.868088e+01,3.872132e+01,3.862694e+01,3.917863e+01,3.921890e+01,3.919206e+01,3.919206e+01,3.974099e+01,3.974099e+01,3.974099e+01,4.028725e+01,4.018087e+01,4.028725e+01,4.028725e+01,4.083089e+01,4.087056e+01,4.085734e+01,4.085734e+01,4.139826e+01,4.143774e+01,4.139826e+01,4.193663e+01,4.177932e+01,4.181867e+01,4.202830e+01,4.188422e+01,4.245945e+01,4.236813e+01,4.236813e+01,4.236813e+01,4.290198e+01,4.274598e+01,4.274598e+01,4.281101e+01,4.288898e+01,4.307073e+01,4.313557e+01,4.318742e+01,4.335576e+01,4.342044e+01,4.342044e+01,4.342044e+01,4.394947e+01,4.388509e+01,4.393660e+01,4.393660e+01,4.393660e+01,4.446329e+01,4.439919e+01,4.433505e+01,4.433505e+01,4.433505e+01,4.433505e+01,4.433505e+01,4.433505e+01,4.485996e+01,4.479607e+01,4.473215e+01,4.420667e+01,4.427088e+01,4.427088e+01,4.427088e+01,4.427088e+01,4.479607e+01,4.445048e+01,4.455298e+01,4.455298e+01,4.455298e+01,4.507692e+01,4.497487e+01,4.488551e+01,4.540797e+01,4.525529e+01,4.530621e+01,4.530621e+01,4.582681e+01,4.576344e+01,4.570004e+01,4.563661e+01,4.563661e+01,4.563661e+01,4.563661e+01,4.563661e+01,4.563661e+01,4.539525e+01,4.508967e+01,4.502591e+01,4.496211e+01,4.496211e+01,4.496211e+01,4.496211e+01,4.477051e+01,4.454018e+01,4.447611e+01,4.447611e+01,4.447611e+01,4.447611e+01,4.447611e+01,4.447611e+01,4.447611e+01,4.447611e+01,4.447611e+01,4.447611e+01,4.447611e+01,4.447611e+01,4.447611e+01,4.447611e+01,4.430939e+01,4.415527e+01,4.409100e+01,4.402669e+01,4.402669e+01,4.402669e+01,4.379488e+01,4.339457e+01,4.332988e+01,4.326514e+01,4.326514e+01,4.326514e+01,4.326514e+01,4.297990e+01,4.265489e+01,4.312261e+01,4.296691e+01,4.281101e+01,4.265489e+01,4.260281e+01,4.257675e+01,4.215912e+01,4.242032e+01,4.222448e+01,4.213297e+01,4.213297e+01,4.213297e+01,4.213297e+01,4.213297e+01,4.177932e+01,4.137194e+01,4.175309e+01,4.160866e+01,4.146405e+01,4.131926e+01,4.125339e+01,4.085734e+01,4.048645e+01,4.100272e+01,4.036697e+01,4.083089e+01,4.024737e+01,4.022078e+01,4.022078e+01,4.022078e+01,4.022078e+01,4.022078e+01,4.022078e+01,4.022078e+01,4.022078e+01,4.022078e+01,4.022078e+01,4.022078e+01,4.022078e+01,3.987447e+01,3.972763e+01,3.967419e+01,3.962072e+01,3.956723e+01,3.956723e+01,3.956723e+01,3.956723e+01,3.956723e+01,3.956723e+01,3.956723e+01,3.956723e+01,3.956723e+01,3.956723e+01,3.956723e+01,3.956723e+01,3.956723e+01,3.956723e+01,3.956723e+01,3.956723e+01,4.011433e+01,3.996781e+01,3.982109e+01,3.967419e+01,3.962072e+01,3.956723e+01,3.956723e+01,3.956723e+01,3.956723e+01,3.956723e+01,3.956723e+01,3.956723e+01,4.011433e+01,3.941999e+01,3.996781e+01,3.980775e+01,3.964746e+01,3.959398e+01,3.959398e+01,3.959398e+01,3.959398e+01,3.959398e+01,3.959398e+01,3.959398e+01,3.959398e+01,3.959398e+01,3.924573e+01,3.908464e+01,3.908464e+01,3.908464e+01,3.908464e+01,3.908464e+01,3.908464e+01,3.908464e+01,3.908464e+01,3.908464e+01,3.908464e+01,3.908464e+01,3.878869e+01,3.862694e+01,3.857297e+01,3.851897e+01,3.846495e+01,3.846495e+01,3.846495e+01,3.846495e+01,3.846495e+01,3.846495e+01,3.846495e+01,3.846495e+01,3.846495e+01,3.846495e+01,3.846495e+01,3.846495e+01,3.846495e+01,3.803182e+01,3.803182e+01,3.803182e+01,3.803182e+01,3.803182e+01,3.803182e+01,3.803182e+01,3.803182e+01,3.803182e+01,3.803182e+01,3.803182e+01,3.803182e+01,3.803182e+01,3.803182e+01,3.803182e+01,3.803182e+01,3.803182e+01,3.803182e+01,3.803182e+01,3.803182e+01,3.803182e+01,3.803182e+01,3.803182e+01,3.803182e+01,3.803182e+01,3.803182e+01,3.803182e+01,3.803182e+01,3.803182e+01,3.803182e+01,3.803182e+01,3.803182e+01,3.803182e+01,3.803182e+01,3.803182e+01,3.803182e+01,3.803182e+01,3.803182e+01,3.803182e+01,3.803182e+01,3.803182e+01,3.803182e+01,3.803182e+01,3.803182e+01,3.803182e+01,3.803182e+01,3.803182e+01,3.803182e+01,3.815381e+01,3.861345e+01,3.838387e+01,3.838387e+01,3.877522e+01,3.850547e+01,3.831625e+01,3.828920e+01,3.828920e+01,3.828920e+01,3.828920e+01,3.828920e+01,3.828920e+01,3.828920e+01,3.828920e+01,3.828920e+01,3.828920e+01,3.828920e+01,3.828920e+01,3.828920e+01,3.884256e+01,3.868088e+01,3.851897e+01,3.846495e+01,3.846495e+01,3.846495e+01,3.846495e+01,3.846495e+01,3.846495e+01,3.846495e+01,3.901744e+01,3.885602e+01,3.869437e+01,3.853247e+01,3.847846e+01,3.903089e+01,3.886948e+01,3.870784e+01,3.854597e+01,3.849196e+01,3.904433e+01,3.888294e+01,3.872132e+01,3.855947e+01,3.905777e+01,3.889640e+01,3.873480e+01,3.857297e+01,3.853247e+01,3.849196e+01,3.849196e+01,3.904433e+01,3.888294e+01,3.872132e+01,3.855947e+01,3.851897e+01,3.847846e+01,3.847846e+01,3.847846e+01,3.847846e+01,3.847846e+01,3.847846e+01,3.847846e+01,3.847846e+01,3.847846e+01,3.847846e+01,3.793685e+01,3.793685e+01,3.849196e+01,3.832978e+01,3.828920e+01,3.824860e+01,3.820798e+01,3.820798e+01,3.820798e+01,3.820798e+01,3.820798e+01,3.820798e+01,3.820798e+01,3.765144e+01,3.765144e+01,3.759700e+01,3.759700e+01,3.759700e+01,3.759700e+01,3.759700e+01,3.759700e+01,3.759700e+01,3.759700e+01,3.703736e+01,3.707841e+01,3.700999e+01,3.699631e+01,3.690044e+01,3.690044e+01,3.690044e+01,3.690044e+01,3.633725e+01,3.628214e+01,3.622702e+01,3.622702e+01,3.622702e+01,3.622702e+01,3.622702e+01,3.622702e+01,3.622702e+01,3.611667e+01,3.595095e+01,3.590948e+01,3.586800e+01,3.582650e+01,3.582650e+01,3.582650e+01,3.557716e+01,3.541061e+01,3.528554e+01,3.520207e+01,3.520207e+01,3.520207e+01,3.520207e+01,3.520207e+01,3.463000e+01,3.467197e+01,3.467197e+01,3.467197e+01,3.467197e+01,3.467197e+01,3.467197e+01,3.467197e+01,3.467197e+01,3.467197e+01,3.467197e+01,3.409708e+01,3.413924e+01,3.408302e+01,3.409708e+01,3.409708e+01,3.409708e+01,3.409708e+01,3.409708e+01,3.409708e+01,3.409708e+01,3.409708e+01,3.409708e+01,3.351909e+01,3.363211e+01,3.357561e+01,3.357561e+01,3.357561e+01,3.357561e+01,3.357561e+01,3.357561e+01,3.357561e+01,3.357561e+01,3.357561e+01,3.357561e+01,3.357561e+01,3.357561e+01,3.357561e+01,3.357561e+01,3.357561e+01,3.357561e+01,3.357561e+01,3.357561e+01,3.357561e+01,3.357561e+01,3.357561e+01,3.357561e+01,3.357561e+01,3.357561e+01,3.357561e+01,3.357561e+01,3.357561e+01,3.357561e+01,3.357561e+01,3.357561e+01,3.357561e+01,3.391415e+01,3.391415e+01,3.391415e+01,3.391415e+01,3.391415e+01,3.391415e+01,3.449002e+01,3.449002e+01,3.449002e+01,3.449002e+01,3.449002e+01,3.449002e+01,3.449002e+01,3.449002e+01,3.449002e+01,3.449002e+01,3.506282e+01,3.496524e+01,3.496524e+01,3.496524e+01,3.496524e+01,3.496524e+01,3.496524e+01,3.496524e+01,3.496524e+01,3.496524e+01,3.496524e+01,3.496524e+01,3.496524e+01,3.496524e+01,3.496524e+01,3.496524e+01,3.496524e+01,3.496524e+01,3.496524e+01,3.496524e+01,3.496524e+01,3.496524e+01,3.496524e+01,3.496524e+01,3.496524e+01,3.496524e+01,3.496524e+01,3.496524e+01,3.496524e+01,3.496524e+01,3.496524e+01,3.496524e+01,3.496524e+01,3.496524e+01,3.496524e+01,3.496524e+01,3.496524e+01,3.496524e+01,3.496524e+01,3.463000e+01,3.463000e+01,3.463000e+01,3.463000e+01,3.463000e+01,3.463000e+01,3.463000e+01,3.463000e+01,3.463000e+01,3.463000e+01,3.463000e+01,3.463000e+01,3.463000e+01,3.463000e+01,3.463000e+01,3.463000e+01,3.463000e+01,3.463000e+01,3.463000e+01,3.463000e+01,3.463000e+01,3.463000e+01,3.463000e+01,3.520207e+01,3.509069e+01,3.458803e+01,3.467197e+01,3.524381e+01,3.507676e+01,3.490944e+01,3.486757e+01,3.482569e+01,3.489548e+01,3.497919e+01,3.497919e+01,3.497919e+01,3.497919e+01,3.497919e+01,3.497919e+01,3.497919e+01,3.497919e+01,3.497919e+01,3.497919e+01,3.497919e+01,3.497919e+01,3.497919e+01,3.497919e+01,3.497919e+01,3.497919e+01,3.497919e+01,3.497919e+01,3.497919e+01,3.497919e+01,3.497919e+01,3.497919e+01,3.497919e+01,3.497919e+01,3.497919e+01,3.497919e+01,3.497919e+01,3.554942e+01,3.538283e+01,3.534114e+01,3.534114e+01,3.534114e+01,3.534114e+01,3.534114e+01,3.534114e+01,3.534114e+01,3.534114e+01
3.380142e+01,3.380142e+01,3.380142e+01,3.380142e+01,3.380142e+01,3.380142e+01,3.380142e+01,3.380142e+01,3.430776e+01,3.430776e+01,3.430776e+01,3.430776e+01,3.430776e+01,3.430776e+01,3.430776e+01,3.430776e+01,3.430776e+01,3.430776e+01,3.430776e+01,3.481172e+01,3.481172e+01,3.481172e+01,3.481172e+01,3.481172e+01,3.538283e+01,3.534114e+01,3.534114e+01,3.534114e+01,3.534114e+01,3.534114e+01,3.534114e+01,3.534114e+01,3.590948e+01,3.586800e+01,3.582650e+01,3.578498e+01,3.585417e+01,3.590948e+01,3.590948e+01,3.590948e+01,3.590948e+01,3.590948e+01,3.647488e+01,3.652988e+01,3.676334e+01,3.676334e+01,3.676334e+01,3.741986e+01,3.741986e+01,3.741986e+01,3.790970e+01,3.846495e+01,3.830272e+01,3.837035e+01,3.837035e+01,3.845144e+01,3.907120e+01,3.908464e+01,3.908464e+01,3.908464e+01,3.963409e+01,3.964746e+01,3.964746e+01,4.019417e+01,4.019417e+01,4.019417e+01,4.019417e+01,4.073826e+01,4.073826e+01,4.073826e+01,4.073826e+01,4.127974e+01,4.124021e+01,4.177932e+01,4.179244e+01,4.177932e+01,4.177932e+01,4.231591e+01,4.215912e+01,4.209373e+01,4.215912e+01,4.219834e+01,4.273298e+01,4.278500e+01,4.274598e+01,4.274598e+01,4.274598e+01,4.327810e+01,4.312261e+01,4.312261e+01,4.312261e+01,4.365300e+01,4.349801e+01,4.349801e+01,4.349801e+01,4.402669e+01,4.393660e+01,4.393660e+01,4.393660e+01,4.393660e+01,4.446329e+01,4.437354e+01,4.437354e+01,4.437354e+01,4.437354e+01,4.489828e+01,4.474494e+01,4.470657e+01,4.475772e+01,4.477051e+01,4.477051e+01,4.477051e+01,4.477051e+01,4.477051e+01,4.477051e+01,4.477051e+01,4.477051e+01,4.477051e+01,4.477051e+01,4.477051e+01,4.477051e+01,4.477051e+01,4.507692e+01,4.507692e+01,4.507692e+01,4.540797e+01,4.540797e+01,4.592812e+01,4.582681e+01,4.625679e+01,4.604200e+01,4.594078e+01,4.594078e+01,4.594078e+01,4.594078e+01,4.594078e+01,4.594078e+01,4.594078e+01,4.594078e+01,4.561123e+01,4.539525e+01,4.529348e+01,4.525529e+01,4.521709e+01,4.521709e+01,4.521709e+01,4.521709e+01,4.521709e+01,4.521709e+01,4.521709e+01,4.521709e+01,4.521709e+01,4.521709e+01,4.500039e+01,4.484719e+01,4.480885e+01,4.477051e+01,4.473215e+01,4.473215e+01,4.473215e+01,4.473215e+01,4.473215e+01,4.473215e+01,4.473215e+01,4.455298e+01,4.387220e+01,4.439919e+01,4.412957e+01,4.374331e+01,4.364009e+01,4.353678e+01,4.349801e+01,4.349801e+01,4.349801e+01,4.349801e+01,4.349801e+01,4.349801e+01,4.349801e+01,4.334282e+01,4.301883e+01,4.292796e+01,4.286300e+01,4.299288e+01,4.282401e+01,4.258978e+01,4.299288e+01,4.282401e+01,4.265489e+01,4.248552e+01,4.244640e+01,4.209373e+01,4.222448e+01,4.164807e+01,4.164807e+01,4.164807e+01,4.164807e+01,4.164807e+01,4.139826e+01,4.156924e+01,4.097630e+01,4.109513e+01,4.102913e+01,4.075150e+01,4.109513e+01,4.092345e+01,4.075150e+01,4.112152e+01,4.096309e+01,4.080443e+01,4.064555e+01,4.061905e+01,4.059254e+01,4.056602e+01,4.053951e+01,4.049971e+01,4.072502e+01,4.042009e+01,4.020747e+01,4.053951e+01,4.034040e+01,4.019417e+01,4.059254e+01,4.044664e+01,4.030054e+01,4.015426e+01,4.055276e+01,4.042009e+01,4.028725e+01,4.015426e+01,4.056602e+01,4.044664e+01,4.032712e+01,4.020747e+01,4.008770e+01,3.998114e+01,3.995448e+01,3.995448e+01,3.995448e+01,4.022078e+01,4.004775e+01,4.051298e+01,4.039353e+01,4.027396e+01,4.015426e+01,4.003443e+01,3.991448e+01,3.996781e+01,4.002111e+01,4.016756e+01,4.008770e+01,4.008770e+01,3.964746e+01,4.019417e+01,4.007439e+01,3.995448e+01,3.994115e+01,3.992781e+01,3.991448e+01,3.990114e+01,3.988781e+01,3.984778e+01,3.967419e+01,3.950032e+01,3.948694e+01,3.947355e+01,3.946016e+01,3.944677e+01,3.943338e+01,3.941999e+01,3.940659e+01,3.939320e+01,3.937980e+01,3.933960e+01,3.921890e+01,3.904433e+01,3.897711e+01,3.946016e+01,3.928597e+01,3.861345e+01,3.916521e+01,3.903089e+01,3.889640e+01,3.888294e+01,3.886948e+01,3.885602e+01,3.884256e+01,3.882909e+01,3.881563e+01,3.880216e+01,3.876175e+01,3.892331e+01,3.823506e+01,3.823506e+01,3.823506e+01,3.823506e+01,3.823506e+01,3.823506e+01,3.823506e+01,3.823506e+01,3.823506e+01,3.823506e+01,3.823506e+01,3.823506e+01,3.878869e+01,3.864043e+01,3.849196e+01,3.834330e+01,3.832978e+01,3.831625e+01,3.830272e+01,3.830272e+01,3.830272e+01,3.830272e+01,3.830272e+01,3.830272e+01,3.830272e+01,3.830272e+01,3.830272e+01,3.830272e+01,3.830272e+01,3.830272e+01,3.830272e+01,3.830272e+01,3.830272e+01,3.830272e+01,3.830272e+01,3.830272e+01,3.830272e+01,3.830272e+01,3.830272e+01,3.830272e+01,3.830272e+01,3.885602e+01,3.870784e+01,3.855947e+01,3.841090e+01,3.839738e+01,3.893676e+01,3.882909e+01,3.874828e+01,3.874828e+01,3.874828e+01,3.874828e+01,3.874828e+01,3.874828e+01,3.874828e+01,3.874828e+01,3.874828e+01,3.874828e+01,3.874828e+01,3.874828e+01,3.884256e+01,3.869437e+01,3.869437e+01,3.869437e+01,3.869437e+01,3.869437e+01,3.874828e+01,3.931279e+01,3.900400e+01,3.884256e+01,3.878869e+01,3.878869e+01,3.878869e+01,3.933960e+01,3.919206e+01,3.904433e+01,3.893676e+01,3.895021e+01,3.895021e+01,3.895021e+01,3.895021e+01,3.895021e+01,3.895021e+01,3.895021e+01,3.895021e+01,3.895021e+01,3.895021e+01,3.895021e+01,3.895021e+01,3.895021e+01,3.895021e+01,3.895021e+01,3.895021e+01,3.895021e+01,3.895021e+01,3.895021e+01,3.895021e+01,3.895021e+01,3.895021e+01,3.895021e+01,3.895021e+01,3.895021e+01,3.895021e+01,3.895021e+01,3.895021e+01,3.895021e+01,3.895021e+01,3.895021e+01,3.895021e+01,3.895021e+01,3.847846e+01,3.903089e+01,3.842442e+01,3.824860e+01,3.830272e+01,3.888294e+01,3.873480e+01,3.815381e+01,3.815381e+01,3.815381e+01,3.815381e+01,3.815381e+01,3.815381e+01,3.815381e+01,3.815381e+01,3.815381e+01,3.815381e+01,3.815381e+01,3.815381e+01,3.815381e+01,3.815381e+01,3.815381e+01,3.759700e+01,3.759700e+01,3.759700e+01,3.759700e+01,3.759700e+01,3.759700e+01,3.700999e+01,3.700999e+01,3.700999e+01,3.700999e+01,3.700999e+01,3.700999e+01,3.690044e+01,3.669473e+01,3.663980e+01,3.663980e+01,3.607527e+01,3.607527e+01,3.607527e+01,3.607527e+01,3.607527e+01,3.607527e+01,3.607527e+01,3.607527e+01,3.550779e+01,3.552167e+01,3.553555e+01,3.554942e+01,3.554942e+01,3.554942e+01,3.554942e+01,3.554942e+01,3.554942e+01,3.520207e+01,3.520207e+01,3.520207e+01,3.520207e+01,3.520207e+01,3.520207e+01,3.467197e+01,3.467197e+01,3.467197e+01,3.467197e+01,3.467197e+01,3.467197e+01,3.467197e+01,3.467197e+01,3.467197e+01,3.467197e+01,3.467197e+01,3.409708e+01,3.409708e+01,3.409708e+01,3.409708e+01,3.409708e+01,3.409708e+01,3.409708e+01,3.409708e+01,3.409708e+01,3.409708e+01,3.363211e+01,3.363211e+01,3.363211e+01,3.363211e+01,3.363211e+01,3.363211e+01,3.363211e+01,3.363211e+01,3.363211e+01,3.363211e+01,3.363211e+01,3.363211e+01,3.363211e+01,3.363211e+01,3.363211e+01,3.363211e+01,3.363211e+01,3.363211e+01,3.363211e+01,3.363211e+01,3.363211e+01,3.363211e+01,3.363211e+01,3.363211e+01,3.363211e+01,3.363211e+01,3.363211e+01,3.363211e+01,3.363211e+01,3.363211e+01,3.363211e+01,3.420949e+01,3.416735e+01,3.416735e+01,3.416735e+01,3.416735e+01,3.416735e+01,3.416735e+01,3.416735e+01,3.416735e+01,3.449002e+01,3.449002e+01,3.449002e+01,3.449002e+01,3.449002e+01,3.449002e+01,3.449002e+01,3.506282e+01,3.499313e+01,3.499313e+01,3.499313e+01,3.499313e+01,3.499313e+01,3.499313e+01,3.499313e+01,3.499313e+01,3.499313e+01,3.499313e+01,3.499313e+01,3.499313e+01,3.499313e+01,3.499313e+01,3.499313e+01,3.499313e+01,3.499313e+01,3.499313e+01,3.499313e+01,3.499313e+01,3.499313e+01,3.499313e+01,3.499313e+01,3.499313e+01,3.499313e+01,3.499313e+01,3.499313e+01,3.499313e+01,3.499313e+01,3.499313e+01,3.499313e+01,3.499313e+01,3.499313e+01,3.499313e+01,3.499313e+01,3.499313e+01,3.499313e+01,3.499313e+01,3.499313e+01,3.499313e+01,3.499313e+01,3.499313e+01,3.463000e+01,3.463000e+01,3.463000e+01,3.463000e+01,3.463000e+01,3.463000e+01,3.463000e+01,3.463000e+01,3.463000e+01,3.463000e+01,3.463000e+01,3.463000e+01,3.463000e+01,3.463000e+01,3.463000e+01,3.463000e+01,3.463000e+01,3.463000e+01,3.463000e+01,3.463000e+01,3.520207e+01,3.500707e+01,3.490944e+01,3.496524e+01,3.509069e+01,3.509069e+01,3.509069e+01,3.451803e+01,3.510462e+01,3.510462e+01,3.510462e+01,3.510462e+01,3.510462e+01,3.510462e+01,3.510462e+01,3.510462e+01,3.510462e+01,3.510462e+01,3.510462e+01,3.510462e+01,3.510462e+01,3.510462e+01,3.510462e+01,3.510462e+01,3.510462e+01,3.510462e+01,3.510462e+01,3.510462e+01,3.510462e+01,3.510462e+01,3.510462e+01,3.510462e+01,3.510462e+01,3.510462e+01,3.510462e+01,3.510462e+01,3.510462e+01,3.510462e+01,3.567419e+01,3.504889e+01,3.507676e+01,3.507676e+01,3.564648e+01,3.561876e+01,3.561876e+01,3.561876e+01,3.561876e+01
3.380142e+01,3.380142e+01,3.380142e+01,3.380142e+01,3.380142e+01,3.380142e+01,3.380142e+01,3.380142e+01,3.430776e+01,3.430776e+01,3.430776e+01,3.430776e+01,3.430776e+01,3.430776e+01,3.430776e+01,3.430776e+01,3.488153e+01,3.472789e+01,3.478378e+01,3.474187e+01,3.474187e+01,3.474187e+01,3.474187e+01,3.474187e+01,3.474187e+01,3.534114e+01,3.534114e+01,3.534114e+01,3.534114e+01,3.534114e+01,3.534114e+01,3.534114e+01,3.590948e+01,3.590948e+01,3.590948e+01,3.590948e+01,3.590948e+01,3.590948e+01,3.590948e+01,3.590948e+01,3.590948e+01,3.647488e+01,3.640608e+01,3.640608e+01,3.640608e+01,3.640608e+01,3.676334e+01,3.710577e+01,3.713311e+01,3.771946e+01,3.790970e+01,3.815381e+01,3.818090e+01,3.818090e+01,3.873480e+01,3.878869e+01,3.892331e+01,3.892331e+01,3.947355e+01,3.952709e+01,3.956723e+01,3.956723e+01,3.956723e+01,4.019417e+01,4.019417e+01,4.073826e+01,4.063230e+01,4.067204e+01,4.067204e+01,4.121385e+01,4.110833e+01,4.167433e+01,4.168746e+01,4.171371e+01,4.171371e+01,4.171371e+01,4.225061e+01,4.225061e+01,4.225061e+01,4.225061e+01,4.225061e+01,4.278500e+01,4.271996e+01,4.271996e+01,4.271996e+01,4.271996e+01,4.325219e+01,4.321333e+01,4.321333e+01,4.321333e+01,4.374331e+01,4.367881e+01,4.367881e+01,4.367881e+01,4.367881e+01,4.402669e+01,4.402669e+01,4.402669e+01,4.402669e+01,4.402669e+01,4.446329e+01,4.446329e+01,4.446329e+01,4.446329e+01,4.446329e+01,4.489828e+01,4.489828e+01,4.489828e+01,4.489828e+01,4.489828e+01,4.489828e+01,4.489828e+01,4.489828e+01,4.489828e+01,4.489828e+01,4.489828e+01,4.489828e+01,4.489828e+01,4.489828e+01,4.489828e+01,4.542068e+01,4.536982e+01,4.533165e+01,4.533165e+01,4.585214e+01,4.581414e+01,4.586481e+01,4.586481e+01,4.642079e+01,4.635774e+01,4.635774e+01,4.635774e+01,4.635774e+01,4.635774e+01,4.635774e+01,4.635774e+01,4.635774e+01,4.635774e+01,4.594078e+01,4.577612e+01,4.577612e+01,4.577612e+01,4.577612e+01,4.577612e+01,4.573809e+01,4.559853e+01,4.557314e+01,4.554774e+01,4.552234e+01,4.549694e+01,4.547152e+01,4.547152e+01,4.547152e+01,4.547152e+01,4.547152e+01,4.547152e+01,4.547152e+01,4.547152e+01,4.525529e+01,4.511517e+01,4.508967e+01,4.506417e+01,4.503866e+01,4.448893e+01,4.492382e+01,4.479607e+01,4.478329e+01,4.451455e+01,4.470657e+01,4.446329e+01,4.421951e+01,4.403955e+01,4.389796e+01,4.385932e+01,4.382066e+01,4.378199e+01,4.374331e+01,4.374331e+01,4.374331e+01,4.354969e+01,4.331693e+01,4.321333e+01,4.317446e+01,4.317446e+01,4.317446e+01,4.317446e+01,4.317446e+01,4.265489e+01,4.265489e+01,4.265489e+01,4.265489e+01,4.265489e+01,4.265489e+01,4.218526e+01,4.204139e+01,4.200212e+01,4.196283e+01,4.221141e+01,4.160866e+01,4.185801e+01,4.171371e+01,4.158238e+01,4.185801e+01,4.181867e+01,4.150351e+01,4.127974e+01,4.124021e+01,4.124021e+01,4.124021e+01,4.124021e+01,4.124021e+01,4.124021e+01,4.124021e+01,4.124021e+01,4.124021e+01,4.124021e+01,4.124021e+01,4.124021e+01,4.124021e+01,4.124021e+01,4.124021e+01,4.124021e+01,4.124021e+01,4.124021e+01,4.124021e+01,4.109513e+01,4.081766e+01,4.065880e+01,4.106874e+01,4.102913e+01,4.076473e+01,4.061905e+01,4.101593e+01,4.075150e+01,4.049971e+01,4.087056e+01,4.073826e+01,4.114791e+01,4.102913e+01,4.075150e+01,4.068529e+01,4.068529e+01,4.068529e+01,4.068529e+01,4.068529e+01,4.068529e+01,4.068529e+01,4.068529e+01,4.068529e+01,4.068529e+01,4.068529e+01,4.068529e+01,4.068529e+01,4.068529e+01,4.068529e+01,4.068529e+01,3.992781e+01,3.992781e+01,3.992781e+01,3.992781e+01,3.992781e+01,3.992781e+01,3.992781e+01,3.992781e+01,3.992781e+01,3.992781e+01,3.992781e+01,3.992781e+01,3.992781e+01,3.992781e+01,3.992781e+01,3.937980e+01,3.937980e+01,3.937980e+01,3.937980e+01,3.937980e+01,3.937980e+01,3.937980e+01,3.937980e+01,3.937980e+01,3.937980e+01,3.937980e+01,3.937980e+01,3.937980e+01,3.937980e+01,3.937980e+01,3.937980e+01,3.937980e+01,3.880216e+01,3.880216e+01,3.935300e+01,3.870784e+01,3.913836e+01,3.901744e+01,3.889640e+01,3.877522e+01,3.865392e+01,3.862694e+01,3.859996e+01,3.857297e+01,3.854597e+01,3.907120e+01,3.896367e+01,3.889640e+01,3.889640e+01,3.889640e+01,3.889640e+01,3.889640e+01,3.889640e+01,3.889640e+01,3.889640e+01,3.889640e+01,3.889640e+01,3.889640e+01,3.889640e+01,3.889640e+01,3.889640e+01,3.889640e+01,3.889640e+01,3.889640e+01,3.889640e+01,3.889640e+01,3.889640e+01,3.889640e+01,3.889640e+01,3.889640e+01,3.889640e+01,3.889640e+01,3.889640e+01,3.889640e+01,3.889640e+01,3.889640e+01,3.889640e+01,3.889640e+01,3.889640e+01,3.889640e+01,3.889640e+01,3.889640e+01,3.889640e+01,3.889640e+01,3.944677e+01,3.932619e+01,3.920548e+01,3.908464e+01,3.907120e+01,3.905777e+01,3.904433e+01,3.903089e+01,3.956723e+01,3.889640e+01,3.944677e+01,3.932619e+01,3.960735e+01,3.948694e+01,3.936640e+01,3.924573e+01,3.912493e+01,3.917863e+01,3.931279e+01,3.917863e+01,3.917863e+01,3.917863e+01,3.917863e+01,3.917863e+01,3.917863e+01,3.917863e+01,3.917863e+01,3.917863e+01,3.917863e+01,3.972763e+01,3.960735e+01,3.948694e+01,3.936640e+01,3.936640e+01,3.936640e+01,3.936640e+01,3.936640e+01,3.936640e+01,3.936640e+01,3.936640e+01,3.936640e+01,3.936640e+01,3.936640e+01,3.936640e+01,3.936640e+01,3.936640e+01,3.936640e+01,3.936640e+01,3.936640e+01,3.936640e+01,3.936640e+01,3.936640e+01,3.936640e+01,3.936640e+01,3.936640e+01,3.936640e+01,3.936640e+01,3.936640e+01,3.881563e+01,3.936640e+01,3.932619e+01,3.889640e+01,3.893676e+01,3.874828e+01,3.911150e+01,3.900400e+01,3.838387e+01,3.849196e+01,3.903089e+01,3.890985e+01,3.878869e+01,3.866740e+01,3.854597e+01,3.854597e+01,3.854597e+01,3.854597e+01,3.854597e+01,3.854597e+01,3.854597e+01,3.799113e+01,3.799113e+01,3.799113e+01,3.799113e+01,3.799113e+01,3.799113e+01,3.799113e+01,3.799113e+01,3.759700e+01,3.751528e+01,3.733801e+01,3.732436e+01,3.731071e+01,3.729706e+01,3.672218e+01,3.674962e+01,3.674962e+01,3.674962e+01,3.674962e+01,3.674962e+01,3.663980e+01,3.651613e+01,3.648863e+01,3.646112e+01,3.586800e+01,3.586800e+01,3.586800e+01,3.586800e+01,3.586800e+01,3.586800e+01,3.586800e+01,3.586800e+01,3.586800e+01,3.554942e+01,3.554942e+01,3.554942e+01,3.554942e+01,3.554942e+01,3.554942e+01,3.520207e+01,3.520207e+01,3.520207e+01,3.520207e+01,3.520207e+01,3.467197e+01,3.467197e+01,3.467197e+01,3.467197e+01,3.467197e+01,3.467197e+01,3.467197e+01,3.467197e+01,3.409708e+01,3.420949e+01,3.416735e+01,3.416735e+01,3.416735e+01,3.416735e+01,3.416735e+01,3.416735e+01,3.416735e+01,3.416735e+01,3.416735e+01,3.416735e+01,3.363211e+01,3.363211e+01,3.363211e+01,3.363211e+01,3.363211e+01,3.363211e+01,3.363211e+01,3.363211e+01,3.363211e+01,3.363211e+01,3.363211e+01,3.363211e+01,3.363211e+01,3.363211e+01,3.363211e+01,3.363211e+01,3.363211e+01,3.363211e+01,3.363211e+01,3.363211e+01,3.363211e+01,3.363211e+01,3.363211e+01,3.363211e+01,3.363211e+01,3.363211e+01,3.363211e+01,3.363211e+01,3.363211e+01,3.363211e+01,3.420949e+01,3.413924e+01,3.413924e+01,3.413924e+01,3.413924e+01,3.413924e+01,3.413924e+01,3.413924e+01,3.413924e+01,3.471391e+01,3.467197e+01,3.467197e+01,3.467197e+01,3.467197e+01,3.467197e+01,3.467197e+01,3.467197e+01,3.467197e+01,3.467197e+01,3.467197e+01,3.499313e+01,3.499313e+01,3.499313e+01,3.499313e+01,3.499313e+01,3.499313e+01,3.499313e+01,3.499313e+01,3.499313e+01,3.499313e+01,3.499313e+01,3.499313e+01,3.499313e+01,3.499313e+01,3.499313e+01,3.499313e+01,3.499313e+01,3.499313e+01,3.499313e+01,3.499313e+01,3.499313e+01,3.499313e+01,3.499313e+01,3.499313e+01,3.499313e+01,3.499313e+01,3.499313e+01,3.499313e+01,3.499313e+01,3.499313e+01,3.499313e+01,3.499313e+01,3.499313e+01,3.499313e+01,3.499313e+01,3.499313e+01,3.499313e+01,3.499313e+01,3.499313e+01,3.499313e+01,3.499313e+01,3.499313e+01,3.499313e+01,3.499313e+01,3.499313e+01,3.499313e+01,3.499313e+01,3.499313e+01,3.499313e+01,3.499313e+01,3.499313e+01,3.499313e+01,3.499313e+01,3.499313e+01,3.499313e+01,3.499313e+01,3.499313e+01,3.499313e+01,3.499313e+01,3.499313e+01,3.499313e+01,3.499313e+01,3.499313e+01,3.499313e+01,3.499313e+01,3.499313e+01,3.499313e+01,3.499313e+01,3.499313e+01,3.499313e+01,3.499313e+01,3.499313e+01,3.499313e+01,3.499313e+01,3.499313e+01,3.499313e+01,3.499313e+01,3.499313e+01,3.499313e+01,3.499313e+01,3.499313e+01,3.499313e+01,3.499313e+01,3.499313e+01,3.499313e+01,3.499313e+01,3.499313e+01,3.499313e+01,3.499313e+01,3.499313e+01,3.499313e+01,3.499313e+01,3.499313e+01,3.499313e+01,3.499313e+01,3.556329e+01,3.543839e+01,3.549392e+01,3.557716e+01,3.538283e+01,3.534114e+01,3.542450e+01,3.550779e+01,3.550779e+01,3.550779e+01,3.550779e+01,3.550779e+01
3.380142e+01,3.380142e+01,3.380142e+01,3.380142e+01,3.380142e+01,3.380142e+01,3.380142e+01,3.380142e+01,3.430776e+01,3.430776e+01,3.430776e+01,3.430776e+01,3.430776e+01,3.430776e+01,3.430776e+01,3.430776e+01,3.430776e+01,3.472789e+01,3.472789e+01,3.472789e+01,3.472789e+01,3.472789e+01,3.472789e+01,3.529944e+01,3.518816e+01,3.520207e+01,3.520207e+01,3.520207e+01,3.520207e+01,3.520207e+01,3.520207e+01,3.577114e+01,3.577114e+01,3.577114e+01,3.577114e+01,3.577114e+01,3.577114e+01,3.577114e+01,3.577114e+01,3.577114e+01,3.633725e+01,3.633725e+01,3.633725e+01,3.633725e+01,3.633725e+01,3.690044e+01,3.690044e+01,3.692784e+01,3.759700e+01,3.765144e+01,3.765144e+01,3.815381e+01,3.815381e+01,3.870784e+01,3.866740e+01,3.866740e+01,3.921890e+01,3.927256e+01,3.933960e+01,3.933960e+01,3.988781e+01,3.984778e+01,3.990114e+01,4.006107e+01,4.015426e+01,4.038025e+01,4.096309e+01,4.091023e+01,4.100272e+01,4.108194e+01,4.117429e+01,4.135877e+01,4.142458e+01,4.142458e+01,4.142458e+01,4.171371e+01,4.193663e+01,4.198902e+01,4.198902e+01,4.252463e+01,4.257675e+01,4.265489e+01,4.265489e+01,4.265489e+01,4.318742e+01,4.308371e+01,4.312261e+01,4.312261e+01,4.365300e+01,4.354969e+01,4.361427e+01,4.361427e+01,4.361427e+01,4.361427e+01,4.414242e+01,4.410386e+01,4.410386e+01,4.410386e+01,4.410386e+01,4.462980e+01,4.456579e+01,4.456579e+01,4.456579e+01,4.456579e+01,4.456579e+01,4.489828e+01,4.489828e+01,4.489828e+01,4.489828e+01,4.489828e+01,4.489828e+01,4.489828e+01,4.489828e+01,4.489828e+01,4.489828e+01,4.542068e+01,4.530621e+01,4.525529e+01,4.520436e+01,4.525529e+01,4.529348e+01,4.581414e+01,4.566199e+01,4.571273e+01,4.572541e+01,4.624417e+01,4.613049e+01,4.618103e+01,4.629466e+01,4.681095e+01,4.669781e+01,4.664749e+01,4.659715e+01,4.659715e+01,4.659715e+01,4.659715e+01,4.659715e+01,4.607993e+01,4.606729e+01,4.606729e+01,4.606729e+01,4.606729e+01,4.606729e+01,4.606729e+01,4.606729e+01,4.606729e+01,4.606729e+01,4.606729e+01,4.552234e+01,4.552234e+01,4.552234e+01,4.552234e+01,4.552234e+01,4.552234e+01,4.552234e+01,4.604200e+01,4.592812e+01,4.529348e+01,4.529348e+01,4.529348e+01,4.529348e+01,4.529348e+01,4.529348e+01,4.529348e+01,4.529348e+01,4.479607e+01,4.475772e+01,4.468099e+01,4.468099e+01,4.468099e+01,4.468099e+01,4.468099e+01,4.468099e+01,4.468099e+01,4.468099e+01,4.468099e+01,4.427088e+01,4.414242e+01,4.409100e+01,4.437354e+01,4.401382e+01,4.378199e+01,4.361427e+01,4.348509e+01,4.343337e+01,4.343337e+01,4.343337e+01,4.343337e+01,4.343337e+01,4.343337e+01,4.318742e+01,4.305776e+01,4.301883e+01,4.312261e+01,4.285000e+01,4.268092e+01,4.251160e+01,4.243336e+01,4.214605e+01,4.255069e+01,4.228979e+01,4.210681e+01,4.206756e+01,4.200212e+01,4.185801e+01,4.211989e+01,4.196283e+01,4.238118e+01,4.172684e+01,4.214605e+01,4.202830e+01,4.191043e+01,4.179244e+01,4.167433e+01,4.155610e+01,4.151666e+01,4.147721e+01,4.147721e+01,4.201521e+01,4.189733e+01,4.177932e+01,4.166120e+01,4.162180e+01,4.158238e+01,4.154295e+01,4.135877e+01,4.125339e+01,4.158238e+01,4.154295e+01,4.138510e+01,4.162180e+01,4.143774e+01,4.139826e+01,4.110833e+01,4.141142e+01,4.137194e+01,4.120066e+01,4.116110e+01,4.101593e+01,4.146405e+01,4.127974e+01,4.116110e+01,4.104234e+01,4.101593e+01,4.098951e+01,4.096309e+01,4.093666e+01,4.093666e+01,4.093666e+01,4.093666e+01,4.093666e+01,4.093666e+01,4.093666e+01,4.093666e+01,4.093666e+01,4.093666e+01,4.093666e+01,4.093666e+01,4.093666e+01,4.047318e+01,4.035369e+01,4.032712e+01,4.030054e+01,4.027396e+01,4.024737e+01,4.022078e+01,4.073826e+01,4.007439e+01,4.007439e+01,4.007439e+01,4.007439e+01,4.007439e+01,4.007439e+01,4.007439e+01,4.007439e+01,4.007439e+01,4.007439e+01,4.007439e+01,3.992781e+01,3.979440e+01,3.978105e+01,3.976770e+01,3.975434e+01,3.974099e+01,3.972763e+01,3.971427e+01,3.970091e+01,3.966082e+01,3.968755e+01,3.958060e+01,3.951371e+01,3.950032e+01,3.946016e+01,3.932619e+01,3.919206e+01,3.905777e+01,3.947355e+01,3.931279e+01,3.915179e+01,3.954047e+01,3.940659e+01,3.933960e+01,3.933960e+01,3.933960e+01,3.933960e+01,3.933960e+01,3.933960e+01,3.933960e+01,3.933960e+01,3.933960e+01,3.933960e+01,3.933960e+01,3.933960e+01,3.933960e+01,3.933960e+01,3.933960e+01,3.933960e+01,3.933960e+01,3.933960e+01,3.933960e+01,3.933960e+01,3.933960e+01,3.933960e+01,3.933960e+01,3.933960e+01,3.933960e+01,3.933960e+01,3.933960e+01,3.933960e+01,3.933960e+01,3.933960e+01,3.933960e+01,3.933960e+01,3.933960e+01,3.933960e+01,3.933960e+01,3.933960e+01,3.933960e+01,3.933960e+01,3.933960e+01,3.988781e+01,3.964746e+01,3.952709e+01,3.995448e+01,3.982109e+01,3.968755e+01,3.955385e+01,3.943338e+01,3.947355e+01,3.966082e+01,3.959398e+01,3.950032e+01,3.996781e+01,3.984778e+01,3.972763e+01,3.960735e+01,3.948694e+01,3.948694e+01,4.003443e+01,3.978105e+01,3.966082e+01,3.954047e+01,3.955385e+01,3.956723e+01,3.958060e+01,3.959398e+01,3.960735e+01,3.962072e+01,4.006107e+01,3.999446e+01,3.999446e+01,3.999446e+01,3.999446e+01,3.999446e+01,3.999446e+01,3.999446e+01,3.999446e+01,3.991448e+01,3.979440e+01,3.980775e+01,3.968755e+01,3.970091e+01,3.971427e+01,3.972763e+01,3.974099e+01,3.975434e+01,3.976770e+01,3.978105e+01,3.979440e+01,3.980775e+01,3.968755e+01,3.970091e+01,3.971427e+01,3.972763e+01,3.974099e+01,3.975434e+01,3.976770e+01,3.917863e+01,3.959398e+01,3.952709e+01,3.946016e+01,3.920548e+01,3.921890e+01,3.905777e+01,3.908464e+01,3.890985e+01,3.925914e+01,3.916521e+01,3.909807e+01,3.909807e+01,3.909807e+01,3.909807e+01,3.909807e+01,3.909807e+01,3.909807e+01,3.854597e+01,3.854597e+01,3.854597e+01,3.854597e+01,3.854597e+01,3.854597e+01,3.854597e+01,3.854597e+01,3.799113e+01,3.799113e+01,3.799113e+01,3.799113e+01,3.799113e+01,3.751528e+01,3.751528e+01,3.751528e+01,3.751528e+01,3.751528e+01,3.728341e+01,3.716046e+01,3.717413e+01,3.662607e+01,3.662607e+01,3.662607e+01,3.662607e+01,3.662607e+01,3.662607e+01,3.606146e+01,3.600622e+01,3.600622e+01,3.600622e+01,3.600622e+01,3.600622e+01,3.600622e+01,3.600622e+01,3.600622e+01,3.600622e+01,3.554942e+01,3.554942e+01,3.554942e+01,3.554942e+01,3.554942e+01,3.497919e+01,3.502101e+01,3.502101e+01,3.502101e+01,3.502101e+01,3.502101e+01,3.502101e+01,3.502101e+01,3.502101e+01,3.502101e+01,3.467197e+01,3.467197e+01,3.467197e+01,3.467197e+01,3.467197e+01,3.467197e+01,3.467197e+01,3.416735e+01,3.416735e+01,3.416735e+01,3.416735e+01,3.416735e+01,3.416735e+01,3.416735e+01,3.416735e+01,3.416735e+01,3.363211e+01,3.363211e+01,3.363211e+01,3.363211e+01,3.363211e+01,3.363211e+01,3.363211e+01,3.363211e+01,3.363211e+01,3.363211e+01,3.363211e+01,3.363211e+01,3.363211e+01,3.363211e+01,3.363211e+01,3.363211e+01,3.363211e+01,3.363211e+01,3.363211e+01,3.363211e+01,3.363211e+01,3.363211e+01,3.363211e+01,3.363211e+01,3.363211e+01,3.363211e+01,3.363211e+01,3.363211e+01,3.363211e+01,3.363211e+01,3.363211e+01,3.413924e+01,3.413924e+01,3.413924e+01,3.413924e+01,3.413924e+01,3.413924e+01,3.413924e+01,3.413924e+01,3.471391e+01,3.471391e+01,3.471391e+01,3.471391e+01,3.471391e+01,3.471391e+01,3.471391e+01,3.471391e+01,3.471391e+01,3.471391e+01,3.471391e+01,3.528554e+01,3.528554e+01,3.528554e+01,3.528554e+01,3.528554e+01,3.528554e+01,3.528554e+01,3.528554e+01,3.528554e+01,3.471391e+01,3.528554e+01,3.527163e+01,3.527163e+01,3.527163e+01,3.527163e+01,3.527163e+01,3.527163e+01,3.527163e+01,3.527163e+01,3.469993e+01,3.471391e+01,3.471391e+01,3.471391e+01,3.471391e+01,3.471391e+01,3.471391e+01,3.471391e+01,3.471391e+01,3.471391e+01,3.471391e+01,3.471391e+01,3.471391e+01,3.471391e+01,3.471391e+01,3.471391e+01,3.471391e+01,3.471391e+01,3.471391e+01,3.471391e+01,3.471391e+01,3.471391e+01,3.471391e+01,3.471391e+01,3.471391e+01,3.471391e+01,3.471391e+01,3.471391e+01,3.471391e+01,3.471391e+01,3.471391e+01,3.471391e+01,3.471391e+01,3.471391e+01,3.471391e+01,3.471391e+01,3.471391e+01,3.471391e+01,3.471391e+01,3.471391e+01,3.471391e+01,3.471391e+01,3.471391e+01,3.528554e+01,3.469993e+01,3.471391e+01,3.471391e+01,3.471391e+01,3.471391e+01,3.471391e+01,3.528554e+01,3.527163e+01,3.469993e+01,3.471391e+01,3.471391e+01,3.471391e+01,3.471391e+01,3.471391e+01,3.528554e+01,3.469993e+01,3.472789e+01,3.472789e+01,3.529944e+01,3.527163e+01,3.527163e+01,3.527163e+01,3.527163e+01,3.527163e+01,3.527163e+01,3.527163e+01,3.527163e+01,3.527163e+01,3.527163e+01,3.527163e+01,3.527163e+01,3.527163e+01,3.527163e+01,3.527163e+01,3.527163e+01,3.527163e+01,3.527163e+01,3.527163e+01,3.527163e+01,3.527163e+01,3.527163e+01,3.527163e+01,3.527163e+01,3.527163e+01
3.380142e+01,3.380142e+01,3.380142e+01,3.380142e+01,3.380142e+01,3.380142e+01,3.380142e+01,3.380142e+01,3.430776e+01,3.430776e+01,3.430776e+01,3.430776e+01,3.430776e+01,3.430776e+01,3.430776e+01,3.430776e+01,3.430776e+01,3.430776e+01,3.472789e+01,3.472789e+01,3.472789e+01,3.472789e+01,3.472789e+01,3.472789e+01,3.518816e+01,3.518816e+01,3.518816e+01,3.518816e+01,3.518816e+01,3.518816e+01,3.518816e+01,3.577114e+01,3.577114e+01,3.577114e+01,3.577114e+01,3.577114e+01,3.577114e+01,3.577114e+01,3.577114e+01,3.577114e+01,3.633725e+01,3.633725e+01,3.633725e+01,3.633725e+01,3.633725e+01,3.690044e+01,3.690044e+01,3.690044e+01,3.759700e+01,3.759700e+01,3.815381e+01,3.808606e+01,3.873480e+01,3.866740e+01,3.866740e+01,3.866740e+01,3.921890e+01,3.921890e+01,3.921890e+01,3.976770e+01,3.975434e+01,3.975434e+01,3.975434e+01,4.006107e+01,4.060579e+01,4.051298e+01,4.063230e+01,4.065880e+01,4.100272e+01,4.100272e+01,4.154295e+01,4.151666e+01,4.151666e+01,4.151666e+01,4.205447e+01,4.201521e+01,4.252463e+01,4.240727e+01,4.245945e+01,4.245945e+01,4.245945e+01,4.245945e+01,4.299288e+01,4.304479e+01,4.305776e+01,4.305776e+01,4.358844e+01,4.349801e+01,4.352386e+01,4.352386e+01,4.352386e+01,4.352386e+01,4.405242e+01,4.396235e+01,4.401382e+01,4.454018e+01,4.442484e+01,4.441201e+01,4.446329e+01,4.450174e+01,4.450174e+01,4.502591e+01,4.491105e+01,4.489828e+01,4.492382e+01,4.489828e+01,4.489828e+01,4.489828e+01,4.489828e+01,4.542068e+01,4.530621e+01,4.529348e+01,4.528075e+01,4.526802e+01,4.531893e+01,4.535710e+01,4.535710e+01,4.535710e+01,4.535710e+01,4.535710e+01,4.587748e+01,4.581414e+01,4.633251e+01,4.621892e+01,4.613049e+01,4.611785e+01,4.663491e+01,4.703690e+01,4.694908e+01,4.688631e+01,4.688631e+01,4.688631e+01,4.688631e+01,4.688631e+01,4.688631e+01,4.688631e+01,4.688631e+01,4.688631e+01,4.658456e+01,4.648381e+01,4.638297e+01,4.637035e+01,4.635774e+01,4.634513e+01,4.633251e+01,4.631990e+01,4.631990e+01,4.631990e+01,4.631990e+01,4.631990e+01,4.631990e+01,4.631990e+01,4.604200e+01,4.594078e+01,4.637035e+01,4.630728e+01,4.614313e+01,4.582681e+01,4.572541e+01,4.614313e+01,4.605464e+01,4.596609e+01,4.587748e+01,4.578879e+01,4.571273e+01,4.522983e+01,4.562392e+01,4.547152e+01,4.539525e+01,4.531893e+01,4.524256e+01,4.516614e+01,4.508967e+01,4.507692e+01,4.506417e+01,4.502591e+01,4.468099e+01,4.454018e+01,4.451455e+01,4.450174e+01,4.430939e+01,4.406528e+01,4.441201e+01,4.420667e+01,4.407814e+01,4.400096e+01,4.392372e+01,4.384644e+01,4.383355e+01,4.382066e+01,4.356261e+01,4.342044e+01,4.336870e+01,4.332988e+01,4.322629e+01,4.357553e+01,4.332988e+01,4.318742e+01,4.292796e+01,4.288898e+01,4.262885e+01,4.297990e+01,4.286300e+01,4.271996e+01,4.249856e+01,4.295393e+01,4.275899e+01,4.275899e+01,4.264187e+01,4.260281e+01,4.240727e+01,4.230285e+01,4.273298e+01,4.253766e+01,4.234202e+01,4.222448e+01,4.210681e+01,4.256372e+01,4.249856e+01,4.230285e+01,4.219834e+01,4.209373e+01,4.197593e+01,4.194973e+01,4.192353e+01,4.228979e+01,4.214605e+01,4.210681e+01,4.198902e+01,4.175309e+01,4.177932e+01,4.177932e+01,4.177932e+01,4.177932e+01,4.177932e+01,4.177932e+01,4.177932e+01,4.177932e+01,4.177932e+01,4.177932e+01,4.177932e+01,4.177932e+01,4.177932e+01,4.177932e+01,4.177932e+01,4.150351e+01,4.139826e+01,4.131926e+01,4.134560e+01,4.137194e+01,4.129292e+01,4.131926e+01,4.134560e+01,4.137194e+01,4.129292e+01,4.131926e+01,4.134560e+01,4.137194e+01,4.129292e+01,4.143774e+01,4.124021e+01,4.113472e+01,4.102913e+01,4.092345e+01,4.081766e+01,4.126657e+01,4.120066e+01,4.109513e+01,4.101593e+01,4.093666e+01,4.085734e+01,4.077797e+01,4.069854e+01,4.061905e+01,4.053951e+01,4.045991e+01,4.048645e+01,4.051298e+01,4.028725e+01,4.018087e+01,4.019417e+01,4.020747e+01,4.011433e+01,4.012764e+01,4.014095e+01,4.015426e+01,4.006107e+01,4.004775e+01,4.007439e+01,3.999446e+01,3.995448e+01,3.986113e+01,3.984778e+01,3.974099e+01,3.963409e+01,3.946016e+01,3.944677e+01,3.944677e+01,3.970091e+01,3.966082e+01,3.966082e+01,3.966082e+01,3.966082e+01,3.966082e+01,3.966082e+01,3.966082e+01,3.966082e+01,3.966082e+01,3.966082e+01,3.966082e+01,3.966082e+01,3.966082e+01,3.966082e+01,3.966082e+01,3.966082e+01,3.966082e+01,3.966082e+01,3.966082e+01,3.966082e+01,3.966082e+01,3.966082e+01,3.966082e+01,3.966082e+01,3.966082e+01,3.966082e+01,3.966082e+01,3.966082e+01,3.966082e+01,3.966082e+01,3.966082e+01,3.966082e+01,3.966082e+01,3.966082e+01,3.966082e+01,3.966082e+01,3.988781e+01,3.980775e+01,3.972763e+01,3.975434e+01,3.980775e+01,3.982109e+01,3.982109e+01,4.007439e+01,4.003443e+01,4.003443e+01,4.003443e+01,4.003443e+01,4.003443e+01,4.003443e+01,4.003443e+01,4.003443e+01,4.003443e+01,4.003443e+01,4.003443e+01,4.003443e+01,4.003443e+01,4.003443e+01,4.003443e+01,4.003443e+01,4.003443e+01,4.003443e+01,4.003443e+01,4.003443e+01,4.003443e+01,4.003443e+01,4.003443e+01,4.069854e+01,4.010102e+01,4.003443e+01,4.057928e+01,4.049971e+01,4.042009e+01,4.044664e+01,4.036697e+01,4.039353e+01,4.042009e+01,4.044664e+01,4.028725e+01,4.019417e+01,4.022078e+01,4.012764e+01,4.004775e+01,4.007439e+01,4.010102e+01,4.012764e+01,4.015426e+01,4.018087e+01,4.020747e+01,4.023407e+01,4.015426e+01,4.006107e+01,4.008770e+01,4.011433e+01,4.014095e+01,3.962072e+01,3.962072e+01,4.016756e+01,3.959398e+01,4.011433e+01,3.996781e+01,3.982109e+01,3.958060e+01,3.959398e+01,3.944677e+01,3.946016e+01,3.931279e+01,3.929938e+01,3.929938e+01,3.929938e+01,3.929938e+01,3.929938e+01,3.929938e+01,3.929938e+01,3.929938e+01,3.929938e+01,3.909807e+01,3.901744e+01,3.893676e+01,3.895021e+01,3.896367e+01,3.842442e+01,3.842442e+01,3.842442e+01,3.842442e+01,3.842442e+01,3.842442e+01,3.799113e+01,3.788254e+01,3.785538e+01,3.785538e+01,3.785538e+01,3.729706e+01,3.729706e+01,3.729706e+01,3.729706e+01,3.673590e+01,3.676334e+01,3.676334e+01,3.676334e+01,3.676334e+01,3.619944e+01,3.670845e+01,3.648863e+01,3.641985e+01,3.640608e+01,3.639232e+01,3.581266e+01,3.581266e+01,3.581266e+01,3.581266e+01,3.581266e+01,3.581266e+01,3.581266e+01,3.581266e+01,3.581266e+01,3.524381e+01,3.518816e+01,3.511855e+01,3.511855e+01,3.511855e+01,3.511855e+01,3.511855e+01,3.511855e+01,3.511855e+01,3.511855e+01,3.511855e+01,3.511855e+01,3.511855e+01,3.467197e+01,3.467197e+01,3.467197e+01,3.467197e+01,3.467197e+01,3.467197e+01,3.416735e+01,3.416735e+01,3.416735e+01,3.416735e+01,3.416735e+01,3.416735e+01,3.416735e+01,3.416735e+01,3.416735e+01,3.416735e+01,3.363211e+01,3.363211e+01,3.420949e+01,3.412519e+01,3.404082e+01,3.402676e+01,3.401268e+01,3.399862e+01,3.398454e+01,3.397047e+01,3.395639e+01,3.394231e+01,3.334933e+01,3.392823e+01,3.390006e+01,3.390006e+01,3.390006e+01,3.390006e+01,3.390006e+01,3.390006e+01,3.390006e+01,3.390006e+01,3.390006e+01,3.390006e+01,3.390006e+01,3.390006e+01,3.390006e+01,3.390006e+01,3.390006e+01,3.390006e+01,3.390006e+01,3.390006e+01,3.447601e+01,3.387189e+01,3.444798e+01,3.440593e+01,3.440593e+01,3.440593e+01,3.440593e+01,3.440593e+01,3.440593e+01,3.440593e+01,3.471391e+01,3.471391e+01,3.471391e+01,3.471391e+01,3.471391e+01,3.528554e+01,3.521599e+01,3.521599e+01,3.521599e+01,3.521599e+01,3.521599e+01,3.521599e+01,3.521599e+01,3.521599e+01,3.521599e+01,3.521599e+01,3.521599e+01,3.521599e+01,3.521599e+01,3.521599e+01,3.521599e+01,3.521599e+01,3.521599e+01,3.521599e+01,3.521599e+01,3.521599e+01,3.521599e+01,3.521599e+01,3.521599e+01,3.471391e+01,3.528554e+01,3.520207e+01,3.511855e+01,3.507676e+01,3.503495e+01,3.499313e+01,3.499313e+01,3.499313e+01,3.499313e+01,3.499313e+01,3.499313e+01,3.499313e+01,3.499313e+01,3.499313e+01,3.499313e+01,3.499313e+01,3.499313e+01,3.499313e+01,3.499313e+01,3.499313e+01,3.499313e+01,3.499313e+01,3.499313e+01,3.499313e+01,3.499313e+01,3.499313e+01,3.499313e+01,3.499313e+01,3.499313e+01,3.499313e+01,3.499313e+01,3.499313e+01,3.499313e+01,3.499313e+01,3.499313e+01,3.499313e+01,3.499313e+01,3.499313e+01,3.499313e+01,3.499313e+01,3.499313e+01,3.499313e+01,3.499313e+01,3.499313e+01,3.499313e+01,3.499313e+01,3.499313e+01,3.499313e+01,3.499313e+01,3.499313e+01,3.499313e+01,3.499313e+01,3.499313e+01,3.499313e+01,3.499313e+01,3.499313e+01,3.499313e+01,3.499313e+01,3.499313e+01,3.499313e+01,3.499313e+01,3.499313e+01,3.499313e+01,3.499313e+01,3.499313e+01,3.499313e+01,3.499313e+01,3.499313e+01,3.499313e+01,3.499313e+01,3.556329e+01,3.552167e+01,3.552167e+01,3.552167e+01,3.552167e+01,3.552167e+01,3.552167e+01,3.552167e+01,3.552167e+01,3.552167e+01,3.552167e+01,3.552167e+01,3.552167e+01,3.552167e+01
3.380142e+01,3.380142e+01,3.380142e+01,3.380142e+01,3.380142e+01,3.380142e+01,3.380142e+01,3.380142e+01,3.380142e+01,3.430776e+01,3.430776e+01,3.430776e+01,3.430776e+01,3.430776e+01,3.430776e+01,3.430776e+01,3.430776e+01,3.430776e+01,3.472789e+01,3.472789e+01,3.472789e+01,3.472789e+01,3.472789e+01,3.529944e+01,3.522990e+01,3.522990e+01,3.522990e+01,3.522990e+01,3.522990e+01,3.579882e+01,3.572960e+01,3.570190e+01,3.570190e+01,3.570190e+01,3.570190e+01,3.570190e+01,3.570190e+01,3.570190e+01,3.570190e+01,3.626836e+01,3.626836e+01,3.626836e+01,3.626836e+01,3.626836e+01,3.683191e+01,3.683191e+01,3.683191e+01,3.739258e+01,3.752890e+01,3.763783e+01,3.837035e+01,3.841090e+01,3.859996e+01,3.859996e+01,3.859996e+01,3.915179e+01,3.915179e+01,3.915179e+01,3.970091e+01,3.970091e+01,3.970091e+01,3.970091e+01,4.024737e+01,4.023407e+01,4.028725e+01,4.087056e+01,4.081766e+01,4.084412e+01,4.137194e+01,4.142458e+01,4.141142e+01,4.141142e+01,4.194973e+01,4.188422e+01,4.192353e+01,4.202830e+01,4.221141e+01,4.226367e+01,4.279800e+01,4.274598e+01,4.269394e+01,4.279800e+01,4.286300e+01,4.339457e+01,4.334282e+01,4.339457e+01,4.345923e+01,4.345923e+01,4.345923e+01,4.398809e+01,4.391084e+01,4.396235e+01,4.398809e+01,4.398809e+01,4.451455e+01,4.447611e+01,4.447611e+01,4.447611e+01,4.447611e+01,4.500039e+01,4.493658e+01,4.496211e+01,4.496211e+01,4.496211e+01,4.496211e+01,4.548423e+01,4.540797e+01,4.533165e+01,4.526802e+01,4.529348e+01,4.529348e+01,4.529348e+01,4.529348e+01,4.529348e+01,4.581414e+01,4.573809e+01,4.568736e+01,4.563661e+01,4.558584e+01,4.568736e+01,4.626942e+01,4.625679e+01,4.626942e+01,4.626942e+01,4.678581e+01,4.671038e+01,4.722488e+01,4.718731e+01,4.718731e+01,4.718731e+01,4.718731e+01,4.718731e+01,4.718731e+01,4.718731e+01,4.718731e+01,4.718731e+01,4.718731e+01,4.718731e+01,4.718731e+01,4.699928e+01,4.682351e+01,4.673553e+01,4.667265e+01,4.660974e+01,4.654679e+01,4.654679e+01,4.654679e+01,4.654679e+01,4.654679e+01,4.654679e+01,4.654679e+01,4.654679e+01,4.654679e+01,4.654679e+01,4.654679e+01,4.654679e+01,4.654679e+01,4.654679e+01,4.654679e+01,4.614313e+01,4.614313e+01,4.614313e+01,4.614313e+01,4.614313e+01,4.614313e+01,4.614313e+01,4.614313e+01,4.599140e+01,4.583948e+01,4.568736e+01,4.607993e+01,4.592812e+01,4.577612e+01,4.568736e+01,4.559853e+01,4.549694e+01,4.567467e+01,4.545882e+01,4.483441e+01,4.529348e+01,4.501315e+01,4.473215e+01,4.521709e+01,4.492382e+01,4.470657e+01,4.454018e+01,4.489828e+01,4.474494e+01,4.465540e+01,4.456579e+01,4.423236e+01,4.454018e+01,4.442484e+01,4.432222e+01,4.418097e+01,4.362718e+01,4.362718e+01,4.362718e+01,4.362718e+01,4.362718e+01,4.362718e+01,4.362718e+01,4.362718e+01,4.362718e+01,4.362718e+01,4.362718e+01,4.362718e+01,4.362718e+01,4.317446e+01,4.307073e+01,4.334282e+01,4.317446e+01,4.310964e+01,4.340751e+01,4.316150e+01,4.299288e+01,4.281101e+01,4.274598e+01,4.274598e+01,4.274598e+01,4.274598e+01,4.274598e+01,4.274598e+01,4.274598e+01,4.274598e+01,4.274598e+01,4.274598e+01,4.274598e+01,4.274598e+01,4.274598e+01,4.274598e+01,4.274598e+01,4.274598e+01,4.274598e+01,4.231591e+01,4.226367e+01,4.221141e+01,4.215912e+01,4.213297e+01,4.210681e+01,4.208064e+01,4.205447e+01,4.202830e+01,4.202830e+01,4.202830e+01,4.202830e+01,4.202830e+01,4.202830e+01,4.202830e+01,4.202830e+01,4.202830e+01,4.202830e+01,4.202830e+01,4.202830e+01,4.183178e+01,4.177932e+01,4.172684e+01,4.170059e+01,4.159552e+01,4.156924e+01,4.156924e+01,4.156924e+01,4.156924e+01,4.156924e+01,4.156924e+01,4.156924e+01,4.156924e+01,4.156924e+01,4.156924e+01,4.147721e+01,4.134560e+01,4.121385e+01,4.108194e+01,4.097630e+01,4.087056e+01,4.076473e+01,4.073826e+01,4.073826e+01,4.073826e+01,4.073826e+01,4.073826e+01,4.073826e+01,4.073826e+01,4.067204e+01,4.061905e+01,4.056602e+01,4.044664e+01,4.040681e+01,4.038025e+01,4.027396e+01,4.075150e+01,4.060579e+01,4.053951e+01,4.038025e+01,4.022078e+01,3.999446e+01,3.992781e+01,4.042009e+01,4.036697e+01,4.027396e+01,4.022078e+01,4.016756e+01,4.011433e+01,4.006107e+01,4.004775e+01,4.003443e+01,4.002111e+01,4.000779e+01,3.999446e+01,3.998114e+01,3.996781e+01,3.995448e+01,4.048645e+01,4.043336e+01,4.038025e+01,4.032712e+01,4.027396e+01,4.022078e+01,4.016756e+01,4.011433e+01,4.006107e+01,4.004775e+01,4.003443e+01,4.002111e+01,4.000779e+01,3.999446e+01,3.998114e+01,3.996781e+01,4.049971e+01,4.044664e+01,4.039353e+01,4.034040e+01,4.028725e+01,4.023407e+01,4.018087e+01,4.067204e+01,4.055276e+01,4.043336e+01,4.039353e+01,4.035369e+01,4.031383e+01,4.027396e+01,4.077797e+01,4.071178e+01,4.068529e+01,4.065880e+01,4.063230e+01,4.060579e+01,4.057928e+01,4.055276e+01,4.052624e+01,4.049971e+01,4.047318e+01,4.044664e+01,4.044664e+01,4.044664e+01,4.044664e+01,4.044664e+01,4.044664e+01,4.044664e+01,4.044664e+01,4.098951e+01,4.042009e+01,4.043336e+01,4.044664e+01,4.049971e+01,4.063230e+01,4.096309e+01,4.083089e+01,4.076473e+01,4.076473e+01,4.076473e+01,4.044664e+01,4.044664e+01,4.044664e+01,4.044664e+01,4.044664e+01,4.044664e+01,4.044664e+01,4.044664e+01,4.044664e+01,4.044664e+01,4.044664e+01,4.044664e+01,4.044664e+01,4.044664e+01,4.044664e+01,4.044664e+01,4.044664e+01,4.044664e+01,4.044664e+01,4.044664e+01,4.044664e+01,4.044664e+01,4.044664e+01,4.044664e+01,4.016756e+01,4.038025e+01,3.976770e+01,4.030054e+01,4.015426e+01,3.991448e+01,3.991448e+01,3.976770e+01,3.976770e+01,3.962072e+01,3.960735e+01,3.960735e+01,3.960735e+01,3.960735e+01,3.960735e+01,3.960735e+01,3.960735e+01,3.905777e+01,3.905777e+01,3.905777e+01,3.905777e+01,3.905777e+01,3.905777e+01,3.905777e+01,3.905777e+01,3.897711e+01,3.838387e+01,3.838387e+01,3.838387e+01,3.838387e+01,3.799113e+01,3.799113e+01,3.799113e+01,3.799113e+01,3.799113e+01,3.785538e+01,3.780103e+01,3.718779e+01,3.707841e+01,3.707841e+01,3.706473e+01,3.705105e+01,3.703736e+01,3.692784e+01,3.662607e+01,3.658486e+01,3.658486e+01,3.658486e+01,3.602003e+01,3.652988e+01,3.629592e+01,3.622702e+01,3.621323e+01,3.619944e+01,3.618565e+01,3.617186e+01,3.559103e+01,3.559103e+01,3.559103e+01,3.559103e+01,3.559103e+01,3.559103e+01,3.559103e+01,3.559103e+01,3.559103e+01,3.559103e+01,3.511855e+01,3.511855e+01,3.511855e+01,3.511855e+01,3.511855e+01,3.511855e+01,3.467197e+01,3.467197e+01,3.467197e+01,3.467197e+01,3.467197e+01,3.467197e+01,3.416735e+01,3.416735e+01,3.416735e+01,3.416735e+01,3.416735e+01,3.416735e+01,3.416735e+01,3.416735e+01,3.416735e+01,3.416735e+01,3.416735e+01,3.416735e+01,3.416735e+01,3.416735e+01,3.416735e+01,3.358974e+01,3.361799e+01,3.364623e+01,3.367447e+01,3.370269e+01,3.370269e+01,3.370269e+01,3.370269e+01,3.370269e+01,3.370269e+01,3.370269e+01,3.370269e+01,3.370269e+01,3.370269e+01,3.370269e+01,3.370269e+01,3.370269e+01,3.370269e+01,3.370269e+01,3.370269e+01,3.370269e+01,3.370269e+01,3.370269e+01,3.370269e+01,3.370269e+01,3.370269e+01,3.427969e+01,3.437789e+01,3.413924e+01,3.409708e+01,3.412519e+01,3.469993e+01,3.467197e+01,3.467197e+01,3.467197e+01,3.467197e+01,3.467197e+01,3.467197e+01,3.467197e+01,3.467197e+01,3.467197e+01,3.524381e+01,3.520207e+01,3.520207e+01,3.520207e+01,3.520207e+01,3.520207e+01,3.520207e+01,3.520207e+01,3.520207e+01,3.520207e+01,3.520207e+01,3.520207e+01,3.520207e+01,3.520207e+01,3.520207e+01,3.520207e+01,3.520207e+01,3.520207e+01,3.520207e+01,3.520207e+01,3.520207e+01,3.520207e+01,3.520207e+01,3.520207e+01,3.520207e+01,3.471391e+01,3.493734e+01,3.496524e+01,3.496524e+01,3.496524e+01,3.496524e+01,3.496524e+01,3.496524e+01,3.496524e+01,3.496524e+01,3.496524e+01,3.496524e+01,3.496524e+01,3.496524e+01,3.496524e+01,3.496524e+01,3.496524e+01,3.496524e+01,3.496524e+01,3.496524e+01,3.496524e+01,3.496524e+01,3.496524e+01,3.496524e+01,3.496524e+01,3.496524e+01,3.496524e+01,3.496524e+01,3.496524e+01,3.496524e+01,3.496524e+01,3.496524e+01,3.496524e+01,3.496524e+01,3.496524e+01,3.496524e+01,3.496524e+01,3.496524e+01,3.496524e+01,3.496524e+01,3.496524e+01,3.496524e+01,3.496524e+01,3.496524e+01,3.496524e+01,3.496524e+01,3.496524e+01,3.496524e+01,3.496524e+01,3.496524e+01,3.496524e+01,3.496524e+01,3.496524e+01,3.496524e+01,3.496524e+01,3.496524e+01,3.496524e+01,3.496524e+01,3.496524e+01,3.496524e+01,3.496524e+01,3.496524e+01,3.496524e+01,3.496524e+01,3.496524e+01,3.496524e+01,3.496524e+01,3.496524e+01,3.553555e+01,3.546616e+01,3.539672e+01,3.543839e+01,3.543839e+01,3.543839e+01,3.543839e+01,3.543839e+01,3.543839e+01,3.543839e+01,3.543839e+01,3.543839e+01,3.543839e+01,3.543839e+01,3.543839e+01,3.543839e+01,3.543839e+01
3.380142e+01,3.380142e+01,3.380142e+01,3.380142e+01,3.380142e+01,3.380142e+01,3.380142e+01,3.380142e+01,3.380142e+01,3.380142e+01,3.430776e+01,3.430776e+01,3.430776e+01,3.430776e+01,3.430776e+01,3.430776e+01,3.430776e+01,3.488153e+01,3.483965e+01,3.483965e+01,3.483965e+01,3.483965e+01,3.483965e+01,3.483965e+01,3.483965e+01,3.483965e+01,3.522990e+01,3.522990e+01,3.522990e+01,3.522990e+01,3.572960e+01,3.572960e+01,3.572960e+01,3.572960e+01,3.572960e+01,3.572960e+01,3.572960e+01,3.572960e+01,3.572960e+01,3.572960e+01,3.626836e+01,3.626836e+01,3.626836e+01,3.683191e+01,3.674962e+01,3.674962e+01,3.731071e+01,3.731071e+01,3.731071e+01,3.763783e+01,3.858646e+01,3.858646e+01,3.858646e+01,3.858646e+01,3.913836e+01,3.907120e+01,3.907120e+01,3.907120e+01,3.970091e+01,3.970091e+01,3.970091e+01,4.024737e+01,4.016756e+01,4.016756e+01,4.071178e+01,4.075150e+01,4.075150e+01,4.075150e+01,4.137194e+01,4.137194e+01,4.137194e+01,4.191043e+01,4.187111e+01,4.187111e+01,4.240727e+01,4.234202e+01,4.231591e+01,4.242032e+01,4.248552e+01,4.251160e+01,4.304479e+01,4.301883e+01,4.312261e+01,4.308371e+01,4.310964e+01,4.339457e+01,4.339457e+01,4.392372e+01,4.385932e+01,4.387220e+01,4.387220e+01,4.387220e+01,4.439919e+01,4.443766e+01,4.443766e+01,4.443766e+01,4.443766e+01,4.496211e+01,4.489828e+01,4.492382e+01,4.492382e+01,4.492382e+01,4.492382e+01,4.492382e+01,4.492382e+01,4.548423e+01,4.548423e+01,4.548423e+01,4.548423e+01,4.548423e+01,4.548423e+01,4.548423e+01,4.548423e+01,4.600405e+01,4.592812e+01,4.592812e+01,4.592812e+01,4.592812e+01,4.592812e+01,4.644600e+01,4.637035e+01,4.637035e+01,4.637035e+01,4.688631e+01,4.681095e+01,4.735003e+01,4.727495e+01,4.727495e+01,4.727495e+01,4.727495e+01,4.727495e+01,4.727495e+01,4.727495e+01,4.727495e+01,4.727495e+01,4.727495e+01,4.727495e+01,4.727495e+01,4.727495e+01,4.727495e+01,4.727495e+01,4.727495e+01,4.727495e+01,4.727495e+01,4.727495e+01,4.706199e+01,4.699928e+01,4.693653e+01,4.691143e+01,4.688631e+01,4.686120e+01,4.683607e+01,4.681095e+01,4.678581e+01,4.678581e+01,4.678581e+01,4.678581e+01,4.678581e+01,4.678581e+01,4.678581e+01,4.678581e+01,4.678581e+01,4.678581e+01,4.678581e+01,4.678581e+01,4.666007e+01,4.659715e+01,4.638297e+01,4.620629e+01,4.607993e+01,4.606729e+01,4.606729e+01,4.606729e+01,4.606729e+01,4.606729e+01,4.606729e+01,4.606729e+01,4.597874e+01,4.590280e+01,4.589014e+01,4.561123e+01,4.534438e+01,4.533165e+01,4.520436e+01,4.548423e+01,4.528075e+01,4.524256e+01,4.507692e+01,4.497487e+01,4.484719e+01,4.505142e+01,4.501315e+01,4.483441e+01,4.471936e+01,4.452737e+01,4.457859e+01,4.451455e+01,4.445048e+01,4.438637e+01,4.432222e+01,4.425804e+01,4.419382e+01,4.412957e+01,4.406528e+01,4.400096e+01,4.398809e+01,4.397522e+01,4.392372e+01,4.409100e+01,4.394947e+01,4.391084e+01,4.420667e+01,4.410386e+01,4.406528e+01,4.375620e+01,4.352386e+01,4.380777e+01,4.369171e+01,4.364009e+01,4.358844e+01,4.353678e+01,4.348509e+01,4.343337e+01,4.338164e+01,4.332988e+01,4.327810e+01,4.322629e+01,4.317446e+01,4.312261e+01,4.310964e+01,4.309667e+01,4.308371e+01,4.307073e+01,4.301883e+01,4.269394e+01,4.316150e+01,4.305776e+01,4.295393e+01,4.287599e+01,4.279800e+01,4.271996e+01,4.264187e+01,4.309667e+01,4.305776e+01,4.301883e+01,4.297990e+01,4.294094e+01,4.236813e+01,4.288898e+01,4.230285e+01,4.230285e+01,4.230285e+01,4.230285e+01,4.230285e+01,4.210681e+01,4.205447e+01,4.200212e+01,4.197593e+01,4.187111e+01,4.238118e+01,4.231591e+01,4.225061e+01,4.218526e+01,4.211989e+01,4.205447e+01,4.198902e+01,4.200212e+01,4.193663e+01,4.194973e+01,4.187111e+01,4.175309e+01,4.163493e+01,4.151666e+01,4.134560e+01,4.125339e+01,4.116110e+01,4.114791e+01,4.116110e+01,4.117429e+01,4.110833e+01,4.112152e+01,4.113472e+01,4.114791e+01,4.109513e+01,4.105554e+01,4.093666e+01,4.083089e+01,4.080443e+01,4.079120e+01,4.072502e+01,4.067204e+01,4.067204e+01,4.067204e+01,4.067204e+01,4.067204e+01,4.067204e+01,4.067204e+01,4.067204e+01,4.067204e+01,4.067204e+01,4.067204e+01,4.067204e+01,4.067204e+01,4.067204e+01,4.067204e+01,4.067204e+01,4.067204e+01,4.067204e+01,4.067204e+01,4.067204e+01,4.067204e+01,4.067204e+01,4.067204e+01,4.067204e+01,4.067204e+01,4.067204e+01,4.067204e+01,4.067204e+01,4.067204e+01,4.067204e+01,4.067204e+01,4.067204e+01,4.067204e+01,4.067204e+01,4.067204e+01,4.067204e+01,4.067204e+01,4.067204e+01,4.067204e+01,4.067204e+01,4.067204e+01,4.067204e+01,4.067204e+01,4.067204e+01,4.067204e+01,4.121385e+01,4.102913e+01,4.084412e+01,4.081766e+01,4.079120e+01,4.068529e+01,4.068529e+01,4.120066e+01,4.114791e+01,4.105554e+01,4.104234e+01,4.102913e+01,4.101593e+01,4.100272e+01,4.098951e+01,4.089701e+01,4.088379e+01,4.087056e+01,4.085734e+01,4.087056e+01,4.088379e+01,4.081766e+01,4.083089e+01,4.138510e+01,4.131926e+01,4.125339e+01,4.064555e+01,4.106874e+01,4.100272e+01,4.093666e+01,4.087056e+01,4.089701e+01,4.079120e+01,4.079120e+01,4.079120e+01,4.079120e+01,4.079120e+01,4.098951e+01,4.092345e+01,4.085734e+01,4.088379e+01,4.081766e+01,4.084412e+01,4.087056e+01,4.089701e+01,4.083089e+01,4.085734e+01,4.088379e+01,4.081766e+01,4.084412e+01,4.087056e+01,4.089701e+01,4.083089e+01,4.085734e+01,4.088379e+01,4.081766e+01,4.084412e+01,4.087056e+01,4.089701e+01,4.083089e+01,4.079120e+01,4.057928e+01,4.052624e+01,4.071178e+01,4.008770e+01,4.063230e+01,4.032712e+01,4.035369e+01,4.014095e+01,4.016756e+01,4.004775e+01,4.006107e+01,3.999446e+01,3.947355e+01,3.947355e+01,3.947355e+01,4.002111e+01,3.996781e+01,3.952709e+01,3.946016e+01,3.947355e+01,3.948694e+01,3.950032e+01,3.943338e+01,3.889640e+01,3.889640e+01,3.889640e+01,3.889640e+01,3.889640e+01,3.838387e+01,3.835683e+01,3.816735e+01,3.816735e+01,3.816735e+01,3.816735e+01,3.816735e+01,3.785538e+01,3.769226e+01,3.751528e+01,3.740622e+01,3.740622e+01,3.739258e+01,3.737894e+01,3.736530e+01,3.665354e+01,3.680449e+01,3.680449e+01,3.680449e+01,3.680449e+01,3.658486e+01,3.648863e+01,3.648863e+01,3.648863e+01,3.648863e+01,3.619944e+01,3.619944e+01,3.619944e+01,3.619944e+01,3.615807e+01,3.608907e+01,3.602003e+01,3.545227e+01,3.545227e+01,3.545227e+01,3.545227e+01,3.545227e+01,3.545227e+01,3.545227e+01,3.545227e+01,3.511855e+01,3.511855e+01,3.511855e+01,3.511855e+01,3.467197e+01,3.467197e+01,3.467197e+01,3.467197e+01,3.467197e+01,3.467197e+01,3.467197e+01,3.467197e+01,3.467197e+01,3.467197e+01,3.416735e+01,3.416735e+01,3.416735e+01,3.416735e+01,3.416735e+01,3.416735e+01,3.416735e+01,3.416735e+01,3.416735e+01,3.416735e+01,3.416735e+01,3.416735e+01,3.416735e+01,3.416735e+01,3.416735e+01,3.416735e+01,3.416735e+01,3.416735e+01,3.370269e+01,3.370269e+01,3.370269e+01,3.370269e+01,3.370269e+01,3.370269e+01,3.370269e+01,3.427969e+01,3.420949e+01,3.413924e+01,3.412519e+01,3.411113e+01,3.409708e+01,3.408302e+01,3.406895e+01,3.405489e+01,3.404082e+01,3.402676e+01,3.406895e+01,3.415330e+01,3.415330e+01,3.415330e+01,3.415330e+01,3.415330e+01,3.469993e+01,3.469993e+01,3.469993e+01,3.469993e+01,3.469993e+01,3.469993e+01,3.469993e+01,3.469993e+01,3.469993e+01,3.469993e+01,3.469993e+01,3.520207e+01,3.520207e+01,3.520207e+01,3.520207e+01,3.520207e+01,3.520207e+01,3.520207e+01,3.520207e+01,3.520207e+01,3.520207e+01,3.520207e+01,3.520207e+01,3.520207e+01,3.520207e+01,3.520207e+01,3.520207e+01,3.520207e+01,3.520207e+01,3.520207e+01,3.520207e+01,3.520207e+01,3.520207e+01,3.520207e+01,3.520207e+01,3.520207e+01,3.520207e+01,3.520207e+01,3.520207e+01,3.520207e+01,3.520207e+01,3.520207e+01,3.520207e+01,3.520207e+01,3.520207e+01,3.520207e+01,3.520207e+01,3.463000e+01,3.464399e+01,3.465798e+01,3.524381e+01,3.524381e+01,3.524381e+01,3.467197e+01,3.469993e+01,3.527163e+01,3.467197e+01,3.471391e+01,3.471391e+01,3.471391e+01,3.471391e+01,3.471391e+01,3.471391e+01,3.528554e+01,3.524381e+01,3.524381e+01,3.524381e+01,3.467197e+01,3.471391e+01,3.471391e+01,3.471391e+01,3.471391e+01,3.471391e+01,3.471391e+01,3.471391e+01,3.471391e+01,3.471391e+01,3.471391e+01,3.528554e+01,3.524381e+01,3.524381e+01,3.524381e+01,3.524381e+01,3.524381e+01,3.524381e+01,3.524381e+01,3.524381e+01,3.524381e+01,3.524381e+01,3.524381e+01,3.524381e+01,3.524381e+01,3.524381e+01,3.524381e+01,3.524381e+01,3.524381e+01,3.524381e+01,3.524381e+01,3.524381e+01,3.524381e+01,3.524381e+01,3.524381e+01,3.524381e+01,3.524381e+01,3.524381e+01,3.524381e+01,3.524381e+01,3.524381e+01,3.524381e+01,3.524381e+01,3.524381e+01,3.524381e+01,3.524381e+01,3.524381e+01,3.524381e+01,3.524381e+01,3.581266e+01,3.577114e+01,3.572960e+01,3.568805e+01
3.380142e+01,3.380142e+01,3.380142e+01,3.380142e+01,3.380142e+01,3.380142e+01,3.380142e+01,3.380142e+01,3.380142e+01,3.380142e+01,3.380142e+01,3.430776e+01,3.430776e+01,3.430776e+01,3.430776e+01,3.430776e+01,3.430776e+01,3.488153e+01,3.488153e+01,3.488153e+01,3.488153e+01,3.488153e+01,3.488153e+01,3.488153e+01,3.488153e+01,3.488153e+01,3.522990e+01,3.522990e+01,3.522990e+01,3.522990e+01,3.572960e+01,3.572960e+01,3.572960e+01,3.572960e+01,3.572960e+01,3.572960e+01,3.572960e+01,3.572960e+01,3.572960e+01,3.572960e+01,3.626836e+01,3.626836e+01,3.626836e+01,3.683191e+01,3.683191e+01,3.683191e+01,3.731071e+01,3.731071e+01,3.786896e+01,3.785538e+01,3.826213e+01,3.830272e+01,3.834330e+01,3.845144e+01,3.868088e+01,3.929938e+01,3.929938e+01,3.929938e+01,3.929938e+01,3.970091e+01,3.980775e+01,4.047318e+01,4.047318e+01,4.047318e+01,4.047318e+01,4.075150e+01,4.075150e+01,4.129292e+01,4.127974e+01,4.127974e+01,4.127974e+01,4.191043e+01,4.191043e+01,4.191043e+01,4.240727e+01,4.240727e+01,4.240727e+01,4.240727e+01,4.240727e+01,4.294094e+01,4.295393e+01,4.295393e+01,4.348509e+01,4.340751e+01,4.343337e+01,4.342044e+01,4.352386e+01,4.362718e+01,4.419382e+01,4.414242e+01,4.409100e+01,4.419382e+01,4.428371e+01,4.428371e+01,4.480885e+01,4.475772e+01,4.479607e+01,4.484719e+01,4.484719e+01,4.484719e+01,4.484719e+01,4.536982e+01,4.529348e+01,4.524256e+01,4.528075e+01,4.536982e+01,4.536982e+01,4.536982e+01,4.589014e+01,4.583948e+01,4.578879e+01,4.573809e+01,4.583948e+01,4.589014e+01,4.589014e+01,4.589014e+01,4.589014e+01,4.640818e+01,4.634513e+01,4.635774e+01,4.687376e+01,4.679838e+01,4.673553e+01,4.728747e+01,4.724992e+01,4.726244e+01,4.777457e+01,4.769976e+01,4.762490e+01,4.757497e+01,4.803603e+01,4.796139e+01,4.788669e+01,4.781195e+01,4.773717e+01,4.766233e+01,4.762490e+01,4.758746e+01,4.755000e+01,4.751253e+01,4.751253e+01,4.751253e+01,4.751253e+01,4.751253e+01,4.751253e+01,4.751253e+01,4.751253e+01,4.751253e+01,4.751253e+01,4.751253e+01,4.751253e+01,4.735003e+01,4.724992e+01,4.714972e+01,4.711213e+01,4.707452e+01,4.755000e+01,4.747505e+01,4.740005e+01,4.732501e+01,4.724992e+01,4.717478e+01,4.714972e+01,4.712466e+01,4.709959e+01,4.694908e+01,4.686120e+01,4.713719e+01,4.688631e+01,4.668523e+01,4.711213e+01,4.653419e+01,4.645860e+01,4.644600e+01,4.643340e+01,4.642079e+01,4.640818e+01,4.630728e+01,4.621892e+01,4.615576e+01,4.639558e+01,4.614313e+01,4.605464e+01,4.589014e+01,4.585214e+01,4.563661e+01,4.558584e+01,4.540797e+01,4.581414e+01,4.561123e+01,4.553505e+01,4.542068e+01,4.522983e+01,4.510242e+01,4.542068e+01,4.534438e+01,4.520436e+01,4.506417e+01,4.492382e+01,4.478329e+01,4.464260e+01,4.457859e+01,4.503866e+01,4.489828e+01,4.475772e+01,4.466819e+01,4.457859e+01,4.497487e+01,4.489828e+01,4.468099e+01,4.460420e+01,4.456579e+01,4.447611e+01,4.438637e+01,4.466819e+01,4.439919e+01,4.436071e+01,4.416813e+01,4.403955e+01,4.400096e+01,4.396235e+01,4.383355e+01,4.379488e+01,4.375620e+01,4.371751e+01,4.420667e+01,4.407814e+01,4.394947e+01,4.382066e+01,4.373041e+01,4.364009e+01,4.354969e+01,4.345923e+01,4.388509e+01,4.357553e+01,4.348509e+01,4.340751e+01,4.332988e+01,4.327810e+01,4.375620e+01,4.360136e+01,4.345923e+01,4.336870e+01,4.389796e+01,4.325219e+01,4.325219e+01,4.325219e+01,4.325219e+01,4.325219e+01,4.325219e+01,4.325219e+01,4.325219e+01,4.283701e+01,4.274598e+01,4.299288e+01,4.286300e+01,4.273298e+01,4.262885e+01,4.245945e+01,4.290198e+01,4.275899e+01,4.261583e+01,4.260281e+01,4.258978e+01,4.244640e+01,4.243336e+01,4.235508e+01,4.234202e+01,4.239423e+01,4.223754e+01,4.217220e+01,4.210681e+01,4.191043e+01,4.179244e+01,4.215912e+01,4.200212e+01,4.192353e+01,4.185801e+01,4.179244e+01,4.166120e+01,4.159552e+01,4.152981e+01,4.158238e+01,4.146405e+01,4.147721e+01,4.141142e+01,4.124021e+01,4.126657e+01,4.118748e+01,4.117429e+01,4.159552e+01,4.154295e+01,4.149036e+01,4.143774e+01,4.138510e+01,4.133244e+01,4.073826e+01,4.127974e+01,4.121385e+01,4.114791e+01,4.108194e+01,4.113472e+01,4.106874e+01,4.112152e+01,4.105554e+01,4.110833e+01,4.104234e+01,4.109513e+01,4.114791e+01,4.108194e+01,4.113472e+01,4.106874e+01,4.112152e+01,4.105554e+01,4.110833e+01,4.104234e+01,4.109513e+01,4.114791e+01,4.108194e+01,4.113472e+01,4.106874e+01,4.112152e+01,4.105554e+01,4.110833e+01,4.104234e+01,4.109513e+01,4.114791e+01,4.108194e+01,4.113472e+01,4.106874e+01,4.112152e+01,4.105554e+01,4.110833e+01,4.104234e+01,4.108194e+01,4.110833e+01,4.164807e+01,4.139826e+01,4.130609e+01,4.121385e+01,4.170059e+01,4.163493e+01,4.155610e+01,4.156924e+01,4.154295e+01,4.146405e+01,4.151666e+01,4.143774e+01,4.149036e+01,4.141142e+01,4.138510e+01,4.130609e+01,4.135877e+01,4.127974e+01,4.134560e+01,4.127974e+01,4.127974e+01,4.121385e+01,4.127974e+01,4.127974e+01,4.127974e+01,4.172684e+01,4.168746e+01,4.155610e+01,4.142458e+01,4.183178e+01,4.177932e+01,4.162180e+01,4.156924e+01,4.151666e+01,4.146405e+01,4.141142e+01,4.135877e+01,4.135877e+01,4.124021e+01,4.130609e+01,4.130609e+01,4.125339e+01,4.131926e+01,4.126657e+01,4.126657e+01,4.121385e+01,4.127974e+01,4.127974e+01,4.122703e+01,4.129292e+01,4.135877e+01,4.124021e+01,4.130609e+01,4.125339e+01,4.125339e+01,4.120066e+01,4.126657e+01,4.133244e+01,4.121385e+01,4.124021e+01,4.097630e+01,4.098951e+01,4.091023e+01,4.055276e+01,4.061905e+01,4.049971e+01,4.049971e+01,4.049971e+01,4.049971e+01,4.049971e+01,4.049971e+01,4.049971e+01,4.002111e+01,3.996781e+01,3.990114e+01,3.991448e+01,3.980775e+01,3.983444e+01,3.983444e+01,3.990114e+01,3.941999e+01,3.941999e+01,3.941999e+01,3.941999e+01,3.941999e+01,3.889640e+01,3.889640e+01,3.889640e+01,3.889640e+01,3.889640e+01,3.889640e+01,3.872132e+01,3.811316e+01,3.811316e+01,3.811316e+01,3.811316e+01,3.769226e+01,3.769226e+01,3.769226e+01,3.769226e+01,3.769226e+01,3.737894e+01,3.725610e+01,3.696893e+01,3.702368e+01,3.702368e+01,3.702368e+01,3.702368e+01,3.702368e+01,3.702368e+01,3.648863e+01,3.648863e+01,3.648863e+01,3.648863e+01,3.648863e+01,3.619944e+01,3.619944e+01,3.619944e+01,3.619944e+01,3.563261e+01,3.556329e+01,3.556329e+01,3.556329e+01,3.556329e+01,3.556329e+01,3.556329e+01,3.556329e+01,3.556329e+01,3.511855e+01,3.511855e+01,3.511855e+01,3.511855e+01,3.467197e+01,3.467197e+01,3.467197e+01,3.467197e+01,3.467197e+01,3.467197e+01,3.467197e+01,3.467197e+01,3.467197e+01,3.467197e+01,3.467197e+01,3.416735e+01,3.416735e+01,3.416735e+01,3.416735e+01,3.416735e+01,3.416735e+01,3.416735e+01,3.416735e+01,3.416735e+01,3.416735e+01,3.416735e+01,3.416735e+01,3.416735e+01,3.416735e+01,3.416735e+01,3.416735e+01,3.416735e+01,3.416735e+01,3.416735e+01,3.416735e+01,3.416735e+01,3.416735e+01,3.416735e+01,3.416735e+01,3.416735e+01,3.416735e+01,3.416735e+01,3.416735e+01,3.416735e+01,3.416735e+01,3.416735e+01,3.416735e+01,3.416735e+01,3.416735e+01,3.416735e+01,3.416735e+01,3.416735e+01,3.416735e+01,3.416735e+01,3.416735e+01,3.416735e+01,3.469993e+01,3.469993e+01,3.469993e+01,3.469993e+01,3.469993e+01,3.469993e+01,3.469993e+01,3.469993e+01,3.527163e+01,3.520207e+01,3.513247e+01,3.509069e+01,3.509069e+01,3.509069e+01,3.509069e+01,3.509069e+01,3.509069e+01,3.509069e+01,3.509069e+01,3.509069e+01,3.509069e+01,3.509069e+01,3.509069e+01,3.509069e+01,3.509069e+01,3.509069e+01,3.509069e+01,3.509069e+01,3.509069e+01,3.509069e+01,3.509069e+01,3.509069e+01,3.509069e+01,3.509069e+01,3.509069e+01,3.509069e+01,3.509069e+01,3.509069e+01,3.509069e+01,3.509069e+01,3.509069e+01,3.509069e+01,3.509069e+01,3.509069e+01,3.509069e+01,3.509069e+01,3.509069e+01,3.509069e+01,3.509069e+01,3.509069e+01,3.509069e+01,3.509069e+01,3.509069e+01,3.509069e+01,3.509069e+01,3.509069e+01,3.509069e+01,3.509069e+01,3.509069e+01,3.509069e+01,3.509069e+01,3.509069e+01,3.509069e+01,3.509069e+01,3.509069e+01,3.509069e+01,3.509069e+01,3.509069e+01,3.509069e+01,3.509069e+01,3.509069e+01,3.509069e+01,3.509069e+01,3.509069e+01,3.509069e+01,3.509069e+01,3.509069e+01,3.509069e+01,3.509069e+01,3.509069e+01,3.509069e+01,3.509069e+01,3.509069e+01,3.509069e+01,3.509069e+01,3.509069e+01,3.509069e+01,3.509069e+01,3.509069e+01,3.509069e+01,3.509069e+01,3.509069e+01,3.509069e+01,3.509069e+01,3.509069e+01,3.509069e+01,3.509069e+01,3.509069e+01,3.509069e+01,3.509069e+01,3.509069e+01,3.509069e+01,3.509069e+01,3.509069e+01,3.566034e+01,3.514639e+01,3.514639e+01,3.514639e+01,3.514639e+01,3.514639e+01,3.514639e+01,3.514639e+01,3.514639e+01,3.571575e+01,3.564648e+01,3.568805e+01,3.570190e+01,3.570190e+01,3.570190e+01,3.570190e+01
3.380142e+01,3.380142e+01,3.380142e+01,3.380142e+01,3.380142e+01,3.380142e+01,3.380142e+01,3.380142e+01,3.380142e+01,3.380142e+01,3.380142e+01,3.380142e+01,3.430776e+01,3.430776e+01,3.430776e+01,3.430776e+01,3.488153e+01,3.479775e+01,3.479775e+01,3.479775e+01,3.479775e+01,3.479775e+01,3.479775e+01,3.479775e+01,3.479775e+01,3.536894e+01,3.532724e+01,3.532724e+01,3.532724e+01,3.532724e+01,3.532724e+01,3.532724e+01,3.572960e+01,3.572960e+01,3.572960e+01,3.572960e+01,3.572960e+01,3.572960e+01,3.629592e+01,3.622702e+01,3.618565e+01,3.618565e+01,3.618565e+01,3.626836e+01,3.690044e+01,3.700999e+01,3.699631e+01,3.705105e+01,3.785538e+01,3.788254e+01,3.808606e+01,3.864043e+01,3.868088e+01,3.872132e+01,3.882909e+01,3.900400e+01,3.951371e+01,3.951371e+01,3.951371e+01,4.006107e+01,4.010102e+01,4.036697e+01,4.036697e+01,4.036697e+01,4.091023e+01,4.087056e+01,4.097630e+01,4.100272e+01,4.151666e+01,4.151666e+01,4.151666e+01,4.151666e+01,4.191043e+01,4.201521e+01,4.211989e+01,4.264187e+01,4.264187e+01,4.264187e+01,4.264187e+01,4.264187e+01,4.295393e+01,4.305776e+01,4.320038e+01,4.320038e+01,4.373041e+01,4.371751e+01,4.371751e+01,4.382066e+01,4.391084e+01,4.443766e+01,4.437354e+01,4.436071e+01,4.436071e+01,4.436071e+01,4.480885e+01,4.480885e+01,4.480885e+01,4.480885e+01,4.480885e+01,4.480885e+01,4.533165e+01,4.529348e+01,4.529348e+01,4.529348e+01,4.529348e+01,4.581414e+01,4.573809e+01,4.577612e+01,4.578879e+01,4.578879e+01,4.578879e+01,4.578879e+01,4.578879e+01,4.630728e+01,4.623154e+01,4.621892e+01,4.625679e+01,4.630728e+01,4.630728e+01,4.682351e+01,4.731250e+01,4.716225e+01,4.713719e+01,4.718731e+01,4.718731e+01,4.769976e+01,4.771223e+01,4.771223e+01,4.822245e+01,4.811063e+01,4.804847e+01,4.804847e+01,4.804847e+01,4.804847e+01,4.804847e+01,4.804847e+01,4.804847e+01,4.809820e+01,4.849534e+01,4.839618e+01,4.833416e+01,4.776210e+01,4.827211e+01,4.819761e+01,4.761242e+01,4.761242e+01,4.761242e+01,4.812306e+01,4.803603e+01,4.794894e+01,4.786179e+01,4.768728e+01,4.757497e+01,4.797383e+01,4.784933e+01,4.774963e+01,4.768728e+01,4.768728e+01,4.768728e+01,4.768728e+01,4.768728e+01,4.768728e+01,4.768728e+01,4.768728e+01,4.768728e+01,4.746255e+01,4.733752e+01,4.729998e+01,4.729998e+01,4.729998e+01,4.729998e+01,4.729998e+01,4.729998e+01,4.729998e+01,4.729998e+01,4.729998e+01,4.692398e+01,4.673553e+01,4.707452e+01,4.692398e+01,4.683607e+01,4.701182e+01,4.684864e+01,4.660974e+01,4.649640e+01,4.620629e+01,4.659715e+01,4.638297e+01,4.634513e+01,4.607993e+01,4.594078e+01,4.582681e+01,4.615576e+01,4.599140e+01,4.595344e+01,4.581414e+01,4.561123e+01,4.548423e+01,4.580146e+01,4.561123e+01,4.542068e+01,4.529348e+01,4.522983e+01,4.522983e+01,4.522983e+01,4.522983e+01,4.522983e+01,4.522983e+01,4.522983e+01,4.522983e+01,4.522983e+01,4.522983e+01,4.522983e+01,4.522983e+01,4.522983e+01,4.522983e+01,4.488551e+01,4.516614e+01,4.498763e+01,4.489828e+01,4.480885e+01,4.462980e+01,4.454018e+01,4.445048e+01,4.487273e+01,4.480885e+01,4.462980e+01,4.445048e+01,4.427088e+01,4.412957e+01,4.457859e+01,4.391084e+01,4.438637e+01,4.437354e+01,4.407814e+01,4.392372e+01,4.430939e+01,4.418097e+01,4.407814e+01,4.401382e+01,4.401382e+01,4.401382e+01,4.401382e+01,4.401382e+01,4.401382e+01,4.401382e+01,4.401382e+01,4.378199e+01,4.373041e+01,4.367881e+01,4.362718e+01,4.358844e+01,4.378199e+01,4.364009e+01,4.358844e+01,4.340751e+01,4.322629e+01,4.307073e+01,4.338164e+01,4.331693e+01,4.318742e+01,4.299288e+01,4.299288e+01,4.299288e+01,4.286300e+01,4.286300e+01,4.326514e+01,4.321333e+01,4.317446e+01,4.297990e+01,4.287599e+01,4.277200e+01,4.253766e+01,4.238118e+01,4.234202e+01,4.234202e+01,4.234202e+01,4.234202e+01,4.234202e+01,4.234202e+01,4.234202e+01,4.234202e+01,4.234202e+01,4.234202e+01,4.234202e+01,4.194973e+01,4.173996e+01,4.170059e+01,4.211989e+01,4.206756e+01,4.202830e+01,4.193663e+01,4.189733e+01,4.185801e+01,4.181867e+01,4.168746e+01,4.167433e+01,4.160866e+01,4.155610e+01,4.150351e+01,4.145090e+01,4.146405e+01,4.141142e+01,4.142458e+01,4.137194e+01,4.192353e+01,4.181867e+01,4.177932e+01,4.173996e+01,4.163493e+01,4.159552e+01,4.149036e+01,4.151666e+01,4.147721e+01,4.204139e+01,4.193663e+01,4.135877e+01,4.135877e+01,4.135877e+01,4.135877e+01,4.135877e+01,4.189733e+01,4.177932e+01,4.172684e+01,4.160866e+01,4.155610e+01,4.150351e+01,4.147721e+01,4.151666e+01,4.202830e+01,4.197593e+01,4.185801e+01,4.180556e+01,4.168746e+01,4.163493e+01,4.159552e+01,4.158238e+01,4.158238e+01,4.184489e+01,4.171371e+01,4.218526e+01,4.206756e+01,4.193663e+01,4.197593e+01,4.198902e+01,4.239423e+01,4.235508e+01,4.223754e+01,4.219834e+01,4.208064e+01,4.201521e+01,4.189733e+01,4.185801e+01,4.173996e+01,4.223754e+01,4.213297e+01,4.209373e+01,4.198902e+01,4.194973e+01,4.191043e+01,4.187111e+01,4.181867e+01,4.181867e+01,4.181867e+01,4.181867e+01,4.181867e+01,4.181867e+01,4.181867e+01,4.181867e+01,4.181867e+01,4.181867e+01,4.181867e+01,4.181867e+01,4.181867e+01,4.181867e+01,4.181867e+01,4.181867e+01,4.181867e+01,4.181867e+01,4.181867e+01,4.181867e+01,4.181867e+01,4.181867e+01,4.181867e+01,4.181867e+01,4.181867e+01,4.181867e+01,4.181867e+01,4.181867e+01,4.181867e+01,4.181867e+01,4.181867e+01,4.126657e+01,4.126657e+01,4.126657e+01,4.126657e+01,4.126657e+01,4.126657e+01,4.126657e+01,4.126657e+01,4.126657e+01,4.126657e+01,4.104234e+01,4.100272e+01,4.096309e+01,4.092345e+01,4.096309e+01,4.034040e+01,4.085734e+01,4.076473e+01,4.011433e+01,4.011433e+01,4.011433e+01,4.011433e+01,4.011433e+01,3.956723e+01,3.952709e+01,3.952709e+01,3.952709e+01,3.952709e+01,3.952709e+01,3.952709e+01,3.889640e+01,3.889640e+01,3.889640e+01,3.889640e+01,3.889640e+01,3.834330e+01,3.822152e+01,3.822152e+01,3.822152e+01,3.822152e+01,3.822152e+01,3.769226e+01,3.769226e+01,3.769226e+01,3.769226e+01,3.737894e+01,3.722878e+01,3.714679e+01,3.714679e+01,3.714679e+01,3.714679e+01,3.714679e+01,3.714679e+01,3.658486e+01,3.659860e+01,3.659860e+01,3.659860e+01,3.603384e+01,3.663980e+01,3.652988e+01,3.657112e+01,3.604765e+01,3.593713e+01,3.595095e+01,3.592331e+01,3.596477e+01,3.600622e+01,3.548004e+01,3.548004e+01,3.548004e+01,3.548004e+01,3.548004e+01,3.548004e+01,3.511855e+01,3.511855e+01,3.511855e+01,3.511855e+01,3.511855e+01,3.511855e+01,3.511855e+01,3.467197e+01,3.467197e+01,3.467197e+01,3.467197e+01,3.467197e+01,3.467197e+01,3.467197e+01,3.467197e+01,3.467197e+01,3.416735e+01,3.416735e+01,3.416735e+01,3.416735e+01,3.416735e+01,3.416735e+01,3.416735e+01,3.416735e+01,3.416735e+01,3.416735e+01,3.416735e+01,3.416735e+01,3.416735e+01,3.416735e+01,3.416735e+01,3.416735e+01,3.416735e+01,3.416735e+01,3.416735e+01,3.416735e+01,3.416735e+01,3.416735e+01,3.416735e+01,3.416735e+01,3.416735e+01,3.416735e+01,3.416735e+01,3.416735e+01,3.416735e+01,3.416735e+01,3.416735e+01,3.416735e+01,3.416735e+01,3.416735e+01,3.416735e+01,3.416735e+01,3.416735e+01,3.416735e+01,3.416735e+01,3.469993e+01,3.469993e+01,3.469993e+01,3.469993e+01,3.469993e+01,3.469993e+01,3.469993e+01,3.469993e+01,3.527163e+01,3.527163e+01,3.527163e+01,3.527163e+01,3.527163e+01,3.527163e+01,3.527163e+01,3.527163e+01,3.527163e+01,3.527163e+01,3.527163e+01,3.527163e+01,3.527163e+01,3.527163e+01,3.527163e+01,3.527163e+01,3.527163e+01,3.527163e+01,3.527163e+01,3.527163e+01,3.527163e+01,3.527163e+01,3.527163e+01,3.527163e+01,3.527163e+01,3.527163e+01,3.527163e+01,3.527163e+01,3.527163e+01,3.527163e+01,3.527163e+01,3.527163e+01,3.527163e+01,3.527163e+01,3.527163e+01,3.527163e+01,3.527163e+01,3.527163e+01,3.527163e+01,3.527163e+01,3.469993e+01,3.524381e+01,3.467197e+01,3.522990e+01,3.522990e+01,3.465798e+01,3.521599e+01,3.464399e+01,3.521599e+01,3.521599e+01,3.521599e+01,3.521599e+01,3.521599e+01,3.521599e+01,3.521599e+01,3.521599e+01,3.521599e+01,3.521599e+01,3.521599e+01,3.521599e+01,3.521599e+01,3.521599e+01,3.521599e+01,3.521599e+01,3.521599e+01,3.521599e+01,3.521599e+01,3.521599e+01,3.521599e+01,3.521599e+01,3.521599e+01,3.521599e+01,3.521599e+01,3.521599e+01,3.521599e+01,3.521599e+01,3.521599e+01,3.521599e+01,3.521599e+01,3.521599e+01,3.521599e+01,3.521599e+01,3.521599e+01,3.521599e+01,3.521599e+01,3.521599e+01,3.521599e+01,3.521599e+01,3.521599e+01,3.521599e+01,3.521599e+01,3.521599e+01,3.521599e+01,3.521599e+01,3.521599e+01,3.521599e+01,3.521599e+01,3.521599e+01,3.521599e+01,3.521599e+01,3.521599e+01,3.521599e+01,3.521599e+01,3.521599e+01,3.521599e+01,3.571575e+01,3.571575e+01,3.571575e+01,3.571575e+01,3.571575e+01,3.571575e+01,3.571575e+01
3.380142e+01,3.380142e+01,3.380142e+01,3.380142e+01,3.380142e+01,3.380142e+01,3.380142e+01,3.380142e+01,3.380142e+01,3.380142e+01,3.380142e+01,3.437789e+01,3.432179e+01,3.432179e+01,3.432179e+01,3.432179e+01,3.432179e+01,3.432179e+01,3.479775e+01,3.479775e+01,3.479775e+01,3.479775e+01,3.479775e+01,3.536894e+01,3.532724e+01,3.531334e+01,3.531334e+01,3.531334e+01,3.531334e+01,3.531334e+01,3.531334e+01,3.531334e+01,3.572960e+01,3.572960e+01,3.572960e+01,3.572960e+01,3.572960e+01,3.572960e+01,3.572960e+01,3.622702e+01,3.622702e+01,3.622702e+01,3.622702e+01,3.679078e+01,3.684562e+01,3.684562e+01,3.740622e+01,3.746076e+01,3.774666e+01,3.774666e+01,3.808606e+01,3.832978e+01,3.893676e+01,3.893676e+01,3.893676e+01,3.893676e+01,3.951371e+01,3.951371e+01,3.951371e+01,4.006107e+01,4.006107e+01,4.006107e+01,4.036697e+01,4.047318e+01,4.060579e+01,4.063230e+01,4.097630e+01,4.110833e+01,4.121385e+01,4.177932e+01,4.177932e+01,4.177932e+01,4.231591e+01,4.227673e+01,4.238118e+01,4.234202e+01,4.238118e+01,4.291497e+01,4.287599e+01,4.290198e+01,4.331693e+01,4.327810e+01,4.327810e+01,4.327810e+01,4.373041e+01,4.373041e+01,4.373041e+01,4.425804e+01,4.421951e+01,4.433505e+01,4.433505e+01,4.433505e+01,4.433505e+01,4.485996e+01,4.480885e+01,4.480885e+01,4.533165e+01,4.528075e+01,4.522983e+01,4.519162e+01,4.522983e+01,4.522983e+01,4.522983e+01,4.575077e+01,4.571273e+01,4.576344e+01,4.576344e+01,4.576344e+01,4.576344e+01,4.576344e+01,4.628204e+01,4.623154e+01,4.619366e+01,4.620629e+01,4.620629e+01,4.672296e+01,4.667265e+01,4.662232e+01,4.718731e+01,4.718731e+01,4.721236e+01,4.721236e+01,4.721236e+01,4.772470e+01,4.768728e+01,4.816034e+01,4.811063e+01,4.817276e+01,4.818519e+01,4.818519e+01,4.818519e+01,4.869342e+01,4.864392e+01,4.859442e+01,4.854489e+01,4.849534e+01,4.844577e+01,4.847055e+01,4.848294e+01,4.848294e+01,4.848294e+01,4.848294e+01,4.848294e+01,4.848294e+01,4.848294e+01,4.848294e+01,4.812306e+01,4.808577e+01,4.808577e+01,4.808577e+01,4.808577e+01,4.808577e+01,4.808577e+01,4.808577e+01,4.808577e+01,4.808577e+01,4.808577e+01,4.808577e+01,4.808577e+01,4.808577e+01,4.808577e+01,4.808577e+01,4.808577e+01,4.808577e+01,4.808577e+01,4.808577e+01,4.808577e+01,4.808577e+01,4.808577e+01,4.808577e+01,4.781195e+01,4.776210e+01,4.771223e+01,4.766233e+01,4.813549e+01,4.756248e+01,4.727495e+01,4.762490e+01,4.758746e+01,4.738755e+01,4.724992e+01,4.719983e+01,4.719983e+01,4.719983e+01,4.719983e+01,4.719983e+01,4.719983e+01,4.719983e+01,4.686120e+01,4.660974e+01,4.693653e+01,4.678581e+01,4.674810e+01,4.654679e+01,4.647121e+01,4.629466e+01,4.657197e+01,4.640818e+01,4.637035e+01,4.614313e+01,4.643340e+01,4.628204e+01,4.619366e+01,4.616840e+01,4.614313e+01,4.611785e+01,4.609257e+01,4.606729e+01,4.604200e+01,4.601670e+01,4.599140e+01,4.596609e+01,4.594078e+01,4.591546e+01,4.589014e+01,4.581414e+01,4.549694e+01,4.545882e+01,4.576344e+01,4.564930e+01,4.553505e+01,4.533165e+01,4.521709e+01,4.508967e+01,4.505142e+01,4.505142e+01,4.505142e+01,4.505142e+01,4.505142e+01,4.505142e+01,4.505142e+01,4.505142e+01,4.505142e+01,4.505142e+01,4.505142e+01,4.497487e+01,4.441201e+01,4.441201e+01,4.460420e+01,4.451455e+01,4.448893e+01,4.446329e+01,4.443766e+01,4.441201e+01,4.438637e+01,4.436071e+01,4.433505e+01,4.407814e+01,4.400096e+01,4.445048e+01,4.437354e+01,4.430939e+01,4.428371e+01,4.411671e+01,4.403955e+01,4.383355e+01,4.362718e+01,4.403955e+01,4.398809e+01,4.336870e+01,4.389796e+01,4.366590e+01,4.362718e+01,4.358844e+01,4.342044e+01,4.338164e+01,4.332988e+01,4.332988e+01,4.332988e+01,4.332988e+01,4.332988e+01,4.332988e+01,4.332988e+01,4.332988e+01,4.332988e+01,4.332988e+01,4.287599e+01,4.283701e+01,4.279800e+01,4.275899e+01,4.274598e+01,4.273298e+01,4.271996e+01,4.270695e+01,4.266791e+01,4.236813e+01,4.268092e+01,4.260281e+01,4.255069e+01,4.245945e+01,4.242032e+01,4.232896e+01,4.228979e+01,4.225061e+01,4.221141e+01,4.208064e+01,4.206756e+01,4.200212e+01,4.194973e+01,4.189733e+01,4.184489e+01,4.184489e+01,4.232896e+01,4.228979e+01,4.219834e+01,4.215912e+01,4.215912e+01,4.215912e+01,4.215912e+01,4.215912e+01,4.215912e+01,4.215912e+01,4.215912e+01,4.215912e+01,4.215912e+01,4.215912e+01,4.215912e+01,4.215912e+01,4.215912e+01,4.215912e+01,4.215912e+01,4.215912e+01,4.215912e+01,4.215912e+01,4.215912e+01,4.215912e+01,4.215912e+01,4.215912e+01,4.215912e+01,4.215912e+01,4.215912e+01,4.215912e+01,4.215912e+01,4.215912e+01,4.215912e+01,4.215912e+01,4.215912e+01,4.215912e+01,4.215912e+01,4.215912e+01,4.215912e+01,4.269394e+01,4.252463e+01,4.248552e+01,4.244640e+01,4.292796e+01,4.285000e+01,4.269394e+01,4.261583e+01,4.251160e+01,4.240727e+01,4.230285e+01,4.281101e+01,4.265489e+01,4.261583e+01,4.253766e+01,4.252463e+01,4.238118e+01,4.236813e+01,4.235508e+01,4.227673e+01,4.278500e+01,4.274598e+01,4.270695e+01,4.266791e+01,4.262885e+01,4.258978e+01,4.255069e+01,4.251160e+01,4.247248e+01,4.243336e+01,4.239423e+01,4.235508e+01,4.231591e+01,4.227673e+01,4.223754e+01,4.227673e+01,4.223754e+01,4.227673e+01,4.223754e+01,4.227673e+01,4.223754e+01,4.227673e+01,4.223754e+01,4.227673e+01,4.223754e+01,4.173996e+01,4.227673e+01,4.223754e+01,4.226367e+01,4.222448e+01,4.217220e+01,4.226367e+01,4.168746e+01,4.171371e+01,4.166120e+01,4.168746e+01,4.171371e+01,4.166120e+01,4.168746e+01,4.171371e+01,4.166120e+01,4.146405e+01,4.145090e+01,4.135877e+01,4.080443e+01,4.127974e+01,4.071178e+01,4.075150e+01,4.118748e+01,4.065880e+01,4.060579e+01,4.055276e+01,4.049971e+01,3.990114e+01,3.987447e+01,4.039353e+01,3.979440e+01,3.979440e+01,3.979440e+01,3.979440e+01,3.979440e+01,3.944677e+01,3.937980e+01,3.931279e+01,3.933960e+01,3.869437e+01,3.865392e+01,3.855947e+01,3.858646e+01,3.861345e+01,3.808606e+01,3.854597e+01,3.814026e+01,3.807250e+01,3.808606e+01,3.748802e+01,3.754252e+01,3.754252e+01,3.754252e+01,3.754252e+01,3.754252e+01,3.714679e+01,3.714679e+01,3.714679e+01,3.658486e+01,3.658486e+01,3.658486e+01,3.658486e+01,3.658486e+01,3.658486e+01,3.658486e+01,3.658486e+01,3.604765e+01,3.604765e+01,3.604765e+01,3.604765e+01,3.604765e+01,3.604765e+01,3.604765e+01,3.548004e+01,3.548004e+01,3.548004e+01,3.548004e+01,3.548004e+01,3.548004e+01,3.548004e+01,3.548004e+01,3.511855e+01,3.511855e+01,3.511855e+01,3.511855e+01,3.511855e+01,3.511855e+01,3.467197e+01,3.467197e+01,3.467197e+01,3.467197e+01,3.467197e+01,3.467197e+01,3.467197e+01,3.416735e+01,3.416735e+01,3.416735e+01,3.416735e+01,3.416735e+01,3.416735e+01,3.416735e+01,3.416735e+01,3.416735e+01,3.416735e+01,3.416735e+01,3.416735e+01,3.416735e+01,3.416735e+01,3.416735e+01,3.416735e+01,3.416735e+01,3.416735e+01,3.416735e+01,3.416735e+01,3.416735e+01,3.416735e+01,3.416735e+01,3.416735e+01,3.416735e+01,3.416735e+01,3.416735e+01,3.416735e+01,3.416735e+01,3.416735e+01,3.416735e+01,3.416735e+01,3.416735e+01,3.416735e+01,3.416735e+01,3.416735e+01,3.416735e+01,3.416735e+01,3.474187e+01,3.469993e+01,3.469993e+01,3.469993e+01,3.469993e+01,3.469993e+01,3.469993e+01,3.469993e+01,3.469993e+01,3.469993e+01,3.527163e+01,3.527163e+01,3.527163e+01,3.527163e+01,3.527163e+01,3.527163e+01,3.527163e+01,3.527163e+01,3.527163e+01,3.527163e+01,3.527163e+01,3.527163e+01,3.527163e+01,3.527163e+01,3.527163e+01,3.527163e+01,3.527163e+01,3.527163e+01,3.527163e+01,3.527163e+01,3.527163e+01,3.527163e+01,3.527163e+01,3.527163e+01,3.527163e+01,3.527163e+01,3.527163e+01,3.527163e+01,3.527163e+01,3.527163e+01,3.527163e+01,3.527163e+01,3.527163e+01,3.527163e+01,3.527163e+01,3.527163e+01,3.527163e+01,3.527163e+01,3.527163e+01,3.469993e+01,3.496524e+01,3.495129e+01,3.490944e+01,3.483965e+01,3.475584e+01,3.493734e+01,3.492339e+01,3.489548e+01,3.488153e+01,3.486757e+01,3.485361e+01,3.483965e+01,3.482569e+01,3.481172e+01,3.479775e+01,3.478378e+01,3.476981e+01,3.532724e+01,3.532724e+01,3.475584e+01,3.482569e+01,3.482569e+01,3.482569e+01,3.482569e+01,3.482569e+01,3.482569e+01,3.482569e+01,3.482569e+01,3.482569e+01,3.539672e+01,3.539672e+01,3.482569e+01,3.483965e+01,3.485361e+01,3.486757e+01,3.488153e+01,3.489548e+01,3.490944e+01,3.492339e+01,3.493734e+01,3.493734e+01,3.493734e+01,3.493734e+01,3.493734e+01,3.550779e+01,3.549392e+01,3.549392e+01,3.549392e+01,3.549392e+01,3.549392e+01,3.549392e+01,3.549392e+01,3.549392e+01,3.549392e+01,3.549392e+01,3.549392e+01,3.549392e+01,3.549392e+01,3.549392e+01,3.549392e+01,3.549392e+01,3.549392e+01,3.549392e+01,3.549392e+01,3.549392e+01,3.549392e+01,3.549392e+01,3.549392e+01,3.549392e+01,3.549392e+01,3.549392e+01
3.380142e+01,3.380142e+01,3.380142e+01,3.380142e+01,3.380142e+01,3.380142e+01,3.380142e+01,3.380142e+01,3.380142e+01,3.380142e+01,3.380142e+01,3.437789e+01,3.437789e+01,3.437789e+01,3.437789e+01,3.437789e+01,3.437789e+01,3.437789e+01,3.437789e+01,3.479775e+01,3.479775e+01,3.479775e+01,3.479775e+01,3.536894e+01,3.536894e+01,3.536894e+01,3.536894e+01,3.536894e+01,3.536894e+01,3.536894e+01,3.536894e+01,3.593713e+01,3.589566e+01,3.589566e+01,3.589566e+01,3.589566e+01,3.589566e+01,3.589566e+01,3.589566e+01,3.589566e+01,3.589566e+01,3.622702e+01,3.630970e+01,3.647488e+01,3.654363e+01,3.661234e+01,3.741986e+01,3.748802e+01,3.758338e+01,3.816735e+01,3.815381e+01,3.841090e+01,3.864043e+01,3.865392e+01,3.921890e+01,3.928597e+01,3.940659e+01,3.940659e+01,3.995448e+01,4.002111e+01,4.056602e+01,4.052624e+01,4.048645e+01,4.048645e+01,4.102913e+01,4.108194e+01,4.104234e+01,4.158238e+01,4.154295e+01,4.167433e+01,4.167433e+01,4.221141e+01,4.227673e+01,4.227673e+01,4.227673e+01,4.227673e+01,4.281101e+01,4.287599e+01,4.287599e+01,4.340751e+01,4.336870e+01,4.336870e+01,4.336870e+01,4.336870e+01,4.373041e+01,4.373041e+01,4.425804e+01,4.421951e+01,4.421951e+01,4.421951e+01,4.421951e+01,4.421951e+01,4.474494e+01,4.475772e+01,4.475772e+01,4.475772e+01,4.533165e+01,4.533165e+01,4.533165e+01,4.533165e+01,4.533165e+01,4.585214e+01,4.581414e+01,4.577612e+01,4.577612e+01,4.577612e+01,4.577612e+01,4.577612e+01,4.629466e+01,4.625679e+01,4.624417e+01,4.624417e+01,4.624417e+01,4.624417e+01,4.676068e+01,4.672296e+01,4.672296e+01,4.723740e+01,4.719983e+01,4.719983e+01,4.719983e+01,4.771223e+01,4.767481e+01,4.768728e+01,4.776210e+01,4.839618e+01,4.839618e+01,4.839618e+01,4.839618e+01,4.839618e+01,4.890352e+01,4.886647e+01,4.886647e+01,4.886647e+01,4.886647e+01,4.886647e+01,4.886647e+01,4.886647e+01,4.886647e+01,4.886647e+01,4.886647e+01,4.886647e+01,4.886647e+01,4.886647e+01,4.886647e+01,4.886647e+01,4.886647e+01,4.886647e+01,4.886647e+01,4.808577e+01,4.859442e+01,4.903927e+01,4.847055e+01,4.844577e+01,4.892821e+01,4.886647e+01,4.880469e+01,4.874289e+01,4.868105e+01,4.861917e+01,4.855727e+01,4.849534e+01,4.843337e+01,4.842097e+01,4.840858e+01,4.890352e+01,4.884176e+01,4.827211e+01,4.827211e+01,4.827211e+01,4.827211e+01,4.827211e+01,4.827211e+01,4.827211e+01,4.827211e+01,4.827211e+01,4.827211e+01,4.827211e+01,4.827211e+01,4.827211e+01,4.776210e+01,4.763738e+01,4.807334e+01,4.801115e+01,4.794894e+01,4.788669e+01,4.782441e+01,4.774963e+01,4.742506e+01,4.713719e+01,4.761242e+01,4.740005e+01,4.729998e+01,4.703690e+01,4.741256e+01,4.719983e+01,4.717478e+01,4.696163e+01,4.687376e+01,4.712466e+01,4.709959e+01,4.689887e+01,4.676068e+01,4.668523e+01,4.660974e+01,4.653419e+01,4.697418e+01,4.691143e+01,4.684864e+01,4.678581e+01,4.672296e+01,4.666007e+01,4.659715e+01,4.653419e+01,4.647121e+01,4.631990e+01,4.601670e+01,4.594078e+01,4.591546e+01,4.591546e+01,4.591546e+01,4.591546e+01,4.591546e+01,4.591546e+01,4.591546e+01,4.591546e+01,4.591546e+01,4.591546e+01,4.591546e+01,4.591546e+01,4.557314e+01,4.553505e+01,4.549694e+01,4.545882e+01,4.545882e+01,4.531893e+01,4.539525e+01,4.535710e+01,4.531893e+01,4.519162e+01,4.512791e+01,4.506417e+01,4.500039e+01,4.493658e+01,4.487273e+01,4.480885e+01,4.474494e+01,4.501315e+01,4.489828e+01,4.485996e+01,4.479607e+01,4.469378e+01,4.468099e+01,4.452737e+01,4.446329e+01,4.474494e+01,4.450174e+01,4.447611e+01,4.432222e+01,4.428371e+01,4.424520e+01,4.402669e+01,4.400096e+01,4.397522e+01,4.434788e+01,4.428371e+01,4.420667e+01,4.418097e+01,4.415527e+01,4.360136e+01,4.362718e+01,4.365300e+01,4.367881e+01,4.370461e+01,4.373041e+01,4.366590e+01,4.334282e+01,4.326514e+01,4.318742e+01,4.317446e+01,4.318742e+01,4.313557e+01,4.314854e+01,4.309667e+01,4.300586e+01,4.326514e+01,4.323924e+01,4.312261e+01,4.303181e+01,4.290198e+01,4.282401e+01,4.275899e+01,4.268092e+01,4.266791e+01,4.265489e+01,4.248552e+01,4.249856e+01,4.239423e+01,4.236813e+01,4.234202e+01,4.278500e+01,4.274598e+01,4.270695e+01,4.269394e+01,4.262885e+01,4.255069e+01,4.257675e+01,4.260281e+01,4.256372e+01,4.258978e+01,4.255069e+01,4.257675e+01,4.260281e+01,4.256372e+01,4.258978e+01,4.255069e+01,4.257675e+01,4.260281e+01,4.256372e+01,4.258978e+01,4.255069e+01,4.257675e+01,4.260281e+01,4.256372e+01,4.258978e+01,4.308371e+01,4.252463e+01,4.255069e+01,4.257675e+01,4.260281e+01,4.309667e+01,4.307073e+01,4.304479e+01,4.301883e+01,4.299288e+01,4.296691e+01,4.294094e+01,4.291497e+01,4.342044e+01,4.288898e+01,4.285000e+01,4.281101e+01,4.281101e+01,4.281101e+01,4.281101e+01,4.281101e+01,4.334282e+01,4.317446e+01,4.308371e+01,4.296691e+01,4.285000e+01,4.323924e+01,4.320038e+01,4.307073e+01,4.305776e+01,4.296691e+01,4.294094e+01,4.282401e+01,4.279800e+01,4.277200e+01,4.275899e+01,4.274598e+01,4.327810e+01,4.322629e+01,4.317446e+01,4.258978e+01,4.312261e+01,4.305776e+01,4.299288e+01,4.292796e+01,4.286300e+01,4.279800e+01,4.278500e+01,4.271996e+01,4.270695e+01,4.264187e+01,4.266791e+01,4.265489e+01,4.268092e+01,4.266791e+01,4.264187e+01,4.262885e+01,4.265489e+01,4.264187e+01,4.266791e+01,4.256372e+01,4.266791e+01,4.262885e+01,4.261583e+01,4.264187e+01,4.262885e+01,4.260281e+01,4.249856e+01,4.219834e+01,4.217220e+01,4.209373e+01,4.206756e+01,4.209373e+01,4.206756e+01,4.209373e+01,4.211989e+01,4.155610e+01,4.155610e+01,4.155610e+01,4.155610e+01,4.155610e+01,4.155610e+01,4.125339e+01,4.122703e+01,4.114791e+01,4.093666e+01,4.089701e+01,4.085734e+01,4.073826e+01,4.042009e+01,4.036697e+01,4.031383e+01,4.007439e+01,4.008770e+01,4.010102e+01,3.956723e+01,3.952709e+01,3.960735e+01,3.960735e+01,3.960735e+01,3.905777e+01,3.935300e+01,3.928597e+01,3.916521e+01,3.858646e+01,3.853247e+01,3.835683e+01,3.845144e+01,3.830272e+01,3.830272e+01,3.830272e+01,3.804538e+01,3.800470e+01,3.796399e+01,3.740622e+01,3.740622e+01,3.740622e+01,3.740622e+01,3.740622e+01,3.740622e+01,3.740622e+01,3.714679e+01,3.654363e+01,3.710577e+01,3.705105e+01,3.643361e+01,3.643361e+01,3.643361e+01,3.643361e+01,3.643361e+01,3.604765e+01,3.604765e+01,3.604765e+01,3.604765e+01,3.604765e+01,3.604765e+01,3.604765e+01,3.548004e+01,3.548004e+01,3.548004e+01,3.548004e+01,3.548004e+01,3.548004e+01,3.548004e+01,3.511855e+01,3.511855e+01,3.511855e+01,3.511855e+01,3.511855e+01,3.467197e+01,3.467197e+01,3.467197e+01,3.467197e+01,3.467197e+01,3.467197e+01,3.467197e+01,3.467197e+01,3.467197e+01,3.416735e+01,3.416735e+01,3.416735e+01,3.416735e+01,3.416735e+01,3.416735e+01,3.416735e+01,3.416735e+01,3.416735e+01,3.416735e+01,3.416735e+01,3.416735e+01,3.416735e+01,3.416735e+01,3.416735e+01,3.416735e+01,3.416735e+01,3.416735e+01,3.416735e+01,3.416735e+01,3.416735e+01,3.416735e+01,3.416735e+01,3.416735e+01,3.416735e+01,3.416735e+01,3.416735e+01,3.416735e+01,3.416735e+01,3.416735e+01,3.416735e+01,3.416735e+01,3.416735e+01,3.416735e+01,3.416735e+01,3.474187e+01,3.469993e+01,3.469993e+01,3.469993e+01,3.469993e+01,3.469993e+01,3.469993e+01,3.469993e+01,3.469993e+01,3.469993e+01,3.527163e+01,3.522990e+01,3.522990e+01,3.522990e+01,3.522990e+01,3.522990e+01,3.522990e+01,3.522990e+01,3.522990e+01,3.522990e+01,3.522990e+01,3.522990e+01,3.522990e+01,3.522990e+01,3.522990e+01,3.522990e+01,3.522990e+01,3.522990e+01,3.522990e+01,3.522990e+01,3.522990e+01,3.522990e+01,3.522990e+01,3.522990e+01,3.522990e+01,3.522990e+01,3.522990e+01,3.522990e+01,3.522990e+01,3.522990e+01,3.522990e+01,3.522990e+01,3.522990e+01,3.522990e+01,3.522990e+01,3.522990e+01,3.522990e+01,3.522990e+01,3.522990e+01,3.522990e+01,3.522990e+01,3.522990e+01,3.522990e+01,3.522990e+01,3.522990e+01,3.522990e+01,3.522990e+01,3.522990e+01,3.522990e+01,3.522990e+01,3.522990e+01,3.522990e+01,3.522990e+01,3.522990e+01,3.522990e+01,3.522990e+01,3.522990e+01,3.522990e+01,3.522990e+01,3.522990e+01,3.522990e+01,3.522990e+01,3.522990e+01,3.522990e+01,3.522990e+01,3.522990e+01,3.522990e+01,3.522990e+01,3.522990e+01,3.522990e+01,3.522990e+01,3.522990e+01,3.522990e+01,3.522990e+01,3.522990e+01,3.522990e+01,3.522990e+01,3.522990e+01,3.522990e+01,3.522990e+01,3.522990e+01,3.522990e+01,3.522990e+01,3.522990e+01,3.522990e+01,3.522990e+01,3.522990e+01,3.522990e+01,3.522990e+01,3.522990e+01,3.522990e+01,3.522990e+01,3.522990e+01,3.522990e+01,3.522990e+01,3.522990e+01,3.522990e+01,3.522990e+01,3.522990e+01,3.522990e+01,3.522990e+01,3.579882e+01,3.578498e+01,3.520207e+01,3.522990e+01,3.522990e+01,3.522990e+01,3.579882e+01,3.577114e+01,3.577114e+01,3.577114e+01,3.577114e+01
3.380142e+01,3.380142e+01,3.380142e+01,3.380142e+01,3.380142e+01,3.380142e+01,3.380142e+01,3.380142e+01,3.380142e+01,3.380142e+01,3.437789e+01,3.433582e+01,3.433582e+01,3.433582e+01,3.433582e+01,3.433582e+01,3.433582e+01,3.433582e+01,3.490944e+01,3.488153e+01,3.488153e+01,3.488153e+01,3.488153e+01,3.488153e+01,3.488153e+01,3.536894e+01,3.536894e+01,3.536894e+01,3.536894e+01,3.536894e+01,3.536894e+01,3.536894e+01,3.589566e+01,3.589566e+01,3.589566e+01,3.589566e+01,3.589566e+01,3.589566e+01,3.589566e+01,3.589566e+01,3.646112e+01,3.643361e+01,3.643361e+01,3.643361e+01,3.699631e+01,3.696893e+01,3.729706e+01,3.729706e+01,3.729706e+01,3.816735e+01,3.816735e+01,3.872132e+01,3.869437e+01,3.877522e+01,3.893676e+01,3.903089e+01,3.940659e+01,3.948694e+01,3.967419e+01,3.980775e+01,4.007439e+01,4.014095e+01,4.016756e+01,4.077797e+01,4.091023e+01,4.145090e+01,4.147721e+01,4.154295e+01,4.154295e+01,4.154295e+01,4.208064e+01,4.209373e+01,4.262885e+01,4.260281e+01,4.257675e+01,4.264187e+01,4.322629e+01,4.320038e+01,4.326514e+01,4.330399e+01,4.330399e+01,4.330399e+01,4.383355e+01,4.379488e+01,4.376910e+01,4.384644e+01,4.398809e+01,4.401382e+01,4.454018e+01,4.451455e+01,4.448893e+01,4.455298e+01,4.464260e+01,4.464260e+01,4.464260e+01,4.516614e+01,4.522983e+01,4.522983e+01,4.522983e+01,4.522983e+01,4.575077e+01,4.581414e+01,4.581414e+01,4.581414e+01,4.581414e+01,4.581414e+01,4.581414e+01,4.633251e+01,4.629466e+01,4.629466e+01,4.629466e+01,4.629466e+01,4.629466e+01,4.681095e+01,4.677325e+01,4.728747e+01,4.726244e+01,4.722488e+01,4.722488e+01,4.722488e+01,4.773717e+01,4.769976e+01,4.821003e+01,4.814791e+01,4.812306e+01,4.829693e+01,4.880469e+01,4.874289e+01,4.922415e+01,4.919952e+01,4.916256e+01,4.910093e+01,4.910093e+01,4.910093e+01,4.910093e+01,4.910093e+01,4.910093e+01,4.910093e+01,4.910093e+01,4.910093e+01,4.910093e+01,4.910093e+01,4.910093e+01,4.910093e+01,4.910093e+01,4.910093e+01,4.910093e+01,4.910093e+01,4.910093e+01,4.910093e+01,4.910093e+01,4.910093e+01,4.910093e+01,4.910093e+01,4.910093e+01,4.910093e+01,4.910093e+01,4.910093e+01,4.910093e+01,4.910093e+01,4.910093e+01,4.910093e+01,4.910093e+01,4.910093e+01,4.910093e+01,4.910093e+01,4.910093e+01,4.910093e+01,4.877997e+01,4.871815e+01,4.865630e+01,4.863155e+01,4.911326e+01,4.854489e+01,4.853250e+01,4.852011e+01,4.852011e+01,4.852011e+01,4.852011e+01,4.852011e+01,4.852011e+01,4.852011e+01,4.852011e+01,4.852011e+01,4.852011e+01,4.852011e+01,4.852011e+01,4.852011e+01,4.844577e+01,4.817276e+01,4.813549e+01,4.784933e+01,4.818519e+01,4.794894e+01,4.792405e+01,4.763738e+01,4.753751e+01,4.782441e+01,4.766233e+01,4.758746e+01,4.748754e+01,4.779949e+01,4.758746e+01,4.743756e+01,4.728747e+01,4.769976e+01,4.718731e+01,4.718731e+01,4.718731e+01,4.718731e+01,4.718731e+01,4.718731e+01,4.718731e+01,4.718731e+01,4.718731e+01,4.683607e+01,4.706199e+01,4.691143e+01,4.681095e+01,4.673553e+01,4.666007e+01,4.658456e+01,4.650900e+01,4.643340e+01,4.635774e+01,4.628204e+01,4.628204e+01,4.628204e+01,4.628204e+01,4.623154e+01,4.649640e+01,4.638297e+01,4.626942e+01,4.615576e+01,4.607993e+01,4.586481e+01,4.578879e+01,4.626942e+01,4.563661e+01,4.604200e+01,4.589014e+01,4.573809e+01,4.558584e+01,4.595344e+01,4.580146e+01,4.564930e+01,4.554774e+01,4.552234e+01,4.531893e+01,4.519162e+01,4.515340e+01,4.507692e+01,4.508967e+01,4.548423e+01,4.538253e+01,4.483441e+01,4.502591e+01,4.491105e+01,4.519162e+01,4.507692e+01,4.496211e+01,4.466819e+01,4.456579e+01,4.450174e+01,4.446329e+01,4.446329e+01,4.446329e+01,4.446329e+01,4.446329e+01,4.446329e+01,4.446329e+01,4.446329e+01,4.446329e+01,4.446329e+01,4.425804e+01,4.412957e+01,4.383355e+01,4.420667e+01,4.406528e+01,4.398809e+01,4.392372e+01,4.380777e+01,4.374331e+01,4.362718e+01,4.400096e+01,4.342044e+01,4.342044e+01,4.342044e+01,4.342044e+01,4.342044e+01,4.342044e+01,4.342044e+01,4.342044e+01,4.342044e+01,4.342044e+01,4.342044e+01,4.342044e+01,4.342044e+01,4.290198e+01,4.338164e+01,4.334282e+01,4.323924e+01,4.313557e+01,4.305776e+01,4.303181e+01,4.299288e+01,4.345923e+01,4.286300e+01,4.286300e+01,4.286300e+01,4.308371e+01,4.300586e+01,4.292796e+01,4.292796e+01,4.296691e+01,4.349801e+01,4.342044e+01,4.334282e+01,4.322629e+01,4.314854e+01,4.303181e+01,4.348509e+01,4.342044e+01,4.331693e+01,4.330399e+01,4.322629e+01,4.347216e+01,4.340751e+01,4.334282e+01,4.332988e+01,4.329104e+01,4.329104e+01,4.329104e+01,4.329104e+01,4.329104e+01,4.329104e+01,4.329104e+01,4.329104e+01,4.329104e+01,4.329104e+01,4.329104e+01,4.329104e+01,4.334282e+01,4.327810e+01,4.321333e+01,4.327810e+01,4.383355e+01,4.360136e+01,4.344630e+01,4.391084e+01,4.375620e+01,4.371751e+01,4.361427e+01,4.354969e+01,4.347216e+01,4.344630e+01,4.335576e+01,4.330399e+01,4.374331e+01,4.366590e+01,4.360136e+01,4.357553e+01,4.354969e+01,4.356261e+01,4.343337e+01,4.364009e+01,4.361427e+01,4.349801e+01,4.338164e+01,4.338164e+01,4.326514e+01,4.326514e+01,4.320038e+01,4.320038e+01,4.313557e+01,4.301883e+01,4.308371e+01,4.313557e+01,4.308371e+01,4.313557e+01,4.305776e+01,4.310964e+01,4.305776e+01,4.310964e+01,4.305776e+01,4.301883e+01,4.296691e+01,4.299288e+01,4.304479e+01,4.299288e+01,4.304479e+01,4.255069e+01,4.299288e+01,4.271996e+01,4.264187e+01,4.251160e+01,4.253766e+01,4.248552e+01,4.251160e+01,4.245945e+01,4.238118e+01,4.209373e+01,4.204139e+01,4.198902e+01,4.193663e+01,4.198902e+01,4.192353e+01,4.172684e+01,4.164807e+01,4.162180e+01,4.135877e+01,4.137194e+01,4.127974e+01,4.110833e+01,4.089701e+01,4.079120e+01,4.024737e+01,4.024737e+01,4.024737e+01,4.024737e+01,4.024737e+01,4.007439e+01,4.002111e+01,3.951371e+01,3.943338e+01,3.970091e+01,3.911150e+01,3.911150e+01,3.911150e+01,3.911150e+01,3.911150e+01,3.890985e+01,3.830272e+01,3.830272e+01,3.830272e+01,3.830272e+01,3.830272e+01,3.800470e+01,3.788254e+01,3.769226e+01,3.771946e+01,3.774666e+01,3.721512e+01,3.721512e+01,3.721512e+01,3.721512e+01,3.721512e+01,3.710577e+01,3.707841e+01,3.696893e+01,3.672218e+01,3.673590e+01,3.618565e+01,3.674962e+01,3.613047e+01,3.606146e+01,3.606146e+01,3.606146e+01,3.606146e+01,3.606146e+01,3.606146e+01,3.606146e+01,3.548004e+01,3.548004e+01,3.548004e+01,3.548004e+01,3.548004e+01,3.548004e+01,3.548004e+01,3.548004e+01,3.511855e+01,3.511855e+01,3.511855e+01,3.511855e+01,3.511855e+01,3.467197e+01,3.467197e+01,3.467197e+01,3.467197e+01,3.467197e+01,3.467197e+01,3.467197e+01,3.467197e+01,3.467197e+01,3.416735e+01,3.416735e+01,3.416735e+01,3.416735e+01,3.416735e+01,3.416735e+01,3.416735e+01,3.416735e+01,3.416735e+01,3.416735e+01,3.416735e+01,3.416735e+01,3.416735e+01,3.416735e+01,3.416735e+01,3.416735e+01,3.416735e+01,3.416735e+01,3.416735e+01,3.416735e+01,3.416735e+01,3.416735e+01,3.416735e+01,3.416735e+01,3.416735e+01,3.416735e+01,3.416735e+01,3.416735e+01,3.416735e+01,3.416735e+01,3.416735e+01,3.416735e+01,3.416735e+01,3.416735e+01,3.474187e+01,3.474187e+01,3.474187e+01,3.474187e+01,3.474187e+01,3.474187e+01,3.474187e+01,3.474187e+01,3.474187e+01,3.474187e+01,3.474187e+01,3.522990e+01,3.522990e+01,3.522990e+01,3.522990e+01,3.522990e+01,3.522990e+01,3.522990e+01,3.579882e+01,3.572960e+01,3.566034e+01,3.566034e+01,3.566034e+01,3.566034e+01,3.566034e+01,3.509069e+01,3.509069e+01,3.509069e+01,3.509069e+01,3.509069e+01,3.509069e+01,3.509069e+01,3.509069e+01,3.509069e+01,3.509069e+01,3.509069e+01,3.509069e+01,3.509069e+01,3.509069e+01,3.509069e+01,3.509069e+01,3.509069e+01,3.509069e+01,3.509069e+01,3.509069e+01,3.509069e+01,3.509069e+01,3.509069e+01,3.509069e+01,3.509069e+01,3.509069e+01,3.509069e+01,3.509069e+01,3.509069e+01,3.509069e+01,3.509069e+01,3.509069e+01,3.509069e+01,3.509069e+01,3.509069e+01,3.509069e+01,3.509069e+01,3.509069e+01,3.509069e+01,3.509069e+01,3.509069e+01,3.509069e+01,3.509069e+01,3.509069e+01,3.509069e+01,3.509069e+01,3.509069e+01,3.509069e+01,3.509069e+01,3.509069e+01,3.509069e+01,3.509069e+01,3.509069e+01,3.509069e+01,3.509069e+01,3.509069e+01,3.509069e+01,3.509069e+01,3.509069e+01,3.509069e+01,3.509069e+01,3.509069e+01,3.509069e+01,3.509069e+01,3.509069e+01,3.509069e+01,3.509069e+01,3.509069e+01,3.509069e+01,3.509069e+01,3.509069e+01,3.509069e+01,3.566034e+01,3.564648e+01,3.563261e+01,3.561876e+01,3.560489e+01,3.559103e+01,3.557716e+01,3.556329e+01,3.554942e+01,3.553555e+01,3.552167e+01,3.550779e+01,3.550779e+01,3.550779e+01,3.550779e+01,3.550779e+01,3.550779e+01,3.550779e+01,3.550779e+01,3.550779e+01,3.550779e+01,3.550779e+01,3.550779e+01,3.550779e+01,3.550779e+01
3.437789e+01,3.430776e+01,3.423758e+01,3.422353e+01,3.420949e+01,3.419545e+01,3.418140e+01,3.416735e+01,3.415330e+01,3.422353e+01,3.426566e+01,3.426566e+01,3.426566e+01,3.426566e+01,3.426566e+01,3.426566e+01,3.483965e+01,3.482569e+01,3.488153e+01,3.488153e+01,3.488153e+01,3.488153e+01,3.488153e+01,3.488153e+01,3.488153e+01,3.536894e+01,3.536894e+01,3.536894e+01,3.536894e+01,3.536894e+01,3.536894e+01,3.536894e+01,3.589566e+01,3.589566e+01,3.589566e+01,3.589566e+01,3.589566e+01,3.589566e+01,3.589566e+01,3.589566e+01,3.646112e+01,3.646112e+01,3.646112e+01,3.702368e+01,3.699631e+01,3.699631e+01,3.713311e+01,3.769226e+01,3.776026e+01,3.814026e+01,3.822152e+01,3.899056e+01,3.899056e+01,3.899056e+01,3.899056e+01,3.899056e+01,3.940659e+01,3.995448e+01,3.988781e+01,3.988781e+01,4.043336e+01,4.042009e+01,4.048645e+01,4.067204e+01,4.088379e+01,4.114791e+01,4.118748e+01,4.180556e+01,4.180556e+01,4.180556e+01,4.180556e+01,4.209373e+01,4.235508e+01,4.238118e+01,4.291497e+01,4.297990e+01,4.312261e+01,4.312261e+01,4.312261e+01,4.365300e+01,4.362718e+01,4.369171e+01,4.373041e+01,4.373041e+01,4.373041e+01,4.425804e+01,4.423236e+01,4.430939e+01,4.443766e+01,4.443766e+01,4.443766e+01,4.496211e+01,4.493658e+01,4.491105e+01,4.497487e+01,4.506417e+01,4.558584e+01,4.556044e+01,4.553505e+01,4.559853e+01,4.564930e+01,4.564930e+01,4.564930e+01,4.564930e+01,4.564930e+01,4.616840e+01,4.623154e+01,4.630728e+01,4.630728e+01,4.630728e+01,4.630728e+01,4.630728e+01,4.682351e+01,4.679838e+01,4.736254e+01,4.733752e+01,4.733752e+01,4.733752e+01,4.784933e+01,4.783687e+01,4.832175e+01,4.827211e+01,4.825970e+01,4.825970e+01,4.876761e+01,4.875525e+01,4.879233e+01,4.933494e+01,4.932264e+01,4.932264e+01,4.932264e+01,4.932264e+01,4.932264e+01,4.932264e+01,4.932264e+01,4.932264e+01,4.932264e+01,4.932264e+01,4.932264e+01,4.932264e+01,4.932264e+01,4.932264e+01,4.932264e+01,4.932264e+01,4.982613e+01,4.976484e+01,4.970352e+01,4.964217e+01,4.958078e+01,4.951937e+01,4.945792e+01,4.943334e+01,4.940875e+01,4.938415e+01,4.986289e+01,4.980162e+01,4.974032e+01,4.917488e+01,4.967898e+01,4.960534e+01,4.953165e+01,4.996087e+01,4.939645e+01,4.988739e+01,4.981388e+01,4.974032e+01,4.966671e+01,4.960534e+01,4.931033e+01,4.967898e+01,4.955622e+01,4.951937e+01,4.944563e+01,4.950708e+01,4.943334e+01,4.935955e+01,4.929802e+01,4.923647e+01,4.917488e+01,4.911326e+01,4.905161e+01,4.898993e+01,4.892821e+01,4.937185e+01,4.932264e+01,4.876761e+01,4.876761e+01,4.876761e+01,4.876761e+01,4.876761e+01,4.876761e+01,4.876761e+01,4.876761e+01,4.876761e+01,4.876761e+01,4.876761e+01,4.876761e+01,4.833416e+01,4.811063e+01,4.848294e+01,4.834657e+01,4.830934e+01,4.855727e+01,4.835897e+01,4.819761e+01,4.812306e+01,4.814791e+01,4.809820e+01,4.804847e+01,4.799871e+01,4.794894e+01,4.789914e+01,4.784933e+01,4.779949e+01,4.773717e+01,4.741256e+01,4.736254e+01,4.771223e+01,4.756248e+01,4.743756e+01,4.731250e+01,4.718731e+01,4.706199e+01,4.745005e+01,4.733752e+01,4.722488e+01,4.718731e+01,4.714972e+01,4.711213e+01,4.702436e+01,4.698673e+01,4.683607e+01,4.668523e+01,4.653419e+01,4.645860e+01,4.676068e+01,4.667265e+01,4.659715e+01,4.649640e+01,4.645860e+01,4.626942e+01,4.613049e+01,4.654679e+01,4.650900e+01,4.631990e+01,4.613049e+01,4.599140e+01,4.592812e+01,4.625679e+01,4.609257e+01,4.601670e+01,4.590280e+01,4.586481e+01,4.582681e+01,4.564930e+01,4.576344e+01,4.572541e+01,4.557314e+01,4.553505e+01,4.544611e+01,4.526802e+01,4.507692e+01,4.552234e+01,4.542068e+01,4.534438e+01,4.530621e+01,4.526802e+01,4.522983e+01,4.519162e+01,4.515340e+01,4.511517e+01,4.507692e+01,4.503866e+01,4.500039e+01,4.475772e+01,4.456579e+01,4.482163e+01,4.478329e+01,4.460420e+01,4.448893e+01,4.438637e+01,4.423236e+01,4.412957e+01,4.406528e+01,4.406528e+01,4.428371e+01,4.424520e+01,4.420667e+01,4.416813e+01,4.412957e+01,4.409100e+01,4.405242e+01,4.401382e+01,4.397522e+01,4.393660e+01,4.389796e+01,4.385932e+01,4.375620e+01,4.384644e+01,4.383355e+01,4.375620e+01,4.367881e+01,4.353678e+01,4.348509e+01,4.394947e+01,4.389796e+01,4.382066e+01,4.391084e+01,4.388509e+01,4.385932e+01,4.383355e+01,4.373041e+01,4.362718e+01,4.360136e+01,4.358844e+01,4.357553e+01,4.357553e+01,4.357553e+01,4.357553e+01,4.357553e+01,4.357553e+01,4.410386e+01,4.401382e+01,4.388509e+01,4.384644e+01,4.374331e+01,4.371751e+01,4.371751e+01,4.371751e+01,4.385932e+01,4.379488e+01,4.376910e+01,4.427088e+01,4.425804e+01,4.424520e+01,4.423236e+01,4.421951e+01,4.420667e+01,4.419382e+01,4.418097e+01,4.416813e+01,4.415527e+01,4.414242e+01,4.406528e+01,4.398809e+01,4.450174e+01,4.396235e+01,4.396235e+01,4.397522e+01,4.396235e+01,4.448893e+01,4.391084e+01,4.414242e+01,4.405242e+01,4.394947e+01,4.389796e+01,4.430939e+01,4.373041e+01,4.425804e+01,4.416813e+01,4.409100e+01,4.405242e+01,4.401382e+01,4.400096e+01,4.385932e+01,4.384644e+01,4.384644e+01,4.384644e+01,4.384644e+01,4.384644e+01,4.384644e+01,4.384644e+01,4.384644e+01,4.384644e+01,4.384644e+01,4.384644e+01,4.384644e+01,4.384644e+01,4.361427e+01,4.360136e+01,4.351093e+01,4.349801e+01,4.347216e+01,4.349801e+01,4.347216e+01,4.345923e+01,4.339457e+01,4.338164e+01,4.340751e+01,4.338164e+01,4.330399e+01,4.308371e+01,4.307073e+01,4.295393e+01,4.295393e+01,4.295393e+01,4.295393e+01,4.295393e+01,4.295393e+01,4.295393e+01,4.238118e+01,4.278500e+01,4.218526e+01,4.218526e+01,4.218526e+01,4.218526e+01,4.218526e+01,4.218526e+01,4.164807e+01,4.164807e+01,4.164807e+01,4.164807e+01,4.127974e+01,4.127974e+01,4.089701e+01,4.068529e+01,4.052624e+01,4.055276e+01,4.057928e+01,4.060579e+01,4.008770e+01,4.008770e+01,4.008770e+01,4.008770e+01,3.998114e+01,3.987447e+01,3.956723e+01,3.954047e+01,3.900400e+01,3.900400e+01,3.900400e+01,3.900400e+01,3.900400e+01,3.885602e+01,3.882909e+01,3.880216e+01,3.818090e+01,3.816735e+01,3.816735e+01,3.816735e+01,3.771946e+01,3.763783e+01,3.750165e+01,3.750165e+01,3.750165e+01,3.750165e+01,3.694154e+01,3.694154e+01,3.694154e+01,3.694154e+01,3.694154e+01,3.694154e+01,3.674962e+01,3.666727e+01,3.641985e+01,3.633725e+01,3.633725e+01,3.633725e+01,3.633725e+01,3.577114e+01,3.578498e+01,3.567419e+01,3.559103e+01,3.559103e+01,3.559103e+01,3.559103e+01,3.559103e+01,3.559103e+01,3.559103e+01,3.502101e+01,3.506282e+01,3.506282e+01,3.506282e+01,3.506282e+01,3.506282e+01,3.467197e+01,3.467197e+01,3.467197e+01,3.467197e+01,3.467197e+01,3.467197e+01,3.467197e+01,3.467197e+01,3.467197e+01,3.416735e+01,3.416735e+01,3.416735e+01,3.416735e+01,3.416735e+01,3.416735e+01,3.416735e+01,3.416735e+01,3.416735e+01,3.416735e+01,3.416735e+01,3.416735e+01,3.416735e+01,3.416735e+01,3.416735e+01,3.416735e+01,3.416735e+01,3.416735e+01,3.416735e+01,3.416735e+01,3.416735e+01,3.416735e+01,3.416735e+01,3.416735e+01,3.416735e+01,3.416735e+01,3.416735e+01,3.416735e+01,3.416735e+01,3.416735e+01,3.416735e+01,3.416735e+01,3.474187e+01,3.472789e+01,3.474187e+01,3.474187e+01,3.474187e+01,3.474187e+01,3.474187e+01,3.474187e+01,3.474187e+01,3.474187e+01,3.474187e+01,3.474187e+01,3.474187e+01,3.522990e+01,3.522990e+01,3.522990e+01,3.522990e+01,3.522990e+01,3.522990e+01,3.522990e+01,3.579882e+01,3.579882e+01,3.522990e+01,3.524381e+01,3.525772e+01,3.527163e+01,3.520207e+01,3.509069e+01,3.509069e+01,3.509069e+01,3.509069e+01,3.509069e+01,3.509069e+01,3.509069e+01,3.509069e+01,3.509069e+01,3.509069e+01,3.509069e+01,3.509069e+01,3.509069e+01,3.509069e+01,3.509069e+01,3.509069e+01,3.509069e+01,3.509069e+01,3.509069e+01,3.509069e+01,3.509069e+01,3.509069e+01,3.509069e+01,3.509069e+01,3.509069e+01,3.509069e+01,3.509069e+01,3.509069e+01,3.509069e+01,3.509069e+01,3.509069e+01,3.509069e+01,3.509069e+01,3.509069e+01,3.509069e+01,3.509069e+01,3.509069e+01,3.509069e+01,3.509069e+01,3.509069e+01,3.509069e+01,3.509069e+01,3.509069e+01,3.509069e+01,3.509069e+01,3.509069e+01,3.509069e+01,3.509069e+01,3.509069e+01,3.509069e+01,3.509069e+01,3.509069e+01,3.509069e+01,3.509069e+01,3.509069e+01,3.509069e+01,3.509069e+01,3.509069e+01,3.509069e+01,3.509069e+01,3.509069e+01,3.509069e+01,3.509069e+01,3.509069e+01,3.509069e+01,3.509069e+01,3.509069e+01,3.509069e+01,3.509069e+01,3.509069e+01,3.509069e+01,3.509069e+01,3.509069e+01,3.509069e+01,3.509069e+01,3.509069e+01,3.560489e+01,3.560489e+01,3.560489e+01,3.560489e+01,3.560489e+01,3.560489e+01,3.560489e+01,3.560489e+01,3.560489e+01,3.560489e+01,3.560489e+01,3.560489e+01,3.560489e+01,3.560489e+01,3.560489e+01,3.560489e+01,3.560489e+01,3.560489e+01,3.560489e+01,3.560489e+01,3.560489e+01
3.437789e+01,3.437789e+01,3.437789e+01,3.437789e+01,3.380142e+01,3.381552e+01,3.382962e+01,3.384371e+01,3.443397e+01,3.443397e+01,3.443397e+01,3.443397e+01,3.443397e+01,3.443397e+01,3.443397e+01,3.443397e+01,3.443397e+01,3.443397e+01,3.488153e+01,3.488153e+01,3.488153e+01,3.488153e+01,3.488153e+01,3.488153e+01,3.488153e+01,3.536894e+01,3.536894e+01,3.536894e+01,3.536894e+01,3.536894e+01,3.536894e+01,3.536894e+01,3.589566e+01,3.589566e+01,3.589566e+01,3.589566e+01,3.589566e+01,3.589566e+01,3.589566e+01,3.646112e+01,3.646112e+01,3.646112e+01,3.646112e+01,3.646112e+01,3.699631e+01,3.699631e+01,3.755614e+01,3.758338e+01,3.767866e+01,3.789612e+01,3.864043e+01,3.888294e+01,3.888294e+01,3.888294e+01,3.888294e+01,3.943338e+01,3.941999e+01,3.967419e+01,3.970091e+01,4.036697e+01,4.043336e+01,4.043336e+01,4.043336e+01,4.097630e+01,4.094987e+01,4.149036e+01,4.155610e+01,4.170059e+01,4.170059e+01,4.223754e+01,4.219834e+01,4.218526e+01,4.271996e+01,4.278500e+01,4.281101e+01,4.281101e+01,4.281101e+01,4.312261e+01,4.325219e+01,4.338164e+01,4.340751e+01,4.369171e+01,4.421951e+01,4.419382e+01,4.418097e+01,4.425804e+01,4.425804e+01,4.478329e+01,4.475772e+01,4.473215e+01,4.479607e+01,4.485996e+01,4.485996e+01,4.485996e+01,4.538253e+01,4.544611e+01,4.548423e+01,4.548423e+01,4.548423e+01,4.548423e+01,4.548423e+01,4.600405e+01,4.597874e+01,4.595344e+01,4.601670e+01,4.606729e+01,4.606729e+01,4.606729e+01,4.658456e+01,4.655938e+01,4.655938e+01,4.655938e+01,4.682351e+01,4.743756e+01,4.743756e+01,4.743756e+01,4.743756e+01,4.794894e+01,4.794894e+01,4.858204e+01,4.858204e+01,4.850772e+01,4.850772e+01,4.850772e+01,4.876761e+01,4.927340e+01,4.926109e+01,4.933494e+01,4.983839e+01,4.981388e+01,4.978936e+01,4.976484e+01,4.974032e+01,4.971579e+01,4.969125e+01,4.966671e+01,4.964217e+01,4.961762e+01,4.959306e+01,5.007099e+01,5.004652e+01,5.002206e+01,4.999758e+01,4.998534e+01,4.998534e+01,4.998534e+01,4.998534e+01,4.998534e+01,4.998534e+01,4.998534e+01,4.998534e+01,4.998534e+01,4.998534e+01,4.998534e+01,4.998534e+01,4.998534e+01,4.998534e+01,4.998534e+01,4.998534e+01,4.998534e+01,5.003429e+01,5.046174e+01,5.043736e+01,4.993638e+01,4.993638e+01,4.993638e+01,4.993638e+01,4.993638e+01,4.993638e+01,4.993638e+01,4.993638e+01,4.993638e+01,4.993638e+01,4.993638e+01,4.993638e+01,4.993638e+01,4.993638e+01,4.993638e+01,4.993638e+01,4.993638e+01,4.993638e+01,4.993638e+01,4.993638e+01,4.993638e+01,4.993638e+01,4.977710e+01,4.975258e+01,4.972805e+01,4.970352e+01,4.967898e+01,4.915023e+01,4.913791e+01,4.912558e+01,4.911326e+01,4.910093e+01,4.908860e+01,4.901460e+01,4.934724e+01,4.908860e+01,4.905161e+01,4.887882e+01,4.931033e+01,4.927340e+01,4.903927e+01,4.884176e+01,4.873052e+01,4.869342e+01,4.860680e+01,4.852011e+01,4.894056e+01,4.886647e+01,4.879233e+01,4.871815e+01,4.864392e+01,4.850772e+01,4.821003e+01,4.812306e+01,4.808577e+01,4.843337e+01,4.828452e+01,4.813549e+01,4.798627e+01,4.782441e+01,4.778703e+01,4.767481e+01,4.807334e+01,4.801115e+01,4.794894e+01,4.788669e+01,4.777457e+01,4.771223e+01,4.753751e+01,4.736254e+01,4.769976e+01,4.762490e+01,4.762490e+01,4.701182e+01,4.694908e+01,4.737504e+01,4.731250e+01,4.709959e+01,4.694908e+01,4.693653e+01,4.692398e+01,4.671038e+01,4.706199e+01,4.689887e+01,4.679838e+01,4.676068e+01,4.657197e+01,4.647121e+01,4.633251e+01,4.678581e+01,4.621892e+01,4.659715e+01,4.657197e+01,4.650900e+01,4.633251e+01,4.626942e+01,4.615576e+01,4.595344e+01,4.626942e+01,4.572541e+01,4.572541e+01,4.572541e+01,4.572541e+01,4.572541e+01,4.572541e+01,4.572541e+01,4.572541e+01,4.572541e+01,4.559853e+01,4.553505e+01,4.547152e+01,4.520436e+01,4.498763e+01,4.548423e+01,4.491105e+01,4.491105e+01,4.491105e+01,4.491105e+01,4.491105e+01,4.491105e+01,4.491105e+01,4.491105e+01,4.491105e+01,4.491105e+01,4.491105e+01,4.491105e+01,4.491105e+01,4.461700e+01,4.455298e+01,4.448893e+01,4.442484e+01,4.436071e+01,4.429655e+01,4.429655e+01,4.416813e+01,4.420667e+01,4.423236e+01,4.419382e+01,4.409100e+01,4.398809e+01,4.393660e+01,4.446329e+01,4.438637e+01,4.428371e+01,4.425804e+01,4.427088e+01,4.428371e+01,4.423236e+01,4.416813e+01,4.403955e+01,4.405242e+01,4.454018e+01,4.398809e+01,4.455298e+01,4.452737e+01,4.450174e+01,4.447611e+01,4.447611e+01,4.447611e+01,4.443766e+01,4.428371e+01,4.429655e+01,4.416813e+01,4.411671e+01,4.469378e+01,4.466819e+01,4.464260e+01,4.455298e+01,4.452737e+01,4.452737e+01,4.452737e+01,4.452737e+01,4.452737e+01,4.452737e+01,4.452737e+01,4.452737e+01,4.452737e+01,4.452737e+01,4.452737e+01,4.452737e+01,4.459140e+01,4.503866e+01,4.497487e+01,4.500039e+01,4.497487e+01,4.494934e+01,4.494934e+01,4.488551e+01,4.500039e+01,4.445048e+01,4.494934e+01,4.480885e+01,4.471936e+01,4.471936e+01,4.475772e+01,4.475772e+01,4.462980e+01,4.451455e+01,4.496211e+01,4.489828e+01,4.485996e+01,4.469378e+01,4.465540e+01,4.462980e+01,4.460420e+01,4.457859e+01,4.455298e+01,4.452737e+01,4.450174e+01,4.447611e+01,4.445048e+01,4.442484e+01,4.439919e+01,4.437354e+01,4.434788e+01,4.409100e+01,4.405242e+01,4.446329e+01,4.442484e+01,4.437354e+01,4.434788e+01,4.376910e+01,4.382066e+01,4.434788e+01,4.378199e+01,4.385932e+01,4.379488e+01,4.379488e+01,4.353678e+01,4.348509e+01,4.344630e+01,4.340751e+01,4.336870e+01,4.344630e+01,4.340751e+01,4.336870e+01,4.329104e+01,4.327810e+01,4.274598e+01,4.247248e+01,4.255069e+01,4.262885e+01,4.205447e+01,4.205447e+01,4.205447e+01,4.205447e+01,4.205447e+01,4.205447e+01,4.164807e+01,4.143774e+01,4.141142e+01,4.118748e+01,4.105554e+01,4.097630e+01,4.092345e+01,4.045991e+01,4.087056e+01,4.064555e+01,4.059254e+01,4.053951e+01,3.994115e+01,3.994115e+01,3.994115e+01,3.994115e+01,3.994115e+01,3.955385e+01,3.948694e+01,3.941999e+01,3.948694e+01,3.886948e+01,3.886948e+01,3.886948e+01,3.886948e+01,3.886948e+01,3.872132e+01,3.808606e+01,3.793685e+01,3.801826e+01,3.800470e+01,3.793685e+01,3.744713e+01,3.744713e+01,3.744713e+01,3.744713e+01,3.744713e+01,3.694154e+01,3.694154e+01,3.694154e+01,3.694154e+01,3.694154e+01,3.637855e+01,3.632347e+01,3.632347e+01,3.632347e+01,3.632347e+01,3.632347e+01,3.632347e+01,3.578498e+01,3.578498e+01,3.578498e+01,3.578498e+01,3.578498e+01,3.578498e+01,3.578498e+01,3.578498e+01,3.521599e+01,3.513247e+01,3.513247e+01,3.513247e+01,3.513247e+01,3.513247e+01,3.513247e+01,3.513247e+01,3.467197e+01,3.467197e+01,3.467197e+01,3.467197e+01,3.467197e+01,3.467197e+01,3.467197e+01,3.467197e+01,3.467197e+01,3.467197e+01,3.416735e+01,3.416735e+01,3.416735e+01,3.416735e+01,3.416735e+01,3.416735e+01,3.416735e+01,3.416735e+01,3.416735e+01,3.416735e+01,3.416735e+01,3.416735e+01,3.416735e+01,3.416735e+01,3.416735e+01,3.416735e+01,3.416735e+01,3.416735e+01,3.416735e+01,3.416735e+01,3.416735e+01,3.416735e+01,3.416735e+01,3.416735e+01,3.416735e+01,3.416735e+01,3.416735e+01,3.416735e+01,3.416735e+01,3.416735e+01,3.416735e+01,3.472789e+01,3.472789e+01,3.472789e+01,3.472789e+01,3.472789e+01,3.472789e+01,3.472789e+01,3.472789e+01,3.472789e+01,3.529944e+01,3.520207e+01,3.521599e+01,3.522990e+01,3.522990e+01,3.522990e+01,3.522990e+01,3.522990e+01,3.579882e+01,3.524381e+01,3.549392e+01,3.542450e+01,3.534114e+01,3.534114e+01,3.534114e+01,3.534114e+01,3.534114e+01,3.534114e+01,3.534114e+01,3.534114e+01,3.534114e+01,3.534114e+01,3.534114e+01,3.534114e+01,3.534114e+01,3.534114e+01,3.534114e+01,3.534114e+01,3.534114e+01,3.534114e+01,3.534114e+01,3.534114e+01,3.534114e+01,3.534114e+01,3.534114e+01,3.534114e+01,3.534114e+01,3.534114e+01,3.534114e+01,3.534114e+01,3.534114e+01,3.534114e+01,3.534114e+01,3.534114e+01,3.534114e+01,3.534114e+01,3.534114e+01,3.534114e+01,3.534114e+01,3.534114e+01,3.534114e+01,3.534114e+01,3.534114e+01,3.534114e+01,3.534114e+01,3.534114e+01,3.534114e+01,3.534114e+01,3.534114e+01,3.534114e+01,3.476981e+01,3.528554e+01,3.528554e+01,3.528554e+01,3.528554e+01,3.528554e+01,3.528554e+01,3.528554e+01,3.528554e+01,3.528554e+01,3.528554e+01,3.528554e+01,3.528554e+01,3.528554e+01,3.528554e+01,3.528554e+01,3.528554e+01,3.528554e+01,3.528554e+01,3.528554e+01,3.528554e+01,3.528554e+01,3.528554e+01,3.528554e+01,3.528554e+01,3.528554e+01,3.528554e+01,3.528554e+01,3.528554e+01,3.528554e+01,3.528554e+01,3.528554e+01,3.528554e+01,3.528554e+01,3.528554e+01,3.528554e+01,3.528554e+01,3.528554e+01,3.528554e+01,3.528554e+01,3.528554e+01,3.528554e+01,3.528554e+01,3.528554e+01,3.528554e+01,3.528554e+01,3.528554e+01,3.528554e+01,3.560489e+01,3.560489e+01,3.560489e+01,3.560489e+01,3.560489e+01,3.560489e+01
3.437789e+01,3.437789e+01,3.437789e+01,3.380142e+01,3.380142e+01,3.380142e+01,3.380142e+01,3.380142e+01,3.443397e+01,3.443397e+01,3.443397e+01,3.443397e+01,3.443397e+01,3.443397e+01,3.443397e+01,3.443397e+01,3.443397e+01,3.443397e+01,3.443397e+01,3.443397e+01,3.488153e+01,3.488153e+01,3.488153e+01,3.488153e+01,3.545227e+01,3.545227e+01,3.545227e+01,3.545227e+01,3.545227e+01,3.545227e+01,3.545227e+01,3.545227e+01,3.589566e+01,3.589566e+01,3.589566e+01,3.589566e+01,3.589566e+01,3.589566e+01,3.589566e+01,3.646112e+01,3.646112e+01,3.646112e+01,3.646112e+01,3.646112e+01,3.699631e+01,3.714679e+01,3.725610e+01,3.780103e+01,3.780103e+01,3.835683e+01,3.864043e+01,3.864043e+01,3.864043e+01,3.919206e+01,3.925914e+01,3.932619e+01,3.987447e+01,3.978105e+01,3.992781e+01,4.007439e+01,4.065880e+01,4.065880e+01,4.065880e+01,4.065880e+01,4.094987e+01,4.120066e+01,4.125339e+01,4.138510e+01,4.200212e+01,4.213297e+01,4.213297e+01,4.266791e+01,4.218526e+01,4.234202e+01,4.299288e+01,4.299288e+01,4.299288e+01,4.352386e+01,4.353678e+01,4.354969e+01,4.357553e+01,4.369171e+01,4.393660e+01,4.392372e+01,4.443766e+01,4.443766e+01,4.443766e+01,4.443766e+01,4.443766e+01,4.473215e+01,4.473215e+01,4.473215e+01,4.525529e+01,4.531893e+01,4.536982e+01,4.536982e+01,4.536982e+01,4.589014e+01,4.589014e+01,4.589014e+01,4.595344e+01,4.599140e+01,4.599140e+01,4.650900e+01,4.640818e+01,4.640818e+01,4.640818e+01,4.647121e+01,4.648381e+01,4.699928e+01,4.689887e+01,4.694908e+01,4.746255e+01,4.745005e+01,4.745005e+01,4.745005e+01,4.796139e+01,4.794894e+01,4.808577e+01,4.881705e+01,4.830934e+01,4.881705e+01,4.880469e+01,4.885411e+01,4.937185e+01,4.935955e+01,4.935955e+01,4.986289e+01,4.985064e+01,4.985064e+01,4.985064e+01,4.985064e+01,5.035197e+01,5.022988e+01,5.010767e+01,5.048612e+01,5.037637e+01,5.026652e+01,5.024210e+01,5.022988e+01,5.022988e+01,5.022988e+01,5.022988e+01,5.022988e+01,5.022988e+01,5.022988e+01,5.022988e+01,5.022988e+01,5.072967e+01,5.064448e+01,5.055924e+01,5.047393e+01,5.038857e+01,5.030315e+01,5.029094e+01,5.027873e+01,5.026652e+01,5.075399e+01,5.066883e+01,5.058360e+01,5.058360e+01,5.057142e+01,5.091201e+01,5.096059e+01,5.037637e+01,5.077832e+01,5.069316e+01,5.060796e+01,5.052269e+01,5.043736e+01,5.035197e+01,5.026652e+01,5.076616e+01,5.068100e+01,5.059578e+01,5.051050e+01,5.042516e+01,5.083910e+01,5.076616e+01,5.069316e+01,5.062013e+01,5.054705e+01,5.047393e+01,5.040077e+01,5.032756e+01,5.018102e+01,5.058360e+01,5.049831e+01,5.041297e+01,5.029094e+01,5.032756e+01,5.030315e+01,5.027873e+01,5.025431e+01,5.022988e+01,4.970352e+01,5.009545e+01,5.008322e+01,4.985064e+01,4.975258e+01,4.958078e+01,4.956850e+01,4.954394e+01,4.982613e+01,4.956850e+01,4.939645e+01,4.929802e+01,4.965444e+01,4.956850e+01,4.955622e+01,4.942104e+01,4.928571e+01,4.915023e+01,4.901460e+01,4.932264e+01,4.905161e+01,4.890352e+01,4.884176e+01,4.880469e+01,4.868105e+01,4.855727e+01,4.885411e+01,4.864392e+01,4.855727e+01,4.842097e+01,4.838377e+01,4.834657e+01,4.830934e+01,4.827211e+01,4.818519e+01,4.807334e+01,4.792405e+01,4.830934e+01,4.827211e+01,4.814791e+01,4.804847e+01,4.802359e+01,4.796139e+01,4.794894e+01,4.783687e+01,4.757497e+01,4.788669e+01,4.783687e+01,4.778703e+01,4.755000e+01,4.751253e+01,4.731250e+01,4.768728e+01,4.711213e+01,4.694908e+01,4.738755e+01,4.724992e+01,4.718731e+01,4.717478e+01,4.713719e+01,4.707452e+01,4.697418e+01,4.676068e+01,4.666007e+01,4.658456e+01,4.687376e+01,4.686120e+01,4.640818e+01,4.637035e+01,4.633251e+01,4.629466e+01,4.625679e+01,4.621892e+01,4.618103e+01,4.614313e+01,4.610521e+01,4.601670e+01,4.591546e+01,4.580146e+01,4.563661e+01,4.594078e+01,4.587748e+01,4.548423e+01,4.544611e+01,4.592812e+01,4.538253e+01,4.534438e+01,4.582681e+01,4.580146e+01,4.525529e+01,4.529348e+01,4.533165e+01,4.529348e+01,4.533165e+01,4.525529e+01,4.506417e+01,4.496211e+01,4.493658e+01,4.483441e+01,4.480885e+01,4.522983e+01,4.519162e+01,4.502591e+01,4.498763e+01,4.494934e+01,4.487273e+01,4.473215e+01,4.511517e+01,4.507692e+01,4.506417e+01,4.496211e+01,4.483441e+01,4.478329e+01,4.475772e+01,4.473215e+01,4.465540e+01,4.508967e+01,4.494934e+01,4.496211e+01,4.489828e+01,4.497487e+01,4.496211e+01,4.497487e+01,4.493658e+01,4.489828e+01,4.488551e+01,4.492382e+01,4.487273e+01,4.522983e+01,4.522983e+01,4.510242e+01,4.506417e+01,4.505142e+01,4.506417e+01,4.507692e+01,4.550964e+01,4.548423e+01,4.548423e+01,4.496211e+01,4.548423e+01,4.548423e+01,4.548423e+01,4.496211e+01,4.548423e+01,4.548423e+01,4.548423e+01,4.548423e+01,4.548423e+01,4.549694e+01,4.548423e+01,4.542068e+01,4.542068e+01,4.539525e+01,4.536982e+01,4.536982e+01,4.530621e+01,4.520436e+01,4.544611e+01,4.543340e+01,4.529348e+01,4.520436e+01,4.520436e+01,4.520436e+01,4.520436e+01,4.507692e+01,4.549694e+01,4.548423e+01,4.542068e+01,4.538253e+01,4.521709e+01,4.517888e+01,4.515340e+01,4.512791e+01,4.510242e+01,4.507692e+01,4.505142e+01,4.502591e+01,4.500039e+01,4.497487e+01,4.494934e+01,4.492382e+01,4.489828e+01,4.487273e+01,4.461700e+01,4.456579e+01,4.452737e+01,4.452737e+01,4.452737e+01,4.452737e+01,4.452737e+01,4.452737e+01,4.452737e+01,4.452737e+01,4.452737e+01,4.452737e+01,4.452737e+01,4.452737e+01,4.401382e+01,4.397522e+01,4.393660e+01,4.389796e+01,4.389796e+01,4.385932e+01,4.382066e+01,4.374331e+01,4.362718e+01,4.309667e+01,4.292796e+01,4.292796e+01,4.283701e+01,4.253766e+01,4.253766e+01,4.253766e+01,4.253766e+01,4.253766e+01,4.192353e+01,4.180556e+01,4.180556e+01,4.180556e+01,4.180556e+01,4.159552e+01,4.097630e+01,4.079120e+01,4.110833e+01,4.106874e+01,4.106874e+01,4.059254e+01,4.040681e+01,4.076473e+01,4.020747e+01,4.020747e+01,4.020747e+01,4.020747e+01,4.020747e+01,4.003443e+01,3.994115e+01,3.928597e+01,3.916521e+01,3.920548e+01,3.924573e+01,3.928597e+01,3.877522e+01,3.858646e+01,3.838387e+01,3.826213e+01,3.828920e+01,3.828920e+01,3.793685e+01,3.774666e+01,3.777385e+01,3.780103e+01,3.726975e+01,3.713311e+01,3.705105e+01,3.705105e+01,3.705105e+01,3.705105e+01,3.705105e+01,3.705105e+01,3.632347e+01,3.632347e+01,3.632347e+01,3.632347e+01,3.632347e+01,3.632347e+01,3.632347e+01,3.632347e+01,3.578498e+01,3.578498e+01,3.578498e+01,3.578498e+01,3.578498e+01,3.521599e+01,3.522990e+01,3.522990e+01,3.522990e+01,3.522990e+01,3.522990e+01,3.522990e+01,3.522990e+01,3.522990e+01,3.467197e+01,3.467197e+01,3.467197e+01,3.467197e+01,3.467197e+01,3.467197e+01,3.467197e+01,3.467197e+01,3.467197e+01,3.409708e+01,3.411113e+01,3.468595e+01,3.408302e+01,3.465798e+01,3.404082e+01,3.461602e+01,3.463000e+01,3.399862e+01,3.457403e+01,3.401268e+01,3.401268e+01,3.401268e+01,3.458803e+01,3.402676e+01,3.402676e+01,3.460202e+01,3.402676e+01,3.402676e+01,3.402676e+01,3.402676e+01,3.402676e+01,3.402676e+01,3.402676e+01,3.402676e+01,3.402676e+01,3.402676e+01,3.402676e+01,3.402676e+01,3.460202e+01,3.458803e+01,3.465798e+01,3.471391e+01,3.471391e+01,3.471391e+01,3.471391e+01,3.471391e+01,3.471391e+01,3.471391e+01,3.471391e+01,3.471391e+01,3.529944e+01,3.529944e+01,3.529944e+01,3.529944e+01,3.529944e+01,3.529944e+01,3.529944e+01,3.529944e+01,3.529944e+01,3.529944e+01,3.529944e+01,3.529944e+01,3.529944e+01,3.529944e+01,3.529944e+01,3.529944e+01,3.529944e+01,3.529944e+01,3.529944e+01,3.529944e+01,3.529944e+01,3.529944e+01,3.529944e+01,3.529944e+01,3.529944e+01,3.529944e+01,3.529944e+01,3.529944e+01,3.529944e+01,3.529944e+01,3.529944e+01,3.529944e+01,3.529944e+01,3.529944e+01,3.529944e+01,3.529944e+01,3.529944e+01,3.529944e+01,3.529944e+01,3.529944e+01,3.529944e+01,3.529944e+01,3.529944e+01,3.529944e+01,3.529944e+01,3.529944e+01,3.529944e+01,3.529944e+01,3.529944e+01,3.529944e+01,3.529944e+01,3.529944e+01,3.529944e+01,3.529944e+01,3.529944e+01,3.529944e+01,3.529944e+01,3.529944e+01,3.529944e+01,3.529944e+01,3.529944e+01,3.529944e+01,3.529944e+01,3.529944e+01,3.529944e+01,3.529944e+01,3.529944e+01,3.529944e+01,3.529944e+01,3.529944e+01,3.529944e+01,3.529944e+01,3.529944e+01,3.529944e+01,3.529944e+01,3.529944e+01,3.529944e+01,3.529944e+01,3.529944e+01,3.529944e+01,3.529944e+01,3.529944e+01,3.529944e+01,3.529944e+01,3.529944e+01,3.529944e+01,3.529944e+01,3.529944e+01,3.529944e+01,3.529944e+01,3.529944e+01,3.529944e+01,3.529944e+01,3.529944e+01,3.529944e+01,3.529944e+01,3.529944e+01,3.529944e+01,3.529944e+01,3.529944e+01,3.529944e+01,3.529944e+01,3.529944e+01,3.529944e+01,3.529944e+01,3.529944e+01,3.529944e+01,3.529944e+01,3.529944e+01,3.529944e+01,3.560489e+01,3.560489e+01,3.560489e+01,3.560489e+01
3.437789e+01,3.437789e+01,3.437789e+01,3.437789e+01,3.437789e+01,3.437789e+01,3.437789e+01,3.380142e+01,3.412519e+01,3.413924e+01,3.415330e+01,3.415330e+01,3.415330e+01,3.415330e+01,3.472789e+01,3.471391e+01,3.471391e+01,3.471391e+01,3.471391e+01,3.471391e+01,3.471391e+01,3.471391e+01,3.528554e+01,3.535504e+01,3.543839e+01,3.543839e+01,3.543839e+01,3.543839e+01,3.543839e+01,3.543839e+01,3.543839e+01,3.543839e+01,3.543839e+01,3.589566e+01,3.589566e+01,3.589566e+01,3.589566e+01,3.589566e+01,3.646112e+01,3.644736e+01,3.644736e+01,3.644736e+01,3.644736e+01,3.644736e+01,3.699631e+01,3.699631e+01,3.699631e+01,3.780103e+01,3.793685e+01,3.780103e+01,3.861345e+01,3.861345e+01,3.916521e+01,3.917863e+01,3.917863e+01,3.917863e+01,3.987447e+01,3.987447e+01,3.987447e+01,4.042009e+01,4.055276e+01,4.055276e+01,4.055276e+01,4.109513e+01,4.105554e+01,4.159552e+01,4.158238e+01,4.164807e+01,4.171371e+01,4.185801e+01,4.248552e+01,4.257675e+01,4.247248e+01,4.253766e+01,4.270695e+01,4.325219e+01,4.338164e+01,4.342044e+01,4.342044e+01,4.342044e+01,4.394947e+01,4.392372e+01,4.392372e+01,4.445048e+01,4.443766e+01,4.443766e+01,4.443766e+01,4.443766e+01,4.496211e+01,4.492382e+01,4.492382e+01,4.492382e+01,4.525529e+01,4.525529e+01,4.525529e+01,4.577612e+01,4.583948e+01,4.587748e+01,4.587748e+01,4.587748e+01,4.587748e+01,4.639558e+01,4.645860e+01,4.649640e+01,4.649640e+01,4.649640e+01,4.649640e+01,4.649640e+01,4.701182e+01,4.699928e+01,4.699928e+01,4.751253e+01,4.750004e+01,4.750004e+01,4.801115e+01,4.803603e+01,4.802359e+01,4.853250e+01,4.855727e+01,4.875525e+01,4.908860e+01,4.907627e+01,4.903927e+01,4.966671e+01,4.965444e+01,4.961762e+01,4.967898e+01,5.026652e+01,5.020545e+01,5.068100e+01,5.013213e+01,5.019323e+01,5.026652e+01,5.076616e+01,5.063231e+01,5.059578e+01,5.059578e+01,5.059578e+01,5.059578e+01,5.059578e+01,5.059578e+01,5.059578e+01,5.059578e+01,5.059578e+01,5.059578e+01,5.059578e+01,5.059578e+01,5.072967e+01,5.071750e+01,5.071750e+01,5.071750e+01,5.071750e+01,5.088771e+01,5.123954e+01,5.117896e+01,5.111834e+01,5.113046e+01,5.111834e+01,5.100914e+01,5.089986e+01,5.137273e+01,5.134853e+01,5.131221e+01,5.120319e+01,5.139693e+01,5.138484e+01,5.125166e+01,5.111834e+01,5.098487e+01,5.134853e+01,5.121531e+01,5.115471e+01,5.114259e+01,5.104555e+01,5.094844e+01,5.134853e+01,5.128799e+01,5.127588e+01,5.115471e+01,5.108195e+01,5.100914e+01,5.093630e+01,5.136063e+01,5.123954e+01,5.111834e+01,5.099701e+01,5.098487e+01,5.085126e+01,5.077832e+01,5.066883e+01,5.068100e+01,5.116683e+01,5.059578e+01,5.058360e+01,5.046174e+01,5.054705e+01,5.100914e+01,5.043736e+01,5.021767e+01,5.063231e+01,5.038857e+01,5.030315e+01,5.026652e+01,5.025431e+01,5.051050e+01,5.026652e+01,5.015657e+01,5.013213e+01,5.047393e+01,4.989964e+01,5.029094e+01,5.008322e+01,4.987514e+01,4.972805e+01,4.971579e+01,4.954394e+01,4.982613e+01,4.970352e+01,4.960534e+01,4.942104e+01,4.928571e+01,4.926109e+01,4.949480e+01,4.935955e+01,4.917488e+01,4.908860e+01,4.900227e+01,4.942104e+01,4.933494e+01,4.869342e+01,4.903927e+01,4.887882e+01,4.885411e+01,4.876761e+01,4.859442e+01,4.844577e+01,4.845816e+01,4.834657e+01,4.837137e+01,4.817276e+01,4.845816e+01,4.843337e+01,4.833416e+01,4.823487e+01,4.794894e+01,4.794894e+01,4.824728e+01,4.823487e+01,4.774963e+01,4.812306e+01,4.808577e+01,4.789914e+01,4.778703e+01,4.772470e+01,4.763738e+01,4.752502e+01,4.788669e+01,4.763738e+01,4.750004e+01,4.742506e+01,4.740005e+01,4.727495e+01,4.691143e+01,4.735003e+01,4.728747e+01,4.671038e+01,4.714972e+01,4.708706e+01,4.702436e+01,4.696163e+01,4.689887e+01,4.678581e+01,4.666007e+01,4.652160e+01,4.635774e+01,4.633251e+01,4.621892e+01,4.644600e+01,4.644600e+01,4.638297e+01,4.644600e+01,4.644600e+01,4.591546e+01,4.626942e+01,4.634513e+01,4.580146e+01,4.576344e+01,4.568736e+01,4.572541e+01,4.568736e+01,4.545882e+01,4.591546e+01,4.585214e+01,4.571273e+01,4.572541e+01,4.571273e+01,4.563661e+01,4.543340e+01,4.544611e+01,4.536982e+01,4.525529e+01,4.570004e+01,4.567467e+01,4.559853e+01,4.554774e+01,4.540797e+01,4.576344e+01,4.568736e+01,4.563661e+01,4.558584e+01,4.554774e+01,4.553505e+01,4.536982e+01,4.534438e+01,4.533165e+01,4.530621e+01,4.534438e+01,4.539525e+01,4.533165e+01,4.534438e+01,4.582681e+01,4.581414e+01,4.576344e+01,4.573809e+01,4.572541e+01,4.558584e+01,4.553505e+01,4.550964e+01,4.549694e+01,4.553505e+01,4.604200e+01,4.600405e+01,4.589014e+01,4.600405e+01,4.600405e+01,4.599140e+01,4.587748e+01,4.600405e+01,4.600405e+01,4.599140e+01,4.597874e+01,4.596609e+01,4.595344e+01,4.594078e+01,4.591546e+01,4.583948e+01,4.582681e+01,4.637035e+01,4.633251e+01,4.580146e+01,4.623154e+01,4.611785e+01,4.610521e+01,4.607993e+01,4.592812e+01,4.582681e+01,4.581414e+01,4.580146e+01,4.578879e+01,4.570004e+01,4.570004e+01,4.570004e+01,4.570004e+01,4.570004e+01,4.570004e+01,4.570004e+01,4.570004e+01,4.570004e+01,4.570004e+01,4.570004e+01,4.570004e+01,4.570004e+01,4.570004e+01,4.570004e+01,4.547152e+01,4.543340e+01,4.539525e+01,4.535710e+01,4.508967e+01,4.554774e+01,4.550964e+01,4.498763e+01,4.497487e+01,4.496211e+01,4.494934e+01,4.493658e+01,4.500039e+01,4.498763e+01,4.497487e+01,4.496211e+01,4.494934e+01,4.483441e+01,4.450174e+01,4.445048e+01,4.439919e+01,4.434788e+01,4.433505e+01,4.428371e+01,4.423236e+01,4.421951e+01,4.398809e+01,4.364009e+01,4.345923e+01,4.344630e+01,4.326514e+01,4.299288e+01,4.297990e+01,4.296691e+01,4.295393e+01,4.285000e+01,4.242032e+01,4.228979e+01,4.227673e+01,4.226367e+01,4.171371e+01,4.146405e+01,4.126657e+01,4.116110e+01,4.114791e+01,4.114791e+01,4.114791e+01,4.114791e+01,4.114791e+01,4.114791e+01,4.075150e+01,4.072502e+01,4.069854e+01,4.012764e+01,4.012764e+01,4.012764e+01,4.012764e+01,3.983444e+01,3.967419e+01,3.963409e+01,3.915179e+01,3.905777e+01,3.907120e+01,3.893676e+01,3.878869e+01,3.872132e+01,3.868088e+01,3.807250e+01,3.809961e+01,3.809961e+01,3.809961e+01,3.809961e+01,3.782821e+01,3.765144e+01,3.752890e+01,3.692784e+01,3.692784e+01,3.692784e+01,3.692784e+01,3.692784e+01,3.692784e+01,3.692784e+01,3.632347e+01,3.632347e+01,3.632347e+01,3.632347e+01,3.632347e+01,3.632347e+01,3.632347e+01,3.632347e+01,3.578498e+01,3.578498e+01,3.578498e+01,3.578498e+01,3.578498e+01,3.522990e+01,3.522990e+01,3.522990e+01,3.522990e+01,3.522990e+01,3.522990e+01,3.522990e+01,3.522990e+01,3.467197e+01,3.467197e+01,3.467197e+01,3.467197e+01,3.467197e+01,3.467197e+01,3.467197e+01,3.467197e+01,3.467197e+01,3.467197e+01,3.467197e+01,3.408302e+01,3.432179e+01,3.413924e+01,3.430776e+01,3.425162e+01,3.467197e+01,3.460202e+01,3.434985e+01,3.440593e+01,3.447601e+01,3.451803e+01,3.433582e+01,3.440593e+01,3.449002e+01,3.433582e+01,3.439191e+01,3.444798e+01,3.450402e+01,3.387189e+01,3.387189e+01,3.387189e+01,3.387189e+01,3.387189e+01,3.444798e+01,3.450402e+01,3.454603e+01,3.460202e+01,3.460202e+01,3.460202e+01,3.460202e+01,3.460202e+01,3.460202e+01,3.460202e+01,3.460202e+01,3.460202e+01,3.517424e+01,3.510462e+01,3.517424e+01,3.529944e+01,3.529944e+01,3.529944e+01,3.529944e+01,3.529944e+01,3.529944e+01,3.529944e+01,3.529944e+01,3.529944e+01,3.529944e+01,3.586800e+01,3.522990e+01,3.522990e+01,3.579882e+01,3.571575e+01,3.577114e+01,3.568805e+01,3.574345e+01,3.579882e+01,3.571575e+01,3.520207e+01,3.520207e+01,3.520207e+01,3.520207e+01,3.520207e+01,3.520207e+01,3.520207e+01,3.520207e+01,3.520207e+01,3.520207e+01,3.520207e+01,3.520207e+01,3.520207e+01,3.520207e+01,3.520207e+01,3.520207e+01,3.520207e+01,3.520207e+01,3.520207e+01,3.520207e+01,3.520207e+01,3.520207e+01,3.520207e+01,3.520207e+01,3.520207e+01,3.520207e+01,3.520207e+01,3.520207e+01,3.520207e+01,3.520207e+01,3.520207e+01,3.520207e+01,3.520207e+01,3.520207e+01,3.520207e+01,3.520207e+01,3.520207e+01,3.520207e+01,3.520207e+01,3.520207e+01,3.520207e+01,3.520207e+01,3.520207e+01,3.520207e+01,3.520207e+01,3.520207e+01,3.520207e+01,3.520207e+01,3.520207e+01,3.520207e+01,3.520207e+01,3.520207e+01,3.520207e+01,3.520207e+01,3.520207e+01,3.520207e+01,3.520207e+01,3.520207e+01,3.520207e+01,3.520207e+01,3.520207e+01,3.520207e+01,3.520207e+01,3.520207e+01,3.520207e+01,3.520207e+01,3.520207e+01,3.520207e+01,3.520207e+01,3.520207e+01,3.520207e+01,3.520207e+01,3.520207e+01,3.520207e+01,3.520207e+01,3.520207e+01,3.577114e+01,3.568805e+01,3.516032e+01,3.572960e+01,3.518816e+01,3.575729e+01,3.567419e+01,3.570190e+01,3.572960e+01,3.575729e+01,3.567419e+01,3.570190e+01,3.572960e+01,3.581266e+01,3.578498e+01,3.578498e+01,3.578498e+01,3.578498e+01
3.437789e+01,3.437789e+01,3.437789e+01,3.437789e+01,3.437789e+01,3.437789e+01,3.437789e+01,3.437789e+01,3.437789e+01,3.437789e+01,3.437789e+01,3.437789e+01,3.437789e+01,3.437789e+01,3.437789e+01,3.437789e+01,3.437789e+01,3.471391e+01,3.471391e+01,3.471391e+01,3.471391e+01,3.471391e+01,3.528554e+01,3.528554e+01,3.528554e+01,3.528554e+01,3.528554e+01,3.528554e+01,3.528554e+01,3.528554e+01,3.585417e+01,3.588183e+01,3.595095e+01,3.595095e+01,3.595095e+01,3.595095e+01,3.595095e+01,3.595095e+01,3.646112e+01,3.646112e+01,3.646112e+01,3.646112e+01,3.646112e+01,3.702368e+01,3.702368e+01,3.702368e+01,3.758338e+01,3.780103e+01,3.780103e+01,3.835683e+01,3.861345e+01,3.874828e+01,3.886948e+01,3.885602e+01,3.937980e+01,3.951371e+01,3.978105e+01,3.978105e+01,4.032712e+01,4.042009e+01,4.096309e+01,4.097630e+01,4.104234e+01,4.109513e+01,4.118748e+01,4.130609e+01,4.183178e+01,4.183178e+01,4.183178e+01,4.236813e+01,4.248552e+01,4.248552e+01,4.248552e+01,4.301883e+01,4.305776e+01,4.316150e+01,4.316150e+01,4.316150e+01,4.369171e+01,4.375620e+01,4.385932e+01,4.385932e+01,4.385932e+01,4.392372e+01,4.452737e+01,4.452737e+01,4.452737e+01,4.452737e+01,4.496211e+01,4.496211e+01,4.496211e+01,4.548423e+01,4.545882e+01,4.545882e+01,4.545882e+01,4.577612e+01,4.577612e+01,4.577612e+01,4.577612e+01,4.629466e+01,4.633251e+01,4.639558e+01,4.639558e+01,4.639558e+01,4.639558e+01,4.691143e+01,4.682351e+01,4.688631e+01,4.692398e+01,4.692398e+01,4.743756e+01,4.751253e+01,4.751253e+01,4.802359e+01,4.802359e+01,4.802359e+01,4.853250e+01,4.853250e+01,4.903927e+01,4.903927e+01,4.907627e+01,4.907627e+01,4.958078e+01,4.966671e+01,4.966671e+01,5.016879e+01,5.020545e+01,5.026652e+01,5.082695e+01,5.076616e+01,5.098487e+01,5.089986e+01,5.093630e+01,5.093630e+01,5.093630e+01,5.093630e+01,5.093630e+01,5.093630e+01,5.093630e+01,5.093630e+01,5.093630e+01,5.109408e+01,5.100914e+01,5.142113e+01,5.134853e+01,5.127588e+01,5.120319e+01,5.162661e+01,5.154205e+01,5.146951e+01,5.139693e+01,5.132432e+01,5.132432e+01,5.130010e+01,5.130010e+01,5.179558e+01,5.172319e+01,5.163869e+01,5.145742e+01,5.138484e+01,5.187997e+01,5.178352e+01,5.167491e+01,5.156621e+01,5.156621e+01,5.206063e+01,5.185587e+01,5.165076e+01,5.201248e+01,5.198840e+01,5.178352e+01,5.165076e+01,5.156621e+01,5.189202e+01,5.183175e+01,5.184381e+01,5.172319e+01,5.165076e+01,5.152996e+01,5.195227e+01,5.181969e+01,5.178352e+01,5.179558e+01,5.161454e+01,5.198840e+01,5.180764e+01,5.173526e+01,5.154205e+01,5.190408e+01,5.177145e+01,5.180764e+01,5.180764e+01,5.134853e+01,5.128799e+01,5.111834e+01,5.115471e+01,5.159038e+01,5.113046e+01,5.144532e+01,5.140903e+01,5.111834e+01,5.098487e+01,5.089986e+01,5.089986e+01,5.087556e+01,5.114259e+01,5.098487e+01,5.097273e+01,5.096059e+01,5.088771e+01,5.086341e+01,5.060796e+01,5.035197e+01,5.065665e+01,5.059578e+01,5.043736e+01,5.041297e+01,5.024210e+01,5.009545e+01,5.036417e+01,5.019323e+01,5.013213e+01,5.009545e+01,4.992413e+01,4.970352e+01,5.008322e+01,4.954394e+01,4.955622e+01,4.933494e+01,4.932264e+01,4.980162e+01,4.961762e+01,4.956850e+01,4.945792e+01,4.926109e+01,4.908860e+01,4.906394e+01,4.892821e+01,4.890352e+01,4.922415e+01,4.921183e+01,4.916256e+01,4.903927e+01,4.885411e+01,4.859442e+01,4.861917e+01,4.860680e+01,4.849534e+01,4.856965e+01,4.855727e+01,4.849534e+01,4.879233e+01,4.866867e+01,4.859442e+01,4.849534e+01,4.840858e+01,4.839618e+01,4.813549e+01,4.798627e+01,4.789914e+01,4.786179e+01,4.816034e+01,4.781195e+01,4.782441e+01,4.764986e+01,4.772470e+01,4.773717e+01,4.766233e+01,4.758746e+01,4.751253e+01,4.743756e+01,4.731250e+01,4.717478e+01,4.702436e+01,4.684864e+01,4.732501e+01,4.719983e+01,4.718731e+01,4.717478e+01,4.709959e+01,4.708706e+01,4.697418e+01,4.697418e+01,4.696163e+01,4.684864e+01,4.642079e+01,4.637035e+01,4.628204e+01,4.626942e+01,4.621892e+01,4.654679e+01,4.655938e+01,4.648381e+01,4.633251e+01,4.631990e+01,4.629466e+01,4.620629e+01,4.650900e+01,4.599140e+01,4.590280e+01,4.583948e+01,4.637035e+01,4.581414e+01,4.581414e+01,4.581414e+01,4.581414e+01,4.633251e+01,4.623154e+01,4.615576e+01,4.607993e+01,4.601670e+01,4.597874e+01,4.630728e+01,4.626942e+01,4.624417e+01,4.620629e+01,4.619366e+01,4.618103e+01,4.610521e+01,4.615576e+01,4.618103e+01,4.619366e+01,4.616840e+01,4.616840e+01,4.614313e+01,4.650900e+01,4.644600e+01,4.640818e+01,4.638297e+01,4.643340e+01,4.645860e+01,4.640818e+01,4.631990e+01,4.630728e+01,4.633251e+01,4.634513e+01,4.677325e+01,4.676068e+01,4.674810e+01,4.672296e+01,4.669781e+01,4.667265e+01,4.664749e+01,4.662232e+01,4.658456e+01,4.649640e+01,4.653419e+01,4.655938e+01,4.638297e+01,4.667265e+01,4.669781e+01,4.657197e+01,4.654679e+01,4.650900e+01,4.634513e+01,4.674810e+01,4.673553e+01,4.672296e+01,4.671038e+01,4.662232e+01,4.662232e+01,4.662232e+01,4.662232e+01,4.662232e+01,4.610521e+01,4.614313e+01,4.664749e+01,4.613049e+01,4.611785e+01,4.610521e+01,4.614313e+01,4.613049e+01,4.611785e+01,4.610521e+01,4.591546e+01,4.586481e+01,4.581414e+01,4.570004e+01,4.595344e+01,4.597874e+01,4.582681e+01,4.548423e+01,4.545882e+01,4.595344e+01,4.594078e+01,4.540797e+01,4.591546e+01,4.590280e+01,4.536982e+01,4.539525e+01,4.536982e+01,4.517888e+01,4.548423e+01,4.489828e+01,4.482163e+01,4.474494e+01,4.477051e+01,4.469378e+01,4.468099e+01,4.464260e+01,4.433505e+01,4.411671e+01,4.391084e+01,4.387220e+01,4.361427e+01,4.347216e+01,4.343337e+01,4.339457e+01,4.335576e+01,4.261583e+01,4.323924e+01,4.308371e+01,4.251160e+01,4.235508e+01,4.210681e+01,4.189733e+01,4.166120e+01,4.159552e+01,4.154295e+01,4.158238e+01,4.154295e+01,4.104234e+01,4.104234e+01,4.104234e+01,4.104234e+01,4.104234e+01,4.104234e+01,4.067204e+01,4.063230e+01,4.059254e+01,3.996781e+01,3.999446e+01,3.999446e+01,3.999446e+01,3.970091e+01,3.956723e+01,3.897711e+01,3.897711e+01,3.897711e+01,3.897711e+01,3.897711e+01,3.862694e+01,3.858646e+01,3.854597e+01,3.850547e+01,3.797756e+01,3.797756e+01,3.765144e+01,3.737894e+01,3.724244e+01,3.726975e+01,3.729706e+01,3.732436e+01,3.679078e+01,3.679078e+01,3.679078e+01,3.679078e+01,3.679078e+01,3.632347e+01,3.632347e+01,3.632347e+01,3.632347e+01,3.632347e+01,3.632347e+01,3.578498e+01,3.578498e+01,3.578498e+01,3.578498e+01,3.578498e+01,3.578498e+01,3.578498e+01,3.522990e+01,3.522990e+01,3.522990e+01,3.522990e+01,3.522990e+01,3.522990e+01,3.467197e+01,3.467197e+01,3.467197e+01,3.467197e+01,3.467197e+01,3.467197e+01,3.467197e+01,3.467197e+01,3.467197e+01,3.467197e+01,3.467197e+01,3.467197e+01,3.432179e+01,3.432179e+01,3.432179e+01,3.432179e+01,3.432179e+01,3.432179e+01,3.432179e+01,3.432179e+01,3.432179e+01,3.432179e+01,3.432179e+01,3.432179e+01,3.432179e+01,3.432179e+01,3.432179e+01,3.432179e+01,3.432179e+01,3.432179e+01,3.432179e+01,3.432179e+01,3.432179e+01,3.432179e+01,3.432179e+01,3.432179e+01,3.432179e+01,3.432179e+01,3.432179e+01,3.489548e+01,3.490944e+01,3.492339e+01,3.436387e+01,3.493734e+01,3.493734e+01,3.500707e+01,3.507676e+01,3.507676e+01,3.507676e+01,3.507676e+01,3.507676e+01,3.507676e+01,3.507676e+01,3.507676e+01,3.564648e+01,3.564648e+01,3.564648e+01,3.564648e+01,3.571575e+01,3.575729e+01,3.554942e+01,3.561876e+01,3.570190e+01,3.570190e+01,3.570190e+01,3.570190e+01,3.570190e+01,3.570190e+01,3.570190e+01,3.570190e+01,3.570190e+01,3.570190e+01,3.570190e+01,3.520207e+01,3.520207e+01,3.520207e+01,3.520207e+01,3.520207e+01,3.520207e+01,3.520207e+01,3.520207e+01,3.520207e+01,3.520207e+01,3.520207e+01,3.520207e+01,3.520207e+01,3.520207e+01,3.520207e+01,3.520207e+01,3.520207e+01,3.520207e+01,3.520207e+01,3.520207e+01,3.520207e+01,3.520207e+01,3.520207e+01,3.520207e+01,3.520207e+01,3.520207e+01,3.520207e+01,3.520207e+01,3.520207e+01,3.520207e+01,3.520207e+01,3.520207e+01,3.520207e+01,3.520207e+01,3.520207e+01,3.520207e+01,3.520207e+01,3.520207e+01,3.520207e+01,3.520207e+01,3.520207e+01,3.520207e+01,3.520207e+01,3.520207e+01,3.520207e+01,3.520207e+01,3.520207e+01,3.520207e+01,3.520207e+01,3.520207e+01,3.520207e+01,3.520207e+01,3.520207e+01,3.520207e+01,3.520207e+01,3.520207e+01,3.520207e+01,3.520207e+01,3.520207e+01,3.520207e+01,3.520207e+01,3.520207e+01,3.520207e+01,3.520207e+01,3.520207e+01,3.520207e+01,3.520207e+01,3.520207e+01,3.520207e+01,3.520207e+01,3.520207e+01,3.577114e+01,3.579882e+01,3.556329e+01,3.550779e+01,3.561876e+01,3.553555e+01,3.566034e+01,3.566034e+01,3.566034e+01,3.566034e+01,3.566034e+01,3.566034e+01,3.566034e+01,3.566034e+01,3.566034e+01,3.566034e+01,3.566034e+01,3.566034e+01,3.566034e+01
3.437789e+01,3.437789e+01,3.437789e+01,3.437789e+01,3.437789e+01,3.437789e+01,3.437789e+01,3.437789e+01,3.437789e+01,3.437789e+01,3.437789e+01,3.437789e+01,3.437789e+01,3.437789e+01,3.437789e+01,3.437789e+01,3.495129e+01,3.493734e+01,3.493734e+01,3.493734e+01,3.493734e+01,3.493734e+01,3.493734e+01,3.528554e+01,3.528554e+01,3.528554e+01,3.528554e+01,3.528554e+01,3.528554e+01,3.585417e+01,3.588183e+01,3.588183e+01,3.588183e+01,3.588183e+01,3.588183e+01,3.588183e+01,3.588183e+01,3.588183e+01,3.588183e+01,3.589566e+01,3.650238e+01,3.650238e+01,3.650238e+01,3.650238e+01,3.702368e+01,3.717413e+01,3.782821e+01,3.782821e+01,3.782821e+01,3.835683e+01,3.890985e+01,3.890985e+01,3.890985e+01,3.890985e+01,3.937980e+01,3.937980e+01,3.978105e+01,3.992781e+01,4.003443e+01,4.079120e+01,4.087056e+01,4.087056e+01,4.087056e+01,4.141142e+01,4.141142e+01,4.155610e+01,4.154295e+01,4.208064e+01,4.222448e+01,4.227673e+01,4.227673e+01,4.281101e+01,4.287599e+01,4.292796e+01,4.292796e+01,4.345923e+01,4.344630e+01,4.351093e+01,4.360136e+01,4.412957e+01,4.411671e+01,4.411671e+01,4.411671e+01,4.411671e+01,4.452737e+01,4.452737e+01,4.505142e+01,4.510242e+01,4.512791e+01,4.512791e+01,4.512791e+01,4.548423e+01,4.548423e+01,4.548423e+01,4.600405e+01,4.599140e+01,4.599140e+01,4.599140e+01,4.599140e+01,4.629466e+01,4.629466e+01,4.629466e+01,4.629466e+01,4.681095e+01,4.686120e+01,4.693653e+01,4.693653e+01,4.693653e+01,4.745005e+01,4.750004e+01,4.752502e+01,4.803603e+01,4.808577e+01,4.811063e+01,4.811063e+01,4.861917e+01,4.864392e+01,4.928571e+01,4.931033e+01,4.929802e+01,4.928571e+01,4.993638e+01,4.996087e+01,4.994862e+01,5.000982e+01,5.008322e+01,5.058360e+01,5.064448e+01,5.074183e+01,5.074183e+01,5.123954e+01,5.114259e+01,5.114259e+01,5.114259e+01,5.114259e+01,5.163869e+01,5.159038e+01,5.154205e+01,5.149369e+01,5.144532e+01,5.139693e+01,5.184381e+01,5.180764e+01,5.183175e+01,5.171112e+01,5.162661e+01,5.161454e+01,5.214484e+01,5.201248e+01,5.189202e+01,5.177145e+01,5.168699e+01,5.167491e+01,5.213282e+01,5.218092e+01,5.221698e+01,5.209673e+01,5.200044e+01,5.230109e+01,5.227707e+01,5.231310e+01,5.216889e+01,5.255308e+01,5.239715e+01,5.244515e+01,5.248114e+01,5.272079e+01,5.254110e+01,5.252911e+01,5.246914e+01,5.222900e+01,5.255308e+01,5.249313e+01,5.248114e+01,5.239715e+01,5.237314e+01,5.272079e+01,5.263697e+01,5.256507e+01,5.260102e+01,5.245715e+01,5.240915e+01,5.239715e+01,5.273277e+01,5.224102e+01,5.256507e+01,5.248114e+01,5.232511e+01,5.231310e+01,5.216889e+01,5.215687e+01,5.203656e+01,5.233712e+01,5.226505e+01,5.208469e+01,5.213282e+01,5.208469e+01,5.214484e+01,5.213282e+01,5.201248e+01,5.174733e+01,5.209673e+01,5.198840e+01,5.198840e+01,5.200044e+01,5.198840e+01,5.183175e+01,5.181969e+01,5.180764e+01,5.173526e+01,5.162661e+01,5.137273e+01,5.115471e+01,5.114259e+01,5.108195e+01,5.142113e+01,5.091201e+01,5.123954e+01,5.113046e+01,5.111834e+01,5.096059e+01,5.091201e+01,5.038857e+01,5.072967e+01,5.054705e+01,5.053487e+01,5.010767e+01,5.010767e+01,5.038857e+01,5.042516e+01,5.046174e+01,5.029094e+01,5.025431e+01,5.015657e+01,4.997311e+01,4.981388e+01,4.980162e+01,4.967898e+01,4.969125e+01,4.967898e+01,4.967898e+01,4.964217e+01,4.953165e+01,4.976484e+01,4.953165e+01,4.954394e+01,4.954394e+01,4.944563e+01,4.945792e+01,4.945792e+01,4.943334e+01,4.891587e+01,4.891587e+01,4.891587e+01,4.891587e+01,4.891587e+01,4.891587e+01,4.891587e+01,4.891587e+01,4.891587e+01,4.837137e+01,4.886647e+01,4.854489e+01,4.855727e+01,4.839618e+01,4.840858e+01,4.842097e+01,4.835897e+01,4.829693e+01,4.823487e+01,4.817276e+01,4.806091e+01,4.793649e+01,4.779949e+01,4.767481e+01,4.771223e+01,4.761242e+01,4.761242e+01,4.761242e+01,4.755000e+01,4.755000e+01,4.745005e+01,4.746255e+01,4.746255e+01,4.723740e+01,4.750004e+01,4.694908e+01,4.737504e+01,4.737504e+01,4.736254e+01,4.733752e+01,4.683607e+01,4.678581e+01,4.666007e+01,4.667265e+01,4.667265e+01,4.666007e+01,4.664749e+01,4.693653e+01,4.684864e+01,4.683607e+01,4.678581e+01,4.686120e+01,4.686120e+01,4.686120e+01,4.691143e+01,4.694908e+01,4.684864e+01,4.677325e+01,4.669781e+01,4.663491e+01,4.663491e+01,4.660974e+01,4.659715e+01,4.659715e+01,4.658456e+01,4.659715e+01,4.712466e+01,4.704945e+01,4.704945e+01,4.704945e+01,4.704945e+01,4.702436e+01,4.702436e+01,4.703690e+01,4.701182e+01,4.694908e+01,4.691143e+01,4.688631e+01,4.688631e+01,4.688631e+01,4.683607e+01,4.726244e+01,4.726244e+01,4.727495e+01,4.732501e+01,4.736254e+01,4.736254e+01,4.736254e+01,4.735003e+01,4.733752e+01,4.732501e+01,4.731250e+01,4.729998e+01,4.727495e+01,4.719983e+01,4.721236e+01,4.722488e+01,4.708706e+01,4.706199e+01,4.709959e+01,4.752502e+01,4.751253e+01,4.748754e+01,4.736254e+01,4.733752e+01,4.733752e+01,4.733752e+01,4.733752e+01,4.726244e+01,4.727495e+01,4.728747e+01,4.729998e+01,4.718731e+01,4.731250e+01,4.679838e+01,4.726244e+01,4.688631e+01,4.688631e+01,4.688631e+01,4.689887e+01,4.689887e+01,4.689887e+01,4.689887e+01,4.672296e+01,4.668523e+01,4.664749e+01,4.654679e+01,4.655938e+01,4.657197e+01,4.634513e+01,4.654679e+01,4.605464e+01,4.609257e+01,4.643340e+01,4.595344e+01,4.599140e+01,4.634513e+01,4.595344e+01,4.596609e+01,4.595344e+01,4.580146e+01,4.578879e+01,4.539525e+01,4.533165e+01,4.526802e+01,4.528075e+01,4.521709e+01,4.521709e+01,4.510242e+01,4.483441e+01,4.462980e+01,4.443766e+01,4.388509e+01,4.388509e+01,4.388509e+01,4.388509e+01,4.388509e+01,4.335576e+01,4.347216e+01,4.351093e+01,4.322629e+01,4.296691e+01,4.281101e+01,4.256372e+01,4.235508e+01,4.211989e+01,4.205447e+01,4.200212e+01,4.200212e+01,4.183178e+01,4.152981e+01,4.152981e+01,4.152981e+01,4.098951e+01,4.098951e+01,4.098951e+01,4.098951e+01,4.098951e+01,4.059254e+01,4.028725e+01,4.034040e+01,3.984778e+01,3.982109e+01,3.986113e+01,3.958060e+01,3.931279e+01,3.935300e+01,3.939320e+01,3.888294e+01,3.885602e+01,3.878869e+01,3.878869e+01,3.823506e+01,3.816735e+01,3.807250e+01,3.804538e+01,3.788254e+01,3.737894e+01,3.737894e+01,3.737894e+01,3.737894e+01,3.681820e+01,3.674962e+01,3.731071e+01,3.673590e+01,3.673590e+01,3.673590e+01,3.673590e+01,3.673590e+01,3.673590e+01,3.632347e+01,3.632347e+01,3.632347e+01,3.578498e+01,3.578498e+01,3.578498e+01,3.578498e+01,3.578498e+01,3.578498e+01,3.578498e+01,3.578498e+01,3.578498e+01,3.522990e+01,3.522990e+01,3.522990e+01,3.522990e+01,3.522990e+01,3.522990e+01,3.467197e+01,3.467197e+01,3.467197e+01,3.467197e+01,3.467197e+01,3.467197e+01,3.467197e+01,3.467197e+01,3.467197e+01,3.467197e+01,3.467197e+01,3.467197e+01,3.467197e+01,3.467197e+01,3.432179e+01,3.432179e+01,3.432179e+01,3.432179e+01,3.432179e+01,3.432179e+01,3.432179e+01,3.432179e+01,3.432179e+01,3.432179e+01,3.432179e+01,3.432179e+01,3.432179e+01,3.432179e+01,3.432179e+01,3.432179e+01,3.432179e+01,3.432179e+01,3.432179e+01,3.432179e+01,3.432179e+01,3.432179e+01,3.432179e+01,3.432179e+01,3.490944e+01,3.476981e+01,3.472789e+01,3.483965e+01,3.483965e+01,3.483965e+01,3.483965e+01,3.541061e+01,3.543839e+01,3.489548e+01,3.546616e+01,3.548004e+01,3.549392e+01,3.556329e+01,3.568805e+01,3.568805e+01,3.568805e+01,3.568805e+01,3.568805e+01,3.568805e+01,3.568805e+01,3.568805e+01,3.568805e+01,3.568805e+01,3.568805e+01,3.568805e+01,3.568805e+01,3.568805e+01,3.568805e+01,3.568805e+01,3.568805e+01,3.568805e+01,3.568805e+01,3.568805e+01,3.568805e+01,3.568805e+01,3.568805e+01,3.520207e+01,3.520207e+01,3.520207e+01,3.520207e+01,3.520207e+01,3.520207e+01,3.520207e+01,3.520207e+01,3.520207e+01,3.520207e+01,3.520207e+01,3.520207e+01,3.520207e+01,3.520207e+01,3.520207e+01,3.520207e+01,3.520207e+01,3.520207e+01,3.520207e+01,3.520207e+01,3.520207e+01,3.520207e+01,3.520207e+01,3.520207e+01,3.520207e+01,3.520207e+01,3.520207e+01,3.520207e+01,3.520207e+01,3.520207e+01,3.520207e+01,3.520207e+01,3.520207e+01,3.520207e+01,3.520207e+01,3.520207e+01,3.520207e+01,3.520207e+01,3.520207e+01,3.520207e+01,3.520207e+01,3.520207e+01,3.520207e+01,3.520207e+01,3.520207e+01,3.520207e+01,3.520207e+01,3.520207e+01,3.520207e+01,3.520207e+01,3.520207e+01,3.520207e+01,3.520207e+01,3.520207e+01,3.520207e+01,3.520207e+01,3.520207e+01,3.520207e+01,3.520207e+01,3.520207e+01,3.520207e+01,3.520207e+01,3.520207e+01,3.520207e+01,3.520207e+01,3.577114e+01,3.581266e+01,3.528554e+01,3.534114e+01,3.536894e+01,3.536894e+01,3.536894e+01,3.536894e+01,3.536894e+01,3.536894e+01,3.536894e+01,3.536894e+01,3.536894e+01,3.566034e+01,3.566034e+01,3.566034e+01,3.566034e+01,3.566034e+01,3.566034e+01,3.566034e+01,3.566034e+01
3.437789e+01,3.437789e+01,3.437789e+01,3.437789e+01,3.437789e+01,3.437789e+01,3.437789e+01,3.437789e+01,3.437789e+01,3.437789e+01,3.437789e+01,3.437789e+01,3.437789e+01,3.437789e+01,3.437789e+01,3.437789e+01,3.437789e+01,3.493734e+01,3.493734e+01,3.493734e+01,3.493734e+01,3.493734e+01,3.493734e+01,3.528554e+01,3.528554e+01,3.528554e+01,3.528554e+01,3.528554e+01,3.528554e+01,3.585417e+01,3.585417e+01,3.585417e+01,3.585417e+01,3.585417e+01,3.585417e+01,3.585417e+01,3.585417e+01,3.585417e+01,3.585417e+01,3.641985e+01,3.652988e+01,3.652988e+01,3.652988e+01,3.709209e+01,3.711944e+01,3.732436e+01,3.750165e+01,3.804538e+01,3.819444e+01,3.835683e+01,3.858646e+01,3.858646e+01,3.913836e+01,3.928597e+01,3.983444e+01,3.932619e+01,4.011433e+01,4.011433e+01,4.026067e+01,4.047318e+01,4.055276e+01,4.109513e+01,4.124021e+01,4.133244e+01,4.133244e+01,4.187111e+01,4.192353e+01,4.200212e+01,4.200212e+01,4.200212e+01,4.227673e+01,4.249856e+01,4.310964e+01,4.310964e+01,4.310964e+01,4.310964e+01,4.344630e+01,4.344630e+01,4.397522e+01,4.405242e+01,4.405242e+01,4.405242e+01,4.405242e+01,4.457859e+01,4.455298e+01,4.469378e+01,4.474494e+01,4.534438e+01,4.534438e+01,4.534438e+01,4.534438e+01,4.534438e+01,4.586481e+01,4.592812e+01,4.602935e+01,4.602935e+01,4.602935e+01,4.602935e+01,4.602935e+01,4.602935e+01,4.629466e+01,4.629466e+01,4.681095e+01,4.683607e+01,4.683607e+01,4.683607e+01,4.735003e+01,4.738755e+01,4.747505e+01,4.747505e+01,4.798627e+01,4.806091e+01,4.806091e+01,4.856965e+01,4.860680e+01,4.864392e+01,4.928571e+01,4.931033e+01,4.931033e+01,4.981388e+01,4.983839e+01,4.996087e+01,4.996087e+01,5.046174e+01,5.043736e+01,5.047393e+01,5.100914e+01,5.098487e+01,5.094844e+01,5.109408e+01,5.117896e+01,5.117896e+01,5.167491e+01,5.165076e+01,5.168699e+01,5.171112e+01,5.171112e+01,5.171112e+01,5.171112e+01,5.171112e+01,5.171112e+01,5.171112e+01,5.220496e+01,5.218092e+01,5.202452e+01,5.190408e+01,5.244515e+01,5.246914e+01,5.230109e+01,5.263697e+01,5.249313e+01,5.238515e+01,5.240915e+01,5.243315e+01,5.240915e+01,5.240915e+01,5.240915e+01,5.240915e+01,5.240915e+01,5.290023e+01,5.287632e+01,5.275670e+01,5.273277e+01,5.273277e+01,5.273277e+01,5.297194e+01,5.294804e+01,5.294804e+01,5.294804e+01,5.294804e+01,5.294804e+01,5.294804e+01,5.294804e+01,5.294804e+01,5.294804e+01,5.294804e+01,5.294804e+01,5.294804e+01,5.294804e+01,5.294804e+01,5.294804e+01,5.294804e+01,5.294804e+01,5.294804e+01,5.294804e+01,5.294804e+01,5.294804e+01,5.294804e+01,5.294804e+01,5.294804e+01,5.294804e+01,5.294804e+01,5.294804e+01,5.294804e+01,5.294804e+01,5.294804e+01,5.257705e+01,5.255308e+01,5.251711e+01,5.282849e+01,5.260102e+01,5.257705e+01,5.293609e+01,5.292414e+01,5.291219e+01,5.239715e+01,5.221698e+01,5.218092e+01,5.214484e+01,5.204859e+01,5.189202e+01,5.225304e+01,5.201248e+01,5.197635e+01,5.194022e+01,5.192817e+01,5.145742e+01,5.192817e+01,5.179558e+01,5.175939e+01,5.157830e+01,5.142113e+01,5.143323e+01,5.142113e+01,5.121531e+01,5.109408e+01,5.130010e+01,5.130010e+01,5.079048e+01,5.076616e+01,5.074183e+01,5.104555e+01,5.098487e+01,5.086341e+01,5.065665e+01,5.047393e+01,5.043736e+01,5.029094e+01,5.026652e+01,5.022988e+01,5.020545e+01,5.014435e+01,5.000982e+01,4.998534e+01,4.998534e+01,4.998534e+01,4.998534e+01,4.998534e+01,4.998534e+01,4.998534e+01,4.998534e+01,4.998534e+01,4.998534e+01,4.992413e+01,4.939645e+01,4.935955e+01,4.932264e+01,4.928571e+01,4.927340e+01,4.915023e+01,4.943334e+01,4.942104e+01,4.913791e+01,4.910093e+01,4.890352e+01,4.886647e+01,4.882941e+01,4.873052e+01,4.865630e+01,4.858204e+01,4.850772e+01,4.838377e+01,4.875525e+01,4.858204e+01,4.842097e+01,4.838377e+01,4.824728e+01,4.821003e+01,4.817276e+01,4.807334e+01,4.803603e+01,4.789914e+01,4.786179e+01,4.786179e+01,4.822245e+01,4.769976e+01,4.799871e+01,4.802359e+01,4.747505e+01,4.798627e+01,4.784933e+01,4.801115e+01,4.742506e+01,4.776210e+01,4.772470e+01,4.717478e+01,4.762490e+01,4.763738e+01,4.762490e+01,4.750004e+01,4.745005e+01,4.736254e+01,4.732501e+01,4.728747e+01,4.724992e+01,4.724992e+01,4.724992e+01,4.714972e+01,4.707452e+01,4.751253e+01,4.741256e+01,4.737504e+01,4.731250e+01,4.726244e+01,4.722488e+01,4.768728e+01,4.772470e+01,4.774963e+01,4.764986e+01,4.762490e+01,4.759994e+01,4.757497e+01,4.752502e+01,4.750004e+01,4.747505e+01,4.742506e+01,4.784933e+01,4.778703e+01,4.773717e+01,4.771223e+01,4.768728e+01,4.767481e+01,4.769976e+01,4.767481e+01,4.816034e+01,4.763738e+01,4.764986e+01,4.766233e+01,4.767481e+01,4.767481e+01,4.767481e+01,4.767481e+01,4.818519e+01,4.814791e+01,4.809820e+01,4.799871e+01,4.797383e+01,4.794894e+01,4.829693e+01,4.772470e+01,4.776210e+01,4.829693e+01,4.776210e+01,4.799871e+01,4.784933e+01,4.779949e+01,4.777457e+01,4.774963e+01,4.772470e+01,4.766233e+01,4.767481e+01,4.768728e+01,4.769976e+01,4.759994e+01,4.799871e+01,4.753751e+01,4.752502e+01,4.779949e+01,4.777457e+01,4.774963e+01,4.772470e+01,4.718731e+01,4.719983e+01,4.721236e+01,4.704945e+01,4.702436e+01,4.699928e+01,4.691143e+01,4.692398e+01,4.693653e+01,4.672296e+01,4.711213e+01,4.678581e+01,4.681095e+01,4.678581e+01,4.701182e+01,4.703690e+01,4.703690e+01,4.668523e+01,4.664749e+01,4.659715e+01,4.640818e+01,4.631990e+01,4.596609e+01,4.586481e+01,4.576344e+01,4.572541e+01,4.562392e+01,4.563661e+01,4.544611e+01,4.533165e+01,4.456579e+01,4.480885e+01,4.446329e+01,4.441201e+01,4.436071e+01,4.430939e+01,4.419382e+01,4.387220e+01,4.382066e+01,4.376910e+01,4.310964e+01,4.310964e+01,4.310964e+01,4.310964e+01,4.288898e+01,4.260281e+01,4.248552e+01,4.238118e+01,4.239423e+01,4.217220e+01,4.202830e+01,4.197593e+01,4.185801e+01,4.152981e+01,4.147721e+01,4.142458e+01,4.137194e+01,4.077797e+01,4.064555e+01,4.048645e+01,4.034040e+01,4.016756e+01,4.015426e+01,4.008770e+01,3.995448e+01,3.970091e+01,3.971427e+01,3.959398e+01,3.940659e+01,3.932619e+01,3.920548e+01,3.908464e+01,3.874828e+01,3.862694e+01,3.847846e+01,3.790970e+01,3.773306e+01,3.770586e+01,3.770586e+01,3.770586e+01,3.758338e+01,3.735165e+01,3.732436e+01,3.726975e+01,3.706473e+01,3.650238e+01,3.650238e+01,3.650238e+01,3.650238e+01,3.650238e+01,3.650238e+01,3.593713e+01,3.641985e+01,3.621323e+01,3.619944e+01,3.618565e+01,3.560489e+01,3.560489e+01,3.560489e+01,3.560489e+01,3.560489e+01,3.560489e+01,3.560489e+01,3.522990e+01,3.522990e+01,3.522990e+01,3.522990e+01,3.522990e+01,3.467197e+01,3.467197e+01,3.467197e+01,3.467197e+01,3.467197e+01,3.467197e+01,3.467197e+01,3.467197e+01,3.467197e+01,3.467197e+01,3.467197e+01,3.467197e+01,3.467197e+01,3.467197e+01,3.467197e+01,3.467197e+01,3.467197e+01,3.467197e+01,3.432179e+01,3.432179e+01,3.432179e+01,3.432179e+01,3.432179e+01,3.432179e+01,3.432179e+01,3.432179e+01,3.432179e+01,3.432179e+01,3.432179e+01,3.432179e+01,3.432179e+01,3.432179e+01,3.432179e+01,3.432179e+01,3.432179e+01,3.432179e+01,3.432179e+01,3.489548e+01,3.437789e+01,3.443397e+01,3.503495e+01,3.499313e+01,3.499313e+01,3.499313e+01,3.499313e+01,3.499313e+01,3.499313e+01,3.499313e+01,3.499313e+01,3.499313e+01,3.549392e+01,3.549392e+01,3.549392e+01,3.549392e+01,3.549392e+01,3.549392e+01,3.549392e+01,3.549392e+01,3.549392e+01,3.549392e+01,3.549392e+01,3.549392e+01,3.549392e+01,3.549392e+01,3.549392e+01,3.549392e+01,3.549392e+01,3.549392e+01,3.549392e+01,3.549392e+01,3.549392e+01,3.549392e+01,3.549392e+01,3.549392e+01,3.549392e+01,3.549392e+01,3.549392e+01,3.549392e+01,3.549392e+01,3.549392e+01,3.549392e+01,3.549392e+01,3.549392e+01,3.549392e+01,3.520207e+01,3.520207e+01,3.520207e+01,3.520207e+01,3.520207e+01,3.520207e+01,3.520207e+01,3.520207e+01,3.520207e+01,3.520207e+01,3.520207e+01,3.520207e+01,3.520207e+01,3.520207e+01,3.520207e+01,3.520207e+01,3.520207e+01,3.520207e+01,3.520207e+01,3.520207e+01,3.520207e+01,3.520207e+01,3.520207e+01,3.520207e+01,3.520207e+01,3.520207e+01,3.520207e+01,3.520207e+01,3.520207e+01,3.520207e+01,3.520207e+01,3.520207e+01,3.520207e+01,3.520207e+01,3.520207e+01,3.520207e+01,3.520207e+01,3.520207e+01,3.520207e+01,3.520207e+01,3.520207e+01,3.520207e+01,3.520207e+01,3.520207e+01,3.520207e+01,3.520207e+01,3.520207e+01,3.520207e+01,3.520207e+01,3.520207e+01,3.520207e+01,3.520207e+01,3.520207e+01,3.520207e+01,3.520207e+01,3.520207e+01,3.577114e+01,3.566034e+01,3.561876e+01,3.557716e+01,3.557716e+01,3.557716e+01,3.557716e+01,3.557716e+01,3.557716e+01,3.557716e+01,3.557716e+01,3.557716e+01,3.557716e+01,3.557716e+01,3.557716e+01,3.557716e+01,3.557716e+01,3.557716e+01,3.557716e+01,3.557716e+01,3.557716e+01
3.437789e+01,3.437789e+01,3.437789e+01,3.437789e+01,3.437789e+01,3.437789e+01,3.437789e+01,3.437789e+01,3.437789e+01,3.437789e+01,3.437789e+01,3.437789e+01,3.437789e+01,3.437789e+01,3.437789e+01,3.437789e+01,3.495129e+01,3.497919e+01,3.497919e+01,3.497919e+01,3.497919e+01,3.497919e+01,3.497919e+01,3.497919e+01,3.497919e+01,3.528554e+01,3.528554e+01,3.528554e+01,3.528554e+01,3.585417e+01,3.585417e+01,3.585417e+01,3.585417e+01,3.585417e+01,3.585417e+01,3.585417e+01,3.585417e+01,3.641985e+01,3.646112e+01,3.648863e+01,3.648863e+01,3.648863e+01,3.705105e+01,3.711944e+01,3.711944e+01,3.711944e+01,3.750165e+01,3.771946e+01,3.790970e+01,3.811316e+01,3.858646e+01,3.873480e+01,3.881563e+01,3.908464e+01,3.925914e+01,3.931279e+01,3.978105e+01,4.036697e+01,4.036697e+01,4.091023e+01,4.094987e+01,4.102913e+01,4.102913e+01,4.133244e+01,4.147721e+01,4.155610e+01,4.218526e+01,4.218526e+01,4.218526e+01,4.218526e+01,4.271996e+01,4.275899e+01,4.279800e+01,4.338164e+01,4.331693e+01,4.334282e+01,4.330399e+01,4.344630e+01,4.366590e+01,4.380777e+01,4.380777e+01,4.433505e+01,4.439919e+01,4.451455e+01,4.451455e+01,4.503866e+01,4.510242e+01,4.528075e+01,4.528075e+01,4.528075e+01,4.528075e+01,4.580146e+01,4.589014e+01,4.589014e+01,4.589014e+01,4.640818e+01,4.634513e+01,4.628204e+01,4.628204e+01,4.628204e+01,4.628204e+01,4.679838e+01,4.683607e+01,4.683607e+01,4.683607e+01,4.735003e+01,4.737504e+01,4.737504e+01,4.737504e+01,4.788669e+01,4.801115e+01,4.801115e+01,4.852011e+01,4.859442e+01,4.859442e+01,4.910093e+01,4.931033e+01,4.931033e+01,4.981388e+01,4.983839e+01,5.033977e+01,5.029094e+01,5.035197e+01,5.040077e+01,5.089986e+01,5.093630e+01,5.103342e+01,5.103342e+01,5.152996e+01,5.148160e+01,5.191612e+01,5.195227e+01,5.197635e+01,5.190408e+01,5.185587e+01,5.185587e+01,5.234913e+01,5.230109e+01,5.225304e+01,5.220496e+01,5.264894e+01,5.219294e+01,5.272079e+01,5.266092e+01,5.246914e+01,5.286437e+01,5.290023e+01,5.286437e+01,5.272079e+01,5.270882e+01,5.270882e+01,5.270882e+01,5.270882e+01,5.270882e+01,5.270882e+01,5.290023e+01,5.286437e+01,5.282849e+01,5.335367e+01,5.338940e+01,5.332985e+01,5.366298e+01,5.361544e+01,5.359167e+01,5.356789e+01,5.354411e+01,5.349652e+01,5.347272e+01,5.344893e+01,5.342512e+01,5.340131e+01,5.386481e+01,5.384108e+01,5.381735e+01,5.379361e+01,5.376987e+01,5.374612e+01,5.372237e+01,5.369862e+01,5.367486e+01,5.365110e+01,5.362733e+01,5.360356e+01,5.357978e+01,5.355600e+01,5.401893e+01,5.400708e+01,5.350842e+01,5.348463e+01,5.346083e+01,5.343702e+01,5.341321e+01,5.338940e+01,5.336558e+01,5.334176e+01,5.375800e+01,5.342512e+01,5.337749e+01,5.336558e+01,5.335367e+01,5.359167e+01,5.359167e+01,5.357978e+01,5.355600e+01,5.343702e+01,5.307942e+01,5.337749e+01,5.280457e+01,5.325835e+01,5.310329e+01,5.297194e+01,5.295999e+01,5.273277e+01,5.270882e+01,5.268488e+01,5.256507e+01,5.263697e+01,5.260102e+01,5.248114e+01,5.245715e+01,5.228908e+01,5.214484e+01,5.215687e+01,5.215687e+01,5.196431e+01,5.185587e+01,5.186792e+01,5.175939e+01,5.190408e+01,5.181969e+01,5.181969e+01,5.180764e+01,5.126377e+01,5.109408e+01,5.109408e+01,5.109408e+01,5.109408e+01,5.109408e+01,5.109408e+01,5.109408e+01,5.109408e+01,5.064448e+01,5.100914e+01,5.049831e+01,5.049831e+01,5.099701e+01,5.051050e+01,5.051050e+01,5.100914e+01,5.052269e+01,5.052269e+01,5.052269e+01,5.052269e+01,5.035197e+01,5.049831e+01,4.996087e+01,4.991189e+01,4.986289e+01,4.983839e+01,4.974032e+01,4.972805e+01,4.965444e+01,5.000982e+01,4.945792e+01,4.971579e+01,4.965444e+01,4.959306e+01,4.947022e+01,4.937185e+01,4.927340e+01,4.917488e+01,4.907627e+01,4.906394e+01,4.885411e+01,4.916256e+01,4.910093e+01,4.894056e+01,4.887882e+01,4.881705e+01,4.869342e+01,4.863155e+01,4.847055e+01,4.840858e+01,4.843337e+01,4.840858e+01,4.853250e+01,4.852011e+01,4.840858e+01,4.801115e+01,4.855727e+01,4.839618e+01,4.828452e+01,4.827211e+01,4.825970e+01,4.861917e+01,4.813549e+01,4.818519e+01,4.816034e+01,4.812306e+01,4.797383e+01,4.789914e+01,4.829693e+01,4.824728e+01,4.819761e+01,4.814791e+01,4.813549e+01,4.812306e+01,4.801115e+01,4.798627e+01,4.803603e+01,4.792405e+01,4.787424e+01,4.830934e+01,4.825970e+01,4.827211e+01,4.832175e+01,4.832175e+01,4.832175e+01,4.822245e+01,4.819761e+01,4.817276e+01,4.814791e+01,4.809820e+01,4.807334e+01,4.804847e+01,4.855727e+01,4.809820e+01,4.809820e+01,4.809820e+01,4.822245e+01,4.819761e+01,4.818519e+01,4.818519e+01,4.873052e+01,4.868105e+01,4.885411e+01,4.879233e+01,4.873052e+01,4.873052e+01,4.873052e+01,4.873052e+01,4.880469e+01,4.884176e+01,4.880469e+01,4.875525e+01,4.865630e+01,4.863155e+01,4.863155e+01,4.860680e+01,4.874289e+01,4.881705e+01,4.876761e+01,4.843337e+01,4.843337e+01,4.879233e+01,4.875525e+01,4.874289e+01,4.873052e+01,4.871815e+01,4.866867e+01,4.868105e+01,4.869342e+01,4.870578e+01,4.863155e+01,4.860680e+01,4.834657e+01,4.835897e+01,4.834657e+01,4.833416e+01,4.832175e+01,4.819761e+01,4.786179e+01,4.787424e+01,4.788669e+01,4.773717e+01,4.772470e+01,4.771223e+01,4.763738e+01,4.764986e+01,4.766233e+01,4.747505e+01,4.747505e+01,4.729998e+01,4.731250e+01,4.729998e+01,4.731250e+01,4.728747e+01,4.726244e+01,4.704945e+01,4.698673e+01,4.691143e+01,4.669781e+01,4.654679e+01,4.633251e+01,4.620629e+01,4.659715e+01,4.605464e+01,4.594078e+01,4.592812e+01,4.572541e+01,4.549694e+01,4.556044e+01,4.549694e+01,4.519162e+01,4.514066e+01,4.456579e+01,4.456579e+01,4.456579e+01,4.439919e+01,4.380777e+01,4.415527e+01,4.371751e+01,4.370461e+01,4.316150e+01,4.316150e+01,4.316150e+01,4.260281e+01,4.260281e+01,4.260281e+01,4.260281e+01,4.260281e+01,4.202830e+01,4.202830e+01,4.202830e+01,4.202830e+01,4.202830e+01,4.142458e+01,4.122703e+01,4.110833e+01,4.096309e+01,4.079120e+01,4.063230e+01,4.044664e+01,4.042009e+01,4.042009e+01,3.995448e+01,3.995448e+01,3.995448e+01,3.995448e+01,3.940659e+01,3.940659e+01,3.940659e+01,3.908464e+01,3.889640e+01,3.834330e+01,3.827567e+01,3.824860e+01,3.805894e+01,3.801826e+01,3.800470e+01,3.743349e+01,3.743349e+01,3.743349e+01,3.743349e+01,3.743349e+01,3.706473e+01,3.684562e+01,3.681820e+01,3.679078e+01,3.619944e+01,3.624080e+01,3.608907e+01,3.604765e+01,3.607527e+01,3.611667e+01,3.611667e+01,3.611667e+01,3.611667e+01,3.560489e+01,3.560489e+01,3.560489e+01,3.560489e+01,3.560489e+01,3.560489e+01,3.560489e+01,3.560489e+01,3.522990e+01,3.522990e+01,3.522990e+01,3.522990e+01,3.467197e+01,3.467197e+01,3.467197e+01,3.467197e+01,3.467197e+01,3.467197e+01,3.467197e+01,3.467197e+01,3.467197e+01,3.467197e+01,3.467197e+01,3.467197e+01,3.467197e+01,3.467197e+01,3.467197e+01,3.467197e+01,3.467197e+01,3.467197e+01,3.467197e+01,3.467197e+01,3.467197e+01,3.467197e+01,3.467197e+01,3.467197e+01,3.432179e+01,3.432179e+01,3.432179e+01,3.432179e+01,3.432179e+01,3.432179e+01,3.432179e+01,3.432179e+01,3.432179e+01,3.432179e+01,3.432179e+01,3.432179e+01,3.432179e+01,3.489548e+01,3.497919e+01,3.507676e+01,3.507676e+01,3.507676e+01,3.507676e+01,3.507676e+01,3.507676e+01,3.507676e+01,3.507676e+01,3.507676e+01,3.564648e+01,3.568805e+01,3.568805e+01,3.568805e+01,3.568805e+01,3.568805e+01,3.568805e+01,3.568805e+01,3.568805e+01,3.568805e+01,3.568805e+01,3.568805e+01,3.568805e+01,3.568805e+01,3.568805e+01,3.568805e+01,3.568805e+01,3.568805e+01,3.568805e+01,3.568805e+01,3.568805e+01,3.568805e+01,3.568805e+01,3.568805e+01,3.568805e+01,3.568805e+01,3.568805e+01,3.568805e+01,3.568805e+01,3.568805e+01,3.568805e+01,3.568805e+01,3.568805e+01,3.511855e+01,3.559103e+01,3.545227e+01,3.545227e+01,3.545227e+01,3.545227e+01,3.545227e+01,3.545227e+01,3.545227e+01,3.545227e+01,3.545227e+01,3.545227e+01,3.545227e+01,3.545227e+01,3.545227e+01,3.545227e+01,3.545227e+01,3.545227e+01,3.545227e+01,3.545227e+01,3.545227e+01,3.545227e+01,3.545227e+01,3.545227e+01,3.545227e+01,3.545227e+01,3.545227e+01,3.545227e+01,3.545227e+01,3.545227e+01,3.545227e+01,3.545227e+01,3.545227e+01,3.545227e+01,3.545227e+01,3.545227e+01,3.545227e+01,3.545227e+01,3.545227e+01,3.545227e+01,3.545227e+01,3.545227e+01,3.545227e+01,3.545227e+01,3.545227e+01,3.545227e+01,3.545227e+01,3.545227e+01,3.545227e+01,3.545227e+01,3.545227e+01,3.545227e+01,3.545227e+01,3.545227e+01,3.545227e+01,3.545227e+01,3.545227e+01,3.545227e+01,3.545227e+01,3.545227e+01,3.545227e+01,3.545227e+01,3.545227e+01,3.545227e+01,3.545227e+01,3.545227e+01,3.545227e+01,3.545227e+01,3.545227e+01,3.545227e+01,3.545227e+01,3.545227e+01,3.545227e+01,3.545227e+01,3.545227e+01,3.602003e+01,3.597859e+01,3.593713e+01,3.589566e+01
3.437789e+01,3.437789e+01,3.437789e+01,3.437789e+01,3.437789e+01,3.437789e+01,3.437789e+01,3.437789e+01,3.437789e+01,3.437789e+01,3.437789e+01,3.437789e+01,3.437789e+01,3.437789e+01,3.437789e+01,3.437789e+01,3.495129e+01,3.495129e+01,3.495129e+01,3.495129e+01,3.495129e+01,3.495129e+01,3.495129e+01,3.495129e+01,3.552167e+01,3.550779e+01,3.550779e+01,3.550779e+01,3.550779e+01,3.585417e+01,3.585417e+01,3.585417e+01,3.585417e+01,3.585417e+01,3.585417e+01,3.585417e+01,3.641985e+01,3.646112e+01,3.646112e+01,3.646112e+01,3.646112e+01,3.646112e+01,3.705105e+01,3.705105e+01,3.705105e+01,3.705105e+01,3.750165e+01,3.805894e+01,3.801826e+01,3.826213e+01,3.880216e+01,3.880216e+01,3.880216e+01,3.963409e+01,3.960735e+01,3.967419e+01,3.978105e+01,4.004775e+01,4.016756e+01,4.093666e+01,4.093666e+01,4.093666e+01,4.093666e+01,4.133244e+01,4.133244e+01,4.187111e+01,4.211989e+01,4.211989e+01,4.211989e+01,4.265489e+01,4.275899e+01,4.275899e+01,4.275899e+01,4.285000e+01,4.340751e+01,4.340751e+01,4.340751e+01,4.393660e+01,4.389796e+01,4.389796e+01,4.389796e+01,4.433505e+01,4.433505e+01,4.485996e+01,4.492382e+01,4.497487e+01,4.497487e+01,4.528075e+01,4.528075e+01,4.580146e+01,4.535710e+01,4.602935e+01,4.602935e+01,4.602935e+01,4.602935e+01,4.602935e+01,4.634513e+01,4.634513e+01,4.634513e+01,4.634513e+01,4.686120e+01,4.689887e+01,4.689887e+01,4.689887e+01,4.689887e+01,4.735003e+01,4.735003e+01,4.735003e+01,4.786179e+01,4.792405e+01,4.843337e+01,4.850772e+01,4.855727e+01,4.906394e+01,4.913791e+01,4.917488e+01,4.967898e+01,4.974032e+01,4.985064e+01,4.998534e+01,5.005876e+01,5.059578e+01,5.055924e+01,5.069316e+01,5.083910e+01,5.133643e+01,5.130010e+01,5.136063e+01,5.146951e+01,5.209673e+01,5.213282e+01,5.213282e+01,5.213282e+01,5.213282e+01,5.213282e+01,5.213282e+01,5.262498e+01,5.254110e+01,5.254110e+01,5.254110e+01,5.254110e+01,5.268488e+01,5.275670e+01,5.275670e+01,5.275670e+01,5.324643e+01,5.321066e+01,5.313909e+01,5.295999e+01,5.295999e+01,5.319873e+01,5.316295e+01,5.312716e+01,5.357978e+01,5.355600e+01,5.353221e+01,5.347272e+01,5.350842e+01,5.354411e+01,5.354411e+01,5.354411e+01,5.403078e+01,5.394782e+01,5.388853e+01,5.382922e+01,5.425567e+01,5.418470e+01,5.413736e+01,5.409000e+01,5.404263e+01,5.409000e+01,5.412552e+01,5.407816e+01,5.407816e+01,5.427932e+01,5.423202e+01,5.418470e+01,5.413736e+01,5.409000e+01,5.452738e+01,5.449198e+01,5.445656e+01,5.442113e+01,5.438569e+01,5.443294e+01,5.446836e+01,5.436206e+01,5.455098e+01,5.451558e+01,5.448017e+01,5.444475e+01,5.440932e+01,5.437388e+01,5.433843e+01,5.438569e+01,5.437388e+01,5.407816e+01,5.401893e+01,5.448017e+01,5.440932e+01,5.440932e+01,5.440932e+01,5.391225e+01,5.435025e+01,5.417286e+01,5.385294e+01,5.382922e+01,5.380548e+01,5.384108e+01,5.367486e+01,5.353221e+01,5.350842e+01,5.327027e+01,5.323450e+01,5.319873e+01,5.306748e+01,5.305554e+01,5.300777e+01,5.287632e+01,5.284045e+01,5.266092e+01,5.299583e+01,5.298389e+01,5.297194e+01,5.276867e+01,5.264894e+01,5.263697e+01,5.251711e+01,5.250512e+01,5.240915e+01,5.239715e+01,5.228908e+01,5.243315e+01,5.220496e+01,5.214484e+01,5.213282e+01,5.212078e+01,5.210876e+01,5.209673e+01,5.159038e+01,5.149369e+01,5.159038e+01,5.156621e+01,5.126377e+01,5.133643e+01,5.128799e+01,5.151787e+01,5.109408e+01,5.154205e+01,5.126377e+01,5.123954e+01,5.121531e+01,5.119107e+01,5.099701e+01,5.089986e+01,5.106982e+01,5.049831e+01,5.091201e+01,5.086341e+01,5.074183e+01,5.070533e+01,5.065665e+01,5.063231e+01,5.014435e+01,5.013213e+01,5.004652e+01,5.047393e+01,5.032756e+01,5.020545e+01,5.008322e+01,4.996087e+01,4.983839e+01,4.980162e+01,4.961762e+01,4.960534e+01,4.951937e+01,4.983839e+01,4.976484e+01,4.969125e+01,4.955622e+01,4.948251e+01,4.931033e+01,4.923647e+01,4.922415e+01,4.918720e+01,4.917488e+01,4.915023e+01,4.897758e+01,4.910093e+01,4.913791e+01,4.896524e+01,4.884176e+01,4.881705e+01,4.882941e+01,4.880469e+01,4.860680e+01,4.859442e+01,4.906394e+01,4.850772e+01,4.886647e+01,4.881705e+01,4.880469e+01,4.874289e+01,4.868105e+01,4.861917e+01,4.859442e+01,4.856965e+01,4.895290e+01,4.892821e+01,4.892821e+01,4.881705e+01,4.882941e+01,4.886647e+01,4.881705e+01,4.881705e+01,4.881705e+01,4.881705e+01,4.881705e+01,4.871815e+01,4.869342e+01,4.866867e+01,4.915023e+01,4.911326e+01,4.910093e+01,4.913791e+01,4.910093e+01,4.886647e+01,4.887882e+01,4.889117e+01,4.890352e+01,4.889117e+01,4.889117e+01,4.895290e+01,4.898993e+01,4.945792e+01,4.947022e+01,4.942104e+01,4.937185e+01,4.938415e+01,4.939645e+01,4.940875e+01,4.942104e+01,4.943334e+01,4.940875e+01,4.937185e+01,4.928571e+01,4.927340e+01,4.928571e+01,4.927340e+01,4.928571e+01,4.929802e+01,4.918720e+01,4.939645e+01,4.942104e+01,4.940875e+01,4.938415e+01,4.938415e+01,4.938415e+01,4.938415e+01,4.934724e+01,4.935955e+01,4.937185e+01,4.938415e+01,4.932264e+01,4.923647e+01,4.902694e+01,4.903927e+01,4.903927e+01,4.903927e+01,4.903927e+01,4.885411e+01,4.856965e+01,4.858204e+01,4.859442e+01,4.845816e+01,4.845816e+01,4.845816e+01,4.839618e+01,4.840858e+01,4.842097e+01,4.824728e+01,4.825970e+01,4.809820e+01,4.811063e+01,4.811063e+01,4.812306e+01,4.811063e+01,4.809820e+01,4.789914e+01,4.784933e+01,4.727495e+01,4.759994e+01,4.745005e+01,4.723740e+01,4.713719e+01,4.711213e+01,4.679838e+01,4.668523e+01,4.615576e+01,4.615576e+01,4.615576e+01,4.607993e+01,4.543340e+01,4.533165e+01,4.512791e+01,4.538253e+01,4.484719e+01,4.488551e+01,4.460420e+01,4.416813e+01,4.416813e+01,4.403955e+01,4.391084e+01,4.367881e+01,4.365300e+01,4.354969e+01,4.323924e+01,4.321333e+01,4.318742e+01,4.316150e+01,4.305776e+01,4.271996e+01,4.269394e+01,4.266791e+01,4.210681e+01,4.194973e+01,4.227673e+01,4.204139e+01,4.134560e+01,4.134560e+01,4.134560e+01,4.117429e+01,4.093666e+01,4.085734e+01,4.020747e+01,4.028725e+01,4.032712e+01,3.982109e+01,3.966082e+01,4.002111e+01,3.941999e+01,3.939320e+01,3.923232e+01,3.888294e+01,3.868088e+01,3.864043e+01,3.864043e+01,3.847846e+01,3.790970e+01,3.830272e+01,3.799113e+01,3.792327e+01,3.729706e+01,3.729706e+01,3.729706e+01,3.729706e+01,3.684562e+01,3.684562e+01,3.628214e+01,3.672218e+01,3.663980e+01,3.650238e+01,3.647488e+01,3.648863e+01,3.650238e+01,3.595095e+01,3.595095e+01,3.595095e+01,3.595095e+01,3.595095e+01,3.595095e+01,3.595095e+01,3.560489e+01,3.560489e+01,3.560489e+01,3.560489e+01,3.560489e+01,3.522990e+01,3.522990e+01,3.522990e+01,3.522990e+01,3.522990e+01,3.467197e+01,3.467197e+01,3.467197e+01,3.467197e+01,3.467197e+01,3.467197e+01,3.467197e+01,3.467197e+01,3.467197e+01,3.467197e+01,3.467197e+01,3.467197e+01,3.467197e+01,3.467197e+01,3.467197e+01,3.467197e+01,3.409708e+01,3.418140e+01,3.426566e+01,3.425162e+01,3.423758e+01,3.472789e+01,3.453203e+01,3.453203e+01,3.453203e+01,3.453203e+01,3.453203e+01,3.453203e+01,3.453203e+01,3.453203e+01,3.453203e+01,3.453203e+01,3.453203e+01,3.453203e+01,3.453203e+01,3.453203e+01,3.497919e+01,3.497919e+01,3.497919e+01,3.497919e+01,3.497919e+01,3.497919e+01,3.497919e+01,3.554942e+01,3.546616e+01,3.553555e+01,3.568805e+01,3.568805e+01,3.568805e+01,3.568805e+01,3.568805e+01,3.568805e+01,3.568805e+01,3.568805e+01,3.568805e+01,3.568805e+01,3.568805e+01,3.568805e+01,3.568805e+01,3.568805e+01,3.568805e+01,3.568805e+01,3.568805e+01,3.568805e+01,3.568805e+01,3.568805e+01,3.568805e+01,3.568805e+01,3.568805e+01,3.568805e+01,3.568805e+01,3.568805e+01,3.568805e+01,3.568805e+01,3.568805e+01,3.568805e+01,3.568805e+01,3.568805e+01,3.568805e+01,3.511855e+01,3.524381e+01,3.522990e+01,3.522990e+01,3.522990e+01,3.522990e+01,3.522990e+01,3.522990e+01,3.522990e+01,3.522990e+01,3.522990e+01,3.522990e+01,3.522990e+01,3.522990e+01,3.522990e+01,3.522990e+01,3.522990e+01,3.522990e+01,3.522990e+01,3.522990e+01,3.522990e+01,3.522990e+01,3.522990e+01,3.522990e+01,3.522990e+01,3.522990e+01,3.522990e+01,3.522990e+01,3.522990e+01,3.522990e+01,3.522990e+01,3.522990e+01,3.522990e+01,3.522990e+01,3.522990e+01,3.522990e+01,3.522990e+01,3.522990e+01,3.522990e+01,3.522990e+01,3.522990e+01,3.522990e+01,3.522990e+01,3.522990e+01,3.522990e+01,3.522990e+01,3.522990e+01,3.522990e+01,3.522990e+01,3.522990e+01,3.522990e+01,3.522990e+01,3.522990e+01,3.522990e+01,3.522990e+01,3.522990e+01,3.522990e+01,3.579882e+01,3.524381e+01,3.524381e+01,3.524381e+01,3.581266e+01,3.581266e+01,3.581266e+01,3.581266e+01,3.524381e+01,3.581266e+01,3.522990e+01,3.579882e+01,3.577114e+01,3.574345e+01,3.571575e+01,3.571575e+01,3.571575e+01,3.571575e+01,3.571575e+01,3.571575e+01,3.571575e+01,3.571575e+01
3.437789e+01,3.437789e+01,3.437789e+01,3.380142e+01,3.388598e+01,3.397047e+01,3.399862e+01,3.402676e+01,3.405489e+01,3.408302e+01,3.411113e+01,3.411113e+01,3.468595e+01,3.465798e+01,3.465798e+01,3.465798e+01,3.465798e+01,3.465798e+01,3.465798e+01,3.495129e+01,3.495129e+01,3.495129e+01,3.552167e+01,3.502101e+01,3.517424e+01,3.520207e+01,3.522990e+01,3.579882e+01,3.586800e+01,3.585417e+01,3.585417e+01,3.585417e+01,3.585417e+01,3.585417e+01,3.585417e+01,3.585417e+01,3.585417e+01,3.585417e+01,3.646112e+01,3.646112e+01,3.646112e+01,3.646112e+01,3.705105e+01,3.705105e+01,3.705105e+01,3.705105e+01,3.750165e+01,3.771946e+01,3.830272e+01,3.837035e+01,3.901744e+01,3.901744e+01,3.901744e+01,3.963409e+01,3.963409e+01,4.018087e+01,4.010102e+01,4.006107e+01,4.031383e+01,4.061905e+01,4.065880e+01,4.124021e+01,4.130609e+01,4.131926e+01,4.146405e+01,4.155610e+01,4.185801e+01,4.239423e+01,4.245945e+01,4.257675e+01,4.257675e+01,4.310964e+01,4.305776e+01,4.312261e+01,4.332988e+01,4.332988e+01,4.385932e+01,4.397522e+01,4.397522e+01,4.397522e+01,4.397522e+01,4.433505e+01,4.447611e+01,4.455298e+01,4.519162e+01,4.512791e+01,4.515340e+01,4.514066e+01,4.580146e+01,4.576344e+01,4.571273e+01,4.595344e+01,4.595344e+01,4.595344e+01,4.647121e+01,4.649640e+01,4.648381e+01,4.648381e+01,4.648381e+01,4.648381e+01,4.686120e+01,4.686120e+01,4.686120e+01,4.686120e+01,4.737504e+01,4.741256e+01,4.741256e+01,4.792405e+01,4.796139e+01,4.811063e+01,4.864392e+01,4.864392e+01,4.915023e+01,4.918720e+01,4.969125e+01,4.974032e+01,4.977710e+01,4.977710e+01,5.027873e+01,5.020545e+01,5.035197e+01,5.052269e+01,5.102128e+01,5.094844e+01,5.100914e+01,5.155413e+01,5.155413e+01,5.204859e+01,5.209673e+01,5.213282e+01,5.213282e+01,5.262498e+01,5.255308e+01,5.248114e+01,5.242115e+01,5.297194e+01,5.300777e+01,5.286437e+01,5.280457e+01,5.323450e+01,5.316295e+01,5.309135e+01,5.350842e+01,5.344893e+01,5.349652e+01,5.353221e+01,5.344893e+01,5.362733e+01,5.387667e+01,5.382922e+01,5.378174e+01,5.369862e+01,5.371050e+01,5.374612e+01,5.423202e+01,5.416103e+01,5.405447e+01,5.400708e+01,5.395967e+01,5.439751e+01,5.444475e+01,5.448017e+01,5.436206e+01,5.475140e+01,5.473962e+01,5.477496e+01,5.468070e+01,5.460996e+01,5.502205e+01,5.496326e+01,5.495150e+01,5.493974e+01,5.488091e+01,5.486914e+01,5.485738e+01,5.479851e+01,5.473962e+01,5.516303e+01,5.516303e+01,5.519825e+01,5.515129e+01,5.510431e+01,5.505731e+01,5.501030e+01,5.499854e+01,5.498678e+01,5.486914e+01,5.485738e+01,5.477496e+01,5.517477e+01,5.512780e+01,5.508081e+01,5.503381e+01,5.498678e+01,5.497503e+01,5.489268e+01,5.464534e+01,5.463354e+01,5.466891e+01,5.466891e+01,5.466891e+01,5.466891e+01,5.466891e+01,5.466891e+01,5.466891e+01,5.466891e+01,5.466891e+01,5.429115e+01,5.476318e+01,5.459817e+01,5.445656e+01,5.394782e+01,5.418470e+01,5.414919e+01,5.411368e+01,5.398338e+01,5.397153e+01,5.392411e+01,5.379361e+01,5.375800e+01,5.360356e+01,5.359167e+01,5.357978e+01,5.356789e+01,5.336558e+01,5.324643e+01,5.323450e+01,5.311523e+01,5.310329e+01,5.300777e+01,5.299583e+01,5.288828e+01,5.288828e+01,5.266092e+01,5.260102e+01,5.258904e+01,5.257705e+01,5.256507e+01,5.244515e+01,5.216889e+01,5.207266e+01,5.207266e+01,5.197635e+01,5.221698e+01,5.221698e+01,5.216889e+01,5.206063e+01,5.220496e+01,5.171112e+01,5.206063e+01,5.203656e+01,5.151787e+01,5.195227e+01,5.174733e+01,5.163869e+01,5.152996e+01,5.154205e+01,5.108195e+01,5.108195e+01,5.108195e+01,5.108195e+01,5.108195e+01,5.108195e+01,5.108195e+01,5.108195e+01,5.108195e+01,5.108195e+01,5.082695e+01,5.069316e+01,5.055924e+01,5.042516e+01,5.029094e+01,5.074183e+01,5.055924e+01,5.054705e+01,5.048612e+01,5.047393e+01,5.040077e+01,5.032756e+01,5.019323e+01,5.011990e+01,4.994862e+01,4.987514e+01,4.986289e+01,4.982613e+01,4.981388e+01,4.978936e+01,4.961762e+01,4.961762e+01,4.961762e+01,4.944563e+01,4.932264e+01,4.929802e+01,4.929802e+01,4.927340e+01,4.958078e+01,4.961762e+01,4.958078e+01,4.959306e+01,4.958078e+01,4.954394e+01,4.954394e+01,4.949480e+01,4.944563e+01,4.939645e+01,4.938415e+01,4.938415e+01,4.937185e+01,4.935955e+01,4.937185e+01,4.927340e+01,4.928571e+01,4.929802e+01,4.926109e+01,4.927340e+01,4.928571e+01,4.929802e+01,4.981388e+01,4.972805e+01,4.971579e+01,4.974032e+01,4.926109e+01,4.926109e+01,4.926109e+01,4.976484e+01,4.974032e+01,4.951937e+01,4.953165e+01,4.954394e+01,4.955622e+01,5.005876e+01,4.999758e+01,5.002206e+01,5.007099e+01,5.008322e+01,5.010767e+01,5.008322e+01,5.005876e+01,5.008322e+01,5.010767e+01,5.013213e+01,5.015657e+01,5.018102e+01,5.018102e+01,5.016879e+01,5.010767e+01,5.011990e+01,5.014435e+01,5.015657e+01,5.018102e+01,5.020545e+01,5.011990e+01,5.014435e+01,5.016879e+01,5.018102e+01,5.018102e+01,5.020545e+01,4.972805e+01,5.019323e+01,5.016879e+01,5.018102e+01,5.019323e+01,4.970352e+01,5.011990e+01,5.003429e+01,4.982613e+01,4.982613e+01,4.982613e+01,4.982613e+01,4.932264e+01,4.958078e+01,4.935955e+01,4.934724e+01,4.933494e+01,4.918720e+01,4.917488e+01,4.916256e+01,4.908860e+01,4.907627e+01,4.906394e+01,4.887882e+01,4.886647e+01,4.869342e+01,4.868105e+01,4.866867e+01,4.865630e+01,4.863155e+01,4.860680e+01,4.839618e+01,4.823487e+01,4.773717e+01,4.772470e+01,4.772470e+01,4.772470e+01,4.772470e+01,4.762490e+01,4.686120e+01,4.711213e+01,4.681095e+01,4.679838e+01,4.626942e+01,4.657197e+01,4.615576e+01,4.602935e+01,4.580146e+01,4.568736e+01,4.539525e+01,4.531893e+01,4.503866e+01,4.483441e+01,4.480885e+01,4.465540e+01,4.397522e+01,4.397522e+01,4.397522e+01,4.354969e+01,4.339457e+01,4.339457e+01,4.339457e+01,4.339457e+01,4.339457e+01,4.271996e+01,4.271996e+01,4.271996e+01,4.271996e+01,4.248552e+01,4.247248e+01,4.210681e+01,4.223754e+01,4.166120e+01,4.164807e+01,4.146405e+01,4.121385e+01,4.101593e+01,4.067204e+01,4.063230e+01,4.051298e+01,4.031383e+01,4.018087e+01,3.960735e+01,3.950032e+01,3.950032e+01,3.950032e+01,3.950032e+01,3.950032e+01,3.864043e+01,3.864043e+01,3.864043e+01,3.790970e+01,3.828920e+01,3.815381e+01,3.795042e+01,3.763783e+01,3.762422e+01,3.761061e+01,3.692784e+01,3.692784e+01,3.679078e+01,3.644736e+01,3.655737e+01,3.655737e+01,3.655737e+01,3.655737e+01,3.655737e+01,3.599241e+01,3.593713e+01,3.593713e+01,3.593713e+01,3.593713e+01,3.593713e+01,3.593713e+01,3.536894e+01,3.538283e+01,3.538283e+01,3.538283e+01,3.538283e+01,3.538283e+01,3.538283e+01,3.538283e+01,3.538283e+01,3.538283e+01,3.481172e+01,3.475584e+01,3.532724e+01,3.471391e+01,3.471391e+01,3.471391e+01,3.471391e+01,3.471391e+01,3.471391e+01,3.471391e+01,3.471391e+01,3.471391e+01,3.471391e+01,3.471391e+01,3.471391e+01,3.471391e+01,3.471391e+01,3.471391e+01,3.471391e+01,3.471391e+01,3.471391e+01,3.471391e+01,3.471391e+01,3.413924e+01,3.415330e+01,3.474187e+01,3.416735e+01,3.476981e+01,3.476981e+01,3.419545e+01,3.423758e+01,3.427969e+01,3.427969e+01,3.485361e+01,3.481172e+01,3.481172e+01,3.481172e+01,3.481172e+01,3.481172e+01,3.481172e+01,3.481172e+01,3.481172e+01,3.538283e+01,3.546616e+01,3.556329e+01,3.556329e+01,3.556329e+01,3.556329e+01,3.556329e+01,3.556329e+01,3.556329e+01,3.556329e+01,3.556329e+01,3.556329e+01,3.556329e+01,3.556329e+01,3.556329e+01,3.556329e+01,3.556329e+01,3.556329e+01,3.556329e+01,3.556329e+01,3.556329e+01,3.556329e+01,3.556329e+01,3.556329e+01,3.556329e+01,3.556329e+01,3.556329e+01,3.556329e+01,3.556329e+01,3.556329e+01,3.556329e+01,3.556329e+01,3.556329e+01,3.556329e+01,3.556329e+01,3.556329e+01,3.556329e+01,3.556329e+01,3.556329e+01,3.556329e+01,3.556329e+01,3.556329e+01,3.556329e+01,3.556329e+01,3.556329e+01,3.556329e+01,3.556329e+01,3.556329e+01,3.556329e+01,3.556329e+01,3.556329e+01,3.556329e+01,3.556329e+01,3.556329e+01,3.556329e+01,3.556329e+01,3.556329e+01,3.556329e+01,3.556329e+01,3.556329e+01,3.556329e+01,3.556329e+01,3.556329e+01,3.556329e+01,3.556329e+01,3.556329e+01,3.556329e+01,3.556329e+01,3.556329e+01,3.556329e+01,3.556329e+01,3.556329e+01,3.556329e+01,3.556329e+01,3.556329e+01,3.556329e+01,3.556329e+01,3.556329e+01,3.556329e+01,3.556329e+01,3.556329e+01,3.556329e+01,3.556329e+01,3.556329e+01,3.556329e+01,3.556329e+01,3.556329e+01,3.556329e+01,3.556329e+01,3.556329e+01,3.556329e+01,3.556329e+01,3.556329e+01,3.556329e+01,3.556329e+01,3.556329e+01,3.556329e+01,3.556329e+01,3.556329e+01,3.556329e+01,3.556329e+01,3.556329e+01,3.556329e+01,3.556329e+01,3.556329e+01,3.556329e+01,3.556329e+01,3.556329e+01,3.556329e+01,3.556329e+01,3.556329e+01,3.556329e+01,3.556329e+01,3.556329e+01,3.556329e+01,3.556329e+01,3.556329e+01
3.437789e+01,3.437789e+01,3.380142e+01,3.378732e+01,3.378732e+01,3.436387e+01,3.432179e+01,3.427969e+01,3.427969e+01,3.427969e+01,3.427969e+01,3.427969e+01,3.427969e+01,3.427969e+01,3.427969e+01,3.427969e+01,3.465798e+01,3.465798e+01,3.465798e+01,3.465798e+01,3.495129e+01,3.509069e+01,3.513247e+01,3.510462e+01,3.567419e+01,3.561876e+01,3.570190e+01,3.581266e+01,3.581266e+01,3.581266e+01,3.581266e+01,3.581266e+01,3.581266e+01,3.581266e+01,3.581266e+01,3.581266e+01,3.637855e+01,3.643361e+01,3.647488e+01,3.647488e+01,3.647488e+01,3.647488e+01,3.705105e+01,3.705105e+01,3.705105e+01,3.761061e+01,3.762422e+01,3.785538e+01,3.799113e+01,3.819444e+01,3.853247e+01,3.913836e+01,3.927256e+01,3.932619e+01,4.000779e+01,4.010102e+01,4.010102e+01,4.010102e+01,4.064555e+01,4.063230e+01,4.079120e+01,4.093666e+01,4.158238e+01,4.152981e+01,4.152981e+01,4.206756e+01,4.205447e+01,4.209373e+01,4.274598e+01,4.269394e+01,4.282401e+01,4.281101e+01,4.286300e+01,4.339457e+01,4.334282e+01,4.347216e+01,4.356261e+01,4.373041e+01,4.425804e+01,4.420667e+01,4.423236e+01,4.470657e+01,4.465540e+01,4.478329e+01,4.542068e+01,4.542068e+01,4.542068e+01,4.542068e+01,4.542068e+01,4.576344e+01,4.628204e+01,4.621892e+01,4.616840e+01,4.629466e+01,4.639558e+01,4.639558e+01,4.639558e+01,4.639558e+01,4.691143e+01,4.693653e+01,4.692398e+01,4.692398e+01,4.692398e+01,4.743756e+01,4.745005e+01,4.745005e+01,4.796139e+01,4.797383e+01,4.797383e+01,4.848294e+01,4.856965e+01,4.869342e+01,4.938415e+01,4.950708e+01,4.961762e+01,4.961762e+01,4.961762e+01,5.011990e+01,5.020545e+01,5.070533e+01,5.064448e+01,5.071750e+01,5.075399e+01,5.130010e+01,5.137273e+01,5.148160e+01,5.209673e+01,5.210876e+01,5.260102e+01,5.254110e+01,5.258904e+01,5.263697e+01,5.263697e+01,5.312716e+01,5.311523e+01,5.312716e+01,5.312716e+01,5.312716e+01,5.312716e+01,5.361544e+01,5.348463e+01,5.397153e+01,5.398338e+01,5.386481e+01,5.380548e+01,5.374612e+01,5.374612e+01,5.423202e+01,5.422019e+01,5.411368e+01,5.449198e+01,5.435025e+01,5.429115e+01,5.433843e+01,5.435025e+01,5.483384e+01,5.466891e+01,5.456278e+01,5.456278e+01,5.505731e+01,5.499854e+01,5.493974e+01,5.486914e+01,5.537421e+01,5.530386e+01,5.524520e+01,5.509256e+01,5.506907e+01,5.557334e+01,5.545625e+01,5.538594e+01,5.531559e+01,5.520999e+01,5.563185e+01,5.556164e+01,5.544453e+01,5.543281e+01,5.546796e+01,5.542110e+01,5.585394e+01,5.574878e+01,5.564355e+01,5.553822e+01,5.591232e+01,5.585394e+01,5.579553e+01,5.563185e+01,5.557334e+01,5.553822e+01,5.557334e+01,5.547967e+01,5.587729e+01,5.578384e+01,5.569033e+01,5.563185e+01,5.547967e+01,5.528040e+01,5.522173e+01,5.517477e+01,5.560845e+01,5.557334e+01,5.553822e+01,5.550310e+01,5.546796e+01,5.543281e+01,5.539766e+01,5.532732e+01,5.497503e+01,5.501030e+01,5.482206e+01,5.503381e+01,5.473962e+01,5.470427e+01,5.463354e+01,5.456278e+01,5.439751e+01,5.435025e+01,5.427932e+01,5.460996e+01,5.405447e+01,5.437388e+01,5.431479e+01,5.425567e+01,5.419653e+01,5.394782e+01,5.378174e+01,5.372237e+01,5.355600e+01,5.349652e+01,5.384108e+01,5.379361e+01,5.365110e+01,5.361544e+01,5.335367e+01,5.325835e+01,5.321066e+01,5.316295e+01,5.311523e+01,5.341321e+01,5.318681e+01,5.305554e+01,5.301972e+01,5.288828e+01,5.285241e+01,5.281653e+01,5.273277e+01,5.258904e+01,5.248114e+01,5.255308e+01,5.254110e+01,5.240915e+01,5.252911e+01,5.256507e+01,5.232511e+01,5.218092e+01,5.203656e+01,5.192817e+01,5.219294e+01,5.213282e+01,5.209673e+01,5.156621e+01,5.151787e+01,5.146951e+01,5.146951e+01,5.146951e+01,5.146951e+01,5.140903e+01,5.130010e+01,5.161454e+01,5.143323e+01,5.125166e+01,5.116683e+01,5.120319e+01,5.097273e+01,5.091201e+01,5.085126e+01,5.083910e+01,5.076616e+01,5.069316e+01,5.105769e+01,5.093630e+01,5.071750e+01,5.059578e+01,5.053487e+01,5.044955e+01,5.038857e+01,5.081479e+01,5.060796e+01,5.057142e+01,5.053487e+01,5.032756e+01,5.016879e+01,5.010767e+01,5.007099e+01,5.007099e+01,5.005876e+01,5.002206e+01,4.994862e+01,4.996087e+01,4.996087e+01,4.993638e+01,4.994862e+01,5.036417e+01,5.029094e+01,4.971579e+01,5.021767e+01,5.018102e+01,5.013213e+01,5.008322e+01,5.004652e+01,4.991189e+01,4.987514e+01,5.033977e+01,5.027873e+01,5.025431e+01,4.972805e+01,4.977710e+01,5.035197e+01,5.022988e+01,5.018102e+01,5.007099e+01,5.033977e+01,5.030315e+01,5.035197e+01,5.040077e+01,5.033977e+01,5.008322e+01,5.004652e+01,5.051050e+01,5.055924e+01,5.060796e+01,5.052269e+01,5.049831e+01,5.047393e+01,5.044955e+01,5.047393e+01,5.097273e+01,5.092415e+01,5.089986e+01,5.087556e+01,5.085126e+01,5.082695e+01,5.080264e+01,5.077832e+01,5.074183e+01,5.065665e+01,5.063231e+01,5.110621e+01,5.059578e+01,5.057142e+01,5.060796e+01,5.049831e+01,5.053487e+01,5.057142e+01,5.054705e+01,5.058360e+01,5.047393e+01,5.065665e+01,5.070533e+01,5.065665e+01,5.063231e+01,5.052269e+01,5.070533e+01,5.075399e+01,5.064448e+01,5.041297e+01,5.038857e+01,5.036417e+01,5.025431e+01,5.032756e+01,5.031536e+01,5.007099e+01,5.003429e+01,4.999758e+01,4.982613e+01,4.978936e+01,4.975258e+01,4.965444e+01,4.961762e+01,4.958078e+01,4.937185e+01,4.933494e+01,4.964217e+01,4.960534e+01,4.906394e+01,4.908860e+01,4.903927e+01,4.898993e+01,4.881705e+01,4.854489e+01,4.881705e+01,4.877997e+01,4.824728e+01,4.821003e+01,4.817276e+01,4.796139e+01,4.798627e+01,4.741256e+01,4.726244e+01,4.713719e+01,4.721236e+01,4.666007e+01,4.652160e+01,4.643340e+01,4.624417e+01,4.605464e+01,4.591546e+01,4.576344e+01,4.553505e+01,4.477051e+01,4.477051e+01,4.477051e+01,4.477051e+01,4.450174e+01,4.438637e+01,4.425804e+01,4.405242e+01,4.347216e+01,4.347216e+01,4.347216e+01,4.347216e+01,4.347216e+01,4.347216e+01,4.325219e+01,4.318742e+01,4.288898e+01,4.281101e+01,4.260281e+01,4.248552e+01,4.219834e+01,4.158238e+01,4.158238e+01,4.158238e+01,4.101593e+01,4.081766e+01,4.081766e+01,4.081766e+01,4.031383e+01,4.059254e+01,4.032712e+01,4.014095e+01,3.951371e+01,3.951371e+01,3.951371e+01,3.951371e+01,3.919206e+01,3.854597e+01,3.841090e+01,3.862694e+01,3.861345e+01,3.796399e+01,3.792327e+01,3.778744e+01,3.778744e+01,3.778744e+01,3.748802e+01,3.737894e+01,3.716046e+01,3.698262e+01,3.687303e+01,3.690044e+01,3.636478e+01,3.636478e+01,3.636478e+01,3.636478e+01,3.636478e+01,3.636478e+01,3.593713e+01,3.593713e+01,3.593713e+01,3.593713e+01,3.593713e+01,3.593713e+01,3.593713e+01,3.593713e+01,3.538283e+01,3.538283e+01,3.538283e+01,3.538283e+01,3.538283e+01,3.538283e+01,3.481172e+01,3.489548e+01,3.493734e+01,3.479775e+01,3.479775e+01,3.479775e+01,3.479775e+01,3.479775e+01,3.479775e+01,3.479775e+01,3.479775e+01,3.479775e+01,3.479775e+01,3.479775e+01,3.479775e+01,3.479775e+01,3.479775e+01,3.479775e+01,3.479775e+01,3.479775e+01,3.479775e+01,3.422353e+01,3.416735e+01,3.465798e+01,3.471391e+01,3.469993e+01,3.456003e+01,3.411113e+01,3.463000e+01,3.450402e+01,3.451803e+01,3.451803e+01,3.451803e+01,3.451803e+01,3.451803e+01,3.451803e+01,3.481172e+01,3.481172e+01,3.481172e+01,3.481172e+01,3.538283e+01,3.486757e+01,3.507676e+01,3.514639e+01,3.522990e+01,3.521599e+01,3.520207e+01,3.575729e+01,3.575729e+01,3.575729e+01,3.575729e+01,3.575729e+01,3.575729e+01,3.575729e+01,3.575729e+01,3.575729e+01,3.575729e+01,3.575729e+01,3.575729e+01,3.575729e+01,3.575729e+01,3.575729e+01,3.575729e+01,3.575729e+01,3.575729e+01,3.575729e+01,3.575729e+01,3.575729e+01,3.575729e+01,3.575729e+01,3.575729e+01,3.575729e+01,3.575729e+01,3.575729e+01,3.575729e+01,3.575729e+01,3.575729e+01,3.575729e+01,3.575729e+01,3.518816e+01,3.575729e+01,3.575729e+01,3.575729e+01,3.575729e+01,3.575729e+01,3.518816e+01,3.520207e+01,3.521599e+01,3.522990e+01,3.524381e+01,3.525772e+01,3.527163e+01,3.528554e+01,3.528554e+01,3.528554e+01,3.528554e+01,3.528554e+01,3.528554e+01,3.528554e+01,3.528554e+01,3.528554e+01,3.528554e+01,3.528554e+01,3.528554e+01,3.528554e+01,3.528554e+01,3.528554e+01,3.528554e+01,3.528554e+01,3.528554e+01,3.528554e+01,3.528554e+01,3.528554e+01,3.528554e+01,3.528554e+01,3.528554e+01,3.528554e+01,3.528554e+01,3.528554e+01,3.528554e+01,3.528554e+01,3.528554e+01,3.528554e+01,3.528554e+01,3.528554e+01,3.528554e+01,3.528554e+01,3.528554e+01,3.528554e+01,3.528554e+01,3.528554e+01,3.528554e+01,3.528554e+01,3.528554e+01,3.528554e+01,3.528554e+01,3.528554e+01,3.528554e+01,3.528554e+01,3.528554e+01,3.528554e+01,3.528554e+01,3.528554e+01,3.528554e+01,3.528554e+01,3.528554e+01,3.585417e+01,3.527163e+01,3.529944e+01,3.586800e+01,3.584033e+01,3.584033e+01,3.584033e+01,3.584033e+01,3.584033e+01,3.584033e+01,3.584033e+01,3.584033e+01,3.584033e+01
3.437789e+01,3.380142e+01,3.375912e+01,3.433582e+01,3.380142e+01,3.405489e+01,3.408302e+01,3.408302e+01,3.408302e+01,3.408302e+01,3.408302e+01,3.408302e+01,3.408302e+01,3.408302e+01,3.465798e+01,3.472789e+01,3.471391e+01,3.471391e+01,3.471391e+01,3.471391e+01,3.471391e+01,3.509069e+01,3.509069e+01,3.509069e+01,3.567419e+01,3.567419e+01,3.567419e+01,3.567419e+01,3.567419e+01,3.567419e+01,3.567419e+01,3.567419e+01,3.624080e+01,3.621323e+01,3.618565e+01,3.628214e+01,3.641985e+01,3.641985e+01,3.641985e+01,3.641985e+01,3.641985e+01,3.698262e+01,3.709209e+01,3.709209e+01,3.709209e+01,3.709209e+01,3.762422e+01,3.818090e+01,3.815381e+01,3.822152e+01,3.853247e+01,3.884256e+01,3.900400e+01,3.919206e+01,3.958060e+01,3.970091e+01,4.027396e+01,4.040681e+01,4.055276e+01,4.055276e+01,4.109513e+01,4.118748e+01,4.129292e+01,4.133244e+01,4.200212e+01,4.210681e+01,4.210681e+01,4.264187e+01,4.278500e+01,4.278500e+01,4.278500e+01,4.278500e+01,4.331693e+01,4.343337e+01,4.343337e+01,4.343337e+01,4.396235e+01,4.405242e+01,4.416813e+01,4.416813e+01,4.469378e+01,4.474494e+01,4.474494e+01,4.474494e+01,4.542068e+01,4.542068e+01,4.542068e+01,4.594078e+01,4.596609e+01,4.595344e+01,4.600405e+01,4.604200e+01,4.604200e+01,4.655938e+01,4.652160e+01,4.652160e+01,4.652160e+01,4.652160e+01,4.691143e+01,4.691143e+01,4.691143e+01,4.691143e+01,4.742506e+01,4.747505e+01,4.747505e+01,4.747505e+01,4.796139e+01,4.796139e+01,4.847055e+01,4.852011e+01,4.902694e+01,4.905161e+01,4.929802e+01,4.929802e+01,4.961762e+01,5.011990e+01,5.014435e+01,5.018102e+01,5.033977e+01,5.043736e+01,5.097273e+01,5.092415e+01,5.155413e+01,5.159038e+01,5.203656e+01,5.206063e+01,5.262498e+01,5.264894e+01,5.269685e+01,5.269685e+01,5.269685e+01,5.269685e+01,5.318681e+01,5.323450e+01,5.323450e+01,5.323450e+01,5.372237e+01,5.362733e+01,5.365110e+01,5.369862e+01,5.419653e+01,5.424385e+01,5.420836e+01,5.420836e+01,5.420836e+01,5.420836e+01,5.420836e+01,5.469249e+01,5.458637e+01,5.453918e+01,5.452738e+01,5.501030e+01,5.485738e+01,5.476318e+01,5.526867e+01,5.531559e+01,5.505731e+01,5.533904e+01,5.537421e+01,5.542110e+01,5.532732e+01,5.523347e+01,5.572541e+01,5.577216e+01,5.562015e+01,5.600567e+01,5.577216e+01,5.578384e+01,5.583058e+01,5.569033e+01,5.586562e+01,5.619217e+01,5.612226e+01,5.616887e+01,5.601733e+01,5.629696e+01,5.621547e+01,5.614557e+01,5.613392e+01,5.618052e+01,5.605232e+01,5.640166e+01,5.632023e+01,5.630860e+01,5.665725e+01,5.654113e+01,5.632023e+01,5.620382e+01,5.611061e+01,5.652952e+01,5.647142e+01,5.651790e+01,5.636677e+01,5.621547e+01,5.657598e+01,5.637840e+01,5.613392e+01,5.602900e+01,5.601733e+01,5.606398e+01,5.598234e+01,5.590064e+01,5.585394e+01,5.580721e+01,5.576047e+01,5.619217e+01,5.605232e+01,5.574878e+01,5.570202e+01,5.546796e+01,5.539766e+01,5.524520e+01,5.516303e+01,5.552652e+01,5.542110e+01,5.522173e+01,5.513955e+01,5.509256e+01,5.504556e+01,5.505731e+01,5.456278e+01,5.479851e+01,5.470427e+01,5.457458e+01,5.446836e+01,5.475140e+01,5.466891e+01,5.448017e+01,5.444475e+01,5.442113e+01,5.435025e+01,5.418470e+01,5.407816e+01,5.435025e+01,5.423202e+01,5.416103e+01,5.409000e+01,5.406631e+01,5.404263e+01,5.379361e+01,5.363921e+01,5.357978e+01,5.342512e+01,5.336558e+01,5.330602e+01,5.319873e+01,5.352032e+01,5.338940e+01,5.336558e+01,5.332985e+01,5.268488e+01,5.317488e+01,5.313909e+01,5.286437e+01,5.268488e+01,5.299583e+01,5.291219e+01,5.239715e+01,5.262498e+01,5.248114e+01,5.222900e+01,5.215687e+01,5.257705e+01,5.251711e+01,5.250512e+01,5.200044e+01,5.191612e+01,5.183175e+01,5.228908e+01,5.208469e+01,5.187997e+01,5.177145e+01,5.174733e+01,5.198840e+01,5.191612e+01,5.184381e+01,5.181969e+01,5.173526e+01,5.168699e+01,5.166284e+01,5.152996e+01,5.130010e+01,5.116683e+01,5.109408e+01,5.099701e+01,5.097273e+01,5.102128e+01,5.102128e+01,5.102128e+01,5.102128e+01,5.102128e+01,5.102128e+01,5.102128e+01,5.102128e+01,5.102128e+01,5.102128e+01,5.052269e+01,5.093630e+01,5.092415e+01,5.091201e+01,5.087556e+01,5.091201e+01,5.096059e+01,5.077832e+01,5.080264e+01,5.085126e+01,5.080264e+01,5.074183e+01,5.068100e+01,5.063231e+01,5.098487e+01,5.098487e+01,5.103342e+01,5.097273e+01,5.083910e+01,5.053487e+01,5.106982e+01,5.103342e+01,5.091201e+01,5.086341e+01,5.077832e+01,5.075399e+01,5.121531e+01,5.072967e+01,5.123954e+01,5.110621e+01,5.091201e+01,5.092415e+01,5.097273e+01,5.097273e+01,5.146951e+01,5.139693e+01,5.138484e+01,5.137273e+01,5.136063e+01,5.140903e+01,5.145742e+01,5.142113e+01,5.140903e+01,5.139693e+01,5.138484e+01,5.137273e+01,5.136063e+01,5.134853e+01,5.132432e+01,5.125166e+01,5.127588e+01,5.123954e+01,5.149369e+01,5.148160e+01,5.149369e+01,5.139693e+01,5.140903e+01,5.142113e+01,5.140903e+01,5.142113e+01,5.132432e+01,5.133643e+01,5.134853e+01,5.131221e+01,5.130010e+01,5.120319e+01,5.121531e+01,5.122743e+01,5.113046e+01,5.091201e+01,5.089986e+01,5.088771e+01,5.079048e+01,5.080264e+01,5.080264e+01,5.057142e+01,5.054705e+01,5.052269e+01,5.086341e+01,5.035197e+01,5.032756e+01,5.024210e+01,5.021767e+01,5.019323e+01,4.999758e+01,4.998534e+01,4.996087e+01,4.978936e+01,5.003429e+01,5.004652e+01,4.950708e+01,4.945792e+01,4.971579e+01,4.948251e+01,4.945792e+01,4.931033e+01,4.900227e+01,4.896524e+01,4.842097e+01,4.842097e+01,4.842097e+01,4.792405e+01,4.776210e+01,4.762490e+01,4.751253e+01,4.724992e+01,4.709959e+01,4.699928e+01,4.679838e+01,4.659715e+01,4.592812e+01,4.592812e+01,4.592812e+01,4.529348e+01,4.526802e+01,4.524256e+01,4.517888e+01,4.506417e+01,4.492382e+01,4.477051e+01,4.445048e+01,4.416813e+01,4.414242e+01,4.411671e+01,4.356261e+01,4.356261e+01,4.356261e+01,4.356261e+01,4.318742e+01,4.303181e+01,4.303181e+01,4.260281e+01,4.245945e+01,4.219834e+01,4.189733e+01,4.192353e+01,4.177932e+01,4.152981e+01,4.129292e+01,4.125339e+01,4.113472e+01,4.073826e+01,4.072502e+01,4.032712e+01,3.996781e+01,3.983444e+01,3.986113e+01,3.933960e+01,3.931279e+01,3.919206e+01,3.886948e+01,3.874828e+01,3.820798e+01,3.809961e+01,3.846495e+01,3.838387e+01,3.765144e+01,3.765144e+01,3.765144e+01,3.765144e+01,3.709209e+01,3.709209e+01,3.709209e+01,3.652988e+01,3.644736e+01,3.687303e+01,3.681820e+01,3.676334e+01,3.619944e+01,3.619944e+01,3.619944e+01,3.619944e+01,3.619944e+01,3.563261e+01,3.564648e+01,3.566034e+01,3.566034e+01,3.566034e+01,3.566034e+01,3.566034e+01,3.566034e+01,3.566034e+01,3.509069e+01,3.510462e+01,3.492339e+01,3.534114e+01,3.528554e+01,3.527163e+01,3.511855e+01,3.510462e+01,3.509069e+01,3.507676e+01,3.507676e+01,3.450402e+01,3.451803e+01,3.451803e+01,3.451803e+01,3.451803e+01,3.451803e+01,3.451803e+01,3.451803e+01,3.451803e+01,3.451803e+01,3.451803e+01,3.451803e+01,3.451803e+01,3.451803e+01,3.451803e+01,3.451803e+01,3.451803e+01,3.451803e+01,3.451803e+01,3.451803e+01,3.451803e+01,3.451803e+01,3.451803e+01,3.451803e+01,3.451803e+01,3.451803e+01,3.451803e+01,3.451803e+01,3.481172e+01,3.481172e+01,3.481172e+01,3.538283e+01,3.534114e+01,3.520207e+01,3.518816e+01,3.518816e+01,3.518816e+01,3.518816e+01,3.575729e+01,3.578498e+01,3.578498e+01,3.578498e+01,3.578498e+01,3.578498e+01,3.578498e+01,3.578498e+01,3.578498e+01,3.578498e+01,3.578498e+01,3.578498e+01,3.578498e+01,3.578498e+01,3.578498e+01,3.578498e+01,3.578498e+01,3.578498e+01,3.578498e+01,3.578498e+01,3.578498e+01,3.578498e+01,3.578498e+01,3.578498e+01,3.578498e+01,3.578498e+01,3.578498e+01,3.578498e+01,3.578498e+01,3.578498e+01,3.578498e+01,3.578498e+01,3.578498e+01,3.578498e+01,3.578498e+01,3.578498e+01,3.578498e+01,3.521599e+01,3.572960e+01,3.552167e+01,3.550779e+01,3.549392e+01,3.549392e+01,3.549392e+01,3.549392e+01,3.549392e+01,3.549392e+01,3.549392e+01,3.549392e+01,3.549392e+01,3.549392e+01,3.549392e+01,3.549392e+01,3.549392e+01,3.549392e+01,3.549392e+01,3.549392e+01,3.549392e+01,3.549392e+01,3.549392e+01,3.549392e+01,3.549392e+01,3.549392e+01,3.549392e+01,3.549392e+01,3.549392e+01,3.549392e+01,3.549392e+01,3.549392e+01,3.549392e+01,3.549392e+01,3.549392e+01,3.549392e+01,3.549392e+01,3.549392e+01,3.549392e+01,3.549392e+01,3.549392e+01,3.549392e+01,3.549392e+01,3.549392e+01,3.549392e+01,3.549392e+01,3.549392e+01,3.549392e+01,3.549392e+01,3.549392e+01,3.549392e+01,3.549392e+01,3.549392e+01,3.549392e+01,3.549392e+01,3.549392e+01,3.549392e+01,3.549392e+01,3.549392e+01,3.549392e+01,3.549392e+01,3.549392e+01,3.549392e+01,3.549392e+01,3.549392e+01,3.549392e+01,3.549392e+01,3.549392e+01,3.549392e+01,3.549392e+01,3.549392e+01,3.549392e+01,3.549392e+01,3.549392e+01,3.549392e+01,3.549392e+01
3.419545e+01,3.413924e+01,3.420949e+01,3.422353e+01,3.413924e+01,3.412519e+01,3.412519e+01,3.412519e+01,3.412519e+01,3.412519e+01,3.412519e+01,3.412519e+01,3.412519e+01,3.469993e+01,3.415330e+01,3.485361e+01,3.485361e+01,3.485361e+01,3.485361e+01,3.485361e+01,3.485361e+01,3.485361e+01,3.542450e+01,3.553555e+01,3.557716e+01,3.557716e+01,3.557716e+01,3.557716e+01,3.557716e+01,3.614427e+01,3.607527e+01,3.618565e+01,3.625458e+01,3.625458e+01,3.625458e+01,3.625458e+01,3.625458e+01,3.625458e+01,3.625458e+01,3.625458e+01,3.625458e+01,3.698262e+01,3.698262e+01,3.698262e+01,3.754252e+01,3.758338e+01,3.762422e+01,3.841090e+01,3.841090e+01,3.841090e+01,3.896367e+01,3.895021e+01,3.950032e+01,3.952709e+01,3.956723e+01,3.986113e+01,3.996781e+01,4.065880e+01,4.065880e+01,4.065880e+01,4.109513e+01,4.109513e+01,4.163493e+01,4.173996e+01,4.191043e+01,4.191043e+01,4.244640e+01,4.255069e+01,4.255069e+01,4.255069e+01,4.255069e+01,4.308371e+01,4.322629e+01,4.322629e+01,4.375620e+01,4.385932e+01,4.397522e+01,4.397522e+01,4.397522e+01,4.450174e+01,4.460420e+01,4.460420e+01,4.460420e+01,4.512791e+01,4.533165e+01,4.533165e+01,4.533165e+01,4.594078e+01,4.594078e+01,4.594078e+01,4.594078e+01,4.594078e+01,4.594078e+01,4.655938e+01,4.655938e+01,4.655938e+01,4.655938e+01,4.707452e+01,4.704945e+01,4.704945e+01,4.704945e+01,4.756248e+01,4.757497e+01,4.757497e+01,4.757497e+01,4.808577e+01,4.809820e+01,4.825970e+01,4.838377e+01,4.910093e+01,4.911326e+01,4.911326e+01,4.911326e+01,4.961762e+01,4.964217e+01,5.033977e+01,5.033977e+01,5.033977e+01,5.033977e+01,5.083910e+01,5.148160e+01,5.146951e+01,5.157830e+01,5.175939e+01,5.226505e+01,5.243315e+01,5.254110e+01,5.254110e+01,5.303166e+01,5.300777e+01,5.347272e+01,5.350842e+01,5.353221e+01,5.352032e+01,5.399523e+01,5.403078e+01,5.405447e+01,5.395967e+01,5.395967e+01,5.405447e+01,5.411368e+01,5.459817e+01,5.456278e+01,5.456278e+01,5.456278e+01,5.456278e+01,5.465713e+01,5.471606e+01,5.519825e+01,5.509256e+01,5.511606e+01,5.513955e+01,5.513955e+01,5.524520e+01,5.577216e+01,5.571371e+01,5.597067e+01,5.594733e+01,5.588897e+01,5.583058e+01,5.615722e+01,5.609895e+01,5.613392e+01,5.608730e+01,5.650628e+01,5.654113e+01,5.626204e+01,5.621547e+01,5.616887e+01,5.650628e+01,5.652952e+01,5.650628e+01,5.644817e+01,5.645979e+01,5.684280e+01,5.681963e+01,5.669206e+01,5.705124e+01,5.700495e+01,5.697022e+01,5.686598e+01,5.684280e+01,5.720157e+01,5.673846e+01,5.719001e+01,5.705124e+01,5.728245e+01,5.715534e+01,5.709752e+01,5.713221e+01,5.706281e+01,5.705124e+01,5.688915e+01,5.723624e+01,5.722469e+01,5.697022e+01,5.678485e+01,5.666885e+01,5.664564e+01,5.663403e+01,5.701653e+01,5.693549e+01,5.688915e+01,5.684280e+01,5.683121e+01,5.679644e+01,5.659920e+01,5.635514e+01,5.630860e+01,5.607564e+01,5.600567e+01,5.633187e+01,5.625040e+01,5.622711e+01,5.565525e+01,5.565525e+01,5.565525e+01,5.565525e+01,5.565525e+01,5.565525e+01,5.552652e+01,5.552652e+01,5.543281e+01,5.530386e+01,5.522173e+01,5.520999e+01,5.512780e+01,5.493974e+01,5.490445e+01,5.488091e+01,5.481029e+01,5.464534e+01,5.456278e+01,5.455098e+01,5.455098e+01,5.455098e+01,5.455098e+01,5.455098e+01,5.455098e+01,5.455098e+01,5.455098e+01,5.455098e+01,5.455098e+01,5.455098e+01,5.427932e+01,5.419653e+01,5.418470e+01,5.405447e+01,5.403078e+01,5.388853e+01,5.335367e+01,5.338940e+01,5.381735e+01,5.360356e+01,5.344893e+01,5.343702e+01,5.324643e+01,5.300777e+01,5.300777e+01,5.329410e+01,5.310329e+01,5.306748e+01,5.310329e+01,5.304360e+01,5.292414e+01,5.263697e+01,5.304360e+01,5.245715e+01,5.249313e+01,5.249313e+01,5.249313e+01,5.249313e+01,5.249313e+01,5.249313e+01,5.249313e+01,5.249313e+01,5.249313e+01,5.249313e+01,5.249313e+01,5.215687e+01,5.203656e+01,5.231310e+01,5.220496e+01,5.215687e+01,5.208469e+01,5.208469e+01,5.202452e+01,5.204859e+01,5.157830e+01,5.159038e+01,5.160246e+01,5.161454e+01,5.162661e+01,5.163869e+01,5.165076e+01,5.154205e+01,5.165076e+01,5.161454e+01,5.161454e+01,5.161454e+01,5.159038e+01,5.160246e+01,5.161454e+01,5.144532e+01,5.145742e+01,5.146951e+01,5.143323e+01,5.138484e+01,5.133643e+01,5.131221e+01,5.130010e+01,5.131221e+01,5.132432e+01,5.177145e+01,5.157830e+01,5.130010e+01,5.133643e+01,5.132432e+01,5.172319e+01,5.168699e+01,5.161454e+01,5.162661e+01,5.159038e+01,5.178352e+01,5.181969e+01,5.169905e+01,5.151787e+01,5.152996e+01,5.154205e+01,5.157830e+01,5.210876e+01,5.204859e+01,5.204859e+01,5.204859e+01,5.204859e+01,5.206063e+01,5.207266e+01,5.204859e+01,5.204859e+01,5.204859e+01,5.204859e+01,5.204859e+01,5.204859e+01,5.204859e+01,5.203656e+01,5.197635e+01,5.198840e+01,5.197635e+01,5.196431e+01,5.196431e+01,5.197635e+01,5.189202e+01,5.239715e+01,5.191612e+01,5.191612e+01,5.192817e+01,5.233712e+01,5.185587e+01,5.186792e+01,5.233712e+01,5.184381e+01,5.175939e+01,5.177145e+01,5.178352e+01,5.169905e+01,5.198840e+01,5.150578e+01,5.150578e+01,5.142113e+01,5.143323e+01,5.144532e+01,5.122743e+01,5.171112e+01,5.119107e+01,5.114259e+01,5.140903e+01,5.091201e+01,5.083910e+01,5.082695e+01,5.081479e+01,5.063231e+01,5.063231e+01,5.062013e+01,5.046174e+01,5.047393e+01,5.036417e+01,5.060796e+01,5.058360e+01,5.005876e+01,4.985064e+01,4.985064e+01,4.965444e+01,4.949480e+01,4.934724e+01,4.910093e+01,4.860680e+01,4.843337e+01,4.870578e+01,4.803603e+01,4.792405e+01,4.776210e+01,4.763738e+01,4.751253e+01,4.740005e+01,4.722488e+01,4.691143e+01,4.654679e+01,4.653419e+01,4.642079e+01,4.601670e+01,4.597874e+01,4.594078e+01,4.534438e+01,4.534438e+01,4.534438e+01,4.477051e+01,4.502591e+01,4.480885e+01,4.475772e+01,4.461700e+01,4.429655e+01,4.374331e+01,4.374331e+01,4.374331e+01,4.374331e+01,4.356261e+01,4.344630e+01,4.279800e+01,4.279800e+01,4.279800e+01,4.243336e+01,4.240727e+01,4.170059e+01,4.170059e+01,4.170059e+01,4.125339e+01,4.112152e+01,4.088379e+01,4.085734e+01,4.052624e+01,4.031383e+01,4.020747e+01,3.951371e+01,3.998114e+01,3.936640e+01,3.923232e+01,3.905777e+01,3.929938e+01,3.900400e+01,3.837035e+01,3.831625e+01,3.814026e+01,3.795042e+01,3.797756e+01,3.744713e+01,3.726975e+01,3.776026e+01,3.714679e+01,3.696893e+01,3.683191e+01,3.683191e+01,3.685933e+01,3.629592e+01,3.625458e+01,3.614427e+01,3.614427e+01,3.614427e+01,3.614427e+01,3.614427e+01,3.614427e+01,3.564648e+01,3.564648e+01,3.564648e+01,3.564648e+01,3.564648e+01,3.564648e+01,3.564648e+01,3.564648e+01,3.564648e+01,3.510462e+01,3.550779e+01,3.549392e+01,3.492339e+01,3.489548e+01,3.486757e+01,3.486757e+01,3.486757e+01,3.486757e+01,3.486757e+01,3.486757e+01,3.486757e+01,3.486757e+01,3.486757e+01,3.486757e+01,3.486757e+01,3.486757e+01,3.486757e+01,3.486757e+01,3.486757e+01,3.486757e+01,3.486757e+01,3.486757e+01,3.486757e+01,3.486757e+01,3.451803e+01,3.451803e+01,3.451803e+01,3.451803e+01,3.451803e+01,3.451803e+01,3.451803e+01,3.451803e+01,3.451803e+01,3.451803e+01,3.451803e+01,3.509069e+01,3.510462e+01,3.509069e+01,3.509069e+01,3.509069e+01,3.509069e+01,3.509069e+01,3.509069e+01,3.509069e+01,3.509069e+01,3.566034e+01,3.570190e+01,3.524381e+01,3.589566e+01,3.589566e+01,3.589566e+01,3.589566e+01,3.589566e+01,3.589566e+01,3.589566e+01,3.589566e+01,3.589566e+01,3.589566e+01,3.589566e+01,3.589566e+01,3.589566e+01,3.589566e+01,3.589566e+01,3.589566e+01,3.589566e+01,3.589566e+01,3.589566e+01,3.589566e+01,3.589566e+01,3.589566e+01,3.589566e+01,3.589566e+01,3.589566e+01,3.589566e+01,3.589566e+01,3.589566e+01,3.589566e+01,3.589566e+01,3.589566e+01,3.589566e+01,3.532724e+01,3.539672e+01,3.536894e+01,3.581266e+01,3.563261e+01,3.560489e+01,3.560489e+01,3.560489e+01,3.560489e+01,3.560489e+01,3.560489e+01,3.560489e+01,3.560489e+01,3.560489e+01,3.560489e+01,3.560489e+01,3.560489e+01,3.560489e+01,3.560489e+01,3.560489e+01,3.560489e+01,3.560489e+01,3.560489e+01,3.560489e+01,3.560489e+01,3.560489e+01,3.560489e+01,3.560489e+01,3.560489e+01,3.560489e+01,3.560489e+01,3.560489e+01,3.560489e+01,3.560489e+01,3.560489e+01,3.560489e+01,3.560489e+01,3.560489e+01,3.560489e+01,3.560489e+01,3.560489e+01,3.560489e+01,3.560489e+01,3.560489e+01,3.560489e+01,3.560489e+01,3.560489e+01,3.560489e+01,3.560489e+01,3.560489e+01,3.560489e+01,3.560489e+01,3.560489e+01,3.560489e+01,3.560489e+01,3.560489e+01,3.560489e+01,3.560489e+01,3.560489e+01,3.560489e+01,3.560489e+01,3.560489e+01,3.560489e+01,3.560489e+01,3.560489e+01,3.560489e+01,3.560489e+01,3.560489e+01,3.560489e+01,3.560489e+01,3.560489e+01,3.560489e+01,3.560489e+01,3.560489e+01,3.560489e+01,3.560489e+01,3.560489e+01,3.560489e+01,3.560489e+01,3.560489e+01
3.419545e+01,3.419545e+01,3.419545e+01,3.419545e+01,3.419545e+01,3.419545e+01,3.419545e+01,3.419545e+01,3.419545e+01,3.419545e+01,3.419545e+01,3.419545e+01,3.419545e+01,3.419545e+01,3.419545e+01,3.427969e+01,3.492339e+01,3.492339e+01,3.492339e+01,3.492339e+01,3.492339e+01,3.492339e+01,3.542450e+01,3.542450e+01,3.542450e+01,3.542450e+01,3.542450e+01,3.542450e+01,3.542450e+01,3.557716e+01,3.566034e+01,3.574345e+01,3.635102e+01,3.635102e+01,3.635102e+01,3.635102e+01,3.635102e+01,3.635102e+01,3.635102e+01,3.635102e+01,3.691414e+01,3.702368e+01,3.702368e+01,3.702368e+01,3.754252e+01,3.754252e+01,3.809961e+01,3.845144e+01,3.845144e+01,3.845144e+01,3.896367e+01,3.912493e+01,3.920548e+01,3.976770e+01,3.979440e+01,4.026067e+01,3.982109e+01,4.022078e+01,4.084412e+01,4.101593e+01,4.097630e+01,4.114791e+01,4.134560e+01,4.145090e+01,4.162180e+01,4.177932e+01,4.202830e+01,4.266791e+01,4.266791e+01,4.266791e+01,4.266791e+01,4.308371e+01,4.308371e+01,4.361427e+01,4.364009e+01,4.364009e+01,4.364009e+01,4.397522e+01,4.414242e+01,4.421951e+01,4.485996e+01,4.485996e+01,4.485996e+01,4.485996e+01,4.533165e+01,4.533165e+01,4.533165e+01,4.594078e+01,4.594078e+01,4.594078e+01,4.594078e+01,4.594078e+01,4.645860e+01,4.659715e+01,4.659715e+01,4.659715e+01,4.711213e+01,4.714972e+01,4.714972e+01,4.714972e+01,4.714972e+01,4.756248e+01,4.756248e+01,4.756248e+01,4.756248e+01,4.808577e+01,4.808577e+01,4.859442e+01,4.868105e+01,4.898993e+01,4.898993e+01,4.949480e+01,4.958078e+01,5.015657e+01,5.019323e+01,5.038857e+01,5.038857e+01,5.088771e+01,5.092415e+01,5.092415e+01,5.121531e+01,5.173526e+01,5.219294e+01,5.222900e+01,5.231310e+01,5.231310e+01,5.280457e+01,5.288828e+01,5.341321e+01,5.347272e+01,5.352032e+01,5.400708e+01,5.392411e+01,5.394782e+01,5.404263e+01,5.404263e+01,5.452738e+01,5.435025e+01,5.426750e+01,5.472784e+01,5.476318e+01,5.481029e+01,5.481029e+01,5.504556e+01,5.496326e+01,5.536249e+01,5.529213e+01,5.532732e+01,5.537421e+01,5.537421e+01,5.537421e+01,5.585394e+01,5.578384e+01,5.581889e+01,5.586562e+01,5.630860e+01,5.629696e+01,5.626204e+01,5.619217e+01,5.668045e+01,5.666885e+01,5.654113e+01,5.694707e+01,5.693549e+01,5.698180e+01,5.692390e+01,5.670366e+01,5.706281e+01,5.702810e+01,5.701653e+01,5.695864e+01,5.735173e+01,5.724780e+01,5.728245e+01,5.732864e+01,5.725935e+01,5.714378e+01,5.760544e+01,5.751324e+01,5.743251e+01,5.728245e+01,5.727090e+01,5.722469e+01,5.755935e+01,5.760544e+01,5.742097e+01,5.788166e+01,5.770909e+01,5.760544e+01,5.755935e+01,5.744405e+01,5.738636e+01,5.777814e+01,5.777814e+01,5.770909e+01,5.751324e+01,5.775513e+01,5.760544e+01,5.754782e+01,5.757087e+01,5.761696e+01,5.750171e+01,5.742097e+01,5.734018e+01,5.729400e+01,5.769758e+01,5.744405e+01,5.725935e+01,5.719001e+01,5.693549e+01,5.687757e+01,5.687757e+01,5.677325e+01,5.664564e+01,5.628532e+01,5.626204e+01,5.623875e+01,5.621547e+01,5.619217e+01,5.616887e+01,5.601733e+01,5.599400e+01,5.587729e+01,5.572541e+01,5.609895e+01,5.559675e+01,5.597067e+01,5.577216e+01,5.572541e+01,5.569033e+01,5.560845e+01,5.543281e+01,5.533904e+01,5.531559e+01,5.530386e+01,5.529213e+01,5.528040e+01,5.526867e+01,5.525694e+01,5.524520e+01,5.523347e+01,5.522173e+01,5.472784e+01,5.469249e+01,5.502205e+01,5.443294e+01,5.443294e+01,5.443294e+01,5.443294e+01,5.443294e+01,5.443294e+01,5.443294e+01,5.430297e+01,5.405447e+01,5.386481e+01,5.381735e+01,5.410184e+01,5.382922e+01,5.384108e+01,5.384108e+01,5.361544e+01,5.354411e+01,5.350842e+01,5.341321e+01,5.373425e+01,5.347272e+01,5.343702e+01,5.355600e+01,5.349652e+01,5.346083e+01,5.342512e+01,5.338940e+01,5.335367e+01,5.331794e+01,5.328218e+01,5.324643e+01,5.321066e+01,5.268488e+01,5.264894e+01,5.293609e+01,5.282849e+01,5.282849e+01,5.267290e+01,5.257705e+01,5.245715e+01,5.245715e+01,5.239715e+01,5.274473e+01,5.250512e+01,5.245715e+01,5.240915e+01,5.236114e+01,5.231310e+01,5.226505e+01,5.221698e+01,5.255308e+01,5.250512e+01,5.242115e+01,5.237314e+01,5.232511e+01,5.225304e+01,5.220496e+01,5.215687e+01,5.243315e+01,5.239715e+01,5.236114e+01,5.228908e+01,5.220496e+01,5.212078e+01,5.206063e+01,5.201248e+01,5.197635e+01,5.201248e+01,5.206063e+01,5.232511e+01,5.210876e+01,5.207266e+01,5.209673e+01,5.214484e+01,5.207266e+01,5.249313e+01,5.245715e+01,5.238515e+01,5.234913e+01,5.231310e+01,5.215687e+01,5.243315e+01,5.240915e+01,5.238515e+01,5.242115e+01,5.246914e+01,5.242115e+01,5.243315e+01,5.293609e+01,5.242115e+01,5.244515e+01,5.246914e+01,5.290023e+01,5.287632e+01,5.285241e+01,5.282849e+01,5.280457e+01,5.278064e+01,5.275670e+01,5.272079e+01,5.312716e+01,5.306748e+01,5.304360e+01,5.301972e+01,5.300777e+01,5.299583e+01,5.294804e+01,5.291219e+01,5.315102e+01,5.260102e+01,5.263697e+01,5.260102e+01,5.288828e+01,5.292414e+01,5.288828e+01,5.263697e+01,5.254110e+01,5.252911e+01,5.251711e+01,5.244515e+01,5.239715e+01,5.215687e+01,5.263697e+01,5.248114e+01,5.248114e+01,5.198840e+01,5.230109e+01,5.226505e+01,5.198840e+01,5.195227e+01,5.190408e+01,5.165076e+01,5.156621e+01,5.154205e+01,5.151787e+01,5.132432e+01,5.131221e+01,5.128799e+01,5.111834e+01,5.110621e+01,5.098487e+01,5.097273e+01,5.081479e+01,5.055924e+01,5.033977e+01,5.032756e+01,5.011990e+01,4.994862e+01,4.978936e+01,4.943334e+01,4.974032e+01,4.905161e+01,4.900227e+01,4.864392e+01,4.852011e+01,4.834657e+01,4.821003e+01,4.807334e+01,4.794894e+01,4.771223e+01,4.740005e+01,4.709959e+01,4.707452e+01,4.689887e+01,4.655938e+01,4.599140e+01,4.630728e+01,4.602935e+01,4.600405e+01,4.536982e+01,4.559853e+01,4.505142e+01,4.505142e+01,4.505142e+01,4.505142e+01,4.429655e+01,4.403955e+01,4.406528e+01,4.409100e+01,4.411671e+01,4.343337e+01,4.326514e+01,4.362718e+01,4.305776e+01,4.301883e+01,4.281101e+01,4.264187e+01,4.225061e+01,4.166120e+01,4.149036e+01,4.156924e+01,4.145090e+01,4.122703e+01,4.116110e+01,4.044664e+01,4.044664e+01,3.990114e+01,4.016756e+01,4.012764e+01,3.983444e+01,3.963409e+01,3.947355e+01,3.888294e+01,3.885602e+01,3.869437e+01,3.865392e+01,3.793685e+01,3.793685e+01,3.793685e+01,3.793685e+01,3.793685e+01,3.737894e+01,3.725610e+01,3.725610e+01,3.683191e+01,3.683191e+01,3.683191e+01,3.683191e+01,3.625458e+01,3.625458e+01,3.625458e+01,3.625458e+01,3.625458e+01,3.625458e+01,3.568805e+01,3.615807e+01,3.608907e+01,3.608907e+01,3.608907e+01,3.552167e+01,3.552167e+01,3.552167e+01,3.552167e+01,3.552167e+01,3.552167e+01,3.552167e+01,3.552167e+01,3.552167e+01,3.552167e+01,3.552167e+01,3.543839e+01,3.479775e+01,3.479775e+01,3.479775e+01,3.479775e+01,3.479775e+01,3.479775e+01,3.479775e+01,3.479775e+01,3.479775e+01,3.479775e+01,3.479775e+01,3.479775e+01,3.479775e+01,3.479775e+01,3.479775e+01,3.479775e+01,3.479775e+01,3.479775e+01,3.479775e+01,3.422353e+01,3.422353e+01,3.422353e+01,3.422353e+01,3.422353e+01,3.479775e+01,3.479775e+01,3.479775e+01,3.479775e+01,3.479775e+01,3.479775e+01,3.479775e+01,3.479775e+01,3.509069e+01,3.509069e+01,3.509069e+01,3.509069e+01,3.509069e+01,3.509069e+01,3.509069e+01,3.566034e+01,3.552167e+01,3.564648e+01,3.578498e+01,3.578498e+01,3.578498e+01,3.578498e+01,3.578498e+01,3.578498e+01,3.578498e+01,3.578498e+01,3.578498e+01,3.635102e+01,3.626836e+01,3.568805e+01,3.568805e+01,3.568805e+01,3.568805e+01,3.568805e+01,3.568805e+01,3.568805e+01,3.568805e+01,3.568805e+01,3.568805e+01,3.568805e+01,3.568805e+01,3.568805e+01,3.568805e+01,3.568805e+01,3.568805e+01,3.568805e+01,3.568805e+01,3.568805e+01,3.568805e+01,3.568805e+01,3.568805e+01,3.568805e+01,3.568805e+01,3.568805e+01,3.568805e+01,3.568805e+01,3.568805e+01,3.568805e+01,3.568805e+01,3.568805e+01,3.568805e+01,3.568805e+01,3.568805e+01,3.568805e+01,3.568805e+01,3.568805e+01,3.568805e+01,3.568805e+01,3.568805e+01,3.568805e+01,3.568805e+01,3.568805e+01,3.568805e+01,3.568805e+01,3.568805e+01,3.568805e+01,3.568805e+01,3.568805e+01,3.511855e+01,3.520207e+01,3.522990e+01,3.525772e+01,3.528554e+01,3.531334e+01,3.534114e+01,3.534114e+01,3.534114e+01,3.534114e+01,3.534114e+01,3.534114e+01,3.534114e+01,3.534114e+01,3.534114e+01,3.534114e+01,3.534114e+01,3.534114e+01,3.534114e+01,3.534114e+01,3.534114e+01,3.534114e+01,3.534114e+01,3.534114e+01,3.534114e+01,3.534114e+01,3.534114e+01,3.534114e+01,3.534114e+01,3.534114e+01,3.534114e+01,3.534114e+01,3.534114e+01,3.534114e+01,3.534114e+01,3.534114e+01,3.534114e+01,3.534114e+01,3.534114e+01,3.534114e+01,3.534114e+01,3.590948e+01,3.588183e+01,3.588183e+01,3.588183e+01,3.588183e+01,3.588183e+01,3.588183e+01,3.588183e+01,3.588183e+01,3.588183e+01,3.588183e+01
3.419545e+01,3.419545e+01,3.419545e+01,3.419545e+01,3.419545e+01,3.419545e+01,3.419545e+01,3.419545e+01,3.419545e+01,3.419545e+01,3.419545e+01,3.419545e+01,3.419545e+01,3.419545e+01,3.476981e+01,3.425162e+01,3.456003e+01,3.458803e+01,3.461602e+01,3.464399e+01,3.521599e+01,3.474187e+01,3.490944e+01,3.556329e+01,3.556329e+01,3.556329e+01,3.556329e+01,3.556329e+01,3.556329e+01,3.556329e+01,3.556329e+01,3.613047e+01,3.624080e+01,3.624080e+01,3.624080e+01,3.624080e+01,3.624080e+01,3.624080e+01,3.624080e+01,3.624080e+01,3.635102e+01,3.655737e+01,3.721512e+01,3.739258e+01,3.743349e+01,3.761061e+01,3.808606e+01,3.827567e+01,3.827567e+01,3.882909e+01,3.885602e+01,3.885602e+01,3.920548e+01,3.944677e+01,3.962072e+01,4.024737e+01,3.999446e+01,4.076473e+01,4.088379e+01,4.088379e+01,4.088379e+01,4.142458e+01,4.139826e+01,4.193663e+01,4.183178e+01,4.183178e+01,4.236813e+01,4.256372e+01,4.256372e+01,4.256372e+01,4.309667e+01,4.309667e+01,4.326514e+01,4.330399e+01,4.388509e+01,4.388509e+01,4.388509e+01,4.441201e+01,4.430939e+01,4.447611e+01,4.455298e+01,4.511517e+01,4.511517e+01,4.511517e+01,4.563661e+01,4.558584e+01,4.575077e+01,4.597874e+01,4.597874e+01,4.597874e+01,4.649640e+01,4.653419e+01,4.657197e+01,4.708706e+01,4.698673e+01,4.706199e+01,4.663491e+01,4.677325e+01,4.733752e+01,4.733752e+01,4.733752e+01,4.784933e+01,4.778703e+01,4.778703e+01,4.778703e+01,4.808577e+01,4.875525e+01,4.877997e+01,4.881705e+01,4.934724e+01,4.942104e+01,4.951937e+01,5.025431e+01,5.027873e+01,5.027873e+01,5.027873e+01,5.027873e+01,5.088771e+01,5.138484e+01,5.139693e+01,5.187997e+01,5.187997e+01,5.239715e+01,5.239715e+01,5.288828e+01,5.292414e+01,5.343702e+01,5.347272e+01,5.350842e+01,5.350842e+01,5.399523e+01,5.404263e+01,5.404263e+01,5.452738e+01,5.443294e+01,5.446836e+01,5.456278e+01,5.456278e+01,5.475140e+01,5.478674e+01,5.478674e+01,5.526867e+01,5.517477e+01,5.559675e+01,5.554993e+01,5.558504e+01,5.558504e+01,5.558504e+01,5.558504e+01,5.606398e+01,5.609895e+01,5.613392e+01,5.649466e+01,5.640166e+01,5.643654e+01,5.647142e+01,5.694707e+01,5.681963e+01,5.678485e+01,5.729400e+01,5.719001e+01,5.709752e+01,5.714378e+01,5.714378e+01,5.714378e+01,5.714378e+01,5.714378e+01,5.761696e+01,5.796211e+01,5.785866e+01,5.783566e+01,5.788166e+01,5.768607e+01,5.806548e+01,5.798509e+01,5.783566e+01,5.775513e+01,5.780116e+01,5.780116e+01,5.780116e+01,5.822610e+01,5.813434e+01,5.809991e+01,5.809991e+01,5.801955e+01,5.834072e+01,5.838654e+01,5.813434e+01,5.842089e+01,5.830635e+01,5.812287e+01,5.811139e+01,5.815729e+01,5.808844e+01,5.845523e+01,5.827196e+01,5.827196e+01,5.852389e+01,5.840944e+01,5.835218e+01,5.829488e+01,5.812287e+01,5.798509e+01,5.831780e+01,5.784716e+01,5.783566e+01,5.818023e+01,5.795062e+01,5.782416e+01,5.809991e+01,5.750171e+01,5.745558e+01,5.730555e+01,5.712065e+01,5.729400e+01,5.722469e+01,5.715534e+01,5.708595e+01,5.701653e+01,5.694707e+01,5.675006e+01,5.668045e+01,5.651790e+01,5.637840e+01,5.680803e+01,5.640166e+01,5.640166e+01,5.663403e+01,5.654113e+01,5.645979e+01,5.633187e+01,5.611061e+01,5.597067e+01,5.590064e+01,5.584226e+01,5.578384e+01,5.572541e+01,5.566694e+01,5.560845e+01,5.556164e+01,5.551480e+01,5.537421e+01,5.563185e+01,5.560845e+01,5.509256e+01,5.526867e+01,5.522173e+01,5.517477e+01,5.512780e+01,5.508081e+01,5.503381e+01,5.498678e+01,5.479851e+01,5.462175e+01,5.486914e+01,5.483384e+01,5.483384e+01,5.463354e+01,5.459817e+01,5.456278e+01,5.430297e+01,5.419653e+01,5.412552e+01,5.404263e+01,5.404263e+01,5.391225e+01,5.384108e+01,5.380548e+01,5.419653e+01,5.412552e+01,5.405447e+01,5.398338e+01,5.391225e+01,5.384108e+01,5.376987e+01,5.369862e+01,5.354411e+01,5.331794e+01,5.329410e+01,5.329410e+01,5.365110e+01,5.361544e+01,5.342512e+01,5.329410e+01,5.313909e+01,5.310329e+01,5.305554e+01,5.305554e+01,5.329410e+01,5.321066e+01,5.312716e+01,5.304360e+01,5.295999e+01,5.287632e+01,5.284045e+01,5.332985e+01,5.275670e+01,5.315102e+01,5.305554e+01,5.295999e+01,5.284045e+01,5.274473e+01,5.270882e+01,5.272079e+01,5.268488e+01,5.264894e+01,5.306748e+01,5.293609e+01,5.280457e+01,5.269685e+01,5.260102e+01,5.300777e+01,5.297194e+01,5.298389e+01,5.299583e+01,5.274473e+01,5.267290e+01,5.312716e+01,5.309135e+01,5.305554e+01,5.310329e+01,5.303166e+01,5.292414e+01,5.285241e+01,5.327027e+01,5.312716e+01,5.313909e+01,5.309135e+01,5.304360e+01,5.301972e+01,5.348463e+01,5.342512e+01,5.346083e+01,5.342512e+01,5.315102e+01,5.362733e+01,5.360356e+01,5.356789e+01,5.354411e+01,5.352032e+01,5.349652e+01,5.347272e+01,5.344893e+01,5.342512e+01,5.342512e+01,5.347272e+01,5.342512e+01,5.341321e+01,5.340131e+01,5.340131e+01,5.338940e+01,5.334176e+01,5.330602e+01,5.367486e+01,5.336558e+01,5.336558e+01,5.334176e+01,5.335367e+01,5.335367e+01,5.325835e+01,5.313909e+01,5.304360e+01,5.303166e+01,5.350842e+01,5.344893e+01,5.292414e+01,5.321066e+01,5.276867e+01,5.276867e+01,5.276867e+01,5.276867e+01,5.276867e+01,5.276867e+01,5.276867e+01,5.244515e+01,5.233712e+01,5.215687e+01,5.207266e+01,5.204859e+01,5.202452e+01,5.232511e+01,5.231310e+01,5.228908e+01,5.212078e+01,5.161454e+01,5.149369e+01,5.148160e+01,5.126377e+01,5.157830e+01,5.136063e+01,5.085126e+01,5.063231e+01,5.044955e+01,5.022988e+01,5.042516e+01,5.037637e+01,4.993638e+01,4.932264e+01,4.960534e+01,4.947022e+01,4.928571e+01,4.863155e+01,4.847055e+01,4.835897e+01,4.804847e+01,4.774963e+01,4.759994e+01,4.755000e+01,4.729998e+01,4.696163e+01,4.701182e+01,4.649640e+01,4.637035e+01,4.620629e+01,4.589014e+01,4.577612e+01,4.554774e+01,4.552234e+01,4.549694e+01,4.485996e+01,4.461700e+01,4.489828e+01,4.434788e+01,4.437354e+01,4.423236e+01,4.387220e+01,4.371751e+01,4.366590e+01,4.342044e+01,4.287599e+01,4.287599e+01,4.234202e+01,4.222448e+01,4.198902e+01,4.183178e+01,4.184489e+01,4.173996e+01,4.152981e+01,4.131926e+01,4.093666e+01,4.080443e+01,4.059254e+01,4.000779e+01,3.996781e+01,3.999446e+01,3.963409e+01,3.927256e+01,3.921890e+01,3.920548e+01,3.850547e+01,3.885602e+01,3.847846e+01,3.843793e+01,3.784180e+01,3.784180e+01,3.784180e+01,3.737894e+01,3.737894e+01,3.737894e+01,3.737894e+01,3.737894e+01,3.683191e+01,3.663980e+01,3.659860e+01,3.659860e+01,3.659860e+01,3.603384e+01,3.603384e+01,3.603384e+01,3.603384e+01,3.603384e+01,3.603384e+01,3.603384e+01,3.603384e+01,3.552167e+01,3.552167e+01,3.552167e+01,3.552167e+01,3.552167e+01,3.552167e+01,3.552167e+01,3.552167e+01,3.552167e+01,3.495129e+01,3.500707e+01,3.495129e+01,3.475584e+01,3.475584e+01,3.475584e+01,3.475584e+01,3.475584e+01,3.475584e+01,3.475584e+01,3.475584e+01,3.475584e+01,3.475584e+01,3.475584e+01,3.475584e+01,3.475584e+01,3.475584e+01,3.475584e+01,3.475584e+01,3.475584e+01,3.475584e+01,3.475584e+01,3.475584e+01,3.475584e+01,3.475584e+01,3.475584e+01,3.475584e+01,3.475584e+01,3.475584e+01,3.475584e+01,3.475584e+01,3.475584e+01,3.475584e+01,3.475584e+01,3.475584e+01,3.509069e+01,3.509069e+01,3.509069e+01,3.509069e+01,3.509069e+01,3.509069e+01,3.509069e+01,3.566034e+01,3.566034e+01,3.566034e+01,3.566034e+01,3.566034e+01,3.566034e+01,3.566034e+01,3.566034e+01,3.566034e+01,3.622702e+01,3.621323e+01,3.572960e+01,3.595095e+01,3.586800e+01,3.579882e+01,3.579882e+01,3.579882e+01,3.579882e+01,3.579882e+01,3.579882e+01,3.579882e+01,3.579882e+01,3.579882e+01,3.579882e+01,3.579882e+01,3.579882e+01,3.579882e+01,3.579882e+01,3.579882e+01,3.579882e+01,3.579882e+01,3.579882e+01,3.579882e+01,3.579882e+01,3.579882e+01,3.579882e+01,3.579882e+01,3.579882e+01,3.579882e+01,3.579882e+01,3.579882e+01,3.579882e+01,3.579882e+01,3.579882e+01,3.579882e+01,3.579882e+01,3.522990e+01,3.528554e+01,3.529944e+01,3.531334e+01,3.532724e+01,3.534114e+01,3.535504e+01,3.536894e+01,3.538283e+01,3.539672e+01,3.541061e+01,3.541061e+01,3.541061e+01,3.541061e+01,3.541061e+01,3.541061e+01,3.541061e+01,3.541061e+01,3.541061e+01,3.541061e+01,3.541061e+01,3.541061e+01,3.541061e+01,3.541061e+01,3.541061e+01,3.541061e+01,3.541061e+01,3.541061e+01,3.541061e+01,3.541061e+01,3.541061e+01,3.541061e+01,3.541061e+01,3.541061e+01,3.541061e+01,3.541061e+01,3.541061e+01,3.541061e+01,3.541061e+01,3.541061e+01,3.541061e+01,3.541061e+01,3.541061e+01,3.541061e+01,3.541061e+01,3.541061e+01,3.541061e+01,3.541061e+01,3.541061e+01,3.541061e+01,3.541061e+01,3.541061e+01,3.541061e+01,3.541061e+01,3.541061e+01,3.541061e+01,3.541061e+01,3.541061e+01,3.541061e+01,3.541061e+01,3.588183e+01,3.588183e+01,3.588183e+01,3.588183e+01,3.588183e+01,3.588183e+01,3.588183e+01,3.588183e+01,3.588183e+01
3.419545e+01,3.419545e+01,3.419545e+01,3.419545e+01,3.419545e+01,3.419545e+01,3.419545e+01,3.419545e+01,3.419545e+01,3.419545e+01,3.419545e+01,3.419545e+01,3.419545e+01,3.419545e+01,3.419545e+01,3.476981e+01,3.478378e+01,3.478378e+01,3.478378e+01,3.478378e+01,3.478378e+01,3.478378e+01,3.478378e+01,3.556329e+01,3.556329e+01,3.556329e+01,3.556329e+01,3.556329e+01,3.556329e+01,3.613047e+01,3.561876e+01,3.578498e+01,3.590948e+01,3.592331e+01,3.593713e+01,3.651613e+01,3.651613e+01,3.651613e+01,3.651613e+01,3.651613e+01,3.651613e+01,3.651613e+01,3.721512e+01,3.721512e+01,3.721512e+01,3.761061e+01,3.774666e+01,3.795042e+01,3.865392e+01,3.872132e+01,3.872132e+01,3.927256e+01,3.925914e+01,3.925914e+01,4.016756e+01,3.974099e+01,4.042009e+01,4.065880e+01,4.065880e+01,4.120066e+01,4.127974e+01,4.131926e+01,4.150351e+01,4.160866e+01,4.215912e+01,4.223754e+01,4.226367e+01,4.256372e+01,4.256372e+01,4.309667e+01,4.312261e+01,4.312261e+01,4.312261e+01,4.365300e+01,4.378199e+01,4.378199e+01,4.430939e+01,4.443766e+01,4.443766e+01,4.443766e+01,4.496211e+01,4.501315e+01,4.501315e+01,4.553505e+01,4.566199e+01,4.566199e+01,4.566199e+01,4.597874e+01,4.597874e+01,4.597874e+01,4.649640e+01,4.649640e+01,4.649640e+01,4.708706e+01,4.708706e+01,4.708706e+01,4.708706e+01,4.708706e+01,4.708706e+01,4.708706e+01,4.759994e+01,4.774963e+01,4.774963e+01,4.825970e+01,4.827211e+01,4.827211e+01,4.844577e+01,4.849534e+01,4.918720e+01,4.924878e+01,4.975258e+01,4.982613e+01,5.015657e+01,5.065665e+01,5.063231e+01,5.060796e+01,5.068100e+01,5.138484e+01,5.140903e+01,5.157830e+01,5.207266e+01,5.224102e+01,5.230109e+01,5.295999e+01,5.298389e+01,5.316295e+01,5.363921e+01,5.363921e+01,5.363921e+01,5.412552e+01,5.414919e+01,5.414919e+01,5.463354e+01,5.465713e+01,5.465713e+01,5.465713e+01,5.513955e+01,5.509256e+01,5.504556e+01,5.502205e+01,5.519825e+01,5.577216e+01,5.571371e+01,5.574878e+01,5.622711e+01,5.618052e+01,5.613392e+01,5.608730e+01,5.612226e+01,5.663403e+01,5.658759e+01,5.659920e+01,5.708595e+01,5.694707e+01,5.690074e+01,5.693549e+01,5.699338e+01,5.699338e+01,5.746711e+01,5.751324e+01,5.751324e+01,5.757087e+01,5.799657e+01,5.795062e+01,5.790465e+01,5.785866e+01,5.789315e+01,5.837508e+01,5.839799e+01,5.824903e+01,5.818023e+01,5.815729e+01,5.850101e+01,5.854677e+01,5.842089e+01,5.869538e+01,5.858108e+01,5.854677e+01,5.851245e+01,5.854677e+01,5.859252e+01,5.847812e+01,5.888947e+01,5.885524e+01,5.878675e+01,5.880959e+01,5.874108e+01,5.900351e+01,5.902630e+01,5.887806e+01,5.912883e+01,5.909467e+01,5.907188e+01,5.901490e+01,5.950409e+01,5.924266e+01,5.925404e+01,5.928816e+01,5.915161e+01,5.907188e+01,5.899211e+01,5.879817e+01,5.867253e+01,5.909467e+01,5.885524e+01,5.885524e+01,5.842089e+01,5.863824e+01,5.852389e+01,5.848957e+01,5.812287e+01,5.852389e+01,5.829488e+01,5.809991e+01,5.808844e+01,5.800806e+01,5.792764e+01,5.784716e+01,5.776664e+01,5.768607e+01,5.747865e+01,5.739790e+01,5.722469e+01,5.712065e+01,5.708595e+01,5.697022e+01,5.695864e+01,5.694707e+01,5.684280e+01,5.675006e+01,5.708595e+01,5.685439e+01,5.670366e+01,5.662242e+01,5.655275e+01,5.648304e+01,5.641329e+01,5.634350e+01,5.627368e+01,5.621547e+01,5.615722e+01,5.602900e+01,5.605232e+01,5.590064e+01,5.615722e+01,5.566694e+01,5.559675e+01,5.554993e+01,5.550310e+01,5.593566e+01,5.538594e+01,5.535077e+01,5.565525e+01,5.549139e+01,5.503381e+01,5.503381e+01,5.503381e+01,5.503381e+01,5.503381e+01,5.503381e+01,5.503381e+01,5.503381e+01,5.503381e+01,5.503381e+01,5.501030e+01,5.484560e+01,5.473962e+01,5.473962e+01,5.478674e+01,5.468070e+01,5.457458e+01,5.446836e+01,5.436206e+01,5.425567e+01,5.414919e+01,5.410184e+01,5.391225e+01,5.419653e+01,5.413736e+01,5.414919e+01,5.416103e+01,5.409000e+01,5.386481e+01,5.418470e+01,5.400708e+01,5.394782e+01,5.387667e+01,5.385294e+01,5.382922e+01,5.372237e+01,5.361544e+01,5.350842e+01,5.388853e+01,5.379361e+01,5.379361e+01,5.327027e+01,5.357978e+01,5.362733e+01,5.352032e+01,5.341321e+01,5.376987e+01,5.367486e+01,5.315102e+01,5.362733e+01,5.359167e+01,5.359167e+01,5.363921e+01,5.350842e+01,5.337749e+01,5.375800e+01,5.369862e+01,5.366298e+01,5.362733e+01,5.362733e+01,5.355600e+01,5.338940e+01,5.384108e+01,5.380548e+01,5.376987e+01,5.373425e+01,5.373425e+01,5.366298e+01,5.355600e+01,5.401893e+01,5.398338e+01,5.384108e+01,5.384108e+01,5.379361e+01,5.374612e+01,5.378174e+01,5.382922e+01,5.380548e+01,5.384108e+01,5.425567e+01,5.400708e+01,5.405447e+01,5.403078e+01,5.399523e+01,5.397153e+01,5.443294e+01,5.442113e+01,5.440932e+01,5.439751e+01,5.438569e+01,5.439751e+01,5.440932e+01,5.437388e+01,5.437388e+01,5.437388e+01,5.438569e+01,5.438569e+01,5.435025e+01,5.432661e+01,5.431479e+01,5.409000e+01,5.410184e+01,5.409000e+01,5.410184e+01,5.411368e+01,5.403078e+01,5.392411e+01,5.384108e+01,5.388853e+01,5.393596e+01,5.374612e+01,5.381735e+01,5.378174e+01,5.357978e+01,5.359167e+01,5.360356e+01,5.361544e+01,5.362733e+01,5.315102e+01,5.311523e+01,5.342512e+01,5.331794e+01,5.313909e+01,5.305554e+01,5.303166e+01,5.301972e+01,5.303166e+01,5.301972e+01,5.250512e+01,5.264894e+01,5.238515e+01,5.225304e+01,5.222900e+01,5.202452e+01,5.203656e+01,5.168699e+01,5.149369e+01,5.175939e+01,5.099701e+01,5.077832e+01,5.077832e+01,5.057142e+01,5.013213e+01,5.018102e+01,5.019323e+01,5.005876e+01,4.974032e+01,4.933494e+01,4.917488e+01,4.898993e+01,4.868105e+01,4.796139e+01,4.796139e+01,4.796139e+01,4.781195e+01,4.755000e+01,4.741256e+01,4.722488e+01,4.658456e+01,4.689887e+01,4.666007e+01,4.601670e+01,4.601670e+01,4.552234e+01,4.583948e+01,4.501315e+01,4.479607e+01,4.485996e+01,4.464260e+01,4.468099e+01,4.450174e+01,4.430939e+01,4.412957e+01,4.358844e+01,4.378199e+01,4.356261e+01,4.288898e+01,4.265489e+01,4.256372e+01,4.235508e+01,4.222448e+01,4.171371e+01,4.171371e+01,4.171371e+01,4.131926e+01,4.109513e+01,4.109513e+01,4.059254e+01,4.031383e+01,4.028725e+01,4.024737e+01,3.940659e+01,3.943338e+01,3.943338e+01,3.888294e+01,3.905777e+01,3.849196e+01,3.849196e+01,3.828920e+01,3.815381e+01,3.816735e+01,3.799113e+01,3.728341e+01,3.728341e+01,3.728341e+01,3.728341e+01,3.672218e+01,3.666727e+01,3.666727e+01,3.666727e+01,3.666727e+01,3.666727e+01,3.603384e+01,3.603384e+01,3.603384e+01,3.603384e+01,3.603384e+01,3.603384e+01,3.603384e+01,3.603384e+01,3.603384e+01,3.552167e+01,3.552167e+01,3.552167e+01,3.552167e+01,3.552167e+01,3.552167e+01,3.552167e+01,3.552167e+01,3.552167e+01,3.552167e+01,3.495129e+01,3.495129e+01,3.495129e+01,3.495129e+01,3.495129e+01,3.495129e+01,3.495129e+01,3.495129e+01,3.495129e+01,3.495129e+01,3.495129e+01,3.495129e+01,3.495129e+01,3.495129e+01,3.495129e+01,3.437789e+01,3.493734e+01,3.493734e+01,3.436387e+01,3.436387e+01,3.436387e+01,3.436387e+01,3.436387e+01,3.436387e+01,3.436387e+01,3.436387e+01,3.436387e+01,3.493734e+01,3.493734e+01,3.493734e+01,3.493734e+01,3.493734e+01,3.493734e+01,3.493734e+01,3.493734e+01,3.550779e+01,3.549392e+01,3.548004e+01,3.546616e+01,3.554942e+01,3.571575e+01,3.571575e+01,3.571575e+01,3.571575e+01,3.571575e+01,3.571575e+01,3.571575e+01,3.628214e+01,3.578498e+01,3.592331e+01,3.640608e+01,3.622702e+01,3.619944e+01,3.586800e+01,3.586800e+01,3.586800e+01,3.586800e+01,3.586800e+01,3.586800e+01,3.586800e+01,3.586800e+01,3.586800e+01,3.586800e+01,3.586800e+01,3.586800e+01,3.586800e+01,3.586800e+01,3.586800e+01,3.586800e+01,3.586800e+01,3.586800e+01,3.586800e+01,3.586800e+01,3.586800e+01,3.586800e+01,3.586800e+01,3.586800e+01,3.586800e+01,3.586800e+01,3.586800e+01,3.586800e+01,3.586800e+01,3.586800e+01,3.586800e+01,3.586800e+01,3.529944e+01,3.574345e+01,3.571575e+01,3.570190e+01,3.568805e+01,3.567419e+01,3.566034e+01,3.564648e+01,3.563261e+01,3.563261e+01,3.563261e+01,3.563261e+01,3.563261e+01,3.563261e+01,3.563261e+01,3.563261e+01,3.563261e+01,3.563261e+01,3.563261e+01,3.563261e+01,3.563261e+01,3.563261e+01,3.563261e+01,3.563261e+01,3.563261e+01,3.563261e+01,3.563261e+01,3.563261e+01,3.563261e+01,3.563261e+01,3.563261e+01,3.563261e+01,3.563261e+01,3.563261e+01,3.563261e+01,3.563261e+01,3.563261e+01,3.563261e+01,3.563261e+01,3.563261e+01,3.563261e+01,3.563261e+01,3.563261e+01,3.563261e+01,3.563261e+01,3.563261e+01,3.563261e+01,3.563261e+01,3.563261e+01,3.563261e+01,3.563261e+01,3.563261e+01,3.563261e+01,3.563261e+01,3.563261e+01,3.563261e+01,3.563261e+01,3.563261e+01,3.563261e+01,3.563261e+01,3.563261e+01,3.563261e+01,3.563261e+01,3.563261e+01,3.563261e+01,3.563261e+01,3.563261e+01,3.563261e+01,3.563261e+01,3.563261e+01
3.419545e+01,3.419545e+01,3.419545e+01,3.419545e+01,3.419545e+01,3.419545e+01,3.419545e+01,3.419545e+01,3.419545e+01,3.419545e+01,3.419545e+01,3.419545e+01,3.419545e+01,3.419545e+01,3.476981e+01,3.481172e+01,3.481172e+01,3.481172e+01,3.481172e+01,3.481172e+01,3.538283e+01,3.535504e+01,3.542450e+01,3.560489e+01,3.560489e+01,3.560489e+01,3.560489e+01,3.560489e+01,3.560489e+01,3.560489e+01,3.617186e+01,3.614427e+01,3.613047e+01,3.613047e+01,3.613047e+01,3.613047e+01,3.613047e+01,3.613047e+01,3.651613e+01,3.651613e+01,3.707841e+01,3.714679e+01,3.725610e+01,3.725610e+01,3.725610e+01,3.761061e+01,3.816735e+01,3.769226e+01,3.865392e+01,3.865392e+01,3.920548e+01,3.931279e+01,3.931279e+01,3.986113e+01,4.015426e+01,3.978105e+01,4.068529e+01,4.068529e+01,4.068529e+01,4.120066e+01,4.120066e+01,4.120066e+01,4.150351e+01,4.176620e+01,4.189733e+01,4.223754e+01,4.228979e+01,4.240727e+01,4.256372e+01,4.283701e+01,4.312261e+01,4.312261e+01,4.365300e+01,4.369171e+01,4.369171e+01,4.369171e+01,4.430939e+01,4.430939e+01,4.430939e+01,4.483441e+01,4.485996e+01,4.485996e+01,4.538253e+01,4.543340e+01,4.543340e+01,4.543340e+01,4.595344e+01,4.596609e+01,4.596609e+01,4.596609e+01,4.649640e+01,4.649640e+01,4.701182e+01,4.712466e+01,4.712466e+01,4.712466e+01,4.712466e+01,4.712466e+01,4.763738e+01,4.769976e+01,4.773717e+01,4.773717e+01,4.773717e+01,4.825970e+01,4.825970e+01,4.876761e+01,4.874289e+01,4.931033e+01,4.934724e+01,4.949480e+01,5.000982e+01,5.010767e+01,5.018102e+01,5.042516e+01,5.042516e+01,5.092415e+01,5.149369e+01,5.152996e+01,5.152996e+01,5.202452e+01,5.210876e+01,5.260102e+01,5.268488e+01,5.335367e+01,5.332985e+01,5.341321e+01,5.404263e+01,5.401893e+01,5.410184e+01,5.416103e+01,5.464534e+01,5.470427e+01,5.473962e+01,5.473962e+01,5.522173e+01,5.528040e+01,5.531559e+01,5.531559e+01,5.552652e+01,5.547967e+01,5.553822e+01,5.570202e+01,5.618052e+01,5.623875e+01,5.627368e+01,5.627368e+01,5.627368e+01,5.675006e+01,5.680803e+01,5.684280e+01,5.684280e+01,5.707438e+01,5.759392e+01,5.743251e+01,5.736327e+01,5.734018e+01,5.778965e+01,5.784716e+01,5.789315e+01,5.787016e+01,5.832926e+01,5.838654e+01,5.843234e+01,5.836363e+01,5.829488e+01,5.869538e+01,5.828342e+01,5.842089e+01,5.888947e+01,5.872966e+01,5.864968e+01,5.910606e+01,5.911744e+01,5.910606e+01,5.900351e+01,5.948138e+01,5.935639e+01,5.931091e+01,5.926542e+01,5.925404e+01,5.924266e+01,5.917437e+01,5.921990e+01,5.965163e+01,5.957220e+01,5.956086e+01,5.951545e+01,5.953815e+01,5.952680e+01,5.986696e+01,5.988961e+01,5.984431e+01,5.981033e+01,5.979900e+01,5.978767e+01,5.967431e+01,6.012716e+01,5.966297e+01,5.951545e+01,5.991225e+01,5.982166e+01,5.961760e+01,5.953815e+01,5.952680e+01,5.935639e+01,5.968565e+01,5.948138e+01,5.939049e+01,5.926542e+01,5.916299e+01,5.928816e+01,5.878675e+01,5.903770e+01,5.883242e+01,5.880959e+01,5.871824e+01,5.862682e+01,5.853533e+01,5.844379e+01,5.835218e+01,5.813434e+01,5.804251e+01,5.785866e+01,5.821464e+01,5.808844e+01,5.797360e+01,5.796211e+01,5.795062e+01,5.784716e+01,5.778965e+01,5.734018e+01,5.760544e+01,5.745558e+01,5.737481e+01,5.730555e+01,5.723624e+01,5.716690e+01,5.709752e+01,5.702810e+01,5.697022e+01,5.691232e+01,5.678485e+01,5.678485e+01,5.666885e+01,5.663403e+01,5.637840e+01,5.630860e+01,5.626204e+01,5.626204e+01,5.621547e+01,5.595900e+01,5.595900e+01,5.597067e+01,5.613392e+01,5.591232e+01,5.591232e+01,5.543281e+01,5.590064e+01,5.542110e+01,5.540938e+01,5.544453e+01,5.543281e+01,5.542110e+01,5.540938e+01,5.542110e+01,5.524520e+01,5.512780e+01,5.511606e+01,5.515129e+01,5.508081e+01,5.496326e+01,5.484560e+01,5.477496e+01,5.513955e+01,5.502205e+01,5.496326e+01,5.481029e+01,5.482206e+01,5.475140e+01,5.473962e+01,5.472784e+01,5.464534e+01,5.493974e+01,5.446836e+01,5.481029e+01,5.473962e+01,5.465713e+01,5.462175e+01,5.458637e+01,5.446836e+01,5.435025e+01,5.429115e+01,5.429115e+01,5.418470e+01,5.453918e+01,5.411368e+01,5.459817e+01,5.458637e+01,5.446836e+01,5.440932e+01,5.393596e+01,5.418470e+01,5.426750e+01,5.422019e+01,5.417286e+01,5.416103e+01,5.414919e+01,5.400708e+01,5.440932e+01,5.440932e+01,5.385294e+01,5.433843e+01,5.427932e+01,5.425567e+01,5.416103e+01,5.452738e+01,5.448017e+01,5.442113e+01,5.436206e+01,5.430297e+01,5.427932e+01,5.418470e+01,5.462175e+01,5.466891e+01,5.460996e+01,5.444475e+01,5.442113e+01,5.483384e+01,5.477496e+01,5.476318e+01,5.475140e+01,5.471606e+01,5.477496e+01,5.476318e+01,5.506907e+01,5.505731e+01,5.502205e+01,5.497503e+01,5.501030e+01,5.505731e+01,5.503381e+01,5.501030e+01,5.498678e+01,5.496326e+01,5.495150e+01,5.493974e+01,5.489268e+01,5.488091e+01,5.486914e+01,5.485738e+01,5.484560e+01,5.528040e+01,5.524520e+01,5.522173e+01,5.498678e+01,5.497503e+01,5.495150e+01,5.493974e+01,5.492798e+01,5.483384e+01,5.471606e+01,5.462175e+01,5.460996e+01,5.459817e+01,5.439751e+01,5.438569e+01,5.433843e+01,5.460996e+01,5.460996e+01,5.412552e+01,5.411368e+01,5.448017e+01,5.424385e+01,5.369862e+01,5.369862e+01,5.363921e+01,5.350842e+01,5.347272e+01,5.343702e+01,5.341321e+01,5.340131e+01,5.324643e+01,5.344893e+01,5.337749e+01,5.319873e+01,5.305554e+01,5.252911e+01,5.286437e+01,5.230109e+01,5.210876e+01,5.197635e+01,5.194022e+01,5.191612e+01,5.167491e+01,5.115471e+01,5.080264e+01,5.062013e+01,5.058360e+01,5.054705e+01,5.037637e+01,5.005876e+01,4.996087e+01,4.926109e+01,4.955622e+01,4.924878e+01,4.877997e+01,4.873052e+01,4.868105e+01,4.844577e+01,4.827211e+01,4.757497e+01,4.723740e+01,4.728747e+01,4.728747e+01,4.689887e+01,4.652160e+01,4.640818e+01,4.604200e+01,4.600405e+01,4.544611e+01,4.568736e+01,4.511517e+01,4.511517e+01,4.511517e+01,4.450174e+01,4.450174e+01,4.450174e+01,4.411671e+01,4.352386e+01,4.336870e+01,4.316150e+01,4.299288e+01,4.296691e+01,4.282401e+01,4.257675e+01,4.185801e+01,4.185801e+01,4.185801e+01,4.131926e+01,4.131926e+01,4.077797e+01,4.060579e+01,4.048645e+01,4.048645e+01,3.994115e+01,4.003443e+01,3.941999e+01,3.925914e+01,3.916521e+01,3.900400e+01,3.877522e+01,3.828920e+01,3.884256e+01,3.807250e+01,3.807250e+01,3.751528e+01,3.778744e+01,3.769226e+01,3.774666e+01,3.706473e+01,3.700999e+01,3.700999e+01,3.706473e+01,3.655737e+01,3.655737e+01,3.655737e+01,3.603384e+01,3.603384e+01,3.603384e+01,3.603384e+01,3.603384e+01,3.603384e+01,3.603384e+01,3.603384e+01,3.603384e+01,3.603384e+01,3.603384e+01,3.552167e+01,3.552167e+01,3.552167e+01,3.552167e+01,3.552167e+01,3.552167e+01,3.552167e+01,3.552167e+01,3.552167e+01,3.495129e+01,3.495129e+01,3.495129e+01,3.495129e+01,3.495129e+01,3.495129e+01,3.495129e+01,3.495129e+01,3.495129e+01,3.495129e+01,3.495129e+01,3.495129e+01,3.495129e+01,3.495129e+01,3.495129e+01,3.495129e+01,3.495129e+01,3.436387e+01,3.493734e+01,3.483965e+01,3.474187e+01,3.478378e+01,3.482569e+01,3.472789e+01,3.476981e+01,3.486757e+01,3.497919e+01,3.497919e+01,3.497919e+01,3.497919e+01,3.497919e+01,3.497919e+01,3.497919e+01,3.497919e+01,3.497919e+01,3.549392e+01,3.549392e+01,3.549392e+01,3.549392e+01,3.549392e+01,3.549392e+01,3.549392e+01,3.549392e+01,3.549392e+01,3.606146e+01,3.615807e+01,3.615807e+01,3.607527e+01,3.617186e+01,3.611667e+01,3.607527e+01,3.604765e+01,3.603384e+01,3.603384e+01,3.603384e+01,3.603384e+01,3.603384e+01,3.603384e+01,3.603384e+01,3.603384e+01,3.603384e+01,3.603384e+01,3.603384e+01,3.603384e+01,3.546616e+01,3.599241e+01,3.599241e+01,3.599241e+01,3.599241e+01,3.599241e+01,3.599241e+01,3.599241e+01,3.542450e+01,3.596477e+01,3.596477e+01,3.596477e+01,3.596477e+01,3.539672e+01,3.549392e+01,3.548004e+01,3.546616e+01,3.545227e+01,3.543839e+01,3.534114e+01,3.531334e+01,3.557716e+01,3.557716e+01,3.557716e+01,3.557716e+01,3.557716e+01,3.557716e+01,3.557716e+01,3.557716e+01,3.557716e+01,3.557716e+01,3.557716e+01,3.557716e+01,3.557716e+01,3.557716e+01,3.557716e+01,3.557716e+01,3.557716e+01,3.557716e+01,3.557716e+01,3.557716e+01,3.557716e+01,3.557716e+01,3.557716e+01,3.557716e+01,3.557716e+01,3.557716e+01,3.557716e+01,3.557716e+01,3.557716e+01,3.557716e+01,3.557716e+01,3.557716e+01,3.557716e+01,3.557716e+01,3.557716e+01,3.557716e+01,3.557716e+01,3.557716e+01,3.557716e+01,3.557716e+01,3.557716e+01,3.557716e+01,3.557716e+01,3.557716e+01,3.557716e+01,3.557716e+01,3.557716e+01,3.557716e+01,3.557716e+01,3.557716e+01,3.557716e+01,3.557716e+01,3.557716e+01,3.557716e+01,3.557716e+01,3.557716e+01,3.557716e+01,3.557716e+01,3.557716e+01,3.557716e+01,3.557716e+01,3.557716e+01,3.557716e+01,3.557716e+01,3.614427e+01,3.548004e+01,3.604765e+01,3.549392e+01,3.549392e+01
3.419545e+01,3.419545e+01,3.419545e+01,3.419545e+01,3.419545e+01,3.419545e+01,3.419545e+01,3.419545e+01,3.419545e+01,3.419545e+01,3.419545e+01,3.419545e+01,3.419545e+01,3.476981e+01,3.481172e+01,3.481172e+01,3.481172e+01,3.481172e+01,3.481172e+01,3.481172e+01,3.481172e+01,3.535504e+01,3.535504e+01,3.535504e+01,3.535504e+01,3.592331e+01,3.592331e+01,3.592331e+01,3.592331e+01,3.602003e+01,3.607527e+01,3.607527e+01,3.607527e+01,3.607527e+01,3.607527e+01,3.607527e+01,3.607527e+01,3.663980e+01,3.663980e+01,3.680449e+01,3.698262e+01,3.698262e+01,3.698262e+01,3.754252e+01,3.765144e+01,3.767866e+01,3.777385e+01,3.837035e+01,3.869437e+01,3.885602e+01,3.892331e+01,3.903089e+01,3.974099e+01,3.929938e+01,3.952709e+01,4.011433e+01,4.059254e+01,4.059254e+01,4.113472e+01,4.124021e+01,4.124021e+01,4.124021e+01,4.177932e+01,4.177932e+01,4.192353e+01,4.208064e+01,4.261583e+01,4.261583e+01,4.264187e+01,4.278500e+01,4.344630e+01,4.353678e+01,4.356261e+01,4.356261e+01,4.356261e+01,4.409100e+01,4.421951e+01,4.421951e+01,4.474494e+01,4.487273e+01,4.487273e+01,4.487273e+01,4.538253e+01,4.538253e+01,4.538253e+01,4.590280e+01,4.599140e+01,4.599140e+01,4.599140e+01,4.599140e+01,4.649640e+01,4.664749e+01,4.674810e+01,4.686120e+01,4.686120e+01,4.737504e+01,4.737504e+01,4.737504e+01,4.737504e+01,4.769976e+01,4.769976e+01,4.769976e+01,4.821003e+01,4.829693e+01,4.844577e+01,4.901460e+01,4.913791e+01,4.922415e+01,4.972805e+01,4.931033e+01,4.958078e+01,5.027873e+01,5.027873e+01,5.077832e+01,5.085126e+01,5.143323e+01,5.152996e+01,5.152996e+01,5.202452e+01,5.206063e+01,5.225304e+01,5.285241e+01,5.292414e+01,5.312716e+01,5.361544e+01,5.368674e+01,5.395967e+01,5.444475e+01,5.435025e+01,5.490445e+01,5.493974e+01,5.492798e+01,5.492798e+01,5.540938e+01,5.544453e+01,5.544453e+01,5.592399e+01,5.583058e+01,5.573709e+01,5.595900e+01,5.634350e+01,5.640166e+01,5.643654e+01,5.642492e+01,5.690074e+01,5.681963e+01,5.687757e+01,5.691232e+01,5.691232e+01,5.738636e+01,5.730555e+01,5.736327e+01,5.751324e+01,5.798509e+01,5.783566e+01,5.787016e+01,5.837508e+01,5.829488e+01,5.821464e+01,5.827196e+01,5.837508e+01,5.837508e+01,5.884383e+01,5.869538e+01,5.870681e+01,5.866111e+01,5.896931e+01,5.949274e+01,5.944730e+01,5.967431e+01,5.966297e+01,5.970833e+01,5.964029e+01,5.956086e+01,5.952680e+01,5.957220e+01,5.957220e+01,5.977634e+01,6.012716e+01,6.005933e+01,5.999147e+01,5.986696e+01,5.993489e+01,5.998016e+01,5.988961e+01,6.033044e+01,6.022884e+01,6.017236e+01,6.021754e+01,6.021754e+01,6.021754e+01,6.063477e+01,6.054467e+01,6.047706e+01,6.040941e+01,6.036429e+01,6.078106e+01,6.054467e+01,6.046579e+01,6.051087e+01,6.036429e+01,6.056720e+01,6.043196e+01,6.036429e+01,6.025142e+01,6.025142e+01,5.999147e+01,5.984431e+01,5.966297e+01,5.996884e+01,5.985564e+01,5.991225e+01,5.987828e+01,5.962894e+01,5.956086e+01,5.942458e+01,5.928816e+01,5.915161e+01,5.901490e+01,5.887806e+01,5.908327e+01,5.895790e+01,5.883242e+01,5.883242e+01,5.867253e+01,5.852389e+01,5.847812e+01,5.843234e+01,5.829488e+01,5.812287e+01,5.826050e+01,5.826050e+01,5.807696e+01,5.796211e+01,5.785866e+01,5.775513e+01,5.765152e+01,5.754782e+01,5.791615e+01,5.783566e+01,5.728245e+01,5.716690e+01,5.713221e+01,5.750171e+01,5.691232e+01,5.728245e+01,5.717846e+01,5.709752e+01,5.706281e+01,5.693549e+01,5.676165e+01,5.672686e+01,5.669206e+01,5.665725e+01,5.640166e+01,5.628532e+01,5.647142e+01,5.643654e+01,5.619217e+01,5.614557e+01,5.611061e+01,5.606398e+01,5.601733e+01,5.597067e+01,5.593566e+01,5.572541e+01,5.605232e+01,5.601733e+01,5.599400e+01,5.542110e+01,5.580721e+01,5.565525e+01,5.564355e+01,5.564355e+01,5.549139e+01,5.539766e+01,5.569033e+01,5.566694e+01,5.557334e+01,5.553822e+01,5.550310e+01,5.547967e+01,5.543281e+01,5.506907e+01,5.554993e+01,5.545625e+01,5.535077e+01,5.529213e+01,5.523347e+01,5.509256e+01,5.495150e+01,5.535077e+01,5.484560e+01,5.479851e+01,5.475140e+01,5.515129e+01,5.519825e+01,5.516303e+01,5.502205e+01,5.484560e+01,5.496326e+01,5.449198e+01,5.452738e+01,5.499854e+01,5.492798e+01,5.489268e+01,5.485738e+01,5.478674e+01,5.531559e+01,5.519825e+01,5.525694e+01,5.472784e+01,5.512780e+01,5.508081e+01,5.504556e+01,5.552652e+01,5.497503e+01,5.489268e+01,5.481029e+01,5.520999e+01,5.517477e+01,5.515129e+01,5.520999e+01,5.519825e+01,5.512780e+01,5.543281e+01,5.547967e+01,5.553822e+01,5.547967e+01,5.546796e+01,5.545625e+01,5.542110e+01,5.542110e+01,5.546796e+01,5.547967e+01,5.546796e+01,5.543281e+01,5.538594e+01,5.586562e+01,5.539766e+01,5.542110e+01,5.539766e+01,5.585394e+01,5.584226e+01,5.584226e+01,5.584226e+01,5.580721e+01,5.580721e+01,5.580721e+01,5.580721e+01,5.586562e+01,5.592399e+01,5.590064e+01,5.588897e+01,5.566694e+01,5.566694e+01,5.565525e+01,5.565525e+01,5.565525e+01,5.557334e+01,5.546796e+01,5.538594e+01,5.538594e+01,5.538594e+01,5.519825e+01,5.519825e+01,5.520999e+01,5.522173e+01,5.510431e+01,5.485738e+01,5.490445e+01,5.491621e+01,5.456278e+01,5.478674e+01,5.469249e+01,5.464534e+01,5.452738e+01,5.450378e+01,5.399523e+01,5.397153e+01,5.395967e+01,5.380548e+01,5.380548e+01,5.378174e+01,5.360356e+01,5.334176e+01,5.343702e+01,5.338940e+01,5.306748e+01,5.287632e+01,5.274473e+01,5.221698e+01,5.224102e+01,5.184381e+01,5.183175e+01,5.156621e+01,5.137273e+01,5.132432e+01,5.127588e+01,5.052269e+01,5.083910e+01,5.011990e+01,5.010767e+01,4.958078e+01,4.976484e+01,4.954394e+01,4.897758e+01,4.897758e+01,4.897758e+01,4.877997e+01,4.808577e+01,4.783687e+01,4.781195e+01,4.771223e+01,4.732501e+01,4.703690e+01,4.682351e+01,4.654679e+01,4.637035e+01,4.613049e+01,4.599140e+01,4.573809e+01,4.519162e+01,4.503866e+01,4.475772e+01,4.475772e+01,4.475772e+01,4.411671e+01,4.378199e+01,4.378199e+01,4.369171e+01,4.295393e+01,4.295393e+01,4.295393e+01,4.257675e+01,4.265489e+01,4.208064e+01,4.192353e+01,4.166120e+01,4.149036e+01,4.122703e+01,4.100272e+01,4.039353e+01,4.077797e+01,4.056602e+01,3.987447e+01,3.970091e+01,3.958060e+01,3.952709e+01,3.885602e+01,3.862694e+01,3.868088e+01,3.815381e+01,3.800470e+01,3.841090e+01,3.819444e+01,3.814026e+01,3.752890e+01,3.744713e+01,3.716046e+01,3.716046e+01,3.716046e+01,3.659860e+01,3.705105e+01,3.643361e+01,3.629592e+01,3.632347e+01,3.635102e+01,3.637855e+01,3.640608e+01,3.586800e+01,3.586800e+01,3.586800e+01,3.586800e+01,3.586800e+01,3.586800e+01,3.586800e+01,3.586800e+01,3.586800e+01,3.552167e+01,3.552167e+01,3.552167e+01,3.552167e+01,3.552167e+01,3.552167e+01,3.495129e+01,3.545227e+01,3.538283e+01,3.482569e+01,3.482569e+01,3.482569e+01,3.482569e+01,3.482569e+01,3.482569e+01,3.482569e+01,3.482569e+01,3.482569e+01,3.482569e+01,3.482569e+01,3.482569e+01,3.482569e+01,3.482569e+01,3.482569e+01,3.482569e+01,3.482569e+01,3.482569e+01,3.482569e+01,3.482569e+01,3.482569e+01,3.482569e+01,3.482569e+01,3.482569e+01,3.482569e+01,3.482569e+01,3.482569e+01,3.482569e+01,3.482569e+01,3.539672e+01,3.539672e+01,3.539672e+01,3.549392e+01,3.554942e+01,3.554942e+01,3.554942e+01,3.554942e+01,3.554942e+01,3.554942e+01,3.554942e+01,3.554942e+01,3.611667e+01,3.617186e+01,3.617186e+01,3.617186e+01,3.617186e+01,3.617186e+01,3.617186e+01,3.617186e+01,3.617186e+01,3.617186e+01,3.617186e+01,3.617186e+01,3.617186e+01,3.617186e+01,3.617186e+01,3.617186e+01,3.617186e+01,3.617186e+01,3.617186e+01,3.617186e+01,3.560489e+01,3.561876e+01,3.570190e+01,3.570190e+01,3.570190e+01,3.570190e+01,3.570190e+01,3.570190e+01,3.560489e+01,3.557716e+01,3.567419e+01,3.567419e+01,3.567419e+01,3.557716e+01,3.549392e+01,3.549392e+01,3.549392e+01,3.549392e+01,3.549392e+01,3.549392e+01,3.549392e+01,3.549392e+01,3.549392e+01,3.549392e+01,3.549392e+01,3.549392e+01,3.549392e+01,3.549392e+01,3.549392e+01,3.549392e+01,3.549392e+01,3.549392e+01,3.549392e+01,3.549392e+01,3.549392e+01,3.549392e+01,3.549392e+01,3.549392e+01,3.549392e+01,3.549392e+01,3.549392e+01,3.549392e+01,3.549392e+01,3.549392e+01,3.549392e+01,3.549392e+01,3.549392e+01,3.549392e+01,3.549392e+01,3.549392e+01,3.549392e+01,3.549392e+01,3.549392e+01,3.549392e+01,3.549392e+01,3.549392e+01,3.549392e+01,3.549392e+01,3.549392e+01,3.549392e+01,3.549392e+01,3.549392e+01,3.549392e+01,3.549392e+01,3.549392e+01,3.549392e+01,3.549392e+01,3.549392e+01,3.549392e+01,3.549392e+01,3.549392e+01,3.549392e+01,3.549392e+01,3.549392e+01,3.549392e+01,3.549392e+01,3.549392e+01,3.549392e+01,3.549392e+01,3.549392e+01,3.549392e+01,3.549392e+01,3.549392e+01,3.549392e+01,3.549392e+01,3.606146e+01,3.610287e+01,3.588183e+01,3.589566e+01,3.578498e+01,3.578498e+01
3.419545e+01,3.419545e+01,3.419545e+01,3.419545e+01,3.419545e+01,3.419545e+01,3.419545e+01,3.419545e+01,3.419545e+01,3.419545e+01,3.419545e+01,3.419545e+01,3.476981e+01,3.425162e+01,3.436387e+01,3.436387e+01,3.493734e+01,3.493734e+01,3.493734e+01,3.493734e+01,3.493734e+01,3.493734e+01,3.493734e+01,3.535504e+01,3.549392e+01,3.563261e+01,3.564648e+01,3.564648e+01,3.564648e+01,3.602003e+01,3.602003e+01,3.602003e+01,3.602003e+01,3.602003e+01,3.602003e+01,3.658486e+01,3.666727e+01,3.614427e+01,3.621323e+01,3.639232e+01,3.658486e+01,3.716046e+01,3.729706e+01,3.744713e+01,3.744713e+01,3.800470e+01,3.809961e+01,3.834330e+01,3.850547e+01,3.885602e+01,3.885602e+01,3.940659e+01,3.959398e+01,3.958060e+01,3.967419e+01,4.011433e+01,4.031383e+01,4.048645e+01,4.075150e+01,4.088379e+01,4.145090e+01,4.158238e+01,4.168746e+01,4.168746e+01,4.222448e+01,4.231591e+01,4.234202e+01,4.291497e+01,4.286300e+01,4.299288e+01,4.317446e+01,4.331693e+01,4.331693e+01,4.384644e+01,4.393660e+01,4.400096e+01,4.400096e+01,4.452737e+01,4.465540e+01,4.465540e+01,4.517888e+01,4.526802e+01,4.529348e+01,4.529348e+01,4.581414e+01,4.592812e+01,4.592812e+01,4.644600e+01,4.638297e+01,4.647121e+01,4.652160e+01,4.652160e+01,4.703690e+01,4.698673e+01,4.711213e+01,4.711213e+01,4.716225e+01,4.767481e+01,4.777457e+01,4.776210e+01,4.776210e+01,4.827211e+01,4.829693e+01,4.829693e+01,4.880469e+01,4.892821e+01,4.892821e+01,4.922415e+01,4.937185e+01,4.982613e+01,4.982613e+01,5.052269e+01,5.064448e+01,5.069316e+01,5.088771e+01,5.119107e+01,5.119107e+01,5.202452e+01,5.204859e+01,5.254110e+01,5.212078e+01,5.297194e+01,5.346083e+01,5.353221e+01,5.363921e+01,5.419653e+01,5.419653e+01,5.470427e+01,5.469249e+01,5.482206e+01,5.530386e+01,5.524520e+01,5.532732e+01,5.543281e+01,5.543281e+01,5.591232e+01,5.594733e+01,5.642492e+01,5.627368e+01,5.634350e+01,5.636677e+01,5.636677e+01,5.684280e+01,5.690074e+01,5.692390e+01,5.739790e+01,5.734018e+01,5.728245e+01,5.736327e+01,5.788166e+01,5.774362e+01,5.768607e+01,5.776664e+01,5.837508e+01,5.863824e+01,5.823757e+01,5.877534e+01,5.864968e+01,5.899211e+01,5.894650e+01,5.890088e+01,5.895790e+01,5.945866e+01,5.926542e+01,5.921990e+01,5.923128e+01,5.969699e+01,5.974234e+01,5.966297e+01,5.966297e+01,6.012716e+01,6.008194e+01,6.043196e+01,6.031915e+01,6.025142e+01,6.021754e+01,6.064603e+01,6.061226e+01,6.062352e+01,6.053341e+01,6.044324e+01,6.075856e+01,6.073606e+01,6.071356e+01,6.067980e+01,6.118531e+01,6.106192e+01,6.098334e+01,6.096088e+01,6.093842e+01,6.099457e+01,6.105070e+01,6.139818e+01,6.131980e+01,6.124137e+01,6.079230e+01,6.124137e+01,6.108437e+01,6.099457e+01,6.098334e+01,6.128619e+01,6.082603e+01,6.111802e+01,6.103947e+01,6.091595e+01,6.082603e+01,6.064603e+01,6.048833e+01,6.082603e+01,6.079230e+01,6.066854e+01,6.065729e+01,6.053341e+01,6.036429e+01,5.982166e+01,6.011586e+01,5.995752e+01,5.979900e+01,5.964029e+01,5.994621e+01,5.985564e+01,5.971967e+01,5.958355e+01,5.957220e+01,5.940186e+01,5.924266e+01,5.918576e+01,5.912883e+01,5.898071e+01,5.879817e+01,5.878675e+01,5.877534e+01,5.858108e+01,5.845523e+01,5.834072e+01,5.822610e+01,5.858108e+01,5.854677e+01,5.855821e+01,5.834072e+01,5.801955e+01,5.789315e+01,5.792764e+01,5.788166e+01,5.788166e+01,5.742097e+01,5.742097e+01,5.742097e+01,5.742097e+01,5.742097e+01,5.742097e+01,5.742097e+01,5.742097e+01,5.742097e+01,5.735173e+01,5.722469e+01,5.721313e+01,5.708595e+01,5.692390e+01,5.686598e+01,5.681963e+01,5.676165e+01,5.670366e+01,5.664564e+01,5.659920e+01,5.645979e+01,5.645979e+01,5.641329e+01,5.625040e+01,5.635514e+01,5.641329e+01,5.625040e+01,5.622711e+01,5.621547e+01,5.605232e+01,5.602900e+01,5.602900e+01,5.598234e+01,5.586562e+01,5.580721e+01,5.622711e+01,5.619217e+01,5.605232e+01,5.572541e+01,5.578384e+01,5.578384e+01,5.578384e+01,5.578384e+01,5.578384e+01,5.578384e+01,5.578384e+01,5.578384e+01,5.578384e+01,5.578384e+01,5.578384e+01,5.578384e+01,5.578384e+01,5.578384e+01,5.578384e+01,5.578384e+01,5.578384e+01,5.578384e+01,5.549139e+01,5.554993e+01,5.546796e+01,5.542110e+01,5.537421e+01,5.535077e+01,5.540938e+01,5.540938e+01,5.540938e+01,5.540938e+01,5.540938e+01,5.556164e+01,5.557334e+01,5.553822e+01,5.567863e+01,5.558504e+01,5.554993e+01,5.560845e+01,5.556164e+01,5.600567e+01,5.600567e+01,5.599400e+01,5.599400e+01,5.599400e+01,5.599400e+01,5.599400e+01,5.593566e+01,5.592399e+01,5.591232e+01,5.635514e+01,5.636677e+01,5.637840e+01,5.639003e+01,5.639003e+01,5.636677e+01,5.636677e+01,5.633187e+01,5.657598e+01,5.648304e+01,5.650628e+01,5.644817e+01,5.644817e+01,5.645979e+01,5.647142e+01,5.644817e+01,5.645979e+01,5.647142e+01,5.648304e+01,5.649466e+01,5.650628e+01,5.649466e+01,5.649466e+01,5.628532e+01,5.629696e+01,5.629696e+01,5.630860e+01,5.632023e+01,5.625040e+01,5.615722e+01,5.608730e+01,5.609895e+01,5.611061e+01,5.593566e+01,5.594733e+01,5.595900e+01,5.597067e+01,5.576047e+01,5.559675e+01,5.560845e+01,5.551480e+01,5.524520e+01,5.525694e+01,5.517477e+01,5.513955e+01,5.503381e+01,5.535077e+01,5.509256e+01,5.497503e+01,5.449198e+01,5.482206e+01,5.482206e+01,5.431479e+01,5.452738e+01,5.386481e+01,5.386481e+01,5.373425e+01,5.357978e+01,5.338940e+01,5.312716e+01,5.290023e+01,5.276867e+01,5.262498e+01,5.252911e+01,5.233712e+01,5.165076e+01,5.159038e+01,5.138484e+01,5.132432e+01,5.127588e+01,5.081479e+01,5.066883e+01,5.040077e+01,4.988739e+01,5.004652e+01,4.974032e+01,4.971579e+01,4.918720e+01,4.887882e+01,4.892821e+01,4.864392e+01,4.807334e+01,4.793649e+01,4.759994e+01,4.748754e+01,4.718731e+01,4.708706e+01,4.634513e+01,4.634513e+01,4.634513e+01,4.573809e+01,4.596609e+01,4.520436e+01,4.507692e+01,4.506417e+01,4.489828e+01,4.428371e+01,4.410386e+01,4.409100e+01,4.383355e+01,4.336870e+01,4.335576e+01,4.278500e+01,4.273298e+01,4.208064e+01,4.201521e+01,4.201521e+01,4.201521e+01,4.149036e+01,4.149036e+01,4.100272e+01,4.061905e+01,4.061905e+01,4.043336e+01,4.015426e+01,3.996781e+01,3.996781e+01,3.952709e+01,3.968755e+01,3.884256e+01,3.870784e+01,3.846495e+01,3.842442e+01,3.841090e+01,3.841090e+01,3.785538e+01,3.761061e+01,3.750165e+01,3.737894e+01,3.737894e+01,3.681820e+01,3.674962e+01,3.665354e+01,3.651613e+01,3.651613e+01,3.651613e+01,3.651613e+01,3.651613e+01,3.651613e+01,3.586800e+01,3.586800e+01,3.586800e+01,3.586800e+01,3.586800e+01,3.586800e+01,3.586800e+01,3.586800e+01,3.586800e+01,3.552167e+01,3.552167e+01,3.552167e+01,3.552167e+01,3.552167e+01,3.552167e+01,3.552167e+01,3.552167e+01,3.552167e+01,3.539672e+01,3.531334e+01,3.522990e+01,3.521599e+01,3.520207e+01,3.518816e+01,3.517424e+01,3.516032e+01,3.457403e+01,3.457403e+01,3.514639e+01,3.454603e+01,3.511855e+01,3.507676e+01,3.507676e+01,3.507676e+01,3.450402e+01,3.454603e+01,3.454603e+01,3.454603e+01,3.454603e+01,3.454603e+01,3.454603e+01,3.454603e+01,3.511855e+01,3.507676e+01,3.507676e+01,3.507676e+01,3.507676e+01,3.507676e+01,3.507676e+01,3.507676e+01,3.507676e+01,3.554942e+01,3.554942e+01,3.554942e+01,3.554942e+01,3.554942e+01,3.554942e+01,3.554942e+01,3.611667e+01,3.561876e+01,3.575729e+01,3.636478e+01,3.636478e+01,3.636478e+01,3.636478e+01,3.579882e+01,3.585417e+01,3.647488e+01,3.640608e+01,3.584033e+01,3.590948e+01,3.590948e+01,3.590948e+01,3.590948e+01,3.590948e+01,3.590948e+01,3.590948e+01,3.590948e+01,3.590948e+01,3.590948e+01,3.590948e+01,3.590948e+01,3.590948e+01,3.590948e+01,3.590948e+01,3.590948e+01,3.590948e+01,3.590948e+01,3.590948e+01,3.590948e+01,3.590948e+01,3.590948e+01,3.590948e+01,3.590948e+01,3.590948e+01,3.590948e+01,3.590948e+01,3.590948e+01,3.590948e+01,3.590948e+01,3.590948e+01,3.590948e+01,3.549392e+01,3.549392e+01,3.549392e+01,3.549392e+01,3.549392e+01,3.549392e+01,3.549392e+01,3.549392e+01,3.549392e+01,3.549392e+01,3.549392e+01,3.549392e+01,3.549392e+01,3.549392e+01,3.549392e+01,3.549392e+01,3.549392e+01,3.549392e+01,3.549392e+01,3.549392e+01,3.549392e+01,3.549392e+01,3.549392e+01,3.549392e+01,3.549392e+01,3.549392e+01,3.549392e+01,3.549392e+01,3.549392e+01,3.549392e+01,3.549392e+01,3.549392e+01,3.549392e+01,3.549392e+01,3.549392e+01,3.549392e+01,3.549392e+01,3.549392e+01,3.549392e+01,3.549392e+01,3.549392e+01,3.549392e+01,3.549392e+01,3.549392e+01,3.549392e+01,3.549392e+01,3.549392e+01,3.549392e+01,3.549392e+01,3.549392e+01,3.549392e+01,3.549392e+01,3.549392e+01,3.549392e+01,3.549392e+01,3.549392e+01,3.549392e+01,3.606146e+01,3.597859e+01,3.589566e+01,3.582650e+01,3.592331e+01,3.597859e+01,3.597859e+01,3.597859e+01,3.597859e+01,3.597859e+01,3.597859e+01
3.419545e+01,3.419545e+01,3.419545e+01,3.419545e+01,3.419545e+01,3.419545e+01,3.419545e+01,3.419545e+01,3.419545e+01,3.419545e+01,3.419545e+01,3.419545e+01,3.476981e+01,3.454603e+01,3.447601e+01,3.461602e+01,3.464399e+01,3.471391e+01,3.471391e+01,3.528554e+01,3.521599e+01,3.521599e+01,3.521599e+01,3.521599e+01,3.578498e+01,3.571575e+01,3.571575e+01,3.571575e+01,3.571575e+01,3.571575e+01,3.602003e+01,3.602003e+01,3.602003e+01,3.602003e+01,3.602003e+01,3.602003e+01,3.602003e+01,3.658486e+01,3.651613e+01,3.644736e+01,3.672218e+01,3.687303e+01,3.707841e+01,3.707841e+01,3.744713e+01,3.771946e+01,3.788254e+01,3.834330e+01,3.853247e+01,3.869437e+01,3.882909e+01,3.909807e+01,3.935300e+01,3.990114e+01,3.999446e+01,4.003443e+01,4.031383e+01,4.085734e+01,4.079120e+01,4.101593e+01,4.117429e+01,4.137194e+01,4.168746e+01,4.181867e+01,4.194973e+01,4.210681e+01,4.226367e+01,4.256372e+01,4.316150e+01,4.308371e+01,4.308371e+01,4.361427e+01,4.370461e+01,4.376910e+01,4.376910e+01,4.376910e+01,4.429655e+01,4.445048e+01,4.445048e+01,4.497487e+01,4.510242e+01,4.510242e+01,4.510242e+01,4.562392e+01,4.573809e+01,4.573809e+01,4.573809e+01,4.592812e+01,4.652160e+01,4.652160e+01,4.652160e+01,4.652160e+01,4.703690e+01,4.703690e+01,4.703690e+01,4.755000e+01,4.759994e+01,4.772470e+01,4.772470e+01,4.772470e+01,4.823487e+01,4.832175e+01,4.832175e+01,4.832175e+01,4.880469e+01,4.880469e+01,4.931033e+01,4.929802e+01,4.999758e+01,5.004652e+01,5.018102e+01,5.044955e+01,5.044955e+01,5.094844e+01,5.104555e+01,5.154205e+01,5.162661e+01,5.207266e+01,5.220496e+01,5.268488e+01,5.260102e+01,5.299583e+01,5.321066e+01,5.384108e+01,5.392411e+01,5.412552e+01,5.473962e+01,5.478674e+01,5.526867e+01,5.531559e+01,5.536249e+01,5.536249e+01,5.584226e+01,5.576047e+01,5.584226e+01,5.595900e+01,5.609895e+01,5.618052e+01,5.626204e+01,5.673846e+01,5.665725e+01,5.673846e+01,5.677325e+01,5.724780e+01,5.732864e+01,5.744405e+01,5.744405e+01,5.791615e+01,5.796211e+01,5.800806e+01,5.800806e+01,5.815729e+01,5.867253e+01,5.869538e+01,5.869538e+01,5.861538e+01,5.928816e+01,5.923128e+01,5.923128e+01,5.957220e+01,5.944730e+01,5.950409e+01,6.002541e+01,5.975367e+01,6.009325e+01,6.014976e+01,6.021754e+01,6.013846e+01,6.044324e+01,6.049960e+01,6.056720e+01,6.058973e+01,6.058973e+01,6.078106e+01,6.110681e+01,6.112924e+01,6.119653e+01,6.110681e+01,6.105070e+01,6.136459e+01,6.134220e+01,6.134220e+01,6.127499e+01,6.120774e+01,6.168892e+01,6.129739e+01,6.152127e+01,6.185637e+01,6.178942e+01,6.172243e+01,6.167775e+01,6.174476e+01,6.174476e+01,6.205704e+01,6.185637e+01,6.200133e+01,6.194559e+01,6.174476e+01,6.161071e+01,6.166658e+01,6.162189e+01,6.175593e+01,6.175593e+01,6.163306e+01,6.146533e+01,6.178942e+01,6.111802e+01,6.102825e+01,6.148771e+01,6.140937e+01,6.124137e+01,6.118531e+01,6.101702e+01,6.072482e+01,6.079230e+01,6.080355e+01,6.060099e+01,6.039813e+01,6.030787e+01,6.031915e+01,6.018366e+01,5.999147e+01,6.026271e+01,6.020625e+01,5.999147e+01,5.978767e+01,5.968565e+01,6.004802e+01,5.986696e+01,5.965163e+01,5.960625e+01,5.956086e+01,5.933365e+01,5.917437e+01,5.902630e+01,5.898071e+01,5.899211e+01,5.892369e+01,5.888947e+01,5.862682e+01,5.846668e+01,5.877534e+01,5.874108e+01,5.866111e+01,5.853533e+01,5.831780e+01,5.828342e+01,5.824903e+01,5.821464e+01,5.818023e+01,5.814582e+01,5.811139e+01,5.807696e+01,5.757087e+01,5.757087e+01,5.757087e+01,5.757087e+01,5.757087e+01,5.757087e+01,5.734018e+01,5.724780e+01,5.714378e+01,5.703967e+01,5.739790e+01,5.730555e+01,5.712065e+01,5.707438e+01,5.698180e+01,5.677325e+01,5.672686e+01,5.715534e+01,5.694707e+01,5.687757e+01,5.681963e+01,5.708595e+01,5.702810e+01,5.699338e+01,5.691232e+01,5.676165e+01,5.677325e+01,5.683121e+01,5.676165e+01,5.652952e+01,5.627368e+01,5.623875e+01,5.668045e+01,5.616887e+01,5.613392e+01,5.656437e+01,5.652952e+01,5.649466e+01,5.645979e+01,5.642492e+01,5.639003e+01,5.635514e+01,5.632023e+01,5.628532e+01,5.625040e+01,5.621547e+01,5.618052e+01,5.614557e+01,5.609895e+01,5.644817e+01,5.641329e+01,5.629696e+01,5.621547e+01,5.613392e+01,5.607564e+01,5.604066e+01,5.648304e+01,5.639003e+01,5.635514e+01,5.632023e+01,5.628532e+01,5.625040e+01,5.618052e+01,5.614557e+01,5.649466e+01,5.643654e+01,5.641329e+01,5.643654e+01,5.649466e+01,5.647142e+01,5.643654e+01,5.641329e+01,5.686598e+01,5.685439e+01,5.684280e+01,5.677325e+01,5.675006e+01,5.680803e+01,5.686598e+01,5.685439e+01,5.684280e+01,5.683121e+01,5.681963e+01,5.678485e+01,5.724780e+01,5.728245e+01,5.729400e+01,5.720157e+01,5.720157e+01,5.714378e+01,5.714378e+01,5.714378e+01,5.714378e+01,5.712065e+01,5.712065e+01,5.712065e+01,5.712065e+01,5.712065e+01,5.712065e+01,5.710908e+01,5.710908e+01,5.690074e+01,5.690074e+01,5.690074e+01,5.690074e+01,5.690074e+01,5.683121e+01,5.673846e+01,5.666885e+01,5.666885e+01,5.666885e+01,5.649466e+01,5.649466e+01,5.649466e+01,5.649466e+01,5.628532e+01,5.612226e+01,5.612226e+01,5.593566e+01,5.573709e+01,5.573709e+01,5.613392e+01,5.563185e+01,5.559675e+01,5.556164e+01,5.591232e+01,5.566694e+01,5.531559e+01,5.532732e+01,5.519825e+01,5.498678e+01,5.485738e+01,5.449198e+01,5.449198e+01,5.436206e+01,5.420836e+01,5.392411e+01,5.373425e+01,5.350842e+01,5.337749e+01,5.323450e+01,5.313909e+01,5.281653e+01,5.238515e+01,5.232511e+01,5.212078e+01,5.156621e+01,5.186792e+01,5.116683e+01,5.097273e+01,5.070533e+01,5.049831e+01,5.040077e+01,5.026652e+01,5.010767e+01,4.958078e+01,4.944563e+01,4.934724e+01,4.906394e+01,4.874289e+01,4.850772e+01,4.824728e+01,4.803603e+01,4.781195e+01,4.706199e+01,4.712466e+01,4.659715e+01,4.645860e+01,4.613049e+01,4.596609e+01,4.600405e+01,4.585214e+01,4.529348e+01,4.498763e+01,4.466819e+01,4.445048e+01,4.439919e+01,4.397522e+01,4.327810e+01,4.313557e+01,4.307073e+01,4.285000e+01,4.301883e+01,4.238118e+01,4.234202e+01,4.217220e+01,4.194973e+01,4.125339e+01,4.102913e+01,4.134560e+01,4.076473e+01,4.055276e+01,4.043336e+01,4.020747e+01,3.951371e+01,3.944677e+01,3.944677e+01,3.915179e+01,3.897711e+01,3.897711e+01,3.842442e+01,3.842442e+01,3.842442e+01,3.785538e+01,3.785538e+01,3.785538e+01,3.785538e+01,3.737894e+01,3.713311e+01,3.702368e+01,3.665354e+01,3.665354e+01,3.665354e+01,3.665354e+01,3.665354e+01,3.608907e+01,3.655737e+01,3.622702e+01,3.618565e+01,3.614427e+01,3.557716e+01,3.618565e+01,3.613047e+01,3.556329e+01,3.561876e+01,3.559103e+01,3.568805e+01,3.568805e+01,3.568805e+01,3.568805e+01,3.568805e+01,3.568805e+01,3.511855e+01,3.517424e+01,3.522990e+01,3.528554e+01,3.528554e+01,3.528554e+01,3.528554e+01,3.528554e+01,3.528554e+01,3.471391e+01,3.520207e+01,3.493734e+01,3.502101e+01,3.499313e+01,3.493734e+01,3.503495e+01,3.503495e+01,3.503495e+01,3.503495e+01,3.503495e+01,3.454603e+01,3.454603e+01,3.454603e+01,3.454603e+01,3.454603e+01,3.454603e+01,3.454603e+01,3.454603e+01,3.507676e+01,3.507676e+01,3.507676e+01,3.507676e+01,3.507676e+01,3.507676e+01,3.507676e+01,3.564648e+01,3.571575e+01,3.571575e+01,3.571575e+01,3.571575e+01,3.571575e+01,3.571575e+01,3.571575e+01,3.571575e+01,3.571575e+01,3.628214e+01,3.643361e+01,3.586800e+01,3.592331e+01,3.640608e+01,3.615807e+01,3.622702e+01,3.639232e+01,3.622702e+01,3.615807e+01,3.610287e+01,3.610287e+01,3.610287e+01,3.610287e+01,3.610287e+01,3.610287e+01,3.610287e+01,3.610287e+01,3.610287e+01,3.610287e+01,3.610287e+01,3.610287e+01,3.610287e+01,3.610287e+01,3.610287e+01,3.610287e+01,3.553555e+01,3.559103e+01,3.564648e+01,3.564648e+01,3.564648e+01,3.564648e+01,3.564648e+01,3.564648e+01,3.564648e+01,3.564648e+01,3.564648e+01,3.564648e+01,3.564648e+01,3.564648e+01,3.564648e+01,3.564648e+01,3.564648e+01,3.564648e+01,3.564648e+01,3.564648e+01,3.564648e+01,3.564648e+01,3.564648e+01,3.564648e+01,3.564648e+01,3.564648e+01,3.564648e+01,3.564648e+01,3.564648e+01,3.564648e+01,3.564648e+01,3.564648e+01,3.564648e+01,3.564648e+01,3.564648e+01,3.564648e+01,3.564648e+01,3.564648e+01,3.564648e+01,3.564648e+01,3.564648e+01,3.564648e+01,3.564648e+01,3.564648e+01,3.564648e+01,3.564648e+01,3.564648e+01,3.564648e+01,3.564648e+01,3.564648e+01,3.564648e+01,3.564648e+01,3.564648e+01,3.564648e+01,3.564648e+01,3.564648e+01,3.564648e+01,3.564648e+01,3.564648e+01,3.564648e+01,3.564648e+01,3.564648e+01,3.564648e+01,3.564648e+01,3.564648e+01,3.564648e+01,3.564648e+01,3.564648e+01,3.564648e+01,3.564648e+01,3.564648e+01,3.564648e+01,3.564648e+01,3.564648e+01,3.564648e+01,3.564648e+01,3.564648e+01,3.564648e+01,3.564648e+01,3.564648e+01,3.564648e+01,3.564648e+01,3.564648e+01,3.564648e+01
3.419545e+01,3.419545e+01,3.419545e+01,3.419545e+01,3.419545e+01,3.419545e+01,3.419545e+01,3.419545e+01,3.419545e+01,3.419545e+01,3.419545e+01,3.476981e+01,3.426566e+01,3.489548e+01,3.476981e+01,3.471391e+01,3.471391e+01,3.471391e+01,3.471391e+01,3.528554e+01,3.528554e+01,3.528554e+01,3.528554e+01,3.528554e+01,3.578498e+01,3.578498e+01,3.578498e+01,3.578498e+01,3.578498e+01,3.578498e+01,3.578498e+01,3.578498e+01,3.635102e+01,3.629592e+01,3.629592e+01,3.629592e+01,3.629592e+01,3.629592e+01,3.685933e+01,3.673590e+01,3.668100e+01,3.724244e+01,3.718779e+01,3.721512e+01,3.728341e+01,3.771946e+01,3.804538e+01,3.858646e+01,3.858646e+01,3.858646e+01,3.913836e+01,3.908464e+01,3.950032e+01,3.960735e+01,4.030054e+01,4.040681e+01,4.043336e+01,4.110833e+01,4.110833e+01,4.110833e+01,4.164807e+01,4.172684e+01,4.171371e+01,4.171371e+01,4.225061e+01,4.218526e+01,4.228979e+01,4.309667e+01,4.321333e+01,4.321333e+01,4.321333e+01,4.321333e+01,4.370461e+01,4.370461e+01,4.370461e+01,4.423236e+01,4.434788e+01,4.434788e+01,4.434788e+01,4.497487e+01,4.497487e+01,4.549694e+01,4.556044e+01,4.567467e+01,4.567467e+01,4.567467e+01,4.567467e+01,4.619366e+01,4.644600e+01,4.644600e+01,4.644600e+01,4.644600e+01,4.703690e+01,4.755000e+01,4.709959e+01,4.728747e+01,4.740005e+01,4.740005e+01,4.772470e+01,4.787424e+01,4.797383e+01,4.812306e+01,4.812306e+01,4.863155e+01,4.873052e+01,4.887882e+01,4.905161e+01,4.971579e+01,5.004652e+01,5.004652e+01,5.054705e+01,5.053487e+01,5.068100e+01,5.119107e+01,5.133643e+01,5.146951e+01,5.169905e+01,5.231310e+01,5.245715e+01,5.261301e+01,5.323450e+01,5.328218e+01,5.382922e+01,5.388853e+01,5.437388e+01,5.442113e+01,5.466891e+01,5.535077e+01,5.491621e+01,5.550310e+01,5.550310e+01,5.598234e+01,5.601733e+01,5.601733e+01,5.601733e+01,5.649466e+01,5.643654e+01,5.685439e+01,5.690074e+01,5.693549e+01,5.693549e+01,5.693549e+01,5.740944e+01,5.744405e+01,5.744405e+01,5.791615e+01,5.796211e+01,5.799657e+01,5.799657e+01,5.846668e+01,5.840944e+01,5.892369e+01,5.895790e+01,5.890088e+01,5.936776e+01,5.934502e+01,5.937912e+01,5.984431e+01,5.991225e+01,5.992357e+01,6.020625e+01,6.026271e+01,6.026271e+01,6.004802e+01,6.054467e+01,6.048833e+01,6.090471e+01,6.089347e+01,6.090471e+01,6.130859e+01,6.126378e+01,6.121895e+01,6.163306e+01,6.159953e+01,6.161071e+01,6.157718e+01,6.154363e+01,6.142057e+01,6.191214e+01,6.192329e+01,6.186753e+01,6.183406e+01,6.173360e+01,6.217952e+01,6.214613e+01,6.197904e+01,6.204590e+01,6.205704e+01,6.224628e+01,6.260178e+01,6.253520e+01,6.251300e+01,6.257959e+01,6.259069e+01,6.236859e+01,6.234636e+01,6.271268e+01,6.249079e+01,6.233524e+01,6.276810e+01,6.263506e+01,6.262397e+01,6.215726e+01,6.246858e+01,6.236859e+01,6.186753e+01,6.187868e+01,6.185637e+01,6.188984e+01,6.180058e+01,6.162189e+01,6.155481e+01,6.175593e+01,6.153245e+01,6.152127e+01,6.151008e+01,6.129739e+01,6.108437e+01,6.098334e+01,6.097211e+01,6.082603e+01,6.070231e+01,6.071356e+01,6.064603e+01,6.042068e+01,6.066854e+01,6.063477e+01,6.018366e+01,6.018366e+01,6.018366e+01,6.018366e+01,6.018366e+01,5.979900e+01,5.962894e+01,5.993489e+01,5.988961e+01,5.942458e+01,5.934502e+01,5.923128e+01,5.912883e+01,5.950409e+01,5.903770e+01,5.898071e+01,5.887806e+01,5.887806e+01,5.887806e+01,5.887806e+01,5.887806e+01,5.887806e+01,5.864968e+01,5.860395e+01,5.855821e+01,5.837508e+01,5.815729e+01,5.814582e+01,5.813434e+01,5.812287e+01,5.811139e+01,5.809991e+01,5.785866e+01,5.775513e+01,5.811139e+01,5.808844e+01,5.807696e+01,5.798509e+01,5.780116e+01,5.775513e+01,5.766304e+01,5.745558e+01,5.747865e+01,5.751324e+01,5.728245e+01,5.719001e+01,5.722469e+01,5.768607e+01,5.715534e+01,5.715534e+01,5.715534e+01,5.715534e+01,5.715534e+01,5.715534e+01,5.715534e+01,5.715534e+01,5.715534e+01,5.715534e+01,5.715534e+01,5.715534e+01,5.715534e+01,5.715534e+01,5.715534e+01,5.715534e+01,5.715534e+01,5.690074e+01,5.685439e+01,5.680803e+01,5.676165e+01,5.671526e+01,5.666885e+01,5.709752e+01,5.705124e+01,5.652952e+01,5.703967e+01,5.703967e+01,5.699338e+01,5.686598e+01,5.677325e+01,5.715534e+01,5.708595e+01,5.712065e+01,5.706281e+01,5.695864e+01,5.691232e+01,5.686598e+01,5.729400e+01,5.725935e+01,5.719001e+01,5.724780e+01,5.721313e+01,5.715534e+01,5.713221e+01,5.713221e+01,5.713221e+01,5.758240e+01,5.745558e+01,5.750171e+01,5.744405e+01,5.744405e+01,5.744405e+01,5.738636e+01,5.737481e+01,5.738636e+01,5.739790e+01,5.739790e+01,5.739790e+01,5.787016e+01,5.788166e+01,5.782416e+01,5.785866e+01,5.788166e+01,5.790465e+01,5.783566e+01,5.785866e+01,5.782416e+01,5.784716e+01,5.787016e+01,5.789315e+01,5.789315e+01,5.791615e+01,5.793913e+01,5.796211e+01,5.798509e+01,5.800806e+01,5.801955e+01,5.804251e+01,5.785866e+01,5.788166e+01,5.790465e+01,5.792764e+01,5.747865e+01,5.742097e+01,5.734018e+01,5.728245e+01,5.729400e+01,5.730555e+01,5.714378e+01,5.715534e+01,5.716690e+01,5.717846e+01,5.698180e+01,5.683121e+01,5.684280e+01,5.666885e+01,5.648304e+01,5.655275e+01,5.651790e+01,5.625040e+01,5.622711e+01,5.628532e+01,5.625040e+01,5.601733e+01,5.583058e+01,5.584226e+01,5.572541e+01,5.552652e+01,5.531559e+01,5.502205e+01,5.503381e+01,5.491621e+01,5.468070e+01,5.446836e+01,5.429115e+01,5.407816e+01,5.395967e+01,5.382922e+01,5.365110e+01,5.332985e+01,5.313909e+01,5.260102e+01,5.272079e+01,5.230109e+01,5.224102e+01,5.184381e+01,5.156621e+01,5.137273e+01,5.116683e+01,5.106982e+01,5.093630e+01,5.062013e+01,5.033977e+01,4.970352e+01,4.955622e+01,4.932264e+01,4.917488e+01,4.885411e+01,4.876761e+01,4.803603e+01,4.763738e+01,4.783687e+01,4.716225e+01,4.741256e+01,4.667265e+01,4.649640e+01,4.630728e+01,4.628204e+01,4.596609e+01,4.543340e+01,4.517888e+01,4.501315e+01,4.477051e+01,4.455298e+01,4.412957e+01,4.371751e+01,4.354969e+01,4.345923e+01,4.321333e+01,4.304479e+01,4.269394e+01,4.262885e+01,4.243336e+01,4.202830e+01,4.162180e+01,4.150351e+01,4.089701e+01,4.072502e+01,4.072502e+01,4.043336e+01,4.002111e+01,3.980775e+01,3.971427e+01,3.968755e+01,3.955385e+01,3.880216e+01,3.861345e+01,3.850547e+01,3.850547e+01,3.795042e+01,3.781462e+01,3.781462e+01,3.781462e+01,3.781462e+01,3.737894e+01,3.737894e+01,3.702368e+01,3.681820e+01,3.681820e+01,3.681820e+01,3.625458e+01,3.617186e+01,3.613047e+01,3.632347e+01,3.639232e+01,3.639232e+01,3.582650e+01,3.572960e+01,3.588183e+01,3.579882e+01,3.564648e+01,3.564648e+01,3.564648e+01,3.564648e+01,3.564648e+01,3.564648e+01,3.564648e+01,3.564648e+01,3.564648e+01,3.564648e+01,3.517424e+01,3.517424e+01,3.517424e+01,3.517424e+01,3.517424e+01,3.517424e+01,3.517424e+01,3.517424e+01,3.517424e+01,3.517424e+01,3.517424e+01,3.460202e+01,3.521599e+01,3.464399e+01,3.478378e+01,3.478378e+01,3.478378e+01,3.478378e+01,3.478378e+01,3.478378e+01,3.478378e+01,3.478378e+01,3.478378e+01,3.478378e+01,3.478378e+01,3.478378e+01,3.478378e+01,3.478378e+01,3.478378e+01,3.478378e+01,3.507676e+01,3.507676e+01,3.507676e+01,3.507676e+01,3.564648e+01,3.564648e+01,3.564648e+01,3.564648e+01,3.564648e+01,3.564648e+01,3.564648e+01,3.621323e+01,3.561876e+01,3.581266e+01,3.597859e+01,3.604765e+01,3.595095e+01,3.614427e+01,3.610287e+01,3.614427e+01,3.614427e+01,3.614427e+01,3.614427e+01,3.614427e+01,3.614427e+01,3.614427e+01,3.614427e+01,3.614427e+01,3.614427e+01,3.614427e+01,3.614427e+01,3.614427e+01,3.614427e+01,3.614427e+01,3.614427e+01,3.614427e+01,3.614427e+01,3.614427e+01,3.614427e+01,3.614427e+01,3.610287e+01,3.606146e+01,3.602003e+01,3.597859e+01,3.593713e+01,3.589566e+01,3.589566e+01,3.589566e+01,3.589566e+01,3.589566e+01,3.589566e+01,3.589566e+01,3.589566e+01,3.589566e+01,3.589566e+01,3.589566e+01,3.589566e+01,3.589566e+01,3.589566e+01,3.589566e+01,3.589566e+01,3.589566e+01,3.589566e+01,3.589566e+01,3.589566e+01,3.589566e+01,3.532724e+01,3.593713e+01,3.588183e+01,3.588183e+01,3.588183e+01,3.588183e+01,3.588183e+01,3.531334e+01,3.536894e+01,3.536894e+01,3.536894e+01,3.593713e+01,3.588183e+01,3.588183e+01,3.588183e+01,3.531334e+01,3.536894e+01,3.536894e+01,3.536894e+01,3.536894e+01,3.536894e+01,3.536894e+01,3.536894e+01,3.536894e+01,3.536894e+01,3.536894e+01,3.536894e+01,3.536894e+01,3.593713e+01,3.531334e+01,3.538283e+01,3.538283e+01,3.538283e+01,3.538283e+01,3.538283e+01,3.538283e+01,3.595095e+01,3.588183e+01,3.588183e+01,3.588183e+01,3.588183e+01,3.588183e+01,3.588183e+01,3.588183e+01,3.588183e+01,3.588183e+01,3.588183e+01,3.588183e+01,3.588183e+01,3.588183e+01,3.588183e+01,3.588183e+01,3.588183e+01,3.588183e+01,3.588183e+01,3.588183e+01,3.588183e+01,3.588183e+01
3.419545e+01,3.419545e+01,3.419545e+01,3.419545e+01,3.419545e+01,3.419545e+01,3.419545e+01,3.419545e+01,3.419545e+01,3.419545e+01,3.419545e+01,3.419545e+01,3.476981e+01,3.436387e+01,3.497919e+01,3.497919e+01,3.497919e+01,3.497919e+01,3.497919e+01,3.497919e+01,3.497919e+01,3.528554e+01,3.528554e+01,3.528554e+01,3.528554e+01,3.578498e+01,3.578498e+01,3.578498e+01,3.578498e+01,3.578498e+01,3.578498e+01,3.635102e+01,3.639232e+01,3.639232e+01,3.639232e+01,3.639232e+01,3.639232e+01,3.639232e+01,3.639232e+01,3.673590e+01,3.687303e+01,3.694154e+01,3.700999e+01,3.700999e+01,3.756976e+01,3.771946e+01,3.805894e+01,3.828920e+01,3.890985e+01,3.899056e+01,3.905777e+01,3.963409e+01,3.963409e+01,3.982109e+01,4.000779e+01,4.019417e+01,4.040681e+01,4.079120e+01,4.087056e+01,4.159552e+01,4.168746e+01,4.168746e+01,4.168746e+01,4.222448e+01,4.228979e+01,4.228979e+01,4.282401e+01,4.260281e+01,4.330399e+01,4.330399e+01,4.330399e+01,4.330399e+01,4.370461e+01,4.370461e+01,4.370461e+01,4.423236e+01,4.423236e+01,4.423236e+01,4.475772e+01,4.489828e+01,4.508967e+01,4.521709e+01,4.535710e+01,4.567467e+01,4.567467e+01,4.567467e+01,4.567467e+01,4.619366e+01,4.619366e+01,4.671038e+01,4.663491e+01,4.682351e+01,4.652160e+01,4.687376e+01,4.736254e+01,4.728747e+01,4.728747e+01,4.779949e+01,4.779949e+01,4.779949e+01,4.779949e+01,4.812306e+01,4.830934e+01,4.835897e+01,4.853250e+01,4.887882e+01,4.923647e+01,4.969125e+01,4.987514e+01,5.005876e+01,5.027873e+01,5.035197e+01,5.068100e+01,5.092415e+01,5.163869e+01,5.155413e+01,5.187997e+01,5.254110e+01,5.254110e+01,5.303166e+01,5.324643e+01,5.346083e+01,5.406631e+01,5.424385e+01,5.430297e+01,5.486914e+01,5.488091e+01,5.550310e+01,5.538594e+01,5.551480e+01,5.569033e+01,5.574878e+01,5.649466e+01,5.643654e+01,5.650628e+01,5.651790e+01,5.663403e+01,5.709752e+01,5.701653e+01,5.701653e+01,5.749018e+01,5.755935e+01,5.757087e+01,5.804251e+01,5.811139e+01,5.812287e+01,5.859252e+01,5.853533e+01,5.860395e+01,5.861538e+01,5.872966e+01,5.932228e+01,5.926542e+01,5.927679e+01,5.937912e+01,5.984431e+01,5.991225e+01,5.992357e+01,6.038685e+01,6.047706e+01,6.047706e+01,6.085976e+01,6.080355e+01,6.065729e+01,6.112924e+01,6.114046e+01,6.116289e+01,6.154363e+01,6.161071e+01,6.163306e+01,6.199018e+01,6.201247e+01,6.203476e+01,6.194559e+01,6.190099e+01,6.227965e+01,6.219065e+01,6.213499e+01,6.215726e+01,6.256849e+01,6.245747e+01,6.282350e+01,6.279026e+01,6.273486e+01,6.264616e+01,6.287887e+01,6.283457e+01,6.279026e+01,6.333207e+01,6.329896e+01,6.318853e+01,6.312224e+01,6.307802e+01,6.348647e+01,6.323272e+01,6.327688e+01,6.329896e+01,6.304485e+01,6.340929e+01,6.335414e+01,6.318853e+01,6.303379e+01,6.314434e+01,6.314434e+01,6.290101e+01,6.307802e+01,6.253520e+01,6.247969e+01,6.290101e+01,6.279026e+01,6.259069e+01,6.250189e+01,6.247969e+01,6.223516e+01,6.220178e+01,6.216839e+01,6.193444e+01,6.215726e+01,6.195675e+01,6.193444e+01,6.177826e+01,6.164424e+01,6.163306e+01,6.155481e+01,6.143176e+01,6.143176e+01,6.125257e+01,6.102825e+01,6.101702e+01,6.100580e+01,6.099457e+01,6.084852e+01,6.069106e+01,6.062352e+01,6.016106e+01,6.040941e+01,6.017236e+01,6.008194e+01,5.995752e+01,5.993489e+01,5.990093e+01,5.966297e+01,5.959490e+01,5.994621e+01,5.984431e+01,5.936776e+01,5.935639e+01,5.934502e+01,5.933365e+01,5.909467e+01,5.903770e+01,5.898071e+01,5.878675e+01,5.902630e+01,5.901490e+01,5.900351e+01,5.899211e+01,5.898071e+01,5.887806e+01,5.870681e+01,5.870681e+01,5.870681e+01,5.868396e+01,5.867253e+01,5.858108e+01,5.839799e+01,5.835218e+01,5.826050e+01,5.805400e+01,5.805400e+01,5.805400e+01,5.829488e+01,5.821464e+01,5.829488e+01,5.829488e+01,5.799657e+01,5.800806e+01,5.801955e+01,5.803103e+01,5.804251e+01,5.805400e+01,5.806548e+01,5.760544e+01,5.760544e+01,5.760544e+01,5.760544e+01,5.760544e+01,5.760544e+01,5.760544e+01,5.760544e+01,5.760544e+01,5.751324e+01,5.742097e+01,5.737481e+01,5.780116e+01,5.776664e+01,5.773211e+01,5.776664e+01,5.770909e+01,5.751324e+01,5.761696e+01,5.755935e+01,5.757087e+01,5.753630e+01,5.789315e+01,5.788166e+01,5.782416e+01,5.777814e+01,5.780116e+01,5.776664e+01,5.768607e+01,5.766304e+01,5.769758e+01,5.772060e+01,5.770909e+01,5.766304e+01,5.768607e+01,5.767455e+01,5.811139e+01,5.765152e+01,5.767455e+01,5.775513e+01,5.824903e+01,5.814582e+01,5.816876e+01,5.813434e+01,5.815729e+01,5.818023e+01,5.814582e+01,5.815729e+01,5.818023e+01,5.820317e+01,5.822610e+01,5.830635e+01,5.834072e+01,5.836363e+01,5.832926e+01,5.835218e+01,5.837508e+01,5.839799e+01,5.835218e+01,5.837508e+01,5.836363e+01,5.838654e+01,5.840944e+01,5.843234e+01,5.845523e+01,5.847812e+01,5.850101e+01,5.852389e+01,5.854677e+01,5.856964e+01,5.859252e+01,5.861538e+01,5.845523e+01,5.847812e+01,5.850101e+01,5.835218e+01,5.813434e+01,5.809991e+01,5.804251e+01,5.800806e+01,5.803103e+01,5.805400e+01,5.791615e+01,5.793913e+01,5.796211e+01,5.798509e+01,5.781266e+01,5.768607e+01,5.770909e+01,5.755935e+01,5.739790e+01,5.742097e+01,5.729400e+01,5.709752e+01,5.709752e+01,5.712065e+01,5.663403e+01,5.688915e+01,5.672686e+01,5.675006e+01,5.665725e+01,5.600567e+01,5.618052e+01,5.595900e+01,5.597067e+01,5.538594e+01,5.515129e+01,5.493974e+01,5.476318e+01,5.455098e+01,5.443294e+01,5.430297e+01,5.404263e+01,5.379361e+01,5.344893e+01,5.321066e+01,5.305554e+01,5.293609e+01,5.272079e+01,5.232511e+01,5.212078e+01,5.192817e+01,5.172319e+01,5.162661e+01,5.140903e+01,5.109408e+01,5.081479e+01,5.042516e+01,4.977710e+01,4.977710e+01,4.977710e+01,4.935955e+01,4.860680e+01,4.856965e+01,4.824728e+01,4.807334e+01,4.763738e+01,4.746255e+01,4.696163e+01,4.674810e+01,4.674810e+01,4.628204e+01,4.595344e+01,4.567467e+01,4.567467e+01,4.501315e+01,4.501315e+01,4.455298e+01,4.416813e+01,4.443766e+01,4.373041e+01,4.373041e+01,4.321333e+01,4.299288e+01,4.286300e+01,4.286300e+01,4.243336e+01,4.208064e+01,4.184489e+01,4.154295e+01,4.118748e+01,4.097630e+01,4.092345e+01,4.068529e+01,4.044664e+01,4.019417e+01,3.951371e+01,3.951371e+01,3.951371e+01,3.935300e+01,3.913836e+01,3.900400e+01,3.826213e+01,3.820798e+01,3.820798e+01,3.781462e+01,3.781462e+01,3.781462e+01,3.737894e+01,3.732436e+01,3.663980e+01,3.669473e+01,3.669473e+01,3.669473e+01,3.669473e+01,3.669473e+01,3.613047e+01,3.613047e+01,3.613047e+01,3.613047e+01,3.613047e+01,3.613047e+01,3.613047e+01,3.613047e+01,3.613047e+01,3.564648e+01,3.564648e+01,3.564648e+01,3.564648e+01,3.564648e+01,3.564648e+01,3.564648e+01,3.564648e+01,3.564648e+01,3.564648e+01,3.564648e+01,3.517424e+01,3.517424e+01,3.517424e+01,3.517424e+01,3.517424e+01,3.517424e+01,3.517424e+01,3.517424e+01,3.517424e+01,3.517424e+01,3.517424e+01,3.517424e+01,3.517424e+01,3.478378e+01,3.478378e+01,3.478378e+01,3.478378e+01,3.478378e+01,3.478378e+01,3.478378e+01,3.478378e+01,3.478378e+01,3.478378e+01,3.478378e+01,3.478378e+01,3.478378e+01,3.478378e+01,3.478378e+01,3.507676e+01,3.507676e+01,3.507676e+01,3.564648e+01,3.568805e+01,3.568805e+01,3.568805e+01,3.568805e+01,3.568805e+01,3.568805e+01,3.568805e+01,3.621323e+01,3.588183e+01,3.588183e+01,3.588183e+01,3.588183e+01,3.644736e+01,3.641985e+01,3.641985e+01,3.641985e+01,3.641985e+01,3.641985e+01,3.641985e+01,3.641985e+01,3.641985e+01,3.641985e+01,3.585417e+01,3.590948e+01,3.590948e+01,3.590948e+01,3.590948e+01,3.590948e+01,3.590948e+01,3.590948e+01,3.590948e+01,3.590948e+01,3.590948e+01,3.590948e+01,3.590948e+01,3.590948e+01,3.590948e+01,3.590948e+01,3.590948e+01,3.590948e+01,3.590948e+01,3.590948e+01,3.590948e+01,3.590948e+01,3.590948e+01,3.590948e+01,3.590948e+01,3.590948e+01,3.590948e+01,3.590948e+01,3.590948e+01,3.590948e+01,3.590948e+01,3.590948e+01,3.590948e+01,3.590948e+01,3.590948e+01,3.590948e+01,3.590948e+01,3.590948e+01,3.590948e+01,3.590948e+01,3.590948e+01,3.590948e+01,3.590948e+01,3.590948e+01,3.534114e+01,3.536894e+01,3.584033e+01,3.557716e+01,3.557716e+01,3.557716e+01,3.557716e+01,3.557716e+01,3.557716e+01,3.557716e+01,3.557716e+01,3.557716e+01,3.557716e+01,3.557716e+01,3.557716e+01,3.557716e+01,3.557716e+01,3.557716e+01,3.557716e+01,3.557716e+01,3.557716e+01,3.557716e+01,3.557716e+01,3.557716e+01,3.557716e+01,3.557716e+01,3.557716e+01,3.557716e+01,3.557716e+01,3.557716e+01,3.557716e+01,3.557716e+01,3.557716e+01,3.557716e+01,3.557716e+01,3.557716e+01,3.557716e+01,3.557716e+01,3.557716e+01,3.557716e+01,3.557716e+01,3.557716e+01,3.588183e+01,3.588183e+01,3.588183e+01,3.588183e+01,3.588183e+01,3.588183e+01,3.588183e+01,3.588183e+01,3.588183e+01,3.588183e+01,3.588183e+01,3.588183e+01
3.419545e+01,3.419545e+01,3.419545e+01,3.419545e+01,3.419545e+01,3.419545e+01,3.419545e+01,3.419545e+01,3.419545e+01,3.419545e+01,3.419545e+01,3.419545e+01,3.476981e+01,3.497919e+01,3.502101e+01,3.444798e+01,3.504889e+01,3.504889e+01,3.504889e+01,3.504889e+01,3.504889e+01,3.504889e+01,3.504889e+01,3.561876e+01,3.570190e+01,3.571575e+01,3.571575e+01,3.571575e+01,3.571575e+01,3.571575e+01,3.628214e+01,3.639232e+01,3.639232e+01,3.639232e+01,3.639232e+01,3.639232e+01,3.639232e+01,3.639232e+01,3.695523e+01,3.695523e+01,3.695523e+01,3.695523e+01,3.695523e+01,3.751528e+01,3.761061e+01,3.777385e+01,3.789612e+01,3.831625e+01,3.865392e+01,3.899056e+01,3.924573e+01,3.937980e+01,3.937980e+01,3.982109e+01,3.982109e+01,4.019417e+01,4.045991e+01,4.063230e+01,4.089701e+01,4.134560e+01,4.134560e+01,4.168746e+01,4.187111e+01,4.197593e+01,4.197593e+01,4.228979e+01,4.257675e+01,4.275899e+01,4.305776e+01,4.305776e+01,4.358844e+01,4.369171e+01,4.370461e+01,4.370461e+01,4.370461e+01,4.423236e+01,4.423236e+01,4.475772e+01,4.479607e+01,4.479607e+01,4.479607e+01,4.521709e+01,4.540797e+01,4.552234e+01,4.552234e+01,4.552234e+01,4.604200e+01,4.613049e+01,4.630728e+01,4.647121e+01,4.647121e+01,4.682351e+01,4.704945e+01,4.706199e+01,4.712466e+01,4.712466e+01,4.712466e+01,4.728747e+01,4.783687e+01,4.783687e+01,4.783687e+01,4.812306e+01,4.812306e+01,4.863155e+01,4.873052e+01,4.933494e+01,4.934724e+01,4.945792e+01,4.987514e+01,4.987514e+01,5.027873e+01,5.040077e+01,5.103342e+01,5.110621e+01,5.140903e+01,5.145742e+01,5.179558e+01,5.222900e+01,5.287632e+01,5.297194e+01,5.324643e+01,5.362733e+01,5.384108e+01,5.424385e+01,5.446836e+01,5.464534e+01,5.530386e+01,5.553822e+01,5.601733e+01,5.598234e+01,5.594733e+01,5.649466e+01,5.652952e+01,5.652952e+01,5.652952e+01,5.700495e+01,5.707438e+01,5.713221e+01,5.713221e+01,5.760544e+01,5.764000e+01,5.764000e+01,5.811139e+01,5.814582e+01,5.814582e+01,5.861538e+01,5.864968e+01,5.864968e+01,5.911744e+01,5.908327e+01,5.915161e+01,5.935639e+01,5.982166e+01,5.978767e+01,5.985564e+01,6.035300e+01,6.031915e+01,6.038685e+01,6.043196e+01,6.089347e+01,6.096088e+01,6.100580e+01,6.146533e+01,6.138699e+01,6.143176e+01,6.184522e+01,6.191214e+01,6.195675e+01,6.192329e+01,6.201247e+01,6.246858e+01,6.243526e+01,6.240193e+01,6.273486e+01,6.275702e+01,6.280134e+01,6.314434e+01,6.307802e+01,6.314434e+01,6.318853e+01,6.314434e+01,6.318853e+01,6.314434e+01,6.350851e+01,6.351954e+01,6.351954e+01,6.346442e+01,6.348647e+01,6.398159e+01,6.393765e+01,6.381675e+01,6.373976e+01,6.376176e+01,6.376176e+01,6.411332e+01,6.410235e+01,6.402551e+01,6.380575e+01,6.386073e+01,6.379476e+01,6.361868e+01,6.390469e+01,6.345340e+01,6.386073e+01,6.368473e+01,6.351954e+01,6.365171e+01,6.357462e+01,6.306696e+01,6.324376e+01,6.303379e+01,6.293422e+01,6.328792e+01,6.311118e+01,6.306696e+01,6.296742e+01,6.280134e+01,6.233524e+01,6.233524e+01,6.233524e+01,6.233524e+01,6.233524e+01,6.233524e+01,6.233524e+01,6.188984e+01,6.186753e+01,6.166658e+01,6.187868e+01,6.185637e+01,6.183406e+01,6.135340e+01,6.118531e+01,6.146533e+01,6.123016e+01,6.090471e+01,6.087100e+01,6.070231e+01,6.058973e+01,6.044324e+01,6.039813e+01,6.075856e+01,6.058973e+01,6.016106e+01,6.016106e+01,6.035300e+01,6.011586e+01,6.008194e+01,6.004802e+01,5.998016e+01,5.981033e+01,5.973100e+01,5.965163e+01,5.954950e+01,5.954950e+01,5.951545e+01,5.948138e+01,5.944730e+01,5.941322e+01,5.928816e+01,5.909467e+01,5.907188e+01,5.904910e+01,5.900351e+01,5.896931e+01,5.932228e+01,5.911744e+01,5.904910e+01,5.893510e+01,5.870681e+01,5.868396e+01,5.877534e+01,5.877534e+01,5.867253e+01,5.864968e+01,5.861538e+01,5.895790e+01,5.893510e+01,5.844379e+01,5.840944e+01,5.837508e+01,5.836363e+01,5.867253e+01,5.845523e+01,5.842089e+01,5.838654e+01,5.835218e+01,5.831780e+01,5.828342e+01,5.824903e+01,5.821464e+01,5.818023e+01,5.805400e+01,5.839799e+01,5.795062e+01,5.800806e+01,5.800806e+01,5.800806e+01,5.800806e+01,5.818023e+01,5.843234e+01,5.840944e+01,5.832926e+01,5.830635e+01,5.836363e+01,5.836363e+01,5.832926e+01,5.824903e+01,5.818023e+01,5.815729e+01,5.858108e+01,5.847812e+01,5.843234e+01,5.840944e+01,5.838654e+01,5.835218e+01,5.875250e+01,5.864968e+01,5.823757e+01,5.867253e+01,5.892369e+01,5.882100e+01,5.879817e+01,5.885524e+01,5.874108e+01,5.872966e+01,5.868396e+01,5.867253e+01,5.866111e+01,5.908327e+01,5.908327e+01,5.908327e+01,5.908327e+01,5.908327e+01,5.908327e+01,5.908327e+01,5.908327e+01,5.904910e+01,5.904910e+01,5.904910e+01,5.904910e+01,5.900351e+01,5.900351e+01,5.899211e+01,5.899211e+01,5.945866e+01,5.935639e+01,5.936776e+01,5.937912e+01,5.939049e+01,5.940186e+01,5.941322e+01,5.942458e+01,5.943594e+01,5.944730e+01,5.929954e+01,5.931091e+01,5.932228e+01,5.918576e+01,5.898071e+01,5.895790e+01,5.891229e+01,5.888947e+01,5.890088e+01,5.844379e+01,5.877534e+01,5.878675e+01,5.879817e+01,5.834072e+01,5.816876e+01,5.804251e+01,5.804251e+01,5.789315e+01,5.820317e+01,5.820317e+01,5.760544e+01,5.789315e+01,5.740944e+01,5.773211e+01,5.738636e+01,5.738636e+01,5.721313e+01,5.720157e+01,5.693549e+01,5.705124e+01,5.656437e+01,5.679644e+01,5.614557e+01,5.626204e+01,5.601733e+01,5.579553e+01,5.560845e+01,5.538594e+01,5.477496e+01,5.460996e+01,5.436206e+01,5.412552e+01,5.397153e+01,5.371050e+01,5.353221e+01,5.338940e+01,5.347272e+01,5.285241e+01,5.262498e+01,5.240915e+01,5.218092e+01,5.206063e+01,5.178352e+01,5.148160e+01,5.121531e+01,5.082695e+01,5.043736e+01,5.041297e+01,5.022988e+01,4.931033e+01,4.935955e+01,4.875525e+01,4.907627e+01,4.871815e+01,4.803603e+01,4.771223e+01,4.747505e+01,4.723740e+01,4.704945e+01,4.658456e+01,4.626942e+01,4.619366e+01,4.548423e+01,4.528075e+01,4.512791e+01,4.470657e+01,4.434788e+01,4.438637e+01,4.400096e+01,4.384644e+01,4.360136e+01,4.340751e+01,4.330399e+01,4.256372e+01,4.245945e+01,4.226367e+01,4.197593e+01,4.171371e+01,4.151666e+01,4.133244e+01,4.130609e+01,4.109513e+01,4.034040e+01,4.000779e+01,3.979440e+01,3.980775e+01,3.927256e+01,3.927256e+01,3.927256e+01,3.872132e+01,3.832978e+01,3.832978e+01,3.832978e+01,3.781462e+01,3.781462e+01,3.781462e+01,3.781462e+01,3.732436e+01,3.692784e+01,3.692784e+01,3.692784e+01,3.692784e+01,3.636478e+01,3.683191e+01,3.655737e+01,3.599241e+01,3.599241e+01,3.599241e+01,3.599241e+01,3.599241e+01,3.599241e+01,3.599241e+01,3.599241e+01,3.599241e+01,3.599241e+01,3.599241e+01,3.599241e+01,3.599241e+01,3.564648e+01,3.564648e+01,3.564648e+01,3.564648e+01,3.564648e+01,3.564648e+01,3.564648e+01,3.517424e+01,3.517424e+01,3.517424e+01,3.517424e+01,3.517424e+01,3.517424e+01,3.517424e+01,3.517424e+01,3.517424e+01,3.517424e+01,3.517424e+01,3.517424e+01,3.478378e+01,3.478378e+01,3.478378e+01,3.478378e+01,3.478378e+01,3.478378e+01,3.478378e+01,3.478378e+01,3.478378e+01,3.478378e+01,3.478378e+01,3.478378e+01,3.478378e+01,3.478378e+01,3.478378e+01,3.507676e+01,3.507676e+01,3.507676e+01,3.564648e+01,3.564648e+01,3.564648e+01,3.564648e+01,3.564648e+01,3.564648e+01,3.564648e+01,3.564648e+01,3.564648e+01,3.621323e+01,3.619944e+01,3.618565e+01,3.626836e+01,3.637855e+01,3.637855e+01,3.637855e+01,3.637855e+01,3.637855e+01,3.637855e+01,3.637855e+01,3.637855e+01,3.637855e+01,3.637855e+01,3.637855e+01,3.637855e+01,3.637855e+01,3.590948e+01,3.590948e+01,3.590948e+01,3.590948e+01,3.647488e+01,3.588183e+01,3.588183e+01,3.588183e+01,3.588183e+01,3.588183e+01,3.588183e+01,3.588183e+01,3.588183e+01,3.588183e+01,3.588183e+01,3.588183e+01,3.588183e+01,3.588183e+01,3.588183e+01,3.588183e+01,3.588183e+01,3.588183e+01,3.588183e+01,3.588183e+01,3.588183e+01,3.588183e+01,3.588183e+01,3.588183e+01,3.588183e+01,3.588183e+01,3.588183e+01,3.588183e+01,3.588183e+01,3.588183e+01,3.588183e+01,3.588183e+01,3.588183e+01,3.588183e+01,3.588183e+01,3.588183e+01,3.588183e+01,3.588183e+01,3.588183e+01,3.588183e+01,3.588183e+01,3.588183e+01,3.588183e+01,3.588183e+01,3.588183e+01,3.588183e+01,3.588183e+01,3.588183e+01,3.588183e+01,3.588183e+01,3.588183e+01,3.588183e+01,3.588183e+01,3.588183e+01,3.588183e+01,3.588183e+01,3.588183e+01,3.588183e+01,3.588183e+01,3.588183e+01,3.588183e+01,3.588183e+01,3.588183e+01,3.588183e+01,3.588183e+01,3.588183e+01,3.588183e+01,3.588183e+01,3.588183e+01,3.588183e+01,3.588183e+01,3.588183e+01,3.588183e+01,3.588183e+01,3.588183e+01,3.588183e+01,3.588183e+01,3.588183e+01,3.588183e+01,3.588183e+01,3.588183e+01,3.588183e+01,3.588183e+01,3.588183e+01,3.588183e+01,3.588183e+01,3.588183e+01,3.588183e+01,3.588183e+01,3.588183e+01,3.588183e+01
3.419545e+01,3.419545e+01,3.419545e+01,3.419545e+01,3.419545e+01,3.419545e+01,3.419545e+01,3.419545e+01,3.419545e+01,3.419545e+01,3.419545e+01,3.419545e+01,3.419545e+01,3.440593e+01,3.495129e+01,3.482569e+01,3.497919e+01,3.497919e+01,3.497919e+01,3.497919e+01,3.497919e+01,3.497919e+01,3.497919e+01,3.561876e+01,3.561876e+01,3.561876e+01,3.561876e+01,3.561876e+01,3.618565e+01,3.567419e+01,3.595095e+01,3.607527e+01,3.608907e+01,3.610287e+01,3.611667e+01,3.611667e+01,3.668100e+01,3.676334e+01,3.688674e+01,3.688674e+01,3.688674e+01,3.688674e+01,3.744713e+01,3.758338e+01,3.758338e+01,3.814026e+01,3.824860e+01,3.831625e+01,3.861345e+01,3.878869e+01,3.924573e+01,3.979440e+01,3.987447e+01,3.994115e+01,3.999446e+01,4.057928e+01,4.056602e+01,4.110833e+01,4.116110e+01,4.106874e+01,4.164807e+01,4.168746e+01,4.168746e+01,4.197593e+01,4.256372e+01,4.256372e+01,4.257675e+01,4.282401e+01,4.291497e+01,4.309667e+01,4.331693e+01,4.343337e+01,4.370461e+01,4.370461e+01,4.370461e+01,4.423236e+01,4.441201e+01,4.448893e+01,4.454018e+01,4.506417e+01,4.514066e+01,4.515340e+01,4.515340e+01,4.552234e+01,4.604200e+01,4.557314e+01,4.629466e+01,4.629466e+01,4.629466e+01,4.629466e+01,4.681095e+01,4.682351e+01,4.682351e+01,4.733752e+01,4.732501e+01,4.732501e+01,4.732501e+01,4.783687e+01,4.789914e+01,4.789914e+01,4.789914e+01,4.789914e+01,4.840858e+01,4.856965e+01,4.884176e+01,4.908860e+01,4.908860e+01,4.945792e+01,5.013213e+01,5.020545e+01,5.071750e+01,5.075399e+01,5.098487e+01,5.161454e+01,5.161454e+01,5.168699e+01,5.230109e+01,5.232511e+01,5.264894e+01,5.330602e+01,5.330602e+01,5.398338e+01,5.405447e+01,5.450378e+01,5.497503e+01,5.501030e+01,5.573709e+01,5.577216e+01,5.627368e+01,5.623875e+01,5.627368e+01,5.645979e+01,5.645979e+01,5.693549e+01,5.697022e+01,5.706281e+01,5.753630e+01,5.750171e+01,5.757087e+01,5.766304e+01,5.813434e+01,5.816876e+01,5.822610e+01,5.822610e+01,5.869538e+01,5.875250e+01,5.875250e+01,5.921990e+01,5.927679e+01,5.974234e+01,5.970833e+01,5.974234e+01,5.987828e+01,6.034172e+01,6.037557e+01,6.043196e+01,6.089347e+01,6.085976e+01,6.089347e+01,6.140937e+01,6.137579e+01,6.140937e+01,6.199018e+01,6.187868e+01,6.191214e+01,6.244637e+01,6.241304e+01,6.237970e+01,6.276810e+01,6.280134e+01,6.288994e+01,6.282350e+01,6.287887e+01,6.333207e+01,6.329896e+01,6.338723e+01,6.384974e+01,6.375076e+01,6.371775e+01,6.368473e+01,6.360767e+01,6.402551e+01,6.401453e+01,6.410235e+01,6.408040e+01,6.405845e+01,6.443114e+01,6.446397e+01,6.455150e+01,6.449680e+01,6.481374e+01,6.473730e+01,6.473730e+01,6.482465e+01,6.479190e+01,6.478098e+01,6.470453e+01,6.448586e+01,6.448586e+01,6.442019e+01,6.433258e+01,6.471545e+01,6.442019e+01,6.450774e+01,6.433258e+01,6.416817e+01,6.416817e+01,6.390469e+01,6.412429e+01,6.402551e+01,6.381675e+01,6.380575e+01,6.382775e+01,6.365171e+01,6.360767e+01,6.350851e+01,6.315539e+01,6.343135e+01,6.333207e+01,6.287887e+01,6.286780e+01,6.285672e+01,6.284565e+01,6.265725e+01,6.251300e+01,6.247969e+01,6.272377e+01,6.262397e+01,6.214613e+01,6.199018e+01,6.216839e+01,6.209045e+01,6.159953e+01,6.185637e+01,6.159953e+01,6.155481e+01,6.137579e+01,6.125257e+01,6.109558e+01,6.114046e+01,6.116289e+01,6.126378e+01,6.106192e+01,6.105070e+01,6.098334e+01,6.081479e+01,6.076981e+01,6.072482e+01,6.064603e+01,6.046579e+01,6.037557e+01,6.028529e+01,6.017236e+01,6.016106e+01,6.011586e+01,6.007064e+01,6.002541e+01,5.998016e+01,5.984431e+01,5.964029e+01,5.960625e+01,5.957220e+01,5.998016e+01,5.957220e+01,5.959490e+01,5.985564e+01,5.978767e+01,5.920852e+01,5.945866e+01,5.942458e+01,5.941322e+01,5.940186e+01,5.928816e+01,5.925404e+01,5.931091e+01,5.933365e+01,5.912883e+01,5.932228e+01,5.927679e+01,5.923128e+01,5.931091e+01,5.886665e+01,5.886665e+01,5.886665e+01,5.886665e+01,5.886665e+01,5.886665e+01,5.886665e+01,5.886665e+01,5.886665e+01,5.886665e+01,5.886665e+01,5.886665e+01,5.886665e+01,5.886665e+01,5.886665e+01,5.886665e+01,5.886665e+01,5.886665e+01,5.886665e+01,5.886665e+01,5.886665e+01,5.886665e+01,5.886665e+01,5.886665e+01,5.886665e+01,5.886665e+01,5.886665e+01,5.886665e+01,5.886665e+01,5.886665e+01,5.890088e+01,5.886665e+01,5.929954e+01,5.929954e+01,5.939049e+01,5.910606e+01,5.932228e+01,5.932228e+01,5.933365e+01,5.921990e+01,5.918576e+01,5.917437e+01,5.953815e+01,5.951545e+01,5.945866e+01,5.943594e+01,5.945866e+01,5.954950e+01,5.953815e+01,5.952680e+01,5.998016e+01,5.998016e+01,5.998016e+01,5.998016e+01,5.998016e+01,5.994621e+01,5.994621e+01,5.994621e+01,5.994621e+01,5.990093e+01,5.990093e+01,5.988961e+01,5.992357e+01,6.001409e+01,5.991225e+01,5.991225e+01,5.991225e+01,5.991225e+01,5.991225e+01,5.991225e+01,5.991225e+01,5.991225e+01,5.991225e+01,5.976500e+01,5.976500e+01,5.976500e+01,5.962894e+01,5.988961e+01,5.987828e+01,5.984431e+01,5.936776e+01,5.918576e+01,5.935639e+01,5.936776e+01,5.936776e+01,5.918576e+01,5.895790e+01,5.878675e+01,5.866111e+01,5.866111e+01,5.860395e+01,5.861538e+01,5.843234e+01,5.850101e+01,5.844379e+01,5.809991e+01,5.805400e+01,5.789315e+01,5.789315e+01,5.772060e+01,5.764000e+01,5.744405e+01,5.725935e+01,5.746711e+01,5.680803e+01,5.686598e+01,5.679644e+01,5.662242e+01,5.592399e+01,5.592399e+01,5.592399e+01,5.573709e+01,5.550310e+01,5.532732e+01,5.508081e+01,5.437388e+01,5.418470e+01,5.399523e+01,5.384108e+01,5.363921e+01,5.375800e+01,5.352032e+01,5.280457e+01,5.255308e+01,5.238515e+01,5.212078e+01,5.183175e+01,5.207266e+01,5.119107e+01,5.099701e+01,5.094844e+01,5.055924e+01,4.997311e+01,4.976484e+01,4.931033e+01,4.926109e+01,4.887882e+01,4.874289e+01,4.798627e+01,4.777457e+01,4.756248e+01,4.722488e+01,4.681095e+01,4.662232e+01,4.639558e+01,4.595344e+01,4.572541e+01,4.535710e+01,4.498763e+01,4.483441e+01,4.474494e+01,4.403955e+01,4.403955e+01,4.360136e+01,4.360136e+01,4.330399e+01,4.283701e+01,4.275899e+01,4.251160e+01,4.235508e+01,4.211989e+01,4.194973e+01,4.120066e+01,4.120066e+01,4.065880e+01,4.085734e+01,4.059254e+01,3.979440e+01,3.962072e+01,3.955385e+01,3.958060e+01,3.941999e+01,3.892331e+01,3.866740e+01,3.869437e+01,3.797756e+01,3.841090e+01,3.780103e+01,3.780103e+01,3.780103e+01,3.780103e+01,3.692784e+01,3.692784e+01,3.692784e+01,3.692784e+01,3.636478e+01,3.654363e+01,3.646112e+01,3.628214e+01,3.630970e+01,3.633725e+01,3.636478e+01,3.639232e+01,3.585417e+01,3.585417e+01,3.585417e+01,3.585417e+01,3.585417e+01,3.585417e+01,3.585417e+01,3.585417e+01,3.585417e+01,3.585417e+01,3.585417e+01,3.585417e+01,3.528554e+01,3.527163e+01,3.518816e+01,3.506282e+01,3.506282e+01,3.506282e+01,3.506282e+01,3.506282e+01,3.506282e+01,3.506282e+01,3.506282e+01,3.506282e+01,3.506282e+01,3.506282e+01,3.506282e+01,3.506282e+01,3.506282e+01,3.506282e+01,3.506282e+01,3.449002e+01,3.504889e+01,3.504889e+01,3.504889e+01,3.504889e+01,3.504889e+01,3.504889e+01,3.504889e+01,3.504889e+01,3.504889e+01,3.504889e+01,3.504889e+01,3.561876e+01,3.566034e+01,3.520207e+01,3.577114e+01,3.577114e+01,3.577114e+01,3.577114e+01,3.577114e+01,3.577114e+01,3.577114e+01,3.577114e+01,3.621323e+01,3.621323e+01,3.621323e+01,3.621323e+01,3.621323e+01,3.621323e+01,3.621323e+01,3.621323e+01,3.621323e+01,3.621323e+01,3.621323e+01,3.621323e+01,3.621323e+01,3.621323e+01,3.621323e+01,3.621323e+01,3.621323e+01,3.621323e+01,3.621323e+01,3.621323e+01,3.621323e+01,3.621323e+01,3.621323e+01,3.621323e+01,3.621323e+01,3.621323e+01,3.621323e+01,3.621323e+01,3.621323e+01,3.621323e+01,3.621323e+01,3.621323e+01,3.588183e+01,3.588183e+01,3.588183e+01,3.588183e+01,3.588183e+01,3.588183e+01,3.588183e+01,3.588183e+01,3.588183e+01,3.588183e+01,3.588183e+01,3.588183e+01,3.588183e+01,3.588183e+01,3.588183e+01,3.588183e+01,3.588183e+01,3.588183e+01,3.588183e+01,3.588183e+01,3.588183e+01,3.588183e+01,3.588183e+01,3.588183e+01,3.588183e+01,3.588183e+01,3.588183e+01,3.588183e+01,3.588183e+01,3.588183e+01,3.588183e+01,3.588183e+01,3.588183e+01,3.588183e+01,3.588183e+01,3.588183e+01,3.588183e+01,3.531334e+01,3.538283e+01,3.545227e+01,3.546616e+01,3.548004e+01,3.549392e+01,3.550779e+01,3.552167e+01,3.553555e+01,3.554942e+01,3.556329e+01,3.557716e+01,3.559103e+01,3.560489e+01,3.560489e+01,3.560489e+01,3.560489e+01,3.560489e+01,3.560489e+01,3.560489e+01,3.560489e+01,3.560489e+01,3.560489e+01,3.560489e+01,3.560489e+01,3.560489e+01,3.560489e+01,3.560489e+01,3.560489e+01,3.560489e+01,3.560489e+01,3.560489e+01,3.560489e+01,3.560489e+01,3.560489e+01,3.560489e+01,3.560489e+01,3.560489e+01,3.560489e+01,3.560489e+01,3.560489e+01,3.560489e+01,3.617186e+01
3.419545e+01,3.419545e+01,3.419545e+01,3.419545e+01,3.419545e+01,3.419545e+01,3.419545e+01,3.419545e+01,3.419545e+01,3.419545e+01,3.419545e+01,3.419545e+01,3.476981e+01,3.481172e+01,3.489548e+01,3.489548e+01,3.489548e+01,3.489548e+01,3.489548e+01,3.489548e+01,3.489548e+01,3.546616e+01,3.550779e+01,3.514639e+01,3.578498e+01,3.578498e+01,3.578498e+01,3.578498e+01,3.578498e+01,3.578498e+01,3.635102e+01,3.633725e+01,3.633725e+01,3.633725e+01,3.633725e+01,3.633725e+01,3.633725e+01,3.633725e+01,3.633725e+01,3.688674e+01,3.688674e+01,3.688674e+01,3.744713e+01,3.744713e+01,3.744713e+01,3.814026e+01,3.814026e+01,3.814026e+01,3.861345e+01,3.897711e+01,3.924573e+01,3.951371e+01,3.960735e+01,3.994115e+01,4.018087e+01,4.030054e+01,4.047318e+01,4.073826e+01,4.080443e+01,4.151666e+01,4.172684e+01,4.172684e+01,4.226367e+01,4.227673e+01,4.251160e+01,4.251160e+01,4.251160e+01,4.282401e+01,4.282401e+01,4.309667e+01,4.362718e+01,4.373041e+01,4.373041e+01,4.373041e+01,4.373041e+01,4.423236e+01,4.475772e+01,4.474494e+01,4.439919e+01,4.465540e+01,4.474494e+01,4.529348e+01,4.538253e+01,4.554774e+01,4.570004e+01,4.571273e+01,4.602935e+01,4.605464e+01,4.605464e+01,4.605464e+01,4.681095e+01,4.681095e+01,4.681095e+01,4.682351e+01,4.741256e+01,4.741256e+01,4.741256e+01,4.741256e+01,4.741256e+01,4.741256e+01,4.789914e+01,4.806091e+01,4.814791e+01,4.835897e+01,4.901460e+01,4.901460e+01,4.951937e+01,4.953165e+01,4.987514e+01,5.011990e+01,5.037637e+01,5.093630e+01,5.114259e+01,5.136063e+01,5.189202e+01,5.196431e+01,5.225304e+01,5.236114e+01,5.267290e+01,5.354411e+01,5.369862e+01,5.405447e+01,5.420836e+01,5.498678e+01,5.505731e+01,5.520999e+01,5.550310e+01,5.569033e+01,5.595900e+01,5.648304e+01,5.642492e+01,5.690074e+01,5.693549e+01,5.700495e+01,5.747865e+01,5.751324e+01,5.760544e+01,5.760544e+01,5.807696e+01,5.811139e+01,5.820317e+01,5.820317e+01,5.867253e+01,5.870681e+01,5.877534e+01,5.924266e+01,5.927679e+01,5.934502e+01,5.949274e+01,5.998016e+01,5.988961e+01,6.035300e+01,6.038685e+01,6.045451e+01,6.091595e+01,6.094965e+01,6.101702e+01,6.147652e+01,6.151008e+01,6.157718e+01,6.203476e+01,6.206818e+01,6.213499e+01,6.233524e+01,6.236859e+01,6.296742e+01,6.286780e+01,6.286780e+01,6.339826e+01,6.333207e+01,6.326584e+01,6.358564e+01,6.361868e+01,6.370675e+01,6.405845e+01,6.409137e+01,6.417914e+01,6.402551e+01,6.438734e+01,6.429971e+01,6.470453e+01,6.463897e+01,6.457337e+01,6.451868e+01,6.489013e+01,6.491195e+01,6.499918e+01,6.495557e+01,6.491195e+01,6.494467e+01,6.495557e+01,6.495557e+01,6.540195e+01,6.535847e+01,6.528233e+01,6.522793e+01,6.510816e+01,6.529321e+01,6.526057e+01,6.516261e+01,6.511905e+01,6.511905e+01,6.532584e+01,6.529321e+01,6.508637e+01,6.489013e+01,6.481374e+01,6.506458e+01,6.496648e+01,6.438734e+01,6.458430e+01,6.454057e+01,6.450774e+01,6.429971e+01,6.422299e+01,6.404747e+01,6.420107e+01,6.371775e+01,6.391568e+01,6.368473e+01,6.364070e+01,6.359665e+01,6.355259e+01,6.333207e+01,6.315539e+01,6.321062e+01,6.322167e+01,6.293422e+01,6.275702e+01,6.256849e+01,6.298954e+01,6.272377e+01,6.236859e+01,6.232413e+01,6.213499e+01,6.205704e+01,6.230189e+01,6.215726e+01,6.197904e+01,6.195675e+01,6.193444e+01,6.145414e+01,6.145414e+01,6.145414e+01,6.145414e+01,6.145414e+01,6.145414e+01,6.118531e+01,6.107314e+01,6.085976e+01,6.119653e+01,6.062352e+01,6.092718e+01,6.088224e+01,6.080355e+01,6.072482e+01,6.064603e+01,6.102825e+01,6.033044e+01,6.010455e+01,6.051087e+01,6.052214e+01,6.049960e+01,6.031915e+01,5.994621e+01,6.040941e+01,6.014976e+01,6.020625e+01,6.021754e+01,5.970833e+01,6.012716e+01,6.009325e+01,5.995752e+01,5.990093e+01,5.987828e+01,5.985564e+01,5.962894e+01,5.960625e+01,5.953815e+01,5.947002e+01,5.978767e+01,5.957220e+01,5.954950e+01,5.952680e+01,5.950409e+01,5.948138e+01,5.945866e+01,5.943594e+01,5.941322e+01,5.985564e+01,5.937912e+01,5.935639e+01,5.933365e+01,5.931091e+01,5.928816e+01,5.926542e+01,5.970833e+01,5.969699e+01,5.968565e+01,5.967431e+01,5.966297e+01,5.965163e+01,5.964029e+01,5.962894e+01,5.961760e+01,5.960625e+01,5.959490e+01,5.958355e+01,5.957220e+01,5.956086e+01,5.954950e+01,6.000278e+01,5.948138e+01,5.957220e+01,6.001409e+01,5.993489e+01,5.971967e+01,5.971967e+01,5.971967e+01,5.971967e+01,6.007064e+01,6.003671e+01,6.010455e+01,6.011586e+01,6.009325e+01,6.003671e+01,6.001409e+01,6.047706e+01,6.048833e+01,6.048833e+01,6.052214e+01,6.061226e+01,6.062352e+01,6.063477e+01,6.064603e+01,6.065729e+01,6.063477e+01,6.064603e+01,6.065729e+01,6.066854e+01,6.063477e+01,6.064603e+01,6.064603e+01,6.065729e+01,6.066854e+01,6.057847e+01,6.058973e+01,6.060099e+01,6.061226e+01,6.062352e+01,6.063477e+01,6.064603e+01,6.065729e+01,6.066854e+01,6.053341e+01,6.054467e+01,6.055594e+01,6.049960e+01,6.051087e+01,6.051087e+01,6.028529e+01,6.003671e+01,5.986696e+01,5.987828e+01,5.988961e+01,5.990093e+01,5.973100e+01,5.951545e+01,5.935639e+01,5.924266e+01,5.971967e+01,5.954950e+01,5.909467e+01,5.939049e+01,5.893510e+01,5.879817e+01,5.909467e+01,5.906049e+01,5.891229e+01,5.845523e+01,5.875250e+01,5.821464e+01,5.801955e+01,5.783566e+01,5.811139e+01,5.768607e+01,5.721313e+01,5.713221e+01,5.681963e+01,5.681963e+01,5.633187e+01,5.630860e+01,5.609895e+01,5.585394e+01,5.563185e+01,5.538594e+01,5.499854e+01,5.478674e+01,5.457458e+01,5.439751e+01,5.417286e+01,5.414919e+01,5.372237e+01,5.354411e+01,5.287632e+01,5.266092e+01,5.291219e+01,5.220496e+01,5.206063e+01,5.143323e+01,5.143323e+01,5.143323e+01,5.105769e+01,5.071750e+01,5.031536e+01,5.010767e+01,4.947022e+01,4.919952e+01,4.891587e+01,4.840858e+01,4.817276e+01,4.791159e+01,4.757497e+01,4.750004e+01,4.677325e+01,4.638297e+01,4.620629e+01,4.640818e+01,4.550964e+01,4.525529e+01,4.508967e+01,4.483441e+01,4.438637e+01,4.423236e+01,4.405242e+01,4.394947e+01,4.365300e+01,4.353678e+01,4.288898e+01,4.288898e+01,4.235508e+01,4.235508e+01,4.194973e+01,4.146405e+01,4.129292e+01,4.101593e+01,4.045991e+01,4.038025e+01,4.006107e+01,4.006107e+01,3.955385e+01,3.955385e+01,3.955385e+01,3.892331e+01,3.892331e+01,3.837035e+01,3.855947e+01,3.793685e+01,3.824860e+01,3.763783e+01,3.763783e+01,3.763783e+01,3.748802e+01,3.685933e+01,3.685933e+01,3.685933e+01,3.685933e+01,3.685933e+01,3.646112e+01,3.646112e+01,3.646112e+01,3.646112e+01,3.646112e+01,3.589566e+01,3.574345e+01,3.574345e+01,3.574345e+01,3.574345e+01,3.574345e+01,3.574345e+01,3.574345e+01,3.574345e+01,3.574345e+01,3.574345e+01,3.574345e+01,3.574345e+01,3.574345e+01,3.574345e+01,3.518816e+01,3.518816e+01,3.518816e+01,3.518816e+01,3.518816e+01,3.518816e+01,3.518816e+01,3.518816e+01,3.518816e+01,3.518816e+01,3.518816e+01,3.518816e+01,3.518816e+01,3.518816e+01,3.518816e+01,3.518816e+01,3.518816e+01,3.449002e+01,3.476981e+01,3.476981e+01,3.476981e+01,3.476981e+01,3.476981e+01,3.476981e+01,3.476981e+01,3.476981e+01,3.534114e+01,3.531334e+01,3.549392e+01,3.556329e+01,3.542450e+01,3.557716e+01,3.571575e+01,3.571575e+01,3.571575e+01,3.571575e+01,3.571575e+01,3.571575e+01,3.571575e+01,3.628214e+01,3.629592e+01,3.629592e+01,3.629592e+01,3.629592e+01,3.629592e+01,3.629592e+01,3.629592e+01,3.629592e+01,3.629592e+01,3.629592e+01,3.629592e+01,3.629592e+01,3.629592e+01,3.629592e+01,3.629592e+01,3.629592e+01,3.629592e+01,3.629592e+01,3.629592e+01,3.629592e+01,3.629592e+01,3.629592e+01,3.629592e+01,3.629592e+01,3.629592e+01,3.629592e+01,3.629592e+01,3.629592e+01,3.572960e+01,3.581266e+01,3.584033e+01,3.572960e+01,3.571575e+01,3.571575e+01,3.571575e+01,3.571575e+01,3.571575e+01,3.628214e+01,3.568805e+01,3.568805e+01,3.568805e+01,3.568805e+01,3.568805e+01,3.568805e+01,3.568805e+01,3.568805e+01,3.568805e+01,3.568805e+01,3.568805e+01,3.568805e+01,3.568805e+01,3.568805e+01,3.568805e+01,3.568805e+01,3.568805e+01,3.568805e+01,3.568805e+01,3.568805e+01,3.568805e+01,3.568805e+01,3.568805e+01,3.568805e+01,3.568805e+01,3.568805e+01,3.568805e+01,3.568805e+01,3.568805e+01,3.568805e+01,3.568805e+01,3.568805e+01,3.568805e+01,3.568805e+01,3.568805e+01,3.568805e+01,3.568805e+01,3.568805e+01,3.568805e+01,3.568805e+01,3.568805e+01,3.568805e+01,3.568805e+01,3.568805e+01,3.568805e+01,3.568805e+01,3.568805e+01,3.568805e+01,3.568805e+01,3.568805e+01,3.568805e+01,3.568805e+01,3.568805e+01,3.568805e+01,3.568805e+01,3.568805e+01,3.568805e+01,3.568805e+01,3.568805e+01,3.568805e+01,3.568805e+01,3.568805e+01,3.568805e+01,3.568805e+01,3.568805e+01,3.568805e+01,3.568805e+01,3.568805e+01,3.568805e+01,3.568805e+01,3.568805e+01,3.568805e+01,3.568805e+01,3.568805e+01
3.419545e+01,3.419545e+01,3.419545e+01,3.419545e+01,3.419545e+01,3.419545e+01,3.419545e+01,3.419545e+01,3.419545e+01,3.419545e+01,3.419545e+01,3.419545e+01,3.476981e+01,3.476981e+01,3.476981e+01,3.476981e+01,3.476981e+01,3.476981e+01,3.476981e+01,3.534114e+01,3.485361e+01,3.514639e+01,3.564648e+01,3.534114e+01,3.550779e+01,3.550779e+01,3.550779e+01,3.607527e+01,3.603384e+01,3.621323e+01,3.629592e+01,3.629592e+01,3.629592e+01,3.629592e+01,3.629592e+01,3.629592e+01,3.629592e+01,3.629592e+01,3.685933e+01,3.699631e+01,3.699631e+01,3.699631e+01,3.744713e+01,3.744713e+01,3.800470e+01,3.824860e+01,3.824860e+01,3.824860e+01,3.861345e+01,3.885602e+01,3.924573e+01,3.979440e+01,3.990114e+01,3.995448e+01,4.049971e+01,4.045991e+01,4.045991e+01,4.073826e+01,4.097630e+01,4.125339e+01,4.172684e+01,4.189733e+01,4.200212e+01,4.200212e+01,4.251160e+01,4.251160e+01,4.251160e+01,4.282401e+01,4.290198e+01,4.312261e+01,4.336870e+01,4.336870e+01,4.373041e+01,4.425804e+01,4.378199e+01,4.424520e+01,4.450174e+01,4.442484e+01,4.491105e+01,4.483441e+01,4.500039e+01,4.556044e+01,4.552234e+01,4.552234e+01,4.552234e+01,4.604200e+01,4.604200e+01,4.604200e+01,4.604200e+01,4.604200e+01,4.629466e+01,4.688631e+01,4.688631e+01,4.688631e+01,4.688631e+01,4.741256e+01,4.741256e+01,4.741256e+01,4.741256e+01,4.741256e+01,4.789914e+01,4.789914e+01,4.840858e+01,4.847055e+01,4.877997e+01,4.944563e+01,4.961762e+01,4.969125e+01,5.026652e+01,5.036417e+01,5.040077e+01,5.070533e+01,5.114259e+01,5.152996e+01,5.166284e+01,5.180764e+01,5.249313e+01,5.256507e+01,5.318681e+01,5.363921e+01,5.376987e+01,5.395967e+01,5.427932e+01,5.476318e+01,5.505731e+01,5.528040e+01,5.588897e+01,5.597067e+01,5.647142e+01,5.657598e+01,5.668045e+01,5.685439e+01,5.732864e+01,5.736327e+01,5.743251e+01,5.790465e+01,5.782416e+01,5.798509e+01,5.816876e+01,5.816876e+01,5.863824e+01,5.867253e+01,5.876392e+01,5.923128e+01,5.926542e+01,5.935639e+01,5.935639e+01,5.982166e+01,5.985564e+01,6.039813e+01,6.034172e+01,6.044324e+01,6.090471e+01,6.093842e+01,6.102825e+01,6.148771e+01,6.152127e+01,6.161071e+01,6.161071e+01,6.206818e+01,6.215726e+01,6.261288e+01,6.253520e+01,6.291208e+01,6.294529e+01,6.305591e+01,6.350851e+01,6.354157e+01,6.362969e+01,6.398159e+01,6.399257e+01,6.400356e+01,6.438734e+01,6.401453e+01,6.450774e+01,6.445303e+01,6.484648e+01,6.472638e+01,6.481374e+01,6.520616e+01,6.529321e+01,6.517350e+01,6.505368e+01,6.504279e+01,6.512994e+01,6.555405e+01,6.549974e+01,6.540195e+01,6.574934e+01,6.614993e+01,6.604178e+01,6.600932e+01,6.594437e+01,6.586856e+01,6.620398e+01,6.612831e+01,6.598767e+01,6.596602e+01,6.591188e+01,6.579271e+01,6.617155e+01,6.606342e+01,6.560832e+01,6.599850e+01,6.577103e+01,6.555405e+01,6.554318e+01,6.555405e+01,6.528233e+01,6.544543e+01,6.489013e+01,6.528233e+01,6.522793e+01,6.499918e+01,6.490104e+01,6.470453e+01,6.452962e+01,6.480282e+01,6.480282e+01,6.462804e+01,6.411332e+01,6.448586e+01,6.397061e+01,6.416817e+01,6.397061e+01,6.394864e+01,6.340929e+01,6.365171e+01,6.345340e+01,6.330999e+01,6.330999e+01,6.353056e+01,6.323272e+01,6.316644e+01,6.295635e+01,6.294529e+01,6.250189e+01,6.250189e+01,6.250189e+01,6.250189e+01,6.250189e+01,6.236859e+01,6.234636e+01,6.232413e+01,6.230189e+01,6.182290e+01,6.172243e+01,6.163306e+01,6.194559e+01,6.180058e+01,6.173360e+01,6.175593e+01,6.125257e+01,6.166658e+01,6.156599e+01,6.146533e+01,6.143176e+01,6.094965e+01,6.100580e+01,6.082603e+01,6.091595e+01,6.089347e+01,6.084852e+01,6.099457e+01,6.079230e+01,6.079230e+01,6.105070e+01,6.056720e+01,6.089347e+01,6.055594e+01,6.064603e+01,6.057847e+01,6.040941e+01,6.031915e+01,6.072482e+01,6.067980e+01,6.043196e+01,6.038685e+01,6.075856e+01,6.019495e+01,6.019495e+01,6.043196e+01,6.040941e+01,6.038685e+01,6.036429e+01,6.034172e+01,6.031915e+01,6.029658e+01,6.031915e+01,6.028529e+01,6.003671e+01,6.001409e+01,5.999147e+01,6.043196e+01,6.028529e+01,6.030787e+01,6.024013e+01,6.022884e+01,6.021754e+01,6.020625e+01,6.019495e+01,6.018366e+01,6.017236e+01,6.016106e+01,6.061226e+01,6.014976e+01,6.060099e+01,6.013846e+01,6.012716e+01,6.057847e+01,6.014976e+01,6.057847e+01,6.074731e+01,6.071356e+01,6.064603e+01,6.057847e+01,6.037557e+01,6.038685e+01,6.085976e+01,6.081479e+01,6.075856e+01,6.074731e+01,6.076981e+01,6.079230e+01,6.079230e+01,6.075856e+01,6.076981e+01,6.085976e+01,6.088224e+01,6.090471e+01,6.092718e+01,6.094965e+01,6.140937e+01,6.143176e+01,6.145414e+01,6.147652e+01,6.147652e+01,6.149889e+01,6.152127e+01,6.154363e+01,6.153245e+01,6.155481e+01,6.157718e+01,6.159953e+01,6.116289e+01,6.154363e+01,6.156599e+01,6.158835e+01,6.161071e+01,6.163306e+01,6.119653e+01,6.120774e+01,6.121895e+01,6.123016e+01,6.110681e+01,6.111802e+01,6.112924e+01,6.108437e+01,6.109558e+01,6.110681e+01,6.078106e+01,6.106192e+01,6.090471e+01,6.078106e+01,6.079230e+01,6.080355e+01,6.064603e+01,6.044324e+01,6.029658e+01,6.021754e+01,6.030787e+01,5.995752e+01,5.965163e+01,6.004802e+01,5.983298e+01,5.976500e+01,5.929954e+01,5.929954e+01,5.929954e+01,5.929954e+01,5.929954e+01,5.868396e+01,5.850101e+01,5.838654e+01,5.832926e+01,5.789315e+01,5.812287e+01,5.746711e+01,5.734018e+01,5.715534e+01,5.700495e+01,5.699338e+01,5.666885e+01,5.650628e+01,5.616887e+01,5.592399e+01,5.578384e+01,5.558504e+01,5.490445e+01,5.473962e+01,5.452738e+01,5.437388e+01,5.419653e+01,5.382922e+01,5.350842e+01,5.336558e+01,5.330602e+01,5.285241e+01,5.251711e+01,5.214484e+01,5.214484e+01,5.152996e+01,5.120319e+01,5.082695e+01,5.068100e+01,5.033977e+01,4.976484e+01,4.954394e+01,4.926109e+01,4.911326e+01,4.875525e+01,4.796139e+01,4.772470e+01,4.747505e+01,4.735003e+01,4.704945e+01,4.635774e+01,4.623154e+01,4.629466e+01,4.550964e+01,4.550964e+01,4.483441e+01,4.466819e+01,4.452737e+01,4.436071e+01,4.420667e+01,4.401382e+01,4.375620e+01,4.286300e+01,4.268092e+01,4.262885e+01,4.257675e+01,4.213297e+01,4.192353e+01,4.162180e+01,4.134560e+01,4.063230e+01,4.047318e+01,4.026067e+01,4.007439e+01,3.984778e+01,3.931279e+01,3.912493e+01,3.896367e+01,3.877522e+01,3.865392e+01,3.850547e+01,3.818090e+01,3.819444e+01,3.792327e+01,3.792327e+01,3.736530e+01,3.717413e+01,3.690044e+01,3.690044e+01,3.690044e+01,3.690044e+01,3.690044e+01,3.646112e+01,3.646112e+01,3.646112e+01,3.646112e+01,3.646112e+01,3.589566e+01,3.589566e+01,3.589566e+01,3.589566e+01,3.589566e+01,3.589566e+01,3.589566e+01,3.589566e+01,3.589566e+01,3.589566e+01,3.589566e+01,3.589566e+01,3.589566e+01,3.532724e+01,3.582650e+01,3.556329e+01,3.554942e+01,3.553555e+01,3.552167e+01,3.550779e+01,3.549392e+01,3.490944e+01,3.548004e+01,3.545227e+01,3.488153e+01,3.490944e+01,3.490944e+01,3.490944e+01,3.490944e+01,3.490944e+01,3.490944e+01,3.490944e+01,3.490944e+01,3.490944e+01,3.490944e+01,3.490944e+01,3.490944e+01,3.490944e+01,3.490944e+01,3.490944e+01,3.490944e+01,3.490944e+01,3.531334e+01,3.531334e+01,3.531334e+01,3.531334e+01,3.531334e+01,3.531334e+01,3.571575e+01,3.571575e+01,3.571575e+01,3.571575e+01,3.571575e+01,3.571575e+01,3.628214e+01,3.628214e+01,3.628214e+01,3.628214e+01,3.628214e+01,3.628214e+01,3.628214e+01,3.628214e+01,3.628214e+01,3.628214e+01,3.628214e+01,3.628214e+01,3.628214e+01,3.628214e+01,3.628214e+01,3.628214e+01,3.628214e+01,3.628214e+01,3.628214e+01,3.628214e+01,3.628214e+01,3.628214e+01,3.628214e+01,3.628214e+01,3.628214e+01,3.628214e+01,3.628214e+01,3.628214e+01,3.628214e+01,3.628214e+01,3.628214e+01,3.628214e+01,3.628214e+01,3.571575e+01,3.571575e+01,3.571575e+01,3.628214e+01,3.575729e+01,3.590948e+01,3.572960e+01,3.572960e+01,3.572960e+01,3.572960e+01,3.572960e+01,3.572960e+01,3.572960e+01,3.572960e+01,3.572960e+01,3.572960e+01,3.572960e+01,3.572960e+01,3.572960e+01,3.572960e+01,3.572960e+01,3.572960e+01,3.572960e+01,3.572960e+01,3.572960e+01,3.572960e+01,3.572960e+01,3.572960e+01,3.572960e+01,3.572960e+01,3.572960e+01,3.572960e+01,3.572960e+01,3.572960e+01,3.572960e+01,3.572960e+01,3.572960e+01,3.572960e+01,3.572960e+01,3.572960e+01,3.572960e+01,3.572960e+01,3.572960e+01,3.572960e+01,3.572960e+01,3.572960e+01,3.572960e+01,3.572960e+01,3.572960e+01,3.572960e+01,3.572960e+01,3.572960e+01,3.572960e+01,3.572960e+01,3.572960e+01,3.572960e+01,3.572960e+01,3.572960e+01,3.572960e+01,3.572960e+01,3.572960e+01,3.572960e+01,3.572960e+01,3.572960e+01,3.572960e+01,3.572960e+01,3.572960e+01,3.572960e+01,3.572960e+01,3.572960e+01,3.572960e+01,3.572960e+01,3.572960e+01,3.572960e+01,3.572960e+01,3.572960e+01,3.572960e+01,3.572960e+01,3.572960e+01,3.572960e+01
3.419545e+01,3.419545e+01,3.419545e+01,3.419545e+01,3.419545e+01,3.419545e+01,3.419545e+01,3.419545e+01,3.419545e+01,3.419545e+01,3.419545e+01,3.476981e+01,3.488153e+01,3.430776e+01,3.433582e+01,3.493734e+01,3.493734e+01,3.493734e+01,3.493734e+01,3.493734e+01,3.493734e+01,3.493734e+01,3.507676e+01,3.564648e+01,3.560489e+01,3.560489e+01,3.560489e+01,3.607527e+01,3.607527e+01,3.607527e+01,3.607527e+01,3.607527e+01,3.607527e+01,3.663980e+01,3.659860e+01,3.655737e+01,3.655737e+01,3.655737e+01,3.655737e+01,3.655737e+01,3.699631e+01,3.718779e+01,3.716046e+01,3.731071e+01,3.758338e+01,3.786896e+01,3.846495e+01,3.854597e+01,3.862694e+01,3.893676e+01,3.928597e+01,3.951371e+01,3.967419e+01,3.991448e+01,4.018087e+01,4.077797e+01,4.088379e+01,4.089701e+01,4.105554e+01,4.129292e+01,4.145090e+01,4.168746e+01,4.200212e+01,4.218526e+01,4.223754e+01,4.283701e+01,4.294094e+01,4.292796e+01,4.345923e+01,4.343337e+01,4.335576e+01,4.343337e+01,4.376910e+01,4.391084e+01,4.392372e+01,4.450174e+01,4.450174e+01,4.450174e+01,4.491105e+01,4.491105e+01,4.491105e+01,4.503866e+01,4.558584e+01,4.558584e+01,4.558584e+01,4.558584e+01,4.558584e+01,4.604200e+01,4.604200e+01,4.604200e+01,4.655938e+01,4.633251e+01,4.687376e+01,4.687376e+01,4.687376e+01,4.687376e+01,4.741256e+01,4.741256e+01,4.741256e+01,4.741256e+01,4.789914e+01,4.807334e+01,4.866867e+01,4.876761e+01,4.881705e+01,4.921183e+01,4.961762e+01,4.986289e+01,5.003429e+01,5.036417e+01,5.047393e+01,5.074183e+01,5.106982e+01,5.136063e+01,5.166284e+01,5.197635e+01,5.226505e+01,5.250512e+01,5.313909e+01,5.336558e+01,5.405447e+01,5.414919e+01,5.431479e+01,5.469249e+01,5.537421e+01,5.542110e+01,5.614557e+01,5.619217e+01,5.625040e+01,5.657598e+01,5.705124e+01,5.709752e+01,5.728245e+01,5.728245e+01,5.775513e+01,5.785866e+01,5.785866e+01,5.832926e+01,5.826050e+01,5.842089e+01,5.906049e+01,5.902630e+01,5.907188e+01,5.966297e+01,5.962894e+01,5.956086e+01,6.018366e+01,6.027400e+01,6.029658e+01,6.048833e+01,6.094965e+01,6.097211e+01,6.106192e+01,6.152127e+01,6.154363e+01,6.163306e+01,6.209045e+01,6.205704e+01,6.253520e+01,6.262397e+01,6.311118e+01,6.319958e+01,6.316644e+01,6.325480e+01,6.364070e+01,6.368473e+01,6.377276e+01,6.415720e+01,6.422299e+01,6.421203e+01,6.460617e+01,6.464989e+01,6.507548e+01,6.486831e+01,6.495557e+01,6.494467e+01,6.547802e+01,6.532584e+01,6.536934e+01,6.546716e+01,6.586856e+01,6.571681e+01,6.600932e+01,6.597684e+01,6.602014e+01,6.611749e+01,6.648467e+01,6.645232e+01,6.645232e+01,6.654937e+01,6.643073e+01,6.638757e+01,6.675404e+01,6.674327e+01,6.673251e+01,6.665713e+01,6.651702e+01,6.649545e+01,6.644153e+01,6.636598e+01,6.646310e+01,6.667867e+01,6.638757e+01,6.638757e+01,6.623640e+01,6.646310e+01,6.602014e+01,6.635519e+01,6.616074e+01,6.598767e+01,6.604178e+01,6.597684e+01,6.581438e+01,6.566257e+01,6.556490e+01,6.536934e+01,6.526057e+01,6.524969e+01,6.524969e+01,6.490104e+01,6.503189e+01,6.501009e+01,6.472638e+01,6.472638e+01,6.452962e+01,6.433258e+01,6.438734e+01,6.437640e+01,6.417914e+01,6.403649e+01,6.403649e+01,6.392667e+01,6.370675e+01,6.364070e+01,6.343135e+01,6.324376e+01,6.311118e+01,6.311118e+01,6.311118e+01,6.311118e+01,6.311118e+01,6.297848e+01,6.295635e+01,6.293422e+01,6.273486e+01,6.249079e+01,6.239082e+01,6.236859e+01,6.235748e+01,6.221291e+01,6.214613e+01,6.242415e+01,6.210159e+01,6.174476e+01,6.174476e+01,6.174476e+01,6.174476e+01,6.174476e+01,6.174476e+01,6.174476e+01,6.174476e+01,6.174476e+01,6.174476e+01,6.145414e+01,6.125257e+01,6.131980e+01,6.126378e+01,6.144295e+01,6.139818e+01,6.114046e+01,6.114046e+01,6.107314e+01,6.136459e+01,6.131980e+01,6.094965e+01,6.129739e+01,6.112924e+01,6.112924e+01,6.110681e+01,6.131980e+01,6.127499e+01,6.075856e+01,6.115167e+01,6.114046e+01,6.112924e+01,6.111802e+01,6.110681e+01,6.109558e+01,6.064603e+01,6.102825e+01,6.085976e+01,6.083728e+01,6.085976e+01,6.093842e+01,6.079230e+01,6.079230e+01,6.072482e+01,6.071356e+01,6.070231e+01,6.069106e+01,6.067980e+01,6.066854e+01,6.065729e+01,6.069106e+01,6.066854e+01,6.097211e+01,6.094965e+01,6.081479e+01,6.084852e+01,6.128619e+01,6.103947e+01,6.111802e+01,6.111802e+01,6.108437e+01,6.101702e+01,6.140937e+01,6.121895e+01,6.126378e+01,6.134220e+01,6.130859e+01,6.126378e+01,6.172243e+01,6.173360e+01,6.128619e+01,6.129739e+01,6.173360e+01,6.175593e+01,6.177826e+01,6.180058e+01,6.182290e+01,6.184522e+01,6.188984e+01,6.196789e+01,6.199018e+01,6.201247e+01,6.203476e+01,6.205704e+01,6.207932e+01,6.210159e+01,6.212386e+01,6.213499e+01,6.215726e+01,6.217952e+01,6.201247e+01,6.221291e+01,6.214613e+01,6.216839e+01,6.219065e+01,6.221291e+01,6.204590e+01,6.230189e+01,6.217952e+01,6.174476e+01,6.175593e+01,6.210159e+01,6.212386e+01,6.168892e+01,6.165541e+01,6.166658e+01,6.155481e+01,6.175593e+01,6.174476e+01,6.159953e+01,6.148771e+01,6.149889e+01,6.105070e+01,6.131980e+01,6.111802e+01,6.097211e+01,6.089347e+01,6.078106e+01,6.085976e+01,6.058973e+01,6.066854e+01,6.045451e+01,6.021754e+01,6.000278e+01,6.000278e+01,6.000278e+01,6.000278e+01,5.936776e+01,5.943594e+01,5.925404e+01,5.914022e+01,5.890088e+01,5.871824e+01,5.853533e+01,5.813434e+01,5.800806e+01,5.782416e+01,5.767455e+01,5.754782e+01,5.730555e+01,5.702810e+01,5.666885e+01,5.650628e+01,5.636677e+01,5.598234e+01,5.556164e+01,5.539766e+01,5.518652e+01,5.503381e+01,5.473962e+01,5.435025e+01,5.411368e+01,5.397153e+01,5.372237e+01,5.327027e+01,5.340131e+01,5.262498e+01,5.243315e+01,5.231310e+01,5.148160e+01,5.130010e+01,5.103342e+01,5.069316e+01,4.997311e+01,5.019323e+01,4.948251e+01,4.928571e+01,4.889117e+01,4.834657e+01,4.808577e+01,4.781195e+01,4.764986e+01,4.735003e+01,4.701182e+01,4.637035e+01,4.618103e+01,4.576344e+01,4.557314e+01,4.515340e+01,4.496211e+01,4.479607e+01,4.460420e+01,4.420667e+01,4.420667e+01,4.375620e+01,4.312261e+01,4.312261e+01,4.262885e+01,4.238118e+01,4.239423e+01,4.213297e+01,4.188422e+01,4.156924e+01,4.112152e+01,4.094987e+01,4.072502e+01,4.052624e+01,4.008770e+01,3.982109e+01,3.962072e+01,3.944677e+01,3.869437e+01,3.869437e+01,3.869437e+01,3.818090e+01,3.818090e+01,3.818090e+01,3.762422e+01,3.739258e+01,3.739258e+01,3.739258e+01,3.690044e+01,3.690044e+01,3.690044e+01,3.690044e+01,3.646112e+01,3.646112e+01,3.646112e+01,3.646112e+01,3.589566e+01,3.636478e+01,3.633725e+01,3.574345e+01,3.574345e+01,3.574345e+01,3.574345e+01,3.574345e+01,3.574345e+01,3.574345e+01,3.574345e+01,3.574345e+01,3.574345e+01,3.574345e+01,3.574345e+01,3.574345e+01,3.574345e+01,3.517424e+01,3.521599e+01,3.525772e+01,3.525772e+01,3.525772e+01,3.525772e+01,3.525772e+01,3.525772e+01,3.525772e+01,3.525772e+01,3.525772e+01,3.525772e+01,3.525772e+01,3.525772e+01,3.525772e+01,3.490944e+01,3.490944e+01,3.490944e+01,3.490944e+01,3.490944e+01,3.490944e+01,3.490944e+01,3.490944e+01,3.490944e+01,3.490944e+01,3.548004e+01,3.546616e+01,3.546616e+01,3.546616e+01,3.546616e+01,3.546616e+01,3.546616e+01,3.546616e+01,3.603384e+01,3.599241e+01,3.599241e+01,3.599241e+01,3.599241e+01,3.599241e+01,3.599241e+01,3.599241e+01,3.628214e+01,3.628214e+01,3.628214e+01,3.628214e+01,3.628214e+01,3.628214e+01,3.628214e+01,3.628214e+01,3.628214e+01,3.628214e+01,3.628214e+01,3.628214e+01,3.628214e+01,3.628214e+01,3.628214e+01,3.628214e+01,3.628214e+01,3.628214e+01,3.628214e+01,3.628214e+01,3.628214e+01,3.628214e+01,3.628214e+01,3.628214e+01,3.628214e+01,3.628214e+01,3.628214e+01,3.628214e+01,3.628214e+01,3.628214e+01,3.628214e+01,3.571575e+01,3.592331e+01,3.589566e+01,3.578498e+01,3.578498e+01,3.578498e+01,3.578498e+01,3.578498e+01,3.578498e+01,3.578498e+01,3.578498e+01,3.578498e+01,3.578498e+01,3.578498e+01,3.578498e+01,3.578498e+01,3.578498e+01,3.578498e+01,3.578498e+01,3.578498e+01,3.578498e+01,3.578498e+01,3.578498e+01,3.578498e+01,3.578498e+01,3.578498e+01,3.578498e+01,3.578498e+01,3.578498e+01,3.578498e+01,3.578498e+01,3.578498e+01,3.578498e+01,3.578498e+01,3.578498e+01,3.578498e+01,3.578498e+01,3.578498e+01,3.578498e+01,3.578498e+01,3.578498e+01,3.578498e+01,3.578498e+01,3.578498e+01,3.578498e+01,3.578498e+01,3.578498e+01,3.578498e+01,3.578498e+01,3.578498e+01,3.578498e+01,3.578498e+01,3.578498e+01,3.578498e+01,3.578498e+01,3.578498e+01,3.578498e+01,3.578498e+01,3.578498e+01,3.578498e+01,3.578498e+01,3.578498e+01,3.578498e+01,3.578498e+01,3.578498e+01,3.578498e+01,3.578498e+01,3.578498e+01,3.578498e+01,3.578498e+01,3.578498e+01,3.578498e+01,3.578498e+01,3.578498e+01,3.578498e+01,3.578498e+01,3.578498e+01,3.578498e+01,3.578498e+01
3.419545e+01,3.419545e+01,3.419545e+01,3.419545e+01,3.419545e+01,3.419545e+01,3.419545e+01,3.419545e+01,3.419545e+01,3.419545e+01,3.419545e+01,3.476981e+01,3.467197e+01,3.458803e+01,3.479775e+01,3.503495e+01,3.503495e+01,3.503495e+01,3.503495e+01,3.503495e+01,3.503495e+01,3.560489e+01,3.566034e+01,3.575729e+01,3.575729e+01,3.575729e+01,3.575729e+01,3.575729e+01,3.575729e+01,3.607527e+01,3.607527e+01,3.607527e+01,3.607527e+01,3.607527e+01,3.607527e+01,3.607527e+01,3.655737e+01,3.655737e+01,3.655737e+01,3.655737e+01,3.699631e+01,3.699631e+01,3.755614e+01,3.751528e+01,3.763783e+01,3.790970e+01,3.819444e+01,3.819444e+01,3.862694e+01,3.888294e+01,3.913836e+01,3.951371e+01,3.951371e+01,3.991448e+01,4.038025e+01,4.051298e+01,4.051298e+01,4.089701e+01,4.143774e+01,4.139826e+01,4.139826e+01,4.222448e+01,4.221141e+01,4.221141e+01,4.221141e+01,4.283701e+01,4.283701e+01,4.283701e+01,4.283701e+01,4.343337e+01,4.343337e+01,4.396235e+01,4.394947e+01,4.394947e+01,4.394947e+01,4.450174e+01,4.450174e+01,4.450174e+01,4.491105e+01,4.491105e+01,4.491105e+01,4.491105e+01,4.506417e+01,4.561123e+01,4.561123e+01,4.561123e+01,4.613049e+01,4.621892e+01,4.621892e+01,4.621892e+01,4.655938e+01,4.652160e+01,4.662232e+01,4.713719e+01,4.709959e+01,4.728747e+01,4.698673e+01,4.752502e+01,4.752502e+01,4.752502e+01,4.789914e+01,4.825970e+01,4.842097e+01,4.842097e+01,4.881705e+01,4.924878e+01,4.937185e+01,4.986289e+01,5.008322e+01,5.027873e+01,5.043736e+01,5.065665e+01,5.093630e+01,5.117896e+01,5.192817e+01,5.197635e+01,5.218092e+01,5.260102e+01,5.290023e+01,5.330602e+01,5.375800e+01,5.437388e+01,5.490445e+01,5.491621e+01,5.513955e+01,5.584226e+01,5.621547e+01,5.621547e+01,5.669206e+01,5.717846e+01,5.724780e+01,5.724780e+01,5.772060e+01,5.776664e+01,5.783566e+01,5.830635e+01,5.835218e+01,5.842089e+01,5.888947e+01,5.893510e+01,5.912883e+01,5.912883e+01,5.959490e+01,5.973100e+01,6.019495e+01,6.017236e+01,6.025142e+01,6.071356e+01,6.067980e+01,6.072482e+01,6.092718e+01,6.138699e+01,6.143176e+01,6.158835e+01,6.204590e+01,6.209045e+01,6.215726e+01,6.230189e+01,6.296742e+01,6.301167e+01,6.317749e+01,6.317749e+01,6.362969e+01,6.367373e+01,6.419010e+01,6.415720e+01,6.420107e+01,6.427780e+01,6.472638e+01,6.475915e+01,6.528233e+01,6.532584e+01,6.496648e+01,6.541282e+01,6.582522e+01,6.585773e+01,6.593354e+01,6.620398e+01,6.618236e+01,6.622559e+01,6.630120e+01,6.665713e+01,6.664635e+01,6.659248e+01,6.657092e+01,6.661404e+01,6.668944e+01,6.689391e+01,6.687240e+01,6.729121e+01,6.716248e+01,6.716248e+01,6.723759e+01,6.721613e+01,6.763393e+01,6.755904e+01,6.741984e+01,6.739841e+01,6.734483e+01,6.726977e+01,6.726977e+01,6.716248e+01,6.736626e+01,6.692616e+01,6.685088e+01,6.723759e+01,6.694766e+01,6.693691e+01,6.673251e+01,6.654937e+01,6.653859e+01,6.646310e+01,6.629041e+01,6.657092e+01,6.603096e+01,6.626880e+01,6.616074e+01,6.614993e+01,6.604178e+01,6.576019e+01,6.576019e+01,6.563003e+01,6.541282e+01,6.541282e+01,6.521704e+01,6.502099e+01,6.502099e+01,6.501009e+01,6.481374e+01,6.467175e+01,6.467175e+01,6.456244e+01,6.434354e+01,6.427780e+01,6.406942e+01,6.388271e+01,6.375076e+01,6.375076e+01,6.375076e+01,6.375076e+01,6.375076e+01,6.361868e+01,6.359665e+01,6.357462e+01,6.326584e+01,6.308908e+01,6.298954e+01,6.296742e+01,6.295635e+01,6.281242e+01,6.282350e+01,6.277918e+01,6.250189e+01,6.266833e+01,6.266833e+01,6.221291e+01,6.220178e+01,6.219065e+01,6.217952e+01,6.216839e+01,6.215726e+01,6.214613e+01,6.203476e+01,6.237970e+01,6.171126e+01,6.214613e+01,6.207932e+01,6.206818e+01,6.191214e+01,6.173360e+01,6.172243e+01,6.173360e+01,6.172243e+01,6.156599e+01,6.183406e+01,6.182290e+01,6.164424e+01,6.163306e+01,6.159953e+01,6.158835e+01,6.143176e+01,6.168892e+01,6.130859e+01,6.130859e+01,6.130859e+01,6.130859e+01,6.130859e+01,6.130859e+01,6.130859e+01,6.130859e+01,6.130859e+01,6.130859e+01,6.130859e+01,6.130859e+01,6.130859e+01,6.130859e+01,6.130859e+01,6.130859e+01,6.130859e+01,6.130859e+01,6.130859e+01,6.130859e+01,6.130859e+01,6.130859e+01,6.158835e+01,6.157718e+01,6.154363e+01,6.185637e+01,6.182290e+01,6.182290e+01,6.165541e+01,6.165541e+01,6.165541e+01,6.207932e+01,6.205704e+01,6.199018e+01,6.181174e+01,6.182290e+01,6.183406e+01,6.181174e+01,6.181174e+01,6.233524e+01,6.215726e+01,6.241304e+01,6.237970e+01,6.231301e+01,6.232413e+01,6.233524e+01,6.234636e+01,6.235748e+01,6.236859e+01,6.237970e+01,6.284565e+01,6.286780e+01,6.288994e+01,6.291208e+01,6.247969e+01,6.249079e+01,6.250189e+01,6.296742e+01,6.298954e+01,6.301167e+01,6.303379e+01,6.288994e+01,6.291208e+01,6.286780e+01,6.288994e+01,6.291208e+01,6.293422e+01,6.284565e+01,6.283457e+01,6.298954e+01,6.281242e+01,6.276810e+01,6.275702e+01,6.257959e+01,6.240193e+01,6.239082e+01,6.241304e+01,6.232413e+01,6.234636e+01,6.235748e+01,6.223516e+01,6.214613e+01,6.196789e+01,6.213499e+01,6.161071e+01,6.182290e+01,6.170009e+01,6.164424e+01,6.155481e+01,6.144295e+01,6.125257e+01,6.127499e+01,6.094965e+01,6.079230e+01,6.060099e+01,6.062352e+01,6.064603e+01,6.046579e+01,6.009325e+01,6.011586e+01,5.995752e+01,5.973100e+01,5.957220e+01,5.941322e+01,5.904910e+01,5.891229e+01,5.834072e+01,5.858108e+01,5.797360e+01,5.781266e+01,5.761696e+01,5.738636e+01,5.722469e+01,5.658759e+01,5.673846e+01,5.635514e+01,5.626204e+01,5.608730e+01,5.586562e+01,5.511606e+01,5.526867e+01,5.466891e+01,5.439751e+01,5.422019e+01,5.397153e+01,5.385294e+01,5.317488e+01,5.335367e+01,5.266092e+01,5.285241e+01,5.179558e+01,5.157830e+01,5.136063e+01,5.102128e+01,5.064448e+01,4.994862e+01,5.024210e+01,4.940875e+01,4.898993e+01,4.902694e+01,4.823487e+01,4.804847e+01,4.782441e+01,4.756248e+01,4.719983e+01,4.682351e+01,4.642079e+01,4.626942e+01,4.586481e+01,4.528075e+01,4.528075e+01,4.479607e+01,4.454018e+01,4.429655e+01,4.411671e+01,4.374331e+01,4.339457e+01,4.326514e+01,4.304479e+01,4.275899e+01,4.271996e+01,4.188422e+01,4.181867e+01,4.154295e+01,4.139826e+01,4.063230e+01,4.068529e+01,4.034040e+01,4.036697e+01,4.004775e+01,3.962072e+01,3.925914e+01,3.897711e+01,3.892331e+01,3.873480e+01,3.850547e+01,3.845144e+01,3.826213e+01,3.743349e+01,3.743349e+01,3.743349e+01,3.743349e+01,3.690044e+01,3.690044e+01,3.690044e+01,3.690044e+01,3.646112e+01,3.646112e+01,3.646112e+01,3.646112e+01,3.646112e+01,3.589566e+01,3.640608e+01,3.610287e+01,3.604765e+01,3.599241e+01,3.599241e+01,3.599241e+01,3.599241e+01,3.599241e+01,3.599241e+01,3.599241e+01,3.599241e+01,3.542450e+01,3.548004e+01,3.548004e+01,3.548004e+01,3.548004e+01,3.548004e+01,3.548004e+01,3.548004e+01,3.490944e+01,3.496524e+01,3.502101e+01,3.502101e+01,3.502101e+01,3.502101e+01,3.502101e+01,3.502101e+01,3.502101e+01,3.502101e+01,3.502101e+01,3.502101e+01,3.502101e+01,3.502101e+01,3.502101e+01,3.502101e+01,3.502101e+01,3.502101e+01,3.502101e+01,3.502101e+01,3.502101e+01,3.502101e+01,3.502101e+01,3.546616e+01,3.546616e+01,3.546616e+01,3.546616e+01,3.546616e+01,3.603384e+01,3.613047e+01,3.613047e+01,3.613047e+01,3.613047e+01,3.613047e+01,3.613047e+01,3.613047e+01,3.613047e+01,3.613047e+01,3.669473e+01,3.663980e+01,3.658486e+01,3.652988e+01,3.652988e+01,3.652988e+01,3.652988e+01,3.652988e+01,3.652988e+01,3.652988e+01,3.652988e+01,3.652988e+01,3.652988e+01,3.652988e+01,3.652988e+01,3.652988e+01,3.596477e+01,3.658486e+01,3.651613e+01,3.651613e+01,3.651613e+01,3.651613e+01,3.651613e+01,3.595095e+01,3.602003e+01,3.602003e+01,3.602003e+01,3.602003e+01,3.602003e+01,3.602003e+01,3.602003e+01,3.602003e+01,3.602003e+01,3.602003e+01,3.602003e+01,3.602003e+01,3.602003e+01,3.602003e+01,3.602003e+01,3.602003e+01,3.602003e+01,3.602003e+01,3.602003e+01,3.602003e+01,3.602003e+01,3.602003e+01,3.602003e+01,3.602003e+01,3.602003e+01,3.602003e+01,3.602003e+01,3.602003e+01,3.602003e+01,3.602003e+01,3.602003e+01,3.602003e+01,3.545227e+01,3.552167e+01,3.552167e+01,3.552167e+01,3.552167e+01,3.552167e+01,3.552167e+01,3.608907e+01,3.602003e+01,3.545227e+01,3.552167e+01,3.552167e+01,3.552167e+01,3.552167e+01,3.552167e+01,3.552167e+01,3.552167e+01,3.552167e+01,3.552167e+01,3.552167e+01,3.552167e+01,3.552167e+01,3.608907e+01,3.602003e+01,3.602003e+01,3.602003e+01,3.602003e+01,3.545227e+01,3.608907e+01,3.600622e+01,3.600622e+01,3.600622e+01,3.600622e+01,3.600622e+01,3.600622e+01,3.600622e+01,3.600622e+01,3.600622e+01,3.600622e+01,3.600622e+01,3.600622e+01,3.600622e+01,3.600622e+01,3.600622e+01,3.600622e+01,3.600622e+01,3.600622e+01,3.600622e+01,3.600622e+01,3.600622e+01,3.600622e+01,3.600622e+01,3.600622e+01
3.419545e+01,3.419545e+01,3.419545e+01,3.419545e+01,3.419545e+01,3.419545e+01,3.419545e+01,3.419545e+01,3.419545e+01,3.419545e+01,3.419545e+01,3.419545e+01,3.419545e+01,3.458803e+01,3.458803e+01,3.458803e+01,3.458803e+01,3.458803e+01,3.503495e+01,3.503495e+01,3.503495e+01,3.560489e+01,3.560489e+01,3.560489e+01,3.560489e+01,3.560489e+01,3.560489e+01,3.560489e+01,3.617186e+01,3.618565e+01,3.618565e+01,3.618565e+01,3.618565e+01,3.618565e+01,3.618565e+01,3.618565e+01,3.618565e+01,3.655737e+01,3.655737e+01,3.655737e+01,3.699631e+01,3.718779e+01,3.726975e+01,3.735165e+01,3.763783e+01,3.797756e+01,3.809961e+01,3.872132e+01,3.870784e+01,3.925914e+01,3.936640e+01,3.941999e+01,4.004775e+01,4.007439e+01,4.064555e+01,4.064555e+01,4.064555e+01,4.118748e+01,4.142458e+01,4.142458e+01,4.142458e+01,4.222448e+01,4.222448e+01,4.222448e+01,4.275899e+01,4.292796e+01,4.292796e+01,4.292796e+01,4.345923e+01,4.354969e+01,4.373041e+01,4.394947e+01,4.394947e+01,4.394947e+01,4.447611e+01,4.459140e+01,4.459140e+01,4.459140e+01,4.459140e+01,4.491105e+01,4.491105e+01,4.491105e+01,4.543340e+01,4.559853e+01,4.559853e+01,4.559853e+01,4.559853e+01,4.621892e+01,4.621892e+01,4.621892e+01,4.621892e+01,4.621892e+01,4.662232e+01,4.688631e+01,4.688631e+01,4.688631e+01,4.688631e+01,4.752502e+01,4.752502e+01,4.752502e+01,4.789914e+01,4.817276e+01,4.817276e+01,4.868105e+01,4.885411e+01,4.900227e+01,4.929802e+01,5.004652e+01,5.004652e+01,5.004652e+01,5.043736e+01,5.074183e+01,5.085126e+01,5.126377e+01,5.169905e+01,5.197635e+01,5.234913e+01,5.251711e+01,5.332985e+01,5.335367e+01,5.376987e+01,5.438569e+01,5.468070e+01,5.516303e+01,5.520999e+01,5.576047e+01,5.605232e+01,5.669206e+01,5.671526e+01,5.695864e+01,5.724780e+01,5.742097e+01,5.750171e+01,5.776664e+01,5.800806e+01,5.808844e+01,5.835218e+01,5.859252e+01,5.867253e+01,5.893510e+01,5.940186e+01,5.944730e+01,5.958355e+01,5.988961e+01,6.044324e+01,6.035300e+01,6.052214e+01,6.070231e+01,6.116289e+01,6.114046e+01,6.163306e+01,6.171126e+01,6.210159e+01,6.214613e+01,6.222403e+01,6.267942e+01,6.265725e+01,6.315539e+01,6.323272e+01,6.361868e+01,6.359665e+01,6.410235e+01,6.417914e+01,6.424492e+01,6.477007e+01,6.471545e+01,6.469360e+01,6.475915e+01,6.529321e+01,6.535847e+01,6.545629e+01,6.573850e+01,6.556490e+01,6.603096e+01,6.612831e+01,6.651702e+01,6.659248e+01,6.658170e+01,6.653859e+01,6.695841e+01,6.702289e+01,6.711954e+01,6.709807e+01,6.703363e+01,6.744126e+01,6.744126e+01,6.744126e+01,6.744126e+01,6.748410e+01,6.758044e+01,6.784771e+01,6.784771e+01,6.784771e+01,6.789043e+01,6.798649e+01,6.791177e+01,6.821038e+01,6.776224e+01,6.814645e+01,6.808248e+01,6.765533e+01,6.754833e+01,6.780498e+01,6.759114e+01,6.758044e+01,6.758044e+01,6.747339e+01,6.746268e+01,6.725905e+01,6.751622e+01,6.707659e+01,6.744126e+01,6.690466e+01,6.685088e+01,6.693691e+01,6.692616e+01,6.682937e+01,6.682937e+01,6.659248e+01,6.638757e+01,6.639836e+01,6.627960e+01,6.607423e+01,6.608505e+01,6.590105e+01,6.571681e+01,6.572765e+01,6.528233e+01,6.549974e+01,6.535847e+01,6.535847e+01,6.524969e+01,6.503189e+01,6.496648e+01,6.475915e+01,6.457337e+01,6.444209e+01,6.444209e+01,6.444209e+01,6.444209e+01,6.399257e+01,6.428876e+01,6.380575e+01,6.415720e+01,6.392667e+01,6.372875e+01,6.360767e+01,6.356361e+01,6.353056e+01,6.336517e+01,6.334310e+01,6.316644e+01,6.342032e+01,6.339826e+01,6.322167e+01,6.300061e+01,6.296742e+01,6.293422e+01,6.290101e+01,6.286780e+01,6.283457e+01,6.280134e+01,6.276810e+01,6.271268e+01,6.271268e+01,6.281242e+01,6.226853e+01,6.226853e+01,6.236859e+01,6.261288e+01,6.257959e+01,6.255740e+01,6.252410e+01,6.244637e+01,6.243526e+01,6.240193e+01,6.220178e+01,6.216839e+01,6.211273e+01,6.207932e+01,6.200133e+01,6.240193e+01,6.225740e+01,6.223516e+01,6.221291e+01,6.219065e+01,6.216839e+01,6.214613e+01,6.212386e+01,6.210159e+01,6.207932e+01,6.205704e+01,6.203476e+01,6.201247e+01,6.199018e+01,6.196789e+01,6.194559e+01,6.192329e+01,6.235748e+01,6.223516e+01,6.222403e+01,6.221291e+01,6.220178e+01,6.227965e+01,6.226853e+01,6.224628e+01,6.229077e+01,6.227965e+01,6.223516e+01,6.222403e+01,6.250189e+01,6.249079e+01,6.255740e+01,6.265725e+01,6.262397e+01,6.254630e+01,6.281242e+01,6.281242e+01,6.281242e+01,6.279026e+01,6.285672e+01,6.279026e+01,6.269051e+01,6.267942e+01,6.308908e+01,6.302273e+01,6.302273e+01,6.302273e+01,6.302273e+01,6.302273e+01,6.347545e+01,6.344238e+01,6.337620e+01,6.338723e+01,6.339826e+01,6.322167e+01,6.354157e+01,6.342032e+01,6.348647e+01,6.358564e+01,6.359665e+01,6.360767e+01,6.361868e+01,6.348647e+01,6.349749e+01,6.346442e+01,6.347545e+01,6.348647e+01,6.349749e+01,6.342032e+01,6.342032e+01,6.343135e+01,6.326584e+01,6.323272e+01,6.323272e+01,6.306696e+01,6.335414e+01,6.335414e+01,6.291208e+01,6.328792e+01,6.284565e+01,6.285672e+01,6.274594e+01,6.266833e+01,6.250189e+01,6.277918e+01,6.249079e+01,6.250189e+01,6.239082e+01,6.234636e+01,6.181174e+01,6.214613e+01,6.195675e+01,6.182290e+01,6.157718e+01,6.142057e+01,6.123016e+01,6.123016e+01,6.123016e+01,6.088224e+01,6.074731e+01,6.074731e+01,6.058973e+01,6.036429e+01,6.020625e+01,5.991225e+01,5.962894e+01,5.932228e+01,5.892369e+01,5.887806e+01,5.859252e+01,5.843234e+01,5.823757e+01,5.800806e+01,5.767455e+01,5.728245e+01,5.710908e+01,5.705124e+01,5.648304e+01,5.648304e+01,5.634350e+01,5.584226e+01,5.566694e+01,5.554993e+01,5.536249e+01,5.456278e+01,5.451558e+01,5.422019e+01,5.387667e+01,5.321066e+01,5.336558e+01,5.268488e+01,5.251711e+01,5.179558e+01,5.150578e+01,5.169905e+01,5.082695e+01,5.086341e+01,5.031536e+01,4.997311e+01,4.981388e+01,4.910093e+01,4.855727e+01,4.837137e+01,4.811063e+01,4.789914e+01,4.758746e+01,4.726244e+01,4.694908e+01,4.613049e+01,4.634513e+01,4.550964e+01,4.533165e+01,4.510242e+01,4.484719e+01,4.460420e+01,4.438637e+01,4.406528e+01,4.393660e+01,4.325219e+01,4.296691e+01,4.285000e+01,4.262885e+01,4.214605e+01,4.200212e+01,4.181867e+01,4.154295e+01,4.104234e+01,4.100272e+01,4.034040e+01,4.028725e+01,4.010102e+01,3.972763e+01,3.941999e+01,3.923232e+01,3.923232e+01,3.873480e+01,3.873480e+01,3.845144e+01,3.807250e+01,3.770586e+01,3.770586e+01,3.770586e+01,3.714679e+01,3.747440e+01,3.687303e+01,3.687303e+01,3.687303e+01,3.687303e+01,3.646112e+01,3.646112e+01,3.646112e+01,3.646112e+01,3.646112e+01,3.589566e+01,3.590948e+01,3.590948e+01,3.590948e+01,3.590948e+01,3.590948e+01,3.590948e+01,3.590948e+01,3.590948e+01,3.590948e+01,3.590948e+01,3.590948e+01,3.590948e+01,3.590948e+01,3.548004e+01,3.548004e+01,3.548004e+01,3.548004e+01,3.548004e+01,3.548004e+01,3.548004e+01,3.548004e+01,3.548004e+01,3.548004e+01,3.502101e+01,3.502101e+01,3.502101e+01,3.502101e+01,3.502101e+01,3.502101e+01,3.502101e+01,3.502101e+01,3.502101e+01,3.502101e+01,3.502101e+01,3.502101e+01,3.502101e+01,3.502101e+01,3.502101e+01,3.559103e+01,3.553555e+01,3.506282e+01,3.536894e+01,3.536894e+01,3.536894e+01,3.593713e+01,3.545227e+01,3.574345e+01,3.584033e+01,3.584033e+01,3.584033e+01,3.584033e+01,3.584033e+01,3.640608e+01,3.640608e+01,3.640608e+01,3.640608e+01,3.640608e+01,3.640608e+01,3.640608e+01,3.640608e+01,3.640608e+01,3.640608e+01,3.640608e+01,3.640608e+01,3.640608e+01,3.640608e+01,3.640608e+01,3.640608e+01,3.640608e+01,3.640608e+01,3.640608e+01,3.640608e+01,3.640608e+01,3.640608e+01,3.640608e+01,3.640608e+01,3.640608e+01,3.640608e+01,3.640608e+01,3.640608e+01,3.640608e+01,3.640608e+01,3.640608e+01,3.602003e+01,3.602003e+01,3.602003e+01,3.602003e+01,3.602003e+01,3.602003e+01,3.602003e+01,3.602003e+01,3.602003e+01,3.602003e+01,3.602003e+01,3.602003e+01,3.602003e+01,3.602003e+01,3.602003e+01,3.602003e+01,3.602003e+01,3.602003e+01,3.602003e+01,3.602003e+01,3.602003e+01,3.602003e+01,3.602003e+01,3.602003e+01,3.602003e+01,3.602003e+01,3.602003e+01,3.602003e+01,3.602003e+01,3.602003e+01,3.602003e+01,3.602003e+01,3.552167e+01,3.552167e+01,3.552167e+01,3.608907e+01,3.564648e+01,3.559103e+01,3.604765e+01,3.599241e+01,3.593713e+01,3.592331e+01,3.590948e+01,3.589566e+01,3.588183e+01,3.586800e+01,3.585417e+01,3.584033e+01,3.582650e+01,3.581266e+01,3.586800e+01,3.549392e+01,3.554942e+01,3.560489e+01,3.561876e+01,3.556329e+01,3.603384e+01,3.619944e+01,3.563261e+01,3.564648e+01,3.566034e+01,3.567419e+01,3.568805e+01,3.570190e+01,3.571575e+01,3.572960e+01,3.572960e+01,3.572960e+01,3.572960e+01,3.572960e+01,3.572960e+01,3.572960e+01,3.572960e+01,3.572960e+01,3.572960e+01,3.572960e+01,3.572960e+01,3.572960e+01,3.572960e+01,3.572960e+01,3.572960e+01,3.572960e+01
3.419545e+01,3.419545e+01,3.419545e+01,3.419545e+01,3.419545e+01,3.419545e+01,3.419545e+01,3.419545e+01,3.419545e+01,3.419545e+01,3.476981e+01,3.471391e+01,3.479775e+01,3.478378e+01,3.478378e+01,3.478378e+01,3.478378e+01,3.478378e+01,3.535504e+01,3.534114e+01,3.539672e+01,3.556329e+01,3.556329e+01,3.556329e+01,3.556329e+01,3.556329e+01,3.613047e+01,3.563261e+01,3.589566e+01,3.589566e+01,3.618565e+01,3.618565e+01,3.618565e+01,3.618565e+01,3.618565e+01,3.618565e+01,3.618565e+01,3.655737e+01,3.655737e+01,3.655737e+01,3.699631e+01,3.699631e+01,3.755614e+01,3.766505e+01,3.766505e+01,3.788254e+01,3.819444e+01,3.845144e+01,3.919206e+01,3.936640e+01,3.936640e+01,3.936640e+01,4.004775e+01,4.027396e+01,4.038025e+01,4.092345e+01,4.097630e+01,4.114791e+01,4.114791e+01,4.142458e+01,4.162180e+01,4.196283e+01,4.196283e+01,4.249856e+01,4.271996e+01,4.271996e+01,4.271996e+01,4.325219e+01,4.342044e+01,4.342044e+01,4.342044e+01,4.394947e+01,4.394947e+01,4.394947e+01,4.394947e+01,4.459140e+01,4.459140e+01,4.459140e+01,4.459140e+01,4.459140e+01,4.491105e+01,4.510242e+01,4.517888e+01,4.517888e+01,4.559853e+01,4.559853e+01,4.559853e+01,4.621892e+01,4.621892e+01,4.621892e+01,4.621892e+01,4.621892e+01,4.662232e+01,4.679838e+01,4.679838e+01,4.679838e+01,4.731250e+01,4.711213e+01,4.716225e+01,4.771223e+01,4.784933e+01,4.803603e+01,4.822245e+01,4.843337e+01,4.885411e+01,4.907627e+01,4.932264e+01,4.980162e+01,4.980162e+01,5.030315e+01,5.043736e+01,5.065665e+01,5.094844e+01,5.126377e+01,5.161454e+01,5.184381e+01,5.262498e+01,5.267290e+01,5.309135e+01,5.378174e+01,5.430297e+01,5.439751e+01,5.470427e+01,5.492798e+01,5.564355e+01,5.625040e+01,5.627368e+01,5.645979e+01,5.702810e+01,5.702810e+01,5.717846e+01,5.742097e+01,5.758240e+01,5.819170e+01,5.818023e+01,5.872966e+01,5.872966e+01,5.871824e+01,5.926542e+01,5.928816e+01,5.936776e+01,5.983298e+01,5.990093e+01,6.039813e+01,6.052214e+01,6.098334e+01,6.093842e+01,6.144295e+01,6.152127e+01,6.154363e+01,6.171126e+01,6.190099e+01,6.233524e+01,6.232413e+01,6.296742e+01,6.304485e+01,6.353056e+01,6.360767e+01,6.367373e+01,6.375076e+01,6.392667e+01,6.406942e+01,6.451868e+01,6.456244e+01,6.473730e+01,6.518439e+01,6.556490e+01,6.563003e+01,6.570597e+01,6.567342e+01,6.620398e+01,6.619317e+01,6.652781e+01,6.660326e+01,6.667867e+01,6.675404e+01,6.718394e+01,6.714101e+01,6.717322e+01,6.724832e+01,6.724832e+01,6.768741e+01,6.763393e+01,6.764463e+01,6.771948e+01,6.816776e+01,6.813579e+01,6.810381e+01,6.807182e+01,6.813579e+01,6.856149e+01,6.852961e+01,6.849772e+01,6.846582e+01,6.843391e+01,6.842328e+01,6.880569e+01,6.854024e+01,6.861462e+01,6.835944e+01,6.823168e+01,6.862524e+01,6.855087e+01,6.830622e+01,6.826363e+01,6.823168e+01,6.809315e+01,6.805049e+01,6.792245e+01,6.787975e+01,6.806116e+01,6.762324e+01,6.773017e+01,6.764463e+01,6.761254e+01,6.756974e+01,6.744126e+01,6.730194e+01,6.714101e+01,6.690466e+01,6.687240e+01,6.672174e+01,6.648467e+01,6.645232e+01,6.623640e+01,6.650624e+01,6.631200e+01,6.608505e+01,6.605260e+01,6.587939e+01,6.584689e+01,6.570597e+01,6.545629e+01,6.535847e+01,6.556490e+01,6.534760e+01,6.518439e+01,6.515173e+01,6.511905e+01,6.492286e+01,6.463897e+01,6.459524e+01,6.475915e+01,6.471545e+01,6.456244e+01,6.433258e+01,6.417914e+01,6.410235e+01,6.403649e+01,6.428876e+01,6.424492e+01,6.414623e+01,6.414623e+01,6.365171e+01,6.394864e+01,6.369574e+01,6.362969e+01,6.356361e+01,6.349749e+01,6.343135e+01,6.336517e+01,6.375076e+01,6.324376e+01,6.315539e+01,6.312224e+01,6.337620e+01,6.305591e+01,6.302273e+01,6.310013e+01,6.310013e+01,6.303379e+01,6.297848e+01,6.291208e+01,6.280134e+01,6.282350e+01,6.275702e+01,6.304485e+01,6.297848e+01,6.288994e+01,6.282350e+01,6.282350e+01,6.290101e+01,6.272377e+01,6.266833e+01,6.261288e+01,6.255740e+01,6.250189e+01,6.252410e+01,6.246858e+01,6.249079e+01,6.243526e+01,6.245747e+01,6.285672e+01,6.281242e+01,6.276810e+01,6.272377e+01,6.267942e+01,6.273486e+01,6.281242e+01,6.266833e+01,6.263506e+01,6.260178e+01,6.302273e+01,6.301167e+01,6.298954e+01,6.295635e+01,6.294529e+01,6.292315e+01,6.286780e+01,6.293422e+01,6.293422e+01,6.291208e+01,6.335414e+01,6.335414e+01,6.332103e+01,6.332103e+01,6.332103e+01,6.332103e+01,6.332103e+01,6.329896e+01,6.329896e+01,6.368473e+01,6.358564e+01,6.365171e+01,6.372875e+01,6.366272e+01,6.366272e+01,6.366272e+01,6.366272e+01,6.373976e+01,6.381675e+01,6.382775e+01,6.421203e+01,6.422299e+01,6.423396e+01,6.413526e+01,6.413526e+01,6.402551e+01,6.403649e+01,6.404747e+01,6.405845e+01,6.406942e+01,6.408040e+01,6.395962e+01,6.397061e+01,6.394864e+01,6.395962e+01,6.397061e+01,6.398159e+01,6.391568e+01,6.392667e+01,6.393765e+01,6.423396e+01,6.422299e+01,6.379476e+01,6.415720e+01,6.408040e+01,6.389370e+01,6.365171e+01,6.362969e+01,6.349749e+01,6.350851e+01,6.340929e+01,6.334310e+01,6.326584e+01,6.322167e+01,6.301167e+01,6.302273e+01,6.292315e+01,6.269051e+01,6.282350e+01,6.236859e+01,6.236859e+01,6.236859e+01,6.236859e+01,6.187868e+01,6.170009e+01,6.171126e+01,6.156599e+01,6.139818e+01,6.127499e+01,6.128619e+01,6.114046e+01,6.092718e+01,6.062352e+01,6.029658e+01,5.998016e+01,6.013846e+01,5.950409e+01,5.931091e+01,5.910606e+01,5.895790e+01,5.877534e+01,5.839799e+01,5.852389e+01,5.788166e+01,5.772060e+01,5.746711e+01,5.710908e+01,5.712065e+01,5.678485e+01,5.649466e+01,5.585394e+01,5.585394e+01,5.536249e+01,5.528040e+01,5.508081e+01,5.426750e+01,5.438569e+01,5.393596e+01,5.324643e+01,5.341321e+01,5.303166e+01,5.232511e+01,5.212078e+01,5.190408e+01,5.128799e+01,5.106982e+01,5.060796e+01,4.996087e+01,5.009545e+01,4.938415e+01,4.918720e+01,4.884176e+01,4.866867e+01,4.829693e+01,4.752502e+01,4.729998e+01,4.697418e+01,4.693653e+01,4.671038e+01,4.623154e+01,4.553505e+01,4.553505e+01,4.536982e+01,4.511517e+01,4.473215e+01,4.460420e+01,4.424520e+01,4.357553e+01,4.348509e+01,4.282401e+01,4.239423e+01,4.243336e+01,4.234202e+01,4.156924e+01,4.152981e+01,4.133244e+01,4.061905e+01,4.038025e+01,4.038025e+01,4.010102e+01,3.976770e+01,3.954047e+01,3.954047e+01,3.923232e+01,3.903089e+01,3.841090e+01,3.841090e+01,3.811316e+01,3.838387e+01,3.780103e+01,3.755614e+01,3.741986e+01,3.741986e+01,3.717413e+01,3.666727e+01,3.666727e+01,3.666727e+01,3.666727e+01,3.610287e+01,3.606146e+01,3.602003e+01,3.596477e+01,3.636478e+01,3.632347e+01,3.636478e+01,3.632347e+01,3.579882e+01,3.579882e+01,3.579882e+01,3.579882e+01,3.579882e+01,3.579882e+01,3.579882e+01,3.579882e+01,3.579882e+01,3.579882e+01,3.579882e+01,3.579882e+01,3.579882e+01,3.548004e+01,3.548004e+01,3.548004e+01,3.548004e+01,3.548004e+01,3.548004e+01,3.548004e+01,3.548004e+01,3.548004e+01,3.502101e+01,3.502101e+01,3.502101e+01,3.502101e+01,3.502101e+01,3.502101e+01,3.502101e+01,3.502101e+01,3.502101e+01,3.502101e+01,3.502101e+01,3.502101e+01,3.502101e+01,3.559103e+01,3.528554e+01,3.534114e+01,3.527163e+01,3.527163e+01,3.584033e+01,3.590948e+01,3.572960e+01,3.564648e+01,3.564648e+01,3.621323e+01,3.624080e+01,3.626836e+01,3.632347e+01,3.648863e+01,3.648863e+01,3.648863e+01,3.648863e+01,3.648863e+01,3.648863e+01,3.648863e+01,3.648863e+01,3.648863e+01,3.648863e+01,3.648863e+01,3.648863e+01,3.648863e+01,3.648863e+01,3.648863e+01,3.648863e+01,3.648863e+01,3.648863e+01,3.648863e+01,3.648863e+01,3.648863e+01,3.648863e+01,3.648863e+01,3.648863e+01,3.648863e+01,3.648863e+01,3.648863e+01,3.648863e+01,3.648863e+01,3.592331e+01,3.637855e+01,3.611667e+01,3.611667e+01,3.611667e+01,3.611667e+01,3.611667e+01,3.611667e+01,3.611667e+01,3.611667e+01,3.611667e+01,3.611667e+01,3.611667e+01,3.611667e+01,3.611667e+01,3.611667e+01,3.611667e+01,3.611667e+01,3.611667e+01,3.611667e+01,3.611667e+01,3.611667e+01,3.611667e+01,3.611667e+01,3.611667e+01,3.611667e+01,3.611667e+01,3.611667e+01,3.611667e+01,3.611667e+01,3.554942e+01,3.559103e+01,3.556329e+01,3.603384e+01,3.584033e+01,3.586800e+01,3.592331e+01,3.604765e+01,3.574345e+01,3.593713e+01,3.600622e+01,3.600622e+01,3.600622e+01,3.600622e+01,3.600622e+01,3.600622e+01,3.600622e+01,3.600622e+01,3.600622e+01,3.600622e+01,3.600622e+01,3.600622e+01,3.543839e+01,3.599241e+01,3.595095e+01,3.597859e+01,3.600622e+01,3.600622e+01,3.599241e+01,3.590948e+01,3.567419e+01,3.567419e+01,3.567419e+01,3.567419e+01,3.567419e+01,3.567419e+01,3.567419e+01,3.567419e+01,3.567419e+01,3.567419e+01,3.567419e+01,3.567419e+01,3.567419e+01,3.567419e+01,3.567419e+01,3.567419e+01,3.624080e+01,3.619944e+01,3.615807e+01,3.561876e+01,3.618565e+01,3.614427e+01,3.559103e+01,3.615807e+01
3.419545e+01,3.419545e+01,3.419545e+01,3.419545e+01,3.419545e+01,3.419545e+01,3.419545e+01,3.419545e+01,3.419545e+01,3.419545e+01,3.476981e+01,3.419545e+01,3.432179e+01,3.436387e+01,3.493734e+01,3.493734e+01,3.493734e+01,3.493734e+01,3.493734e+01,3.493734e+01,3.539672e+01,3.539672e+01,3.539672e+01,3.539672e+01,3.539672e+01,3.596477e+01,3.597859e+01,3.593713e+01,3.592331e+01,3.603384e+01,3.608907e+01,3.608907e+01,3.608907e+01,3.608907e+01,3.665354e+01,3.661234e+01,3.673590e+01,3.672218e+01,3.672218e+01,3.672218e+01,3.728341e+01,3.733801e+01,3.695523e+01,3.766505e+01,3.766505e+01,3.822152e+01,3.822152e+01,3.869437e+01,3.889640e+01,3.908464e+01,3.964746e+01,3.970091e+01,3.999446e+01,4.027396e+01,4.061905e+01,4.063230e+01,4.071178e+01,4.114791e+01,4.125339e+01,4.133244e+01,4.163493e+01,4.187111e+01,4.210681e+01,4.221141e+01,4.245945e+01,4.245945e+01,4.299288e+01,4.320038e+01,4.320038e+01,4.320038e+01,4.373041e+01,4.389796e+01,4.389796e+01,4.389796e+01,4.389796e+01,4.406528e+01,4.411671e+01,4.469378e+01,4.469378e+01,4.521709e+01,4.520436e+01,4.517888e+01,4.517888e+01,4.517888e+01,4.559853e+01,4.559853e+01,4.559853e+01,4.621892e+01,4.570004e+01,4.628204e+01,4.628204e+01,4.628204e+01,4.662232e+01,4.662232e+01,4.662232e+01,4.713719e+01,4.674810e+01,4.733752e+01,4.704945e+01,4.732501e+01,4.799871e+01,4.799871e+01,4.799871e+01,4.843337e+01,4.908860e+01,4.908860e+01,4.959306e+01,4.974032e+01,4.994862e+01,5.004652e+01,5.071750e+01,5.082695e+01,5.091201e+01,5.119107e+01,5.195227e+01,5.200044e+01,5.237314e+01,5.304360e+01,5.356789e+01,5.382922e+01,5.405447e+01,5.469249e+01,5.470427e+01,5.512780e+01,5.564355e+01,5.648304e+01,5.648304e+01,5.648304e+01,5.702810e+01,5.702810e+01,5.750171e+01,5.750171e+01,5.777814e+01,5.843234e+01,5.846668e+01,5.867253e+01,5.914022e+01,5.919714e+01,5.933365e+01,5.979900e+01,5.986696e+01,5.993489e+01,6.012716e+01,6.064603e+01,6.069106e+01,6.124137e+01,6.124137e+01,6.138699e+01,6.184522e+01,6.180058e+01,6.221291e+01,6.227965e+01,6.240193e+01,6.303379e+01,6.310013e+01,6.329896e+01,6.347545e+01,6.347545e+01,6.392667e+01,6.389370e+01,6.434354e+01,6.485740e+01,6.492286e+01,6.484648e+01,6.533672e+01,6.538021e+01,6.581438e+01,6.622559e+01,6.614993e+01,6.663558e+01,6.670020e+01,6.676480e+01,6.719468e+01,6.711954e+01,6.704437e+01,6.756974e+01,6.763393e+01,6.751622e+01,6.787975e+01,6.781566e+01,6.790110e+01,6.840201e+01,6.828493e+01,6.822103e+01,6.830622e+01,6.881631e+01,6.872080e+01,6.862524e+01,6.896473e+01,6.904948e+01,6.913417e+01,6.904948e+01,6.896473e+01,6.931399e+01,6.923997e+01,6.931399e+01,6.931399e+01,6.912359e+01,6.898592e+01,6.923997e+01,6.919766e+01,6.928227e+01,6.907066e+01,6.891174e+01,6.882691e+01,6.875265e+01,6.857212e+01,6.848709e+01,6.875265e+01,6.867834e+01,6.848709e+01,6.824233e+01,6.821038e+01,6.809315e+01,6.802916e+01,6.795448e+01,6.779430e+01,6.762324e+01,6.783703e+01,6.768741e+01,6.762324e+01,6.733411e+01,6.718394e+01,6.711954e+01,6.697990e+01,6.697990e+01,6.708733e+01,6.694766e+01,6.644153e+01,6.666790e+01,6.616074e+01,6.640916e+01,6.624720e+01,6.610668e+01,6.606342e+01,6.580354e+01,6.559747e+01,6.552147e+01,6.544543e+01,6.565173e+01,6.545629e+01,6.536934e+01,6.532584e+01,6.523881e+01,6.495557e+01,6.481374e+01,6.506458e+01,6.495557e+01,6.496648e+01,6.496648e+01,6.444209e+01,6.444209e+01,6.459524e+01,6.471545e+01,6.426684e+01,6.417914e+01,6.406942e+01,6.440924e+01,6.431068e+01,6.376176e+01,6.375076e+01,6.417914e+01,6.387172e+01,6.419010e+01,6.411332e+01,6.361868e+01,6.391568e+01,6.384974e+01,6.381675e+01,6.378376e+01,6.368473e+01,6.359665e+01,6.349749e+01,6.335414e+01,6.332103e+01,6.333207e+01,6.333207e+01,6.324376e+01,6.358564e+01,6.348647e+01,6.345340e+01,6.342032e+01,6.321062e+01,6.312224e+01,6.303379e+01,6.339826e+01,6.332103e+01,6.329896e+01,6.322167e+01,6.319958e+01,6.312224e+01,6.321062e+01,6.329896e+01,6.323272e+01,6.316644e+01,6.310013e+01,6.348647e+01,6.347545e+01,6.346442e+01,6.330999e+01,6.326584e+01,6.332103e+01,6.340929e+01,6.338723e+01,6.335414e+01,6.330999e+01,6.327688e+01,6.323272e+01,6.360767e+01,6.359665e+01,6.358564e+01,6.365171e+01,6.373976e+01,6.372875e+01,6.368473e+01,6.367373e+01,6.366272e+01,6.410235e+01,6.409137e+01,6.405845e+01,6.414623e+01,6.423396e+01,6.412429e+01,6.411332e+01,6.410235e+01,6.447492e+01,6.446397e+01,6.445303e+01,6.444209e+01,6.443114e+01,6.486831e+01,6.483557e+01,6.477007e+01,6.477007e+01,6.477007e+01,6.467175e+01,6.467175e+01,6.501009e+01,6.502099e+01,6.503189e+01,6.504279e+01,6.505368e+01,6.506458e+01,6.495557e+01,6.496648e+01,6.495557e+01,6.483557e+01,6.484648e+01,6.485740e+01,6.480282e+01,6.481374e+01,6.489013e+01,6.489013e+01,6.468268e+01,6.445303e+01,6.454057e+01,6.447492e+01,6.460617e+01,6.445303e+01,6.444209e+01,6.432163e+01,6.433258e+01,6.424492e+01,6.419010e+01,6.412429e+01,6.364070e+01,6.388271e+01,6.344238e+01,6.367373e+01,6.353056e+01,6.333207e+01,6.307802e+01,6.307802e+01,6.307802e+01,6.287887e+01,6.304485e+01,6.274594e+01,6.262397e+01,6.247969e+01,6.231301e+01,6.173360e+01,6.172243e+01,6.156599e+01,6.124137e+01,6.097211e+01,6.114046e+01,6.045451e+01,6.025142e+01,6.027400e+01,6.007064e+01,5.985564e+01,5.923128e+01,5.937912e+01,5.921990e+01,5.901490e+01,5.859252e+01,5.831780e+01,5.801955e+01,5.774362e+01,5.762848e+01,5.724780e+01,5.695864e+01,5.654113e+01,5.633187e+01,5.606398e+01,5.595900e+01,5.554993e+01,5.496326e+01,5.475140e+01,5.381735e+01,5.394782e+01,5.382922e+01,5.295999e+01,5.303166e+01,5.231310e+01,5.187997e+01,5.151787e+01,5.108195e+01,5.111834e+01,5.070533e+01,4.998534e+01,5.011990e+01,4.980162e+01,4.903927e+01,4.876761e+01,4.838377e+01,4.837137e+01,4.802359e+01,4.777457e+01,4.719983e+01,4.683607e+01,4.637035e+01,4.592812e+01,4.592812e+01,4.524256e+01,4.501315e+01,4.480885e+01,4.457859e+01,4.423236e+01,4.383355e+01,4.351093e+01,4.339457e+01,4.268092e+01,4.266791e+01,4.234202e+01,4.183178e+01,4.183178e+01,4.133244e+01,4.088379e+01,4.088379e+01,4.038025e+01,4.014095e+01,3.988781e+01,3.988781e+01,3.954047e+01,3.931279e+01,3.886948e+01,3.868088e+01,3.857297e+01,3.835683e+01,3.814026e+01,3.751528e+01,3.752890e+01,3.752890e+01,3.696893e+01,3.685933e+01,3.673590e+01,3.673590e+01,3.673590e+01,3.673590e+01,3.673590e+01,3.673590e+01,3.658486e+01,3.606146e+01,3.628214e+01,3.628214e+01,3.628214e+01,3.628214e+01,3.628214e+01,3.628214e+01,3.579882e+01,3.579882e+01,3.579882e+01,3.579882e+01,3.579882e+01,3.579882e+01,3.579882e+01,3.579882e+01,3.579882e+01,3.579882e+01,3.579882e+01,3.548004e+01,3.548004e+01,3.548004e+01,3.548004e+01,3.548004e+01,3.548004e+01,3.548004e+01,3.548004e+01,3.548004e+01,3.548004e+01,3.502101e+01,3.502101e+01,3.502101e+01,3.502101e+01,3.502101e+01,3.502101e+01,3.502101e+01,3.502101e+01,3.502101e+01,3.502101e+01,3.502101e+01,3.559103e+01,3.559103e+01,3.536894e+01,3.536894e+01,3.536894e+01,3.536894e+01,3.584033e+01,3.584033e+01,3.584033e+01,3.584033e+01,3.584033e+01,3.584033e+01,3.584033e+01,3.584033e+01,3.632347e+01,3.632347e+01,3.632347e+01,3.632347e+01,3.632347e+01,3.632347e+01,3.632347e+01,3.632347e+01,3.632347e+01,3.688674e+01,3.630970e+01,3.630970e+01,3.630970e+01,3.687303e+01,3.684562e+01,3.681820e+01,3.622702e+01,3.679078e+01,3.618565e+01,3.624080e+01,3.624080e+01,3.624080e+01,3.624080e+01,3.624080e+01,3.624080e+01,3.624080e+01,3.624080e+01,3.624080e+01,3.624080e+01,3.624080e+01,3.624080e+01,3.624080e+01,3.624080e+01,3.624080e+01,3.624080e+01,3.624080e+01,3.624080e+01,3.624080e+01,3.624080e+01,3.624080e+01,3.624080e+01,3.624080e+01,3.624080e+01,3.624080e+01,3.624080e+01,3.567419e+01,3.572960e+01,3.578498e+01,3.584033e+01,3.584033e+01,3.584033e+01,3.584033e+01,3.584033e+01,3.584033e+01,3.584033e+01,3.584033e+01,3.584033e+01,3.584033e+01,3.584033e+01,3.584033e+01,3.584033e+01,3.584033e+01,3.584033e+01,3.584033e+01,3.584033e+01,3.584033e+01,3.584033e+01,3.584033e+01,3.584033e+01,3.584033e+01,3.584033e+01,3.584033e+01,3.584033e+01,3.584033e+01,3.584033e+01,3.584033e+01,3.584033e+01,3.584033e+01,3.584033e+01,3.584033e+01,3.584033e+01,3.584033e+01,3.584033e+01,3.584033e+01,3.584033e+01,3.584033e+01,3.584033e+01,3.584033e+01,3.584033e+01,3.584033e+01,3.584033e+01,3.584033e+01,3.584033e+01,3.584033e+01,3.584033e+01,3.584033e+01,3.584033e+01,3.584033e+01,3.584033e+01,3.584033e+01,3.584033e+01,3.584033e+01,3.584033e+01,3.584033e+01,3.584033e+01,3.584033e+01,3.584033e+01,3.584033e+01,3.584033e+01,3.584033e+01,3.584033e+01,3.584033e+01,3.584033e+01,3.584033e+01
3.419545e+01,3.419545e+01,3.419545e+01,3.419545e+01,3.419545e+01,3.419545e+01,3.419545e+01,3.419545e+01,3.419545e+01,3.419545e+01,3.419545e+01,3.419545e+01,3.476981e+01,3.483965e+01,3.447601e+01,3.509069e+01,3.509069e+01,3.509069e+01,3.509069e+01,3.509069e+01,3.509069e+01,3.509069e+01,3.539672e+01,3.539672e+01,3.539672e+01,3.596477e+01,3.596477e+01,3.596477e+01,3.596477e+01,3.596477e+01,3.596477e+01,3.596477e+01,3.652988e+01,3.659860e+01,3.619944e+01,3.625458e+01,3.643361e+01,3.648863e+01,3.705105e+01,3.711944e+01,3.721512e+01,3.716046e+01,3.756976e+01,3.776026e+01,3.800470e+01,3.815381e+01,3.839738e+01,3.842442e+01,3.889640e+01,3.932619e+01,3.937980e+01,3.954047e+01,3.979440e+01,4.003443e+01,4.084412e+01,4.084412e+01,4.084412e+01,4.114791e+01,4.114791e+01,4.168746e+01,4.168746e+01,4.222448e+01,4.217220e+01,4.217220e+01,4.245945e+01,4.269394e+01,4.273298e+01,4.320038e+01,4.320038e+01,4.373041e+01,4.382066e+01,4.382066e+01,4.382066e+01,4.382066e+01,4.434788e+01,4.429655e+01,4.452737e+01,4.462980e+01,4.485996e+01,4.496211e+01,4.496211e+01,4.548423e+01,4.491105e+01,4.557314e+01,4.553505e+01,4.553505e+01,4.553505e+01,4.570004e+01,4.623154e+01,4.637035e+01,4.637035e+01,4.637035e+01,4.637035e+01,4.688631e+01,4.694908e+01,4.709959e+01,4.681095e+01,4.708706e+01,4.707452e+01,4.733752e+01,4.774963e+01,4.774963e+01,4.825970e+01,4.843337e+01,4.884176e+01,4.906394e+01,4.932264e+01,4.953165e+01,4.994862e+01,5.026652e+01,5.047393e+01,5.082695e+01,5.100914e+01,5.120319e+01,5.171112e+01,5.234913e+01,5.242115e+01,5.301972e+01,5.346083e+01,5.366298e+01,5.410184e+01,5.445656e+01,5.468070e+01,5.508081e+01,5.557334e+01,5.618052e+01,5.623875e+01,5.685439e+01,5.697022e+01,5.717846e+01,5.774362e+01,5.784716e+01,5.836363e+01,5.851245e+01,5.851245e+01,5.898071e+01,5.908327e+01,5.954950e+01,5.960625e+01,5.974234e+01,5.974234e+01,6.020625e+01,6.072482e+01,6.080355e+01,6.100580e+01,6.118531e+01,6.164424e+01,6.173360e+01,6.178942e+01,6.199018e+01,6.245747e+01,6.285672e+01,6.294529e+01,6.311118e+01,6.356361e+01,6.351954e+01,6.397061e+01,6.405845e+01,6.458430e+01,6.463897e+01,6.468268e+01,6.480282e+01,6.524969e+01,6.568427e+01,6.577103e+01,6.630120e+01,6.634440e+01,6.643073e+01,6.699065e+01,6.707659e+01,6.703363e+01,6.710881e+01,6.758044e+01,6.790110e+01,6.792245e+01,6.800783e+01,6.797581e+01,6.837009e+01,6.845518e+01,6.835944e+01,6.845518e+01,6.897533e+01,6.882691e+01,6.916592e+01,6.926112e+01,6.934570e+01,6.922939e+01,6.919766e+01,6.963074e+01,6.960965e+01,6.958855e+01,6.991523e+01,6.992576e+01,7.000993e+01,6.992576e+01,6.991523e+01,6.990470e+01,6.970455e+01,6.963074e+01,6.964129e+01,7.002045e+01,7.000993e+01,6.935626e+01,6.958855e+01,6.949357e+01,6.940909e+01,6.921882e+01,6.919766e+01,6.920824e+01,6.912359e+01,6.926112e+01,6.908125e+01,6.903889e+01,6.891174e+01,6.883752e+01,6.875265e+01,6.858275e+01,6.840201e+01,6.839137e+01,6.823168e+01,6.807182e+01,6.784771e+01,6.768741e+01,6.761254e+01,6.746268e+01,6.745197e+01,6.744126e+01,6.753763e+01,6.720541e+01,6.716248e+01,6.682937e+01,6.684013e+01,6.666790e+01,6.651702e+01,6.637678e+01,6.629041e+01,6.651702e+01,6.644153e+01,6.636598e+01,6.636598e+01,6.617155e+01,6.608505e+01,6.604178e+01,6.585773e+01,6.564088e+01,6.556490e+01,6.557576e+01,6.546716e+01,6.546716e+01,6.527145e+01,6.505368e+01,6.505368e+01,6.505368e+01,6.485740e+01,6.505368e+01,6.496648e+01,6.492286e+01,6.493376e+01,6.463897e+01,6.484648e+01,6.480282e+01,6.479190e+01,6.456244e+01,6.457337e+01,6.429971e+01,6.447492e+01,6.448586e+01,6.442019e+01,6.438734e+01,6.435449e+01,6.425588e+01,6.416817e+01,6.406942e+01,6.392667e+01,6.389370e+01,6.389370e+01,6.389370e+01,6.387172e+01,6.388271e+01,6.419010e+01,6.415720e+01,6.367373e+01,6.388271e+01,6.378376e+01,6.379476e+01,6.388271e+01,6.379476e+01,6.376176e+01,6.367373e+01,6.409137e+01,6.356361e+01,6.355259e+01,6.398159e+01,6.390469e+01,6.382775e+01,6.386073e+01,6.394864e+01,6.392667e+01,6.390469e+01,6.373976e+01,6.413526e+01,6.413526e+01,6.413526e+01,6.411332e+01,6.408040e+01,6.403649e+01,6.400356e+01,6.405845e+01,6.414623e+01,6.413526e+01,6.412429e+01,6.412429e+01,6.412429e+01,6.456244e+01,6.451868e+01,6.450774e+01,6.459524e+01,6.468268e+01,6.467175e+01,6.463897e+01,6.463897e+01,6.463897e+01,6.497738e+01,6.497738e+01,6.506458e+01,6.515173e+01,6.515173e+01,6.515173e+01,6.515173e+01,6.523881e+01,6.532584e+01,6.530409e+01,6.524969e+01,6.526057e+01,6.527145e+01,6.563003e+01,6.569512e+01,6.561917e+01,6.564088e+01,6.566257e+01,6.568427e+01,6.570597e+01,6.572765e+01,6.564088e+01,6.566257e+01,6.567342e+01,6.557576e+01,6.559747e+01,6.561917e+01,6.558661e+01,6.560832e+01,6.563003e+01,6.565173e+01,6.534760e+01,6.518439e+01,6.520616e+01,6.516261e+01,6.518439e+01,6.505368e+01,6.506458e+01,6.496648e+01,6.498829e+01,6.492286e+01,6.489013e+01,6.462804e+01,6.432163e+01,6.427780e+01,6.446397e+01,6.393765e+01,6.378376e+01,6.400356e+01,6.381675e+01,6.383874e+01,6.340929e+01,6.365171e+01,6.310013e+01,6.285672e+01,6.285672e+01,6.285672e+01,6.285672e+01,6.264616e+01,6.219065e+01,6.192329e+01,6.210159e+01,6.190099e+01,6.170009e+01,6.121895e+01,6.101702e+01,6.101702e+01,6.081479e+01,6.039813e+01,5.998016e+01,5.951545e+01,5.951545e+01,5.901490e+01,5.867253e+01,5.843234e+01,5.863824e+01,5.843234e+01,5.811139e+01,5.774362e+01,5.744405e+01,5.723624e+01,5.691232e+01,5.623875e+01,5.591232e+01,5.557334e+01,5.520999e+01,5.532732e+01,5.460996e+01,5.411368e+01,5.376987e+01,5.367486e+01,5.297194e+01,5.282849e+01,5.240915e+01,5.203656e+01,5.181969e+01,5.159038e+01,5.066883e+01,5.072967e+01,5.010767e+01,4.978936e+01,4.962989e+01,4.880469e+01,4.898993e+01,4.833416e+01,4.809820e+01,4.761242e+01,4.729998e+01,4.692398e+01,4.649640e+01,4.630728e+01,4.563661e+01,4.581414e+01,4.556044e+01,4.480885e+01,4.446329e+01,4.428371e+01,4.393660e+01,4.369171e+01,4.332988e+01,4.294094e+01,4.281101e+01,4.247248e+01,4.168746e+01,4.143774e+01,4.133244e+01,4.114791e+01,4.089701e+01,4.065880e+01,4.040681e+01,3.988781e+01,3.976770e+01,3.962072e+01,3.913836e+01,3.913836e+01,3.868088e+01,3.868088e+01,3.835683e+01,3.788254e+01,3.778744e+01,3.778744e+01,3.722878e+01,3.703736e+01,3.703736e+01,3.703736e+01,3.703736e+01,3.673590e+01,3.673590e+01,3.673590e+01,3.673590e+01,3.617186e+01,3.669473e+01,3.665354e+01,3.607527e+01,3.607527e+01,3.607527e+01,3.607527e+01,3.607527e+01,3.607527e+01,3.607527e+01,3.607527e+01,3.607527e+01,3.607527e+01,3.550779e+01,3.552167e+01,3.552167e+01,3.552167e+01,3.552167e+01,3.552167e+01,3.552167e+01,3.552167e+01,3.552167e+01,3.552167e+01,3.552167e+01,3.552167e+01,3.552167e+01,3.552167e+01,3.552167e+01,3.552167e+01,3.502101e+01,3.502101e+01,3.502101e+01,3.502101e+01,3.502101e+01,3.502101e+01,3.502101e+01,3.502101e+01,3.502101e+01,3.502101e+01,3.502101e+01,3.559103e+01,3.559103e+01,3.559103e+01,3.559103e+01,3.559103e+01,3.559103e+01,3.559103e+01,3.559103e+01,3.615807e+01,3.614427e+01,3.613047e+01,3.611667e+01,3.611667e+01,3.611667e+01,3.611667e+01,3.611667e+01,3.611667e+01,3.668100e+01,3.666727e+01,3.665354e+01,3.663980e+01,3.662607e+01,3.673590e+01,3.673590e+01,3.658486e+01,3.658486e+01,3.658486e+01,3.658486e+01,3.658486e+01,3.658486e+01,3.658486e+01,3.658486e+01,3.658486e+01,3.658486e+01,3.658486e+01,3.658486e+01,3.658486e+01,3.658486e+01,3.658486e+01,3.658486e+01,3.624080e+01,3.624080e+01,3.624080e+01,3.624080e+01,3.624080e+01,3.624080e+01,3.624080e+01,3.624080e+01,3.624080e+01,3.624080e+01,3.624080e+01,3.624080e+01,3.624080e+01,3.624080e+01,3.624080e+01,3.624080e+01,3.624080e+01,3.567419e+01,3.611667e+01,3.595095e+01,3.595095e+01,3.595095e+01,3.595095e+01,3.595095e+01,3.595095e+01,3.595095e+01,3.595095e+01,3.595095e+01,3.595095e+01,3.595095e+01,3.595095e+01,3.595095e+01,3.595095e+01,3.595095e+01,3.595095e+01,3.595095e+01,3.595095e+01,3.595095e+01,3.595095e+01,3.595095e+01,3.595095e+01,3.595095e+01,3.595095e+01,3.595095e+01,3.595095e+01,3.595095e+01,3.595095e+01,3.595095e+01,3.595095e+01,3.595095e+01,3.595095e+01,3.595095e+01,3.595095e+01,3.595095e+01,3.595095e+01,3.595095e+01,3.595095e+01,3.595095e+01,3.595095e+01,3.595095e+01,3.595095e+01,3.595095e+01,3.595095e+01,3.595095e+01,3.595095e+01,3.595095e+01,3.595095e+01,3.595095e+01,3.595095e+01,3.595095e+01,3.595095e+01,3.595095e+01,3.595095e+01,3.595095e+01,3.595095e+01,3.595095e+01,3.595095e+01,3.595095e+01,3.595095e+01,3.595095e+01,3.595095e+01,3.595095e+01,3.595095e+01,3.595095e+01,3.595095e+01,3.595095e+01,3.595095e+01,3.595095e+01
3.419545e+01,3.419545e+01,3.419545e+01,3.419545e+01,3.419545e+01,3.419545e+01,3.419545e+01,3.419545e+01,3.419545e+01,3.476981e+01,3.472789e+01,3.427969e+01,3.449002e+01,3.443397e+01,3.500707e+01,3.463000e+01,3.467197e+01,3.525772e+01,3.525772e+01,3.525772e+01,3.525772e+01,3.525772e+01,3.525772e+01,3.582650e+01,3.593713e+01,3.606146e+01,3.606146e+01,3.606146e+01,3.606146e+01,3.606146e+01,3.606146e+01,3.606146e+01,3.652988e+01,3.647488e+01,3.628214e+01,3.628214e+01,3.684562e+01,3.639232e+01,3.668100e+01,3.677706e+01,3.690044e+01,3.692784e+01,3.725610e+01,3.747440e+01,3.774666e+01,3.815381e+01,3.870784e+01,3.880216e+01,3.886948e+01,3.921890e+01,3.976770e+01,3.974099e+01,4.028725e+01,4.039353e+01,4.077797e+01,4.077797e+01,4.077797e+01,4.114791e+01,4.139826e+01,4.142458e+01,4.167433e+01,4.194973e+01,4.197593e+01,4.262885e+01,4.264187e+01,4.264187e+01,4.317446e+01,4.329104e+01,4.300586e+01,4.327810e+01,4.340751e+01,4.343337e+01,4.398809e+01,4.421951e+01,4.428371e+01,4.428371e+01,4.428371e+01,4.428371e+01,4.485996e+01,4.485996e+01,4.538253e+01,4.493658e+01,4.494934e+01,4.531893e+01,4.531893e+01,4.531893e+01,4.583948e+01,4.540797e+01,4.610521e+01,4.610521e+01,4.610521e+01,4.610521e+01,4.637035e+01,4.663491e+01,4.663491e+01,4.663491e+01,4.714972e+01,4.714972e+01,4.726244e+01,4.735003e+01,4.750004e+01,4.823487e+01,4.834657e+01,4.866867e+01,4.859442e+01,4.894056e+01,4.912558e+01,4.956850e+01,4.985064e+01,5.009545e+01,5.042516e+01,5.070533e+01,5.100914e+01,5.143323e+01,5.167491e+01,5.207266e+01,5.230109e+01,5.286437e+01,5.355600e+01,5.388853e+01,5.400708e+01,5.429115e+01,5.522173e+01,5.526867e+01,5.601733e+01,5.626204e+01,5.649466e+01,5.679644e+01,5.727090e+01,5.781266e+01,5.789315e+01,5.812287e+01,5.830635e+01,5.877534e+01,5.885524e+01,5.892369e+01,5.925404e+01,5.979900e+01,5.976500e+01,6.022884e+01,6.031915e+01,6.036429e+01,6.098334e+01,6.094965e+01,6.140937e+01,6.149889e+01,6.158835e+01,6.204590e+01,6.246858e+01,6.255740e+01,6.260178e+01,6.312224e+01,6.354157e+01,6.362969e+01,6.370675e+01,6.388271e+01,6.449680e+01,6.458430e+01,6.511905e+01,6.508637e+01,6.549974e+01,6.558661e+01,6.563003e+01,6.622559e+01,6.631200e+01,6.641994e+01,6.686164e+01,6.694766e+01,6.753763e+01,6.750552e+01,6.743055e+01,6.795448e+01,6.797581e+01,6.842328e+01,6.839137e+01,6.835944e+01,6.885873e+01,6.897533e+01,6.894353e+01,6.925055e+01,6.935626e+01,6.947245e+01,6.938796e+01,6.940909e+01,6.982047e+01,6.979940e+01,7.009406e+01,7.016763e+01,7.010457e+01,7.050347e+01,7.011508e+01,7.056635e+01,7.055588e+01,7.054539e+01,7.045105e+01,7.043008e+01,7.040910e+01,7.019915e+01,7.054539e+01,7.022015e+01,7.033565e+01,7.018864e+01,7.018864e+01,7.022015e+01,7.012560e+01,7.004148e+01,7.028316e+01,6.971510e+01,6.972564e+01,6.965184e+01,6.966238e+01,6.992576e+01,6.947245e+01,6.935626e+01,6.929284e+01,6.921882e+01,6.906007e+01,6.889054e+01,6.889054e+01,6.874203e+01,6.889054e+01,6.829558e+01,6.858275e+01,6.852961e+01,6.840201e+01,6.797581e+01,6.797581e+01,6.785839e+01,6.769810e+01,6.753763e+01,6.769810e+01,6.726977e+01,6.753763e+01,6.739841e+01,6.726977e+01,6.723759e+01,6.682937e+01,6.674327e+01,6.665713e+01,6.664635e+01,6.644153e+01,6.634440e+01,6.629041e+01,6.609586e+01,6.631200e+01,6.624720e+01,6.625800e+01,6.616074e+01,6.617155e+01,6.598767e+01,6.578187e+01,6.534760e+01,6.579271e+01,6.559747e+01,6.559747e+01,6.551060e+01,6.546716e+01,6.534760e+01,6.511905e+01,6.511905e+01,6.507548e+01,6.504279e+01,6.498829e+01,6.486831e+01,6.477007e+01,6.477007e+01,6.477007e+01,6.470453e+01,6.467175e+01,6.463897e+01,6.498829e+01,6.490104e+01,6.480282e+01,6.466083e+01,6.462804e+01,6.462804e+01,6.462804e+01,6.460617e+01,6.466083e+01,6.468268e+01,6.444209e+01,6.426684e+01,6.426684e+01,6.461710e+01,6.462804e+01,6.463897e+01,6.456244e+01,6.454057e+01,6.455150e+01,6.451868e+01,6.463897e+01,6.414623e+01,6.426684e+01,6.420107e+01,6.458430e+01,6.459524e+01,6.460617e+01,6.459524e+01,6.458430e+01,6.451868e+01,6.463897e+01,6.464989e+01,6.466083e+01,6.464989e+01,6.507548e+01,6.459524e+01,6.457337e+01,6.458430e+01,6.459524e+01,6.504279e+01,6.459524e+01,6.505368e+01,6.515173e+01,6.508637e+01,6.506458e+01,6.507548e+01,6.509727e+01,6.511905e+01,6.512994e+01,6.556490e+01,6.515173e+01,6.520616e+01,6.567342e+01,6.569512e+01,6.571681e+01,6.573850e+01,6.576019e+01,6.578187e+01,6.580354e+01,6.582522e+01,6.584689e+01,6.584689e+01,6.625800e+01,6.612831e+01,6.622559e+01,6.634440e+01,6.593354e+01,6.632280e+01,6.634440e+01,6.636598e+01,6.638757e+01,6.640916e+01,6.643073e+01,6.636598e+01,6.638757e+01,6.640916e+01,6.633360e+01,6.635519e+01,6.637678e+01,6.636598e+01,6.638757e+01,6.596602e+01,6.594437e+01,6.625800e+01,6.610668e+01,6.611749e+01,6.608505e+01,6.609586e+01,6.597684e+01,6.554318e+01,6.544543e+01,6.544543e+01,6.538021e+01,6.567342e+01,6.491195e+01,6.523881e+01,6.519527e+01,6.498829e+01,6.511905e+01,6.483557e+01,6.470453e+01,6.451868e+01,6.431068e+01,6.406942e+01,6.402551e+01,6.393765e+01,6.376176e+01,6.376176e+01,6.330999e+01,6.329896e+01,6.333207e+01,6.290101e+01,6.270160e+01,6.269051e+01,6.247969e+01,6.207932e+01,6.182290e+01,6.161071e+01,6.114046e+01,6.117410e+01,6.074731e+01,6.031915e+01,6.017236e+01,5.996884e+01,5.949274e+01,5.954950e+01,5.891229e+01,5.888947e+01,5.866111e+01,5.838654e+01,5.807696e+01,5.798509e+01,5.719001e+01,5.737481e+01,5.672686e+01,5.634350e+01,5.594733e+01,5.579553e+01,5.510431e+01,5.511606e+01,5.464534e+01,5.436206e+01,5.404263e+01,5.367486e+01,5.330602e+01,5.291219e+01,5.260102e+01,5.186792e+01,5.190408e+01,5.132432e+01,5.109408e+01,5.048612e+01,5.038857e+01,4.999758e+01,4.951937e+01,4.928571e+01,4.897758e+01,4.850772e+01,4.804847e+01,4.767481e+01,4.731250e+01,4.672296e+01,4.630728e+01,4.635774e+01,4.580146e+01,4.585214e+01,4.511517e+01,4.500039e+01,4.415527e+01,4.401382e+01,4.416813e+01,4.374331e+01,4.305776e+01,4.281101e+01,4.247248e+01,4.189733e+01,4.189733e+01,4.133244e+01,4.133244e+01,4.089701e+01,4.035369e+01,4.026067e+01,4.010102e+01,3.976770e+01,3.939320e+01,3.935300e+01,3.912493e+01,3.889640e+01,3.877522e+01,3.845144e+01,3.819444e+01,3.814026e+01,3.796399e+01,3.762422e+01,3.747440e+01,3.695523e+01,3.695523e+01,3.695523e+01,3.695523e+01,3.639232e+01,3.636478e+01,3.626836e+01,3.621323e+01,3.647488e+01,3.624080e+01,3.614427e+01,3.614427e+01,3.614427e+01,3.614427e+01,3.614427e+01,3.614427e+01,3.614427e+01,3.614427e+01,3.614427e+01,3.614427e+01,3.614427e+01,3.608907e+01,3.546616e+01,3.546616e+01,3.546616e+01,3.546616e+01,3.546616e+01,3.546616e+01,3.546616e+01,3.546616e+01,3.546616e+01,3.546616e+01,3.546616e+01,3.546616e+01,3.546616e+01,3.546616e+01,3.546616e+01,3.546616e+01,3.546616e+01,3.502101e+01,3.502101e+01,3.502101e+01,3.502101e+01,3.502101e+01,3.502101e+01,3.502101e+01,3.502101e+01,3.559103e+01,3.559103e+01,3.559103e+01,3.559103e+01,3.559103e+01,3.559103e+01,3.559103e+01,3.559103e+01,3.559103e+01,3.614427e+01,3.614427e+01,3.614427e+01,3.614427e+01,3.614427e+01,3.614427e+01,3.614427e+01,3.614427e+01,3.614427e+01,3.666727e+01,3.666727e+01,3.666727e+01,3.666727e+01,3.666727e+01,3.666727e+01,3.666727e+01,3.666727e+01,3.666727e+01,3.666727e+01,3.666727e+01,3.666727e+01,3.666727e+01,3.666727e+01,3.666727e+01,3.666727e+01,3.666727e+01,3.666727e+01,3.666727e+01,3.666727e+01,3.666727e+01,3.666727e+01,3.624080e+01,3.624080e+01,3.624080e+01,3.624080e+01,3.624080e+01,3.624080e+01,3.624080e+01,3.624080e+01,3.624080e+01,3.624080e+01,3.624080e+01,3.624080e+01,3.624080e+01,3.624080e+01,3.624080e+01,3.624080e+01,3.624080e+01,3.624080e+01,3.624080e+01,3.624080e+01,3.624080e+01,3.624080e+01,3.624080e+01,3.624080e+01,3.624080e+01,3.595095e+01,3.595095e+01,3.595095e+01,3.595095e+01,3.595095e+01,3.595095e+01,3.595095e+01,3.595095e+01,3.595095e+01,3.595095e+01,3.595095e+01,3.595095e+01,3.595095e+01,3.595095e+01,3.595095e+01,3.595095e+01,3.595095e+01,3.595095e+01,3.595095e+01,3.595095e+01,3.595095e+01,3.595095e+01,3.595095e+01,3.595095e+01,3.595095e+01,3.595095e+01,3.595095e+01,3.595095e+01,3.595095e+01,3.595095e+01,3.595095e+01,3.595095e+01,3.595095e+01,3.595095e+01,3.595095e+01,3.595095e+01,3.595095e+01,3.595095e+01,3.595095e+01,3.595095e+01,3.595095e+01,3.595095e+01,3.595095e+01,3.595095e+01,3.595095e+01,3.595095e+01,3.595095e+01,3.595095e+01,3.595095e+01,3.595095e+01,3.595095e+01,3.595095e+01,3.595095e+01,3.595095e+01,3.595095e+01,3.595095e+01,3.595095e+01,3.595095e+01,3.595095e+01,3.595095e+01,3.595095e+01,3.595095e+01,3.595095e+01
3.419545e+01,3.419545e+01,3.419545e+01,3.419545e+01,3.419545e+01,3.419545e+01,3.419545e+01,3.419545e+01,3.419545e+01,3.476981e+01,3.460202e+01,3.436387e+01,3.436387e+01,3.436387e+01,3.443397e+01,3.496524e+01,3.506282e+01,3.518816e+01,3.518816e+01,3.518816e+01,3.518816e+01,3.518816e+01,3.518816e+01,3.582650e+01,3.582650e+01,3.582650e+01,3.582650e+01,3.582650e+01,3.582650e+01,3.582650e+01,3.639232e+01,3.648863e+01,3.646112e+01,3.646112e+01,3.646112e+01,3.646112e+01,3.646112e+01,3.646112e+01,3.702368e+01,3.705105e+01,3.705105e+01,3.705105e+01,3.761061e+01,3.763783e+01,3.786896e+01,3.815381e+01,3.849196e+01,3.849196e+01,3.886948e+01,3.921890e+01,3.955385e+01,3.978105e+01,4.007439e+01,4.030054e+01,4.060579e+01,4.060579e+01,4.114791e+01,4.114791e+01,4.114791e+01,4.142458e+01,4.179244e+01,4.187111e+01,4.211989e+01,4.242032e+01,4.242032e+01,4.295393e+01,4.310964e+01,4.310964e+01,4.356261e+01,4.358844e+01,4.361427e+01,4.383355e+01,4.392372e+01,4.392372e+01,4.428371e+01,4.428371e+01,4.428371e+01,4.428371e+01,4.485996e+01,4.507692e+01,4.501315e+01,4.500039e+01,4.511517e+01,4.524256e+01,4.524256e+01,4.576344e+01,4.580146e+01,4.577612e+01,4.604200e+01,4.604200e+01,4.604200e+01,4.604200e+01,4.637035e+01,4.655938e+01,4.655938e+01,4.655938e+01,4.714972e+01,4.714972e+01,4.714972e+01,4.766233e+01,4.774963e+01,4.803603e+01,4.825970e+01,4.850772e+01,4.861917e+01,4.886647e+01,4.926109e+01,4.947022e+01,4.967898e+01,5.003429e+01,5.081479e+01,5.081479e+01,5.100914e+01,5.173526e+01,5.181969e+01,5.237314e+01,5.245715e+01,5.282849e+01,5.342512e+01,5.368674e+01,5.439751e+01,5.490445e+01,5.535077e+01,5.554993e+01,5.599400e+01,5.616887e+01,5.651790e+01,5.679644e+01,5.723624e+01,5.760544e+01,5.789315e+01,5.836363e+01,5.844379e+01,5.907188e+01,5.909467e+01,5.919714e+01,5.931091e+01,5.964029e+01,5.983298e+01,6.007064e+01,6.031915e+01,6.055594e+01,6.082603e+01,6.147652e+01,6.159953e+01,6.205704e+01,6.215726e+01,6.220178e+01,6.276810e+01,6.324376e+01,6.334310e+01,6.338723e+01,6.348647e+01,6.393765e+01,6.442019e+01,6.451868e+01,6.463897e+01,6.528233e+01,6.540195e+01,6.544543e+01,6.561917e+01,6.606342e+01,6.616074e+01,6.634440e+01,6.678633e+01,6.688315e+01,6.700140e+01,6.720541e+01,6.748410e+01,6.792245e+01,6.794380e+01,6.850835e+01,6.860400e+01,6.873141e+01,6.917651e+01,6.880569e+01,6.898592e+01,6.941965e+01,6.944077e+01,6.946189e+01,6.989417e+01,6.985206e+01,7.015712e+01,7.024117e+01,7.036713e+01,7.039861e+01,7.041959e+01,7.089082e+01,7.091172e+01,7.088036e+01,7.111019e+01,7.104755e+01,7.099532e+01,7.094308e+01,7.123540e+01,7.118324e+01,7.113107e+01,7.100577e+01,7.100577e+01,7.116238e+01,7.113107e+01,7.095353e+01,7.092217e+01,7.089082e+01,7.076530e+01,7.073391e+01,7.069204e+01,7.076530e+01,7.063969e+01,7.010457e+01,7.015712e+01,7.054539e+01,6.987312e+01,6.971510e+01,6.960965e+01,7.002045e+01,6.982047e+01,6.960965e+01,6.956745e+01,6.937740e+01,6.917651e+01,6.922939e+01,6.881631e+01,6.882691e+01,6.856149e+01,6.871019e+01,6.866772e+01,6.850835e+01,6.830622e+01,6.854024e+01,6.810381e+01,6.785839e+01,6.787975e+01,6.780498e+01,6.764463e+01,6.740912e+01,6.759114e+01,6.747339e+01,6.735554e+01,6.731266e+01,6.707659e+01,6.694766e+01,6.686164e+01,6.707659e+01,6.660326e+01,6.660326e+01,6.657092e+01,6.653859e+01,6.650624e+01,6.638757e+01,6.641994e+01,6.619317e+01,6.632280e+01,6.609586e+01,6.606342e+01,6.594437e+01,6.586856e+01,6.606342e+01,6.590105e+01,6.586856e+01,6.579271e+01,6.572765e+01,6.564088e+01,6.548888e+01,6.535847e+01,6.532584e+01,6.529321e+01,6.519527e+01,6.557576e+01,6.515173e+01,6.517350e+01,6.517350e+01,6.517350e+01,6.517350e+01,6.517350e+01,6.517350e+01,6.517350e+01,6.517350e+01,6.517350e+01,6.517350e+01,6.517350e+01,6.517350e+01,6.471545e+01,6.473730e+01,6.518439e+01,6.516261e+01,6.506458e+01,6.502099e+01,6.499918e+01,6.494467e+01,6.518439e+01,6.491195e+01,6.489013e+01,6.491195e+01,6.504279e+01,6.502099e+01,6.499918e+01,6.496648e+01,6.493376e+01,6.493376e+01,6.491195e+01,6.497738e+01,6.504279e+01,6.511905e+01,6.508637e+01,6.521704e+01,6.517350e+01,6.515173e+01,6.523881e+01,6.520616e+01,6.552147e+01,6.565173e+01,6.563003e+01,6.554318e+01,6.549974e+01,6.592271e+01,6.545629e+01,6.587939e+01,6.596602e+01,6.593354e+01,6.618236e+01,6.613912e+01,6.626880e+01,6.624720e+01,6.622559e+01,6.620398e+01,6.618236e+01,6.660326e+01,6.659248e+01,6.658170e+01,6.657092e+01,6.665713e+01,6.678633e+01,6.664635e+01,6.663558e+01,6.688315e+01,6.667867e+01,6.680785e+01,6.679709e+01,6.678633e+01,6.677557e+01,6.676480e+01,6.675404e+01,6.675404e+01,6.674327e+01,6.673251e+01,6.672174e+01,6.671098e+01,6.670020e+01,6.675404e+01,6.701214e+01,6.680785e+01,6.684013e+01,6.641994e+01,6.641994e+01,6.641994e+01,6.641994e+01,6.641994e+01,6.641994e+01,6.641994e+01,6.641994e+01,6.633360e+01,6.587939e+01,6.629041e+01,6.571681e+01,6.572765e+01,6.567342e+01,6.545629e+01,6.533672e+01,6.511905e+01,6.505368e+01,6.538021e+01,6.505368e+01,6.487922e+01,6.482465e+01,6.472638e+01,6.409137e+01,6.439829e+01,6.416817e+01,6.368473e+01,6.395962e+01,6.375076e+01,6.351954e+01,6.347545e+01,6.310013e+01,6.272377e+01,6.253520e+01,6.215726e+01,6.191214e+01,6.174476e+01,6.129739e+01,6.109558e+01,6.091595e+01,6.054467e+01,6.029658e+01,6.012716e+01,5.971967e+01,5.919714e+01,5.941322e+01,5.908327e+01,5.837508e+01,5.814582e+01,5.799657e+01,5.735173e+01,5.723624e+01,5.683121e+01,5.666885e+01,5.633187e+01,5.587729e+01,5.520999e+01,5.483384e+01,5.458637e+01,5.430297e+01,5.399523e+01,5.363921e+01,5.325835e+01,5.295999e+01,5.255308e+01,5.185587e+01,5.151787e+01,5.105769e+01,5.068100e+01,5.046174e+01,5.007099e+01,5.029094e+01,4.942104e+01,4.911326e+01,4.869342e+01,4.833416e+01,4.802359e+01,4.767481e+01,4.707452e+01,4.648381e+01,4.676068e+01,4.601670e+01,4.578879e+01,4.533165e+01,4.498763e+01,4.437354e+01,4.437354e+01,4.384644e+01,4.374331e+01,4.327810e+01,4.290198e+01,4.256372e+01,4.221141e+01,4.205447e+01,4.171371e+01,4.101593e+01,4.089701e+01,4.057928e+01,4.057928e+01,4.010102e+01,3.980775e+01,3.951371e+01,3.951371e+01,3.912493e+01,3.857297e+01,3.845144e+01,3.845144e+01,3.789612e+01,3.780103e+01,3.767866e+01,3.762422e+01,3.722878e+01,3.718779e+01,3.718779e+01,3.718779e+01,3.662607e+01,3.646112e+01,3.646112e+01,3.646112e+01,3.646112e+01,3.646112e+01,3.646112e+01,3.646112e+01,3.646112e+01,3.646112e+01,3.646112e+01,3.614427e+01,3.614427e+01,3.614427e+01,3.614427e+01,3.614427e+01,3.614427e+01,3.614427e+01,3.557716e+01,3.586800e+01,3.596477e+01,3.590948e+01,3.543839e+01,3.543839e+01,3.543839e+01,3.543839e+01,3.543839e+01,3.543839e+01,3.543839e+01,3.543839e+01,3.543839e+01,3.543839e+01,3.543839e+01,3.543839e+01,3.543839e+01,3.543839e+01,3.543839e+01,3.543839e+01,3.502101e+01,3.502101e+01,3.502101e+01,3.502101e+01,3.502101e+01,3.502101e+01,3.502101e+01,3.559103e+01,3.559103e+01,3.559103e+01,3.559103e+01,3.559103e+01,3.559103e+01,3.615807e+01,3.570190e+01,3.590948e+01,3.590948e+01,3.590948e+01,3.647488e+01,3.655737e+01,3.607527e+01,3.663980e+01,3.658486e+01,3.668100e+01,3.626836e+01,3.676334e+01,3.676334e+01,3.676334e+01,3.676334e+01,3.676334e+01,3.676334e+01,3.676334e+01,3.676334e+01,3.676334e+01,3.676334e+01,3.676334e+01,3.676334e+01,3.676334e+01,3.676334e+01,3.676334e+01,3.676334e+01,3.676334e+01,3.676334e+01,3.676334e+01,3.619944e+01,3.614427e+01,3.613047e+01,3.613047e+01,3.613047e+01,3.613047e+01,3.613047e+01,3.613047e+01,3.613047e+01,3.613047e+01,3.613047e+01,3.613047e+01,3.613047e+01,3.613047e+01,3.613047e+01,3.613047e+01,3.613047e+01,3.613047e+01,3.613047e+01,3.613047e+01,3.613047e+01,3.613047e+01,3.613047e+01,3.613047e+01,3.613047e+01,3.613047e+01,3.613047e+01,3.613047e+01,3.613047e+01,3.613047e+01,3.613047e+01,3.613047e+01,3.613047e+01,3.613047e+01,3.613047e+01,3.613047e+01,3.613047e+01,3.613047e+01,3.613047e+01,3.613047e+01,3.613047e+01,3.613047e+01,3.613047e+01,3.613047e+01,3.613047e+01,3.613047e+01,3.613047e+01,3.613047e+01,3.613047e+01,3.613047e+01,3.613047e+01,3.613047e+01,3.613047e+01,3.613047e+01,3.613047e+01,3.613047e+01,3.613047e+01,3.613047e+01,3.613047e+01,3.613047e+01,3.556329e+01,3.607527e+01,3.607527e+01,3.607527e+01,3.607527e+01,3.607527e+01,3.607527e+01,3.607527e+01,3.607527e+01,3.607527e+01,3.607527e+01,3.607527e+01,3.607527e+01,3.607527e+01,3.607527e+01,3.607527e+01,3.607527e+01,3.607527e+01,3.607527e+01,3.607527e+01,3.607527e+01,3.607527e+01,3.607527e+01,3.607527e+01,3.607527e+01,3.607527e+01,3.607527e+01,3.607527e+01,3.607527e+01,3.607527e+01
3.419545e+01,3.419545e+01,3.419545e+01,3.419545e+01,3.419545e+01,3.419545e+01,3.419545e+01,3.419545e+01,3.419545e+01,3.476981e+01,3.476981e+01,3.476981e+01,3.476981e+01,3.476981e+01,3.476981e+01,3.476981e+01,3.476981e+01,3.518816e+01,3.518816e+01,3.518816e+01,3.518816e+01,3.518816e+01,3.575729e+01,3.539672e+01,3.592331e+01,3.592331e+01,3.592331e+01,3.592331e+01,3.592331e+01,3.592331e+01,3.592331e+01,3.648863e+01,3.648863e+01,3.648863e+01,3.648863e+01,3.648863e+01,3.648863e+01,3.648863e+01,3.702368e+01,3.702368e+01,3.702368e+01,3.702368e+01,3.761061e+01,3.761061e+01,3.816735e+01,3.816735e+01,3.841090e+01,3.854597e+01,3.882909e+01,3.913836e+01,3.939320e+01,3.975434e+01,3.996781e+01,4.032712e+01,4.052624e+01,4.076473e+01,4.092345e+01,4.092345e+01,4.146405e+01,4.146405e+01,4.171371e+01,4.225061e+01,4.183178e+01,4.244640e+01,4.268092e+01,4.273298e+01,4.273298e+01,4.310964e+01,4.334282e+01,4.334282e+01,4.334282e+01,4.383355e+01,4.383355e+01,4.383355e+01,4.428371e+01,4.428371e+01,4.428371e+01,4.480885e+01,4.497487e+01,4.497487e+01,4.497487e+01,4.497487e+01,4.497487e+01,4.497487e+01,4.524256e+01,4.554774e+01,4.554774e+01,4.554774e+01,4.604200e+01,4.604200e+01,4.604200e+01,4.604200e+01,4.637035e+01,4.637035e+01,4.688631e+01,4.697418e+01,4.674810e+01,4.723740e+01,4.746255e+01,4.759994e+01,4.781195e+01,4.796139e+01,4.796139e+01,4.850772e+01,4.850772e+01,4.886647e+01,4.918720e+01,4.947022e+01,4.980162e+01,5.003429e+01,5.060796e+01,5.110621e+01,5.119107e+01,5.152996e+01,5.183175e+01,5.216889e+01,5.286437e+01,5.290023e+01,5.332985e+01,5.407816e+01,5.444475e+01,5.485738e+01,5.510431e+01,5.545625e+01,5.618052e+01,5.630860e+01,5.695864e+01,5.699338e+01,5.761696e+01,5.761696e+01,5.790465e+01,5.864968e+01,5.872966e+01,5.901490e+01,5.901490e+01,5.948138e+01,5.957220e+01,6.010455e+01,6.014976e+01,6.061226e+01,6.061226e+01,6.108437e+01,6.111802e+01,6.187868e+01,6.196789e+01,6.214613e+01,6.214613e+01,6.260178e+01,6.281242e+01,6.306696e+01,6.334310e+01,6.379476e+01,6.388271e+01,6.443114e+01,6.451868e+01,6.496648e+01,6.549974e+01,6.558661e+01,6.559747e+01,6.604178e+01,6.613912e+01,6.622559e+01,6.666790e+01,6.676480e+01,6.731266e+01,6.726977e+01,6.766602e+01,6.770879e+01,6.817841e+01,6.827428e+01,6.837009e+01,6.903889e+01,6.900711e+01,6.910242e+01,6.957800e+01,6.941965e+01,6.994680e+01,7.005200e+01,7.002045e+01,7.012560e+01,7.066063e+01,7.066063e+01,7.067110e+01,7.063969e+01,7.060826e+01,7.104755e+01,7.115194e+01,7.126669e+01,7.123540e+01,7.128754e+01,7.172477e+01,7.163119e+01,7.154796e+01,7.153754e+01,7.155836e+01,7.152714e+01,7.144385e+01,7.176634e+01,7.173516e+01,7.170398e+01,7.164159e+01,7.143343e+01,7.137093e+01,7.130840e+01,7.115194e+01,7.108932e+01,7.101621e+01,7.104755e+01,7.121455e+01,7.089082e+01,7.099532e+01,7.097443e+01,7.051395e+01,7.032516e+01,7.032516e+01,7.044056e+01,7.020966e+01,7.039861e+01,6.990470e+01,6.974671e+01,6.994680e+01,6.975726e+01,6.955690e+01,6.943021e+01,6.921882e+01,6.919766e+01,6.913417e+01,6.895413e+01,6.879509e+01,6.877386e+01,6.878448e+01,6.859337e+01,6.857212e+01,6.847646e+01,6.818907e+01,6.800783e+01,6.798649e+01,6.784771e+01,6.770879e+01,6.753763e+01,6.791177e+01,6.776224e+01,6.765533e+01,6.746268e+01,6.720541e+01,6.718394e+01,6.713028e+01,6.707659e+01,6.702289e+01,6.688315e+01,6.675404e+01,6.671098e+01,6.702289e+01,6.640916e+01,6.640916e+01,6.676480e+01,6.666790e+01,6.620398e+01,6.634440e+01,6.627960e+01,6.617155e+01,6.607423e+01,6.603096e+01,6.629041e+01,6.613912e+01,6.608505e+01,6.603096e+01,6.604178e+01,6.602014e+01,6.581438e+01,6.579271e+01,6.577103e+01,6.574934e+01,6.572765e+01,6.570597e+01,6.568427e+01,6.566257e+01,6.564088e+01,6.561917e+01,6.559747e+01,6.557576e+01,6.538021e+01,6.554318e+01,6.565173e+01,6.532584e+01,6.532584e+01,6.532584e+01,6.532584e+01,6.532584e+01,6.532584e+01,6.532584e+01,6.532584e+01,6.532584e+01,6.532584e+01,6.548888e+01,6.544543e+01,6.540195e+01,6.534760e+01,6.573850e+01,6.571681e+01,6.567342e+01,6.565173e+01,6.563003e+01,6.560832e+01,6.599850e+01,6.598767e+01,6.593354e+01,6.590105e+01,6.589022e+01,6.590105e+01,6.592271e+01,6.635519e+01,6.589022e+01,6.629041e+01,6.635519e+01,6.633360e+01,6.651702e+01,6.645232e+01,6.644153e+01,6.645232e+01,6.691541e+01,6.686164e+01,6.685088e+01,6.681861e+01,6.678633e+01,6.675404e+01,6.684013e+01,6.694766e+01,6.699065e+01,6.696915e+01,6.738769e+01,6.738769e+01,6.738769e+01,6.724832e+01,6.728049e+01,6.731266e+01,6.754833e+01,6.755904e+01,6.755904e+01,6.755904e+01,6.755904e+01,6.755904e+01,6.755904e+01,6.756974e+01,6.756974e+01,6.756974e+01,6.756974e+01,6.756974e+01,6.756974e+01,6.761254e+01,6.764463e+01,6.745197e+01,6.725905e+01,6.749480e+01,6.736626e+01,6.737698e+01,6.738769e+01,6.695841e+01,6.695841e+01,6.695841e+01,6.695841e+01,6.667867e+01,6.688315e+01,6.643073e+01,6.647388e+01,6.603096e+01,6.603096e+01,6.624720e+01,6.568427e+01,6.596602e+01,6.594437e+01,6.544543e+01,6.563003e+01,6.544543e+01,6.538021e+01,6.508637e+01,6.508637e+01,6.502099e+01,6.478098e+01,6.449680e+01,6.408040e+01,6.420107e+01,6.401453e+01,6.377276e+01,6.338723e+01,6.328792e+01,6.290101e+01,6.254630e+01,6.234636e+01,6.197904e+01,6.181174e+01,6.159953e+01,6.121895e+01,6.087100e+01,6.081479e+01,6.044324e+01,6.002541e+01,5.978767e+01,5.966297e+01,5.934502e+01,5.892369e+01,5.868396e+01,5.832926e+01,5.797360e+01,5.765152e+01,5.749018e+01,5.672686e+01,5.685439e+01,5.637840e+01,5.573709e+01,5.530386e+01,5.499854e+01,5.465713e+01,5.440932e+01,5.399523e+01,5.367486e+01,5.336558e+01,5.244515e+01,5.243315e+01,5.208469e+01,5.165076e+01,5.132432e+01,5.096059e+01,5.062013e+01,5.040077e+01,4.962989e+01,4.932264e+01,4.900227e+01,4.870578e+01,4.845816e+01,4.758746e+01,4.712466e+01,4.681095e+01,4.679838e+01,4.626942e+01,4.581414e+01,4.545882e+01,4.511517e+01,4.471936e+01,4.456579e+01,4.425804e+01,4.347216e+01,4.330399e+01,4.295393e+01,4.264187e+01,4.238118e+01,4.209373e+01,4.175309e+01,4.127974e+01,4.102913e+01,4.080443e+01,4.056602e+01,4.020747e+01,3.994115e+01,3.974099e+01,3.960735e+01,3.921890e+01,3.889640e+01,3.884256e+01,3.866740e+01,3.834330e+01,3.823506e+01,3.762422e+01,3.748802e+01,3.732436e+01,3.732436e+01,3.732436e+01,3.732436e+01,3.662607e+01,3.662607e+01,3.662607e+01,3.662607e+01,3.662607e+01,3.662607e+01,3.662607e+01,3.662607e+01,3.662607e+01,3.662607e+01,3.662607e+01,3.614427e+01,3.614427e+01,3.614427e+01,3.614427e+01,3.614427e+01,3.614427e+01,3.614427e+01,3.557716e+01,3.577114e+01,3.577114e+01,3.577114e+01,3.577114e+01,3.577114e+01,3.577114e+01,3.577114e+01,3.543839e+01,3.543839e+01,3.543839e+01,3.543839e+01,3.543839e+01,3.543839e+01,3.543839e+01,3.543839e+01,3.543839e+01,3.543839e+01,3.543839e+01,3.543839e+01,3.543839e+01,3.543839e+01,3.543839e+01,3.502101e+01,3.502101e+01,3.559103e+01,3.516032e+01,3.535504e+01,3.535504e+01,3.535504e+01,3.592331e+01,3.542450e+01,3.567419e+01,3.574345e+01,3.575729e+01,3.632347e+01,3.581266e+01,3.606146e+01,3.624080e+01,3.607527e+01,3.610287e+01,3.640608e+01,3.640608e+01,3.640608e+01,3.640608e+01,3.676334e+01,3.676334e+01,3.676334e+01,3.676334e+01,3.676334e+01,3.676334e+01,3.676334e+01,3.676334e+01,3.676334e+01,3.676334e+01,3.676334e+01,3.676334e+01,3.676334e+01,3.676334e+01,3.676334e+01,3.676334e+01,3.676334e+01,3.676334e+01,3.619944e+01,3.662607e+01,3.661234e+01,3.658486e+01,3.657112e+01,3.661234e+01,3.659860e+01,3.602003e+01,3.658486e+01,3.655737e+01,3.659860e+01,3.657112e+01,3.661234e+01,3.602003e+01,3.602003e+01,3.602003e+01,3.602003e+01,3.602003e+01,3.602003e+01,3.602003e+01,3.602003e+01,3.602003e+01,3.602003e+01,3.602003e+01,3.602003e+01,3.602003e+01,3.602003e+01,3.602003e+01,3.602003e+01,3.602003e+01,3.602003e+01,3.602003e+01,3.602003e+01,3.602003e+01,3.602003e+01,3.602003e+01,3.602003e+01,3.602003e+01,3.602003e+01,3.602003e+01,3.602003e+01,3.602003e+01,3.602003e+01,3.602003e+01,3.602003e+01,3.602003e+01,3.602003e+01,3.602003e+01,3.602003e+01,3.602003e+01,3.602003e+01,3.602003e+01,3.602003e+01,3.602003e+01,3.602003e+01,3.602003e+01,3.602003e+01,3.602003e+01,3.602003e+01,3.602003e+01,3.602003e+01,3.602003e+01,3.602003e+01,3.602003e+01,3.602003e+01,3.602003e+01,3.602003e+01,3.602003e+01,3.602003e+01,3.602003e+01,3.602003e+01,3.602003e+01,3.602003e+01,3.602003e+01,3.602003e+01,3.602003e+01,3.602003e+01,3.602003e+01,3.602003e+01,3.602003e+01,3.602003e+01,3.602003e+01,3.602003e+01,3.602003e+01,3.602003e+01,3.602003e+01,3.602003e+01,3.602003e+01,3.602003e+01,3.602003e+01,3.602003e+01
3.419545e+01,3.419545e+01,3.419545e+01,3.419545e+01,3.419545e+01,3.419545e+01,3.419545e+01,3.419545e+01,3.476981e+01,3.432179e+01,3.485361e+01,3.485361e+01,3.485361e+01,3.485361e+01,3.485361e+01,3.485361e+01,3.485361e+01,3.485361e+01,3.518816e+01,3.518816e+01,3.518816e+01,3.518816e+01,3.575729e+01,3.546616e+01,3.568805e+01,3.568805e+01,3.625458e+01,3.571575e+01,3.628214e+01,3.630970e+01,3.640608e+01,3.603384e+01,3.607527e+01,3.661234e+01,3.661234e+01,3.661234e+01,3.661234e+01,3.661234e+01,3.661234e+01,3.702368e+01,3.702368e+01,3.702368e+01,3.761061e+01,3.785538e+01,3.793685e+01,3.793685e+01,3.841090e+01,3.868088e+01,3.880216e+01,3.956723e+01,3.967419e+01,3.976770e+01,4.010102e+01,4.024737e+01,4.024737e+01,4.076473e+01,4.076473e+01,4.130609e+01,4.141142e+01,4.141142e+01,4.225061e+01,4.225061e+01,4.243336e+01,4.255069e+01,4.255069e+01,4.308371e+01,4.318742e+01,4.321333e+01,4.321333e+01,4.321333e+01,4.374331e+01,4.378199e+01,4.378199e+01,4.430939e+01,4.441201e+01,4.441201e+01,4.441201e+01,4.441201e+01,4.445048e+01,4.501315e+01,4.501315e+01,4.501315e+01,4.501315e+01,4.501315e+01,4.553505e+01,4.556044e+01,4.556044e+01,4.556044e+01,4.604200e+01,4.604200e+01,4.604200e+01,4.604200e+01,4.604200e+01,4.637035e+01,4.667265e+01,4.667265e+01,4.718731e+01,4.682351e+01,4.709959e+01,4.722488e+01,4.793649e+01,4.793649e+01,4.793649e+01,4.850772e+01,4.863155e+01,4.884176e+01,4.913791e+01,4.939645e+01,4.965444e+01,5.010767e+01,5.055924e+01,5.085126e+01,5.094844e+01,5.175939e+01,5.181969e+01,5.215687e+01,5.264894e+01,5.290023e+01,5.328218e+01,5.393596e+01,5.430297e+01,5.510431e+01,5.512780e+01,5.545625e+01,5.598234e+01,5.679644e+01,5.703967e+01,5.725935e+01,5.757087e+01,5.768607e+01,5.837508e+01,5.826050e+01,5.847812e+01,5.903770e+01,5.971967e+01,5.978767e+01,5.986696e+01,6.005933e+01,6.033044e+01,6.042068e+01,6.110681e+01,6.117410e+01,6.186753e+01,6.194559e+01,6.194559e+01,6.240193e+01,6.247969e+01,6.301167e+01,6.350851e+01,6.350851e+01,6.400356e+01,6.406942e+01,6.459524e+01,6.466083e+01,6.474822e+01,6.496648e+01,6.531496e+01,6.558661e+01,6.583605e+01,6.645232e+01,6.640916e+01,6.693691e+01,6.700140e+01,6.753763e+01,6.760184e+01,6.766602e+01,6.816776e+01,6.826363e+01,6.877386e+01,6.873141e+01,6.882691e+01,6.912359e+01,6.955690e+01,6.965184e+01,6.973618e+01,7.024117e+01,7.032516e+01,7.028316e+01,7.068157e+01,7.077576e+01,7.085944e+01,7.085944e+01,7.128754e+01,7.121455e+01,7.127711e+01,7.136050e+01,7.179751e+01,7.175595e+01,7.168318e+01,7.220213e+01,7.228498e+01,7.215031e+01,7.202589e+01,7.239884e+01,7.236780e+01,7.230569e+01,7.227463e+01,7.229534e+01,7.223320e+01,7.217104e+01,7.207775e+01,7.226427e+01,7.218140e+01,7.209849e+01,7.192213e+01,7.183907e+01,7.174555e+01,7.172477e+01,7.159998e+01,7.174555e+01,7.172477e+01,7.151673e+01,7.127711e+01,7.106844e+01,7.104755e+01,7.092217e+01,7.073391e+01,7.097443e+01,7.070251e+01,7.052444e+01,7.050347e+01,7.029366e+01,7.007303e+01,6.992576e+01,6.969402e+01,6.965184e+01,6.956745e+01,6.979940e+01,6.962020e+01,6.957800e+01,6.912359e+01,6.895413e+01,6.934570e+01,6.912359e+01,6.887994e+01,6.867834e+01,6.863586e+01,6.847646e+01,6.831687e+01,6.825298e+01,6.833816e+01,6.816776e+01,6.803983e+01,6.815710e+01,6.794380e+01,6.790110e+01,6.782635e+01,6.775155e+01,6.767671e+01,6.751622e+01,6.736626e+01,6.737698e+01,6.735554e+01,6.745197e+01,6.740912e+01,6.734483e+01,6.706586e+01,6.682937e+01,6.680785e+01,6.672174e+01,6.703363e+01,6.692616e+01,6.693691e+01,6.651702e+01,6.682937e+01,6.676480e+01,6.670020e+01,6.668944e+01,6.665713e+01,6.644153e+01,6.640916e+01,6.637678e+01,6.634440e+01,6.631200e+01,6.627960e+01,6.624720e+01,6.621478e+01,6.618236e+01,6.614993e+01,6.611749e+01,6.608505e+01,6.632280e+01,6.632280e+01,6.620398e+01,6.592271e+01,6.592271e+01,6.592271e+01,6.592271e+01,6.592271e+01,6.592271e+01,6.592271e+01,6.592271e+01,6.592271e+01,6.592271e+01,6.592271e+01,6.587939e+01,6.627960e+01,6.633360e+01,6.641994e+01,6.640916e+01,6.637678e+01,6.636598e+01,6.635519e+01,6.644153e+01,6.652781e+01,6.652781e+01,6.648467e+01,6.646310e+01,6.646310e+01,6.647388e+01,6.658170e+01,6.656015e+01,6.686164e+01,6.694766e+01,6.695841e+01,6.694766e+01,6.695841e+01,6.690466e+01,6.734483e+01,6.745197e+01,6.738769e+01,6.734483e+01,6.734483e+01,6.732338e+01,6.730194e+01,6.728049e+01,6.729121e+01,6.774086e+01,6.776224e+01,6.784771e+01,6.793313e+01,6.795448e+01,6.797581e+01,6.785839e+01,6.787975e+01,6.793313e+01,6.794380e+01,6.796514e+01,6.842328e+01,6.845518e+01,6.805049e+01,6.807182e+01,6.809315e+01,6.811447e+01,6.813579e+01,6.815710e+01,6.817841e+01,6.819972e+01,6.822103e+01,6.824233e+01,6.826363e+01,6.809315e+01,6.795448e+01,6.796514e+01,6.785839e+01,6.787975e+01,6.769810e+01,6.753763e+01,6.755904e+01,6.758044e+01,6.746268e+01,6.766602e+01,6.721613e+01,6.703363e+01,6.729121e+01,6.707659e+01,6.694766e+01,6.676480e+01,6.639836e+01,6.640916e+01,6.620398e+01,6.641994e+01,6.644153e+01,6.583605e+01,6.565173e+01,6.553233e+01,6.554318e+01,6.535847e+01,6.517350e+01,6.486831e+01,6.512994e+01,6.455150e+01,6.435449e+01,6.412429e+01,6.402551e+01,6.373976e+01,6.337620e+01,6.307802e+01,6.269051e+01,6.261288e+01,6.245747e+01,6.205704e+01,6.170009e+01,6.140937e+01,6.116289e+01,6.078106e+01,6.038685e+01,6.033044e+01,6.008194e+01,5.974234e+01,5.934502e+01,5.904910e+01,5.875250e+01,5.834072e+01,5.773211e+01,5.777814e+01,5.731709e+01,5.712065e+01,5.663403e+01,5.598234e+01,5.557334e+01,5.532732e+01,5.504556e+01,5.477496e+01,5.438569e+01,5.400708e+01,5.371050e+01,5.310329e+01,5.246914e+01,5.260102e+01,5.169905e+01,5.187997e+01,5.145742e+01,5.068100e+01,5.069316e+01,4.994862e+01,4.970352e+01,4.944563e+01,4.869342e+01,4.870578e+01,4.839618e+01,4.743756e+01,4.731250e+01,4.708706e+01,4.654679e+01,4.611785e+01,4.582681e+01,4.554774e+01,4.468099e+01,4.443766e+01,4.425804e+01,4.369171e+01,4.339457e+01,4.307073e+01,4.283701e+01,4.244640e+01,4.164807e+01,4.158238e+01,4.150351e+01,4.102913e+01,4.048645e+01,4.038025e+01,4.028725e+01,3.994115e+01,3.994115e+01,3.960735e+01,3.923232e+01,3.899056e+01,3.899056e+01,3.866740e+01,3.842442e+01,3.804538e+01,3.785538e+01,3.785538e+01,3.732436e+01,3.732436e+01,3.732436e+01,3.732436e+01,3.662607e+01,3.662607e+01,3.662607e+01,3.662607e+01,3.662607e+01,3.662607e+01,3.662607e+01,3.662607e+01,3.662607e+01,3.662607e+01,3.606146e+01,3.651613e+01,3.599241e+01,3.599241e+01,3.599241e+01,3.599241e+01,3.599241e+01,3.599241e+01,3.599241e+01,3.599241e+01,3.599241e+01,3.542450e+01,3.539672e+01,3.593713e+01,3.536894e+01,3.525772e+01,3.524381e+01,3.524381e+01,3.524381e+01,3.524381e+01,3.524381e+01,3.524381e+01,3.524381e+01,3.524381e+01,3.524381e+01,3.524381e+01,3.524381e+01,3.524381e+01,3.524381e+01,3.524381e+01,3.524381e+01,3.524381e+01,3.524381e+01,3.524381e+01,3.524381e+01,3.524381e+01,3.581266e+01,3.538283e+01,3.550779e+01,3.546616e+01,3.546616e+01,3.603384e+01,3.617186e+01,3.617186e+01,3.604765e+01,3.604765e+01,3.661234e+01,3.646112e+01,3.657112e+01,3.658486e+01,3.658486e+01,3.658486e+01,3.658486e+01,3.658486e+01,3.658486e+01,3.658486e+01,3.658486e+01,3.714679e+01,3.659860e+01,3.659860e+01,3.659860e+01,3.659860e+01,3.659860e+01,3.659860e+01,3.659860e+01,3.659860e+01,3.659860e+01,3.659860e+01,3.659860e+01,3.659860e+01,3.659860e+01,3.659860e+01,3.659860e+01,3.659860e+01,3.659860e+01,3.659860e+01,3.659860e+01,3.659860e+01,3.659860e+01,3.659860e+01,3.659860e+01,3.659860e+01,3.659860e+01,3.659860e+01,3.658486e+01,3.603384e+01,3.603384e+01,3.603384e+01,3.603384e+01,3.603384e+01,3.603384e+01,3.603384e+01,3.603384e+01,3.603384e+01,3.603384e+01,3.603384e+01,3.603384e+01,3.603384e+01,3.603384e+01,3.603384e+01,3.603384e+01,3.603384e+01,3.603384e+01,3.603384e+01,3.603384e+01,3.603384e+01,3.603384e+01,3.603384e+01,3.603384e+01,3.603384e+01,3.603384e+01,3.603384e+01,3.603384e+01,3.603384e+01,3.603384e+01,3.603384e+01,3.603384e+01,3.603384e+01,3.603384e+01,3.603384e+01,3.603384e+01,3.603384e+01,3.603384e+01,3.603384e+01,3.603384e+01,3.603384e+01,3.603384e+01,3.603384e+01,3.603384e+01,3.603384e+01,3.603384e+01,3.603384e+01,3.603384e+01,3.603384e+01,3.603384e+01,3.603384e+01,3.603384e+01,3.603384e+01,3.603384e+01,3.603384e+01,3.603384e+01,3.603384e+01,3.603384e+01,3.603384e+01,3.603384e+01,3.603384e+01,3.603384e+01,3.603384e+01,3.603384e+01,3.603384e+01,3.603384e+01,3.603384e+01,3.603384e+01,3.603384e+01,3.603384e+01,3.603384e+01,3.603384e+01,3.603384e+01,3.603384e+01,3.603384e+01,3.603384e+01,3.603384e+01
3.419545e+01,3.419545e+01,3.419545e+01,3.419545e+01,3.419545e+01,3.419545e+01,3.419545e+01,3.419545e+01,3.476981e+01,3.440593e+01,3.461602e+01,3.461602e+01,3.461602e+01,3.461602e+01,3.461602e+01,3.461602e+01,3.518816e+01,3.529944e+01,3.531334e+01,3.531334e+01,3.531334e+01,3.531334e+01,3.531334e+01,3.531334e+01,3.568805e+01,3.596477e+01,3.584033e+01,3.586800e+01,3.604765e+01,3.604765e+01,3.604765e+01,3.604765e+01,3.661234e+01,3.615807e+01,3.672218e+01,3.672218e+01,3.672218e+01,3.672218e+01,3.672218e+01,3.672218e+01,3.702368e+01,3.729706e+01,3.737894e+01,3.737894e+01,3.793685e+01,3.820798e+01,3.818090e+01,3.868088e+01,3.907120e+01,3.933960e+01,3.933960e+01,3.976770e+01,4.002111e+01,4.002111e+01,4.056602e+01,4.072502e+01,4.098951e+01,4.108194e+01,4.141142e+01,4.167433e+01,4.149036e+01,4.202830e+01,4.243336e+01,4.243336e+01,4.243336e+01,4.308371e+01,4.308371e+01,4.308371e+01,4.308371e+01,4.308371e+01,4.321333e+01,4.379488e+01,4.352386e+01,4.382066e+01,4.394947e+01,4.397522e+01,4.452737e+01,4.452737e+01,4.452737e+01,4.452737e+01,4.501315e+01,4.501315e+01,4.501315e+01,4.501315e+01,4.553505e+01,4.553505e+01,4.553505e+01,4.553505e+01,4.604200e+01,4.604200e+01,4.604200e+01,4.604200e+01,4.604200e+01,4.637035e+01,4.659715e+01,4.684864e+01,4.691143e+01,4.682351e+01,4.702436e+01,4.740005e+01,4.771223e+01,4.771223e+01,4.822245e+01,4.796139e+01,4.861917e+01,4.895290e+01,4.912558e+01,4.937185e+01,4.962989e+01,5.002206e+01,5.038857e+01,5.110621e+01,5.122743e+01,5.172319e+01,5.190408e+01,5.215687e+01,5.256507e+01,5.329410e+01,5.384108e+01,5.395967e+01,5.478674e+01,5.518652e+01,5.530386e+01,5.594733e+01,5.604066e+01,5.671526e+01,5.690074e+01,5.723624e+01,5.796211e+01,5.807696e+01,5.845523e+01,5.845523e+01,5.892369e+01,5.909467e+01,5.951545e+01,5.978767e+01,6.025142e+01,6.076981e+01,6.078106e+01,6.089347e+01,6.118531e+01,6.140937e+01,6.183406e+01,6.183406e+01,6.229077e+01,6.236859e+01,6.266833e+01,6.295635e+01,6.325480e+01,6.384974e+01,6.397061e+01,6.425588e+01,6.484648e+01,6.484648e+01,6.529321e+01,6.580354e+01,6.580354e+01,6.624720e+01,6.631200e+01,6.696915e+01,6.703363e+01,6.711954e+01,6.733411e+01,6.794380e+01,6.834880e+01,6.845518e+01,6.854024e+01,6.908125e+01,6.916592e+01,6.910242e+01,6.959910e+01,6.966238e+01,7.017814e+01,7.015712e+01,7.027267e+01,7.035664e+01,7.078623e+01,7.085944e+01,7.137093e+01,7.135008e+01,7.132924e+01,7.187022e+01,7.180790e+01,7.171437e+01,7.211922e+01,7.224356e+01,7.233675e+01,7.228498e+01,7.233675e+01,7.242987e+01,7.285336e+01,7.270890e+01,7.270890e+01,7.280179e+01,7.276051e+01,7.268825e+01,7.264694e+01,7.263661e+01,7.256429e+01,7.251260e+01,7.283274e+01,7.282242e+01,7.272955e+01,7.263661e+01,7.245056e+01,7.235744e+01,7.225392e+01,7.222285e+01,7.208812e+01,7.207775e+01,7.206738e+01,7.216068e+01,7.152714e+01,7.175595e+01,7.172477e+01,7.158958e+01,7.147509e+01,7.141260e+01,7.116238e+01,7.097443e+01,7.094308e+01,7.104755e+01,7.084899e+01,7.058731e+01,7.037762e+01,7.032516e+01,7.031466e+01,7.032516e+01,7.013610e+01,6.991523e+01,6.973618e+01,6.969402e+01,6.969402e+01,6.941965e+01,6.933512e+01,6.955690e+01,6.908125e+01,6.891174e+01,6.917651e+01,6.911301e+01,6.867834e+01,6.896473e+01,6.839137e+01,6.837009e+01,6.837009e+01,6.837009e+01,6.837009e+01,6.837009e+01,6.837009e+01,6.795448e+01,6.822103e+01,6.821038e+01,6.774086e+01,6.771948e+01,6.770879e+01,6.763393e+01,6.784771e+01,6.763393e+01,6.802916e+01,6.746268e+01,6.747339e+01,6.735554e+01,6.717322e+01,6.741984e+01,6.699065e+01,6.699065e+01,6.699065e+01,6.699065e+01,6.699065e+01,6.699065e+01,6.699065e+01,6.699065e+01,6.699065e+01,6.699065e+01,6.699065e+01,6.668944e+01,6.664635e+01,6.660326e+01,6.700140e+01,6.695841e+01,6.656015e+01,6.656015e+01,6.659248e+01,6.646310e+01,6.678633e+01,6.633360e+01,6.676480e+01,6.675404e+01,6.674327e+01,6.673251e+01,6.672174e+01,6.671098e+01,6.670020e+01,6.668944e+01,6.667867e+01,6.676480e+01,6.686164e+01,6.685088e+01,6.684013e+01,6.681861e+01,6.677557e+01,6.675404e+01,6.673251e+01,6.672174e+01,6.675404e+01,6.678633e+01,6.677557e+01,6.678633e+01,6.681861e+01,6.724832e+01,6.724832e+01,6.729121e+01,6.729121e+01,6.729121e+01,6.732338e+01,6.731266e+01,6.731266e+01,6.738769e+01,6.748410e+01,6.792245e+01,6.785839e+01,6.781566e+01,6.781566e+01,6.779430e+01,6.821038e+01,6.819972e+01,6.832751e+01,6.826363e+01,6.827428e+01,6.828493e+01,6.873141e+01,6.875265e+01,6.877386e+01,6.867834e+01,6.869957e+01,6.872080e+01,6.874203e+01,6.886933e+01,6.896473e+01,6.878448e+01,6.865710e+01,6.867834e+01,6.869957e+01,6.872080e+01,6.874203e+01,6.876326e+01,6.878448e+01,6.880569e+01,6.882691e+01,6.884812e+01,6.886933e+01,6.872080e+01,6.860400e+01,6.862524e+01,6.854024e+01,6.856149e+01,6.840201e+01,6.826363e+01,6.828493e+01,6.830622e+01,6.821038e+01,6.802916e+01,6.781566e+01,6.813579e+01,6.805049e+01,6.741984e+01,6.776224e+01,6.739841e+01,6.726977e+01,6.728049e+01,6.708733e+01,6.709807e+01,6.647388e+01,6.649545e+01,6.632280e+01,6.621478e+01,6.622559e+01,6.605260e+01,6.574934e+01,6.552147e+01,6.549974e+01,6.516261e+01,6.484648e+01,6.463897e+01,6.442019e+01,6.411332e+01,6.375076e+01,6.388271e+01,6.328792e+01,6.322167e+01,6.286780e+01,6.246858e+01,6.205704e+01,6.183406e+01,6.157718e+01,6.162189e+01,6.100580e+01,6.082603e+01,6.052214e+01,6.017236e+01,5.977634e+01,5.942458e+01,5.911744e+01,5.869538e+01,5.838654e+01,5.818023e+01,5.747865e+01,5.705124e+01,5.669206e+01,5.657598e+01,5.616887e+01,5.586562e+01,5.552652e+01,5.476318e+01,5.446836e+01,5.409000e+01,5.376987e+01,5.323450e+01,5.330602e+01,5.260102e+01,5.240915e+01,5.218092e+01,5.174733e+01,5.128799e+01,5.105769e+01,5.063231e+01,5.025431e+01,4.947022e+01,4.895290e+01,4.894056e+01,4.860680e+01,4.788669e+01,4.726244e+01,4.735003e+01,4.679838e+01,4.645860e+01,4.572541e+01,4.552234e+01,4.492382e+01,4.492382e+01,4.425804e+01,4.378199e+01,4.348509e+01,4.321333e+01,4.285000e+01,4.243336e+01,4.189733e+01,4.158238e+01,4.125339e+01,4.110833e+01,4.081766e+01,4.075150e+01,4.010102e+01,3.999446e+01,3.986113e+01,3.960735e+01,3.928597e+01,3.928597e+01,3.899056e+01,3.872132e+01,3.834330e+01,3.809961e+01,3.809961e+01,3.754252e+01,3.736530e+01,3.736530e+01,3.736530e+01,3.736530e+01,3.718779e+01,3.662607e+01,3.662607e+01,3.662607e+01,3.662607e+01,3.662607e+01,3.662607e+01,3.662607e+01,3.662607e+01,3.662607e+01,3.662607e+01,3.606146e+01,3.643361e+01,3.590948e+01,3.590948e+01,3.590948e+01,3.590948e+01,3.590948e+01,3.590948e+01,3.590948e+01,3.590948e+01,3.590948e+01,3.539672e+01,3.552167e+01,3.541061e+01,3.541061e+01,3.541061e+01,3.541061e+01,3.541061e+01,3.541061e+01,3.541061e+01,3.541061e+01,3.541061e+01,3.541061e+01,3.541061e+01,3.541061e+01,3.541061e+01,3.541061e+01,3.541061e+01,3.541061e+01,3.541061e+01,3.541061e+01,3.541061e+01,3.541061e+01,3.541061e+01,3.541061e+01,3.541061e+01,3.541061e+01,3.541061e+01,3.597859e+01,3.557716e+01,3.577114e+01,3.577114e+01,3.617186e+01,3.617186e+01,3.617186e+01,3.617186e+01,3.617186e+01,3.617186e+01,3.658486e+01,3.658486e+01,3.658486e+01,3.658486e+01,3.658486e+01,3.714679e+01,3.713311e+01,3.672218e+01,3.673590e+01,3.663980e+01,3.663980e+01,3.663980e+01,3.663980e+01,3.663980e+01,3.663980e+01,3.663980e+01,3.663980e+01,3.663980e+01,3.663980e+01,3.663980e+01,3.663980e+01,3.663980e+01,3.663980e+01,3.663980e+01,3.663980e+01,3.663980e+01,3.663980e+01,3.663980e+01,3.607527e+01,3.608907e+01,3.666727e+01,3.666727e+01,3.610287e+01,3.613047e+01,3.615807e+01,3.658486e+01,3.629592e+01,3.629592e+01,3.629592e+01,3.629592e+01,3.629592e+01,3.629592e+01,3.629592e+01,3.629592e+01,3.629592e+01,3.572960e+01,3.625458e+01,3.625458e+01,3.625458e+01,3.625458e+01,3.625458e+01,3.625458e+01,3.625458e+01,3.625458e+01,3.625458e+01,3.625458e+01,3.625458e+01,3.625458e+01,3.625458e+01,3.625458e+01,3.625458e+01,3.625458e+01,3.625458e+01,3.625458e+01,3.568805e+01,3.622702e+01,3.622702e+01,3.622702e+01,3.622702e+01,3.622702e+01,3.622702e+01,3.566034e+01,3.621323e+01,3.564648e+01,3.619944e+01,3.619944e+01,3.619944e+01,3.619944e+01,3.619944e+01,3.619944e+01,3.619944e+01,3.619944e+01,3.619944e+01,3.619944e+01,3.619944e+01,3.619944e+01,3.619944e+01,3.619944e+01,3.619944e+01,3.619944e+01,3.619944e+01,3.619944e+01,3.619944e+01,3.619944e+01,3.619944e+01,3.619944e+01,3.619944e+01,3.619944e+01,3.619944e+01,3.619944e+01,3.619944e+01,3.619944e+01,3.619944e+01,3.619944e+01,3.619944e+01,3.619944e+01,3.619944e+01,3.619944e+01,3.619944e+01,3.619944e+01,3.619944e+01,3.619944e+01,3.619944e+01
3.419545e+01,3.419545e+01,3.419545e+01,3.419545e+01,3.419545e+01,3.419545e+01,3.419545e+01,3.419545e+01,3.476981e+01,3.446200e+01,3.446200e+01,3.446200e+01,3.503495e+01,3.503495e+01,3.503495e+01,3.458803e+01,3.489548e+01,3.500707e+01,3.502101e+01,3.502101e+01,3.559103e+01,3.559103e+01,3.559103e+01,3.559103e+01,3.559103e+01,3.596477e+01,3.596477e+01,3.596477e+01,3.596477e+01,3.596477e+01,3.652988e+01,3.610287e+01,3.619944e+01,3.630970e+01,3.646112e+01,3.646112e+01,3.646112e+01,3.646112e+01,3.702368e+01,3.713311e+01,3.714679e+01,3.714679e+01,3.770586e+01,3.781462e+01,3.789612e+01,3.820798e+01,3.843793e+01,3.858646e+01,3.892331e+01,3.933960e+01,3.947355e+01,3.971427e+01,4.002111e+01,4.027396e+01,4.031383e+01,4.072502e+01,4.072502e+01,4.108194e+01,4.135877e+01,4.167433e+01,4.227673e+01,4.230285e+01,4.244640e+01,4.244640e+01,4.297990e+01,4.265489e+01,4.321333e+01,4.321333e+01,4.321333e+01,4.321333e+01,4.321333e+01,4.379488e+01,4.356261e+01,4.376910e+01,4.429655e+01,4.439919e+01,4.461700e+01,4.461700e+01,4.461700e+01,4.461700e+01,4.461700e+01,4.501315e+01,4.501315e+01,4.501315e+01,4.553505e+01,4.553505e+01,4.553505e+01,4.553505e+01,4.604200e+01,4.604200e+01,4.604200e+01,4.604200e+01,4.604200e+01,4.604200e+01,4.659715e+01,4.659715e+01,4.659715e+01,4.659715e+01,4.702436e+01,4.740005e+01,4.714972e+01,4.789914e+01,4.794894e+01,4.847055e+01,4.864392e+01,4.889117e+01,4.939645e+01,4.949480e+01,5.013213e+01,5.014435e+01,5.041297e+01,5.087556e+01,5.123954e+01,5.149369e+01,5.228908e+01,5.234913e+01,5.298389e+01,5.335367e+01,5.361544e+01,5.397153e+01,5.472784e+01,5.490445e+01,5.566694e+01,5.591232e+01,5.623875e+01,5.697022e+01,5.706281e+01,5.773211e+01,5.757087e+01,5.838654e+01,5.842089e+01,5.864968e+01,5.918576e+01,5.927679e+01,5.990093e+01,5.996884e+01,6.019495e+01,6.052214e+01,6.100580e+01,6.112924e+01,6.119653e+01,6.163306e+01,6.210159e+01,6.264616e+01,6.271268e+01,6.279026e+01,6.325480e+01,6.372875e+01,6.379476e+01,6.436544e+01,6.444209e+01,6.495557e+01,6.503189e+01,6.524969e+01,6.579271e+01,6.587939e+01,6.653859e+01,6.661404e+01,6.671098e+01,6.704437e+01,6.748410e+01,6.746268e+01,6.799715e+01,6.806116e+01,6.861462e+01,6.859337e+01,6.881631e+01,6.904948e+01,6.948301e+01,6.995733e+01,7.003097e+01,7.012560e+01,7.068157e+01,7.063969e+01,7.104755e+01,7.114151e+01,7.122498e+01,7.131882e+01,7.145426e+01,7.188060e+01,7.195326e+01,7.203626e+01,7.223320e+01,7.223320e+01,7.273987e+01,7.271922e+01,7.269857e+01,7.304920e+01,7.303890e+01,7.313158e+01,7.322421e+01,7.349145e+01,7.349145e+01,7.349145e+01,7.345036e+01,7.337844e+01,7.333733e+01,7.332705e+01,7.325507e+01,7.327563e+01,7.327563e+01,7.326535e+01,7.317275e+01,7.308010e+01,7.289462e+01,7.280179e+01,7.269857e+01,7.266759e+01,7.295647e+01,7.253328e+01,7.252294e+01,7.231605e+01,7.233675e+01,7.233675e+01,7.230569e+01,7.217104e+01,7.205701e+01,7.188060e+01,7.207775e+01,7.146468e+01,7.142301e+01,7.141260e+01,7.152714e+01,7.129797e+01,7.107887e+01,7.101621e+01,7.099532e+01,7.098487e+01,7.069204e+01,7.050347e+01,7.031466e+01,7.026216e+01,7.015712e+01,6.991523e+01,6.990470e+01,6.988364e+01,6.968347e+01,6.958855e+01,6.958855e+01,6.931399e+01,6.955690e+01,6.953579e+01,6.916592e+01,6.913417e+01,6.912359e+01,6.911301e+01,6.866772e+01,6.864648e+01,6.893294e+01,6.871019e+01,6.871019e+01,6.848709e+01,6.829558e+01,6.825298e+01,6.822103e+01,6.812513e+01,6.854024e+01,6.798649e+01,6.800783e+01,6.806116e+01,6.761254e+01,6.761254e+01,6.761254e+01,6.761254e+01,6.761254e+01,6.761254e+01,6.761254e+01,6.761254e+01,6.761254e+01,6.743055e+01,6.740912e+01,6.738769e+01,6.736626e+01,6.734483e+01,6.723759e+01,6.754833e+01,6.748410e+01,6.709807e+01,6.719468e+01,6.736626e+01,6.717322e+01,6.715175e+01,6.713028e+01,6.707659e+01,6.705511e+01,6.726977e+01,6.692616e+01,6.692616e+01,6.692616e+01,6.692616e+01,6.692616e+01,6.692616e+01,6.692616e+01,6.692616e+01,6.692616e+01,6.736626e+01,6.734483e+01,6.731266e+01,6.728049e+01,6.723759e+01,6.717322e+01,6.756974e+01,6.753763e+01,6.751622e+01,6.750552e+01,6.749480e+01,6.747339e+01,6.746268e+01,6.754833e+01,6.763393e+01,6.762324e+01,6.761254e+01,6.802916e+01,6.801849e+01,6.800783e+01,6.798649e+01,6.797581e+01,6.840201e+01,6.835944e+01,6.844455e+01,6.838072e+01,6.833816e+01,6.833816e+01,6.840201e+01,6.892234e+01,6.891174e+01,6.891174e+01,6.884812e+01,6.884812e+01,6.893294e+01,6.902830e+01,6.901771e+01,6.900711e+01,6.933512e+01,6.933512e+01,6.933512e+01,6.933512e+01,6.933512e+01,6.933512e+01,6.958855e+01,6.947245e+01,6.948301e+01,6.949357e+01,6.950413e+01,6.951468e+01,6.952524e+01,6.953579e+01,6.954634e+01,6.955690e+01,6.956745e+01,6.914476e+01,6.943021e+01,6.931399e+01,6.931399e+01,6.922939e+01,6.922939e+01,6.907066e+01,6.893294e+01,6.893294e+01,6.893294e+01,6.883752e+01,6.865710e+01,6.851898e+01,6.851898e+01,6.822103e+01,6.828493e+01,6.826363e+01,6.810381e+01,6.797581e+01,6.797581e+01,6.734483e+01,6.719468e+01,6.718394e+01,6.717322e+01,6.699065e+01,6.643073e+01,6.643073e+01,6.643073e+01,6.643073e+01,6.643073e+01,6.594437e+01,6.599850e+01,6.571681e+01,6.504279e+01,6.516261e+01,6.482465e+01,6.467175e+01,6.400356e+01,6.404747e+01,6.343135e+01,6.349749e+01,6.307802e+01,6.287887e+01,6.254630e+01,6.186753e+01,6.171126e+01,6.175593e+01,6.100580e+01,6.069106e+01,6.031915e+01,5.999147e+01,6.009325e+01,5.975367e+01,5.933365e+01,5.904910e+01,5.860395e+01,5.788166e+01,5.792764e+01,5.712065e+01,5.676165e+01,5.642492e+01,5.618052e+01,5.585394e+01,5.559675e+01,5.477496e+01,5.445656e+01,5.414919e+01,5.343702e+01,5.368674e+01,5.279260e+01,5.279260e+01,5.218092e+01,5.180764e+01,5.156621e+01,5.116683e+01,5.081479e+01,5.041297e+01,5.019323e+01,4.940875e+01,4.875525e+01,4.858204e+01,4.796139e+01,4.756248e+01,4.738755e+01,4.691143e+01,4.654679e+01,4.604200e+01,4.566199e+01,4.529348e+01,4.511517e+01,4.452737e+01,4.409100e+01,4.385932e+01,4.312261e+01,4.285000e+01,4.240727e+01,4.197593e+01,4.166120e+01,4.139826e+01,4.110833e+01,4.088379e+01,4.056602e+01,4.034040e+01,3.999446e+01,3.999446e+01,3.960735e+01,3.935300e+01,3.920548e+01,3.905777e+01,3.864043e+01,3.841090e+01,3.841090e+01,3.809961e+01,3.778744e+01,3.778744e+01,3.736530e+01,3.736530e+01,3.736530e+01,3.680449e+01,3.722878e+01,3.662607e+01,3.662607e+01,3.662607e+01,3.662607e+01,3.662607e+01,3.662607e+01,3.662607e+01,3.662607e+01,3.662607e+01,3.606146e+01,3.635102e+01,3.615807e+01,3.615807e+01,3.615807e+01,3.615807e+01,3.559103e+01,3.615807e+01,3.559103e+01,3.559103e+01,3.543839e+01,3.584033e+01,3.584033e+01,3.572960e+01,3.572960e+01,3.572960e+01,3.516032e+01,3.516032e+01,3.572960e+01,3.571575e+01,3.513247e+01,3.513247e+01,3.513247e+01,3.513247e+01,3.513247e+01,3.513247e+01,3.513247e+01,3.513247e+01,3.513247e+01,3.513247e+01,3.570190e+01,3.567419e+01,3.567419e+01,3.567419e+01,3.567419e+01,3.567419e+01,3.567419e+01,3.567419e+01,3.597859e+01,3.621323e+01,3.615807e+01,3.626836e+01,3.626836e+01,3.626836e+01,3.626836e+01,3.626836e+01,3.626836e+01,3.626836e+01,3.626836e+01,3.658486e+01,3.658486e+01,3.658486e+01,3.714679e+01,3.669473e+01,3.716046e+01,3.683191e+01,3.683191e+01,3.683191e+01,3.683191e+01,3.683191e+01,3.683191e+01,3.683191e+01,3.683191e+01,3.683191e+01,3.683191e+01,3.683191e+01,3.683191e+01,3.683191e+01,3.683191e+01,3.683191e+01,3.683191e+01,3.626836e+01,3.629592e+01,3.632347e+01,3.635102e+01,3.619944e+01,3.669473e+01,3.624080e+01,3.641985e+01,3.615807e+01,3.657112e+01,3.651613e+01,3.662607e+01,3.654363e+01,3.637855e+01,3.637855e+01,3.637855e+01,3.637855e+01,3.637855e+01,3.637855e+01,3.637855e+01,3.637855e+01,3.637855e+01,3.637855e+01,3.637855e+01,3.637855e+01,3.637855e+01,3.581266e+01,3.640608e+01,3.584033e+01,3.588183e+01,3.592331e+01,3.596477e+01,3.600622e+01,3.600622e+01,3.600622e+01,3.600622e+01,3.600622e+01,3.600622e+01,3.600622e+01,3.600622e+01,3.600622e+01,3.600622e+01,3.600622e+01,3.600622e+01,3.600622e+01,3.600622e+01,3.600622e+01,3.600622e+01,3.600622e+01,3.600622e+01,3.600622e+01,3.600622e+01,3.600622e+01,3.600622e+01,3.600622e+01,3.600622e+01,3.600622e+01,3.600622e+01,3.600622e+01,3.600622e+01,3.600622e+01,3.600622e+01,3.600622e+01,3.600622e+01,3.600622e+01,3.600622e+01,3.600622e+01,3.600622e+01,3.600622e+01,3.600622e+01,3.600622e+01,3.600622e+01,3.600622e+01,3.600622e+01,3.600622e+01,3.600622e+01,3.600622e+01,3.600622e+01,3.600622e+01,3.600622e+01,3.600622e+01,3.600622e+01,3.600622e+01,3.600622e+01,3.600622e+01,3.600622e+01,3.600622e+01,3.600622e+01,3.600622e+01,3.600622e+01
3.419545e+01,3.419545e+01,3.419545e+01,3.419545e+01,3.419545e+01,3.419545e+01,3.419545e+01,3.476981e+01,3.476981e+01,3.454603e+01,3.454603e+01,3.454603e+01,3.454603e+01,3.454603e+01,3.503495e+01,3.520207e+01,3.520207e+01,3.516032e+01,3.516032e+01,3.516032e+01,3.516032e+01,3.559103e+01,3.559103e+01,3.559103e+01,3.559103e+01,3.559103e+01,3.596477e+01,3.596477e+01,3.596477e+01,3.596477e+01,3.652988e+01,3.618565e+01,3.618565e+01,3.618565e+01,3.618565e+01,3.674962e+01,3.670845e+01,3.696893e+01,3.711944e+01,3.711944e+01,3.711944e+01,3.711944e+01,3.770586e+01,3.770586e+01,3.770586e+01,3.820798e+01,3.820798e+01,3.858646e+01,3.892331e+01,3.925914e+01,3.980775e+01,3.991448e+01,3.994115e+01,4.027396e+01,4.045991e+01,4.064555e+01,4.079120e+01,4.108194e+01,4.135877e+01,4.170059e+01,4.204139e+01,4.204139e+01,4.244640e+01,4.269394e+01,4.265489e+01,4.268092e+01,4.297990e+01,4.297990e+01,4.297990e+01,4.297990e+01,4.351093e+01,4.373041e+01,4.373041e+01,4.373041e+01,4.429655e+01,4.429655e+01,4.429655e+01,4.429655e+01,4.461700e+01,4.461700e+01,4.461700e+01,4.461700e+01,4.501315e+01,4.525529e+01,4.530621e+01,4.530621e+01,4.530621e+01,4.582681e+01,4.597874e+01,4.597874e+01,4.597874e+01,4.597874e+01,4.597874e+01,4.597874e+01,4.597874e+01,4.659715e+01,4.659715e+01,4.659715e+01,4.659715e+01,4.740005e+01,4.738755e+01,4.767481e+01,4.796139e+01,4.824728e+01,4.864392e+01,4.912558e+01,4.917488e+01,4.950708e+01,4.991189e+01,5.005876e+01,5.085126e+01,5.089986e+01,5.123954e+01,5.152996e+01,5.207266e+01,5.236114e+01,5.291219e+01,5.328218e+01,5.354411e+01,5.393596e+01,5.448017e+01,5.482206e+01,5.551480e+01,5.576047e+01,5.612226e+01,5.664564e+01,5.690074e+01,5.736327e+01,5.799657e+01,5.846668e+01,5.846668e+01,5.893510e+01,5.912883e+01,5.943594e+01,5.969699e+01,5.996884e+01,6.031915e+01,6.055594e+01,6.080355e+01,6.158835e+01,6.166658e+01,6.173360e+01,6.249079e+01,6.272377e+01,6.317749e+01,6.325480e+01,6.332103e+01,6.398159e+01,6.410235e+01,6.431068e+01,6.459524e+01,6.521704e+01,6.563003e+01,6.570597e+01,6.586856e+01,6.652781e+01,6.661404e+01,6.661404e+01,6.705511e+01,6.754833e+01,6.762324e+01,6.825298e+01,6.832751e+01,6.844455e+01,6.912359e+01,6.916592e+01,6.963074e+01,6.970455e+01,6.976779e+01,7.033565e+01,7.029366e+01,7.040910e+01,7.106844e+01,7.109975e+01,7.161038e+01,7.156877e+01,7.195326e+01,7.192213e+01,7.199477e+01,7.251260e+01,7.248158e+01,7.245056e+01,7.284306e+01,7.291524e+01,7.344009e+01,7.338872e+01,7.344009e+01,7.355305e+01,7.393237e+01,7.391189e+01,7.397332e+01,7.397332e+01,7.395284e+01,7.393237e+01,7.387093e+01,7.377871e+01,7.413699e+01,7.411655e+01,7.403472e+01,7.402448e+01,7.359411e+01,7.398355e+01,7.387093e+01,7.375821e+01,7.355305e+01,7.344009e+01,7.331676e+01,7.334761e+01,7.332705e+01,7.309040e+01,7.305950e+01,7.283274e+01,7.281210e+01,7.279147e+01,7.273987e+01,7.258495e+01,7.245056e+01,7.225392e+01,7.246090e+01,7.203626e+01,7.197402e+01,7.194289e+01,7.181829e+01,7.163119e+01,7.158958e+01,7.150632e+01,7.146468e+01,7.132924e+01,7.104755e+01,7.126669e+01,7.105799e+01,7.055588e+01,7.043008e+01,7.079669e+01,7.076530e+01,7.029366e+01,7.006252e+01,7.036713e+01,7.024117e+01,7.004148e+01,7.004148e+01,6.980993e+01,6.970455e+01,6.965184e+01,6.962020e+01,6.939852e+01,6.921882e+01,6.926112e+01,6.919766e+01,6.915534e+01,6.902830e+01,6.898592e+01,6.877386e+01,6.914476e+01,6.865710e+01,6.863586e+01,6.861462e+01,6.866772e+01,6.864648e+01,6.843391e+01,6.861462e+01,6.847646e+01,6.845518e+01,6.799715e+01,6.796514e+01,6.793313e+01,6.792245e+01,6.791177e+01,6.790110e+01,6.814645e+01,6.809315e+01,6.803983e+01,6.754833e+01,6.798649e+01,6.794380e+01,6.794380e+01,6.766602e+01,6.790110e+01,6.785839e+01,6.781566e+01,6.758044e+01,6.751622e+01,6.745197e+01,6.783703e+01,6.733411e+01,6.775155e+01,6.785839e+01,6.780498e+01,6.775155e+01,6.769810e+01,6.764463e+01,6.759114e+01,6.753763e+01,6.748410e+01,6.755904e+01,6.767671e+01,6.766602e+01,6.764463e+01,6.762324e+01,6.759114e+01,6.803983e+01,6.771948e+01,6.815710e+01,6.808248e+01,6.801849e+01,6.795448e+01,6.831687e+01,6.825298e+01,6.819972e+01,6.814645e+01,6.851898e+01,6.815710e+01,6.826363e+01,6.826363e+01,6.826363e+01,6.868896e+01,6.875265e+01,6.885873e+01,6.877386e+01,6.873141e+01,6.912359e+01,6.903889e+01,6.899652e+01,6.907066e+01,6.960965e+01,6.912359e+01,6.955690e+01,6.944077e+01,6.938796e+01,6.976779e+01,6.972564e+01,6.967293e+01,6.972564e+01,6.972564e+01,6.968347e+01,7.007303e+01,7.004148e+01,7.000993e+01,7.007303e+01,7.007303e+01,6.992576e+01,6.989417e+01,7.029366e+01,7.027267e+01,7.025166e+01,7.023066e+01,7.020966e+01,7.018864e+01,7.016763e+01,6.995733e+01,7.015712e+01,7.007303e+01,6.993628e+01,6.991523e+01,6.980993e+01,6.978886e+01,6.960965e+01,6.988364e+01,6.943021e+01,6.940909e+01,6.929284e+01,6.909184e+01,6.936683e+01,6.923997e+01,6.896473e+01,6.894353e+01,6.890114e+01,6.872080e+01,6.857212e+01,6.835944e+01,6.837009e+01,6.808248e+01,6.761254e+01,6.756974e+01,6.761254e+01,6.770879e+01,6.756974e+01,6.743055e+01,6.685088e+01,6.664635e+01,6.679709e+01,6.622559e+01,6.595519e+01,6.599850e+01,6.541282e+01,6.526057e+01,6.490104e+01,6.450774e+01,6.429971e+01,6.395962e+01,6.375076e+01,6.360767e+01,6.325480e+01,6.288994e+01,6.249079e+01,6.230189e+01,6.209045e+01,6.137579e+01,6.148771e+01,6.112924e+01,6.082603e+01,6.020625e+01,5.983298e+01,5.948138e+01,5.916299e+01,5.877534e+01,5.874108e+01,5.805400e+01,5.778965e+01,5.737481e+01,5.698180e+01,5.668045e+01,5.629696e+01,5.601733e+01,5.520999e+01,5.483384e+01,5.453918e+01,5.405447e+01,5.354411e+01,5.352032e+01,5.279260e+01,5.275670e+01,5.240915e+01,5.191612e+01,5.155413e+01,5.121531e+01,5.055924e+01,5.008322e+01,4.947022e+01,4.906394e+01,4.870578e+01,4.817276e+01,4.784933e+01,4.748754e+01,4.709959e+01,4.669781e+01,4.628204e+01,4.590280e+01,4.508967e+01,4.482163e+01,4.452737e+01,4.382066e+01,4.367881e+01,4.321333e+01,4.290198e+01,4.252463e+01,4.218526e+01,4.193663e+01,4.166120e+01,4.143774e+01,4.120066e+01,4.056602e+01,4.019417e+01,4.006107e+01,3.991448e+01,3.967419e+01,3.967419e+01,3.920548e+01,3.890985e+01,3.870784e+01,3.870784e+01,3.841090e+01,3.809961e+01,3.785538e+01,3.770586e+01,3.743349e+01,3.743349e+01,3.743349e+01,3.680449e+01,3.714679e+01,3.690044e+01,3.690044e+01,3.690044e+01,3.690044e+01,3.690044e+01,3.633725e+01,3.629592e+01,3.625458e+01,3.666727e+01,3.644736e+01,3.646112e+01,3.646112e+01,3.646112e+01,3.615807e+01,3.586800e+01,3.574345e+01,3.574345e+01,3.563261e+01,3.563261e+01,3.563261e+01,3.563261e+01,3.563261e+01,3.563261e+01,3.563261e+01,3.563261e+01,3.563261e+01,3.563261e+01,3.563261e+01,3.563261e+01,3.563261e+01,3.563261e+01,3.563261e+01,3.563261e+01,3.513247e+01,3.513247e+01,3.513247e+01,3.513247e+01,3.513247e+01,3.570190e+01,3.528554e+01,3.524381e+01,3.520207e+01,3.524381e+01,3.577114e+01,3.577114e+01,3.577114e+01,3.577114e+01,3.577114e+01,3.577114e+01,3.577114e+01,3.577114e+01,3.626836e+01,3.626836e+01,3.626836e+01,3.626836e+01,3.626836e+01,3.626836e+01,3.683191e+01,3.683191e+01,3.683191e+01,3.683191e+01,3.683191e+01,3.683191e+01,3.683191e+01,3.683191e+01,3.683191e+01,3.683191e+01,3.683191e+01,3.683191e+01,3.683191e+01,3.683191e+01,3.683191e+01,3.683191e+01,3.683191e+01,3.683191e+01,3.683191e+01,3.683191e+01,3.683191e+01,3.683191e+01,3.683191e+01,3.683191e+01,3.629592e+01,3.629592e+01,3.629592e+01,3.629592e+01,3.629592e+01,3.629592e+01,3.629592e+01,3.629592e+01,3.629592e+01,3.629592e+01,3.629592e+01,3.629592e+01,3.629592e+01,3.629592e+01,3.629592e+01,3.629592e+01,3.629592e+01,3.629592e+01,3.629592e+01,3.629592e+01,3.629592e+01,3.629592e+01,3.629592e+01,3.629592e+01,3.629592e+01,3.629592e+01,3.629592e+01,3.629592e+01,3.629592e+01,3.629592e+01,3.629592e+01,3.629592e+01,3.629592e+01,3.629592e+01,3.629592e+01,3.629592e+01,3.629592e+01,3.629592e+01,3.629592e+01,3.629592e+01,3.629592e+01,3.629592e+01,3.629592e+01,3.600622e+01,3.600622e+01,3.600622e+01,3.600622e+01,3.600622e+01,3.600622e+01,3.600622e+01,3.600622e+01,3.600622e+01,3.600622e+01,3.600622e+01,3.600622e+01,3.600622e+01,3.600622e+01,3.600622e+01,3.600622e+01,3.600622e+01,3.600622e+01,3.600622e+01,3.600622e+01,3.600622e+01,3.600622e+01,3.600622e+01,3.600622e+01,3.600622e+01,3.600622e+01,3.600622e+01,3.600622e+01,3.600622e+01,3.600622e+01,3.600622e+01,3.600622e+01,3.600622e+01,3.600622e+01,3.600622e+01,3.600622e+01,3.600622e+01,3.600622e+01,3.600622e+01,3.600622e+01,3.600622e+01,3.600622e+01,3.600622e+01,3.600622e+01,3.600622e+01,3.600622e+01
3.419545e+01,3.419545e+01,3.419545e+01,3.419545e+01,3.419545e+01,3.419545e+01,3.476981e+01,3.433582e+01,3.430776e+01,3.434985e+01,3.434985e+01,3.434985e+01,3.492339e+01,3.449002e+01,3.469993e+01,3.483965e+01,3.481172e+01,3.478378e+01,3.532724e+01,3.532724e+01,3.532724e+01,3.532724e+01,3.532724e+01,3.589566e+01,3.590948e+01,3.602003e+01,3.603384e+01,3.603384e+01,3.603384e+01,3.603384e+01,3.603384e+01,3.659860e+01,3.661234e+01,3.662607e+01,3.619944e+01,3.647488e+01,3.647488e+01,3.696893e+01,3.696893e+01,3.696893e+01,3.696893e+01,3.752890e+01,3.766505e+01,3.766505e+01,3.822152e+01,3.834330e+01,3.849196e+01,3.861345e+01,3.947355e+01,3.956723e+01,3.976770e+01,3.976770e+01,4.031383e+01,4.032712e+01,4.032712e+01,4.064555e+01,4.093666e+01,4.109513e+01,4.191043e+01,4.196283e+01,4.197593e+01,4.211989e+01,4.238118e+01,4.238118e+01,4.238118e+01,4.268092e+01,4.291497e+01,4.291497e+01,4.344630e+01,4.353678e+01,4.365300e+01,4.365300e+01,4.365300e+01,4.365300e+01,4.376910e+01,4.433505e+01,4.433505e+01,4.433505e+01,4.433505e+01,4.461700e+01,4.461700e+01,4.514066e+01,4.514066e+01,4.514066e+01,4.514066e+01,4.514066e+01,4.566199e+01,4.526802e+01,4.547152e+01,4.552234e+01,4.609257e+01,4.609257e+01,4.609257e+01,4.609257e+01,4.609257e+01,4.609257e+01,4.659715e+01,4.659715e+01,4.711213e+01,4.699928e+01,4.752502e+01,4.768728e+01,4.797383e+01,4.825970e+01,4.868105e+01,4.887882e+01,4.906394e+01,4.943334e+01,5.009545e+01,5.035197e+01,5.080264e+01,5.098487e+01,5.125166e+01,5.156621e+01,5.198840e+01,5.280457e+01,5.293609e+01,5.329410e+01,5.359167e+01,5.436206e+01,5.450378e+01,5.486914e+01,5.543281e+01,5.616887e+01,5.625040e+01,5.656437e+01,5.734018e+01,5.743251e+01,5.795062e+01,5.820317e+01,5.837508e+01,5.909467e+01,5.925404e+01,5.945866e+01,6.018366e+01,6.022884e+01,6.080355e+01,6.084852e+01,6.137579e+01,6.168892e+01,6.168892e+01,6.214613e+01,6.251300e+01,6.277918e+01,6.297848e+01,6.325480e+01,6.400356e+01,6.410235e+01,6.455150e+01,6.461710e+01,6.514083e+01,6.528233e+01,6.543456e+01,6.570597e+01,6.610668e+01,6.648467e+01,6.736626e+01,6.744126e+01,6.750552e+01,6.808248e+01,6.815710e+01,6.878448e+01,6.873141e+01,6.923997e+01,6.934570e+01,6.987312e+01,6.997837e+01,7.035664e+01,7.044056e+01,7.054539e+01,7.072344e+01,7.123540e+01,7.133966e+01,7.144385e+01,7.171437e+01,7.190137e+01,7.233675e+01,7.268825e+01,7.278115e+01,7.288431e+01,7.282242e+01,7.330649e+01,7.340927e+01,7.351199e+01,7.361463e+01,7.361463e+01,7.403472e+01,7.413699e+01,7.423920e+01,7.422899e+01,7.423920e+01,7.424942e+01,7.423920e+01,7.422899e+01,7.459638e+01,7.460657e+01,7.470846e+01,7.465752e+01,7.454541e+01,7.432092e+01,7.453521e+01,7.447401e+01,7.433113e+01,7.418811e+01,7.395284e+01,7.422899e+01,7.407564e+01,7.362489e+01,7.358385e+01,7.352225e+01,7.375821e+01,7.355305e+01,7.350172e+01,7.345036e+01,7.336816e+01,7.318304e+01,7.301830e+01,7.321391e+01,7.319334e+01,7.297708e+01,7.246090e+01,7.282242e+01,7.266759e+01,7.245056e+01,7.237814e+01,7.226427e+01,7.176634e+01,7.203626e+01,7.182867e+01,7.140218e+01,7.139176e+01,7.157917e+01,7.098487e+01,7.108932e+01,7.132924e+01,7.086990e+01,7.071297e+01,7.070251e+01,7.059779e+01,7.078623e+01,7.063969e+01,7.043008e+01,7.029366e+01,7.020966e+01,7.003097e+01,6.983099e+01,7.005200e+01,7.003097e+01,6.994680e+01,6.988364e+01,6.973618e+01,6.967293e+01,6.956745e+01,6.954634e+01,6.927170e+01,6.922939e+01,6.918708e+01,6.916592e+01,6.912359e+01,6.889054e+01,6.886933e+01,6.875265e+01,6.858275e+01,6.875265e+01,6.869957e+01,6.864648e+01,6.861462e+01,6.858275e+01,6.863586e+01,6.862524e+01,6.855087e+01,6.827428e+01,6.846582e+01,6.857212e+01,6.850835e+01,6.835944e+01,6.815710e+01,6.814645e+01,6.812513e+01,6.807182e+01,6.801849e+01,6.837009e+01,6.841264e+01,6.839137e+01,6.810381e+01,6.821038e+01,6.819972e+01,6.816776e+01,6.810381e+01,6.803983e+01,6.800783e+01,6.838072e+01,6.831687e+01,6.825298e+01,6.824233e+01,6.823168e+01,6.821038e+01,6.817841e+01,6.814645e+01,6.822103e+01,6.822103e+01,6.840201e+01,6.850835e+01,6.842328e+01,6.838072e+01,6.842328e+01,6.852961e+01,6.852961e+01,6.852961e+01,6.852961e+01,6.896473e+01,6.881631e+01,6.880569e+01,6.879509e+01,6.890114e+01,6.900711e+01,6.902830e+01,6.904948e+01,6.920824e+01,6.927170e+01,6.937740e+01,6.974671e+01,6.969402e+01,6.979940e+01,6.977833e+01,7.004148e+01,7.014661e+01,7.002045e+01,7.007303e+01,7.017814e+01,7.012560e+01,7.006252e+01,7.048251e+01,7.048251e+01,7.054539e+01,7.065015e+01,7.061874e+01,7.058731e+01,7.058731e+01,7.058731e+01,7.044056e+01,7.051395e+01,7.061874e+01,7.062921e+01,7.060826e+01,7.101621e+01,7.100577e+01,7.056635e+01,7.054539e+01,7.076530e+01,7.077576e+01,7.070251e+01,7.057684e+01,7.056635e+01,7.047202e+01,7.046153e+01,7.034615e+01,7.031466e+01,7.007303e+01,7.006252e+01,6.995733e+01,6.982047e+01,6.980993e+01,6.953579e+01,6.987312e+01,6.943021e+01,6.938796e+01,6.920824e+01,6.949357e+01,6.885873e+01,6.871019e+01,6.886933e+01,6.861462e+01,6.842328e+01,6.798649e+01,6.797581e+01,6.786906e+01,6.758044e+01,6.720541e+01,6.743055e+01,6.720541e+01,6.664635e+01,6.639836e+01,6.661404e+01,6.580354e+01,6.587939e+01,6.549974e+01,6.531496e+01,6.495557e+01,6.463897e+01,6.442019e+01,6.412429e+01,6.375076e+01,6.336517e+01,6.317749e+01,6.297848e+01,6.254630e+01,6.204590e+01,6.188984e+01,6.147652e+01,6.119653e+01,6.055594e+01,6.021754e+01,5.981033e+01,5.951545e+01,5.942458e+01,5.869538e+01,5.860395e+01,5.784716e+01,5.747865e+01,5.717846e+01,5.681963e+01,5.652952e+01,5.619217e+01,5.547967e+01,5.515129e+01,5.488091e+01,5.438569e+01,5.418470e+01,5.343702e+01,5.350842e+01,5.281653e+01,5.240915e+01,5.201248e+01,5.161454e+01,5.121531e+01,5.060796e+01,5.068100e+01,5.004652e+01,4.915023e+01,4.873052e+01,4.829693e+01,4.793649e+01,4.753751e+01,4.711213e+01,4.664749e+01,4.638297e+01,4.594078e+01,4.522983e+01,4.492382e+01,4.456579e+01,4.410386e+01,4.378199e+01,4.342044e+01,4.307073e+01,4.265489e+01,4.238118e+01,4.198902e+01,4.177932e+01,4.143774e+01,4.092345e+01,4.059254e+01,4.028725e+01,4.028725e+01,3.991448e+01,3.936640e+01,3.978105e+01,3.941999e+01,3.919206e+01,3.903089e+01,3.846495e+01,3.837035e+01,3.816735e+01,3.816735e+01,3.770586e+01,3.714679e+01,3.710577e+01,3.698262e+01,3.680449e+01,3.707841e+01,3.707841e+01,3.707841e+01,3.651613e+01,3.647488e+01,3.635102e+01,3.676334e+01,3.676334e+01,3.624080e+01,3.658486e+01,3.658486e+01,3.602003e+01,3.654363e+01,3.639232e+01,3.611667e+01,3.593713e+01,3.593713e+01,3.593713e+01,3.593713e+01,3.593713e+01,3.593713e+01,3.593713e+01,3.563261e+01,3.563261e+01,3.563261e+01,3.563261e+01,3.563261e+01,3.563261e+01,3.563261e+01,3.563261e+01,3.563261e+01,3.563261e+01,3.563261e+01,3.563261e+01,3.563261e+01,3.563261e+01,3.513247e+01,3.513247e+01,3.513247e+01,3.513247e+01,3.513247e+01,3.570190e+01,3.564648e+01,3.520207e+01,3.546616e+01,3.543839e+01,3.597859e+01,3.597859e+01,3.597859e+01,3.597859e+01,3.597859e+01,3.654363e+01,3.610287e+01,3.610287e+01,3.666727e+01,3.668100e+01,3.669473e+01,3.680449e+01,3.695523e+01,3.695523e+01,3.695523e+01,3.695523e+01,3.695523e+01,3.695523e+01,3.695523e+01,3.695523e+01,3.695523e+01,3.695523e+01,3.695523e+01,3.695523e+01,3.695523e+01,3.695523e+01,3.695523e+01,3.695523e+01,3.695523e+01,3.695523e+01,3.695523e+01,3.695523e+01,3.695523e+01,3.695523e+01,3.695523e+01,3.695523e+01,3.629592e+01,3.629592e+01,3.629592e+01,3.629592e+01,3.685933e+01,3.684562e+01,3.683191e+01,3.625458e+01,3.625458e+01,3.625458e+01,3.625458e+01,3.625458e+01,3.625458e+01,3.625458e+01,3.625458e+01,3.625458e+01,3.625458e+01,3.625458e+01,3.625458e+01,3.625458e+01,3.625458e+01,3.625458e+01,3.625458e+01,3.625458e+01,3.625458e+01,3.625458e+01,3.625458e+01,3.625458e+01,3.625458e+01,3.625458e+01,3.625458e+01,3.625458e+01,3.625458e+01,3.625458e+01,3.625458e+01,3.625458e+01,3.625458e+01,3.625458e+01,3.625458e+01,3.625458e+01,3.625458e+01,3.625458e+01,3.625458e+01,3.568805e+01,3.567419e+01,3.622702e+01,3.622702e+01,3.622702e+01,3.622702e+01,3.622702e+01,3.622702e+01,3.622702e+01,3.622702e+01,3.622702e+01,3.622702e+01,3.622702e+01,3.622702e+01,3.622702e+01,3.622702e+01,3.622702e+01,3.622702e+01,3.622702e+01,3.622702e+01,3.622702e+01,3.622702e+01,3.622702e+01,3.622702e+01,3.622702e+01,3.622702e+01,3.622702e+01,3.622702e+01,3.622702e+01,3.622702e+01,3.622702e+01,3.622702e+01,3.622702e+01,3.622702e+01,3.622702e+01,3.622702e+01,3.622702e+01,3.622702e+01,3.622702e+01,3.622702e+01,3.622702e+01,3.622702e+01,3.622702e+01,3.622702e+01,3.622702e+01,3.622702e+01
3.419545e+01,3.419545e+01,3.419545e+01,3.419545e+01,3.419545e+01,3.419545e+01,3.476981e+01,3.440593e+01,3.440593e+01,3.440593e+01,3.440593e+01,3.440593e+01,3.440593e+01,3.497919e+01,3.496524e+01,3.496524e+01,3.496524e+01,3.496524e+01,3.496524e+01,3.532724e+01,3.532724e+01,3.532724e+01,3.532724e+01,3.532724e+01,3.590948e+01,3.590948e+01,3.590948e+01,3.590948e+01,3.590948e+01,3.590948e+01,3.647488e+01,3.655737e+01,3.655737e+01,3.655737e+01,3.655737e+01,3.655737e+01,3.655737e+01,3.655737e+01,3.696893e+01,3.696893e+01,3.696893e+01,3.752890e+01,3.752890e+01,3.752890e+01,3.822152e+01,3.822152e+01,3.877522e+01,3.888294e+01,3.921890e+01,3.956723e+01,3.956723e+01,4.011433e+01,4.027396e+01,4.027396e+01,4.081766e+01,4.087056e+01,4.087056e+01,4.130609e+01,4.166120e+01,4.166120e+01,4.166120e+01,4.211989e+01,4.211989e+01,4.211989e+01,4.265489e+01,4.269394e+01,4.269394e+01,4.322629e+01,4.340751e+01,4.340751e+01,4.340751e+01,4.340751e+01,4.393660e+01,4.394947e+01,4.405242e+01,4.429655e+01,4.429655e+01,4.429655e+01,4.429655e+01,4.461700e+01,4.488551e+01,4.510242e+01,4.510242e+01,4.510242e+01,4.510242e+01,4.510242e+01,4.510242e+01,4.562392e+01,4.563661e+01,4.538253e+01,4.571273e+01,4.570004e+01,4.568736e+01,4.619366e+01,4.619366e+01,4.619366e+01,4.619366e+01,4.659715e+01,4.687376e+01,4.712466e+01,4.728747e+01,4.758746e+01,4.791159e+01,4.825970e+01,4.844577e+01,4.887882e+01,4.919952e+01,4.949480e+01,4.999758e+01,5.031536e+01,5.053487e+01,5.123954e+01,5.128799e+01,5.162661e+01,5.192817e+01,5.251711e+01,5.317488e+01,5.332985e+01,5.365110e+01,5.413736e+01,5.489268e+01,5.545625e+01,5.552652e+01,5.594733e+01,5.664564e+01,5.673846e+01,5.759392e+01,5.768607e+01,5.839799e+01,5.838654e+01,5.861538e+01,5.906049e+01,5.952680e+01,5.961760e+01,5.998016e+01,6.025142e+01,6.060099e+01,6.133100e+01,6.139818e+01,6.163306e+01,6.186753e+01,6.254630e+01,6.256849e+01,6.317749e+01,6.323272e+01,6.379476e+01,6.410235e+01,6.433258e+01,6.451868e+01,6.481374e+01,6.539108e+01,6.583605e+01,6.589022e+01,6.641994e+01,6.692616e+01,6.700140e+01,6.746268e+01,6.746268e+01,6.790110e+01,6.817841e+01,6.840201e+01,6.918708e+01,6.923997e+01,6.976779e+01,6.987312e+01,6.996785e+01,7.019915e+01,7.076530e+01,7.118324e+01,7.117281e+01,7.127711e+01,7.179751e+01,7.178712e+01,7.226427e+01,7.225392e+01,7.278115e+01,7.285336e+01,7.295647e+01,7.338872e+01,7.337844e+01,7.342982e+01,7.353252e+01,7.396308e+01,7.395284e+01,7.436176e+01,7.447401e+01,7.457599e+01,7.457599e+01,7.499336e+01,7.499336e+01,7.500352e+01,7.501369e+01,7.501369e+01,7.511530e+01,7.521683e+01,7.522698e+01,7.523713e+01,7.519653e+01,7.493236e+01,7.477973e+01,7.476955e+01,7.472882e+01,7.502385e+01,7.472882e+01,7.456580e+01,7.455560e+01,7.467789e+01,7.442300e+01,7.439239e+01,7.439239e+01,7.396308e+01,7.396308e+01,7.396308e+01,7.396308e+01,7.396308e+01,7.360437e+01,7.345036e+01,7.346064e+01,7.340927e+01,7.321391e+01,7.294617e+01,7.304920e+01,7.286368e+01,7.268825e+01,7.264694e+01,7.239884e+01,7.216068e+01,7.213995e+01,7.213995e+01,7.198440e+01,7.198440e+01,7.176634e+01,7.177673e+01,7.183907e+01,7.180790e+01,7.154796e+01,7.140218e+01,7.140218e+01,7.130840e+01,7.131882e+01,7.075484e+01,7.075484e+01,7.075484e+01,7.075484e+01,7.075484e+01,7.026216e+01,7.024117e+01,7.024117e+01,7.024117e+01,7.024117e+01,7.024117e+01,7.024117e+01,6.999941e+01,6.982047e+01,6.972564e+01,6.968347e+01,6.964129e+01,6.962020e+01,6.941965e+01,6.936683e+01,6.934570e+01,6.922939e+01,6.949357e+01,6.950413e+01,6.946189e+01,6.941965e+01,6.939852e+01,6.894353e+01,6.894353e+01,6.896473e+01,6.885873e+01,6.876326e+01,6.876326e+01,6.879509e+01,6.876326e+01,6.864648e+01,6.891174e+01,6.890114e+01,6.887994e+01,6.882691e+01,6.889054e+01,6.856149e+01,6.856149e+01,6.856149e+01,6.856149e+01,6.856149e+01,6.856149e+01,6.856149e+01,6.856149e+01,6.856149e+01,6.856149e+01,6.856149e+01,6.856149e+01,6.856149e+01,6.856149e+01,6.856149e+01,6.856149e+01,6.856149e+01,6.901771e+01,6.901771e+01,6.901771e+01,6.901771e+01,6.901771e+01,6.893294e+01,6.889054e+01,6.889054e+01,6.889054e+01,6.932455e+01,6.933512e+01,6.901771e+01,6.912359e+01,6.925055e+01,6.968347e+01,6.926112e+01,6.970455e+01,6.972564e+01,6.974671e+01,6.976779e+01,6.978886e+01,7.024117e+01,7.018864e+01,7.029366e+01,7.027267e+01,7.030416e+01,7.034615e+01,7.032516e+01,7.079669e+01,7.070251e+01,7.073391e+01,7.076530e+01,7.074438e+01,7.078623e+01,7.089082e+01,7.092217e+01,7.095353e+01,7.098487e+01,7.100577e+01,7.100577e+01,7.146468e+01,7.107887e+01,7.139176e+01,7.143343e+01,7.147509e+01,7.108932e+01,7.117281e+01,7.127711e+01,7.155836e+01,7.131882e+01,7.136050e+01,7.133966e+01,7.137093e+01,7.132924e+01,7.123540e+01,7.125626e+01,7.076530e+01,7.123540e+01,7.114151e+01,7.095353e+01,7.073391e+01,7.074438e+01,7.066063e+01,7.054539e+01,7.037762e+01,7.017814e+01,7.014661e+01,6.997837e+01,6.995733e+01,6.984153e+01,6.980993e+01,6.945133e+01,6.932455e+01,6.916592e+01,6.909184e+01,6.911301e+01,6.844455e+01,6.845518e+01,6.818907e+01,6.835944e+01,6.818907e+01,6.774086e+01,6.754833e+01,6.746268e+01,6.723759e+01,6.701214e+01,6.639836e+01,6.617155e+01,6.607423e+01,6.566257e+01,6.534760e+01,6.505368e+01,6.467175e+01,6.440924e+01,6.402551e+01,6.392667e+01,6.376176e+01,6.333207e+01,6.288994e+01,6.267942e+01,6.229077e+01,6.187868e+01,6.156599e+01,6.092718e+01,6.055594e+01,6.019495e+01,5.992357e+01,5.959490e+01,5.907188e+01,5.874108e+01,5.854677e+01,5.765152e+01,5.731709e+01,5.739790e+01,5.703967e+01,5.619217e+01,5.606398e+01,5.566694e+01,5.535077e+01,5.458637e+01,5.414919e+01,5.413736e+01,5.388853e+01,5.318681e+01,5.276867e+01,5.236114e+01,5.195227e+01,5.154205e+01,5.125166e+01,5.049831e+01,5.009545e+01,4.975258e+01,4.880469e+01,4.849534e+01,4.809820e+01,4.763738e+01,4.727495e+01,4.693653e+01,4.671038e+01,4.625679e+01,4.559853e+01,4.534438e+01,4.493658e+01,4.400096e+01,4.374331e+01,4.338164e+01,4.303181e+01,4.261583e+01,4.234202e+01,4.204139e+01,4.166120e+01,4.137194e+01,4.105554e+01,4.068529e+01,4.043336e+01,4.026067e+01,4.039353e+01,3.955385e+01,3.972763e+01,3.947355e+01,3.919206e+01,3.876175e+01,3.872132e+01,3.872132e+01,3.816735e+01,3.789612e+01,3.777385e+01,3.747440e+01,3.751528e+01,3.691414e+01,3.691414e+01,3.691414e+01,3.691414e+01,3.691414e+01,3.691414e+01,3.691414e+01,3.635102e+01,3.670845e+01,3.643361e+01,3.628214e+01,3.652988e+01,3.625458e+01,3.617186e+01,3.628214e+01,3.628214e+01,3.628214e+01,3.628214e+01,3.593713e+01,3.593713e+01,3.593713e+01,3.593713e+01,3.593713e+01,3.593713e+01,3.563261e+01,3.563261e+01,3.563261e+01,3.563261e+01,3.563261e+01,3.563261e+01,3.563261e+01,3.563261e+01,3.563261e+01,3.563261e+01,3.563261e+01,3.563261e+01,3.506282e+01,3.549392e+01,3.539672e+01,3.539672e+01,3.539672e+01,3.539672e+01,3.539672e+01,3.539672e+01,3.539672e+01,3.539672e+01,3.539672e+01,3.596477e+01,3.611667e+01,3.611667e+01,3.611667e+01,3.611667e+01,3.611667e+01,3.654363e+01,3.672218e+01,3.628214e+01,3.640608e+01,3.640608e+01,3.640608e+01,3.680449e+01,3.680449e+01,3.680449e+01,3.680449e+01,3.680449e+01,3.680449e+01,3.736530e+01,3.687303e+01,3.687303e+01,3.687303e+01,3.687303e+01,3.687303e+01,3.687303e+01,3.687303e+01,3.687303e+01,3.687303e+01,3.687303e+01,3.687303e+01,3.687303e+01,3.687303e+01,3.687303e+01,3.687303e+01,3.687303e+01,3.687303e+01,3.687303e+01,3.687303e+01,3.687303e+01,3.685933e+01,3.640608e+01,3.659860e+01,3.659860e+01,3.659860e+01,3.659860e+01,3.659860e+01,3.659860e+01,3.659860e+01,3.659860e+01,3.659860e+01,3.659860e+01,3.659860e+01,3.659860e+01,3.625458e+01,3.625458e+01,3.625458e+01,3.625458e+01,3.625458e+01,3.625458e+01,3.625458e+01,3.625458e+01,3.625458e+01,3.625458e+01,3.625458e+01,3.625458e+01,3.625458e+01,3.625458e+01,3.625458e+01,3.625458e+01,3.625458e+01,3.625458e+01,3.625458e+01,3.625458e+01,3.625458e+01,3.625458e+01,3.625458e+01,3.625458e+01,3.625458e+01,3.625458e+01,3.625458e+01,3.625458e+01,3.625458e+01,3.625458e+01,3.625458e+01,3.625458e+01,3.625458e+01,3.625458e+01,3.625458e+01,3.625458e+01,3.625458e+01,3.625458e+01,3.625458e+01,3.625458e+01,3.625458e+01,3.625458e+01,3.625458e+01,3.625458e+01,3.568805e+01,3.622702e+01,3.622702e+01,3.622702e+01,3.622702e+01,3.622702e+01,3.622702e+01,3.622702e+01,3.622702e+01,3.622702e+01,3.622702e+01,3.622702e+01,3.622702e+01,3.622702e+01,3.622702e+01,3.622702e+01,3.622702e+01,3.622702e+01,3.622702e+01,3.622702e+01,3.622702e+01,3.622702e+01,3.622702e+01,3.622702e+01,3.622702e+01,3.622702e+01,3.622702e+01,3.622702e+01,3.622702e+01
3.419545e+01,3.419545e+01,3.419545e+01,3.419545e+01,3.419545e+01,3.419545e+01,3.419545e+01,3.419545e+01,3.476981e+01,3.482569e+01,3.488153e+01,3.489548e+01,3.500707e+01,3.457403e+01,3.451803e+01,3.503495e+01,3.503495e+01,3.503495e+01,3.503495e+01,3.503495e+01,3.532724e+01,3.532724e+01,3.532724e+01,3.532724e+01,3.590948e+01,3.590948e+01,3.590948e+01,3.590948e+01,3.590948e+01,3.590948e+01,3.647488e+01,3.647488e+01,3.647488e+01,3.647488e+01,3.647488e+01,3.647488e+01,3.647488e+01,3.703736e+01,3.700999e+01,3.700999e+01,3.700999e+01,3.752890e+01,3.752890e+01,3.808606e+01,3.834330e+01,3.861345e+01,3.874828e+01,3.903089e+01,3.925914e+01,3.950032e+01,3.976770e+01,3.986113e+01,4.027396e+01,3.999446e+01,4.019417e+01,4.077797e+01,4.104234e+01,4.117429e+01,4.146405e+01,4.146405e+01,4.200212e+01,4.209373e+01,4.209373e+01,4.262885e+01,4.277200e+01,4.277200e+01,4.277200e+01,4.322629e+01,4.322629e+01,4.322629e+01,4.322629e+01,4.375620e+01,4.391084e+01,4.391084e+01,4.391084e+01,4.391084e+01,4.429655e+01,4.429655e+01,4.429655e+01,4.461700e+01,4.482163e+01,4.482163e+01,4.482163e+01,4.510242e+01,4.510242e+01,4.510242e+01,4.510242e+01,4.562392e+01,4.562392e+01,4.562392e+01,4.562392e+01,4.562392e+01,4.562392e+01,4.562392e+01,4.619366e+01,4.619366e+01,4.619366e+01,4.659715e+01,4.681095e+01,4.681095e+01,4.728747e+01,4.762490e+01,4.794894e+01,4.819761e+01,4.863155e+01,4.875525e+01,4.911326e+01,4.947022e+01,4.985064e+01,5.010767e+01,5.057142e+01,5.100914e+01,5.121531e+01,5.159038e+01,5.244515e+01,5.260102e+01,5.294804e+01,5.325835e+01,5.363921e+01,5.455098e+01,5.449198e+01,5.533904e+01,5.564355e+01,5.637840e+01,5.675006e+01,5.698180e+01,5.757087e+01,5.789315e+01,5.818023e+01,5.864968e+01,5.874108e+01,5.902630e+01,5.927679e+01,5.986696e+01,6.001409e+01,6.074731e+01,6.084852e+01,6.130859e+01,6.152127e+01,6.212386e+01,6.222403e+01,6.252410e+01,6.276810e+01,6.342032e+01,6.350851e+01,6.423396e+01,6.427780e+01,6.472638e+01,6.479190e+01,6.535847e+01,6.546716e+01,6.608505e+01,6.617155e+01,6.686164e+01,6.702289e+01,6.723759e+01,6.787975e+01,6.796514e+01,6.842328e+01,6.890114e+01,6.899652e+01,6.971510e+01,6.979940e+01,6.990470e+01,7.033565e+01,7.039861e+01,7.049299e+01,7.120411e+01,7.130840e+01,7.130840e+01,7.173516e+01,7.232639e+01,7.239884e+01,7.251260e+01,7.300800e+01,7.312129e+01,7.354279e+01,7.362489e+01,7.373771e+01,7.373771e+01,7.416766e+01,7.424942e+01,7.436176e+01,7.485098e+01,7.496286e+01,7.498319e+01,7.500352e+01,7.550076e+01,7.561216e+01,7.563241e+01,7.565265e+01,7.567289e+01,7.569312e+01,7.571336e+01,7.573359e+01,7.575381e+01,7.535886e+01,7.560204e+01,7.535886e+01,7.563241e+01,7.522698e+01,7.524728e+01,7.518638e+01,7.534872e+01,7.519653e+01,7.519653e+01,7.504418e+01,7.481027e+01,7.478991e+01,7.499336e+01,7.472882e+01,7.473901e+01,7.474919e+01,7.434135e+01,7.454541e+01,7.435155e+01,7.419833e+01,7.419833e+01,7.414722e+01,7.379921e+01,7.397332e+01,7.382995e+01,7.364541e+01,7.347091e+01,7.327563e+01,7.296678e+01,7.276051e+01,7.316246e+01,7.259528e+01,7.245056e+01,7.271922e+01,7.253328e+01,7.254362e+01,7.212959e+01,7.205701e+01,7.197402e+01,7.182867e+01,7.182867e+01,7.173516e+01,7.152714e+01,7.157917e+01,7.157917e+01,7.115194e+01,7.114151e+01,7.093262e+01,7.105799e+01,7.102666e+01,7.101621e+01,7.057684e+01,7.060826e+01,7.058731e+01,7.044056e+01,7.025166e+01,7.053492e+01,7.041959e+01,7.035664e+01,7.029366e+01,7.025166e+01,7.003097e+01,6.995733e+01,6.991523e+01,6.986259e+01,6.984153e+01,6.982047e+01,6.982047e+01,6.975726e+01,6.960965e+01,6.935626e+01,6.933512e+01,6.931399e+01,6.962020e+01,6.951468e+01,6.950413e+01,6.949357e+01,6.945133e+01,6.939852e+01,6.937740e+01,6.935626e+01,6.932455e+01,6.926112e+01,6.911301e+01,6.896473e+01,6.938796e+01,6.938796e+01,6.895413e+01,6.894353e+01,6.893294e+01,6.892234e+01,6.891174e+01,6.890114e+01,6.894353e+01,6.893294e+01,6.892234e+01,6.934570e+01,6.934570e+01,6.934570e+01,6.934570e+01,6.900711e+01,6.913417e+01,6.913417e+01,6.956745e+01,6.956745e+01,6.956745e+01,6.948301e+01,6.944077e+01,6.944077e+01,6.952524e+01,6.964129e+01,6.959910e+01,6.989417e+01,6.989417e+01,6.997837e+01,6.995733e+01,7.022015e+01,6.990470e+01,7.033565e+01,7.033565e+01,7.033565e+01,7.041959e+01,7.052444e+01,7.051395e+01,7.055588e+01,7.100577e+01,7.100577e+01,7.100577e+01,7.106844e+01,7.117281e+01,7.107887e+01,7.107887e+01,7.150632e+01,7.148550e+01,7.148550e+01,7.148550e+01,7.148550e+01,7.148550e+01,7.191175e+01,7.192213e+01,7.200515e+01,7.198440e+01,7.179751e+01,7.177673e+01,7.178712e+01,7.200515e+01,7.178712e+01,7.179751e+01,7.185983e+01,7.179751e+01,7.174555e+01,7.175595e+01,7.174555e+01,7.175595e+01,7.172477e+01,7.164159e+01,7.187022e+01,7.158958e+01,7.169358e+01,7.161038e+01,7.170398e+01,7.151673e+01,7.109975e+01,7.101621e+01,7.132924e+01,7.074438e+01,7.097443e+01,7.095353e+01,7.079669e+01,7.078623e+01,7.068157e+01,7.003097e+01,6.994680e+01,6.983099e+01,6.968347e+01,6.918708e+01,6.940909e+01,6.901771e+01,6.887994e+01,6.908125e+01,6.908125e+01,6.871019e+01,6.843391e+01,6.780498e+01,6.767671e+01,6.740912e+01,6.756974e+01,6.695841e+01,6.676480e+01,6.646310e+01,6.605260e+01,6.567342e+01,6.541282e+01,6.503189e+01,6.472638e+01,6.462804e+01,6.408040e+01,6.415720e+01,6.369574e+01,6.343135e+01,6.301167e+01,6.261288e+01,6.223516e+01,6.195675e+01,6.128619e+01,6.094965e+01,6.052214e+01,6.029658e+01,5.992357e+01,5.943594e+01,5.931091e+01,5.843234e+01,5.823757e+01,5.793913e+01,5.778965e+01,5.738636e+01,5.684280e+01,5.648304e+01,5.560845e+01,5.529213e+01,5.510431e+01,5.485738e+01,5.420836e+01,5.390039e+01,5.373425e+01,5.279260e+01,5.244515e+01,5.209673e+01,5.180764e+01,5.105769e+01,5.105769e+01,5.014435e+01,4.974032e+01,4.943334e+01,4.905161e+01,4.809820e+01,4.777457e+01,4.736254e+01,4.708706e+01,4.663491e+01,4.581414e+01,4.547152e+01,4.519162e+01,4.487273e+01,4.424520e+01,4.383355e+01,4.342044e+01,4.301883e+01,4.256372e+01,4.228979e+01,4.198902e+01,4.160866e+01,4.131926e+01,4.100272e+01,4.075150e+01,4.075150e+01,4.026067e+01,4.015426e+01,3.980775e+01,3.980775e+01,3.947355e+01,3.913836e+01,3.882909e+01,3.882909e+01,3.882909e+01,3.816735e+01,3.816735e+01,3.777385e+01,3.754252e+01,3.729706e+01,3.717413e+01,3.717413e+01,3.717413e+01,3.717413e+01,3.661234e+01,3.654363e+01,3.698262e+01,3.676334e+01,3.677706e+01,3.677706e+01,3.628214e+01,3.628214e+01,3.628214e+01,3.628214e+01,3.628214e+01,3.628214e+01,3.628214e+01,3.628214e+01,3.593713e+01,3.593713e+01,3.593713e+01,3.593713e+01,3.593713e+01,3.593713e+01,3.593713e+01,3.563261e+01,3.563261e+01,3.563261e+01,3.563261e+01,3.563261e+01,3.563261e+01,3.563261e+01,3.563261e+01,3.563261e+01,3.563261e+01,3.506282e+01,3.563261e+01,3.560489e+01,3.503495e+01,3.553555e+01,3.553555e+01,3.553555e+01,3.553555e+01,3.553555e+01,3.553555e+01,3.553555e+01,3.553555e+01,3.553555e+01,3.611667e+01,3.611667e+01,3.611667e+01,3.611667e+01,3.611667e+01,3.611667e+01,3.611667e+01,3.668100e+01,3.617186e+01,3.673590e+01,3.628214e+01,3.661234e+01,3.661234e+01,3.661234e+01,3.717413e+01,3.721512e+01,3.732436e+01,3.733801e+01,3.713311e+01,3.713311e+01,3.713311e+01,3.713311e+01,3.713311e+01,3.713311e+01,3.713311e+01,3.713311e+01,3.713311e+01,3.713311e+01,3.713311e+01,3.713311e+01,3.713311e+01,3.657112e+01,3.652988e+01,3.648863e+01,3.700999e+01,3.700999e+01,3.700999e+01,3.700999e+01,3.644736e+01,3.641985e+01,3.698262e+01,3.646112e+01,3.646112e+01,3.646112e+01,3.646112e+01,3.646112e+01,3.646112e+01,3.646112e+01,3.646112e+01,3.646112e+01,3.646112e+01,3.646112e+01,3.646112e+01,3.646112e+01,3.646112e+01,3.646112e+01,3.646112e+01,3.646112e+01,3.646112e+01,3.646112e+01,3.646112e+01,3.646112e+01,3.646112e+01,3.646112e+01,3.646112e+01,3.589566e+01,3.643361e+01,3.586800e+01,3.641985e+01,3.641985e+01,3.641985e+01,3.641985e+01,3.585417e+01,3.585417e+01,3.641985e+01,3.641985e+01,3.641985e+01,3.585417e+01,3.586800e+01,3.588183e+01,3.589566e+01,3.590948e+01,3.592331e+01,3.593713e+01,3.595095e+01,3.596477e+01,3.597859e+01,3.597859e+01,3.597859e+01,3.597859e+01,3.597859e+01,3.597859e+01,3.597859e+01,3.597859e+01,3.597859e+01,3.597859e+01,3.597859e+01,3.597859e+01,3.597859e+01,3.597859e+01,3.597859e+01,3.597859e+01,3.597859e+01,3.597859e+01,3.597859e+01,3.597859e+01,3.597859e+01,3.597859e+01,3.597859e+01,3.597859e+01,3.597859e+01,3.597859e+01,3.597859e+01,3.597859e+01,3.597859e+01,3.597859e+01,3.597859e+01,3.597859e+01,3.597859e+01,3.597859e+01,3.597859e+01,3.597859e+01,3.597859e+01,3.597859e+01,3.597859e+01
3.419545e+01,3.419545e+01,3.419545e+01,3.419545e+01,3.419545e+01,3.419545e+01,3.419545e+01,3.476981e+01,3.433582e+01,3.440593e+01,3.447601e+01,3.450402e+01,3.450402e+01,3.453203e+01,3.476981e+01,3.476981e+01,3.534114e+01,3.532724e+01,3.531334e+01,3.548004e+01,3.549392e+01,3.549392e+01,3.549392e+01,3.549392e+01,3.549392e+01,3.590948e+01,3.590948e+01,3.590948e+01,3.590948e+01,3.590948e+01,3.647488e+01,3.647488e+01,3.647488e+01,3.647488e+01,3.647488e+01,3.647488e+01,3.647488e+01,3.703736e+01,3.703736e+01,3.703736e+01,3.703736e+01,3.752890e+01,3.777385e+01,3.782821e+01,3.834330e+01,3.834330e+01,3.874828e+01,3.896367e+01,3.925914e+01,3.980775e+01,3.979440e+01,4.002111e+01,4.022078e+01,4.006107e+01,4.097630e+01,4.055276e+01,4.158238e+01,4.112152e+01,4.134560e+01,4.159552e+01,4.175309e+01,4.209373e+01,4.234202e+01,4.238118e+01,4.238118e+01,4.277200e+01,4.301883e+01,4.297990e+01,4.297990e+01,4.351093e+01,4.361427e+01,4.374331e+01,4.374331e+01,4.374331e+01,4.427088e+01,4.437354e+01,4.434788e+01,4.434788e+01,4.434788e+01,4.434788e+01,4.482163e+01,4.482163e+01,4.482163e+01,4.482163e+01,4.510242e+01,4.510242e+01,4.510242e+01,4.510242e+01,4.562392e+01,4.562392e+01,4.562392e+01,4.562392e+01,4.562392e+01,4.562392e+01,4.567467e+01,4.620629e+01,4.635774e+01,4.653419e+01,4.653419e+01,4.681095e+01,4.714972e+01,4.753751e+01,4.779949e+01,4.777457e+01,4.852011e+01,4.879233e+01,4.916256e+01,4.951937e+01,4.989964e+01,5.016879e+01,5.051050e+01,5.121531e+01,5.136063e+01,5.165076e+01,5.222900e+01,5.252911e+01,5.292414e+01,5.328218e+01,5.369862e+01,5.433843e+01,5.455098e+01,5.520999e+01,5.557334e+01,5.618052e+01,5.649466e+01,5.734018e+01,5.757087e+01,5.793913e+01,5.823757e+01,5.891229e+01,5.900351e+01,5.906049e+01,5.979900e+01,5.996884e+01,6.021754e+01,6.055594e+01,6.085976e+01,6.157718e+01,6.166658e+01,6.194559e+01,6.263506e+01,6.269051e+01,6.328792e+01,6.351954e+01,6.371775e+01,6.405845e+01,6.474822e+01,6.484648e+01,6.549974e+01,6.559747e+01,6.568427e+01,6.635519e+01,6.644153e+01,6.685088e+01,6.729121e+01,6.781566e+01,6.797581e+01,6.861462e+01,6.868896e+01,6.932455e+01,6.940909e+01,6.980993e+01,6.980993e+01,7.024117e+01,7.076530e+01,7.074438e+01,7.125626e+01,7.135008e+01,7.177673e+01,7.187022e+01,7.236780e+01,7.246090e+01,7.288431e+01,7.297708e+01,7.352225e+01,7.361463e+01,7.371720e+01,7.413699e+01,7.453521e+01,7.462695e+01,7.472882e+01,7.471864e+01,7.481027e+01,7.536900e+01,7.535886e+01,7.576393e+01,7.585492e+01,7.596606e+01,7.596606e+01,7.596606e+01,7.596606e+01,7.595596e+01,7.635941e+01,7.635941e+01,7.594585e+01,7.622841e+01,7.602663e+01,7.596606e+01,7.620824e+01,7.617799e+01,7.592565e+01,7.591555e+01,7.584481e+01,7.583471e+01,7.567289e+01,7.566277e+01,7.578416e+01,7.558179e+01,7.555141e+01,7.541969e+01,7.518638e+01,7.517622e+01,7.538928e+01,7.513560e+01,7.470846e+01,7.470846e+01,7.470846e+01,7.470846e+01,7.470846e+01,7.470846e+01,7.439239e+01,7.422899e+01,7.402448e+01,7.424942e+01,7.392213e+01,7.364541e+01,7.353252e+01,7.351199e+01,7.352225e+01,7.344009e+01,7.293586e+01,7.316246e+01,7.296678e+01,7.270890e+01,7.262628e+01,7.253328e+01,7.237814e+01,7.236780e+01,7.226427e+01,7.204664e+01,7.203626e+01,7.183907e+01,7.168318e+01,7.208812e+01,7.188060e+01,7.145426e+01,7.141260e+01,7.163119e+01,7.135008e+01,7.133966e+01,7.130840e+01,7.115194e+01,7.102666e+01,7.100577e+01,7.088036e+01,7.080715e+01,7.073391e+01,7.055588e+01,7.052444e+01,7.044056e+01,7.038811e+01,7.032516e+01,7.029366e+01,7.026216e+01,7.025166e+01,7.017814e+01,7.032516e+01,7.010457e+01,7.007303e+01,7.011508e+01,7.009406e+01,6.997837e+01,6.995733e+01,6.993628e+01,6.988364e+01,6.982047e+01,6.978886e+01,6.975726e+01,6.971510e+01,6.964129e+01,6.991523e+01,6.986259e+01,6.954634e+01,6.976779e+01,6.949357e+01,6.948301e+01,6.947245e+01,6.946189e+01,6.945133e+01,6.944077e+01,6.944077e+01,6.943021e+01,6.951468e+01,6.962020e+01,6.962020e+01,7.005200e+01,6.992576e+01,6.962020e+01,6.962020e+01,6.971510e+01,6.982047e+01,6.983099e+01,6.984153e+01,6.976779e+01,7.016763e+01,7.016763e+01,7.016763e+01,7.016763e+01,7.018864e+01,7.016763e+01,7.017814e+01,7.018864e+01,7.073391e+01,7.067110e+01,7.081761e+01,7.092217e+01,7.092217e+01,7.092217e+01,7.092217e+01,7.092217e+01,7.091172e+01,7.143343e+01,7.153754e+01,7.153754e+01,7.153754e+01,7.153754e+01,7.153754e+01,7.187022e+01,7.154796e+01,7.165199e+01,7.207775e+01,7.207775e+01,7.207775e+01,7.207775e+01,7.217104e+01,7.227463e+01,7.227463e+01,7.227463e+01,7.226427e+01,7.251260e+01,7.249193e+01,7.255395e+01,7.249193e+01,7.230569e+01,7.230569e+01,7.230569e+01,7.266759e+01,7.262628e+01,7.263661e+01,7.263661e+01,7.222285e+01,7.219176e+01,7.217104e+01,7.253328e+01,7.228498e+01,7.228498e+01,7.220213e+01,7.220213e+01,7.225392e+01,7.199477e+01,7.197402e+01,7.197402e+01,7.158958e+01,7.156877e+01,7.112063e+01,7.112063e+01,7.112063e+01,7.112063e+01,7.089082e+01,7.080715e+01,7.069204e+01,7.036713e+01,7.007303e+01,7.004148e+01,6.980993e+01,6.967293e+01,6.923997e+01,6.947245e+01,6.908125e+01,6.875265e+01,6.883752e+01,6.827428e+01,6.803983e+01,6.785839e+01,6.753763e+01,6.721613e+01,6.686164e+01,6.685088e+01,6.645232e+01,6.613912e+01,6.573850e+01,6.546716e+01,6.518439e+01,6.480282e+01,6.461710e+01,6.413526e+01,6.381675e+01,6.336517e+01,6.295635e+01,6.261288e+01,6.227965e+01,6.164424e+01,6.133100e+01,6.107314e+01,6.065729e+01,6.027400e+01,5.962894e+01,5.928816e+01,5.907188e+01,5.874108e+01,5.847812e+01,5.813434e+01,5.772060e+01,5.721313e+01,5.687757e+01,5.645979e+01,5.570202e+01,5.537421e+01,5.515129e+01,5.453918e+01,5.395967e+01,5.356789e+01,5.341321e+01,5.299583e+01,5.257705e+01,5.173526e+01,5.174733e+01,5.104555e+01,5.070533e+01,5.029094e+01,4.940875e+01,4.896524e+01,4.824728e+01,4.834657e+01,4.741256e+01,4.706199e+01,4.671038e+01,4.604200e+01,4.564930e+01,4.531893e+01,4.492382e+01,4.445048e+01,4.398809e+01,4.352386e+01,4.304479e+01,4.274598e+01,4.242032e+01,4.206756e+01,4.163493e+01,4.129292e+01,4.106874e+01,4.106874e+01,4.075150e+01,4.048645e+01,4.019417e+01,3.991448e+01,3.972763e+01,3.941999e+01,3.908464e+01,3.889640e+01,3.889640e+01,3.834330e+01,3.858646e+01,3.797756e+01,3.784180e+01,3.784180e+01,3.729706e+01,3.729706e+01,3.729706e+01,3.729706e+01,3.673590e+01,3.716046e+01,3.717413e+01,3.658486e+01,3.655737e+01,3.655737e+01,3.655737e+01,3.655737e+01,3.655737e+01,3.655737e+01,3.655737e+01,3.599241e+01,3.596477e+01,3.593713e+01,3.582650e+01,3.585417e+01,3.585417e+01,3.585417e+01,3.585417e+01,3.585417e+01,3.585417e+01,3.585417e+01,3.585417e+01,3.585417e+01,3.528554e+01,3.582650e+01,3.582650e+01,3.582650e+01,3.582650e+01,3.525772e+01,3.524381e+01,3.568805e+01,3.554942e+01,3.518816e+01,3.564648e+01,3.550779e+01,3.564648e+01,3.507676e+01,3.566034e+01,3.566034e+01,3.566034e+01,3.566034e+01,3.566034e+01,3.566034e+01,3.566034e+01,3.611667e+01,3.611667e+01,3.611667e+01,3.611667e+01,3.611667e+01,3.611667e+01,3.611667e+01,3.668100e+01,3.659860e+01,3.658486e+01,3.662607e+01,3.663980e+01,3.663980e+01,3.720145e+01,3.674962e+01,3.677706e+01,3.687303e+01,3.691414e+01,3.690044e+01,3.690044e+01,3.690044e+01,3.690044e+01,3.690044e+01,3.690044e+01,3.690044e+01,3.690044e+01,3.690044e+01,3.690044e+01,3.690044e+01,3.690044e+01,3.690044e+01,3.690044e+01,3.652988e+01,3.674962e+01,3.677706e+01,3.677706e+01,3.677706e+01,3.677706e+01,3.677706e+01,3.677706e+01,3.677706e+01,3.677706e+01,3.677706e+01,3.677706e+01,3.677706e+01,3.677706e+01,3.677706e+01,3.677706e+01,3.646112e+01,3.646112e+01,3.646112e+01,3.646112e+01,3.646112e+01,3.646112e+01,3.646112e+01,3.646112e+01,3.646112e+01,3.646112e+01,3.646112e+01,3.646112e+01,3.646112e+01,3.646112e+01,3.646112e+01,3.646112e+01,3.646112e+01,3.646112e+01,3.646112e+01,3.586800e+01,3.618565e+01,3.618565e+01,3.618565e+01,3.618565e+01,3.618565e+01,3.618565e+01,3.618565e+01,3.618565e+01,3.618565e+01,3.618565e+01,3.618565e+01,3.618565e+01,3.618565e+01,3.618565e+01,3.618565e+01,3.618565e+01,3.618565e+01,3.618565e+01,3.618565e+01,3.618565e+01,3.618565e+01,3.618565e+01,3.618565e+01,3.618565e+01,3.618565e+01,3.618565e+01,3.618565e+01,3.618565e+01,3.618565e+01,3.618565e+01,3.618565e+01,3.618565e+01,3.618565e+01,3.618565e+01,3.618565e+01,3.618565e+01,3.618565e+01,3.618565e+01,3.618565e+01,3.618565e+01,3.618565e+01,3.618565e+01,3.618565e+01,3.618565e+01,3.618565e+01,3.618565e+01,3.618565e+01,3.618565e+01,3.618565e+01,3.618565e+01,3.618565e+01,3.618565e+01,3.618565e+01,3.618565e+01,3.618565e+01,3.618565e+01,3.618565e+01
3.419545e+01,3.476981e+01,3.416735e+01,3.416735e+01,3.416735e+01,3.416735e+01,3.474187e+01,3.475584e+01,3.440593e+01,3.440593e+01,3.497919e+01,3.493734e+01,3.495129e+01,3.496524e+01,3.497919e+01,3.524381e+01,3.488153e+01,3.492339e+01,3.548004e+01,3.548004e+01,3.548004e+01,3.548004e+01,3.548004e+01,3.548004e+01,3.548004e+01,3.590948e+01,3.590948e+01,3.590948e+01,3.590948e+01,3.647488e+01,3.657112e+01,3.657112e+01,3.657112e+01,3.657112e+01,3.657112e+01,3.657112e+01,3.657112e+01,3.657112e+01,3.703736e+01,3.703736e+01,3.759700e+01,3.769226e+01,3.769226e+01,3.769226e+01,3.834330e+01,3.853247e+01,3.868088e+01,3.908464e+01,3.933960e+01,3.958060e+01,4.012764e+01,4.012764e+01,4.012764e+01,4.012764e+01,4.043336e+01,4.101593e+01,4.101593e+01,4.146405e+01,4.146405e+01,4.146405e+01,4.175309e+01,4.202830e+01,4.202830e+01,4.202830e+01,4.238118e+01,4.270695e+01,4.270695e+01,4.297990e+01,4.322629e+01,4.329104e+01,4.329104e+01,4.374331e+01,4.374331e+01,4.374331e+01,4.427088e+01,4.427088e+01,4.427088e+01,4.427088e+01,4.427088e+01,4.479607e+01,4.437354e+01,4.441201e+01,4.493658e+01,4.511517e+01,4.460420e+01,4.516614e+01,4.516614e+01,4.516614e+01,4.516614e+01,4.516614e+01,4.562392e+01,4.562392e+01,4.562392e+01,4.562392e+01,4.562392e+01,4.568736e+01,4.640818e+01,4.640818e+01,4.692398e+01,4.696163e+01,4.719983e+01,4.758746e+01,4.773717e+01,4.797383e+01,4.837137e+01,4.869342e+01,4.911326e+01,4.951937e+01,4.994862e+01,5.021767e+01,5.058360e+01,5.100914e+01,5.132432e+01,5.168699e+01,5.208469e+01,5.294804e+01,5.298389e+01,5.336558e+01,5.411368e+01,5.439751e+01,5.477496e+01,5.554993e+01,5.569033e+01,5.605232e+01,5.692390e+01,5.739790e+01,5.773211e+01,5.798509e+01,5.832926e+01,5.871824e+01,5.871824e+01,5.952680e+01,5.985564e+01,6.012716e+01,6.026271e+01,6.060099e+01,6.094965e+01,6.138699e+01,6.163306e+01,6.245747e+01,6.269051e+01,6.290101e+01,6.361868e+01,6.361868e+01,6.387172e+01,6.459524e+01,6.480282e+01,6.505368e+01,6.531496e+01,6.559747e+01,6.589022e+01,6.661404e+01,6.714101e+01,6.721613e+01,6.736626e+01,6.808248e+01,6.816776e+01,6.889054e+01,6.897533e+01,6.932455e+01,7.004148e+01,7.009406e+01,7.017814e+01,7.074438e+01,7.124583e+01,7.131882e+01,7.180790e+01,7.190137e+01,7.197402e+01,7.260562e+01,7.267792e+01,7.318304e+01,7.325507e+01,7.334761e+01,7.401425e+01,7.396308e+01,7.447401e+01,7.455560e+01,7.463715e+01,7.505434e+01,7.541969e+01,7.535886e+01,7.546024e+01,7.554128e+01,7.574371e+01,7.584481e+01,7.625864e+01,7.620824e+01,7.661102e+01,7.656073e+01,7.651042e+01,7.660096e+01,7.668140e+01,7.656073e+01,7.681200e+01,7.679192e+01,7.654061e+01,7.654061e+01,7.652048e+01,7.643997e+01,7.635941e+01,7.629896e+01,7.659090e+01,7.654061e+01,7.633926e+01,7.628888e+01,7.624857e+01,7.600645e+01,7.593575e+01,7.568301e+01,7.562228e+01,7.567289e+01,7.562228e+01,7.538928e+01,7.522698e+01,7.518638e+01,7.514576e+01,7.510514e+01,7.506450e+01,7.494253e+01,7.480009e+01,7.459638e+01,7.445361e+01,7.440260e+01,7.445361e+01,7.419833e+01,7.404495e+01,7.440260e+01,7.395284e+01,7.368644e+01,7.340927e+01,7.338872e+01,7.356332e+01,7.332705e+01,7.320363e+01,7.306980e+01,7.287399e+01,7.282242e+01,7.259528e+01,7.255395e+01,7.250227e+01,7.268825e+01,7.221249e+01,7.229534e+01,7.229534e+01,7.202589e+01,7.204664e+01,7.199477e+01,7.173516e+01,7.211922e+01,7.164159e+01,7.191175e+01,7.175595e+01,7.170398e+01,7.112063e+01,7.148550e+01,7.137093e+01,7.115194e+01,7.107887e+01,7.095353e+01,7.085944e+01,7.075484e+01,7.068157e+01,7.103710e+01,7.055588e+01,7.049299e+01,7.045105e+01,7.071297e+01,7.063969e+01,7.059779e+01,7.053492e+01,7.037762e+01,7.031466e+01,7.025166e+01,7.020966e+01,7.015712e+01,7.013610e+01,7.006252e+01,7.003097e+01,7.004148e+01,7.002045e+01,7.025166e+01,7.002045e+01,6.996785e+01,7.017814e+01,7.012560e+01,7.007303e+01,7.002045e+01,6.996785e+01,6.991523e+01,6.987312e+01,7.025166e+01,7.022015e+01,7.018864e+01,7.028316e+01,7.036713e+01,7.019915e+01,7.007303e+01,7.004148e+01,7.044056e+01,7.041959e+01,7.039861e+01,7.037762e+01,7.039861e+01,7.048251e+01,7.049299e+01,7.050347e+01,7.051395e+01,7.092217e+01,7.089082e+01,7.088036e+01,7.097443e+01,7.105799e+01,7.100577e+01,7.101621e+01,7.144385e+01,7.143343e+01,7.142301e+01,7.141260e+01,7.140218e+01,7.148550e+01,7.199477e+01,7.155836e+01,7.198440e+01,7.196365e+01,7.194289e+01,7.200515e+01,7.237814e+01,7.250227e+01,7.245056e+01,7.254362e+01,7.252294e+01,7.250227e+01,7.290493e+01,7.289462e+01,7.288431e+01,7.287399e+01,7.286368e+01,7.291524e+01,7.289462e+01,7.286368e+01,7.285336e+01,7.322421e+01,7.302860e+01,7.301830e+01,7.311099e+01,7.320363e+01,7.315217e+01,7.314188e+01,7.295647e+01,7.323449e+01,7.304920e+01,7.312129e+01,7.311099e+01,7.289462e+01,7.288431e+01,7.279147e+01,7.278115e+01,7.265726e+01,7.242987e+01,7.239884e+01,7.221249e+01,7.210886e+01,7.190137e+01,7.216068e+01,7.200515e+01,7.156877e+01,7.144385e+01,7.139176e+01,7.128754e+01,7.104755e+01,7.065015e+01,7.053492e+01,7.037762e+01,7.032516e+01,6.999941e+01,6.979940e+01,6.975726e+01,6.983099e+01,6.953579e+01,6.934570e+01,6.876326e+01,6.856149e+01,6.868896e+01,6.829558e+01,6.791177e+01,6.771948e+01,6.707659e+01,6.672174e+01,6.643073e+01,6.651702e+01,6.617155e+01,6.582522e+01,6.516261e+01,6.477007e+01,6.439829e+01,6.410235e+01,6.364070e+01,6.328792e+01,6.298954e+01,6.259069e+01,6.246858e+01,6.207932e+01,6.129739e+01,6.093842e+01,6.054467e+01,6.043196e+01,5.966297e+01,5.931091e+01,5.902630e+01,5.880959e+01,5.848957e+01,5.806548e+01,5.764000e+01,5.722469e+01,5.679644e+01,5.612226e+01,5.581889e+01,5.489268e+01,5.499854e+01,5.438569e+01,5.368674e+01,5.378174e+01,5.286437e+01,5.263697e+01,5.196431e+01,5.173526e+01,5.116683e+01,5.071750e+01,5.036417e+01,4.954394e+01,4.916256e+01,4.861917e+01,4.796139e+01,4.741256e+01,4.702436e+01,4.659715e+01,4.616840e+01,4.573809e+01,4.536982e+01,4.485996e+01,4.451455e+01,4.411671e+01,4.371751e+01,4.336870e+01,4.312261e+01,4.231591e+01,4.194973e+01,4.176620e+01,4.150351e+01,4.106874e+01,4.088379e+01,4.083089e+01,4.038025e+01,4.015426e+01,3.999446e+01,3.962072e+01,3.937980e+01,3.916521e+01,3.916521e+01,3.861345e+01,3.834330e+01,3.832978e+01,3.816735e+01,3.784180e+01,3.758338e+01,3.748802e+01,3.748802e+01,3.692784e+01,3.680449e+01,3.674962e+01,3.707841e+01,3.683191e+01,3.658486e+01,3.658486e+01,3.658486e+01,3.658486e+01,3.658486e+01,3.658486e+01,3.658486e+01,3.658486e+01,3.599241e+01,3.599241e+01,3.599241e+01,3.599241e+01,3.599241e+01,3.599241e+01,3.599241e+01,3.599241e+01,3.599241e+01,3.599241e+01,3.542450e+01,3.539672e+01,3.584033e+01,3.571575e+01,3.582650e+01,3.582650e+01,3.582650e+01,3.582650e+01,3.582650e+01,3.582650e+01,3.525772e+01,3.514639e+01,3.574345e+01,3.529944e+01,3.527163e+01,3.514639e+01,3.511855e+01,3.546616e+01,3.546616e+01,3.546616e+01,3.546616e+01,3.603384e+01,3.606146e+01,3.618565e+01,3.572960e+01,3.626836e+01,3.626836e+01,3.626836e+01,3.626836e+01,3.626836e+01,3.626836e+01,3.626836e+01,3.626836e+01,3.626836e+01,3.662607e+01,3.662607e+01,3.662607e+01,3.662607e+01,3.718779e+01,3.720145e+01,3.721512e+01,3.722878e+01,3.722878e+01,3.724244e+01,3.725610e+01,3.726975e+01,3.728341e+01,3.729706e+01,3.731071e+01,3.732436e+01,3.733801e+01,3.735165e+01,3.676334e+01,3.676334e+01,3.676334e+01,3.676334e+01,3.676334e+01,3.676334e+01,3.676334e+01,3.676334e+01,3.676334e+01,3.676334e+01,3.676334e+01,3.676334e+01,3.676334e+01,3.676334e+01,3.676334e+01,3.676334e+01,3.676334e+01,3.676334e+01,3.676334e+01,3.676334e+01,3.676334e+01,3.676334e+01,3.646112e+01,3.646112e+01,3.646112e+01,3.646112e+01,3.646112e+01,3.646112e+01,3.646112e+01,3.646112e+01,3.646112e+01,3.646112e+01,3.646112e+01,3.646112e+01,3.646112e+01,3.646112e+01,3.646112e+01,3.646112e+01,3.646112e+01,3.646112e+01,3.646112e+01,3.646112e+01,3.646112e+01,3.646112e+01,3.589566e+01,3.644736e+01,3.644736e+01,3.644736e+01,3.588183e+01,3.644736e+01,3.644736e+01,3.588183e+01,3.589566e+01,3.590948e+01,3.590948e+01,3.590948e+01,3.590948e+01,3.590948e+01,3.590948e+01,3.590948e+01,3.590948e+01,3.590948e+01,3.590948e+01,3.590948e+01,3.590948e+01,3.590948e+01,3.590948e+01,3.590948e+01,3.590948e+01,3.590948e+01,3.590948e+01,3.590948e+01,3.590948e+01,3.590948e+01,3.590948e+01,3.590948e+01,3.590948e+01,3.590948e+01,3.590948e+01,3.590948e+01,3.590948e+01,3.590948e+01,3.590948e+01,3.590948e+01,3.590948e+01,3.590948e+01,3.590948e+01,3.647488e+01,3.646112e+01,3.646112e+01,3.589566e+01,3.590948e+01,3.590948e+01,3.590948e+01,3.590948e+01,3.590948e+01,3.590948e+01
3.446200e+01,3.433582e+01,3.474187e+01,3.412519e+01,3.469993e+01,3.425162e+01,3.454603e+01,3.436387e+01,3.436387e+01,3.463000e+01,3.478378e+01,3.478378e+01,3.478378e+01,3.478378e+01,3.478378e+01,3.524381e+01,3.496524e+01,3.522990e+01,3.548004e+01,3.548004e+01,3.548004e+01,3.548004e+01,3.548004e+01,3.548004e+01,3.604765e+01,3.602003e+01,3.602003e+01,3.602003e+01,3.602003e+01,3.647488e+01,3.647488e+01,3.647488e+01,3.647488e+01,3.647488e+01,3.647488e+01,3.647488e+01,3.647488e+01,3.703736e+01,3.713311e+01,3.739258e+01,3.759700e+01,3.759700e+01,3.759700e+01,3.815381e+01,3.788254e+01,3.812671e+01,3.888294e+01,3.900400e+01,3.933960e+01,3.928597e+01,3.946016e+01,4.006107e+01,4.006107e+01,4.006107e+01,4.097630e+01,4.109513e+01,4.133244e+01,4.146405e+01,4.146405e+01,4.146405e+01,4.175309e+01,4.194973e+01,4.194973e+01,4.248552e+01,4.255069e+01,4.262885e+01,4.281101e+01,4.290198e+01,4.290198e+01,4.329104e+01,4.352386e+01,4.356261e+01,4.356261e+01,4.356261e+01,4.356261e+01,4.374331e+01,4.433505e+01,4.433505e+01,4.433505e+01,4.433505e+01,4.485996e+01,4.443766e+01,4.475772e+01,4.470657e+01,4.474494e+01,4.498763e+01,4.498763e+01,4.498763e+01,4.498763e+01,4.498763e+01,4.562392e+01,4.562392e+01,4.562392e+01,4.562392e+01,4.562392e+01,4.614313e+01,4.596609e+01,4.620629e+01,4.654679e+01,4.659715e+01,4.689887e+01,4.707452e+01,4.729998e+01,4.768728e+01,4.855727e+01,4.880469e+01,4.905161e+01,4.939645e+01,5.020545e+01,5.025431e+01,5.069316e+01,5.089986e+01,5.174733e+01,5.185587e+01,5.251711e+01,5.252911e+01,5.319873e+01,5.347272e+01,5.400708e+01,5.433843e+01,5.482206e+01,5.538594e+01,5.616887e+01,5.627368e+01,5.687757e+01,5.724780e+01,5.762848e+01,5.839799e+01,5.850101e+01,5.902630e+01,5.912883e+01,5.956086e+01,5.991225e+01,6.005933e+01,6.081479e+01,6.087100e+01,6.106192e+01,6.174476e+01,6.185637e+01,6.236859e+01,6.298954e+01,6.354157e+01,6.367373e+01,6.383874e+01,6.442019e+01,6.464989e+01,6.496648e+01,6.555405e+01,6.605260e+01,6.611749e+01,6.665713e+01,6.674327e+01,6.744126e+01,6.743055e+01,6.806116e+01,6.857212e+01,6.864648e+01,6.895413e+01,6.960965e+01,6.969402e+01,7.010457e+01,7.053492e+01,7.060826e+01,7.125626e+01,7.131882e+01,7.152714e+01,7.210886e+01,7.252294e+01,7.259528e+01,7.266759e+01,7.330649e+01,7.336816e+01,7.378896e+01,7.386068e+01,7.449442e+01,7.451482e+01,7.499336e+01,7.493236e+01,7.500352e+01,7.556154e+01,7.563241e+01,7.598625e+01,7.592565e+01,7.627881e+01,7.622841e+01,7.629896e+01,7.678188e+01,7.680196e+01,7.729327e+01,7.719314e+01,7.709293e+01,7.704280e+01,7.699266e+01,7.695253e+01,7.693246e+01,7.717310e+01,7.694250e+01,7.689232e+01,7.723320e+01,7.710296e+01,7.697260e+01,7.697260e+01,7.695253e+01,7.685217e+01,7.706286e+01,7.696256e+01,7.679192e+01,7.657079e+01,7.636948e+01,7.655067e+01,7.643997e+01,7.638963e+01,7.620824e+01,7.600645e+01,7.579427e+01,7.570324e+01,7.561216e+01,7.552103e+01,7.542983e+01,7.567289e+01,7.549063e+01,7.524728e+01,7.506450e+01,7.497303e+01,7.484080e+01,7.461676e+01,7.453521e+01,7.450462e+01,7.413699e+01,7.422899e+01,7.398355e+01,7.392213e+01,7.378896e+01,7.372746e+01,7.356332e+01,7.338872e+01,7.320363e+01,7.352225e+01,7.332705e+01,7.324478e+01,7.315217e+01,7.295647e+01,7.277083e+01,7.272955e+01,7.259528e+01,7.250227e+01,7.246090e+01,7.227463e+01,7.245056e+01,7.241953e+01,7.217104e+01,7.215031e+01,7.200515e+01,7.181829e+01,7.198440e+01,7.164159e+01,7.180790e+01,7.162079e+01,7.150632e+01,7.133966e+01,7.163119e+01,7.106844e+01,7.109975e+01,7.106844e+01,7.113107e+01,7.102666e+01,7.104755e+01,7.102666e+01,7.096397e+01,7.093262e+01,7.088036e+01,7.111019e+01,7.101621e+01,7.049299e+01,7.089082e+01,7.079669e+01,7.073391e+01,7.061874e+01,7.054539e+01,7.050347e+01,7.054539e+01,7.049299e+01,7.044056e+01,7.077576e+01,7.031466e+01,7.031466e+01,7.031466e+01,7.031466e+01,7.039861e+01,7.073391e+01,7.033565e+01,7.040910e+01,7.040910e+01,7.040910e+01,7.083853e+01,7.080715e+01,7.060826e+01,7.045105e+01,7.048251e+01,7.055588e+01,7.098487e+01,7.093262e+01,7.088036e+01,7.084899e+01,7.081761e+01,7.083853e+01,7.123540e+01,7.129797e+01,7.137093e+01,7.131882e+01,7.128754e+01,7.126669e+01,7.128754e+01,7.168318e+01,7.174555e+01,7.181829e+01,7.178712e+01,7.218140e+01,7.216068e+01,7.171437e+01,7.224356e+01,7.221249e+01,7.246090e+01,7.253328e+01,7.249193e+01,7.287399e+01,7.293586e+01,7.258495e+01,7.300800e+01,7.294617e+01,7.293586e+01,7.290493e+01,7.336816e+01,7.300800e+01,7.342982e+01,7.340927e+01,7.338872e+01,7.336816e+01,7.377871e+01,7.374796e+01,7.370695e+01,7.376846e+01,7.381970e+01,7.361463e+01,7.359411e+01,7.358385e+01,7.357358e+01,7.351199e+01,7.349145e+01,7.378896e+01,7.376846e+01,7.357358e+01,7.356332e+01,7.341955e+01,7.337844e+01,7.335789e+01,7.325507e+01,7.323449e+01,7.339899e+01,7.320363e+01,7.316246e+01,7.296678e+01,7.285336e+01,7.271922e+01,7.269857e+01,7.234710e+01,7.248158e+01,7.234710e+01,7.185983e+01,7.163119e+01,7.174555e+01,7.150632e+01,7.137093e+01,7.119368e+01,7.101621e+01,7.072344e+01,7.050347e+01,7.044056e+01,7.031466e+01,7.005200e+01,6.966238e+01,6.937740e+01,6.915534e+01,6.895413e+01,6.854024e+01,6.845518e+01,6.806116e+01,6.739841e+01,6.711954e+01,6.686164e+01,6.673251e+01,6.633360e+01,6.587939e+01,6.570597e+01,6.528233e+01,6.489013e+01,6.452962e+01,6.404747e+01,6.406942e+01,6.370675e+01,6.302273e+01,6.269051e+01,6.235748e+01,6.165541e+01,6.131980e+01,6.108437e+01,6.075856e+01,6.007064e+01,5.965163e+01,5.956086e+01,5.920852e+01,5.882100e+01,5.837508e+01,5.792764e+01,5.749018e+01,5.703967e+01,5.644817e+01,5.616887e+01,5.557334e+01,5.486914e+01,5.444475e+01,5.437388e+01,5.365110e+01,5.350842e+01,5.303166e+01,5.203656e+01,5.204859e+01,5.145742e+01,5.109408e+01,5.026652e+01,4.964217e+01,4.913791e+01,4.918720e+01,4.849534e+01,4.792405e+01,4.746255e+01,4.699928e+01,4.602935e+01,4.583948e+01,4.534438e+01,4.496211e+01,4.455298e+01,4.409100e+01,4.365300e+01,4.343337e+01,4.292796e+01,4.295393e+01,4.209373e+01,4.209373e+01,4.150351e+01,4.125339e+01,4.125339e+01,4.083089e+01,4.056602e+01,4.056602e+01,3.999446e+01,3.968755e+01,3.968755e+01,3.916521e+01,3.889640e+01,3.880216e+01,3.880216e+01,3.880216e+01,3.816735e+01,3.790970e+01,3.790970e+01,3.748802e+01,3.721512e+01,3.711944e+01,3.711944e+01,3.711944e+01,3.655737e+01,3.714679e+01,3.694154e+01,3.698262e+01,3.646112e+01,3.646112e+01,3.646112e+01,3.646112e+01,3.646112e+01,3.646112e+01,3.646112e+01,3.646112e+01,3.599241e+01,3.599241e+01,3.599241e+01,3.599241e+01,3.599241e+01,3.599241e+01,3.599241e+01,3.599241e+01,3.599241e+01,3.539672e+01,3.577114e+01,3.577114e+01,3.577114e+01,3.577114e+01,3.577114e+01,3.577114e+01,3.577114e+01,3.577114e+01,3.577114e+01,3.577114e+01,3.577114e+01,3.577114e+01,3.527163e+01,3.527163e+01,3.527163e+01,3.527163e+01,3.584033e+01,3.586800e+01,3.602003e+01,3.610287e+01,3.553555e+01,3.613047e+01,3.617186e+01,3.626836e+01,3.626836e+01,3.626836e+01,3.626836e+01,3.626836e+01,3.626836e+01,3.683191e+01,3.679078e+01,3.688674e+01,3.685933e+01,3.685933e+01,3.685933e+01,3.685933e+01,3.685933e+01,3.685933e+01,3.685933e+01,3.722878e+01,3.722878e+01,3.722878e+01,3.722878e+01,3.722878e+01,3.722878e+01,3.722878e+01,3.722878e+01,3.722878e+01,3.722878e+01,3.722878e+01,3.722878e+01,3.676334e+01,3.676334e+01,3.676334e+01,3.676334e+01,3.676334e+01,3.676334e+01,3.676334e+01,3.676334e+01,3.676334e+01,3.676334e+01,3.676334e+01,3.676334e+01,3.676334e+01,3.676334e+01,3.676334e+01,3.676334e+01,3.676334e+01,3.676334e+01,3.676334e+01,3.676334e+01,3.676334e+01,3.676334e+01,3.676334e+01,3.646112e+01,3.646112e+01,3.646112e+01,3.646112e+01,3.646112e+01,3.646112e+01,3.646112e+01,3.646112e+01,3.646112e+01,3.646112e+01,3.646112e+01,3.646112e+01,3.646112e+01,3.646112e+01,3.646112e+01,3.646112e+01,3.646112e+01,3.646112e+01,3.646112e+01,3.646112e+01,3.646112e+01,3.646112e+01,3.646112e+01,3.646112e+01,3.646112e+01,3.646112e+01,3.646112e+01,3.588183e+01,3.644736e+01,3.640608e+01,3.636478e+01,3.632347e+01,3.635102e+01,3.637855e+01,3.633725e+01,3.636478e+01,3.632347e+01,3.635102e+01,3.637855e+01,3.633725e+01,3.636478e+01,3.632347e+01,3.635102e+01,3.637855e+01,3.633725e+01,3.636478e+01,3.632347e+01,3.635102e+01,3.637855e+01,3.633725e+01,3.636478e+01,3.632347e+01,3.635102e+01,3.637855e+01,3.577114e+01,3.633725e+01,3.636478e+01,3.630970e+01,3.633725e+01,3.636478e+01,3.630970e+01,3.633725e+01,3.592331e+01,3.628214e+01,3.628214e+01,3.628214e+01,3.628214e+01,3.628214e+01,3.628214e+01,3.628214e+01,3.628214e+01,3.628214e+01,3.628214e+01
3.446200e+01,3.446200e+01,3.446200e+01,3.446200e+01,3.446200e+01,3.446200e+01,3.446200e+01,3.446200e+01,3.446200e+01,3.446200e+01,3.446200e+01,3.478378e+01,3.478378e+01,3.478378e+01,3.478378e+01,3.478378e+01,3.535504e+01,3.538283e+01,3.538283e+01,3.538283e+01,3.538283e+01,3.538283e+01,3.538283e+01,3.595095e+01,3.611667e+01,3.611667e+01,3.611667e+01,3.611667e+01,3.611667e+01,3.611667e+01,3.611667e+01,3.611667e+01,3.647488e+01,3.647488e+01,3.647488e+01,3.647488e+01,3.703736e+01,3.710577e+01,3.710577e+01,3.710577e+01,3.710577e+01,3.759700e+01,3.786896e+01,3.796399e+01,3.851897e+01,3.859996e+01,3.895021e+01,3.919206e+01,3.927256e+01,3.982109e+01,3.990114e+01,4.012764e+01,4.012764e+01,4.012764e+01,4.043336e+01,4.114791e+01,4.114791e+01,4.114791e+01,4.146405e+01,4.164807e+01,4.168746e+01,4.222448e+01,4.235508e+01,4.248552e+01,4.248552e+01,4.301883e+01,4.304479e+01,4.304479e+01,4.304479e+01,4.304479e+01,4.304479e+01,4.356261e+01,4.356261e+01,4.356261e+01,4.356261e+01,4.409100e+01,4.433505e+01,4.433505e+01,4.433505e+01,4.433505e+01,4.433505e+01,4.485996e+01,4.483441e+01,4.483441e+01,4.483441e+01,4.483441e+01,4.483441e+01,4.483441e+01,4.483441e+01,4.483441e+01,4.510242e+01,4.515340e+01,4.520436e+01,4.525529e+01,4.594078e+01,4.562392e+01,4.619366e+01,4.586481e+01,4.650900e+01,4.672296e+01,4.683607e+01,4.735003e+01,4.745005e+01,4.781195e+01,4.838377e+01,4.880469e+01,4.921183e+01,4.951937e+01,5.003429e+01,5.032756e+01,5.052269e+01,5.097273e+01,5.157830e+01,5.192817e+01,5.234913e+01,5.260102e+01,5.309135e+01,5.348463e+01,5.390039e+01,5.435025e+01,5.476318e+01,5.526867e+01,5.588897e+01,5.663403e+01,5.687757e+01,5.736327e+01,5.757087e+01,5.818023e+01,5.851245e+01,5.933365e+01,5.898071e+01,5.931091e+01,5.994621e+01,6.028529e+01,6.066854e+01,6.112924e+01,6.168892e+01,6.180058e+01,6.253520e+01,6.264616e+01,6.300061e+01,6.339826e+01,6.412429e+01,6.419010e+01,6.442019e+01,6.470453e+01,6.507548e+01,6.549974e+01,6.585773e+01,6.659248e+01,6.671098e+01,6.697990e+01,6.743055e+01,6.766602e+01,6.850835e+01,6.862524e+01,6.921882e+01,6.932455e+01,6.966238e+01,7.035664e+01,7.046153e+01,7.101621e+01,7.107887e+01,7.131882e+01,7.174555e+01,7.223320e+01,7.233675e+01,7.251260e+01,7.293586e+01,7.342982e+01,7.349145e+01,7.372746e+01,7.426985e+01,7.435155e+01,7.456580e+01,7.480009e+01,7.539942e+01,7.570324e+01,7.578416e+01,7.585492e+01,7.595596e+01,7.639970e+01,7.641983e+01,7.690236e+01,7.722318e+01,7.717310e+01,7.725323e+01,7.733331e+01,7.741335e+01,7.741335e+01,7.741335e+01,7.786280e+01,7.778300e+01,7.771313e+01,7.776304e+01,7.771313e+01,7.750335e+01,7.753334e+01,7.761327e+01,7.745336e+01,7.729327e+01,7.772311e+01,7.767319e+01,7.764324e+01,7.721317e+01,7.721317e+01,7.721317e+01,7.698263e+01,7.716309e+01,7.714304e+01,7.701272e+01,7.653055e+01,7.653055e+01,7.653055e+01,7.653055e+01,7.653055e+01,7.602663e+01,7.590545e+01,7.588524e+01,7.585492e+01,7.594585e+01,7.572347e+01,7.551089e+01,7.538928e+01,7.555141e+01,7.534872e+01,7.523713e+01,7.499336e+01,7.475937e+01,7.506450e+01,7.484080e+01,7.433113e+01,7.457599e+01,7.448421e+01,7.429028e+01,7.408587e+01,7.397332e+01,7.394260e+01,7.371720e+01,7.360437e+01,7.348118e+01,7.330649e+01,7.351199e+01,7.344009e+01,7.327563e+01,7.315217e+01,7.308010e+01,7.286368e+01,7.283274e+01,7.268825e+01,7.302860e+01,7.297708e+01,7.280179e+01,7.258495e+01,7.236780e+01,7.216068e+01,7.212959e+01,7.196365e+01,7.224356e+01,7.215031e+01,7.210886e+01,7.168318e+01,7.166239e+01,7.161038e+01,7.158958e+01,7.146468e+01,7.187022e+01,7.141260e+01,7.132924e+01,7.127711e+01,7.129797e+01,7.126669e+01,7.136050e+01,7.104755e+01,7.113107e+01,7.105799e+01,7.101621e+01,7.092217e+01,7.129797e+01,7.123540e+01,7.121455e+01,7.114151e+01,7.116238e+01,7.112063e+01,7.079669e+01,7.077576e+01,7.118324e+01,7.117281e+01,7.081761e+01,7.077576e+01,7.094308e+01,7.093262e+01,7.092217e+01,7.100577e+01,7.108932e+01,7.108932e+01,7.135008e+01,7.118324e+01,7.117281e+01,7.125626e+01,7.133966e+01,7.127711e+01,7.164159e+01,7.161038e+01,7.157917e+01,7.166239e+01,7.174555e+01,7.174555e+01,7.174555e+01,7.169358e+01,7.166239e+01,7.206738e+01,7.172477e+01,7.223320e+01,7.223320e+01,7.223320e+01,7.227463e+01,7.236780e+01,7.254362e+01,7.272955e+01,7.266759e+01,7.269857e+01,7.309040e+01,7.309040e+01,7.312129e+01,7.321391e+01,7.341955e+01,7.328592e+01,7.337844e+01,7.373771e+01,7.373771e+01,7.377871e+01,7.374796e+01,7.402448e+01,7.396308e+01,7.395284e+01,7.394260e+01,7.399379e+01,7.408587e+01,7.409609e+01,7.406541e+01,7.407564e+01,7.411655e+01,7.395284e+01,7.394260e+01,7.436176e+01,7.437197e+01,7.433113e+01,7.437197e+01,7.435155e+01,7.435155e+01,7.417789e+01,7.376846e+01,7.425964e+01,7.422899e+01,7.421877e+01,7.412677e+01,7.369669e+01,7.369669e+01,7.354279e+01,7.350172e+01,7.330649e+01,7.319334e+01,7.305950e+01,7.282242e+01,7.303890e+01,7.261595e+01,7.268825e+01,7.260562e+01,7.239884e+01,7.185983e+01,7.209849e+01,7.196365e+01,7.136050e+01,7.147509e+01,7.112063e+01,7.092217e+01,7.084899e+01,7.060826e+01,7.035664e+01,7.004148e+01,7.012560e+01,6.949357e+01,6.956745e+01,6.929284e+01,6.898592e+01,6.856149e+01,6.831687e+01,6.798649e+01,6.730194e+01,6.694766e+01,6.704437e+01,6.673251e+01,6.589022e+01,6.553233e+01,6.555405e+01,6.471545e+01,6.439829e+01,6.424492e+01,6.394864e+01,6.334310e+01,6.304485e+01,6.272377e+01,6.201247e+01,6.171126e+01,6.142057e+01,6.110681e+01,6.038685e+01,6.028529e+01,5.960625e+01,5.960625e+01,5.870681e+01,5.844379e+01,5.806548e+01,5.769758e+01,5.731709e+01,5.680803e+01,5.606398e+01,5.564355e+01,5.501030e+01,5.476318e+01,5.452738e+01,5.398338e+01,5.367486e+01,5.327027e+01,5.245715e+01,5.220496e+01,5.172319e+01,5.086341e+01,5.033977e+01,4.978936e+01,4.947022e+01,4.879233e+01,4.847055e+01,4.799871e+01,4.761242e+01,4.671038e+01,4.654679e+01,4.609257e+01,4.571273e+01,4.536982e+01,4.496211e+01,4.446329e+01,4.385932e+01,4.336870e+01,4.312261e+01,4.285000e+01,4.228979e+01,4.201521e+01,4.170059e+01,4.170059e+01,4.125339e+01,4.091023e+01,4.056602e+01,4.028725e+01,3.999446e+01,3.976770e+01,3.948694e+01,3.936640e+01,3.936640e+01,3.880216e+01,3.880216e+01,3.824860e+01,3.804538e+01,3.804538e+01,3.748802e+01,3.748802e+01,3.748802e+01,3.748802e+01,3.711944e+01,3.683191e+01,3.670845e+01,3.694154e+01,3.694154e+01,3.694154e+01,3.694154e+01,3.646112e+01,3.646112e+01,3.646112e+01,3.646112e+01,3.646112e+01,3.646112e+01,3.646112e+01,3.646112e+01,3.599241e+01,3.599241e+01,3.599241e+01,3.599241e+01,3.599241e+01,3.599241e+01,3.599241e+01,3.542450e+01,3.597859e+01,3.595095e+01,3.595095e+01,3.538283e+01,3.589566e+01,3.532724e+01,3.585417e+01,3.585417e+01,3.585417e+01,3.585417e+01,3.528554e+01,3.529944e+01,3.577114e+01,3.548004e+01,3.548004e+01,3.548004e+01,3.548004e+01,3.548004e+01,3.586800e+01,3.586800e+01,3.586800e+01,3.586800e+01,3.586800e+01,3.586800e+01,3.586800e+01,3.626836e+01,3.626836e+01,3.626836e+01,3.626836e+01,3.683191e+01,3.639232e+01,3.692784e+01,3.692784e+01,3.692784e+01,3.692784e+01,3.692784e+01,3.692784e+01,3.692784e+01,3.692784e+01,3.748802e+01,3.746076e+01,3.746076e+01,3.746076e+01,3.746076e+01,3.746076e+01,3.746076e+01,3.690044e+01,3.688674e+01,3.743349e+01,3.743349e+01,3.687303e+01,3.729706e+01,3.703736e+01,3.703736e+01,3.703736e+01,3.703736e+01,3.703736e+01,3.703736e+01,3.703736e+01,3.703736e+01,3.703736e+01,3.703736e+01,3.703736e+01,3.703736e+01,3.647488e+01,3.647488e+01,3.703736e+01,3.703736e+01,3.647488e+01,3.647488e+01,3.647488e+01,3.647488e+01,3.647488e+01,3.647488e+01,3.636478e+01,3.636478e+01,3.636478e+01,3.636478e+01,3.636478e+01,3.636478e+01,3.636478e+01,3.636478e+01,3.636478e+01,3.636478e+01,3.636478e+01,3.636478e+01,3.636478e+01,3.636478e+01,3.636478e+01,3.636478e+01,3.636478e+01,3.636478e+01,3.636478e+01,3.636478e+01,3.636478e+01,3.636478e+01,3.636478e+01,3.636478e+01,3.636478e+01,3.636478e+01,3.636478e+01,3.636478e+01,3.636478e+01,3.636478e+01,3.636478e+01,3.636478e+01,3.636478e+01,3.636478e+01,3.636478e+01,3.636478e+01,3.636478e+01,3.636478e+01,3.636478e+01,3.636478e+01,3.636478e+01,3.636478e+01,3.636478e+01,3.636478e+01,3.636478e+01,3.636478e+01,3.636478e+01,3.636478e+01,3.636478e+01,3.636478e+01,3.636478e+01,3.636478e+01,3.636478e+01,3.636478e+01,3.636478e+01,3.636478e+01,3.636478e+01,3.636478e+01,3.636478e+01,3.636478e+01,3.636478e+01,3.636478e+01,3.636478e+01,3.636478e+01,3.636478e+01,3.636478e+01,3.636478e+01,3.636478e+01,3.636478e+01,3.636478e+01,3.636478e+01,3.636478e+01,3.636478e+01,3.636478e+01
3.446200e+01,3.446200e+01,3.446200e+01,3.446200e+01,3.446200e+01,3.446200e+01,3.446200e+01,3.446200e+01,3.446200e+01,3.446200e+01,3.446200e+01,3.446200e+01,3.478378e+01,3.478378e+01,3.478378e+01,3.478378e+01,3.535504e+01,3.535504e+01,3.535504e+01,3.535504e+01,3.535504e+01,3.535504e+01,3.535504e+01,3.535504e+01,3.554942e+01,3.613047e+01,3.613047e+01,3.613047e+01,3.613047e+01,3.613047e+01,3.613047e+01,3.669473e+01,3.666727e+01,3.666727e+01,3.666727e+01,3.666727e+01,3.666727e+01,3.666727e+01,3.710577e+01,3.710577e+01,3.766505e+01,3.777385e+01,3.777385e+01,3.777385e+01,3.796399e+01,3.820798e+01,3.889640e+01,3.889640e+01,3.927256e+01,3.962072e+01,3.962072e+01,4.012764e+01,4.012764e+01,4.067204e+01,4.080443e+01,4.114791e+01,4.114791e+01,4.114791e+01,4.146405e+01,4.146405e+01,4.200212e+01,4.222448e+01,4.222448e+01,4.222448e+01,4.222448e+01,4.248552e+01,4.307073e+01,4.307073e+01,4.307073e+01,4.307073e+01,4.307073e+01,4.356261e+01,4.356261e+01,4.356261e+01,4.356261e+01,4.409100e+01,4.409100e+01,4.409100e+01,4.409100e+01,4.409100e+01,4.409100e+01,4.433505e+01,4.436071e+01,4.438637e+01,4.441201e+01,4.496211e+01,4.496211e+01,4.496211e+01,4.496211e+01,4.496211e+01,4.496211e+01,4.496211e+01,4.548423e+01,4.559853e+01,4.590280e+01,4.571273e+01,4.586481e+01,4.590280e+01,4.631990e+01,4.672296e+01,4.709959e+01,4.735003e+01,4.759994e+01,4.792405e+01,4.832175e+01,4.868105e+01,4.897758e+01,4.939645e+01,4.980162e+01,5.002206e+01,5.040077e+01,5.128799e+01,5.157830e+01,5.203656e+01,5.224102e+01,5.260102e+01,5.303166e+01,5.385294e+01,5.392411e+01,5.478674e+01,5.538594e+01,5.551480e+01,5.591232e+01,5.652952e+01,5.687757e+01,5.766304e+01,5.776664e+01,5.807696e+01,5.851245e+01,5.903770e+01,5.944730e+01,6.002541e+01,6.005933e+01,6.038685e+01,6.063477e+01,6.106192e+01,6.146533e+01,6.181174e+01,6.237970e+01,6.307802e+01,6.319958e+01,6.381675e+01,6.421203e+01,6.435449e+01,6.447492e+01,6.524969e+01,6.536934e+01,6.596602e+01,6.652781e+01,6.667867e+01,6.729121e+01,6.740912e+01,6.790110e+01,6.801849e+01,6.859337e+01,6.884812e+01,6.965184e+01,6.971510e+01,7.026216e+01,7.044056e+01,7.111019e+01,7.119368e+01,7.176634e+01,7.189098e+01,7.242987e+01,7.251260e+01,7.293586e+01,7.300800e+01,7.313158e+01,7.370695e+01,7.378896e+01,7.431071e+01,7.481027e+01,7.487132e+01,7.534872e+01,7.547037e+01,7.551089e+01,7.605692e+01,7.602663e+01,7.643997e+01,7.651042e+01,7.701272e+01,7.708291e+01,7.753334e+01,7.751334e+01,7.788274e+01,7.785283e+01,7.782291e+01,7.779298e+01,7.817165e+01,7.824130e+01,7.793259e+01,7.793259e+01,7.812188e+01,7.809201e+01,7.792263e+01,7.787277e+01,7.784286e+01,7.786280e+01,7.772311e+01,7.806213e+01,7.815174e+01,7.807209e+01,7.783288e+01,7.753334e+01,7.796250e+01,7.743336e+01,7.777302e+01,7.733331e+01,7.733331e+01,7.733331e+01,7.694250e+01,7.691239e+01,7.688229e+01,7.685217e+01,7.670149e+01,7.674169e+01,7.659090e+01,7.654061e+01,7.648023e+01,7.634933e+01,7.607710e+01,7.586503e+01,7.612756e+01,7.568301e+01,7.568301e+01,7.568301e+01,7.568301e+01,7.517622e+01,7.512545e+01,7.521683e+01,7.490184e+01,7.488150e+01,7.481027e+01,7.463715e+01,7.440260e+01,7.472882e+01,7.456580e+01,7.434135e+01,7.377871e+01,7.377871e+01,7.377871e+01,7.377871e+01,7.377871e+01,7.377871e+01,7.377871e+01,7.377871e+01,7.328592e+01,7.321391e+01,7.314188e+01,7.323449e+01,7.297708e+01,7.306980e+01,7.288431e+01,7.283274e+01,7.300800e+01,7.251260e+01,7.283274e+01,7.238849e+01,7.238849e+01,7.238849e+01,7.238849e+01,7.238849e+01,7.238849e+01,7.238849e+01,7.231605e+01,7.228498e+01,7.196365e+01,7.183907e+01,7.217104e+01,7.212959e+01,7.163119e+01,7.149591e+01,7.166239e+01,7.162079e+01,7.150632e+01,7.184945e+01,7.140218e+01,7.149591e+01,7.149591e+01,7.149591e+01,7.149591e+01,7.149591e+01,7.149591e+01,7.149591e+01,7.149591e+01,7.149591e+01,7.149591e+01,7.149591e+01,7.149591e+01,7.149591e+01,7.149591e+01,7.149591e+01,7.149591e+01,7.149591e+01,7.149591e+01,7.192213e+01,7.172477e+01,7.168318e+01,7.165199e+01,7.162079e+01,7.166239e+01,7.175595e+01,7.218140e+01,7.211922e+01,7.208812e+01,7.205701e+01,7.208812e+01,7.205701e+01,7.203626e+01,7.249193e+01,7.246090e+01,7.234710e+01,7.244022e+01,7.244022e+01,7.286368e+01,7.283274e+01,7.280179e+01,7.319334e+01,7.317275e+01,7.309040e+01,7.316246e+01,7.325507e+01,7.367618e+01,7.365567e+01,7.363515e+01,7.361463e+01,7.370695e+01,7.377871e+01,7.387093e+01,7.429028e+01,7.426985e+01,7.431071e+01,7.428007e+01,7.424942e+01,7.468809e+01,7.423920e+01,7.469827e+01,7.466771e+01,7.463715e+01,7.457599e+01,7.454541e+01,7.451482e+01,7.473901e+01,7.480009e+01,7.489167e+01,7.487132e+01,7.481027e+01,7.478991e+01,7.474919e+01,7.472882e+01,7.475937e+01,7.457599e+01,7.466771e+01,7.461676e+01,7.458619e+01,7.428007e+01,7.441280e+01,7.439239e+01,7.421877e+01,7.415745e+01,7.394260e+01,7.380946e+01,7.396308e+01,7.338872e+01,7.334761e+01,7.320363e+01,7.318304e+01,7.308010e+01,7.308010e+01,7.273987e+01,7.228498e+01,7.235744e+01,7.189098e+01,7.210886e+01,7.189098e+01,7.167278e+01,7.147509e+01,7.118324e+01,7.088036e+01,7.056635e+01,7.036713e+01,7.002045e+01,6.989417e+01,6.965184e+01,6.928227e+01,6.893294e+01,6.863586e+01,6.830622e+01,6.802916e+01,6.737698e+01,6.724832e+01,6.684013e+01,6.646310e+01,6.623640e+01,6.558661e+01,6.529321e+01,6.497738e+01,6.469360e+01,6.433258e+01,6.371775e+01,6.336517e+01,6.304485e+01,6.241304e+01,6.205704e+01,6.180058e+01,6.142057e+01,6.100580e+01,6.067980e+01,6.013846e+01,5.991225e+01,5.909467e+01,5.876392e+01,5.846668e+01,5.803103e+01,5.762848e+01,5.709752e+01,5.633187e+01,5.588897e+01,5.581889e+01,5.509256e+01,5.468070e+01,5.425567e+01,5.394782e+01,5.352032e+01,5.280457e+01,5.206063e+01,5.175939e+01,5.143323e+01,5.085126e+01,5.029094e+01,4.939645e+01,4.891587e+01,4.848294e+01,4.813549e+01,4.763738e+01,4.691143e+01,4.648381e+01,4.621892e+01,4.577612e+01,4.536982e+01,4.484719e+01,4.451455e+01,4.396235e+01,4.365300e+01,4.335576e+01,4.296691e+01,4.253766e+01,4.219834e+01,4.196283e+01,4.168746e+01,4.138510e+01,4.097630e+01,4.056602e+01,4.022078e+01,4.007439e+01,4.020747e+01,3.936640e+01,3.936640e+01,3.936640e+01,3.880216e+01,3.851897e+01,3.824860e+01,3.824860e+01,3.769226e+01,3.748802e+01,3.748802e+01,3.748802e+01,3.692784e+01,3.683191e+01,3.683191e+01,3.683191e+01,3.683191e+01,3.683191e+01,3.683191e+01,3.683191e+01,3.683191e+01,3.683191e+01,3.646112e+01,3.646112e+01,3.646112e+01,3.589566e+01,3.592331e+01,3.639232e+01,3.618565e+01,3.618565e+01,3.618565e+01,3.618565e+01,3.561876e+01,3.554942e+01,3.597859e+01,3.586800e+01,3.597859e+01,3.597859e+01,3.597859e+01,3.597859e+01,3.541061e+01,3.593713e+01,3.549392e+01,3.542450e+01,3.592331e+01,3.563261e+01,3.548004e+01,3.577114e+01,3.574345e+01,3.556329e+01,3.556329e+01,3.556329e+01,3.556329e+01,3.556329e+01,3.586800e+01,3.586800e+01,3.586800e+01,3.586800e+01,3.586800e+01,3.586800e+01,3.643361e+01,3.637855e+01,3.637855e+01,3.637855e+01,3.637855e+01,3.683191e+01,3.648863e+01,3.673590e+01,3.673590e+01,3.673590e+01,3.673590e+01,3.673590e+01,3.729706e+01,3.735165e+01,3.691414e+01,3.728341e+01,3.728341e+01,3.728341e+01,3.728341e+01,3.728341e+01,3.728341e+01,3.728341e+01,3.728341e+01,3.728341e+01,3.728341e+01,3.728341e+01,3.728341e+01,3.728341e+01,3.728341e+01,3.672218e+01,3.666727e+01,3.661234e+01,3.711944e+01,3.711944e+01,3.711944e+01,3.711944e+01,3.711944e+01,3.711944e+01,3.711944e+01,3.711944e+01,3.647488e+01,3.676334e+01,3.647488e+01,3.695523e+01,3.666727e+01,3.666727e+01,3.666727e+01,3.666727e+01,3.666727e+01,3.666727e+01,3.666727e+01,3.666727e+01,3.666727e+01,3.666727e+01,3.666727e+01,3.666727e+01,3.666727e+01,3.666727e+01,3.666727e+01,3.666727e+01,3.666727e+01,3.666727e+01,3.666727e+01,3.666727e+01,3.636478e+01,3.636478e+01,3.636478e+01,3.636478e+01,3.636478e+01,3.636478e+01,3.636478e+01,3.636478e+01,3.636478e+01,3.636478e+01,3.636478e+01,3.636478e+01,3.636478e+01,3.636478e+01,3.636478e+01,3.636478e+01,3.636478e+01,3.636478e+01,3.636478e+01,3.636478e+01,3.636478e+01,3.636478e+01,3.636478e+01,3.636478e+01,3.636478e+01,3.636478e+01,3.636478e+01,3.636478e+01,3.636478e+01,3.636478e+01,3.636478e+01,3.636478e+01,3.636478e+01,3.636478e+01,3.636478e+01,3.636478e+01,3.636478e+01,3.636478e+01,3.636478e+01,3.636478e+01,3.636478e+01,3.636478e+01,3.636478e+01,3.636478e+01,3.636478e+01,3.636478e+01,3.636478e+01,3.636478e+01,3.636478e+01,3.636478e+01,3.636478e+01,3.636478e+01,3.636478e+01,3.636478e+01,3.636478e+01,3.636478e+01,3.636478e+01,3.636478e+01,3.636478e+01,3.636478e+01
3.446200e+01,3.446200e+01,3.446200e+01,3.446200e+01,3.446200e+01,3.446200e+01,3.446200e+01,3.446200e+01,3.446200e+01,3.446200e+01,3.446200e+01,3.446200e+01,3.478378e+01,3.478378e+01,3.478378e+01,3.478378e+01,3.535504e+01,3.535504e+01,3.535504e+01,3.535504e+01,3.535504e+01,3.592331e+01,3.532724e+01,3.589566e+01,3.596477e+01,3.611667e+01,3.611667e+01,3.611667e+01,3.611667e+01,3.611667e+01,3.611667e+01,3.611667e+01,3.666727e+01,3.666727e+01,3.666727e+01,3.666727e+01,3.666727e+01,3.666727e+01,3.710577e+01,3.739258e+01,3.765144e+01,3.765144e+01,3.765144e+01,3.765144e+01,3.851897e+01,3.858646e+01,3.888294e+01,3.905777e+01,3.988781e+01,3.983444e+01,3.956723e+01,3.988781e+01,4.015426e+01,4.048645e+01,4.079120e+01,4.105554e+01,4.105554e+01,4.159552e+01,4.154295e+01,4.180556e+01,4.198902e+01,4.198902e+01,4.198902e+01,4.198902e+01,4.252463e+01,4.262885e+01,4.288898e+01,4.288898e+01,4.288898e+01,4.342044e+01,4.352386e+01,4.366590e+01,4.366590e+01,4.366590e+01,4.366590e+01,4.366590e+01,4.409100e+01,4.409100e+01,4.409100e+01,4.409100e+01,4.409100e+01,4.461700e+01,4.465540e+01,4.469378e+01,4.479607e+01,4.494934e+01,4.442484e+01,4.498763e+01,4.498763e+01,4.498763e+01,4.498763e+01,4.498763e+01,4.498763e+01,4.559853e+01,4.582681e+01,4.582681e+01,4.582681e+01,4.582681e+01,4.631990e+01,4.679838e+01,4.702436e+01,4.702436e+01,4.759994e+01,4.799871e+01,4.839618e+01,4.875525e+01,4.908860e+01,4.934724e+01,5.008322e+01,5.018102e+01,5.051050e+01,5.116683e+01,5.156621e+01,5.186792e+01,5.222900e+01,5.269685e+01,5.347272e+01,5.346083e+01,5.425567e+01,5.482206e+01,5.523347e+01,5.559675e+01,5.635514e+01,5.658759e+01,5.698180e+01,5.751324e+01,5.823757e+01,5.837508e+01,5.854677e+01,5.901490e+01,5.940186e+01,5.983298e+01,6.002541e+01,6.088224e+01,6.101702e+01,6.119653e+01,6.181174e+01,6.193444e+01,6.235748e+01,6.291208e+01,6.325480e+01,6.379476e+01,6.404747e+01,6.480282e+01,6.485740e+01,6.533672e+01,6.603096e+01,6.616074e+01,6.638757e+01,6.720541e+01,6.737698e+01,6.764463e+01,6.789043e+01,6.824233e+01,6.902830e+01,6.958855e+01,6.973618e+01,7.039861e+01,7.048251e+01,7.099532e+01,7.119368e+01,7.143343e+01,7.175595e+01,7.211922e+01,7.241953e+01,7.273987e+01,7.334761e+01,7.330649e+01,7.381970e+01,7.432092e+01,7.437197e+01,7.449442e+01,7.509498e+01,7.519653e+01,7.534872e+01,7.576393e+01,7.627881e+01,7.636948e+01,7.686221e+01,7.695253e+01,7.700269e+01,7.751334e+01,7.756332e+01,7.807209e+01,7.810197e+01,7.821146e+01,7.854939e+01,7.848981e+01,7.850967e+01,7.861887e+01,7.849973e+01,7.875773e+01,7.872798e+01,7.869823e+01,7.863871e+01,7.844014e+01,7.876765e+01,7.870815e+01,7.867840e+01,7.858909e+01,7.869823e+01,7.866847e+01,7.846994e+01,7.858909e+01,7.833081e+01,7.829104e+01,7.798243e+01,7.794257e+01,7.803225e+01,7.800236e+01,7.779298e+01,7.793259e+01,7.775306e+01,7.728326e+01,7.763326e+01,7.745336e+01,7.701272e+01,7.689232e+01,7.687225e+01,7.678188e+01,7.702275e+01,7.671155e+01,7.657079e+01,7.653055e+01,7.663113e+01,7.648023e+01,7.603674e+01,7.582460e+01,7.586503e+01,7.577405e+01,7.565265e+01,7.531830e+01,7.525742e+01,7.514576e+01,7.526757e+01,7.510514e+01,7.506450e+01,7.478991e+01,7.455560e+01,7.468809e+01,7.464733e+01,7.460657e+01,7.456580e+01,7.410632e+01,7.413699e+01,7.408587e+01,7.393237e+01,7.400402e+01,7.388116e+01,7.333733e+01,7.361463e+01,7.333733e+01,7.327563e+01,7.327563e+01,7.327563e+01,7.327563e+01,7.327563e+01,7.327563e+01,7.323449e+01,7.275019e+01,7.267792e+01,7.270890e+01,7.273987e+01,7.266759e+01,7.269857e+01,7.265726e+01,7.251260e+01,7.236780e+01,7.231605e+01,7.227463e+01,7.241953e+01,7.221249e+01,7.200515e+01,7.235744e+01,7.225392e+01,7.219176e+01,7.215031e+01,7.199477e+01,7.193251e+01,7.187022e+01,7.180790e+01,7.183907e+01,7.177673e+01,7.180790e+01,7.183907e+01,7.177673e+01,7.180790e+01,7.183907e+01,7.177673e+01,7.180790e+01,7.183907e+01,7.177673e+01,7.180790e+01,7.183907e+01,7.177673e+01,7.190137e+01,7.203626e+01,7.203626e+01,7.203626e+01,7.203626e+01,7.203626e+01,7.203626e+01,7.218140e+01,7.229534e+01,7.229534e+01,7.229534e+01,7.248158e+01,7.241953e+01,7.241953e+01,7.245056e+01,7.260562e+01,7.302860e+01,7.285336e+01,7.321391e+01,7.284306e+01,7.339899e+01,7.330649e+01,7.331676e+01,7.344009e+01,7.345036e+01,7.339899e+01,7.385043e+01,7.389141e+01,7.401425e+01,7.393237e+01,7.436176e+01,7.428007e+01,7.421877e+01,7.457599e+01,7.461676e+01,7.432092e+01,7.473901e+01,7.468809e+01,7.460657e+01,7.469827e+01,7.507466e+01,7.485098e+01,7.496286e+01,7.497303e+01,7.498319e+01,7.528786e+01,7.521683e+01,7.525742e+01,7.521683e+01,7.517622e+01,7.513560e+01,7.515591e+01,7.513560e+01,7.515591e+01,7.549063e+01,7.543996e+01,7.540956e+01,7.519653e+01,7.516607e+01,7.508482e+01,7.494253e+01,7.503402e+01,7.500352e+01,7.495269e+01,7.474919e+01,7.457599e+01,7.435155e+01,7.418811e+01,7.439239e+01,7.438218e+01,7.418811e+01,7.401425e+01,7.396308e+01,7.382995e+01,7.362489e+01,7.323449e+01,7.293586e+01,7.272955e+01,7.246090e+01,7.240919e+01,7.222285e+01,7.218140e+01,7.187022e+01,7.153754e+01,7.119368e+01,7.105799e+01,7.107887e+01,7.089082e+01,7.022015e+01,6.996785e+01,6.957800e+01,6.931399e+01,6.897533e+01,6.867834e+01,6.832751e+01,6.797581e+01,6.764463e+01,6.718394e+01,6.689391e+01,6.659248e+01,6.593354e+01,6.567342e+01,6.531496e+01,6.502099e+01,6.463897e+01,6.411332e+01,6.371775e+01,6.338723e+01,6.284565e+01,6.244637e+01,6.211273e+01,6.171126e+01,6.138699e+01,6.098334e+01,6.029658e+01,5.982166e+01,5.966297e+01,5.928816e+01,5.891229e+01,5.795062e+01,5.765152e+01,5.714378e+01,5.687757e+01,5.613392e+01,5.588897e+01,5.519825e+01,5.482206e+01,5.451558e+01,5.419653e+01,5.374612e+01,5.306748e+01,5.242115e+01,5.215687e+01,5.125166e+01,5.088771e+01,5.036417e+01,4.950708e+01,4.906394e+01,4.875525e+01,4.788669e+01,4.767481e+01,4.750004e+01,4.654679e+01,4.616840e+01,4.590280e+01,4.538253e+01,4.498763e+01,4.454018e+01,4.411671e+01,4.371751e+01,4.332988e+01,4.285000e+01,4.266791e+01,4.240727e+01,4.200212e+01,4.163493e+01,4.129292e+01,4.088379e+01,4.047318e+01,4.030054e+01,4.030054e+01,3.975434e+01,3.976770e+01,3.927256e+01,3.897711e+01,3.878869e+01,3.859996e+01,3.824860e+01,3.795042e+01,3.824860e+01,3.800470e+01,3.740622e+01,3.710577e+01,3.750165e+01,3.679078e+01,3.735165e+01,3.672218e+01,3.672218e+01,3.672218e+01,3.672218e+01,3.672218e+01,3.672218e+01,3.672218e+01,3.615807e+01,3.668100e+01,3.637855e+01,3.610287e+01,3.640608e+01,3.597859e+01,3.595095e+01,3.595095e+01,3.595095e+01,3.595095e+01,3.595095e+01,3.595095e+01,3.595095e+01,3.595095e+01,3.595095e+01,3.595095e+01,3.595095e+01,3.595095e+01,3.595095e+01,3.595095e+01,3.595095e+01,3.595095e+01,3.595095e+01,3.595095e+01,3.548004e+01,3.568805e+01,3.568805e+01,3.568805e+01,3.568805e+01,3.568805e+01,3.568805e+01,3.568805e+01,3.568805e+01,3.568805e+01,3.625458e+01,3.628214e+01,3.630970e+01,3.590948e+01,3.622702e+01,3.622702e+01,3.622702e+01,3.622702e+01,3.679078e+01,3.679078e+01,3.657112e+01,3.657112e+01,3.657112e+01,3.713311e+01,3.659860e+01,3.690044e+01,3.709209e+01,3.696893e+01,3.692784e+01,3.720145e+01,3.720145e+01,3.720145e+01,3.720145e+01,3.720145e+01,3.720145e+01,3.720145e+01,3.720145e+01,3.720145e+01,3.720145e+01,3.720145e+01,3.720145e+01,3.720145e+01,3.720145e+01,3.720145e+01,3.720145e+01,3.720145e+01,3.720145e+01,3.663980e+01,3.670845e+01,3.669473e+01,3.668100e+01,3.666727e+01,3.673590e+01,3.658486e+01,3.706473e+01,3.699631e+01,3.680449e+01,3.691414e+01,3.674962e+01,3.674962e+01,3.674962e+01,3.674962e+01,3.674962e+01,3.674962e+01,3.674962e+01,3.674962e+01,3.674962e+01,3.674962e+01,3.674962e+01,3.674962e+01,3.674962e+01,3.674962e+01,3.674962e+01,3.674962e+01,3.674962e+01,3.674962e+01,3.674962e+01,3.674962e+01,3.636478e+01,3.636478e+01,3.636478e+01,3.636478e+01,3.636478e+01,3.636478e+01,3.636478e+01,3.636478e+01,3.636478e+01,3.636478e+01,3.636478e+01,3.636478e+01,3.636478e+01,3.636478e+01,3.636478e+01,3.636478e+01,3.636478e+01,3.636478e+01,3.636478e+01,3.636478e+01,3.636478e+01,3.636478e+01,3.636478e+01,3.636478e+01,3.636478e+01,3.636478e+01,3.636478e+01,3.636478e+01,3.636478e+01,3.636478e+01,3.636478e+01,3.636478e+01,3.636478e+01,3.636478e+01,3.636478e+01,3.636478e+01,3.636478e+01,3.636478e+01,3.636478e+01,3.636478e+01,3.636478e+01,3.636478e+01,3.636478e+01,3.636478e+01,3.636478e+01,3.636478e+01,3.636478e+01,3.636478e+01,3.636478e+01,3.636478e+01,3.636478e+01,3.636478e+01,3.636478e+01,3.636478e+01,3.636478e+01,3.636478e+01,3.636478e+01,3.636478e+01,3.636478e+01,3.636478e+01
3.446200e+01,3.446200e+01,3.446200e+01,3.446200e+01,3.446200e+01,3.446200e+01,3.446200e+01,3.446200e+01,3.446200e+01,3.446200e+01,3.446200e+01,3.446200e+01,3.478378e+01,3.478378e+01,3.478378e+01,3.478378e+01,3.535504e+01,3.535504e+01,3.535504e+01,3.535504e+01,3.535504e+01,3.535504e+01,3.535504e+01,3.589566e+01,3.589566e+01,3.589566e+01,3.589566e+01,3.646112e+01,3.590948e+01,3.647488e+01,3.647488e+01,3.662607e+01,3.680449e+01,3.680449e+01,3.680449e+01,3.680449e+01,3.680449e+01,3.680449e+01,3.680449e+01,3.739258e+01,3.739258e+01,3.739258e+01,3.795042e+01,3.809961e+01,3.809961e+01,3.820798e+01,3.882909e+01,3.874828e+01,3.921890e+01,3.983444e+01,3.974099e+01,4.035369e+01,4.044664e+01,4.052624e+01,4.072502e+01,4.105554e+01,4.133244e+01,4.104234e+01,4.166120e+01,4.166120e+01,4.166120e+01,4.198902e+01,4.198902e+01,4.198902e+01,4.252463e+01,4.252463e+01,4.252463e+01,4.288898e+01,4.316150e+01,4.339457e+01,4.339457e+01,4.339457e+01,4.339457e+01,4.339457e+01,4.366590e+01,4.393660e+01,4.406528e+01,4.406528e+01,4.406528e+01,4.406528e+01,4.406528e+01,4.406528e+01,4.406528e+01,4.416813e+01,4.436071e+01,4.446329e+01,4.446329e+01,4.479607e+01,4.479607e+01,4.479607e+01,4.479607e+01,4.479607e+01,4.531893e+01,4.505142e+01,4.536982e+01,4.545882e+01,4.597874e+01,4.572541e+01,4.616840e+01,4.645860e+01,4.669781e+01,4.688631e+01,4.733752e+01,4.769976e+01,4.806091e+01,4.889117e+01,4.917488e+01,4.945792e+01,4.989964e+01,5.015657e+01,5.059578e+01,5.111834e+01,5.139693e+01,5.178352e+01,5.225304e+01,5.313909e+01,5.309135e+01,5.375800e+01,5.429115e+01,5.478674e+01,5.508081e+01,5.554993e+01,5.613392e+01,5.661081e+01,5.694707e+01,5.744405e+01,5.799657e+01,5.861538e+01,5.874108e+01,5.898071e+01,5.979900e+01,5.992357e+01,6.026271e+01,6.084852e+01,6.084852e+01,6.165541e+01,6.144295e+01,6.223516e+01,6.284565e+01,6.342032e+01,6.356361e+01,6.380575e+01,6.459524e+01,6.489013e+01,6.511905e+01,6.538021e+01,6.586856e+01,6.658170e+01,6.672174e+01,6.717322e+01,6.749480e+01,6.771948e+01,6.843391e+01,6.899652e+01,6.916592e+01,6.943021e+01,7.023066e+01,7.048251e+01,7.070251e+01,7.096397e+01,7.130840e+01,7.193251e+01,7.206738e+01,7.255395e+01,7.304920e+01,7.318304e+01,7.385043e+01,7.385043e+01,7.398355e+01,7.458619e+01,7.498319e+01,7.502385e+01,7.559191e+01,7.593575e+01,7.597615e+01,7.652048e+01,7.661102e+01,7.706286e+01,7.715306e+01,7.755332e+01,7.760329e+01,7.810197e+01,7.815174e+01,7.825125e+01,7.865855e+01,7.870815e+01,7.880730e+01,7.874782e+01,7.915380e+01,7.909445e+01,7.904498e+01,7.900539e+01,7.897569e+01,7.894599e+01,7.888657e+01,7.920323e+01,7.930206e+01,7.918346e+01,7.909445e+01,7.894599e+01,7.888657e+01,7.888657e+01,7.888657e+01,7.888657e+01,7.888657e+01,7.888657e+01,7.839045e+01,7.869823e+01,7.864864e+01,7.849973e+01,7.828109e+01,7.823135e+01,7.789272e+01,7.774308e+01,7.784286e+01,7.791266e+01,7.761327e+01,7.744336e+01,7.737334e+01,7.735332e+01,7.730328e+01,7.715306e+01,7.737334e+01,7.688229e+01,7.683208e+01,7.647017e+01,7.655067e+01,7.632919e+01,7.586503e+01,7.627881e+01,7.636948e+01,7.576393e+01,7.564252e+01,7.547037e+01,7.547037e+01,7.547037e+01,7.547037e+01,7.520668e+01,7.496286e+01,7.531830e+01,7.481027e+01,7.481027e+01,7.481027e+01,7.481027e+01,7.481027e+01,7.450462e+01,7.429028e+01,7.422899e+01,7.395284e+01,7.409609e+01,7.404495e+01,7.417789e+01,7.405518e+01,7.399379e+01,7.393237e+01,7.387093e+01,7.380946e+01,7.374796e+01,7.351199e+01,7.330649e+01,7.359411e+01,7.312129e+01,7.305950e+01,7.298739e+01,7.298739e+01,7.294617e+01,7.280179e+01,7.308010e+01,7.296678e+01,7.244022e+01,7.286368e+01,7.258495e+01,7.242987e+01,7.253328e+01,7.253328e+01,7.253328e+01,7.253328e+01,7.253328e+01,7.253328e+01,7.253328e+01,7.253328e+01,7.253328e+01,7.253328e+01,7.253328e+01,7.226427e+01,7.212959e+01,7.248158e+01,7.241953e+01,7.229534e+01,7.223320e+01,7.217104e+01,7.211922e+01,7.248158e+01,7.242987e+01,7.231605e+01,7.268825e+01,7.264694e+01,7.260562e+01,7.256429e+01,7.252294e+01,7.248158e+01,7.286368e+01,7.283274e+01,7.280179e+01,7.319334e+01,7.275019e+01,7.314188e+01,7.304920e+01,7.301830e+01,7.298739e+01,7.303890e+01,7.314188e+01,7.318304e+01,7.352225e+01,7.384019e+01,7.377871e+01,7.365567e+01,7.362489e+01,7.405518e+01,7.402448e+01,7.402448e+01,7.412677e+01,7.414722e+01,7.416766e+01,7.471864e+01,7.482045e+01,7.470846e+01,7.511530e+01,7.480009e+01,7.518638e+01,7.493236e+01,7.502385e+01,7.540956e+01,7.529801e+01,7.535886e+01,7.532844e+01,7.568301e+01,7.565265e+01,7.562228e+01,7.569312e+01,7.565265e+01,7.555141e+01,7.593575e+01,7.587513e+01,7.581449e+01,7.575381e+01,7.573359e+01,7.569312e+01,7.575381e+01,7.584481e+01,7.577405e+01,7.603674e+01,7.582460e+01,7.577405e+01,7.567289e+01,7.551089e+01,7.549063e+01,7.543996e+01,7.536900e+01,7.556154e+01,7.527772e+01,7.505434e+01,7.488150e+01,7.487132e+01,7.443320e+01,7.443320e+01,7.443320e+01,7.443320e+01,7.424942e+01,7.385043e+01,7.354279e+01,7.341955e+01,7.352225e+01,7.325507e+01,7.318304e+01,7.297708e+01,7.283274e+01,7.248158e+01,7.206738e+01,7.185983e+01,7.170398e+01,7.125626e+01,7.126669e+01,7.100577e+01,7.067110e+01,7.027267e+01,6.996785e+01,6.958855e+01,6.920824e+01,6.879509e+01,6.843391e+01,6.801849e+01,6.754833e+01,6.721613e+01,6.689391e+01,6.632280e+01,6.597684e+01,6.570597e+01,6.532584e+01,6.492286e+01,6.437640e+01,6.406942e+01,6.371775e+01,6.315539e+01,6.284565e+01,6.242415e+01,6.211273e+01,6.170009e+01,6.127499e+01,6.056720e+01,6.039813e+01,6.002541e+01,5.962894e+01,5.923128e+01,5.836363e+01,5.797360e+01,5.755935e+01,5.672686e+01,5.625040e+01,5.587729e+01,5.579553e+01,5.489268e+01,5.497503e+01,5.406631e+01,5.376987e+01,5.311523e+01,5.260102e+01,5.220496e+01,5.143323e+01,5.093630e+01,5.043736e+01,5.010767e+01,4.965444e+01,4.871815e+01,4.806091e+01,4.806091e+01,4.750004e+01,4.668523e+01,4.621892e+01,4.581414e+01,4.552234e+01,4.498763e+01,4.457859e+01,4.429655e+01,4.380777e+01,4.327810e+01,4.303181e+01,4.266791e+01,4.222448e+01,4.191043e+01,4.154295e+01,4.120066e+01,4.079120e+01,4.053951e+01,4.053951e+01,3.999446e+01,3.979440e+01,3.951371e+01,3.941999e+01,3.919206e+01,3.919206e+01,3.859996e+01,3.815381e+01,3.800470e+01,3.818090e+01,3.771946e+01,3.737894e+01,3.716046e+01,3.740622e+01,3.722878e+01,3.720145e+01,3.691414e+01,3.691414e+01,3.691414e+01,3.691414e+01,3.691414e+01,3.635102e+01,3.674962e+01,3.662607e+01,3.663980e+01,3.644736e+01,3.636478e+01,3.635102e+01,3.604765e+01,3.604765e+01,3.604765e+01,3.604765e+01,3.604765e+01,3.604765e+01,3.604765e+01,3.604765e+01,3.604765e+01,3.604765e+01,3.604765e+01,3.548004e+01,3.552167e+01,3.548004e+01,3.552167e+01,3.548004e+01,3.552167e+01,3.548004e+01,3.539672e+01,3.584033e+01,3.588183e+01,3.588183e+01,3.531334e+01,3.584033e+01,3.584033e+01,3.584033e+01,3.584033e+01,3.584033e+01,3.584033e+01,3.584033e+01,3.584033e+01,3.584033e+01,3.584033e+01,3.622702e+01,3.622702e+01,3.622702e+01,3.679078e+01,3.690044e+01,3.690044e+01,3.690044e+01,3.690044e+01,3.690044e+01,3.690044e+01,3.690044e+01,3.690044e+01,3.746076e+01,3.736530e+01,3.735165e+01,3.737894e+01,3.737894e+01,3.737894e+01,3.737894e+01,3.737894e+01,3.737894e+01,3.737894e+01,3.737894e+01,3.737894e+01,3.737894e+01,3.737894e+01,3.737894e+01,3.737894e+01,3.737894e+01,3.737894e+01,3.737894e+01,3.681820e+01,3.666727e+01,3.709209e+01,3.705105e+01,3.706473e+01,3.707841e+01,3.709209e+01,3.711944e+01,3.711944e+01,3.665354e+01,3.662607e+01,3.659860e+01,3.659860e+01,3.659860e+01,3.659860e+01,3.659860e+01,3.659860e+01,3.659860e+01,3.659860e+01,3.659860e+01,3.659860e+01,3.659860e+01,3.659860e+01,3.659860e+01,3.659860e+01,3.659860e+01,3.659860e+01,3.659860e+01,3.659860e+01,3.659860e+01,3.659860e+01,3.659860e+01,3.659860e+01,3.659860e+01,3.659860e+01,3.659860e+01,3.659860e+01,3.659860e+01,3.659860e+01,3.659860e+01,3.659860e+01,3.659860e+01,3.659860e+01,3.659860e+01,3.659860e+01,3.603384e+01,3.600622e+01,3.654363e+01,3.654363e+01,3.597859e+01,3.652988e+01,3.652988e+01,3.652988e+01,3.652988e+01,3.596477e+01,3.596477e+01,3.596477e+01,3.596477e+01,3.596477e+01,3.596477e+01,3.596477e+01,3.596477e+01,3.596477e+01,3.652988e+01,3.596477e+01,3.596477e+01,3.596477e+01,3.596477e+01,3.596477e+01,3.596477e+01,3.596477e+01,3.596477e+01,3.596477e+01,3.596477e+01,3.596477e+01,3.596477e+01,3.596477e+01,3.596477e+01,3.596477e+01,3.596477e+01,3.596477e+01,3.596477e+01,3.596477e+01,3.652988e+01,3.652988e+01,3.652988e+01,3.652988e+01,3.652988e+01,3.652988e+01,3.596477e+01,3.597859e+01,3.599241e+01,3.600622e+01
3.446200e+01,3.446200e+01,3.446200e+01,3.446200e+01,3.446200e+01,3.446200e+01,3.446200e+01,3.446200e+01,3.446200e+01,3.446200e+01,3.446200e+01,3.446200e+01,3.478378e+01,3.478378e+01,3.478378e+01,3.535504e+01,3.543839e+01,3.543839e+01,3.543839e+01,3.543839e+01,3.543839e+01,3.543839e+01,3.543839e+01,3.589566e+01,3.589566e+01,3.589566e+01,3.589566e+01,3.589566e+01,3.646112e+01,3.655737e+01,3.655737e+01,3.655737e+01,3.655737e+01,3.655737e+01,3.655737e+01,3.655737e+01,3.711944e+01,3.710577e+01,3.725610e+01,3.747440e+01,3.747440e+01,3.747440e+01,3.795042e+01,3.795042e+01,3.850547e+01,3.865392e+01,3.890985e+01,3.911150e+01,3.927256e+01,3.964746e+01,3.992781e+01,4.016756e+01,4.016756e+01,4.052624e+01,4.091023e+01,4.114791e+01,4.127974e+01,4.113472e+01,4.147721e+01,4.201521e+01,4.158238e+01,4.184489e+01,4.238118e+01,4.252463e+01,4.260281e+01,4.260281e+01,4.260281e+01,4.260281e+01,4.316150e+01,4.316150e+01,4.316150e+01,4.316150e+01,4.369171e+01,4.378199e+01,4.382066e+01,4.387220e+01,4.387220e+01,4.387220e+01,4.387220e+01,4.387220e+01,4.387220e+01,4.439919e+01,4.438637e+01,4.437354e+01,4.437354e+01,4.437354e+01,4.437354e+01,4.437354e+01,4.479607e+01,4.479607e+01,4.479607e+01,4.479607e+01,4.531893e+01,4.510242e+01,4.530621e+01,4.566199e+01,4.580146e+01,4.599140e+01,4.619366e+01,4.639558e+01,4.721236e+01,4.728747e+01,4.736254e+01,4.778703e+01,4.819761e+01,4.875525e+01,4.912558e+01,4.954394e+01,4.976484e+01,5.015657e+01,5.055924e+01,5.094844e+01,5.131221e+01,5.183175e+01,5.221698e+01,5.293609e+01,5.318681e+01,5.372237e+01,5.422019e+01,5.458637e+01,5.501030e+01,5.592399e+01,5.618052e+01,5.648304e+01,5.694707e+01,5.742097e+01,5.795062e+01,5.887806e+01,5.895790e+01,5.957220e+01,5.986696e+01,6.008194e+01,6.039813e+01,6.070231e+01,6.093842e+01,6.151008e+01,6.167775e+01,6.227965e+01,6.282350e+01,6.325480e+01,6.355259e+01,6.392667e+01,6.447492e+01,6.484648e+01,6.559747e+01,6.573850e+01,6.602014e+01,6.644153e+01,6.724832e+01,6.731266e+01,6.801849e+01,6.815710e+01,6.858275e+01,6.929284e+01,6.936683e+01,6.998889e+01,7.029366e+01,7.057684e+01,7.122498e+01,7.136050e+01,7.193251e+01,7.241953e+01,7.248158e+01,7.270890e+01,7.334761e+01,7.388116e+01,7.395284e+01,7.437197e+01,7.443320e+01,7.515591e+01,7.522698e+01,7.534872e+01,7.563241e+01,7.623849e+01,7.635941e+01,7.659090e+01,7.724322e+01,7.731329e+01,7.784286e+01,7.791266e+01,7.838052e+01,7.845007e+01,7.882712e+01,7.889647e+01,7.896580e+01,7.936133e+01,7.934158e+01,7.935145e+01,7.942057e+01,7.935145e+01,7.929218e+01,7.924277e+01,7.960802e+01,7.955871e+01,7.956857e+01,7.952911e+01,7.950938e+01,7.939095e+01,7.930206e+01,7.955871e+01,7.947978e+01,7.946004e+01,7.944031e+01,7.942057e+01,7.899550e+01,7.917358e+01,7.889647e+01,7.885684e+01,7.885684e+01,7.885684e+01,7.885684e+01,7.863871e+01,7.843020e+01,7.825125e+01,7.822141e+01,7.812188e+01,7.799239e+01,7.820151e+01,7.770315e+01,7.765323e+01,7.761327e+01,7.753334e+01,7.749335e+01,7.710296e+01,7.731329e+01,7.708291e+01,7.698263e+01,7.665124e+01,7.646011e+01,7.653055e+01,7.638963e+01,7.671155e+01,7.643997e+01,7.623849e+01,7.620824e+01,7.617799e+01,7.566277e+01,7.572347e+01,7.552103e+01,7.549063e+01,7.551089e+01,7.506450e+01,7.507466e+01,7.508482e+01,7.506450e+01,7.477973e+01,7.473901e+01,7.456580e+01,7.470846e+01,7.466771e+01,7.457599e+01,7.453521e+01,7.437197e+01,7.432092e+01,7.426985e+01,7.416766e+01,7.411655e+01,7.403472e+01,7.397332e+01,7.384019e+01,7.379921e+01,7.345036e+01,7.339899e+01,7.370695e+01,7.325507e+01,7.322421e+01,7.315217e+01,7.311099e+01,7.319334e+01,7.294617e+01,7.291524e+01,7.311099e+01,7.291524e+01,7.287399e+01,7.325507e+01,7.322421e+01,7.277083e+01,7.278115e+01,7.279147e+01,7.280179e+01,7.281210e+01,7.282242e+01,7.283274e+01,7.281210e+01,7.271922e+01,7.265726e+01,7.272955e+01,7.267792e+01,7.256429e+01,7.251260e+01,7.288431e+01,7.290493e+01,7.297708e+01,7.288431e+01,7.284306e+01,7.291524e+01,7.288431e+01,7.285336e+01,7.282242e+01,7.321391e+01,7.324478e+01,7.331676e+01,7.324478e+01,7.328592e+01,7.325507e+01,7.356332e+01,7.363515e+01,7.350172e+01,7.342982e+01,7.335789e+01,7.373771e+01,7.370695e+01,7.377871e+01,7.384019e+01,7.384019e+01,7.425964e+01,7.410632e+01,7.414722e+01,7.421877e+01,7.421877e+01,7.463715e+01,7.460657e+01,7.499336e+01,7.464733e+01,7.478991e+01,7.520668e+01,7.515591e+01,7.512545e+01,7.571336e+01,7.568301e+01,7.542983e+01,7.549063e+01,7.597615e+01,7.583471e+01,7.580437e+01,7.624857e+01,7.591555e+01,7.590545e+01,7.589534e+01,7.632919e+01,7.625864e+01,7.622841e+01,7.629896e+01,7.620824e+01,7.611747e+01,7.650036e+01,7.645004e+01,7.637955e+01,7.634933e+01,7.631911e+01,7.631911e+01,7.626873e+01,7.622841e+01,7.614773e+01,7.601654e+01,7.623849e+01,7.619816e+01,7.612756e+01,7.603674e+01,7.592565e+01,7.600645e+01,7.578416e+01,7.559191e+01,7.538928e+01,7.508482e+01,7.506450e+01,7.504418e+01,7.460657e+01,7.462695e+01,7.421877e+01,7.433113e+01,7.417789e+01,7.406541e+01,7.338872e+01,7.338872e+01,7.338872e+01,7.283274e+01,7.292554e+01,7.264694e+01,7.240919e+01,7.205701e+01,7.174555e+01,7.163119e+01,7.132924e+01,7.097443e+01,7.066063e+01,7.024117e+01,7.027267e+01,6.983099e+01,6.892234e+01,6.859337e+01,6.864648e+01,6.816776e+01,6.779430e+01,6.735554e+01,6.677557e+01,6.638757e+01,6.644153e+01,6.598767e+01,6.551060e+01,6.495557e+01,6.460617e+01,6.414623e+01,6.357462e+01,6.315539e+01,6.282350e+01,6.240193e+01,6.197904e+01,6.154363e+01,6.114046e+01,6.075856e+01,6.037557e+01,5.950409e+01,5.927679e+01,5.892369e+01,5.798509e+01,5.761696e+01,5.730555e+01,5.681963e+01,5.644817e+01,5.614557e+01,5.556164e+01,5.485738e+01,5.419653e+01,5.374612e+01,5.317488e+01,5.272079e+01,5.238515e+01,5.167491e+01,5.123954e+01,5.083910e+01,4.988739e+01,4.971579e+01,4.934724e+01,4.885411e+01,4.809820e+01,4.761242e+01,4.687376e+01,4.654679e+01,4.616840e+01,4.585214e+01,4.542068e+01,4.496211e+01,4.412957e+01,4.388509e+01,4.351093e+01,4.308371e+01,4.255069e+01,4.236813e+01,4.193663e+01,4.198902e+01,4.159552e+01,4.087056e+01,4.087056e+01,4.053951e+01,4.015426e+01,4.031383e+01,4.003443e+01,3.935300e+01,3.935300e+01,3.880216e+01,3.854597e+01,3.831625e+01,3.831625e+01,3.776026e+01,3.769226e+01,3.746076e+01,3.746076e+01,3.690044e+01,3.695523e+01,3.676334e+01,3.676334e+01,3.676334e+01,3.676334e+01,3.676334e+01,3.676334e+01,3.635102e+01,3.666727e+01,3.610287e+01,3.617186e+01,3.622702e+01,3.622702e+01,3.622702e+01,3.622702e+01,3.622702e+01,3.622702e+01,3.622702e+01,3.622702e+01,3.622702e+01,3.622702e+01,3.622702e+01,3.566034e+01,3.617186e+01,3.588183e+01,3.564648e+01,3.564648e+01,3.564648e+01,3.564648e+01,3.564648e+01,3.564648e+01,3.564648e+01,3.564648e+01,3.564648e+01,3.564648e+01,3.564648e+01,3.564648e+01,3.564648e+01,3.564648e+01,3.564648e+01,3.564648e+01,3.564648e+01,3.621323e+01,3.625458e+01,3.629592e+01,3.624080e+01,3.633725e+01,3.628214e+01,3.628214e+01,3.628214e+01,3.628214e+01,3.633725e+01,3.695523e+01,3.695523e+01,3.695523e+01,3.695523e+01,3.695523e+01,3.695523e+01,3.695523e+01,3.695523e+01,3.695523e+01,3.735165e+01,3.735165e+01,3.735165e+01,3.735165e+01,3.735165e+01,3.735165e+01,3.735165e+01,3.735165e+01,3.735165e+01,3.735165e+01,3.735165e+01,3.735165e+01,3.735165e+01,3.735165e+01,3.735165e+01,3.735165e+01,3.735165e+01,3.735165e+01,3.666727e+01,3.700999e+01,3.700999e+01,3.700999e+01,3.700999e+01,3.700999e+01,3.700999e+01,3.700999e+01,3.700999e+01,3.700999e+01,3.700999e+01,3.700999e+01,3.700999e+01,3.700999e+01,3.659860e+01,3.659860e+01,3.659860e+01,3.659860e+01,3.659860e+01,3.659860e+01,3.659860e+01,3.659860e+01,3.659860e+01,3.659860e+01,3.659860e+01,3.659860e+01,3.659860e+01,3.659860e+01,3.659860e+01,3.659860e+01,3.659860e+01,3.659860e+01,3.659860e+01,3.659860e+01,3.659860e+01,3.659860e+01,3.659860e+01,3.659860e+01,3.603384e+01,3.665354e+01,3.665354e+01,3.608907e+01,3.615807e+01,3.654363e+01,3.619944e+01,3.646112e+01,3.607527e+01,3.654363e+01,3.643361e+01,3.604765e+01,3.611667e+01,3.607527e+01,3.599241e+01,3.646112e+01,3.639232e+01,3.643361e+01,3.636478e+01,3.640608e+01,3.644736e+01,3.637855e+01,3.641985e+01,3.650238e+01,3.648863e+01,3.613047e+01,3.613047e+01,3.613047e+01,3.613047e+01,3.613047e+01,3.613047e+01,3.613047e+01,3.613047e+01,3.613047e+01,3.613047e+01,3.613047e+01,3.613047e+01,3.613047e+01,3.613047e+01,3.613047e+01,3.613047e+01,3.613047e+01,3.613047e+01,3.613047e+01,3.613047e+01,3.613047e+01,3.613047e+01,3.613047e+01,3.613047e+01,3.613047e+01,3.613047e+01,3.613047e+01,3.613047e+01,3.613047e+01
3.446200e+01,3.446200e+01,3.446200e+01,3.446200e+01,3.446200e+01,3.446200e+01,3.446200e+01,3.446200e+01,3.446200e+01,3.446200e+01,3.446200e+01,3.503495e+01,3.497919e+01,3.497919e+01,3.497919e+01,3.497919e+01,3.497919e+01,3.497919e+01,3.543839e+01,3.543839e+01,3.543839e+01,3.543839e+01,3.600622e+01,3.549392e+01,3.602003e+01,3.602003e+01,3.602003e+01,3.602003e+01,3.646112e+01,3.646112e+01,3.646112e+01,3.646112e+01,3.646112e+01,3.646112e+01,3.646112e+01,3.702368e+01,3.661234e+01,3.668100e+01,3.680449e+01,3.709209e+01,3.706473e+01,3.781462e+01,3.790970e+01,3.819444e+01,3.834330e+01,3.865392e+01,3.865392e+01,3.911150e+01,3.946016e+01,3.975434e+01,3.984778e+01,4.016756e+01,4.035369e+01,4.063230e+01,4.083089e+01,4.083089e+01,4.127974e+01,4.131926e+01,4.164807e+01,4.158238e+01,4.154295e+01,4.208064e+01,4.222448e+01,4.222448e+01,4.222448e+01,4.260281e+01,4.260281e+01,4.260281e+01,4.316150e+01,4.316150e+01,4.316150e+01,4.316150e+01,4.316150e+01,4.325219e+01,4.335576e+01,4.347216e+01,4.397522e+01,4.397522e+01,4.397522e+01,4.397522e+01,4.397522e+01,4.397522e+01,4.397522e+01,4.397522e+01,4.437354e+01,4.437354e+01,4.437354e+01,4.437354e+01,4.437354e+01,4.479607e+01,4.479607e+01,4.479607e+01,4.479607e+01,4.510242e+01,4.496211e+01,4.563661e+01,4.563661e+01,4.599140e+01,4.650900e+01,4.666007e+01,4.666007e+01,4.731250e+01,4.762490e+01,4.783687e+01,4.812306e+01,4.854489e+01,4.907627e+01,4.934724e+01,4.972805e+01,5.027873e+01,5.092415e+01,5.098487e+01,5.146951e+01,5.171112e+01,5.225304e+01,5.281653e+01,5.322258e+01,5.365110e+01,5.403078e+01,5.455098e+01,5.538594e+01,5.594733e+01,5.627368e+01,5.663403e+01,5.736327e+01,5.760544e+01,5.789315e+01,5.868396e+01,5.900351e+01,5.945866e+01,5.968565e+01,6.004802e+01,6.045451e+01,6.079230e+01,6.108437e+01,6.183406e+01,6.196789e+01,6.232413e+01,6.276810e+01,6.308908e+01,6.398159e+01,6.415720e+01,6.451868e+01,6.523881e+01,6.563003e+01,6.587939e+01,6.617155e+01,6.684013e+01,6.728049e+01,6.753763e+01,6.797581e+01,6.877386e+01,6.894353e+01,6.932455e+01,7.002045e+01,7.008354e+01,7.080715e+01,7.094308e+01,7.125626e+01,7.201552e+01,7.218140e+01,7.237814e+01,7.299770e+01,7.313158e+01,7.351199e+01,7.418811e+01,7.472882e+01,7.475937e+01,7.482045e+01,7.518638e+01,7.560204e+01,7.567289e+01,7.619816e+01,7.668140e+01,7.675174e+01,7.729327e+01,7.733331e+01,7.797247e+01,7.842027e+01,7.847987e+01,7.892619e+01,7.898560e+01,7.944031e+01,7.938107e+01,7.944031e+01,7.990352e+01,7.982478e+01,7.976569e+01,7.970658e+01,8.005106e+01,7.993304e+01,7.994288e+01,8.000190e+01,7.989368e+01,7.983462e+01,7.981493e+01,7.981493e+01,8.011987e+01,8.010021e+01,8.006089e+01,7.992320e+01,7.984447e+01,7.976569e+01,7.953898e+01,7.962773e+01,7.951925e+01,7.964745e+01,7.954884e+01,7.948965e+01,7.902519e+01,7.929218e+01,7.903509e+01,7.883703e+01,7.899550e+01,7.890638e+01,7.834075e+01,7.868832e+01,7.824130e+01,7.826120e+01,7.814179e+01,7.803225e+01,7.788274e+01,7.804221e+01,7.784286e+01,7.779298e+01,7.757331e+01,7.727325e+01,7.721317e+01,7.736333e+01,7.689232e+01,7.682204e+01,7.677183e+01,7.697260e+01,7.670149e+01,7.660096e+01,7.636948e+01,7.638963e+01,7.590545e+01,7.590545e+01,7.590545e+01,7.590545e+01,7.590545e+01,7.549063e+01,7.540956e+01,7.536900e+01,7.523713e+01,7.553115e+01,7.528786e+01,7.521683e+01,7.510514e+01,7.494253e+01,7.483063e+01,7.469827e+01,7.467789e+01,7.455560e+01,7.448421e+01,7.446381e+01,7.431071e+01,7.428007e+01,7.417789e+01,7.435155e+01,7.413699e+01,7.415745e+01,7.410632e+01,7.378896e+01,7.410632e+01,7.397332e+01,7.387093e+01,7.375821e+01,7.352225e+01,7.342982e+01,7.336816e+01,7.362489e+01,7.364541e+01,7.328592e+01,7.342982e+01,7.353252e+01,7.347091e+01,7.340927e+01,7.334761e+01,7.328592e+01,7.322421e+01,7.316246e+01,7.317275e+01,7.301830e+01,7.298739e+01,7.301830e+01,7.299770e+01,7.333733e+01,7.292554e+01,7.298739e+01,7.340927e+01,7.334761e+01,7.319334e+01,7.319334e+01,7.313158e+01,7.356332e+01,7.347091e+01,7.349145e+01,7.355305e+01,7.349145e+01,7.354279e+01,7.352225e+01,7.357358e+01,7.362489e+01,7.400402e+01,7.352225e+01,7.394260e+01,7.379921e+01,7.377871e+01,7.425964e+01,7.415745e+01,7.408587e+01,7.413699e+01,7.426985e+01,7.433113e+01,7.452502e+01,7.487132e+01,7.481027e+01,7.486115e+01,7.492219e+01,7.502385e+01,7.540956e+01,7.519653e+01,7.566277e+01,7.572347e+01,7.561216e+01,7.564252e+01,7.577405e+01,7.602663e+01,7.619816e+01,7.584481e+01,7.645004e+01,7.624857e+01,7.626873e+01,7.666129e+01,7.646011e+01,7.680196e+01,7.684212e+01,7.678188e+01,7.665124e+01,7.697260e+01,7.692243e+01,7.678188e+01,7.674169e+01,7.681200e+01,7.681200e+01,7.710296e+01,7.703278e+01,7.696256e+01,7.692243e+01,7.683208e+01,7.675174e+01,7.704280e+01,7.698263e+01,7.689232e+01,7.682204e+01,7.672160e+01,7.660096e+01,7.646011e+01,7.634933e+01,7.614773e+01,7.592565e+01,7.602663e+01,7.574371e+01,7.569312e+01,7.548050e+01,7.517622e+01,7.498319e+01,7.512545e+01,7.467789e+01,7.448421e+01,7.421877e+01,7.409609e+01,7.405518e+01,7.386068e+01,7.345036e+01,7.333733e+01,7.301830e+01,7.266759e+01,7.282242e+01,7.253328e+01,7.230569e+01,7.189098e+01,7.152714e+01,7.109975e+01,7.082807e+01,7.062921e+01,7.010457e+01,6.972564e+01,6.898592e+01,6.878448e+01,6.833816e+01,6.799715e+01,6.759114e+01,6.743055e+01,6.675404e+01,6.654937e+01,6.612831e+01,6.568427e+01,6.523881e+01,6.485740e+01,6.438734e+01,6.380575e+01,6.349749e+01,6.313329e+01,6.270160e+01,6.226853e+01,6.182290e+01,6.140937e+01,6.101702e+01,6.062352e+01,6.005933e+01,5.924266e+01,5.923128e+01,5.840944e+01,5.799657e+01,5.755935e+01,5.719001e+01,5.636677e+01,5.599400e+01,5.559675e+01,5.492798e+01,5.430297e+01,5.388853e+01,5.335367e+01,5.301972e+01,5.215687e+01,5.171112e+01,5.131221e+01,5.094844e+01,5.016879e+01,4.947022e+01,4.969125e+01,4.868105e+01,4.813549e+01,4.768728e+01,4.707452e+01,4.663491e+01,4.614313e+01,4.570004e+01,4.545882e+01,4.503866e+01,4.438637e+01,4.398809e+01,4.345923e+01,4.312261e+01,4.277200e+01,4.228979e+01,4.211989e+01,4.196283e+01,4.143774e+01,4.105554e+01,4.089701e+01,4.044664e+01,4.024737e+01,4.015426e+01,3.987447e+01,3.954047e+01,3.923232e+01,3.899056e+01,3.899056e+01,3.831625e+01,3.800470e+01,3.781462e+01,3.781462e+01,3.746076e+01,3.714679e+01,3.695523e+01,3.695523e+01,3.695523e+01,3.695523e+01,3.695523e+01,3.695523e+01,3.695523e+01,3.639232e+01,3.636478e+01,3.655737e+01,3.629592e+01,3.629592e+01,3.629592e+01,3.629592e+01,3.629592e+01,3.629592e+01,3.629592e+01,3.572960e+01,3.578498e+01,3.571575e+01,3.577114e+01,3.582650e+01,3.564648e+01,3.566034e+01,3.579882e+01,3.579882e+01,3.579882e+01,3.579882e+01,3.579882e+01,3.579882e+01,3.579882e+01,3.579882e+01,3.579882e+01,3.579882e+01,3.579882e+01,3.579882e+01,3.579882e+01,3.579882e+01,3.579882e+01,3.579882e+01,3.579882e+01,3.579882e+01,3.579882e+01,3.579882e+01,3.625458e+01,3.625458e+01,3.625458e+01,3.625458e+01,3.625458e+01,3.625458e+01,3.681820e+01,3.619944e+01,3.657112e+01,3.676334e+01,3.676334e+01,3.676334e+01,3.732436e+01,3.683191e+01,3.683191e+01,3.739258e+01,3.744713e+01,3.754252e+01,3.750165e+01,3.750165e+01,3.750165e+01,3.750165e+01,3.750165e+01,3.750165e+01,3.750165e+01,3.750165e+01,3.750165e+01,3.750165e+01,3.750165e+01,3.750165e+01,3.694154e+01,3.744713e+01,3.744713e+01,3.744713e+01,3.744713e+01,3.744713e+01,3.722878e+01,3.718779e+01,3.718779e+01,3.718779e+01,3.718779e+01,3.718779e+01,3.718779e+01,3.718779e+01,3.718779e+01,3.718779e+01,3.718779e+01,3.662607e+01,3.714679e+01,3.698262e+01,3.669473e+01,3.669473e+01,3.669473e+01,3.669473e+01,3.669473e+01,3.669473e+01,3.669473e+01,3.669473e+01,3.669473e+01,3.669473e+01,3.669473e+01,3.669473e+01,3.669473e+01,3.669473e+01,3.669473e+01,3.669473e+01,3.669473e+01,3.669473e+01,3.669473e+01,3.669473e+01,3.669473e+01,3.669473e+01,3.669473e+01,3.669473e+01,3.659860e+01,3.618565e+01,3.668100e+01,3.630970e+01,3.647488e+01,3.652988e+01,3.629592e+01,3.629592e+01,3.618565e+01,3.635102e+01,3.618565e+01,3.614427e+01,3.614427e+01,3.614427e+01,3.614427e+01,3.614427e+01,3.614427e+01,3.614427e+01,3.614427e+01,3.614427e+01,3.614427e+01,3.614427e+01,3.614427e+01,3.614427e+01,3.614427e+01,3.614427e+01,3.614427e+01,3.614427e+01,3.614427e+01,3.614427e+01,3.614427e+01,3.614427e+01,3.614427e+01,3.614427e+01,3.614427e+01,3.614427e+01,3.614427e+01,3.614427e+01,3.614427e+01,3.614427e+01,3.614427e+01,3.614427e+01,3.614427e+01,3.614427e+01,3.614427e+01,3.614427e+01,3.614427e+01,3.614427e+01,3.614427e+01,3.614427e+01,3.614427e+01,3.614427e+01,3.614427e+01,3.614427e+01
3.446200e+01,3.446200e+01,3.446200e+01,3.446200e+01,3.446200e+01,3.446200e+01,3.446200e+01,3.446200e+01,3.446200e+01,3.446200e+01,3.446200e+01,3.503495e+01,3.503495e+01,3.503495e+01,3.503495e+01,3.503495e+01,3.503495e+01,3.503495e+01,3.503495e+01,3.543839e+01,3.543839e+01,3.600622e+01,3.542450e+01,3.545227e+01,3.578498e+01,3.635102e+01,3.637855e+01,3.592331e+01,3.626836e+01,3.626836e+01,3.626836e+01,3.626836e+01,3.626836e+01,3.626836e+01,3.683191e+01,3.698262e+01,3.670845e+01,3.726975e+01,3.736530e+01,3.732436e+01,3.761061e+01,3.789612e+01,3.807250e+01,3.809961e+01,3.841090e+01,3.855947e+01,3.886948e+01,3.952709e+01,3.956723e+01,3.966082e+01,3.991448e+01,4.007439e+01,4.042009e+01,4.053951e+01,4.083089e+01,4.113472e+01,4.122703e+01,4.142458e+01,4.155610e+01,4.155610e+01,4.155610e+01,4.155610e+01,4.222448e+01,4.222448e+01,4.222448e+01,4.222448e+01,4.260281e+01,4.290198e+01,4.310964e+01,4.310964e+01,4.310964e+01,4.310964e+01,4.310964e+01,4.364009e+01,4.366590e+01,4.330399e+01,4.362718e+01,4.412957e+01,4.412957e+01,4.412957e+01,4.412957e+01,4.412957e+01,4.412957e+01,4.412957e+01,4.412957e+01,4.412957e+01,4.465540e+01,4.466819e+01,4.429655e+01,4.454018e+01,4.454018e+01,4.506417e+01,4.462980e+01,4.484719e+01,4.514066e+01,4.545882e+01,4.561123e+01,4.559853e+01,4.629466e+01,4.629466e+01,4.666007e+01,4.719983e+01,4.742506e+01,4.778703e+01,4.821003e+01,4.850772e+01,4.892821e+01,4.931033e+01,4.982613e+01,5.024210e+01,5.071750e+01,5.105769e+01,5.130010e+01,5.181969e+01,5.270882e+01,5.251711e+01,5.294804e+01,5.374612e+01,5.416103e+01,5.501030e+01,5.508081e+01,5.601733e+01,5.637840e+01,5.676165e+01,5.725935e+01,5.760544e+01,5.848957e+01,5.875250e+01,5.914022e+01,5.976500e+01,5.983298e+01,6.018366e+01,6.035300e+01,6.125257e+01,6.140937e+01,6.178942e+01,6.205704e+01,6.245747e+01,6.312224e+01,6.370675e+01,6.404747e+01,6.440924e+01,6.501009e+01,6.540195e+01,6.598767e+01,6.651702e+01,6.666790e+01,6.700140e+01,6.719468e+01,6.801849e+01,6.817841e+01,6.863586e+01,6.948301e+01,6.964129e+01,6.997837e+01,7.072344e+01,7.086990e+01,7.149591e+01,7.164159e+01,7.207775e+01,7.250227e+01,7.303890e+01,7.352225e+01,7.357358e+01,7.414722e+01,7.434135e+01,7.501369e+01,7.502385e+01,7.556154e+01,7.571336e+01,7.619816e+01,7.624857e+01,7.681200e+01,7.689232e+01,7.743336e+01,7.751334e+01,7.806213e+01,7.822141e+01,7.878748e+01,7.883703e+01,7.941070e+01,7.946004e+01,7.954884e+01,7.995272e+01,8.000190e+01,8.009039e+01,8.009039e+01,8.009039e+01,8.051244e+01,8.060064e+01,8.044382e+01,8.040459e+01,8.036534e+01,8.062023e+01,8.052225e+01,8.046342e+01,8.053205e+01,8.050264e+01,8.044382e+01,8.036534e+01,8.023775e+01,8.016899e+01,7.998222e+01,8.030647e+01,7.986415e+01,7.976569e+01,8.017882e+01,8.004123e+01,7.979523e+01,7.995272e+01,7.952911e+01,7.943044e+01,7.919335e+01,7.915380e+01,7.922301e+01,7.892619e+01,7.890638e+01,7.912413e+01,7.908456e+01,7.892619e+01,7.877756e+01,7.818160e+01,7.820151e+01,7.820151e+01,7.820151e+01,7.820151e+01,7.768318e+01,7.757331e+01,7.738335e+01,7.745336e+01,7.733331e+01,7.723320e+01,7.753334e+01,7.686221e+01,7.704280e+01,7.681200e+01,7.662107e+01,7.640977e+01,7.635941e+01,7.630904e+01,7.625864e+01,7.648023e+01,7.619816e+01,7.606701e+01,7.597615e+01,7.591555e+01,7.586503e+01,7.562228e+01,7.550076e+01,7.540956e+01,7.568301e+01,7.552103e+01,7.533858e+01,7.526757e+01,7.509498e+01,7.497303e+01,7.490184e+01,7.469827e+01,7.461676e+01,7.488150e+01,7.476955e+01,7.455560e+01,7.450462e+01,7.434135e+01,7.449442e+01,7.446381e+01,7.428007e+01,7.420855e+01,7.398355e+01,7.391189e+01,7.418811e+01,7.377871e+01,7.374796e+01,7.392213e+01,7.384019e+01,7.379921e+01,7.375821e+01,7.372746e+01,7.369669e+01,7.366592e+01,7.363515e+01,7.353252e+01,7.392213e+01,7.346064e+01,7.334761e+01,7.335789e+01,7.372746e+01,7.375821e+01,7.373771e+01,7.346064e+01,7.351199e+01,7.360437e+01,7.360437e+01,7.360437e+01,7.360437e+01,7.360437e+01,7.402448e+01,7.389141e+01,7.385043e+01,7.380946e+01,7.378896e+01,7.382995e+01,7.385043e+01,7.389141e+01,7.446381e+01,7.444341e+01,7.418811e+01,7.428007e+01,7.451482e+01,7.454541e+01,7.421877e+01,7.463715e+01,7.453521e+01,7.450462e+01,7.489167e+01,7.487132e+01,7.492219e+01,7.500352e+01,7.500352e+01,7.541969e+01,7.539942e+01,7.545010e+01,7.583471e+01,7.566277e+01,7.574371e+01,7.574371e+01,7.615781e+01,7.613764e+01,7.619816e+01,7.616790e+01,7.679192e+01,7.666129e+01,7.674169e+01,7.699266e+01,7.663113e+01,7.674169e+01,7.676178e+01,7.677183e+01,7.718312e+01,7.710296e+01,7.744336e+01,7.741335e+01,7.734332e+01,7.718312e+01,7.753334e+01,7.752335e+01,7.758331e+01,7.755332e+01,7.747336e+01,7.739335e+01,7.734332e+01,7.724322e+01,7.763326e+01,7.760329e+01,7.753334e+01,7.702275e+01,7.702275e+01,7.702275e+01,7.702275e+01,7.702275e+01,7.702275e+01,7.656073e+01,7.633926e+01,7.622841e+01,7.642990e+01,7.626873e+01,7.601654e+01,7.571336e+01,7.550076e+01,7.572347e+01,7.540956e+01,7.510514e+01,7.484080e+01,7.469827e+01,7.421877e+01,7.421877e+01,7.394260e+01,7.371720e+01,7.328592e+01,7.321391e+01,7.310069e+01,7.282242e+01,7.255395e+01,7.211922e+01,7.173516e+01,7.139176e+01,7.128754e+01,7.090127e+01,7.035664e+01,6.995733e+01,6.950413e+01,6.911301e+01,6.875265e+01,6.829558e+01,6.817841e+01,6.782635e+01,6.729121e+01,6.689391e+01,6.645232e+01,6.598767e+01,6.596602e+01,6.505368e+01,6.459524e+01,6.455150e+01,6.412429e+01,6.366272e+01,6.313329e+01,6.260178e+01,6.213499e+01,6.170009e+01,6.128619e+01,6.087100e+01,6.028529e+01,6.008194e+01,5.940186e+01,5.906049e+01,5.854677e+01,5.762848e+01,5.710908e+01,5.693549e+01,5.595900e+01,5.562015e+01,5.497503e+01,5.485738e+01,5.433843e+01,5.378174e+01,5.330602e+01,5.242115e+01,5.195227e+01,5.166284e+01,5.075399e+01,5.020545e+01,5.018102e+01,4.944563e+01,4.871815e+01,4.821003e+01,4.779949e+01,4.722488e+01,4.682351e+01,4.637035e+01,4.611785e+01,4.562392e+01,4.471936e+01,4.436071e+01,4.434788e+01,4.392372e+01,4.353678e+01,4.312261e+01,4.245945e+01,4.245945e+01,4.196283e+01,4.155610e+01,4.126657e+01,4.083089e+01,4.064555e+01,4.064555e+01,4.015426e+01,3.974099e+01,3.940659e+01,3.932619e+01,3.932619e+01,3.899056e+01,3.843793e+01,3.822152e+01,3.781462e+01,3.765144e+01,3.732436e+01,3.724244e+01,3.724244e+01,3.695523e+01,3.695523e+01,3.695523e+01,3.695523e+01,3.695523e+01,3.639232e+01,3.684562e+01,3.621323e+01,3.621323e+01,3.621323e+01,3.621323e+01,3.621323e+01,3.621323e+01,3.621323e+01,3.621323e+01,3.621323e+01,3.621323e+01,3.621323e+01,3.621323e+01,3.621323e+01,3.621323e+01,3.621323e+01,3.621323e+01,3.621323e+01,3.579882e+01,3.579882e+01,3.579882e+01,3.579882e+01,3.579882e+01,3.579882e+01,3.579882e+01,3.579882e+01,3.579882e+01,3.579882e+01,3.579882e+01,3.579882e+01,3.579882e+01,3.579882e+01,3.579882e+01,3.579882e+01,3.579882e+01,3.579882e+01,3.579882e+01,3.625458e+01,3.625458e+01,3.625458e+01,3.625458e+01,3.625458e+01,3.625458e+01,3.625458e+01,3.681820e+01,3.677706e+01,3.677706e+01,3.677706e+01,3.677706e+01,3.732436e+01,3.703736e+01,3.732436e+01,3.750165e+01,3.750165e+01,3.750165e+01,3.750165e+01,3.750165e+01,3.750165e+01,3.750165e+01,3.750165e+01,3.750165e+01,3.750165e+01,3.750165e+01,3.750165e+01,3.750165e+01,3.750165e+01,3.750165e+01,3.750165e+01,3.750165e+01,3.750165e+01,3.750165e+01,3.750165e+01,3.694154e+01,3.698262e+01,3.698262e+01,3.698262e+01,3.698262e+01,3.698262e+01,3.698262e+01,3.698262e+01,3.698262e+01,3.698262e+01,3.698262e+01,3.698262e+01,3.698262e+01,3.698262e+01,3.698262e+01,3.698262e+01,3.698262e+01,3.698262e+01,3.698262e+01,3.698262e+01,3.698262e+01,3.669473e+01,3.669473e+01,3.669473e+01,3.669473e+01,3.669473e+01,3.669473e+01,3.669473e+01,3.669473e+01,3.669473e+01,3.669473e+01,3.669473e+01,3.669473e+01,3.669473e+01,3.669473e+01,3.669473e+01,3.669473e+01,3.669473e+01,3.669473e+01,3.669473e+01,3.669473e+01,3.613047e+01,3.617186e+01,3.647488e+01,3.647488e+01,3.647488e+01,3.647488e+01,3.647488e+01,3.647488e+01,3.647488e+01,3.647488e+01,3.647488e+01,3.647488e+01,3.647488e+01,3.647488e+01,3.647488e+01,3.647488e+01,3.647488e+01,3.647488e+01,3.647488e+01,3.647488e+01,3.647488e+01,3.647488e+01,3.647488e+01,3.647488e+01,3.647488e+01,3.647488e+01,3.647488e+01,3.647488e+01,3.647488e+01,3.647488e+01,3.647488e+01,3.614427e+01,3.614427e+01,3.614427e+01,3.614427e+01,3.614427e+01,3.614427e+01,3.614427e+01,3.614427e+01,3.614427e+01,3.614427e+01,3.614427e+01,3.614427e+01,3.614427e+01,3.614427e+01,3.614427e+01,3.614427e+01,3.614427e+01,3.614427e+01,3.614427e+01,3.614427e+01,3.614427e+01
3.446200e+01,3.446200e+01,3.446200e+01,3.446200e+01,3.446200e+01,3.446200e+01,3.446200e+01,3.446200e+01,3.446200e+01,3.446200e+01,3.446200e+01,3.503495e+01,3.503495e+01,3.503495e+01,3.503495e+01,3.503495e+01,3.503495e+01,3.503495e+01,3.503495e+01,3.543839e+01,3.572960e+01,3.528554e+01,3.574345e+01,3.584033e+01,3.602003e+01,3.614427e+01,3.644736e+01,3.636478e+01,3.636478e+01,3.636478e+01,3.636478e+01,3.636478e+01,3.692784e+01,3.641985e+01,3.662607e+01,3.662607e+01,3.662607e+01,3.670845e+01,3.740622e+01,3.752890e+01,3.774666e+01,3.780103e+01,3.780103e+01,3.809961e+01,3.831625e+01,3.862694e+01,3.903089e+01,3.932619e+01,3.932619e+01,3.966082e+01,4.020747e+01,4.030054e+01,4.032712e+01,4.060579e+01,4.042009e+01,4.105554e+01,4.105554e+01,4.142458e+01,4.142458e+01,4.196283e+01,4.201521e+01,4.205447e+01,4.231591e+01,4.231591e+01,4.231591e+01,4.231591e+01,4.231591e+01,4.290198e+01,4.290198e+01,4.290198e+01,4.290198e+01,4.290198e+01,4.343337e+01,4.307073e+01,4.353678e+01,4.335576e+01,4.378199e+01,4.393660e+01,4.393660e+01,4.393660e+01,4.393660e+01,4.393660e+01,4.393660e+01,4.393660e+01,4.446329e+01,4.412957e+01,4.446329e+01,4.432222e+01,4.482163e+01,4.424520e+01,4.443766e+01,4.454018e+01,4.445048e+01,4.482163e+01,4.522983e+01,4.536982e+01,4.536982e+01,4.589014e+01,4.624417e+01,4.639558e+01,4.681095e+01,4.701182e+01,4.738755e+01,4.789914e+01,4.809820e+01,4.854489e+01,4.881705e+01,4.934724e+01,4.980162e+01,5.019323e+01,5.055924e+01,5.131221e+01,5.149369e+01,5.179558e+01,5.250512e+01,5.274473e+01,5.341321e+01,5.393596e+01,5.414919e+01,5.482206e+01,5.512780e+01,5.591232e+01,5.641329e+01,5.675006e+01,5.761696e+01,5.776664e+01,5.792764e+01,5.879817e+01,5.912883e+01,5.958355e+01,5.978767e+01,6.005933e+01,6.091595e+01,6.133100e+01,6.164424e+01,6.181174e+01,6.219065e+01,6.244637e+01,6.310013e+01,6.358564e+01,6.405845e+01,6.439829e+01,6.498829e+01,6.536934e+01,6.594437e+01,6.631200e+01,6.659248e+01,6.729121e+01,6.789043e+01,6.809315e+01,6.840201e+01,6.912359e+01,6.955690e+01,6.976779e+01,7.053492e+01,7.079669e+01,7.108932e+01,7.145426e+01,7.181829e+01,7.249193e+01,7.309040e+01,7.326535e+01,7.348118e+01,7.416766e+01,7.423920e+01,7.497303e+01,7.508482e+01,7.530815e+01,7.552103e+01,7.630904e+01,7.637955e+01,7.702275e+01,7.709293e+01,7.724322e+01,7.791266e+01,7.794257e+01,7.854939e+01,7.857916e+01,7.928230e+01,7.971643e+01,7.981493e+01,8.016899e+01,8.020828e+01,8.030647e+01,8.066920e+01,8.063982e+01,8.061044e+01,8.064961e+01,8.074751e+01,8.078666e+01,8.078666e+01,8.078666e+01,8.078666e+01,8.078666e+01,8.078666e+01,8.078666e+01,8.078666e+01,8.078666e+01,8.078666e+01,8.078666e+01,8.078666e+01,8.078666e+01,8.078666e+01,8.070836e+01,8.039478e+01,8.033591e+01,8.003139e+01,8.031628e+01,8.021810e+01,8.002157e+01,8.014935e+01,7.994288e+01,7.970658e+01,7.963759e+01,7.952911e+01,7.938107e+01,7.942057e+01,7.939095e+01,7.939095e+01,7.927242e+01,7.892619e+01,7.889647e+01,7.886675e+01,7.843020e+01,7.846994e+01,7.872798e+01,7.834075e+01,7.819155e+01,7.796250e+01,7.792263e+01,7.776304e+01,7.772311e+01,7.767319e+01,7.758331e+01,7.747336e+01,7.724322e+01,7.735332e+01,7.714304e+01,7.705283e+01,7.696256e+01,7.697260e+01,7.651042e+01,7.670149e+01,7.653055e+01,7.639970e+01,7.629896e+01,7.614773e+01,7.605692e+01,7.589534e+01,7.586503e+01,7.583471e+01,7.583471e+01,7.583471e+01,7.568301e+01,7.547037e+01,7.530815e+01,7.561216e+01,7.536900e+01,7.534872e+01,7.490184e+01,7.509498e+01,7.503402e+01,7.494253e+01,7.515591e+01,7.470846e+01,7.471864e+01,7.457599e+01,7.447401e+01,7.440260e+01,7.439239e+01,7.434135e+01,7.453521e+01,7.404495e+01,7.408587e+01,7.425964e+01,7.417789e+01,7.409609e+01,7.402448e+01,7.403472e+01,7.396308e+01,7.397332e+01,7.391189e+01,7.390165e+01,7.407564e+01,7.392213e+01,7.396308e+01,7.405518e+01,7.409609e+01,7.397332e+01,7.385043e+01,7.380946e+01,7.385043e+01,7.389141e+01,7.393237e+01,7.397332e+01,7.401425e+01,7.411655e+01,7.411655e+01,7.411655e+01,7.411655e+01,7.420855e+01,7.416766e+01,7.412677e+01,7.428007e+01,7.455560e+01,7.485098e+01,7.459638e+01,7.465752e+01,7.462695e+01,7.495269e+01,7.508482e+01,7.517622e+01,7.503402e+01,7.504418e+01,7.555141e+01,7.549063e+01,7.545010e+01,7.540956e+01,7.545010e+01,7.596606e+01,7.590545e+01,7.594585e+01,7.605692e+01,7.633926e+01,7.671155e+01,7.666129e+01,7.677183e+01,7.672160e+01,7.669144e+01,7.670149e+01,7.690236e+01,7.690236e+01,7.731329e+01,7.726324e+01,7.716309e+01,7.713302e+01,7.751334e+01,7.755332e+01,7.766322e+01,7.762326e+01,7.773310e+01,7.775306e+01,7.766322e+01,7.765323e+01,7.776304e+01,7.780296e+01,7.785283e+01,7.787277e+01,7.784286e+01,7.774308e+01,7.808205e+01,7.802229e+01,7.813184e+01,7.768318e+01,7.778300e+01,7.753334e+01,7.751334e+01,7.749335e+01,7.747336e+01,7.745336e+01,7.725323e+01,7.728326e+01,7.706286e+01,7.693246e+01,7.691239e+01,7.665124e+01,7.635941e+01,7.642990e+01,7.628888e+01,7.623849e+01,7.589534e+01,7.556154e+01,7.529801e+01,7.536900e+01,7.502385e+01,7.492219e+01,7.461676e+01,7.425964e+01,7.396308e+01,7.387093e+01,7.365567e+01,7.334761e+01,7.294617e+01,7.284306e+01,7.236780e+01,7.173516e+01,7.185983e+01,7.138135e+01,7.074438e+01,7.068157e+01,7.014661e+01,6.967293e+01,6.922939e+01,6.890114e+01,6.859337e+01,6.815710e+01,6.760184e+01,6.718394e+01,6.672174e+01,6.653859e+01,6.587939e+01,6.549974e+01,6.517350e+01,6.492286e+01,6.440924e+01,6.392667e+01,6.337620e+01,6.282350e+01,6.235748e+01,6.192329e+01,6.151008e+01,6.109558e+01,6.073606e+01,6.031915e+01,5.974234e+01,5.887806e+01,5.854677e+01,5.809991e+01,5.724780e+01,5.680803e+01,5.654113e+01,5.605232e+01,5.553822e+01,5.471606e+01,5.435025e+01,5.380548e+01,5.334176e+01,5.295999e+01,5.197635e+01,5.152996e+01,5.127588e+01,5.086341e+01,5.009545e+01,4.947022e+01,4.927340e+01,4.866867e+01,4.816034e+01,4.769976e+01,4.713719e+01,4.649640e+01,4.595344e+01,4.566199e+01,4.488551e+01,4.461700e+01,4.430939e+01,4.405242e+01,4.354969e+01,4.296691e+01,4.271996e+01,4.242032e+01,4.209373e+01,4.156924e+01,4.164807e+01,4.100272e+01,4.100272e+01,4.064555e+01,4.028725e+01,3.975434e+01,3.951371e+01,3.951371e+01,3.896367e+01,3.878869e+01,3.815381e+01,3.805894e+01,3.790970e+01,3.763783e+01,3.741986e+01,3.685933e+01,3.732436e+01,3.713311e+01,3.657112e+01,3.650238e+01,3.652988e+01,3.688674e+01,3.684562e+01,3.681820e+01,3.647488e+01,3.647488e+01,3.647488e+01,3.590948e+01,3.640608e+01,3.584033e+01,3.578498e+01,3.572960e+01,3.575729e+01,3.578498e+01,3.629592e+01,3.629592e+01,3.629592e+01,3.629592e+01,3.629592e+01,3.572960e+01,3.621323e+01,3.589566e+01,3.589566e+01,3.589566e+01,3.589566e+01,3.589566e+01,3.589566e+01,3.589566e+01,3.589566e+01,3.589566e+01,3.589566e+01,3.589566e+01,3.589566e+01,3.589566e+01,3.589566e+01,3.589566e+01,3.589566e+01,3.589566e+01,3.589566e+01,3.589566e+01,3.625458e+01,3.625458e+01,3.625458e+01,3.625458e+01,3.625458e+01,3.625458e+01,3.625458e+01,3.681820e+01,3.681820e+01,3.681820e+01,3.681820e+01,3.681820e+01,3.732436e+01,3.709209e+01,3.722878e+01,3.722878e+01,3.722878e+01,3.722878e+01,3.778744e+01,3.782821e+01,3.731071e+01,3.731071e+01,3.731071e+01,3.731071e+01,3.731071e+01,3.731071e+01,3.731071e+01,3.731071e+01,3.731071e+01,3.731071e+01,3.731071e+01,3.731071e+01,3.731071e+01,3.731071e+01,3.731071e+01,3.731071e+01,3.731071e+01,3.731071e+01,3.731071e+01,3.731071e+01,3.731071e+01,3.731071e+01,3.731071e+01,3.731071e+01,3.731071e+01,3.698262e+01,3.698262e+01,3.698262e+01,3.698262e+01,3.698262e+01,3.698262e+01,3.698262e+01,3.698262e+01,3.698262e+01,3.698262e+01,3.698262e+01,3.698262e+01,3.698262e+01,3.698262e+01,3.698262e+01,3.669473e+01,3.669473e+01,3.669473e+01,3.669473e+01,3.669473e+01,3.669473e+01,3.669473e+01,3.669473e+01,3.669473e+01,3.669473e+01,3.669473e+01,3.669473e+01,3.669473e+01,3.669473e+01,3.669473e+01,3.669473e+01,3.669473e+01,3.617186e+01,3.637855e+01,3.637855e+01,3.637855e+01,3.637855e+01,3.637855e+01,3.637855e+01,3.637855e+01,3.637855e+01,3.637855e+01,3.637855e+01,3.637855e+01,3.637855e+01,3.637855e+01,3.637855e+01,3.637855e+01,3.637855e+01,3.637855e+01,3.637855e+01,3.637855e+01,3.637855e+01,3.637855e+01,3.637855e+01,3.637855e+01,3.637855e+01,3.637855e+01,3.637855e+01,3.637855e+01,3.637855e+01,3.637855e+01,3.637855e+01,3.637855e+01,3.637855e+01,3.637855e+01,3.637855e+01,3.637855e+01,3.637855e+01,3.637855e+01,3.637855e+01,3.637855e+01,3.637855e+01,3.637855e+01,3.637855e+01,3.637855e+01,3.637855e+01,3.637855e+01,3.637855e+01,3.637855e+01,3.637855e+01,3.637855e+01,3.637855e+01
3.446200e+01,3.446200e+01,3.446200e+01,3.446200e+01,3.446200e+01,3.446200e+01,3.446200e+01,3.446200e+01,3.446200e+01,3.446200e+01,3.503495e+01,3.461602e+01,3.514639e+01,3.514639e+01,3.514639e+01,3.514639e+01,3.514639e+01,3.514639e+01,3.514639e+01,3.514639e+01,3.572960e+01,3.539672e+01,3.604765e+01,3.607527e+01,3.607527e+01,3.607527e+01,3.607527e+01,3.607527e+01,3.607527e+01,3.636478e+01,3.636478e+01,3.636478e+01,3.636478e+01,3.636478e+01,3.636478e+01,3.692784e+01,3.695523e+01,3.716046e+01,3.698262e+01,3.707841e+01,3.732436e+01,3.790970e+01,3.801826e+01,3.800470e+01,3.832978e+01,3.874828e+01,3.915179e+01,3.923232e+01,3.988781e+01,4.007439e+01,4.015426e+01,4.015426e+01,4.015426e+01,4.060579e+01,4.072502e+01,4.100272e+01,4.112152e+01,4.133244e+01,4.163493e+01,4.172684e+01,4.172684e+01,4.172684e+01,4.231591e+01,4.231591e+01,4.231591e+01,4.231591e+01,4.231591e+01,4.290198e+01,4.290198e+01,4.290198e+01,4.290198e+01,4.290198e+01,4.343337e+01,4.317446e+01,4.330399e+01,4.360136e+01,4.354969e+01,4.354969e+01,4.354969e+01,4.393660e+01,4.393660e+01,4.393660e+01,4.393660e+01,4.393660e+01,4.393660e+01,4.393660e+01,4.393660e+01,4.432222e+01,4.439919e+01,4.464260e+01,4.465540e+01,4.465540e+01,4.465540e+01,4.517888e+01,4.521709e+01,4.521709e+01,4.573809e+01,4.591546e+01,4.615576e+01,4.659715e+01,4.658456e+01,4.689887e+01,4.742506e+01,4.767481e+01,4.816034e+01,4.842097e+01,4.884176e+01,4.931033e+01,4.964217e+01,5.014435e+01,5.065665e+01,5.109408e+01,5.138484e+01,5.183175e+01,5.228908e+01,5.280457e+01,5.337749e+01,5.368674e+01,5.455098e+01,5.489268e+01,5.526867e+01,5.587729e+01,5.626204e+01,5.673846e+01,5.739790e+01,5.776664e+01,5.866111e+01,5.886665e+01,5.926542e+01,5.937912e+01,6.014976e+01,6.029658e+01,6.098334e+01,6.121895e+01,6.145414e+01,6.188984e+01,6.253520e+01,6.267942e+01,6.361868e+01,6.380575e+01,6.395962e+01,6.443114e+01,6.495557e+01,6.574934e+01,6.612831e+01,6.665713e+01,6.679709e+01,6.726977e+01,6.767671e+01,6.842328e+01,6.899652e+01,6.930341e+01,6.979940e+01,6.995733e+01,7.045105e+01,7.123540e+01,7.138135e+01,7.195326e+01,7.212959e+01,7.299770e+01,7.318304e+01,7.379921e+01,7.394260e+01,7.425964e+01,7.492219e+01,7.506450e+01,7.562228e+01,7.571336e+01,7.626873e+01,7.681200e+01,7.685217e+01,7.712300e+01,7.753334e+01,7.798243e+01,7.808205e+01,7.873790e+01,7.883703e+01,7.939095e+01,7.955871e+01,8.008055e+01,8.012969e+01,8.054185e+01,8.052225e+01,8.066920e+01,8.076709e+01,8.116779e+01,8.111898e+01,8.109946e+01,8.107993e+01,8.106039e+01,8.107016e+01,8.107993e+01,8.108969e+01,8.109946e+01,8.110922e+01,8.108969e+01,8.109946e+01,8.110922e+01,8.108969e+01,8.109946e+01,8.110922e+01,8.108969e+01,8.109946e+01,8.099200e+01,8.082579e+01,8.107016e+01,8.083558e+01,8.080623e+01,8.068878e+01,8.047323e+01,8.038496e+01,8.059084e+01,8.035553e+01,7.986415e+01,8.016899e+01,7.999207e+01,7.996255e+01,7.990352e+01,7.946992e+01,7.949952e+01,7.940083e+01,7.933170e+01,7.909445e+01,7.931194e+01,7.896580e+01,7.891628e+01,7.869823e+01,7.846001e+01,7.838052e+01,7.830098e+01,7.850967e+01,7.802229e+01,7.799239e+01,7.792263e+01,7.813184e+01,7.790269e+01,7.782291e+01,7.761327e+01,7.748335e+01,7.735332e+01,7.714304e+01,7.726324e+01,7.722318e+01,7.701272e+01,7.684212e+01,7.670149e+01,7.651042e+01,7.679192e+01,7.659090e+01,7.652048e+01,7.645004e+01,7.640977e+01,7.636948e+01,7.613764e+01,7.592565e+01,7.581449e+01,7.576393e+01,7.559191e+01,7.541969e+01,7.557166e+01,7.553115e+01,7.542983e+01,7.538928e+01,7.533858e+01,7.549063e+01,7.545010e+01,7.526757e+01,7.512545e+01,7.501369e+01,7.496286e+01,7.487132e+01,7.465752e+01,7.477973e+01,7.473901e+01,7.469827e+01,7.457599e+01,7.487132e+01,7.476955e+01,7.473901e+01,7.463715e+01,7.418811e+01,7.456580e+01,7.451482e+01,7.447401e+01,7.428007e+01,7.423920e+01,7.426985e+01,7.430050e+01,7.430050e+01,7.430050e+01,7.430050e+01,7.430050e+01,7.430050e+01,7.430050e+01,7.430050e+01,7.443320e+01,7.481027e+01,7.477973e+01,7.474919e+01,7.471864e+01,7.468809e+01,7.461676e+01,7.496286e+01,7.501369e+01,7.510514e+01,7.505434e+01,7.528786e+01,7.526757e+01,7.528786e+01,7.525742e+01,7.528786e+01,7.528786e+01,7.545010e+01,7.550076e+01,7.565265e+01,7.565265e+01,7.606701e+01,7.600645e+01,7.605692e+01,7.615781e+01,7.631911e+01,7.629896e+01,7.676178e+01,7.691239e+01,7.701272e+01,7.699266e+01,7.697260e+01,7.697260e+01,7.710296e+01,7.749335e+01,7.747336e+01,7.752335e+01,7.762326e+01,7.801232e+01,7.789272e+01,7.791266e+01,7.801232e+01,7.799239e+01,7.797247e+01,7.797247e+01,7.795253e+01,7.799239e+01,7.835069e+01,7.832087e+01,7.830098e+01,7.828109e+01,7.826120e+01,7.824130e+01,7.859901e+01,7.854939e+01,7.864864e+01,7.857916e+01,7.837057e+01,7.857916e+01,7.849973e+01,7.825125e+01,7.822141e+01,7.819155e+01,7.816170e+01,7.813184e+01,7.751334e+01,7.748335e+01,7.774308e+01,7.759329e+01,7.749335e+01,7.720316e+01,7.691239e+01,7.689232e+01,7.673164e+01,7.647017e+01,7.610738e+01,7.627881e+01,7.601654e+01,7.580437e+01,7.557166e+01,7.538928e+01,7.495269e+01,7.498319e+01,7.426985e+01,7.414722e+01,7.395284e+01,7.358385e+01,7.345036e+01,7.313158e+01,7.305950e+01,7.254362e+01,7.232639e+01,7.176634e+01,7.124583e+01,7.096397e+01,7.041959e+01,6.993628e+01,6.958855e+01,6.922939e+01,6.885873e+01,6.841264e+01,6.784771e+01,6.741984e+01,6.723759e+01,6.682937e+01,6.660326e+01,6.620398e+01,6.584689e+01,6.501009e+01,6.451868e+01,6.405845e+01,6.353056e+01,6.345340e+01,6.290101e+01,6.237970e+01,6.187868e+01,6.144295e+01,6.101702e+01,6.013846e+01,5.977634e+01,5.900351e+01,5.900351e+01,5.799657e+01,5.775513e+01,5.729400e+01,5.686598e+01,5.636677e+01,5.584226e+01,5.512780e+01,5.459817e+01,5.404263e+01,5.367486e+01,5.322258e+01,5.222900e+01,5.189202e+01,5.106982e+01,5.091201e+01,5.019323e+01,4.981388e+01,4.943334e+01,4.887882e+01,4.842097e+01,4.794894e+01,4.692398e+01,4.704945e+01,4.648381e+01,4.601670e+01,4.535710e+01,4.505142e+01,4.420667e+01,4.373041e+01,4.343337e+01,4.322629e+01,4.282401e+01,4.239423e+01,4.193663e+01,4.183178e+01,4.150351e+01,4.126657e+01,4.056602e+01,4.044664e+01,4.012764e+01,4.002111e+01,3.951371e+01,3.917863e+01,3.899056e+01,3.847846e+01,3.818090e+01,3.818090e+01,3.762422e+01,3.756976e+01,3.763783e+01,3.696893e+01,3.705105e+01,3.672218e+01,3.659860e+01,3.659860e+01,3.659860e+01,3.659860e+01,3.659860e+01,3.659860e+01,3.659860e+01,3.659860e+01,3.603384e+01,3.662607e+01,3.603384e+01,3.643361e+01,3.635102e+01,3.626836e+01,3.624080e+01,3.630970e+01,3.588183e+01,3.582650e+01,3.641985e+01,3.585417e+01,3.621323e+01,3.617186e+01,3.617186e+01,3.600622e+01,3.600622e+01,3.600622e+01,3.600622e+01,3.600622e+01,3.600622e+01,3.600622e+01,3.600622e+01,3.600622e+01,3.600622e+01,3.600622e+01,3.600622e+01,3.600622e+01,3.600622e+01,3.600622e+01,3.600622e+01,3.600622e+01,3.600622e+01,3.600622e+01,3.600622e+01,3.600622e+01,3.657112e+01,3.662607e+01,3.668100e+01,3.673590e+01,3.680449e+01,3.694154e+01,3.694154e+01,3.694154e+01,3.694154e+01,3.694154e+01,3.694154e+01,3.750165e+01,3.755614e+01,3.761061e+01,3.766505e+01,3.731071e+01,3.751528e+01,3.778744e+01,3.758338e+01,3.758338e+01,3.758338e+01,3.758338e+01,3.758338e+01,3.758338e+01,3.758338e+01,3.758338e+01,3.758338e+01,3.758338e+01,3.758338e+01,3.758338e+01,3.758338e+01,3.758338e+01,3.758338e+01,3.758338e+01,3.702368e+01,3.696893e+01,3.747440e+01,3.691414e+01,3.741986e+01,3.741986e+01,3.741986e+01,3.685933e+01,3.733801e+01,3.711944e+01,3.711944e+01,3.711944e+01,3.711944e+01,3.711944e+01,3.711944e+01,3.711944e+01,3.711944e+01,3.711944e+01,3.711944e+01,3.711944e+01,3.655737e+01,3.707841e+01,3.707841e+01,3.651613e+01,3.655737e+01,3.655737e+01,3.655737e+01,3.655737e+01,3.655737e+01,3.655737e+01,3.655737e+01,3.655737e+01,3.655737e+01,3.655737e+01,3.655737e+01,3.655737e+01,3.655737e+01,3.655737e+01,3.655737e+01,3.655737e+01,3.655737e+01,3.655737e+01,3.655737e+01,3.655737e+01,3.655737e+01,3.655737e+01,3.655737e+01,3.655737e+01,3.655737e+01,3.655737e+01,3.655737e+01,3.655737e+01,3.655737e+01,3.655737e+01,3.655737e+01,3.655737e+01,3.655737e+01,3.655737e+01,3.655737e+01,3.599241e+01,3.652988e+01,3.652988e+01,3.652988e+01,3.652988e+01,3.652988e+01,3.652988e+01,3.652988e+01,3.596477e+01,3.650238e+01,3.650238e+01,3.650238e+01,3.650238e+01,3.650238e+01,3.650238e+01,3.650238e+01,3.593713e+01,3.648863e+01,3.648863e+01,3.648863e+01,3.648863e+01,3.648863e+01,3.648863e+01,3.648863e+01,3.648863e+01,3.648863e+01,3.648863e+01,3.648863e+01,3.592331e+01,3.596477e+01,3.596477e+01,3.652988e+01,3.652988e+01
3.446200e+01,3.446200e+01,3.446200e+01,3.446200e+01,3.446200e+01,3.446200e+01,3.446200e+01,3.446200e+01,3.446200e+01,3.446200e+01,3.446200e+01,3.503495e+01,3.453203e+01,3.457403e+01,3.518816e+01,3.518816e+01,3.518816e+01,3.518816e+01,3.518816e+01,3.518816e+01,3.518816e+01,3.575729e+01,3.600622e+01,3.600622e+01,3.600622e+01,3.600622e+01,3.657112e+01,3.651613e+01,3.659860e+01,3.655737e+01,3.655737e+01,3.655737e+01,3.655737e+01,3.655737e+01,3.655737e+01,3.655737e+01,3.695523e+01,3.695523e+01,3.751528e+01,3.746076e+01,3.765144e+01,3.786896e+01,3.786896e+01,3.786896e+01,3.832978e+01,3.832978e+01,3.908464e+01,3.948694e+01,3.962072e+01,4.007439e+01,4.007439e+01,4.061905e+01,4.014095e+01,4.087056e+01,4.049971e+01,4.067204e+01,4.134560e+01,4.150351e+01,4.152981e+01,4.152981e+01,4.152981e+01,4.152981e+01,4.177932e+01,4.236813e+01,4.236813e+01,4.236813e+01,4.236813e+01,4.290198e+01,4.290198e+01,4.290198e+01,4.290198e+01,4.290198e+01,4.290198e+01,4.317446e+01,4.345923e+01,4.349801e+01,4.349801e+01,4.349801e+01,4.349801e+01,4.393660e+01,4.393660e+01,4.393660e+01,4.393660e+01,4.393660e+01,4.393660e+01,4.393660e+01,4.393660e+01,4.393660e+01,4.439919e+01,4.439919e+01,4.439919e+01,4.439919e+01,4.492382e+01,4.461700e+01,4.470657e+01,4.497487e+01,4.577612e+01,4.577612e+01,4.577612e+01,4.659715e+01,4.673553e+01,4.704945e+01,4.719983e+01,4.774963e+01,4.806091e+01,4.847055e+01,4.879233e+01,4.916256e+01,4.964217e+01,5.009545e+01,5.055924e+01,5.089986e+01,5.133643e+01,5.173526e+01,5.263697e+01,5.291219e+01,5.328218e+01,5.373425e+01,5.445656e+01,5.490445e+01,5.540938e+01,5.584226e+01,5.619217e+01,5.663403e+01,5.720157e+01,5.770909e+01,5.839799e+01,5.877534e+01,5.943594e+01,5.970833e+01,6.010455e+01,6.005933e+01,6.064603e+01,6.131980e+01,6.158835e+01,6.231301e+01,6.263506e+01,6.293422e+01,6.312224e+01,6.380575e+01,6.421203e+01,6.452962e+01,6.538021e+01,6.593354e+01,6.611749e+01,6.646310e+01,6.685088e+01,6.769810e+01,6.787975e+01,6.841264e+01,6.890114e+01,6.933512e+01,7.005200e+01,7.062921e+01,7.080715e+01,7.132924e+01,7.162079e+01,7.232639e+01,7.279147e+01,7.309040e+01,7.341955e+01,7.375821e+01,7.444341e+01,7.459638e+01,7.501369e+01,7.529801e+01,7.599635e+01,7.604683e+01,7.643997e+01,7.706286e+01,7.712300e+01,7.767319e+01,7.784286e+01,7.836063e+01,7.881721e+01,7.890638e+01,7.953898e+01,7.962773e+01,8.017882e+01,8.026720e+01,8.050264e+01,8.063003e+01,8.103108e+01,8.098223e+01,8.112875e+01,8.125562e+01,8.125562e+01,8.165507e+01,8.158694e+01,8.151878e+01,8.147009e+01,8.182040e+01,8.178151e+01,8.174261e+01,8.170371e+01,8.164534e+01,8.160641e+01,8.156747e+01,8.150905e+01,8.147009e+01,8.143111e+01,8.137263e+01,8.135314e+01,8.122635e+01,8.151878e+01,8.107016e+01,8.131414e+01,8.124586e+01,8.105062e+01,8.081601e+01,8.077687e+01,8.071815e+01,8.076709e+01,8.046342e+01,8.043401e+01,8.023775e+01,8.018864e+01,7.998222e+01,8.010021e+01,8.006089e+01,7.992320e+01,7.977554e+01,7.960802e+01,7.955871e+01,7.946992e+01,7.934158e+01,7.909445e+01,7.924277e+01,7.871807e+01,7.868832e+01,7.863871e+01,7.871807e+01,7.863871e+01,7.821146e+01,7.820151e+01,7.806213e+01,7.785283e+01,7.814179e+01,7.755332e+01,7.770315e+01,7.748335e+01,7.742336e+01,7.726324e+01,7.756332e+01,7.733331e+01,7.713302e+01,7.739335e+01,7.736333e+01,7.710296e+01,7.697260e+01,7.684212e+01,7.674169e+01,7.662107e+01,7.639970e+01,7.632919e+01,7.657079e+01,7.646011e+01,7.622841e+01,7.599635e+01,7.593575e+01,7.583471e+01,7.571336e+01,7.565265e+01,7.558179e+01,7.556154e+01,7.556154e+01,7.556154e+01,7.556154e+01,7.556154e+01,7.537914e+01,7.562228e+01,7.539942e+01,7.533858e+01,7.523713e+01,7.513560e+01,7.506450e+01,7.503402e+01,7.503402e+01,7.503402e+01,7.503402e+01,7.502385e+01,7.511530e+01,7.500352e+01,7.490184e+01,7.464733e+01,7.496286e+01,7.491202e+01,7.486115e+01,7.481027e+01,7.475937e+01,7.470846e+01,7.465752e+01,7.460657e+01,7.500352e+01,7.495269e+01,7.501369e+01,7.510514e+01,7.505434e+01,7.500352e+01,7.495269e+01,7.490184e+01,7.539942e+01,7.549063e+01,7.543996e+01,7.538928e+01,7.540956e+01,7.537914e+01,7.537914e+01,7.537914e+01,7.579427e+01,7.574371e+01,7.569312e+01,7.605692e+01,7.601654e+01,7.638963e+01,7.603674e+01,7.657079e+01,7.648023e+01,7.645004e+01,7.641983e+01,7.681200e+01,7.684212e+01,7.694250e+01,7.735332e+01,7.732330e+01,7.729327e+01,7.726324e+01,7.766322e+01,7.771313e+01,7.781293e+01,7.820151e+01,7.776304e+01,7.792263e+01,7.798243e+01,7.839045e+01,7.835069e+01,7.831093e+01,7.830098e+01,7.869823e+01,7.865855e+01,7.859901e+01,7.864864e+01,7.874782e+01,7.867840e+01,7.902519e+01,7.896580e+01,7.890638e+01,7.893609e+01,7.903509e+01,7.894599e+01,7.890638e+01,7.880730e+01,7.906477e+01,7.903509e+01,7.887666e+01,7.861887e+01,7.895589e+01,7.848981e+01,7.846994e+01,7.829104e+01,7.825125e+01,7.827115e+01,7.824130e+01,7.805217e+01,7.787277e+01,7.755332e+01,7.725323e+01,7.719314e+01,7.700269e+01,7.708291e+01,7.683208e+01,7.675174e+01,7.646011e+01,7.621832e+01,7.597615e+01,7.599635e+01,7.567289e+01,7.547037e+01,7.487132e+01,7.470846e+01,7.431071e+01,7.405518e+01,7.384019e+01,7.351199e+01,7.323449e+01,7.280179e+01,7.252294e+01,7.197402e+01,7.196365e+01,7.111019e+01,7.100577e+01,7.043008e+01,6.998889e+01,6.953579e+01,6.915534e+01,6.869957e+01,6.856149e+01,6.781566e+01,6.741984e+01,6.710881e+01,6.681861e+01,6.643073e+01,6.607423e+01,6.523881e+01,6.474822e+01,6.428876e+01,6.404747e+01,6.375076e+01,6.319958e+01,6.267942e+01,6.217952e+01,6.174476e+01,6.131980e+01,6.054467e+01,6.001409e+01,5.953815e+01,5.884383e+01,5.856964e+01,5.815729e+01,5.759392e+01,5.669206e+01,5.637840e+01,5.586562e+01,5.516303e+01,5.512780e+01,5.455098e+01,5.400708e+01,5.305554e+01,5.284045e+01,5.232511e+01,5.162661e+01,5.121531e+01,5.060796e+01,5.019323e+01,4.923647e+01,4.890352e+01,4.847055e+01,4.802359e+01,4.722488e+01,4.703690e+01,4.650900e+01,4.606729e+01,4.554774e+01,4.510242e+01,4.428371e+01,4.394947e+01,4.378199e+01,4.300586e+01,4.268092e+01,4.242032e+01,4.219834e+01,4.193663e+01,4.173996e+01,4.118748e+01,4.080443e+01,4.052624e+01,4.034040e+01,3.991448e+01,3.966082e+01,3.946016e+01,3.907120e+01,3.870784e+01,3.854597e+01,3.834330e+01,3.747440e+01,3.747440e+01,3.691414e+01,3.733801e+01,3.728341e+01,3.652988e+01,3.652988e+01,3.652988e+01,3.709209e+01,3.647488e+01,3.647488e+01,3.647488e+01,3.647488e+01,3.647488e+01,3.647488e+01,3.647488e+01,3.647488e+01,3.590948e+01,3.597859e+01,3.596477e+01,3.651613e+01,3.635102e+01,3.606146e+01,3.633725e+01,3.581266e+01,3.584033e+01,3.606146e+01,3.606146e+01,3.606146e+01,3.606146e+01,3.606146e+01,3.606146e+01,3.606146e+01,3.606146e+01,3.606146e+01,3.606146e+01,3.606146e+01,3.606146e+01,3.606146e+01,3.606146e+01,3.549392e+01,3.556329e+01,3.554942e+01,3.561876e+01,3.617186e+01,3.617186e+01,3.617186e+01,3.617186e+01,3.617186e+01,3.617186e+01,3.617186e+01,3.662607e+01,3.662607e+01,3.662607e+01,3.662607e+01,3.662607e+01,3.662607e+01,3.662607e+01,3.694154e+01,3.694154e+01,3.694154e+01,3.694154e+01,3.699631e+01,3.711944e+01,3.766505e+01,3.744713e+01,3.744713e+01,3.744713e+01,3.800470e+01,3.744713e+01,3.744713e+01,3.744713e+01,3.744713e+01,3.744713e+01,3.744713e+01,3.744713e+01,3.744713e+01,3.744713e+01,3.744713e+01,3.744713e+01,3.744713e+01,3.744713e+01,3.744713e+01,3.744713e+01,3.744713e+01,3.744713e+01,3.744713e+01,3.744713e+01,3.744713e+01,3.744713e+01,3.688674e+01,3.691414e+01,3.710577e+01,3.710577e+01,3.710577e+01,3.710577e+01,3.710577e+01,3.710577e+01,3.710577e+01,3.710577e+01,3.710577e+01,3.710577e+01,3.710577e+01,3.710577e+01,3.655737e+01,3.684562e+01,3.651613e+01,3.695523e+01,3.694154e+01,3.692784e+01,3.691414e+01,3.690044e+01,3.632347e+01,3.632347e+01,3.632347e+01,3.632347e+01,3.632347e+01,3.632347e+01,3.632347e+01,3.632347e+01,3.632347e+01,3.688674e+01,3.629592e+01,3.629592e+01,3.629592e+01,3.629592e+01,3.629592e+01,3.629592e+01,3.629592e+01,3.629592e+01,3.629592e+01,3.629592e+01,3.629592e+01,3.629592e+01,3.629592e+01,3.629592e+01,3.629592e+01,3.629592e+01,3.629592e+01,3.629592e+01,3.629592e+01,3.629592e+01,3.629592e+01,3.629592e+01,3.629592e+01,3.629592e+01,3.629592e+01,3.629592e+01,3.629592e+01,3.629592e+01,3.629592e+01,3.629592e+01,3.629592e+01,3.629592e+01,3.629592e+01,3.629592e+01,3.629592e+01,3.629592e+01,3.629592e+01,3.629592e+01,3.629592e+01,3.629592e+01,3.629592e+01,3.629592e+01,3.629592e+01,3.629592e+01,3.629592e+01,3.629592e+01,3.629592e+01,3.629592e+01,3.629592e+01,3.629592e+01,3.629592e+01,3.629592e+01,3.629592e+01,3.629592e+01
3.446200e+01,3.446200e+01,3.446200e+01,3.446200e+01,3.446200e+01,3.446200e+01,3.446200e+01,3.446200e+01,3.446200e+01,3.446200e+01,3.503495e+01,3.497919e+01,3.476981e+01,3.510462e+01,3.472789e+01,3.479775e+01,3.541061e+01,3.541061e+01,3.541061e+01,3.541061e+01,3.541061e+01,3.541061e+01,3.600622e+01,3.600622e+01,3.600622e+01,3.600622e+01,3.600622e+01,3.600622e+01,3.659860e+01,3.659860e+01,3.659860e+01,3.659860e+01,3.659860e+01,3.659860e+01,3.659860e+01,3.659860e+01,3.695523e+01,3.728341e+01,3.747440e+01,3.747440e+01,3.747440e+01,3.786896e+01,3.786896e+01,3.842442e+01,3.851897e+01,3.884256e+01,3.916521e+01,3.935300e+01,3.980775e+01,3.984778e+01,4.016756e+01,4.019417e+01,4.030054e+01,4.051298e+01,4.051298e+01,4.098951e+01,4.130609e+01,4.130609e+01,4.130609e+01,4.130609e+01,4.184489e+01,4.179244e+01,4.210681e+01,4.232896e+01,4.232896e+01,4.232896e+01,4.232896e+01,4.232896e+01,4.290198e+01,4.290198e+01,4.290198e+01,4.290198e+01,4.290198e+01,4.290198e+01,4.345923e+01,4.345923e+01,4.345923e+01,4.345923e+01,4.345923e+01,4.345923e+01,4.345923e+01,4.345923e+01,4.345923e+01,4.393660e+01,4.393660e+01,4.393660e+01,4.393660e+01,4.393660e+01,4.393660e+01,4.439919e+01,4.439919e+01,4.439919e+01,4.439919e+01,4.492382e+01,4.501315e+01,4.520436e+01,4.556044e+01,4.556044e+01,4.607993e+01,4.655938e+01,4.684864e+01,4.692398e+01,4.737504e+01,4.761242e+01,4.806091e+01,4.833416e+01,4.876761e+01,4.927340e+01,4.961762e+01,5.004652e+01,5.037637e+01,5.085126e+01,5.126377e+01,5.213282e+01,5.221698e+01,5.301972e+01,5.341321e+01,5.372237e+01,5.443294e+01,5.486914e+01,5.536249e+01,5.566694e+01,5.614557e+01,5.705124e+01,5.739790e+01,5.816876e+01,5.859252e+01,5.877534e+01,5.931091e+01,5.970833e+01,5.991225e+01,6.064603e+01,6.083728e+01,6.119653e+01,6.204590e+01,6.191214e+01,6.273486e+01,6.282350e+01,6.328792e+01,6.380575e+01,6.409137e+01,6.498829e+01,6.556490e+01,6.574934e+01,6.650624e+01,6.666790e+01,6.729121e+01,6.777293e+01,6.814645e+01,6.894353e+01,6.912359e+01,6.944077e+01,7.006252e+01,7.045105e+01,7.131882e+01,7.179751e+01,7.195326e+01,7.242987e+01,7.310069e+01,7.313158e+01,7.355305e+01,7.418811e+01,7.451482e+01,7.486115e+01,7.545010e+01,7.560204e+01,7.596606e+01,7.627881e+01,7.695253e+01,7.713302e+01,7.739335e+01,7.805217e+01,7.850967e+01,7.867840e+01,7.920323e+01,7.966716e+01,8.013952e+01,8.020828e+01,8.068878e+01,8.072794e+01,8.109946e+01,8.116779e+01,8.125562e+01,8.156747e+01,8.151878e+01,8.186899e+01,8.193699e+01,8.202438e+01,8.191756e+01,8.181068e+01,8.191756e+01,8.200497e+01,8.200497e+01,8.200497e+01,8.200497e+01,8.200497e+01,8.200497e+01,8.200497e+01,8.200497e+01,8.200497e+01,8.200497e+01,8.200497e+01,8.200497e+01,8.162588e+01,8.197584e+01,8.171344e+01,8.169398e+01,8.158694e+01,8.131414e+01,8.121659e+01,8.113851e+01,8.144086e+01,8.096268e+01,8.115804e+01,8.109946e+01,8.087469e+01,8.073773e+01,8.052225e+01,8.049284e+01,8.042420e+01,8.025739e+01,8.008055e+01,7.988383e+01,8.020828e+01,7.968687e+01,7.992320e+01,7.966716e+01,7.946004e+01,7.919335e+01,7.912413e+01,7.903509e+01,7.899550e+01,7.917358e+01,7.884694e+01,7.879739e+01,7.856924e+01,7.843020e+01,7.839045e+01,7.806213e+01,7.838052e+01,7.815174e+01,7.805217e+01,7.793259e+01,7.787277e+01,7.778300e+01,7.762326e+01,7.760329e+01,7.754333e+01,7.739335e+01,7.724322e+01,7.709293e+01,7.697260e+01,7.682204e+01,7.671155e+01,7.671155e+01,7.669144e+01,7.686221e+01,7.658085e+01,7.633926e+01,7.623849e+01,7.653055e+01,7.636948e+01,7.626873e+01,7.615781e+01,7.609729e+01,7.605692e+01,7.601654e+01,7.597615e+01,7.593575e+01,7.579427e+01,7.573359e+01,7.562228e+01,7.555141e+01,7.585492e+01,7.571336e+01,7.560204e+01,7.553115e+01,7.549063e+01,7.545010e+01,7.540956e+01,7.535886e+01,7.531830e+01,7.531830e+01,7.531830e+01,7.531830e+01,7.531830e+01,7.531830e+01,7.531830e+01,7.531830e+01,7.531830e+01,7.531830e+01,7.531830e+01,7.531830e+01,7.531830e+01,7.531830e+01,7.531830e+01,7.531830e+01,7.531830e+01,7.531830e+01,7.536900e+01,7.538928e+01,7.549063e+01,7.590545e+01,7.581449e+01,7.572347e+01,7.568301e+01,7.606701e+01,7.602663e+01,7.609729e+01,7.618807e+01,7.609729e+01,7.611747e+01,7.620824e+01,7.642990e+01,7.638963e+01,7.677183e+01,7.686221e+01,7.718312e+01,7.711298e+01,7.715306e+01,7.724322e+01,7.720316e+01,7.727325e+01,7.744336e+01,7.744336e+01,7.785283e+01,7.789272e+01,7.798243e+01,7.799239e+01,7.815174e+01,7.816170e+01,7.834075e+01,7.830098e+01,7.837057e+01,7.847987e+01,7.888657e+01,7.880730e+01,7.886675e+01,7.895589e+01,7.892619e+01,7.928230e+01,7.924277e+01,7.920323e+01,7.920323e+01,7.929218e+01,7.925266e+01,7.921312e+01,7.923289e+01,7.925266e+01,7.958829e+01,7.950938e+01,7.945018e+01,7.943044e+01,7.936133e+01,7.912413e+01,7.929218e+01,7.925266e+01,7.904498e+01,7.898560e+01,7.876765e+01,7.868832e+01,7.864864e+01,7.857916e+01,7.835069e+01,7.854939e+01,7.818160e+01,7.787277e+01,7.777302e+01,7.754333e+01,7.746336e+01,7.720316e+01,7.704280e+01,7.676178e+01,7.653055e+01,7.642990e+01,7.634933e+01,7.601654e+01,7.601654e+01,7.552103e+01,7.515591e+01,7.515591e+01,7.485098e+01,7.416766e+01,7.385043e+01,7.384019e+01,7.339899e+01,7.297708e+01,7.253328e+01,7.231605e+01,7.156877e+01,7.125626e+01,7.109975e+01,7.056635e+01,7.002045e+01,6.954634e+01,6.919766e+01,6.884812e+01,6.852961e+01,6.812513e+01,6.732338e+01,6.689391e+01,6.648467e+01,6.610668e+01,6.569512e+01,6.510816e+01,6.463897e+01,6.440924e+01,6.395962e+01,6.339826e+01,6.286780e+01,6.235748e+01,6.191214e+01,6.147652e+01,6.069106e+01,6.014976e+01,5.966297e+01,5.908327e+01,5.872966e+01,5.830635e+01,5.773211e+01,5.742097e+01,5.647142e+01,5.594733e+01,5.545625e+01,5.525694e+01,5.466891e+01,5.411368e+01,5.337749e+01,5.299583e+01,5.246914e+01,5.175939e+01,5.133643e+01,5.071750e+01,5.029094e+01,4.947022e+01,4.897758e+01,4.853250e+01,4.807334e+01,4.750004e+01,4.713719e+01,4.659715e+01,4.614313e+01,4.561123e+01,4.515340e+01,4.447611e+01,4.428371e+01,4.340751e+01,4.349801e+01,4.316150e+01,4.285000e+01,4.204139e+01,4.204139e+01,4.173996e+01,4.133244e+01,4.083089e+01,4.069854e+01,4.035369e+01,4.007439e+01,3.966082e+01,3.929938e+01,3.895021e+01,3.885602e+01,3.854597e+01,3.799113e+01,3.748802e+01,3.713311e+01,3.695523e+01,3.718779e+01,3.683191e+01,3.696893e+01,3.700999e+01,3.654363e+01,3.663980e+01,3.635102e+01,3.635102e+01,3.635102e+01,3.635102e+01,3.635102e+01,3.635102e+01,3.635102e+01,3.635102e+01,3.635102e+01,3.635102e+01,3.635102e+01,3.635102e+01,3.635102e+01,3.635102e+01,3.635102e+01,3.635102e+01,3.635102e+01,3.635102e+01,3.606146e+01,3.606146e+01,3.606146e+01,3.606146e+01,3.606146e+01,3.606146e+01,3.606146e+01,3.606146e+01,3.606146e+01,3.606146e+01,3.606146e+01,3.606146e+01,3.606146e+01,3.606146e+01,3.606146e+01,3.606146e+01,3.606146e+01,3.606146e+01,3.606146e+01,3.606146e+01,3.606146e+01,3.606146e+01,3.606146e+01,3.662607e+01,3.618565e+01,3.670845e+01,3.670845e+01,3.670845e+01,3.670845e+01,3.670845e+01,3.670845e+01,3.726975e+01,3.729706e+01,3.732436e+01,3.735165e+01,3.737894e+01,3.759700e+01,3.777385e+01,3.777385e+01,3.777385e+01,3.777385e+01,3.777385e+01,3.777385e+01,3.777385e+01,3.777385e+01,3.777385e+01,3.777385e+01,3.777385e+01,3.777385e+01,3.777385e+01,3.777385e+01,3.777385e+01,3.744713e+01,3.744713e+01,3.744713e+01,3.744713e+01,3.744713e+01,3.744713e+01,3.744713e+01,3.744713e+01,3.744713e+01,3.744713e+01,3.744713e+01,3.744713e+01,3.691414e+01,3.747440e+01,3.694154e+01,3.694154e+01,3.694154e+01,3.694154e+01,3.694154e+01,3.694154e+01,3.694154e+01,3.694154e+01,3.694154e+01,3.694154e+01,3.694154e+01,3.694154e+01,3.694154e+01,3.694154e+01,3.694154e+01,3.694154e+01,3.694154e+01,3.694154e+01,3.694154e+01,3.688674e+01,3.681820e+01,3.674962e+01,3.676334e+01,3.677706e+01,3.670845e+01,3.672218e+01,3.673590e+01,3.639232e+01,3.643361e+01,3.674962e+01,3.668100e+01,3.669473e+01,3.670845e+01,3.672218e+01,3.617186e+01,3.673590e+01,3.673590e+01,3.673590e+01,3.673590e+01,3.673590e+01,3.673590e+01,3.617186e+01,3.617186e+01,3.617186e+01,3.617186e+01,3.617186e+01,3.617186e+01,3.617186e+01,3.617186e+01,3.617186e+01,3.617186e+01,3.617186e+01,3.617186e+01,3.617186e+01,3.617186e+01,3.617186e+01,3.617186e+01,3.617186e+01,3.617186e+01,3.617186e+01,3.617186e+01,3.617186e+01,3.617186e+01,3.617186e+01,3.617186e+01,3.617186e+01,3.617186e+01,3.617186e+01,3.617186e+01,3.617186e+01,3.617186e+01,3.617186e+01,3.617186e+01,3.617186e+01,3.617186e+01,3.617186e+01,3.617186e+01,3.617186e+01,3.617186e+01,3.617186e+01,3.617186e+01,3.617186e+01,3.617186e+01
3.446200e+01,3.446200e+01,3.446200e+01,3.446200e+01,3.446200e+01,3.446200e+01,3.446200e+01,3.446200e+01,3.446200e+01,3.446200e+01,3.446200e+01,3.446200e+01,3.476981e+01,3.504889e+01,3.488153e+01,3.524381e+01,3.539672e+01,3.539672e+01,3.539672e+01,3.539672e+01,3.539672e+01,3.539672e+01,3.600622e+01,3.600622e+01,3.600622e+01,3.600622e+01,3.657112e+01,3.665354e+01,3.618565e+01,3.619944e+01,3.621323e+01,3.622702e+01,3.680449e+01,3.680449e+01,3.680449e+01,3.680449e+01,3.680449e+01,3.680449e+01,3.747440e+01,3.747440e+01,3.747440e+01,3.786896e+01,3.822152e+01,3.841090e+01,3.866740e+01,3.841090e+01,3.909807e+01,3.908464e+01,3.984778e+01,4.000779e+01,4.002111e+01,4.056602e+01,4.053951e+01,4.053951e+01,4.053951e+01,4.098951e+01,4.116110e+01,4.116110e+01,4.170059e+01,4.135877e+01,4.162180e+01,4.177932e+01,4.194973e+01,4.194973e+01,4.194973e+01,4.232896e+01,4.232896e+01,4.232896e+01,4.232896e+01,4.290198e+01,4.290198e+01,4.290198e+01,4.290198e+01,4.290198e+01,4.345923e+01,4.345923e+01,4.345923e+01,4.345923e+01,4.345923e+01,4.345923e+01,4.345923e+01,4.345923e+01,4.345923e+01,4.393660e+01,4.393660e+01,4.393660e+01,4.393660e+01,4.393660e+01,4.393660e+01,4.439919e+01,4.439919e+01,4.439919e+01,4.439919e+01,4.492382e+01,4.492382e+01,4.492382e+01,4.503866e+01,4.581414e+01,4.609257e+01,4.642079e+01,4.657197e+01,4.683607e+01,4.758746e+01,4.741256e+01,4.823487e+01,4.849534e+01,4.877997e+01,4.915023e+01,4.965444e+01,4.992413e+01,5.041297e+01,5.086341e+01,5.177145e+01,5.220496e+01,5.251711e+01,5.315102e+01,5.329410e+01,5.375800e+01,5.445656e+01,5.489268e+01,5.572541e+01,5.590064e+01,5.664564e+01,5.710908e+01,5.754782e+01,5.820317e+01,5.840944e+01,5.887806e+01,5.934502e+01,5.952680e+01,6.047706e+01,6.071356e+01,6.097211e+01,6.134220e+01,6.186753e+01,6.215726e+01,6.272377e+01,6.310013e+01,6.340929e+01,6.370675e+01,6.458430e+01,6.517350e+01,6.539108e+01,6.585773e+01,6.633360e+01,6.677557e+01,6.732338e+01,6.780498e+01,6.817841e+01,6.877386e+01,6.951468e+01,6.967293e+01,7.017814e+01,7.091172e+01,7.106844e+01,7.170398e+01,7.212959e+01,7.289462e+01,7.316246e+01,7.342982e+01,7.408587e+01,7.465752e+01,7.481027e+01,7.539942e+01,7.551089e+01,7.586503e+01,7.639970e+01,7.655067e+01,7.735332e+01,7.739335e+01,7.795253e+01,7.861887e+01,7.867840e+01,7.893609e+01,7.933170e+01,7.971643e+01,7.998222e+01,8.030647e+01,8.093336e+01,8.107016e+01,8.115804e+01,8.155773e+01,8.159667e+01,8.157721e+01,8.178151e+01,8.226688e+01,8.221841e+01,8.219901e+01,8.219901e+01,8.219901e+01,8.219901e+01,8.219901e+01,8.259607e+01,8.254770e+01,8.249932e+01,8.245092e+01,8.240251e+01,8.235408e+01,8.230564e+01,8.228626e+01,8.226688e+01,8.224749e+01,8.210202e+01,8.204379e+01,8.202438e+01,8.186899e+01,8.186899e+01,8.186899e+01,8.186899e+01,8.161614e+01,8.157721e+01,8.153826e+01,8.120683e+01,8.118732e+01,8.140188e+01,8.091381e+01,8.106039e+01,8.083558e+01,8.078666e+01,8.069857e+01,8.051244e+01,8.031628e+01,8.025739e+01,8.021810e+01,7.996255e+01,7.995272e+01,7.961787e+01,7.978539e+01,7.950938e+01,7.942057e+01,7.931194e+01,7.925266e+01,7.910435e+01,7.899550e+01,7.923289e+01,7.899550e+01,7.880730e+01,7.855931e+01,7.849973e+01,7.844014e+01,7.832087e+01,7.832087e+01,7.832087e+01,7.832087e+01,7.819155e+01,7.798243e+01,7.791266e+01,7.783288e+01,7.766322e+01,7.749335e+01,7.732330e+01,7.718312e+01,7.742336e+01,7.726324e+01,7.721317e+01,7.714304e+01,7.706286e+01,7.712300e+01,7.687225e+01,7.681200e+01,7.679192e+01,7.662107e+01,7.651042e+01,7.638963e+01,7.631911e+01,7.626873e+01,7.621832e+01,7.621832e+01,7.621832e+01,7.621832e+01,7.621832e+01,7.603674e+01,7.600645e+01,7.598625e+01,7.598625e+01,7.598625e+01,7.598625e+01,7.549063e+01,7.590545e+01,7.581449e+01,7.571336e+01,7.562228e+01,7.561216e+01,7.560204e+01,7.559191e+01,7.558179e+01,7.557166e+01,7.556154e+01,7.555141e+01,7.554128e+01,7.553115e+01,7.552103e+01,7.552103e+01,7.552103e+01,7.552103e+01,7.552103e+01,7.552103e+01,7.593575e+01,7.588524e+01,7.583471e+01,7.578416e+01,7.584481e+01,7.596606e+01,7.596606e+01,7.596606e+01,7.609729e+01,7.615781e+01,7.615781e+01,7.657079e+01,7.652048e+01,7.679192e+01,7.674169e+01,7.678188e+01,7.676178e+01,7.719314e+01,7.725323e+01,7.729327e+01,7.727325e+01,7.727325e+01,7.768318e+01,7.763326e+01,7.754333e+01,7.790269e+01,7.786280e+01,7.793259e+01,7.799239e+01,7.799239e+01,7.840039e+01,7.836063e+01,7.872798e+01,7.869823e+01,7.866847e+01,7.900539e+01,7.939095e+01,7.934158e+01,7.899550e+01,7.940083e+01,7.939095e+01,7.938107e+01,7.942057e+01,7.946992e+01,7.946992e+01,7.946992e+01,7.946992e+01,7.987399e+01,7.982478e+01,7.977554e+01,7.976569e+01,7.983462e+01,7.988383e+01,7.979523e+01,7.972629e+01,7.969672e+01,8.000190e+01,7.975584e+01,7.974599e+01,7.962773e+01,7.941070e+01,7.967702e+01,7.945018e+01,7.936133e+01,7.931194e+01,7.917358e+01,7.893609e+01,7.872798e+01,7.885684e+01,7.853946e+01,7.837057e+01,7.813184e+01,7.798243e+01,7.771313e+01,7.748335e+01,7.714304e+01,7.690236e+01,7.679192e+01,7.650036e+01,7.673164e+01,7.610738e+01,7.597615e+01,7.571336e+01,7.564252e+01,7.518638e+01,7.449442e+01,7.431071e+01,7.407564e+01,7.363515e+01,7.321391e+01,7.286368e+01,7.257462e+01,7.234710e+01,7.159998e+01,7.121455e+01,7.106844e+01,7.043008e+01,6.986259e+01,6.951468e+01,6.927170e+01,6.879509e+01,6.839137e+01,6.802916e+01,6.750552e+01,6.700140e+01,6.652781e+01,6.602014e+01,6.589022e+01,6.541282e+01,6.457337e+01,6.409137e+01,6.349749e+01,6.293422e+01,6.284565e+01,6.230189e+01,6.176709e+01,6.100580e+01,6.048833e+01,6.002541e+01,5.956086e+01,5.902630e+01,5.862682e+01,5.769758e+01,5.725935e+01,5.692390e+01,5.629696e+01,5.609895e+01,5.516303e+01,5.465713e+01,5.410184e+01,5.349652e+01,5.294804e+01,5.294804e+01,5.213282e+01,5.173526e+01,5.100914e+01,5.060796e+01,4.981388e+01,4.934724e+01,4.892821e+01,4.798627e+01,4.762490e+01,4.708706e+01,4.659715e+01,4.614313e+01,4.561123e+01,4.515340e+01,4.468099e+01,4.415527e+01,4.414242e+01,4.352386e+01,4.310964e+01,4.266791e+01,4.225061e+01,4.210681e+01,4.172684e+01,4.114791e+01,4.104234e+01,4.076473e+01,4.034040e+01,3.999446e+01,3.958060e+01,3.921890e+01,3.909807e+01,3.885602e+01,3.835683e+01,3.799113e+01,3.762422e+01,3.741986e+01,3.722878e+01,3.707841e+01,3.698262e+01,3.641985e+01,3.636478e+01,3.685933e+01,3.683191e+01,3.669473e+01,3.668100e+01,3.666727e+01,3.665354e+01,3.663980e+01,3.662607e+01,3.662607e+01,3.662607e+01,3.606146e+01,3.607527e+01,3.607527e+01,3.607527e+01,3.607527e+01,3.607527e+01,3.607527e+01,3.607527e+01,3.607527e+01,3.607527e+01,3.607527e+01,3.607527e+01,3.607527e+01,3.607527e+01,3.607527e+01,3.607527e+01,3.607527e+01,3.607527e+01,3.607527e+01,3.607527e+01,3.607527e+01,3.607527e+01,3.607527e+01,3.607527e+01,3.607527e+01,3.607527e+01,3.607527e+01,3.607527e+01,3.607527e+01,3.607527e+01,3.607527e+01,3.607527e+01,3.607527e+01,3.607527e+01,3.663980e+01,3.676334e+01,3.676334e+01,3.676334e+01,3.676334e+01,3.676334e+01,3.676334e+01,3.726975e+01,3.726975e+01,3.726975e+01,3.726975e+01,3.726975e+01,3.759700e+01,3.759700e+01,3.759700e+01,3.759700e+01,3.759700e+01,3.759700e+01,3.759700e+01,3.759700e+01,3.759700e+01,3.759700e+01,3.759700e+01,3.759700e+01,3.759700e+01,3.759700e+01,3.759700e+01,3.759700e+01,3.759700e+01,3.759700e+01,3.759700e+01,3.759700e+01,3.759700e+01,3.759700e+01,3.703736e+01,3.705105e+01,3.706473e+01,3.707841e+01,3.709209e+01,3.746076e+01,3.737894e+01,3.741986e+01,3.716046e+01,3.716046e+01,3.716046e+01,3.716046e+01,3.716046e+01,3.716046e+01,3.716046e+01,3.716046e+01,3.716046e+01,3.716046e+01,3.716046e+01,3.716046e+01,3.659860e+01,3.661234e+01,3.662607e+01,3.663980e+01,3.665354e+01,3.666727e+01,3.666727e+01,3.666727e+01,3.666727e+01,3.666727e+01,3.666727e+01,3.666727e+01,3.666727e+01,3.666727e+01,3.666727e+01,3.666727e+01,3.666727e+01,3.666727e+01,3.666727e+01,3.666727e+01,3.666727e+01,3.666727e+01,3.666727e+01,3.666727e+01,3.666727e+01,3.666727e+01,3.666727e+01,3.666727e+01,3.666727e+01,3.666727e+01,3.666727e+01,3.666727e+01,3.617186e+01,3.617186e+01,3.617186e+01,3.617186e+01,3.617186e+01,3.617186e+01,3.617186e+01,3.617186e+01,3.617186e+01,3.617186e+01,3.617186e+01,3.617186e+01,3.617186e+01,3.617186e+01,3.617186e+01,3.617186e+01,3.617186e+01,3.617186e+01,3.617186e+01,3.617186e+01,3.617186e+01,3.617186e+01,3.617186e+01,3.617186e+01,3.617186e+01,3.617186e+01,3.617186e+01,3.617186e+01,3.617186e+01,3.617186e+01,3.617186e+01,3.673590e+01,3.615807e+01,3.615807e+01,3.615807e+01,3.615807e+01,3.615807e+01,3.615807e+01,3.615807e+01
3.446200e+01,3.446200e+01,3.446200e+01,3.446200e+01,3.446200e+01,3.446200e+01,3.446200e+01,3.446200e+01,3.446200e+01,3.446200e+01,3.503495e+01,3.451803e+01,3.461602e+01,3.504889e+01,3.503495e+01,3.509069e+01,3.509069e+01,3.509069e+01,3.539672e+01,3.539672e+01,3.539672e+01,3.539672e+01,3.600622e+01,3.600622e+01,3.600622e+01,3.600622e+01,3.600622e+01,3.608907e+01,3.659860e+01,3.658486e+01,3.657112e+01,3.674962e+01,3.629592e+01,3.688674e+01,3.688674e+01,3.688674e+01,3.688674e+01,3.688674e+01,3.747440e+01,3.747440e+01,3.747440e+01,3.786896e+01,3.807250e+01,3.841090e+01,3.841090e+01,3.896367e+01,3.913836e+01,3.947355e+01,3.986113e+01,3.986113e+01,3.986113e+01,4.056602e+01,4.056602e+01,4.056602e+01,4.056602e+01,4.098951e+01,4.098951e+01,4.098951e+01,4.116110e+01,4.172684e+01,4.171371e+01,4.171371e+01,4.171371e+01,4.225061e+01,4.180556e+01,4.204139e+01,4.205447e+01,4.260281e+01,4.223754e+01,4.260281e+01,4.262885e+01,4.265489e+01,4.265489e+01,4.318742e+01,4.294094e+01,4.349801e+01,4.349801e+01,4.349801e+01,4.349801e+01,4.349801e+01,4.349801e+01,4.349801e+01,4.349801e+01,4.349801e+01,4.393660e+01,4.393660e+01,4.393660e+01,4.393660e+01,4.393660e+01,4.393660e+01,4.439919e+01,4.439919e+01,4.439919e+01,4.492382e+01,4.492382e+01,4.544611e+01,4.553505e+01,4.536982e+01,4.624417e+01,4.628204e+01,4.657197e+01,4.701182e+01,4.738755e+01,4.771223e+01,4.776210e+01,4.861917e+01,4.885411e+01,4.932264e+01,4.953165e+01,4.997311e+01,5.041297e+01,5.086341e+01,5.127588e+01,5.221698e+01,5.219294e+01,5.301972e+01,5.347272e+01,5.424385e+01,5.465713e+01,5.489268e+01,5.553822e+01,5.601733e+01,5.664564e+01,5.710908e+01,5.754782e+01,5.801955e+01,5.899211e+01,5.871824e+01,5.947002e+01,5.983298e+01,6.003671e+01,6.081479e+01,6.112924e+01,6.134220e+01,6.175593e+01,6.220178e+01,6.272377e+01,6.298954e+01,6.381675e+01,6.398159e+01,6.427780e+01,6.505368e+01,6.556490e+01,6.585773e+01,6.633360e+01,6.677557e+01,6.732338e+01,6.780498e+01,6.861462e+01,6.894353e+01,6.934570e+01,6.978886e+01,7.061874e+01,7.094308e+01,7.135008e+01,7.182867e+01,7.257462e+01,7.294617e+01,7.323449e+01,7.357358e+01,7.453521e+01,7.468809e+01,7.508482e+01,7.540956e+01,7.578416e+01,7.639970e+01,7.684212e+01,7.732330e+01,7.780296e+01,7.788274e+01,7.851960e+01,7.865855e+01,7.878748e+01,7.947978e+01,7.964745e+01,8.012969e+01,8.027702e+01,8.083558e+01,8.097246e+01,8.137263e+01,8.148956e+01,8.199525e+01,8.196613e+01,8.238314e+01,8.213113e+01,8.231533e+01,8.231533e+01,8.271209e+01,8.268309e+01,8.265409e+01,8.262508e+01,8.270242e+01,8.275074e+01,8.275074e+01,8.275074e+01,8.275074e+01,8.275074e+01,8.275074e+01,8.270242e+01,8.265409e+01,8.260574e+01,8.255737e+01,8.239282e+01,8.231533e+01,8.227657e+01,8.210202e+01,8.208261e+01,8.206320e+01,8.195641e+01,8.181068e+01,8.181068e+01,8.181068e+01,8.160641e+01,8.162588e+01,8.158694e+01,8.125562e+01,8.117756e+01,8.106039e+01,8.099200e+01,8.088448e+01,8.088448e+01,8.088448e+01,8.065941e+01,8.054185e+01,8.026720e+01,8.051244e+01,8.027702e+01,8.019846e+01,7.990352e+01,7.978539e+01,7.964745e+01,7.955871e+01,7.939095e+01,7.974599e+01,7.968687e+01,7.943044e+01,7.916369e+01,7.930206e+01,7.921312e+01,7.871807e+01,7.857916e+01,7.855931e+01,7.853946e+01,7.851960e+01,7.828109e+01,7.818160e+01,7.818160e+01,7.818160e+01,7.818160e+01,7.818160e+01,7.773310e+01,7.804221e+01,7.760329e+01,7.760329e+01,7.760329e+01,7.760329e+01,7.747336e+01,7.739335e+01,7.727325e+01,7.717310e+01,7.711298e+01,7.692243e+01,7.679192e+01,7.665124e+01,7.656073e+01,7.690236e+01,7.639970e+01,7.639970e+01,7.639970e+01,7.639970e+01,7.639970e+01,7.639970e+01,7.639970e+01,7.639970e+01,7.639970e+01,7.639970e+01,7.639970e+01,7.590545e+01,7.595596e+01,7.595596e+01,7.595596e+01,7.595596e+01,7.595596e+01,7.595596e+01,7.595596e+01,7.595596e+01,7.595596e+01,7.595596e+01,7.595596e+01,7.595596e+01,7.595596e+01,7.595596e+01,7.595596e+01,7.595596e+01,7.595596e+01,7.595596e+01,7.634933e+01,7.639970e+01,7.629896e+01,7.619816e+01,7.609729e+01,7.650036e+01,7.645004e+01,7.639970e+01,7.634933e+01,7.671155e+01,7.667134e+01,7.675174e+01,7.680196e+01,7.682204e+01,7.681200e+01,7.681200e+01,7.722318e+01,7.728326e+01,7.733331e+01,7.733331e+01,7.774308e+01,7.768318e+01,7.776304e+01,7.781293e+01,7.781293e+01,7.836063e+01,7.841033e+01,7.833081e+01,7.829104e+01,7.865855e+01,7.873790e+01,7.878748e+01,7.882712e+01,7.887666e+01,7.928230e+01,7.933170e+01,7.909445e+01,7.923289e+01,7.977554e+01,7.964745e+01,7.969672e+01,7.968687e+01,7.967702e+01,7.967702e+01,8.008055e+01,8.005106e+01,8.002157e+01,8.010021e+01,8.014935e+01,8.011004e+01,8.047323e+01,8.043401e+01,8.040459e+01,8.037515e+01,8.025739e+01,8.015917e+01,8.017882e+01,8.011987e+01,8.038496e+01,8.034572e+01,8.014935e+01,8.000190e+01,7.994288e+01,7.984447e+01,7.972629e+01,7.964745e+01,7.943044e+01,7.920323e+01,7.912413e+01,7.904498e+01,7.884694e+01,7.865855e+01,7.854939e+01,7.832087e+01,7.797247e+01,7.767319e+01,7.743336e+01,7.732330e+01,7.713302e+01,7.691239e+01,7.687225e+01,7.640977e+01,7.625864e+01,7.612756e+01,7.582460e+01,7.574371e+01,7.515591e+01,7.489167e+01,7.449442e+01,7.396308e+01,7.397332e+01,7.318304e+01,7.332705e+01,7.251260e+01,7.216068e+01,7.188060e+01,7.149591e+01,7.076530e+01,7.065015e+01,6.984153e+01,6.952524e+01,6.908125e+01,6.871019e+01,6.838072e+01,6.776224e+01,6.729121e+01,6.685088e+01,6.659248e+01,6.577103e+01,6.538021e+01,6.498829e+01,6.440924e+01,6.384974e+01,6.354157e+01,6.273486e+01,6.227965e+01,6.174476e+01,6.144295e+01,6.082603e+01,5.993489e+01,5.954950e+01,5.901490e+01,5.861538e+01,5.815729e+01,5.767455e+01,5.714378e+01,5.670366e+01,5.621547e+01,5.576047e+01,5.515129e+01,5.449198e+01,5.378174e+01,5.350842e+01,5.272079e+01,5.214484e+01,5.175939e+01,5.104555e+01,5.065665e+01,4.987514e+01,4.992413e+01,4.939645e+01,4.840858e+01,4.783687e+01,4.731250e+01,4.683607e+01,4.639558e+01,4.587748e+01,4.544611e+01,4.500039e+01,4.424520e+01,4.389796e+01,4.365300e+01,4.305776e+01,4.279800e+01,4.253766e+01,4.183178e+01,4.151666e+01,4.135877e+01,4.056602e+01,4.044664e+01,4.030054e+01,3.990114e+01,3.948694e+01,3.937980e+01,3.909807e+01,3.850547e+01,3.832978e+01,3.789612e+01,3.778744e+01,3.741986e+01,3.685933e+01,3.683191e+01,3.703736e+01,3.669473e+01,3.698262e+01,3.648863e+01,3.646112e+01,3.643361e+01,3.643361e+01,3.643361e+01,3.643361e+01,3.643361e+01,3.643361e+01,3.643361e+01,3.643361e+01,3.643361e+01,3.643361e+01,3.643361e+01,3.643361e+01,3.643361e+01,3.643361e+01,3.607527e+01,3.607527e+01,3.607527e+01,3.607527e+01,3.607527e+01,3.607527e+01,3.607527e+01,3.607527e+01,3.607527e+01,3.607527e+01,3.607527e+01,3.607527e+01,3.607527e+01,3.607527e+01,3.607527e+01,3.607527e+01,3.607527e+01,3.607527e+01,3.607527e+01,3.607527e+01,3.607527e+01,3.607527e+01,3.607527e+01,3.607527e+01,3.607527e+01,3.607527e+01,3.607527e+01,3.607527e+01,3.663980e+01,3.663980e+01,3.663980e+01,3.663980e+01,3.663980e+01,3.663980e+01,3.663980e+01,3.726975e+01,3.726975e+01,3.726975e+01,3.726975e+01,3.726975e+01,3.759700e+01,3.759700e+01,3.759700e+01,3.759700e+01,3.759700e+01,3.759700e+01,3.759700e+01,3.759700e+01,3.759700e+01,3.759700e+01,3.759700e+01,3.759700e+01,3.759700e+01,3.759700e+01,3.759700e+01,3.759700e+01,3.759700e+01,3.759700e+01,3.759700e+01,3.759700e+01,3.759700e+01,3.759700e+01,3.703736e+01,3.759700e+01,3.755614e+01,3.751528e+01,3.705105e+01,3.725610e+01,3.725610e+01,3.725610e+01,3.725610e+01,3.725610e+01,3.725610e+01,3.725610e+01,3.725610e+01,3.725610e+01,3.725610e+01,3.725610e+01,3.725610e+01,3.669473e+01,3.673590e+01,3.713311e+01,3.681820e+01,3.681820e+01,3.681820e+01,3.681820e+01,3.681820e+01,3.681820e+01,3.681820e+01,3.681820e+01,3.681820e+01,3.681820e+01,3.681820e+01,3.681820e+01,3.681820e+01,3.681820e+01,3.681820e+01,3.681820e+01,3.681820e+01,3.681820e+01,3.681820e+01,3.681820e+01,3.681820e+01,3.625458e+01,3.679078e+01,3.679078e+01,3.679078e+01,3.679078e+01,3.679078e+01,3.679078e+01,3.679078e+01,3.679078e+01,3.622702e+01,3.663980e+01,3.639232e+01,3.639232e+01,3.639232e+01,3.639232e+01,3.639232e+01,3.639232e+01,3.639232e+01,3.639232e+01,3.639232e+01,3.639232e+01,3.639232e+01,3.639232e+01,3.639232e+01,3.639232e+01,3.639232e+01,3.639232e+01,3.639232e+01,3.639232e+01,3.639232e+01,3.639232e+01,3.639232e+01,3.639232e+01,3.639232e+01,3.639232e+01,3.639232e+01,3.639232e+01,3.639232e+01,3.639232e+01,3.639232e+01,3.639232e+01,3.639232e+01,3.639232e+01,3.639232e+01,3.639232e+01,3.639232e+01,3.639232e+01,3.639232e+01,3.639232e+01,3.639232e+01
3.446200e+01,3.446200e+01,3.446200e+01,3.446200e+01,3.446200e+01,3.446200e+01,3.446200e+01,3.446200e+01,3.446200e+01,3.503495e+01,3.497919e+01,3.474187e+01,3.490944e+01,3.503495e+01,3.503495e+01,3.503495e+01,3.503495e+01,3.560489e+01,3.554942e+01,3.554942e+01,3.554942e+01,3.554942e+01,3.600622e+01,3.600622e+01,3.600622e+01,3.600622e+01,3.657112e+01,3.611667e+01,3.637855e+01,3.637855e+01,3.637855e+01,3.674962e+01,3.674962e+01,3.694154e+01,3.694154e+01,3.694154e+01,3.694154e+01,3.694154e+01,3.747440e+01,3.747440e+01,3.747440e+01,3.786896e+01,3.823506e+01,3.824860e+01,3.858646e+01,3.874828e+01,3.908464e+01,3.951371e+01,3.970091e+01,3.970091e+01,3.970091e+01,4.002111e+01,4.060579e+01,4.060579e+01,4.060579e+01,4.060579e+01,4.098951e+01,4.098951e+01,4.098951e+01,4.118748e+01,4.177932e+01,4.177932e+01,4.177932e+01,4.177932e+01,4.231591e+01,4.225061e+01,4.204139e+01,4.223754e+01,4.225061e+01,4.244640e+01,4.244640e+01,4.297990e+01,4.257675e+01,4.290198e+01,4.308371e+01,4.329104e+01,4.329104e+01,4.329104e+01,4.329104e+01,4.329104e+01,4.329104e+01,4.329104e+01,4.382066e+01,4.342044e+01,4.365300e+01,4.364009e+01,4.362718e+01,4.414242e+01,4.414242e+01,4.414242e+01,4.414242e+01,4.414242e+01,4.466819e+01,4.441201e+01,4.473215e+01,4.505142e+01,4.566199e+01,4.580146e+01,4.577612e+01,4.643340e+01,4.674810e+01,4.688631e+01,4.735003e+01,4.752502e+01,4.787424e+01,4.842097e+01,4.895290e+01,4.912558e+01,4.962989e+01,4.996087e+01,5.038857e+01,5.082695e+01,5.172319e+01,5.175939e+01,5.255308e+01,5.269685e+01,5.361544e+01,5.375800e+01,5.453918e+01,5.505731e+01,5.552652e+01,5.599400e+01,5.661081e+01,5.706281e+01,5.749018e+01,5.795062e+01,5.861538e+01,5.912883e+01,5.952680e+01,6.016106e+01,6.026271e+01,6.070231e+01,6.089347e+01,6.126378e+01,6.212386e+01,6.237970e+01,6.306696e+01,6.324376e+01,6.381675e+01,6.411332e+01,6.443114e+01,6.505368e+01,6.546716e+01,6.635519e+01,6.652781e+01,6.721613e+01,6.749480e+01,6.825298e+01,6.866772e+01,6.953579e+01,6.970455e+01,7.038811e+01,7.067110e+01,7.111019e+01,7.179751e+01,7.200515e+01,7.260562e+01,7.327563e+01,7.344009e+01,7.399379e+01,7.453521e+01,7.493236e+01,7.552103e+01,7.566277e+01,7.632919e+01,7.657079e+01,7.728326e+01,7.749335e+01,7.805217e+01,7.814179e+01,7.851960e+01,7.892619e+01,7.942057e+01,7.949952e+01,7.988383e+01,8.012969e+01,8.091381e+01,8.093336e+01,8.121659e+01,8.177179e+01,8.183984e+01,8.201467e+01,8.222810e+01,8.235408e+01,8.263475e+01,8.258640e+01,8.268309e+01,8.273141e+01,8.273141e+01,8.312713e+01,8.305000e+01,8.300177e+01,8.299212e+01,8.298248e+01,8.297282e+01,8.296317e+01,8.295352e+01,8.294388e+01,8.294388e+01,8.294388e+01,8.294388e+01,8.294388e+01,8.278939e+01,8.266376e+01,8.257672e+01,8.239282e+01,8.236377e+01,8.233471e+01,8.221841e+01,8.246060e+01,8.241219e+01,8.192728e+01,8.223779e+01,8.179123e+01,8.150905e+01,8.180096e+01,8.166479e+01,8.148956e+01,8.136288e+01,8.159667e+01,8.114827e+01,8.111898e+01,8.102132e+01,8.120683e+01,8.100178e+01,8.094314e+01,8.069857e+01,8.053205e+01,8.022793e+01,8.005106e+01,8.031628e+01,8.016899e+01,8.007072e+01,8.009039e+01,7.994288e+01,7.970658e+01,7.956857e+01,7.950938e+01,7.928230e+01,7.894599e+01,7.922301e+01,7.914391e+01,7.865855e+01,7.892619e+01,7.867840e+01,7.850967e+01,7.844014e+01,7.845007e+01,7.846001e+01,7.832087e+01,7.814179e+01,7.809201e+01,7.822141e+01,7.815174e+01,7.808205e+01,7.760329e+01,7.760329e+01,7.760329e+01,7.760329e+01,7.760329e+01,7.760329e+01,7.760329e+01,7.720316e+01,7.739335e+01,7.696256e+01,7.692243e+01,7.699266e+01,7.692243e+01,7.685217e+01,7.678188e+01,7.671155e+01,7.672160e+01,7.673164e+01,7.666129e+01,7.667134e+01,7.626873e+01,7.642990e+01,7.652048e+01,7.645004e+01,7.637955e+01,7.630904e+01,7.623849e+01,7.623849e+01,7.623849e+01,7.623849e+01,7.623849e+01,7.623849e+01,7.623849e+01,7.623849e+01,7.623849e+01,7.623849e+01,7.623849e+01,7.623849e+01,7.623849e+01,7.623849e+01,7.633926e+01,7.636948e+01,7.636948e+01,7.636948e+01,7.636948e+01,7.636948e+01,7.636948e+01,7.678188e+01,7.666129e+01,7.671155e+01,7.673164e+01,7.714304e+01,7.707288e+01,7.707288e+01,7.707288e+01,7.706286e+01,7.716309e+01,7.724322e+01,7.765323e+01,7.758331e+01,7.768318e+01,7.776304e+01,7.776304e+01,7.817165e+01,7.850967e+01,7.856924e+01,7.858909e+01,7.858909e+01,7.858909e+01,7.858909e+01,7.858909e+01,7.899550e+01,7.899550e+01,7.940083e+01,7.946004e+01,7.947978e+01,7.937120e+01,7.966716e+01,7.972629e+01,7.979523e+01,7.979523e+01,7.979523e+01,8.019846e+01,8.012969e+01,8.018864e+01,8.020828e+01,8.061044e+01,8.052225e+01,8.046342e+01,8.080623e+01,8.042420e+01,8.048304e+01,8.048304e+01,8.048304e+01,8.088448e+01,8.071815e+01,8.057124e+01,8.052225e+01,8.051244e+01,8.047323e+01,8.047323e+01,8.055165e+01,8.075730e+01,8.025739e+01,8.016899e+01,8.040459e+01,8.023775e+01,7.994288e+01,7.970658e+01,7.958829e+01,7.946992e+01,7.923289e+01,7.900539e+01,7.921312e+01,7.881721e+01,7.883703e+01,7.846001e+01,7.821146e+01,7.806213e+01,7.779298e+01,7.756332e+01,7.726324e+01,7.689232e+01,7.670149e+01,7.649030e+01,7.617799e+01,7.583471e+01,7.574371e+01,7.530815e+01,7.482045e+01,7.451482e+01,7.424942e+01,7.368644e+01,7.341955e+01,7.298739e+01,7.260562e+01,7.215031e+01,7.177673e+01,7.127711e+01,7.089082e+01,7.017814e+01,6.978886e+01,6.935626e+01,6.908125e+01,6.857212e+01,6.835944e+01,6.779430e+01,6.732338e+01,6.688315e+01,6.607423e+01,6.569512e+01,6.531496e+01,6.474822e+01,6.428876e+01,6.379476e+01,6.300061e+01,6.255740e+01,6.212386e+01,6.163306e+01,6.099457e+01,6.054467e+01,6.005933e+01,5.942458e+01,5.892369e+01,5.847812e+01,5.800806e+01,5.749018e+01,5.658759e+01,5.620382e+01,5.574878e+01,5.513955e+01,5.496326e+01,5.422019e+01,5.374612e+01,5.295999e+01,5.249313e+01,5.202452e+01,5.142113e+01,5.094844e+01,4.993638e+01,4.964217e+01,4.922415e+01,4.840858e+01,4.783687e+01,4.731250e+01,4.683607e+01,4.639558e+01,4.587748e+01,4.544611e+01,4.500039e+01,4.436071e+01,4.418097e+01,4.322629e+01,4.303181e+01,4.303181e+01,4.253766e+01,4.194973e+01,4.180556e+01,4.145090e+01,4.089701e+01,4.079120e+01,4.006107e+01,3.980775e+01,3.966082e+01,3.940659e+01,3.890985e+01,3.874828e+01,3.842442e+01,3.761061e+01,3.752890e+01,3.720145e+01,3.710577e+01,3.710577e+01,3.654363e+01,3.662607e+01,3.680449e+01,3.673590e+01,3.673590e+01,3.673590e+01,3.673590e+01,3.643361e+01,3.643361e+01,3.643361e+01,3.643361e+01,3.643361e+01,3.643361e+01,3.643361e+01,3.643361e+01,3.643361e+01,3.643361e+01,3.586800e+01,3.636478e+01,3.625458e+01,3.625458e+01,3.625458e+01,3.625458e+01,3.625458e+01,3.625458e+01,3.568805e+01,3.624080e+01,3.624080e+01,3.624080e+01,3.567419e+01,3.624080e+01,3.624080e+01,3.624080e+01,3.567419e+01,3.568805e+01,3.570190e+01,3.571575e+01,3.572960e+01,3.574345e+01,3.575729e+01,3.633725e+01,3.633725e+01,3.633725e+01,3.633725e+01,3.633725e+01,3.633725e+01,3.633725e+01,3.633725e+01,3.633725e+01,3.663980e+01,3.663980e+01,3.720145e+01,3.714679e+01,3.721512e+01,3.729706e+01,3.729706e+01,3.729706e+01,3.729706e+01,3.729706e+01,3.759700e+01,3.759700e+01,3.759700e+01,3.759700e+01,3.759700e+01,3.759700e+01,3.759700e+01,3.759700e+01,3.759700e+01,3.759700e+01,3.759700e+01,3.759700e+01,3.759700e+01,3.759700e+01,3.759700e+01,3.759700e+01,3.759700e+01,3.759700e+01,3.759700e+01,3.759700e+01,3.759700e+01,3.759700e+01,3.759700e+01,3.759700e+01,3.759700e+01,3.759700e+01,3.759700e+01,3.725610e+01,3.725610e+01,3.725610e+01,3.725610e+01,3.725610e+01,3.725610e+01,3.725610e+01,3.725610e+01,3.725610e+01,3.725610e+01,3.725610e+01,3.725610e+01,3.725610e+01,3.673590e+01,3.707841e+01,3.699631e+01,3.699631e+01,3.699631e+01,3.699631e+01,3.699631e+01,3.699631e+01,3.699631e+01,3.699631e+01,3.699631e+01,3.699631e+01,3.699631e+01,3.643361e+01,3.646112e+01,3.648863e+01,3.651613e+01,3.654363e+01,3.654363e+01,3.654363e+01,3.654363e+01,3.654363e+01,3.654363e+01,3.654363e+01,3.654363e+01,3.654363e+01,3.654363e+01,3.654363e+01,3.654363e+01,3.654363e+01,3.654363e+01,3.654363e+01,3.654363e+01,3.654363e+01,3.654363e+01,3.654363e+01,3.654363e+01,3.654363e+01,3.654363e+01,3.654363e+01,3.654363e+01,3.654363e+01,3.654363e+01,3.654363e+01,3.654363e+01,3.654363e+01,3.654363e+01,3.654363e+01,3.654363e+01,3.654363e+01,3.654363e+01,3.654363e+01,3.654363e+01,3.597859e+01,3.657112e+01,3.657112e+01,3.657112e+01,3.657112e+01,3.657112e+01,3.657112e+01,3.657112e+01,3.657112e+01,3.657112e+01,3.657112e+01,3.657112e+01,3.657112e+01,3.657112e+01,3.600622e+01,3.661234e+01,3.661234e+01,3.661234e+01,3.604765e+01,3.610287e+01
3.446200e+01,3.446200e+01,3.446200e+01,3.446200e+01,3.446200e+01,3.446200e+01,3.446200e+01,3.446200e+01,3.446200e+01,3.446200e+01,3.497919e+01,3.497919e+01,3.497919e+01,3.497919e+01,3.497919e+01,3.497919e+01,3.497919e+01,3.497919e+01,3.554942e+01,3.554942e+01,3.554942e+01,3.554942e+01,3.554942e+01,3.600622e+01,3.600622e+01,3.600622e+01,3.600622e+01,3.600622e+01,3.637855e+01,3.637855e+01,3.637855e+01,3.674962e+01,3.674962e+01,3.674962e+01,3.674962e+01,3.674962e+01,3.731071e+01,3.744713e+01,3.750165e+01,3.750165e+01,3.750165e+01,3.786896e+01,3.805894e+01,3.822152e+01,3.838387e+01,3.869437e+01,3.912493e+01,3.933960e+01,3.970091e+01,3.970091e+01,4.024737e+01,4.043336e+01,4.061905e+01,4.061905e+01,4.061905e+01,4.116110e+01,4.110833e+01,4.110833e+01,4.110833e+01,4.164807e+01,4.180556e+01,4.180556e+01,4.180556e+01,4.180556e+01,4.231591e+01,4.231591e+01,4.231591e+01,4.231591e+01,4.231591e+01,4.231591e+01,4.285000e+01,4.294094e+01,4.262885e+01,4.273298e+01,4.308371e+01,4.308371e+01,4.308371e+01,4.308371e+01,4.308371e+01,4.308371e+01,4.361427e+01,4.321333e+01,4.339457e+01,4.344630e+01,4.344630e+01,4.397522e+01,4.407814e+01,4.364009e+01,4.421951e+01,4.421951e+01,4.421951e+01,4.421951e+01,4.421951e+01,4.474494e+01,4.478329e+01,4.473215e+01,4.507692e+01,4.580146e+01,4.607993e+01,4.595344e+01,4.628204e+01,4.674810e+01,4.698673e+01,4.772470e+01,4.806091e+01,4.842097e+01,4.873052e+01,4.919952e+01,5.002206e+01,5.021767e+01,5.055924e+01,5.132432e+01,5.123954e+01,5.208469e+01,5.256507e+01,5.298389e+01,5.362733e+01,5.404263e+01,5.470427e+01,5.506907e+01,5.553822e+01,5.600567e+01,5.662242e+01,5.707438e+01,5.750171e+01,5.796211e+01,5.862682e+01,5.914022e+01,5.953815e+01,5.995752e+01,6.033044e+01,6.096088e+01,6.106192e+01,6.127499e+01,6.203476e+01,6.245747e+01,6.287887e+01,6.332103e+01,6.372875e+01,6.410235e+01,6.458430e+01,6.506458e+01,6.592271e+01,6.636598e+01,6.678633e+01,6.723759e+01,6.765533e+01,6.827428e+01,6.912359e+01,6.954634e+01,6.995733e+01,7.040910e+01,7.082807e+01,7.156877e+01,7.180790e+01,7.225392e+01,7.275019e+01,7.352225e+01,7.361463e+01,7.403472e+01,7.457599e+01,7.497303e+01,7.576393e+01,7.626873e+01,7.637955e+01,7.713302e+01,7.733331e+01,7.765323e+01,7.789272e+01,7.862879e+01,7.879739e+01,7.906477e+01,7.966716e+01,7.976569e+01,8.030647e+01,8.044382e+01,8.132389e+01,8.136288e+01,8.149931e+01,8.178151e+01,8.217962e+01,8.221841e+01,8.221841e+01,8.245092e+01,8.290527e+01,8.281837e+01,8.277973e+01,8.317532e+01,8.322350e+01,8.323313e+01,8.323313e+01,8.323313e+01,8.323313e+01,8.323313e+01,8.323313e+01,8.323313e+01,8.323313e+01,8.323313e+01,8.294388e+01,8.294388e+01,8.294388e+01,8.294388e+01,8.294388e+01,8.294388e+01,8.294388e+01,8.278939e+01,8.270242e+01,8.261541e+01,8.255737e+01,8.251867e+01,8.262508e+01,8.236377e+01,8.231533e+01,8.194670e+01,8.210202e+01,8.206320e+01,8.148956e+01,8.148956e+01,8.188842e+01,8.183984e+01,8.159667e+01,8.150905e+01,8.135314e+01,8.127512e+01,8.118732e+01,8.102132e+01,8.089426e+01,8.102132e+01,8.070836e+01,8.057124e+01,8.012969e+01,8.053205e+01,8.037515e+01,8.032610e+01,8.012969e+01,8.001173e+01,7.982478e+01,7.971643e+01,7.982478e+01,7.967702e+01,7.963759e+01,7.929218e+01,7.907467e+01,7.901529e+01,7.929218e+01,7.906477e+01,7.893609e+01,7.887666e+01,7.881721e+01,7.861887e+01,7.839045e+01,7.829104e+01,7.829104e+01,7.829104e+01,7.829104e+01,7.829104e+01,7.801232e+01,7.795253e+01,7.789272e+01,7.784286e+01,7.779298e+01,7.754333e+01,7.735332e+01,7.755332e+01,7.727325e+01,7.718312e+01,7.713302e+01,7.713302e+01,7.713302e+01,7.713302e+01,7.713302e+01,7.713302e+01,7.673164e+01,7.673164e+01,7.673164e+01,7.673164e+01,7.673164e+01,7.673164e+01,7.673164e+01,7.673164e+01,7.673164e+01,7.673164e+01,7.673164e+01,7.673164e+01,7.665124e+01,7.617799e+01,7.659090e+01,7.652048e+01,7.647017e+01,7.641983e+01,7.641983e+01,7.641983e+01,7.641983e+01,7.641983e+01,7.641983e+01,7.683208e+01,7.676178e+01,7.669144e+01,7.664118e+01,7.659090e+01,7.695253e+01,7.700269e+01,7.701272e+01,7.684212e+01,7.684212e+01,7.725323e+01,7.726324e+01,7.726324e+01,7.726324e+01,7.726324e+01,7.767319e+01,7.760329e+01,7.765323e+01,7.766322e+01,7.807209e+01,7.800236e+01,7.795253e+01,7.819155e+01,7.836063e+01,7.836063e+01,7.856924e+01,7.856924e+01,7.897569e+01,7.890638e+01,7.926254e+01,7.931194e+01,7.932182e+01,7.937120e+01,7.981493e+01,7.974599e+01,7.970658e+01,8.006089e+01,8.002157e+01,8.035553e+01,8.029665e+01,8.023775e+01,8.028683e+01,8.069857e+01,8.057124e+01,8.051244e+01,8.056145e+01,8.063003e+01,8.063003e+01,8.103108e+01,8.099200e+01,8.115804e+01,8.109946e+01,8.104086e+01,8.108969e+01,8.110922e+01,8.130438e+01,8.109946e+01,8.099200e+01,8.132389e+01,8.123611e+01,8.118732e+01,8.122635e+01,8.077687e+01,8.083558e+01,8.078666e+01,8.074751e+01,8.050264e+01,8.022793e+01,8.011987e+01,7.995272e+01,7.975584e+01,7.953898e+01,7.978539e+01,7.932182e+01,7.909445e+01,7.894599e+01,7.864864e+01,7.851960e+01,7.832087e+01,7.807209e+01,7.786280e+01,7.750335e+01,7.734332e+01,7.707288e+01,7.678188e+01,7.640977e+01,7.627881e+01,7.591555e+01,7.543996e+01,7.545010e+01,7.506450e+01,7.462695e+01,7.403472e+01,7.359411e+01,7.354279e+01,7.306980e+01,7.252294e+01,7.205701e+01,7.155836e+01,7.117281e+01,7.046153e+01,7.007303e+01,6.973618e+01,6.928227e+01,6.895413e+01,6.845518e+01,6.785839e+01,6.735554e+01,6.688315e+01,6.648467e+01,6.600932e+01,6.563003e+01,6.506458e+01,6.460617e+01,6.411332e+01,6.332103e+01,6.287887e+01,6.244637e+01,6.195675e+01,6.131980e+01,6.087100e+01,6.038685e+01,5.975367e+01,5.925404e+01,5.880959e+01,5.834072e+01,5.782416e+01,5.692390e+01,5.654113e+01,5.608730e+01,5.524520e+01,5.478674e+01,5.418470e+01,5.371050e+01,5.341321e+01,5.284045e+01,5.187997e+01,5.139693e+01,5.092415e+01,5.004652e+01,5.005876e+01,4.902694e+01,4.889117e+01,4.819761e+01,4.766233e+01,4.717478e+01,4.620629e+01,4.638297e+01,4.530621e+01,4.500039e+01,4.457859e+01,4.409100e+01,4.344630e+01,4.344630e+01,4.303181e+01,4.253766e+01,4.217220e+01,4.189733e+01,4.134560e+01,4.112152e+01,4.069854e+01,4.028725e+01,3.980775e+01,3.980775e+01,3.940659e+01,3.913836e+01,3.884256e+01,3.831625e+01,3.784180e+01,3.762422e+01,3.746076e+01,3.746076e+01,3.710577e+01,3.677706e+01,3.677706e+01,3.677706e+01,3.677706e+01,3.677706e+01,3.677706e+01,3.621323e+01,3.626836e+01,3.626836e+01,3.626836e+01,3.626836e+01,3.626836e+01,3.626836e+01,3.626836e+01,3.626836e+01,3.626836e+01,3.626836e+01,3.626836e+01,3.626836e+01,3.626836e+01,3.626836e+01,3.626836e+01,3.626836e+01,3.626836e+01,3.626836e+01,3.626836e+01,3.626836e+01,3.626836e+01,3.626836e+01,3.626836e+01,3.626836e+01,3.626836e+01,3.626836e+01,3.626836e+01,3.625458e+01,3.618565e+01,3.611667e+01,3.607527e+01,3.603384e+01,3.617186e+01,3.635102e+01,3.635102e+01,3.635102e+01,3.635102e+01,3.635102e+01,3.635102e+01,3.635102e+01,3.635102e+01,3.691414e+01,3.685933e+01,3.662607e+01,3.695523e+01,3.695523e+01,3.751528e+01,3.747440e+01,3.747440e+01,3.747440e+01,3.747440e+01,3.747440e+01,3.747440e+01,3.747440e+01,3.803182e+01,3.799113e+01,3.795042e+01,3.790970e+01,3.786896e+01,3.786896e+01,3.786896e+01,3.786896e+01,3.786896e+01,3.786896e+01,3.786896e+01,3.786896e+01,3.786896e+01,3.786896e+01,3.786896e+01,3.731071e+01,3.735165e+01,3.735165e+01,3.735165e+01,3.735165e+01,3.735165e+01,3.735165e+01,3.735165e+01,3.735165e+01,3.735165e+01,3.735165e+01,3.735165e+01,3.735165e+01,3.735165e+01,3.735165e+01,3.735165e+01,3.735165e+01,3.679078e+01,3.685933e+01,3.690044e+01,3.694154e+01,3.698262e+01,3.722878e+01,3.710577e+01,3.709209e+01,3.709209e+01,3.709209e+01,3.709209e+01,3.709209e+01,3.709209e+01,3.709209e+01,3.709209e+01,3.652988e+01,3.659860e+01,3.663980e+01,3.706473e+01,3.673590e+01,3.669473e+01,3.669473e+01,3.669473e+01,3.669473e+01,3.669473e+01,3.669473e+01,3.669473e+01,3.669473e+01,3.669473e+01,3.669473e+01,3.669473e+01,3.669473e+01,3.669473e+01,3.669473e+01,3.669473e+01,3.669473e+01,3.669473e+01,3.669473e+01,3.669473e+01,3.669473e+01,3.669473e+01,3.613047e+01,3.617186e+01,3.621323e+01,3.625458e+01,3.629592e+01,3.629592e+01,3.629592e+01,3.629592e+01,3.629592e+01,3.629592e+01,3.629592e+01,3.629592e+01,3.629592e+01,3.629592e+01,3.629592e+01,3.629592e+01,3.629592e+01,3.629592e+01,3.629592e+01,3.629592e+01,3.629592e+01,3.629592e+01,3.629592e+01,3.629592e+01,3.629592e+01,3.629592e+01,3.629592e+01,3.629592e+01,3.629592e+01,3.629592e+01,3.629592e+01,3.629592e+01,3.629592e+01,3.629592e+01,3.629592e+01,3.629592e+01,3.629592e+01,3.629592e+01
3.446200e+01,3.446200e+01,3.446200e+01,3.446200e+01,3.446200e+01,3.446200e+01,3.446200e+01,3.446200e+01,3.446200e+01,3.446200e+01,3.497919e+01,3.497919e+01,3.497919e+01,3.497919e+01,3.497919e+01,3.497919e+01,3.497919e+01,3.554942e+01,3.557716e+01,3.557716e+01,3.557716e+01,3.557716e+01,3.614427e+01,3.617186e+01,3.617186e+01,3.617186e+01,3.617186e+01,3.617186e+01,3.617186e+01,3.673590e+01,3.683191e+01,3.677706e+01,3.677706e+01,3.677706e+01,3.677706e+01,3.677706e+01,3.677706e+01,3.744713e+01,3.744713e+01,3.744713e+01,3.800470e+01,3.795042e+01,3.795042e+01,3.850547e+01,3.859996e+01,3.878869e+01,3.951371e+01,3.960735e+01,4.010102e+01,4.022078e+01,4.027396e+01,4.027396e+01,4.061905e+01,4.061905e+01,4.061905e+01,4.061905e+01,4.110833e+01,4.110833e+01,4.110833e+01,4.164807e+01,4.164807e+01,4.164807e+01,4.164807e+01,4.164807e+01,4.177932e+01,4.184489e+01,4.244640e+01,4.244640e+01,4.244640e+01,4.244640e+01,4.244640e+01,4.294094e+01,4.275899e+01,4.288898e+01,4.295393e+01,4.295393e+01,4.295393e+01,4.295393e+01,4.348509e+01,4.360136e+01,4.358844e+01,4.334282e+01,4.334282e+01,4.334282e+01,4.387220e+01,4.347216e+01,4.403955e+01,4.406528e+01,4.370461e+01,4.378199e+01,4.385932e+01,4.442484e+01,4.419382e+01,4.450174e+01,4.478329e+01,4.485996e+01,4.526802e+01,4.568736e+01,4.583948e+01,4.596609e+01,4.647121e+01,4.704945e+01,4.716225e+01,4.761242e+01,4.803603e+01,4.848294e+01,4.891587e+01,4.919952e+01,4.982613e+01,5.014435e+01,5.016879e+01,5.069316e+01,5.151787e+01,5.225304e+01,5.256507e+01,5.298389e+01,5.362733e+01,5.404263e+01,5.459817e+01,5.512780e+01,5.553822e+01,5.600567e+01,5.662242e+01,5.707438e+01,5.750171e+01,5.796211e+01,5.862682e+01,5.914022e+01,5.953815e+01,5.995752e+01,6.033044e+01,6.078106e+01,6.152127e+01,6.156599e+01,6.219065e+01,6.245747e+01,6.333207e+01,6.351954e+01,6.373976e+01,6.411332e+01,6.459524e+01,6.552147e+01,6.566257e+01,6.657092e+01,6.679709e+01,6.724832e+01,6.810381e+01,6.844455e+01,6.914476e+01,6.956745e+01,6.997837e+01,7.043008e+01,7.127711e+01,7.162079e+01,7.195326e+01,7.270890e+01,7.291524e+01,7.335789e+01,7.409609e+01,7.425964e+01,7.513560e+01,7.529801e+01,7.591555e+01,7.610738e+01,7.686221e+01,7.713302e+01,7.743336e+01,7.772311e+01,7.844014e+01,7.903509e+01,7.907467e+01,7.963759e+01,7.967702e+01,8.000190e+01,8.071815e+01,8.075730e+01,8.134339e+01,8.134339e+01,8.174261e+01,8.194670e+01,8.242188e+01,8.238314e+01,8.247996e+01,8.264442e+01,8.276041e+01,8.315604e+01,8.315604e+01,8.318496e+01,8.357954e+01,8.352185e+01,8.348338e+01,8.344491e+01,8.340643e+01,8.340643e+01,8.340643e+01,8.340643e+01,8.340643e+01,8.340643e+01,8.340643e+01,8.340643e+01,8.340643e+01,8.340643e+01,8.340643e+01,8.294388e+01,8.294388e+01,8.294388e+01,8.294388e+01,8.294388e+01,8.294388e+01,8.251867e+01,8.252835e+01,8.246060e+01,8.217962e+01,8.248964e+01,8.203409e+01,8.219901e+01,8.217962e+01,8.221841e+01,8.183012e+01,8.213113e+01,8.161614e+01,8.161614e+01,8.161614e+01,8.161614e+01,8.161614e+01,8.142136e+01,8.122635e+01,8.114827e+01,8.093336e+01,8.064961e+01,8.093336e+01,8.054185e+01,8.054185e+01,8.054185e+01,8.012969e+01,8.012969e+01,8.012969e+01,8.012969e+01,8.012969e+01,8.012969e+01,7.963759e+01,7.978539e+01,7.955871e+01,7.953898e+01,7.947978e+01,7.935145e+01,7.918346e+01,7.908456e+01,7.898560e+01,7.869823e+01,7.897569e+01,7.880730e+01,7.873790e+01,7.866847e+01,7.859901e+01,7.854939e+01,7.839045e+01,7.826120e+01,7.816170e+01,7.807209e+01,7.797247e+01,7.783288e+01,7.760329e+01,7.755332e+01,7.779298e+01,7.763326e+01,7.751334e+01,7.744336e+01,7.740335e+01,7.736333e+01,7.732330e+01,7.709293e+01,7.731329e+01,7.724322e+01,7.717310e+01,7.710296e+01,7.703278e+01,7.699266e+01,7.695253e+01,7.691239e+01,7.691239e+01,7.650036e+01,7.654061e+01,7.654061e+01,7.654061e+01,7.654061e+01,7.695253e+01,7.681200e+01,7.672160e+01,7.663113e+01,7.659090e+01,7.700269e+01,7.693246e+01,7.686221e+01,7.690236e+01,7.690236e+01,7.690236e+01,7.690236e+01,7.690236e+01,7.690236e+01,7.731329e+01,7.724322e+01,7.720316e+01,7.720316e+01,7.725323e+01,7.725323e+01,7.725323e+01,7.725323e+01,7.766322e+01,7.770315e+01,7.770315e+01,7.770315e+01,7.811192e+01,7.815174e+01,7.815174e+01,7.815174e+01,7.855931e+01,7.851960e+01,7.885684e+01,7.889647e+01,7.885684e+01,7.935145e+01,7.935145e+01,7.932182e+01,7.932182e+01,7.932182e+01,7.972629e+01,7.976569e+01,7.981493e+01,8.021810e+01,8.021810e+01,8.021810e+01,8.040459e+01,8.040459e+01,8.040459e+01,8.040459e+01,8.080623e+01,8.080623e+01,8.080623e+01,8.080623e+01,8.096268e+01,8.129463e+01,8.133364e+01,8.133364e+01,8.125562e+01,8.121659e+01,8.121659e+01,8.161614e+01,8.155773e+01,8.149931e+01,8.142136e+01,8.173289e+01,8.166479e+01,8.166479e+01,8.151878e+01,8.143111e+01,8.128488e+01,8.140188e+01,8.134339e+01,8.123611e+01,8.111898e+01,8.079645e+01,8.063982e+01,8.047323e+01,8.064961e+01,8.037515e+01,8.022793e+01,7.975584e+01,7.981493e+01,7.957843e+01,7.935145e+01,7.904498e+01,7.886675e+01,7.899550e+01,7.866847e+01,7.829104e+01,7.802229e+01,7.778300e+01,7.743336e+01,7.738335e+01,7.710296e+01,7.669144e+01,7.621832e+01,7.594585e+01,7.566277e+01,7.524728e+01,7.518638e+01,7.448421e+01,7.413699e+01,7.379921e+01,7.329620e+01,7.271922e+01,7.222285e+01,7.211922e+01,7.162079e+01,7.122498e+01,7.037762e+01,7.040910e+01,6.948301e+01,6.899652e+01,6.847646e+01,6.829558e+01,6.768741e+01,6.718394e+01,6.675404e+01,6.624720e+01,6.583605e+01,6.526057e+01,6.479190e+01,6.428876e+01,6.393765e+01,6.338723e+01,6.284565e+01,6.224628e+01,6.157718e+01,6.109558e+01,6.061226e+01,5.998016e+01,5.948138e+01,5.903770e+01,5.809991e+01,5.765152e+01,5.738636e+01,5.688915e+01,5.640166e+01,5.600567e+01,5.543281e+01,5.423202e+01,5.387667e+01,5.340131e+01,5.284045e+01,5.187997e+01,5.189202e+01,5.079048e+01,5.076616e+01,4.992413e+01,4.924878e+01,4.882941e+01,4.819761e+01,4.766233e+01,4.717478e+01,4.643340e+01,4.614313e+01,4.543340e+01,4.493658e+01,4.457859e+01,4.409100e+01,4.367881e+01,4.303181e+01,4.281101e+01,4.213297e+01,4.209373e+01,4.170059e+01,4.104234e+01,4.094987e+01,4.060579e+01,4.008770e+01,4.003443e+01,3.990114e+01,3.912493e+01,3.903089e+01,3.864043e+01,3.831625e+01,3.807250e+01,3.762422e+01,3.762422e+01,3.706473e+01,3.702368e+01,3.694154e+01,3.694154e+01,3.637855e+01,3.643361e+01,3.648863e+01,3.635102e+01,3.674962e+01,3.668100e+01,3.662607e+01,3.657112e+01,3.651613e+01,3.651613e+01,3.651613e+01,3.651613e+01,3.651613e+01,3.651613e+01,3.651613e+01,3.651613e+01,3.651613e+01,3.651613e+01,3.595095e+01,3.600622e+01,3.600622e+01,3.600622e+01,3.600622e+01,3.600622e+01,3.600622e+01,3.600622e+01,3.600622e+01,3.600622e+01,3.600622e+01,3.600622e+01,3.600622e+01,3.600622e+01,3.600622e+01,3.600622e+01,3.600622e+01,3.600622e+01,3.600622e+01,3.600622e+01,3.600622e+01,3.600622e+01,3.635102e+01,3.635102e+01,3.635102e+01,3.635102e+01,3.635102e+01,3.691414e+01,3.691414e+01,3.691414e+01,3.691414e+01,3.691414e+01,3.691414e+01,3.695523e+01,3.702368e+01,3.765144e+01,3.765144e+01,3.765144e+01,3.765144e+01,3.765144e+01,3.765144e+01,3.765144e+01,3.765144e+01,3.765144e+01,3.765144e+01,3.765144e+01,3.765144e+01,3.765144e+01,3.765144e+01,3.765144e+01,3.765144e+01,3.765144e+01,3.765144e+01,3.765144e+01,3.765144e+01,3.765144e+01,3.765144e+01,3.765144e+01,3.765144e+01,3.765144e+01,3.765144e+01,3.765144e+01,3.765144e+01,3.765144e+01,3.765144e+01,3.765144e+01,3.735165e+01,3.735165e+01,3.735165e+01,3.735165e+01,3.735165e+01,3.735165e+01,3.735165e+01,3.679078e+01,3.735165e+01,3.726975e+01,3.721512e+01,3.721512e+01,3.721512e+01,3.721512e+01,3.721512e+01,3.665354e+01,3.670845e+01,3.676334e+01,3.681820e+01,3.681820e+01,3.681820e+01,3.681820e+01,3.681820e+01,3.681820e+01,3.681820e+01,3.681820e+01,3.681820e+01,3.681820e+01,3.681820e+01,3.681820e+01,3.681820e+01,3.681820e+01,3.681820e+01,3.681820e+01,3.681820e+01,3.681820e+01,3.681820e+01,3.681820e+01,3.625458e+01,3.687303e+01,3.687303e+01,3.687303e+01,3.630970e+01,3.637855e+01,3.644736e+01,3.644736e+01,3.644736e+01,3.644736e+01,3.644736e+01,3.644736e+01,3.644736e+01,3.644736e+01,3.644736e+01,3.644736e+01,3.644736e+01,3.644736e+01,3.644736e+01,3.644736e+01,3.644736e+01,3.644736e+01,3.644736e+01,3.644736e+01,3.644736e+01,3.644736e+01,3.644736e+01,3.644736e+01,3.644736e+01,3.644736e+01,3.644736e+01,3.644736e+01,3.644736e+01,3.644736e+01,3.644736e+01,3.644736e+01,3.644736e+01,3.644736e+01,3.644736e+01,3.644736e+01,3.644736e+01,3.644736e+01,3.644736e+01,3.644736e+01,3.644736e+01,3.644736e+01,3.644736e+01,3.644736e+01
3.446200e+01,3.446200e+01,3.446200e+01,3.446200e+01,3.446200e+01,3.446200e+01,3.446200e+01,3.446200e+01,3.446200e+01,3.446200e+01,3.446200e+01,3.446200e+01,3.497919e+01,3.497919e+01,3.497919e+01,3.497919e+01,3.554942e+01,3.554942e+01,3.554942e+01,3.554942e+01,3.554942e+01,3.554942e+01,3.554942e+01,3.617186e+01,3.617186e+01,3.617186e+01,3.617186e+01,3.617186e+01,3.617186e+01,3.617186e+01,3.626836e+01,3.691414e+01,3.691414e+01,3.691414e+01,3.691414e+01,3.691414e+01,3.691414e+01,3.744713e+01,3.744713e+01,3.744713e+01,3.744713e+01,3.795042e+01,3.826213e+01,3.851897e+01,3.851897e+01,3.907120e+01,3.952709e+01,3.936640e+01,3.963409e+01,3.984778e+01,3.996781e+01,4.057928e+01,4.060579e+01,4.060579e+01,4.060579e+01,4.060579e+01,4.110833e+01,4.110833e+01,4.110833e+01,4.110833e+01,4.164807e+01,4.164807e+01,4.164807e+01,4.164807e+01,4.218526e+01,4.177932e+01,4.215912e+01,4.222448e+01,4.222448e+01,4.222448e+01,4.275899e+01,4.242032e+01,4.251160e+01,4.288898e+01,4.288898e+01,4.288898e+01,4.288898e+01,4.288898e+01,4.295393e+01,4.316150e+01,4.325219e+01,4.331693e+01,4.331693e+01,4.331693e+01,4.387220e+01,4.357553e+01,4.382066e+01,4.371751e+01,4.371751e+01,4.371751e+01,4.424520e+01,4.391084e+01,4.454018e+01,4.457859e+01,4.515340e+01,4.524256e+01,4.496211e+01,4.564930e+01,4.564930e+01,4.596609e+01,4.647121e+01,4.683607e+01,4.722488e+01,4.761242e+01,4.803603e+01,4.848294e+01,4.880469e+01,4.927340e+01,4.971579e+01,4.989964e+01,5.069316e+01,5.088771e+01,5.151787e+01,5.214484e+01,5.263697e+01,5.298389e+01,5.362733e+01,5.404263e+01,5.459817e+01,5.512780e+01,5.553822e+01,5.600567e+01,5.662242e+01,5.754782e+01,5.773211e+01,5.797360e+01,5.863824e+01,5.915161e+01,5.954950e+01,5.996884e+01,6.080355e+01,6.098334e+01,6.133100e+01,6.163306e+01,6.209045e+01,6.252410e+01,6.314434e+01,6.351954e+01,6.399257e+01,6.427780e+01,6.461710e+01,6.533672e+01,6.617155e+01,6.662481e+01,6.695841e+01,6.770879e+01,6.815710e+01,6.860400e+01,6.917651e+01,6.959910e+01,7.000993e+01,7.046153e+01,7.130840e+01,7.195326e+01,7.212959e+01,7.253328e+01,7.298739e+01,7.380946e+01,7.409609e+01,7.450462e+01,7.513560e+01,7.554128e+01,7.591555e+01,7.634933e+01,7.689232e+01,7.720316e+01,7.791266e+01,7.805217e+01,7.859901e+01,7.886675e+01,7.914391e+01,7.946992e+01,8.014935e+01,8.030647e+01,8.071815e+01,8.100178e+01,8.134339e+01,8.158694e+01,8.216992e+01,8.230564e+01,8.281837e+01,8.271209e+01,8.304035e+01,8.298248e+01,8.302106e+01,8.315604e+01,8.355070e+01,8.358915e+01,8.359875e+01,8.359875e+01,8.359875e+01,8.359875e+01,8.359875e+01,8.399231e+01,8.393478e+01,8.387722e+01,8.381965e+01,8.376205e+01,8.370444e+01,8.365641e+01,8.360837e+01,8.356031e+01,8.331980e+01,8.350262e+01,8.344491e+01,8.299212e+01,8.299212e+01,8.299212e+01,8.299212e+01,8.299212e+01,8.299212e+01,8.285699e+01,8.264442e+01,8.257672e+01,8.269276e+01,8.262508e+01,8.214082e+01,8.233471e+01,8.220871e+01,8.214082e+01,8.220871e+01,8.173289e+01,8.173289e+01,8.173289e+01,8.173289e+01,8.142136e+01,8.142136e+01,8.142136e+01,8.142136e+01,8.105062e+01,8.098223e+01,8.077687e+01,8.072794e+01,8.089426e+01,8.057124e+01,8.048304e+01,8.039478e+01,8.034572e+01,8.029665e+01,8.007072e+01,7.982478e+01,7.972629e+01,7.966716e+01,7.966716e+01,7.966716e+01,7.966716e+01,7.958829e+01,7.940083e+01,7.924277e+01,7.903509e+01,7.899550e+01,7.899550e+01,7.899550e+01,7.899550e+01,7.859901e+01,7.859901e+01,7.859901e+01,7.859901e+01,7.859901e+01,7.859901e+01,7.838052e+01,7.816170e+01,7.792263e+01,7.794257e+01,7.790269e+01,7.790269e+01,7.790269e+01,7.790269e+01,7.790269e+01,7.777302e+01,7.724322e+01,7.755332e+01,7.751334e+01,7.724322e+01,7.724322e+01,7.724322e+01,7.724322e+01,7.724322e+01,7.724322e+01,7.724322e+01,7.724322e+01,7.691239e+01,7.682204e+01,7.718312e+01,7.709293e+01,7.713302e+01,7.714304e+01,7.681200e+01,7.681200e+01,7.681200e+01,7.681200e+01,7.681200e+01,7.722318e+01,7.710296e+01,7.705283e+01,7.705283e+01,7.705283e+01,7.705283e+01,7.705283e+01,7.705283e+01,7.731329e+01,7.731329e+01,7.731329e+01,7.772311e+01,7.763326e+01,7.754333e+01,7.749335e+01,7.799239e+01,7.800236e+01,7.791266e+01,7.786280e+01,7.809201e+01,7.812188e+01,7.852953e+01,7.844014e+01,7.853946e+01,7.856924e+01,7.875773e+01,7.885684e+01,7.885684e+01,7.926254e+01,7.936133e+01,7.936133e+01,7.976569e+01,7.967702e+01,7.971643e+01,7.973614e+01,8.013952e+01,8.017882e+01,8.022793e+01,8.063003e+01,8.054185e+01,8.045362e+01,8.045362e+01,8.085514e+01,8.089426e+01,8.090403e+01,8.090403e+01,8.090403e+01,8.130438e+01,8.134339e+01,8.135314e+01,8.135314e+01,8.135314e+01,8.175234e+01,8.162588e+01,8.166479e+01,8.167453e+01,8.207291e+01,8.192728e+01,8.188842e+01,8.184955e+01,8.184955e+01,8.184955e+01,8.184955e+01,8.184955e+01,8.184955e+01,8.184955e+01,8.184955e+01,8.163560e+01,8.163560e+01,8.140188e+01,8.115804e+01,8.090403e+01,8.081601e+01,8.064961e+01,8.035553e+01,8.047323e+01,7.998222e+01,8.007072e+01,7.976569e+01,7.945018e+01,7.918346e+01,7.903509e+01,7.866847e+01,7.877756e+01,7.843020e+01,7.844014e+01,7.818160e+01,7.762326e+01,7.728326e+01,7.683208e+01,7.686221e+01,7.651042e+01,7.607710e+01,7.575381e+01,7.540956e+01,7.510514e+01,7.463715e+01,7.417789e+01,7.355305e+01,7.337844e+01,7.255395e+01,7.229534e+01,7.175595e+01,7.131882e+01,7.111019e+01,7.038811e+01,6.987312e+01,6.969402e+01,6.926112e+01,6.877386e+01,6.805049e+01,6.743055e+01,6.699065e+01,6.647388e+01,6.605260e+01,6.544543e+01,6.494467e+01,6.455150e+01,6.413526e+01,6.355259e+01,6.297848e+01,6.234636e+01,6.164424e+01,6.112924e+01,6.061226e+01,6.040941e+01,5.978767e+01,5.933365e+01,5.838654e+01,5.804251e+01,5.760544e+01,5.708595e+01,5.657598e+01,5.615722e+01,5.557334e+01,5.485738e+01,5.384108e+01,5.337749e+01,5.281653e+01,5.213282e+01,5.195227e+01,5.110621e+01,5.089986e+01,5.003429e+01,4.933494e+01,4.889117e+01,4.874289e+01,4.807334e+01,4.745005e+01,4.682351e+01,4.645860e+01,4.573809e+01,4.535710e+01,4.479607e+01,4.391084e+01,4.348509e+01,4.330399e+01,4.288898e+01,4.248552e+01,4.183178e+01,4.150351e+01,4.131926e+01,4.113472e+01,4.059254e+01,4.036697e+01,4.024737e+01,3.980775e+01,3.940659e+01,3.921890e+01,3.873480e+01,3.800470e+01,3.786896e+01,3.735165e+01,3.759700e+01,3.733801e+01,3.702368e+01,3.702368e+01,3.646112e+01,3.692784e+01,3.624080e+01,3.624080e+01,3.624080e+01,3.624080e+01,3.624080e+01,3.624080e+01,3.624080e+01,3.624080e+01,3.624080e+01,3.624080e+01,3.680449e+01,3.617186e+01,3.625458e+01,3.625458e+01,3.625458e+01,3.625458e+01,3.625458e+01,3.625458e+01,3.625458e+01,3.625458e+01,3.625458e+01,3.625458e+01,3.625458e+01,3.625458e+01,3.625458e+01,3.625458e+01,3.625458e+01,3.625458e+01,3.625458e+01,3.625458e+01,3.625458e+01,3.625458e+01,3.625458e+01,3.568805e+01,3.577114e+01,3.577114e+01,3.633725e+01,3.625458e+01,3.639232e+01,3.637855e+01,3.637855e+01,3.637855e+01,3.637855e+01,3.637855e+01,3.691414e+01,3.691414e+01,3.691414e+01,3.691414e+01,3.691414e+01,3.691414e+01,3.747440e+01,3.752890e+01,3.765144e+01,3.765144e+01,3.765144e+01,3.765144e+01,3.765144e+01,3.765144e+01,3.765144e+01,3.765144e+01,3.820798e+01,3.807250e+01,3.799113e+01,3.790970e+01,3.790970e+01,3.790970e+01,3.790970e+01,3.790970e+01,3.790970e+01,3.790970e+01,3.790970e+01,3.790970e+01,3.790970e+01,3.790970e+01,3.735165e+01,3.743349e+01,3.743349e+01,3.743349e+01,3.743349e+01,3.743349e+01,3.743349e+01,3.743349e+01,3.743349e+01,3.743349e+01,3.743349e+01,3.743349e+01,3.743349e+01,3.743349e+01,3.743349e+01,3.743349e+01,3.735165e+01,3.679078e+01,3.692784e+01,3.700999e+01,3.700999e+01,3.700999e+01,3.700999e+01,3.700999e+01,3.700999e+01,3.700999e+01,3.700999e+01,3.700999e+01,3.700999e+01,3.700999e+01,3.700999e+01,3.700999e+01,3.700999e+01,3.700999e+01,3.700999e+01,3.700999e+01,3.700999e+01,3.644736e+01,3.652988e+01,3.661234e+01,3.661234e+01,3.661234e+01,3.661234e+01,3.661234e+01,3.661234e+01,3.661234e+01,3.661234e+01,3.661234e+01,3.661234e+01,3.661234e+01,3.661234e+01,3.661234e+01,3.661234e+01,3.661234e+01,3.661234e+01,3.661234e+01,3.661234e+01,3.661234e+01,3.661234e+01,3.661234e+01,3.661234e+01,3.661234e+01,3.661234e+01,3.661234e+01,3.661234e+01,3.661234e+01,3.661234e+01,3.661234e+01,3.661234e+01,3.661234e+01,3.661234e+01,3.661234e+01,3.661234e+01,3.661234e+01,3.661234e+01,3.661234e+01,3.604765e+01,3.669473e+01,3.613047e+01,3.622702e+01,3.622702e+01,3.622702e+01,3.622702e+01,3.679078e+01,3.669473e+01,3.669473e+01,3.669473e+01,3.669473e+01,3.669473e+01,3.613047e+01,3.622702e+01,3.622702e+01,3.622702e+01,3.622702e+01,3.622702e+01
3.446200e+01,3.446200e+01,3.446200e+01,3.446200e+01,3.446200e+01,3.446200e+01,3.446200e+01,3.446200e+01,3.446200e+01,3.446200e+01,3.503495e+01,3.509069e+01,3.507676e+01,3.507676e+01,3.507676e+01,3.507676e+01,3.507676e+01,3.507676e+01,3.554942e+01,3.554942e+01,3.554942e+01,3.611667e+01,3.560489e+01,3.589566e+01,3.589566e+01,3.646112e+01,3.636478e+01,3.636478e+01,3.636478e+01,3.692784e+01,3.640608e+01,3.663980e+01,3.663980e+01,3.663980e+01,3.720145e+01,3.710577e+01,3.684562e+01,3.710577e+01,3.720145e+01,3.776026e+01,3.789612e+01,3.801826e+01,3.812671e+01,3.812671e+01,3.851897e+01,3.908464e+01,3.925914e+01,3.980775e+01,3.967419e+01,4.022078e+01,3.980775e+01,4.015426e+01,4.081766e+01,4.081766e+01,4.081766e+01,4.081766e+01,4.081766e+01,4.110833e+01,4.110833e+01,4.110833e+01,4.164807e+01,4.164807e+01,4.164807e+01,4.164807e+01,4.164807e+01,4.218526e+01,4.217220e+01,4.217220e+01,4.217220e+01,4.270695e+01,4.273298e+01,4.255069e+01,4.268092e+01,4.275899e+01,4.275899e+01,4.275899e+01,4.275899e+01,4.329104e+01,4.318742e+01,4.318742e+01,4.318742e+01,4.318742e+01,4.318742e+01,4.371751e+01,4.383355e+01,4.370461e+01,4.370461e+01,4.370461e+01,4.370461e+01,4.370461e+01,4.370461e+01,4.423236e+01,4.454018e+01,4.484719e+01,4.462980e+01,4.466819e+01,4.528075e+01,4.563661e+01,4.576344e+01,4.615576e+01,4.635774e+01,4.681095e+01,4.728747e+01,4.779949e+01,4.804847e+01,4.837137e+01,4.887882e+01,4.928571e+01,4.947022e+01,4.991189e+01,5.044955e+01,5.089986e+01,5.152996e+01,5.215687e+01,5.252911e+01,5.305554e+01,5.363921e+01,5.405447e+01,5.460996e+01,5.513955e+01,5.554993e+01,5.601733e+01,5.663403e+01,5.731709e+01,5.761696e+01,5.803103e+01,5.911744e+01,5.933365e+01,5.957220e+01,6.045451e+01,6.079230e+01,6.108437e+01,6.140937e+01,6.180058e+01,6.212386e+01,6.255740e+01,6.317749e+01,6.355259e+01,6.389370e+01,6.470453e+01,6.485740e+01,6.549974e+01,6.620398e+01,6.652781e+01,6.702289e+01,6.774086e+01,6.818907e+01,6.863586e+01,6.920824e+01,6.963074e+01,7.047202e+01,7.106844e+01,7.148550e+01,7.217104e+01,7.226427e+01,7.299770e+01,7.317275e+01,7.371720e+01,7.457599e+01,7.474919e+01,7.528786e+01,7.600645e+01,7.617799e+01,7.650036e+01,7.721317e+01,7.779298e+01,7.790269e+01,7.825125e+01,7.892619e+01,7.942057e+01,7.955871e+01,7.972629e+01,8.054185e+01,8.056145e+01,8.075730e+01,8.115804e+01,8.167453e+01,8.220871e+01,8.219901e+01,8.250900e+01,8.281837e+01,8.291492e+01,8.343529e+01,8.328129e+01,8.359875e+01,8.361798e+01,8.360837e+01,8.400189e+01,8.390601e+01,8.383884e+01,8.377165e+01,8.416478e+01,8.418393e+01,8.378126e+01,8.384844e+01,8.384844e+01,8.384844e+01,8.384844e+01,8.384844e+01,8.384844e+01,8.384844e+01,8.384844e+01,8.371404e+01,8.361798e+01,8.335831e+01,8.356992e+01,8.347377e+01,8.337756e+01,8.328129e+01,8.321386e+01,8.314641e+01,8.291492e+01,8.279905e+01,8.279905e+01,8.279905e+01,8.279905e+01,8.253802e+01,8.244124e+01,8.244124e+01,8.214082e+01,8.200497e+01,8.212142e+01,8.202438e+01,8.195641e+01,8.188842e+01,8.167453e+01,8.160641e+01,8.160641e+01,8.160641e+01,8.145060e+01,8.127512e+01,8.118732e+01,8.104086e+01,8.089426e+01,8.076709e+01,8.076709e+01,8.076709e+01,8.074751e+01,8.059084e+01,8.038496e+01,8.025739e+01,8.006089e+01,7.990352e+01,7.983462e+01,7.983462e+01,7.983462e+01,7.983462e+01,7.983462e+01,7.964745e+01,7.943044e+01,7.929218e+01,7.922301e+01,7.915380e+01,7.935145e+01,7.903509e+01,7.893609e+01,7.883703e+01,7.876765e+01,7.876765e+01,7.876765e+01,7.876765e+01,7.856924e+01,7.832087e+01,7.822141e+01,7.811192e+01,7.804221e+01,7.804221e+01,7.804221e+01,7.804221e+01,7.777302e+01,7.751334e+01,7.754333e+01,7.782291e+01,7.726324e+01,7.767319e+01,7.757331e+01,7.747336e+01,7.740335e+01,7.740335e+01,7.740335e+01,7.740335e+01,7.740335e+01,7.723320e+01,7.721317e+01,7.721317e+01,7.721317e+01,7.721317e+01,7.721317e+01,7.721317e+01,7.721317e+01,7.721317e+01,7.721317e+01,7.721317e+01,7.721317e+01,7.721317e+01,7.721317e+01,7.721317e+01,7.721317e+01,7.721317e+01,7.762326e+01,7.758331e+01,7.751334e+01,7.771313e+01,7.770315e+01,7.770315e+01,7.770315e+01,7.770315e+01,7.799239e+01,7.799239e+01,7.799239e+01,7.799239e+01,7.840039e+01,7.848981e+01,7.850967e+01,7.891628e+01,7.881721e+01,7.874782e+01,7.915380e+01,7.905488e+01,7.925266e+01,7.924277e+01,7.964745e+01,7.973614e+01,7.974599e+01,8.014935e+01,8.005106e+01,8.007072e+01,8.011987e+01,8.011987e+01,8.052225e+01,8.063003e+01,8.063003e+01,8.103108e+01,8.105062e+01,8.103108e+01,8.103108e+01,8.143111e+01,8.133364e+01,8.135314e+01,8.173289e+01,8.163560e+01,8.196613e+01,8.186899e+01,8.188842e+01,8.187870e+01,8.187870e+01,8.206320e+01,8.208261e+01,8.207291e+01,8.247028e+01,8.233471e+01,8.219901e+01,8.210202e+01,8.244124e+01,8.234440e+01,8.224749e+01,8.215053e+01,8.210202e+01,8.203409e+01,8.191756e+01,8.184955e+01,8.163560e+01,8.141162e+01,8.126537e+01,8.107993e+01,8.124586e+01,8.094314e+01,8.065941e+01,8.036534e+01,8.025739e+01,8.027702e+01,7.988383e+01,8.001173e+01,7.957843e+01,7.929218e+01,7.900539e+01,7.885684e+01,7.874782e+01,7.843020e+01,7.786280e+01,7.751334e+01,7.726324e+01,7.697260e+01,7.697260e+01,7.649030e+01,7.600645e+01,7.575381e+01,7.528786e+01,7.476955e+01,7.425964e+01,7.384019e+01,7.351199e+01,7.317275e+01,7.275019e+01,7.209849e+01,7.174555e+01,7.123540e+01,7.089082e+01,7.046153e+01,6.997837e+01,6.953579e+01,6.903889e+01,6.830622e+01,6.767671e+01,6.722687e+01,6.714101e+01,6.616074e+01,6.595519e+01,6.532584e+01,6.480282e+01,6.438734e+01,6.380575e+01,6.323272e+01,6.260178e+01,6.190099e+01,6.138699e+01,6.109558e+01,6.056720e+01,5.991225e+01,5.942458e+01,5.855821e+01,5.803103e+01,5.757087e+01,5.705124e+01,5.654113e+01,5.612226e+01,5.553822e+01,5.482206e+01,5.429115e+01,5.368674e+01,5.312716e+01,5.268488e+01,5.215687e+01,5.155413e+01,5.099701e+01,5.009545e+01,4.935955e+01,4.865630e+01,4.840858e+01,4.788669e+01,4.741256e+01,4.639558e+01,4.620629e+01,4.581414e+01,4.522983e+01,4.475772e+01,4.439919e+01,4.354969e+01,4.323924e+01,4.279800e+01,4.227673e+01,4.191043e+01,4.171371e+01,4.131926e+01,4.087056e+01,4.084412e+01,4.036697e+01,3.998114e+01,3.933960e+01,3.939320e+01,3.895021e+01,3.870784e+01,3.826213e+01,3.785538e+01,3.761061e+01,3.761061e+01,3.705105e+01,3.703736e+01,3.732436e+01,3.657112e+01,3.702368e+01,3.659860e+01,3.652988e+01,3.646112e+01,3.646112e+01,3.646112e+01,3.646112e+01,3.646112e+01,3.646112e+01,3.646112e+01,3.646112e+01,3.646112e+01,3.646112e+01,3.646112e+01,3.646112e+01,3.646112e+01,3.646112e+01,3.646112e+01,3.646112e+01,3.646112e+01,3.646112e+01,3.589566e+01,3.596477e+01,3.603384e+01,3.603384e+01,3.603384e+01,3.603384e+01,3.603384e+01,3.603384e+01,3.603384e+01,3.603384e+01,3.603384e+01,3.603384e+01,3.603384e+01,3.603384e+01,3.603384e+01,3.603384e+01,3.603384e+01,3.603384e+01,3.603384e+01,3.637855e+01,3.637855e+01,3.637855e+01,3.637855e+01,3.637855e+01,3.691414e+01,3.691414e+01,3.691414e+01,3.691414e+01,3.691414e+01,3.691414e+01,3.747440e+01,3.747440e+01,3.747440e+01,3.747440e+01,3.747440e+01,3.747440e+01,3.803182e+01,3.796399e+01,3.789612e+01,3.815381e+01,3.819444e+01,3.819444e+01,3.819444e+01,3.819444e+01,3.819444e+01,3.790970e+01,3.790970e+01,3.790970e+01,3.790970e+01,3.790970e+01,3.790970e+01,3.790970e+01,3.735165e+01,3.732436e+01,3.733801e+01,3.733801e+01,3.733801e+01,3.733801e+01,3.733801e+01,3.733801e+01,3.733801e+01,3.733801e+01,3.733801e+01,3.733801e+01,3.733801e+01,3.733801e+01,3.733801e+01,3.733801e+01,3.733801e+01,3.733801e+01,3.733801e+01,3.733801e+01,3.733801e+01,3.733801e+01,3.733801e+01,3.733801e+01,3.700999e+01,3.700999e+01,3.700999e+01,3.700999e+01,3.700999e+01,3.700999e+01,3.700999e+01,3.700999e+01,3.700999e+01,3.700999e+01,3.700999e+01,3.700999e+01,3.700999e+01,3.700999e+01,3.700999e+01,3.700999e+01,3.700999e+01,3.661234e+01,3.661234e+01,3.661234e+01,3.661234e+01,3.661234e+01,3.661234e+01,3.661234e+01,3.661234e+01,3.661234e+01,3.661234e+01,3.661234e+01,3.661234e+01,3.661234e+01,3.661234e+01,3.661234e+01,3.661234e+01,3.661234e+01,3.661234e+01,3.661234e+01,3.661234e+01,3.661234e+01,3.661234e+01,3.661234e+01,3.661234e+01,3.661234e+01,3.661234e+01,3.661234e+01,3.661234e+01,3.661234e+01,3.661234e+01,3.661234e+01,3.661234e+01,3.661234e+01,3.661234e+01,3.661234e+01,3.661234e+01,3.661234e+01,3.661234e+01,3.661234e+01,3.661234e+01,3.661234e+01,3.661234e+01,3.661234e+01,3.661234e+01,3.661234e+01,3.661234e+01,3.661234e+01,3.661234e+01,3.661234e+01,3.661234e+01,3.661234e+01,3.661234e+01,3.622702e+01,3.622702e+01,3.622702e+01,3.622702e+01
3.446200e+01,3.446200e+01,3.446200e+01,3.446200e+01,3.446200e+01,3.446200e+01,3.446200e+01,3.446200e+01,3.503495e+01,3.449002e+01,3.476981e+01,3.476981e+01,3.476981e+01,3.476981e+01,3.507676e+01,3.507676e+01,3.507676e+01,3.507676e+01,3.554942e+01,3.554942e+01,3.611667e+01,3.606146e+01,3.597859e+01,3.596477e+01,3.622702e+01,3.646112e+01,3.646112e+01,3.646112e+01,3.646112e+01,3.646112e+01,3.646112e+01,3.646112e+01,3.646112e+01,3.702368e+01,3.720145e+01,3.720145e+01,3.720145e+01,3.720145e+01,3.720145e+01,3.776026e+01,3.776026e+01,3.831625e+01,3.824860e+01,3.838387e+01,3.873480e+01,3.882909e+01,3.925914e+01,3.955385e+01,3.980775e+01,3.986113e+01,4.036697e+01,4.056602e+01,4.081766e+01,4.081766e+01,4.081766e+01,4.081766e+01,4.081766e+01,4.110833e+01,4.110833e+01,4.110833e+01,4.164807e+01,4.110833e+01,4.177932e+01,4.177932e+01,4.177932e+01,4.177932e+01,4.217220e+01,4.217220e+01,4.217220e+01,4.217220e+01,4.217220e+01,4.255069e+01,4.255069e+01,4.255069e+01,4.308371e+01,4.301883e+01,4.273298e+01,4.301883e+01,4.308371e+01,4.308371e+01,4.308371e+01,4.308371e+01,4.308371e+01,4.318742e+01,4.344630e+01,4.351093e+01,4.351093e+01,4.351093e+01,4.351093e+01,4.403955e+01,4.415527e+01,4.429655e+01,4.410386e+01,4.441201e+01,4.455298e+01,4.483441e+01,4.520436e+01,4.543340e+01,4.620629e+01,4.615576e+01,4.659715e+01,4.683607e+01,4.731250e+01,4.756248e+01,4.794894e+01,4.847055e+01,4.890352e+01,4.905161e+01,4.947022e+01,4.993638e+01,5.047393e+01,5.092415e+01,5.155413e+01,5.208469e+01,5.264894e+01,5.307942e+01,5.366298e+01,5.407816e+01,5.463354e+01,5.516303e+01,5.557334e+01,5.604066e+01,5.665725e+01,5.724780e+01,5.773211e+01,5.851245e+01,5.911744e+01,5.945866e+01,5.975367e+01,6.038685e+01,6.079230e+01,6.115167e+01,6.158835e+01,6.173360e+01,6.223516e+01,6.257959e+01,6.319958e+01,6.348647e+01,6.400356e+01,6.449680e+01,6.530409e+01,6.568427e+01,6.613912e+01,6.663558e+01,6.704437e+01,6.776224e+01,6.821038e+01,6.865710e+01,6.966238e+01,6.984153e+01,7.050347e+01,7.109975e+01,7.151673e+01,7.197402e+01,7.268825e+01,7.298739e+01,7.378896e+01,7.396308e+01,7.457599e+01,7.496286e+01,7.543996e+01,7.622841e+01,7.629896e+01,7.666129e+01,7.724322e+01,7.802229e+01,7.811192e+01,7.840039e+01,7.895589e+01,7.924277e+01,7.955871e+01,7.993304e+01,8.054185e+01,8.094314e+01,8.136288e+01,8.152853e+01,8.183984e+01,8.243156e+01,8.248964e+01,8.293423e+01,8.289561e+01,8.311749e+01,8.343529e+01,8.348338e+01,8.359875e+01,8.399231e+01,8.400189e+01,8.399231e+01,8.399231e+01,8.399231e+01,8.399231e+01,8.438489e+01,8.424137e+01,8.439445e+01,8.428922e+01,8.418393e+01,8.407857e+01,8.403065e+01,8.403065e+01,8.403065e+01,8.403065e+01,8.363720e+01,8.368523e+01,8.390601e+01,8.372365e+01,8.368523e+01,8.368523e+01,8.337756e+01,8.337756e+01,8.337756e+01,8.314641e+01,8.301141e+01,8.301141e+01,8.301141e+01,8.301141e+01,8.279905e+01,8.263475e+01,8.263475e+01,8.263475e+01,8.263475e+01,8.240251e+01,8.229595e+01,8.229595e+01,8.229595e+01,8.188842e+01,8.216992e+01,8.199525e+01,8.188842e+01,8.144086e+01,8.183984e+01,8.155773e+01,8.141162e+01,8.120683e+01,8.120683e+01,8.120683e+01,8.116779e+01,8.106039e+01,8.058105e+01,8.088448e+01,8.078666e+01,8.055165e+01,8.028683e+01,8.046342e+01,8.028683e+01,8.017882e+01,8.007072e+01,8.001173e+01,8.001173e+01,8.001173e+01,7.983462e+01,7.958829e+01,7.946004e+01,7.933170e+01,7.926254e+01,7.914391e+01,7.914391e+01,7.914391e+01,7.914391e+01,7.876765e+01,7.876765e+01,7.876765e+01,7.876765e+01,7.832087e+01,7.832087e+01,7.832087e+01,7.832087e+01,7.832087e+01,7.832087e+01,7.804221e+01,7.812188e+01,7.786280e+01,7.790269e+01,7.782291e+01,7.800236e+01,7.758331e+01,7.758331e+01,7.758331e+01,7.758331e+01,7.758331e+01,7.758331e+01,7.758331e+01,7.758331e+01,7.758331e+01,7.758331e+01,7.758331e+01,7.721317e+01,7.721317e+01,7.762326e+01,7.710296e+01,7.751334e+01,7.745336e+01,7.739335e+01,7.739335e+01,7.739335e+01,7.739335e+01,7.739335e+01,7.739335e+01,7.780296e+01,7.782291e+01,7.780296e+01,7.758331e+01,7.758331e+01,7.799239e+01,7.792263e+01,7.786280e+01,7.786280e+01,7.786280e+01,7.827115e+01,7.821146e+01,7.855931e+01,7.857916e+01,7.855931e+01,7.855931e+01,7.855931e+01,7.855931e+01,7.881721e+01,7.895589e+01,7.915380e+01,7.955871e+01,7.944031e+01,7.963759e+01,7.962773e+01,8.003139e+01,8.011987e+01,8.012969e+01,8.012969e+01,8.053205e+01,8.041439e+01,8.050264e+01,8.090403e+01,8.078666e+01,8.099200e+01,8.102132e+01,8.142136e+01,8.128488e+01,8.137263e+01,8.142136e+01,8.182040e+01,8.183984e+01,8.183012e+01,8.193699e+01,8.196613e+01,8.196613e+01,8.236377e+01,8.223779e+01,8.251867e+01,8.241219e+01,8.230564e+01,8.238314e+01,8.247028e+01,8.247028e+01,8.247028e+01,8.289561e+01,8.288596e+01,8.268309e+01,8.247996e+01,8.233471e+01,8.233471e+01,8.233471e+01,8.233471e+01,8.233471e+01,8.203409e+01,8.181068e+01,8.195641e+01,8.167453e+01,8.156747e+01,8.118732e+01,8.132389e+01,8.103108e+01,8.082579e+01,8.054185e+01,8.034572e+01,8.006089e+01,7.968687e+01,7.975584e+01,7.946992e+01,7.922301e+01,7.900539e+01,7.862879e+01,7.844014e+01,7.804221e+01,7.771313e+01,7.742336e+01,7.713302e+01,7.704280e+01,7.609729e+01,7.609729e+01,7.551089e+01,7.499336e+01,7.490184e+01,7.442300e+01,7.393237e+01,7.347091e+01,7.305950e+01,7.241953e+01,7.207775e+01,7.157917e+01,7.111019e+01,7.069204e+01,7.022015e+01,6.978886e+01,6.930341e+01,6.858275e+01,6.796514e+01,6.773017e+01,6.733411e+01,6.654937e+01,6.603096e+01,6.538021e+01,6.483557e+01,6.439829e+01,6.424492e+01,6.354157e+01,6.292315e+01,6.223516e+01,6.182290e+01,6.135340e+01,6.037557e+01,5.990093e+01,5.987828e+01,5.887806e+01,5.835218e+01,5.789315e+01,5.737481e+01,5.734018e+01,5.630860e+01,5.572541e+01,5.501030e+01,5.448017e+01,5.387667e+01,5.331794e+01,5.287632e+01,5.234913e+01,5.174733e+01,5.119107e+01,5.029094e+01,4.955622e+01,4.907627e+01,4.847055e+01,4.794894e+01,4.747505e+01,4.668523e+01,4.642079e+01,4.582681e+01,4.524256e+01,4.484719e+01,4.428371e+01,4.362718e+01,4.310964e+01,4.279800e+01,4.235508e+01,4.213297e+01,4.127974e+01,4.108194e+01,4.110833e+01,4.080443e+01,4.044664e+01,3.984778e+01,3.958060e+01,3.929938e+01,3.864043e+01,3.851897e+01,3.834330e+01,3.808606e+01,3.761061e+01,3.732436e+01,3.705105e+01,3.717413e+01,3.665354e+01,3.662607e+01,3.665354e+01,3.661234e+01,3.661234e+01,3.661234e+01,3.661234e+01,3.661234e+01,3.661234e+01,3.661234e+01,3.661234e+01,3.661234e+01,3.661234e+01,3.661234e+01,3.661234e+01,3.661234e+01,3.661234e+01,3.661234e+01,3.661234e+01,3.661234e+01,3.661234e+01,3.661234e+01,3.604765e+01,3.646112e+01,3.632347e+01,3.625458e+01,3.625458e+01,3.625458e+01,3.625458e+01,3.625458e+01,3.625458e+01,3.625458e+01,3.625458e+01,3.625458e+01,3.625458e+01,3.625458e+01,3.625458e+01,3.625458e+01,3.625458e+01,3.625458e+01,3.625458e+01,3.625458e+01,3.625458e+01,3.625458e+01,3.625458e+01,3.681820e+01,3.694154e+01,3.692784e+01,3.692784e+01,3.692784e+01,3.692784e+01,3.692784e+01,3.748802e+01,3.747440e+01,3.747440e+01,3.747440e+01,3.747440e+01,3.747440e+01,3.747440e+01,3.803182e+01,3.803182e+01,3.803182e+01,3.803182e+01,3.803182e+01,3.803182e+01,3.803182e+01,3.803182e+01,3.803182e+01,3.803182e+01,3.803182e+01,3.803182e+01,3.803182e+01,3.803182e+01,3.803182e+01,3.747440e+01,3.790970e+01,3.774666e+01,3.767866e+01,3.761061e+01,3.761061e+01,3.761061e+01,3.761061e+01,3.761061e+01,3.761061e+01,3.761061e+01,3.761061e+01,3.761061e+01,3.761061e+01,3.761061e+01,3.761061e+01,3.761061e+01,3.761061e+01,3.761061e+01,3.705105e+01,3.711944e+01,3.711944e+01,3.711944e+01,3.711944e+01,3.711944e+01,3.711944e+01,3.711944e+01,3.711944e+01,3.711944e+01,3.711944e+01,3.711944e+01,3.711944e+01,3.711944e+01,3.711944e+01,3.711944e+01,3.711944e+01,3.711944e+01,3.711944e+01,3.711944e+01,3.655737e+01,3.669473e+01,3.659860e+01,3.661234e+01,3.661234e+01,3.661234e+01,3.661234e+01,3.661234e+01,3.661234e+01,3.661234e+01,3.661234e+01,3.661234e+01,3.661234e+01,3.661234e+01,3.661234e+01,3.661234e+01,3.661234e+01,3.661234e+01,3.661234e+01,3.661234e+01,3.661234e+01,3.661234e+01,3.661234e+01,3.661234e+01,3.661234e+01,3.661234e+01,3.661234e+01,3.661234e+01,3.661234e+01,3.661234e+01,3.661234e+01,3.661234e+01,3.661234e+01,3.661234e+01,3.661234e+01,3.661234e+01,3.661234e+01,3.661234e+01,3.661234e+01,3.604765e+01,3.674962e+01,3.674962e+01,3.618565e+01,3.625458e+01,3.632347e+01,3.639232e+01,3.639232e+01,3.639232e+01,3.639232e+01,3.639232e+01,3.639232e+01,3.639232e+01,3.639232e+01,3.639232e+01,3.639232e+01,3.639232e+01,3.639232e+01,3.639232e+01,3.639232e+01
3.446200e+01,3.446200e+01,3.446200e+01,3.446200e+01,3.446200e+01,3.446200e+01,3.446200e+01,3.446200e+01,3.503495e+01,3.472789e+01,3.472789e+01,3.472789e+01,3.529944e+01,3.535504e+01,3.529944e+01,3.529944e+01,3.529944e+01,3.529944e+01,3.529944e+01,3.586800e+01,3.553555e+01,3.568805e+01,3.575729e+01,3.575729e+01,3.575729e+01,3.589566e+01,3.661234e+01,3.661234e+01,3.661234e+01,3.661234e+01,3.661234e+01,3.661234e+01,3.661234e+01,3.702368e+01,3.702368e+01,3.702368e+01,3.702368e+01,3.702368e+01,3.758338e+01,3.773306e+01,3.746076e+01,3.774666e+01,3.790970e+01,3.812671e+01,3.888294e+01,3.901744e+01,3.931279e+01,3.996781e+01,3.990114e+01,4.016756e+01,4.034040e+01,4.034040e+01,4.034040e+01,4.081766e+01,4.081766e+01,4.081766e+01,4.135877e+01,4.130609e+01,4.130609e+01,4.130609e+01,4.130609e+01,4.130609e+01,4.177932e+01,4.177932e+01,4.177932e+01,4.177932e+01,4.177932e+01,4.217220e+01,4.217220e+01,4.217220e+01,4.217220e+01,4.217220e+01,4.255069e+01,4.281101e+01,4.286300e+01,4.273298e+01,4.275899e+01,4.290198e+01,4.290198e+01,4.290198e+01,4.343337e+01,4.336870e+01,4.330399e+01,4.330399e+01,4.330399e+01,4.330399e+01,4.330399e+01,4.383355e+01,4.394947e+01,4.349801e+01,4.376910e+01,4.397522e+01,4.405242e+01,4.424520e+01,4.451455e+01,4.484719e+01,4.508967e+01,4.505142e+01,4.609257e+01,4.633251e+01,4.638297e+01,4.686120e+01,4.709959e+01,4.747505e+01,4.806091e+01,4.847055e+01,4.869342e+01,4.958078e+01,4.978936e+01,5.011990e+01,5.047393e+01,5.092415e+01,5.155413e+01,5.208469e+01,5.264894e+01,5.307942e+01,5.366298e+01,5.407816e+01,5.463354e+01,5.516303e+01,5.557334e+01,5.604066e+01,5.665725e+01,5.724780e+01,5.773211e+01,5.851245e+01,5.904910e+01,5.896931e+01,5.991225e+01,6.038685e+01,6.026271e+01,6.081479e+01,6.149889e+01,6.186753e+01,6.215726e+01,6.267942e+01,6.312224e+01,6.358564e+01,6.400356e+01,6.449680e+01,6.530409e+01,6.568427e+01,6.613912e+01,6.663558e+01,6.748410e+01,6.794380e+01,6.822103e+01,6.867834e+01,6.966238e+01,7.005200e+01,7.051395e+01,7.111019e+01,7.152714e+01,7.198440e+01,7.261595e+01,7.308010e+01,7.361463e+01,7.441280e+01,7.474919e+01,7.538928e+01,7.561216e+01,7.605692e+01,7.675174e+01,7.692243e+01,7.739335e+01,7.785283e+01,7.845007e+01,7.900539e+01,7.905488e+01,7.967702e+01,7.983462e+01,8.048304e+01,8.070836e+01,8.096268e+01,8.119707e+01,8.186899e+01,8.202438e+01,8.226688e+01,8.293423e+01,8.291492e+01,8.340643e+01,8.316568e+01,8.366602e+01,8.361798e+01,8.382925e+01,8.397313e+01,8.397313e+01,8.436576e+01,8.425095e+01,8.420308e+01,8.428922e+01,8.436576e+01,8.436576e+01,8.436576e+01,8.436576e+01,8.436576e+01,8.436576e+01,8.436576e+01,8.436576e+01,8.436576e+01,8.436576e+01,8.403065e+01,8.406898e+01,8.403065e+01,8.403065e+01,8.403065e+01,8.368523e+01,8.346415e+01,8.346415e+01,8.346415e+01,8.346415e+01,8.346415e+01,8.301141e+01,8.340643e+01,8.290527e+01,8.288596e+01,8.288596e+01,8.288596e+01,8.288596e+01,8.263475e+01,8.248964e+01,8.248964e+01,8.209232e+01,8.240251e+01,8.225718e+01,8.221841e+01,8.221841e+01,8.188842e+01,8.177179e+01,8.182040e+01,8.164534e+01,8.177179e+01,8.156747e+01,8.145060e+01,8.140188e+01,8.140188e+01,8.106039e+01,8.124586e+01,8.080623e+01,8.107016e+01,8.085514e+01,8.069857e+01,8.058105e+01,8.058105e+01,8.058105e+01,8.047323e+01,8.029665e+01,8.024757e+01,8.019846e+01,7.991336e+01,7.975584e+01,7.975584e+01,7.975584e+01,7.966716e+01,7.943044e+01,7.938107e+01,7.933170e+01,7.911423e+01,7.892619e+01,7.892619e+01,7.892619e+01,7.892619e+01,7.892619e+01,7.872798e+01,7.860894e+01,7.855931e+01,7.850967e+01,7.840039e+01,7.821146e+01,7.810197e+01,7.795253e+01,7.795253e+01,7.795253e+01,7.795253e+01,7.795253e+01,7.758331e+01,7.758331e+01,7.758331e+01,7.758331e+01,7.758331e+01,7.758331e+01,7.758331e+01,7.758331e+01,7.758331e+01,7.758331e+01,7.758331e+01,7.758331e+01,7.758331e+01,7.758331e+01,7.758331e+01,7.758331e+01,7.758331e+01,7.758331e+01,7.758331e+01,7.758331e+01,7.758331e+01,7.799239e+01,7.797247e+01,7.797247e+01,7.797247e+01,7.797247e+01,7.797247e+01,7.797247e+01,7.838052e+01,7.820151e+01,7.808205e+01,7.816170e+01,7.825125e+01,7.843020e+01,7.853946e+01,7.894599e+01,7.880730e+01,7.875773e+01,7.916369e+01,7.920323e+01,7.955871e+01,7.944031e+01,7.946004e+01,7.953898e+01,7.953898e+01,7.953898e+01,7.994288e+01,8.001173e+01,8.001173e+01,8.041439e+01,8.049284e+01,8.051244e+01,8.091381e+01,8.093336e+01,8.091381e+01,8.090403e+01,8.130438e+01,8.178151e+01,8.136288e+01,8.176206e+01,8.164534e+01,8.173289e+01,8.219901e+01,8.208261e+01,8.202438e+01,8.202438e+01,8.242188e+01,8.244124e+01,8.241219e+01,8.278939e+01,8.275074e+01,8.299212e+01,8.277007e+01,8.265409e+01,8.300177e+01,8.288596e+01,8.290527e+01,8.287630e+01,8.276041e+01,8.304035e+01,8.283768e+01,8.297282e+01,8.285699e+01,8.274108e+01,8.262508e+01,8.256705e+01,8.228626e+01,8.216992e+01,8.205350e+01,8.184955e+01,8.192728e+01,8.161614e+01,8.149931e+01,8.117756e+01,8.094314e+01,8.073773e+01,8.082579e+01,8.037515e+01,8.017882e+01,8.006089e+01,7.979523e+01,7.946992e+01,7.919335e+01,7.897569e+01,7.890638e+01,7.838052e+01,7.840039e+01,7.803225e+01,7.733331e+01,7.724322e+01,7.671155e+01,7.642990e+01,7.571336e+01,7.535886e+01,7.498319e+01,7.448421e+01,7.397332e+01,7.391189e+01,7.336816e+01,7.273987e+01,7.240919e+01,7.192213e+01,7.131882e+01,7.089082e+01,7.040910e+01,6.996785e+01,6.947245e+01,6.874203e+01,6.819972e+01,6.790110e+01,6.749480e+01,6.670020e+01,6.617155e+01,6.595519e+01,6.527145e+01,6.446397e+01,6.406942e+01,6.353056e+01,6.291208e+01,6.267942e+01,6.212386e+01,6.166658e+01,6.116289e+01,6.030787e+01,5.996884e+01,5.943594e+01,5.876392e+01,5.815729e+01,5.784716e+01,5.701653e+01,5.659920e+01,5.602900e+01,5.532732e+01,5.481029e+01,5.422019e+01,5.318681e+01,5.288828e+01,5.237314e+01,5.178352e+01,5.123954e+01,5.035197e+01,4.962989e+01,4.916256e+01,4.856965e+01,4.806091e+01,4.759994e+01,4.689887e+01,4.643340e+01,4.585214e+01,4.535710e+01,4.475772e+01,4.429655e+01,4.365300e+01,4.322629e+01,4.270695e+01,4.256372e+01,4.205447e+01,4.149036e+01,4.149036e+01,4.110833e+01,4.076473e+01,4.023407e+01,4.006107e+01,3.964746e+01,3.915179e+01,3.885602e+01,3.885602e+01,3.834330e+01,3.778744e+01,3.755614e+01,3.743349e+01,3.743349e+01,3.687303e+01,3.666727e+01,3.666727e+01,3.666727e+01,3.666727e+01,3.666727e+01,3.666727e+01,3.666727e+01,3.666727e+01,3.666727e+01,3.666727e+01,3.666727e+01,3.666727e+01,3.666727e+01,3.666727e+01,3.666727e+01,3.666727e+01,3.666727e+01,3.666727e+01,3.666727e+01,3.666727e+01,3.610287e+01,3.607527e+01,3.607527e+01,3.635102e+01,3.635102e+01,3.635102e+01,3.635102e+01,3.635102e+01,3.635102e+01,3.635102e+01,3.635102e+01,3.635102e+01,3.635102e+01,3.635102e+01,3.635102e+01,3.635102e+01,3.635102e+01,3.578498e+01,3.595095e+01,3.600622e+01,3.600622e+01,3.657112e+01,3.651613e+01,3.651613e+01,3.651613e+01,3.651613e+01,3.651613e+01,3.651613e+01,3.692784e+01,3.692784e+01,3.692784e+01,3.692784e+01,3.748802e+01,3.748802e+01,3.748802e+01,3.748802e+01,3.748802e+01,3.748802e+01,3.748802e+01,3.803182e+01,3.803182e+01,3.803182e+01,3.803182e+01,3.803182e+01,3.803182e+01,3.803182e+01,3.803182e+01,3.803182e+01,3.803182e+01,3.803182e+01,3.803182e+01,3.803182e+01,3.803182e+01,3.803182e+01,3.803182e+01,3.803182e+01,3.803182e+01,3.803182e+01,3.761061e+01,3.761061e+01,3.761061e+01,3.761061e+01,3.761061e+01,3.761061e+01,3.761061e+01,3.761061e+01,3.761061e+01,3.761061e+01,3.761061e+01,3.761061e+01,3.761061e+01,3.761061e+01,3.705105e+01,3.709209e+01,3.709209e+01,3.709209e+01,3.709209e+01,3.709209e+01,3.709209e+01,3.709209e+01,3.709209e+01,3.709209e+01,3.709209e+01,3.709209e+01,3.709209e+01,3.709209e+01,3.709209e+01,3.709209e+01,3.709209e+01,3.709209e+01,3.709209e+01,3.709209e+01,3.709209e+01,3.709209e+01,3.709209e+01,3.709209e+01,3.661234e+01,3.661234e+01,3.661234e+01,3.661234e+01,3.661234e+01,3.661234e+01,3.661234e+01,3.661234e+01,3.661234e+01,3.661234e+01,3.661234e+01,3.661234e+01,3.661234e+01,3.661234e+01,3.661234e+01,3.661234e+01,3.661234e+01,3.661234e+01,3.661234e+01,3.661234e+01,3.661234e+01,3.661234e+01,3.661234e+01,3.661234e+01,3.661234e+01,3.661234e+01,3.661234e+01,3.661234e+01,3.661234e+01,3.661234e+01,3.661234e+01,3.661234e+01,3.661234e+01,3.661234e+01,3.661234e+01,3.661234e+01,3.661234e+01,3.661234e+01,3.661234e+01,3.661234e+01,3.661234e+01,3.661234e+01,3.661234e+01,3.661234e+01,3.661234e+01,3.661234e+01,3.661234e+01,3.661234e+01,3.661234e+01,3.661234e+01,3.661234e+01,3.661234e+01,3.661234e+01,3.661234e+01,3.661234e+01,3.661234e+01
3.446200e+01,3.446200e+01,3.446200e+01,3.503495e+01,3.486757e+01,3.481172e+01,3.475584e+01,3.488153e+01,3.499313e+01,3.483965e+01,3.483965e+01,3.483965e+01,3.483965e+01,3.483965e+01,3.483965e+01,3.529944e+01,3.529944e+01,3.529944e+01,3.529944e+01,3.529944e+01,3.586800e+01,3.581266e+01,3.581266e+01,3.581266e+01,3.581266e+01,3.637855e+01,3.657112e+01,3.657112e+01,3.657112e+01,3.657112e+01,3.657112e+01,3.657112e+01,3.713311e+01,3.707841e+01,3.707841e+01,3.707841e+01,3.707841e+01,3.763783e+01,3.759700e+01,3.759700e+01,3.759700e+01,3.815381e+01,3.809961e+01,3.842442e+01,3.886948e+01,3.915179e+01,3.952709e+01,3.975434e+01,3.975434e+01,4.016756e+01,4.016756e+01,4.016756e+01,4.071178e+01,4.080443e+01,4.080443e+01,4.080443e+01,4.080443e+01,4.130609e+01,4.130609e+01,4.130609e+01,4.130609e+01,4.184489e+01,4.126657e+01,4.196283e+01,4.196283e+01,4.196283e+01,4.196283e+01,4.196283e+01,4.196283e+01,4.196283e+01,4.249856e+01,4.258978e+01,4.257675e+01,4.257675e+01,4.257675e+01,4.257675e+01,4.257675e+01,4.290198e+01,4.290198e+01,4.290198e+01,4.343337e+01,4.343337e+01,4.343337e+01,4.343337e+01,4.343337e+01,4.343337e+01,4.343337e+01,4.343337e+01,4.343337e+01,4.396235e+01,4.391084e+01,4.391084e+01,4.391084e+01,4.391084e+01,4.451455e+01,4.474494e+01,4.474494e+01,4.505142e+01,4.589014e+01,4.589014e+01,4.638297e+01,4.666007e+01,4.703690e+01,4.761242e+01,4.804847e+01,4.825970e+01,4.875525e+01,4.938415e+01,4.972805e+01,5.009545e+01,5.064448e+01,5.091201e+01,5.152996e+01,5.204859e+01,5.260102e+01,5.301972e+01,5.359167e+01,5.399523e+01,5.453918e+01,5.505731e+01,5.545625e+01,5.639003e+01,5.683121e+01,5.724780e+01,5.773211e+01,5.851245e+01,5.886665e+01,5.911744e+01,5.991225e+01,6.020625e+01,6.045451e+01,6.127499e+01,6.168892e+01,6.178942e+01,6.271268e+01,6.290101e+01,6.358564e+01,6.377276e+01,6.447492e+01,6.468268e+01,6.532584e+01,6.570597e+01,6.616074e+01,6.709807e+01,6.766602e+01,6.786906e+01,6.832751e+01,6.913417e+01,6.966238e+01,7.008354e+01,7.054539e+01,7.114151e+01,7.155836e+01,7.244022e+01,7.279147e+01,7.354279e+01,7.378896e+01,7.446381e+01,7.480009e+01,7.531830e+01,7.571336e+01,7.610738e+01,7.700269e+01,7.750335e+01,7.767319e+01,7.841033e+01,7.861887e+01,7.885684e+01,7.952911e+01,7.964745e+01,8.003139e+01,8.041439e+01,8.107016e+01,8.156747e+01,8.171344e+01,8.183984e+01,8.249932e+01,8.264442e+01,8.330054e+01,8.330054e+01,8.378126e+01,8.358915e+01,8.403065e+01,8.402106e+01,8.437532e+01,8.425095e+01,8.434663e+01,8.434663e+01,8.434663e+01,8.473833e+01,8.461424e+01,8.488140e+01,8.476696e+01,8.465244e+01,8.461424e+01,8.457603e+01,8.453783e+01,8.453783e+01,8.453783e+01,8.453783e+01,8.453783e+01,8.453783e+01,8.446137e+01,8.430836e+01,8.427009e+01,8.412646e+01,8.384844e+01,8.409773e+01,8.398272e+01,8.386763e+01,8.375246e+01,8.360837e+01,8.348338e+01,8.344491e+01,8.348338e+01,8.334868e+01,8.283768e+01,8.323313e+01,8.311749e+01,8.297282e+01,8.270242e+01,8.255737e+01,8.282803e+01,8.279905e+01,8.252835e+01,8.245092e+01,8.230564e+01,8.213113e+01,8.197584e+01,8.193699e+01,8.193699e+01,8.193699e+01,8.193699e+01,8.184955e+01,8.167453e+01,8.152853e+01,8.134339e+01,8.159667e+01,8.134339e+01,8.128488e+01,8.117756e+01,8.089426e+01,8.089426e+01,8.089426e+01,8.058105e+01,8.058105e+01,8.058105e+01,8.024757e+01,8.048304e+01,8.030647e+01,8.002157e+01,7.998222e+01,7.994288e+01,7.974599e+01,7.958829e+01,7.958829e+01,7.958829e+01,7.951925e+01,7.920323e+01,7.916369e+01,7.912413e+01,7.912413e+01,7.912413e+01,7.872798e+01,7.872798e+01,7.872798e+01,7.872798e+01,7.840039e+01,7.840039e+01,7.840039e+01,7.840039e+01,7.840039e+01,7.795253e+01,7.795253e+01,7.795253e+01,7.795253e+01,7.795253e+01,7.795253e+01,7.795253e+01,7.795253e+01,7.795253e+01,7.795253e+01,7.795253e+01,7.795253e+01,7.758331e+01,7.799239e+01,7.786280e+01,7.782291e+01,7.778300e+01,7.778300e+01,7.778300e+01,7.778300e+01,7.778300e+01,7.778300e+01,7.778300e+01,7.778300e+01,7.778300e+01,7.819155e+01,7.815174e+01,7.815174e+01,7.815174e+01,7.815174e+01,7.815174e+01,7.815174e+01,7.855931e+01,7.831093e+01,7.827115e+01,7.867840e+01,7.895589e+01,7.897569e+01,7.854939e+01,7.866847e+01,7.889647e+01,7.900539e+01,7.927242e+01,7.940083e+01,7.940083e+01,7.980508e+01,7.968687e+01,7.968687e+01,8.009039e+01,8.006089e+01,8.046342e+01,8.008055e+01,8.025739e+01,8.049284e+01,8.073773e+01,8.090403e+01,8.130438e+01,8.156747e+01,8.116779e+01,8.146034e+01,8.184955e+01,8.175234e+01,8.213113e+01,8.189813e+01,8.199525e+01,8.218932e+01,8.218932e+01,8.218932e+01,8.258640e+01,8.256705e+01,8.256705e+01,8.296317e+01,8.294388e+01,8.301141e+01,8.299212e+01,8.324276e+01,8.312713e+01,8.310785e+01,8.310785e+01,8.310785e+01,8.310785e+01,8.310785e+01,8.310785e+01,8.310785e+01,8.310785e+01,8.310785e+01,8.310785e+01,8.310785e+01,8.296317e+01,8.267342e+01,8.244124e+01,8.226688e+01,8.216992e+01,8.205350e+01,8.183012e+01,8.156747e+01,8.171344e+01,8.140188e+01,8.118732e+01,8.090403e+01,8.061044e+01,8.037515e+01,8.014935e+01,8.011987e+01,7.974599e+01,7.948965e+01,7.938107e+01,7.902519e+01,7.865855e+01,7.850967e+01,7.809201e+01,7.796250e+01,7.717310e+01,7.719314e+01,7.674169e+01,7.643997e+01,7.554128e+01,7.511530e+01,7.498319e+01,7.453521e+01,7.416766e+01,7.321391e+01,7.324478e+01,7.273987e+01,7.225392e+01,7.165199e+01,7.122498e+01,7.074438e+01,7.030416e+01,6.980993e+01,6.908125e+01,6.863586e+01,6.815710e+01,6.775155e+01,6.695841e+01,6.662481e+01,6.608505e+01,6.580354e+01,6.484648e+01,6.429971e+01,6.376176e+01,6.324376e+01,6.294529e+01,6.239082e+01,6.147652e+01,6.111802e+01,6.040941e+01,5.988961e+01,5.939049e+01,5.918576e+01,5.852389e+01,5.767455e+01,5.745558e+01,5.640166e+01,5.600567e+01,5.530386e+01,5.478674e+01,5.419653e+01,5.329410e+01,5.280457e+01,5.234913e+01,5.175939e+01,5.121531e+01,5.032756e+01,5.010767e+01,4.895290e+01,4.854489e+01,4.803603e+01,4.706199e+01,4.668523e+01,4.639558e+01,4.581414e+01,4.531893e+01,4.471936e+01,4.425804e+01,4.361427e+01,4.318742e+01,4.292796e+01,4.248552e+01,4.201521e+01,4.171371e+01,4.102913e+01,4.088379e+01,4.055276e+01,4.045991e+01,4.012764e+01,3.950032e+01,3.927256e+01,3.909807e+01,3.878869e+01,3.830272e+01,3.801826e+01,3.755614e+01,3.755614e+01,3.699631e+01,3.688674e+01,3.688674e+01,3.688674e+01,3.688674e+01,3.688674e+01,3.688674e+01,3.688674e+01,3.688674e+01,3.688674e+01,3.632347e+01,3.637855e+01,3.643361e+01,3.643361e+01,3.643361e+01,3.643361e+01,3.643361e+01,3.643361e+01,3.643361e+01,3.643361e+01,3.643361e+01,3.643361e+01,3.643361e+01,3.643361e+01,3.643361e+01,3.643361e+01,3.643361e+01,3.643361e+01,3.643361e+01,3.643361e+01,3.643361e+01,3.643361e+01,3.643361e+01,3.643361e+01,3.643361e+01,3.643361e+01,3.643361e+01,3.586800e+01,3.586800e+01,3.637855e+01,3.621323e+01,3.621323e+01,3.621323e+01,3.621323e+01,3.621323e+01,3.651613e+01,3.651613e+01,3.651613e+01,3.651613e+01,3.651613e+01,3.692784e+01,3.692784e+01,3.692784e+01,3.692784e+01,3.748802e+01,3.748802e+01,3.748802e+01,3.748802e+01,3.748802e+01,3.748802e+01,3.748802e+01,3.803182e+01,3.803182e+01,3.803182e+01,3.803182e+01,3.803182e+01,3.803182e+01,3.803182e+01,3.803182e+01,3.803182e+01,3.803182e+01,3.803182e+01,3.803182e+01,3.803182e+01,3.803182e+01,3.803182e+01,3.803182e+01,3.747440e+01,3.763783e+01,3.754252e+01,3.758338e+01,3.758338e+01,3.758338e+01,3.758338e+01,3.758338e+01,3.758338e+01,3.758338e+01,3.758338e+01,3.758338e+01,3.758338e+01,3.758338e+01,3.758338e+01,3.758338e+01,3.758338e+01,3.758338e+01,3.758338e+01,3.709209e+01,3.709209e+01,3.709209e+01,3.709209e+01,3.709209e+01,3.709209e+01,3.709209e+01,3.709209e+01,3.709209e+01,3.709209e+01,3.709209e+01,3.709209e+01,3.709209e+01,3.709209e+01,3.709209e+01,3.709209e+01,3.709209e+01,3.709209e+01,3.709209e+01,3.709209e+01,3.709209e+01,3.709209e+01,3.709209e+01,3.661234e+01,3.661234e+01,3.661234e+01,3.661234e+01,3.661234e+01,3.661234e+01,3.661234e+01,3.661234e+01,3.661234e+01,3.661234e+01,3.661234e+01,3.661234e+01,3.661234e+01,3.661234e+01,3.661234e+01,3.661234e+01,3.661234e+01,3.661234e+01,3.661234e+01,3.661234e+01,3.661234e+01,3.661234e+01,3.661234e+01,3.661234e+01,3.661234e+01,3.661234e+01,3.661234e+01,3.661234e+01,3.661234e+01,3.661234e+01,3.661234e+01,3.661234e+01,3.661234e+01,3.661234e+01,3.661234e+01,3.661234e+01,3.661234e+01,3.661234e+01,3.661234e+01,3.661234e+01,3.661234e+01,3.661234e+01,3.661234e+01,3.661234e+01,3.661234e+01,3.661234e+01,3.661234e+01,3.661234e+01,3.661234e+01,3.661234e+01,3.661234e+01,3.661234e+01,3.661234e+01,3.661234e+01,3.661234e+01
3.446200e+01,3.446200e+01,3.446200e+01,3.446200e+01,3.446200e+01,3.446200e+01,3.446200e+01,3.446200e+01,3.446200e+01,3.446200e+01,3.483965e+01,3.483965e+01,3.483965e+01,3.483965e+01,3.541061e+01,3.536894e+01,3.536894e+01,3.536894e+01,3.536894e+01,3.536894e+01,3.586800e+01,3.586800e+01,3.586800e+01,3.586800e+01,3.586800e+01,3.637855e+01,3.637855e+01,3.637855e+01,3.637855e+01,3.637855e+01,3.694154e+01,3.651613e+01,3.684562e+01,3.690044e+01,3.690044e+01,3.690044e+01,3.746076e+01,3.762422e+01,3.762422e+01,3.762422e+01,3.762422e+01,3.815381e+01,3.826213e+01,3.864043e+01,3.874828e+01,3.908464e+01,3.933960e+01,3.975434e+01,3.991448e+01,4.004775e+01,4.004775e+01,4.059254e+01,4.069854e+01,4.069854e+01,4.069854e+01,4.069854e+01,4.069854e+01,4.076473e+01,4.092345e+01,4.097630e+01,4.171371e+01,4.168746e+01,4.116110e+01,4.163493e+01,4.168746e+01,4.173996e+01,4.227673e+01,4.222448e+01,4.222448e+01,4.222448e+01,4.222448e+01,4.222448e+01,4.222448e+01,4.257675e+01,4.257675e+01,4.257675e+01,4.257675e+01,4.257675e+01,4.290198e+01,4.320038e+01,4.288898e+01,4.304479e+01,4.309667e+01,4.314854e+01,4.320038e+01,4.320038e+01,4.320038e+01,4.373041e+01,4.331693e+01,4.362718e+01,4.367881e+01,4.367881e+01,4.420667e+01,4.430939e+01,4.450174e+01,4.450174e+01,4.502591e+01,4.526802e+01,4.567467e+01,4.596609e+01,4.626942e+01,4.659715e+01,4.717478e+01,4.764986e+01,4.783687e+01,4.833416e+01,4.879233e+01,4.927340e+01,4.966671e+01,5.022988e+01,5.053487e+01,5.099701e+01,5.156621e+01,5.208469e+01,5.263697e+01,5.305554e+01,5.362733e+01,5.403078e+01,5.457458e+01,5.509256e+01,5.549139e+01,5.642492e+01,5.686598e+01,5.728245e+01,5.823757e+01,5.856964e+01,5.891229e+01,5.976500e+01,5.996884e+01,6.025142e+01,6.064603e+01,6.131980e+01,6.149889e+01,6.185637e+01,6.252410e+01,6.296742e+01,6.339826e+01,6.383874e+01,6.428876e+01,6.474822e+01,6.536934e+01,6.574934e+01,6.620398e+01,6.714101e+01,6.748410e+01,6.793313e+01,6.880569e+01,6.931399e+01,6.971510e+01,7.013610e+01,7.102666e+01,7.131882e+01,7.162079e+01,7.250227e+01,7.327563e+01,7.359411e+01,7.396308e+01,7.453521e+01,7.528786e+01,7.549063e+01,7.579427e+01,7.660096e+01,7.717310e+01,7.733331e+01,7.773310e+01,7.832087e+01,7.897569e+01,7.912413e+01,7.951925e+01,8.026720e+01,8.043401e+01,8.060064e+01,8.115804e+01,8.180096e+01,8.176206e+01,8.207291e+01,8.248964e+01,8.286665e+01,8.329092e+01,8.352185e+01,8.377165e+01,8.381965e+01,8.402106e+01,8.464288e+01,8.461424e+01,8.445181e+01,8.441357e+01,8.480511e+01,8.480511e+01,8.516715e+01,8.508148e+01,8.505292e+01,8.505292e+01,8.504339e+01,8.489094e+01,8.481465e+01,8.473833e+01,8.470016e+01,8.470016e+01,8.470016e+01,8.470016e+01,8.470016e+01,8.446137e+01,8.446137e+01,8.446137e+01,8.446137e+01,8.424137e+01,8.421265e+01,8.421265e+01,8.421265e+01,8.414562e+01,8.388682e+01,8.372365e+01,8.364680e+01,8.360837e+01,8.362759e+01,8.336794e+01,8.334868e+01,8.334868e+01,8.297282e+01,8.318496e+01,8.307893e+01,8.305000e+01,8.296317e+01,8.278939e+01,8.267342e+01,8.248964e+01,8.248964e+01,8.248964e+01,8.233471e+01,8.221841e+01,8.217962e+01,8.214082e+01,8.201467e+01,8.201467e+01,8.152853e+01,8.185927e+01,8.180096e+01,8.125562e+01,8.125562e+01,8.125562e+01,8.125562e+01,8.089426e+01,8.116779e+01,8.095291e+01,8.083558e+01,8.068878e+01,8.063982e+01,8.061044e+01,8.031628e+01,8.053205e+01,8.037515e+01,8.021810e+01,7.998222e+01,7.978539e+01,7.978539e+01,7.978539e+01,7.951925e+01,7.930206e+01,7.930206e+01,7.930206e+01,7.930206e+01,7.889647e+01,7.914391e+01,7.861887e+01,7.861887e+01,7.902519e+01,7.887666e+01,7.874782e+01,7.861887e+01,7.857916e+01,7.834075e+01,7.851960e+01,7.839045e+01,7.826120e+01,7.822141e+01,7.818160e+01,7.814179e+01,7.814179e+01,7.814179e+01,7.814179e+01,7.814179e+01,7.773310e+01,7.765323e+01,7.811192e+01,7.809201e+01,7.809201e+01,7.809201e+01,7.809201e+01,7.809201e+01,7.809201e+01,7.809201e+01,7.809201e+01,7.809201e+01,7.809201e+01,7.809201e+01,7.819155e+01,7.857916e+01,7.841033e+01,7.837057e+01,7.833081e+01,7.833081e+01,7.833081e+01,7.873790e+01,7.871807e+01,7.856924e+01,7.860894e+01,7.872798e+01,7.885684e+01,7.904498e+01,7.919335e+01,7.923289e+01,7.920323e+01,7.967702e+01,7.964745e+01,7.951925e+01,7.974599e+01,8.019846e+01,7.995272e+01,8.003139e+01,8.009039e+01,8.028683e+01,8.073773e+01,8.053205e+01,8.097246e+01,8.107993e+01,8.105062e+01,8.112875e+01,8.134339e+01,8.147983e+01,8.145060e+01,8.162588e+01,8.167453e+01,8.189813e+01,8.224749e+01,8.211172e+01,8.247028e+01,8.234440e+01,8.274108e+01,8.274108e+01,8.274108e+01,8.313677e+01,8.313677e+01,8.313677e+01,8.313677e+01,8.313677e+01,8.313677e+01,8.353147e+01,8.337756e+01,8.331980e+01,8.328129e+01,8.328129e+01,8.367562e+01,8.355070e+01,8.342567e+01,8.369483e+01,8.357954e+01,8.346415e+01,8.334868e+01,8.331017e+01,8.310785e+01,8.316568e+01,8.292457e+01,8.263475e+01,8.242188e+01,8.264442e+01,8.234440e+01,8.207291e+01,8.195641e+01,8.166479e+01,8.147009e+01,8.120683e+01,8.093336e+01,8.102132e+01,8.078666e+01,8.046342e+01,8.004123e+01,7.988383e+01,7.947978e+01,7.944031e+01,7.913402e+01,7.868832e+01,7.845007e+01,7.802229e+01,7.782291e+01,7.752335e+01,7.702275e+01,7.665124e+01,7.615781e+01,7.537914e+01,7.509498e+01,7.498319e+01,7.419833e+01,7.367618e+01,7.336816e+01,7.321391e+01,7.256429e+01,7.196365e+01,7.153754e+01,7.105799e+01,7.061874e+01,6.969402e+01,6.945133e+01,6.883752e+01,6.830622e+01,6.784771e+01,6.715175e+01,6.663558e+01,6.619317e+01,6.572765e+01,6.523881e+01,6.451868e+01,6.392667e+01,6.350851e+01,6.313329e+01,6.252410e+01,6.171126e+01,6.127499e+01,6.097211e+01,6.027400e+01,5.983298e+01,5.928816e+01,5.858108e+01,5.793913e+01,5.707438e+01,5.668045e+01,5.627368e+01,5.556164e+01,5.455098e+01,5.414919e+01,5.373425e+01,5.305554e+01,5.257705e+01,5.195227e+01,5.137273e+01,5.020545e+01,4.960534e+01,4.895290e+01,4.850772e+01,4.799871e+01,4.717478e+01,4.674810e+01,4.624417e+01,4.577612e+01,4.528075e+01,4.468099e+01,4.421951e+01,4.357553e+01,4.342044e+01,4.286300e+01,4.244640e+01,4.213297e+01,4.160866e+01,4.126657e+01,4.096309e+01,4.076473e+01,3.996781e+01,3.976770e+01,3.952709e+01,3.897711e+01,3.886948e+01,3.855947e+01,3.842442e+01,3.790970e+01,3.780103e+01,3.748802e+01,3.724244e+01,3.688674e+01,3.688674e+01,3.688674e+01,3.688674e+01,3.688674e+01,3.688674e+01,3.688674e+01,3.688674e+01,3.688674e+01,3.632347e+01,3.688674e+01,3.672218e+01,3.666727e+01,3.666727e+01,3.666727e+01,3.666727e+01,3.666727e+01,3.666727e+01,3.666727e+01,3.666727e+01,3.666727e+01,3.610287e+01,3.615807e+01,3.615807e+01,3.615807e+01,3.615807e+01,3.615807e+01,3.615807e+01,3.615807e+01,3.615807e+01,3.615807e+01,3.615807e+01,3.615807e+01,3.615807e+01,3.615807e+01,3.615807e+01,3.615807e+01,3.615807e+01,3.615807e+01,3.615807e+01,3.615807e+01,3.615807e+01,3.615807e+01,3.672218e+01,3.668100e+01,3.668100e+01,3.668100e+01,3.668100e+01,3.668100e+01,3.668100e+01,3.724244e+01,3.718779e+01,3.750165e+01,3.750165e+01,3.750165e+01,3.750165e+01,3.750165e+01,3.750165e+01,3.750165e+01,3.805894e+01,3.805894e+01,3.805894e+01,3.805894e+01,3.805894e+01,3.805894e+01,3.805894e+01,3.805894e+01,3.805894e+01,3.805894e+01,3.805894e+01,3.805894e+01,3.805894e+01,3.805894e+01,3.805894e+01,3.805894e+01,3.805894e+01,3.805894e+01,3.805894e+01,3.754252e+01,3.809961e+01,3.793685e+01,3.788254e+01,3.782821e+01,3.782821e+01,3.782821e+01,3.782821e+01,3.782821e+01,3.782821e+01,3.782821e+01,3.726975e+01,3.732436e+01,3.732436e+01,3.732436e+01,3.732436e+01,3.732436e+01,3.732436e+01,3.732436e+01,3.732436e+01,3.732436e+01,3.732436e+01,3.732436e+01,3.732436e+01,3.732436e+01,3.732436e+01,3.732436e+01,3.732436e+01,3.732436e+01,3.732436e+01,3.732436e+01,3.676334e+01,3.681820e+01,3.681820e+01,3.681820e+01,3.681820e+01,3.681820e+01,3.681820e+01,3.681820e+01,3.681820e+01,3.681820e+01,3.681820e+01,3.681820e+01,3.681820e+01,3.681820e+01,3.681820e+01,3.681820e+01,3.681820e+01,3.681820e+01,3.681820e+01,3.681820e+01,3.681820e+01,3.681820e+01,3.681820e+01,3.681820e+01,3.681820e+01,3.681820e+01,3.681820e+01,3.681820e+01,3.681820e+01,3.681820e+01,3.681820e+01,3.681820e+01,3.681820e+01,3.681820e+01,3.681820e+01,3.681820e+01,3.681820e+01,3.681820e+01,3.625458e+01,3.630970e+01,3.636478e+01,3.636478e+01,3.636478e+01,3.636478e+01,3.636478e+01,3.636478e+01,3.636478e+01,3.636478e+01,3.636478e+01,3.636478e+01,3.636478e+01,3.636478e+01,3.636478e+01,3.636478e+01,3.636478e+01,3.636478e+01,3.636478e+01,3.636478e+01,3.636478e+01,3.636478e+01,3.636478e+01,3.636478e+01,3.636478e+01,3.636478e+01
3.503495e+01,3.486757e+01,3.481172e+01,3.475584e+01,3.469993e+01,3.469993e+01,3.469993e+01,3.469993e+01,3.469993e+01,3.469993e+01,3.469993e+01,3.469993e+01,3.469993e+01,3.527163e+01,3.538283e+01,3.538283e+01,3.538283e+01,3.538283e+01,3.538283e+01,3.595095e+01,3.595095e+01,3.595095e+01,3.595095e+01,3.595095e+01,3.595095e+01,3.637855e+01,3.637855e+01,3.637855e+01,3.637855e+01,3.694154e+01,3.691414e+01,3.659860e+01,3.670845e+01,3.670845e+01,3.726975e+01,3.681820e+01,3.713311e+01,3.735165e+01,3.735165e+01,3.790970e+01,3.800470e+01,3.812671e+01,3.841090e+01,3.850547e+01,3.878869e+01,3.895021e+01,3.937980e+01,3.962072e+01,3.962072e+01,4.004775e+01,4.035369e+01,4.002111e+01,4.028725e+01,4.088379e+01,4.088379e+01,4.088379e+01,4.088379e+01,4.088379e+01,4.142458e+01,4.142458e+01,4.117429e+01,4.171371e+01,4.162180e+01,4.162180e+01,4.162180e+01,4.162180e+01,4.227673e+01,4.227673e+01,4.227673e+01,4.227673e+01,4.227673e+01,4.227673e+01,4.227673e+01,4.227673e+01,4.257675e+01,4.257675e+01,4.257675e+01,4.257675e+01,4.257675e+01,4.320038e+01,4.301883e+01,4.301883e+01,4.301883e+01,4.301883e+01,4.354969e+01,4.348509e+01,4.304479e+01,4.321333e+01,4.329104e+01,4.347216e+01,4.347216e+01,4.347216e+01,4.347216e+01,4.430939e+01,4.430939e+01,4.483441e+01,4.498763e+01,4.539525e+01,4.572541e+01,4.601670e+01,4.631990e+01,4.681095e+01,4.721236e+01,4.742506e+01,4.789914e+01,4.786179e+01,4.852011e+01,4.939645e+01,4.987514e+01,5.011990e+01,5.063231e+01,5.102128e+01,5.159038e+01,5.210876e+01,5.216889e+01,5.278064e+01,5.337749e+01,5.380548e+01,5.436206e+01,5.489268e+01,5.578384e+01,5.613392e+01,5.659920e+01,5.751324e+01,5.813434e+01,5.851245e+01,5.904910e+01,5.956086e+01,5.991225e+01,6.038685e+01,6.066854e+01,6.111802e+01,6.190099e+01,6.206818e+01,6.254630e+01,6.298954e+01,6.342032e+01,6.386073e+01,6.431068e+01,6.477007e+01,6.539108e+01,6.577103e+01,6.622559e+01,6.704437e+01,6.756974e+01,6.795448e+01,6.882691e+01,6.933512e+01,6.973618e+01,7.015712e+01,7.093262e+01,7.126669e+01,7.217104e+01,7.266759e+01,7.318304e+01,7.368644e+01,7.440260e+01,7.469827e+01,7.510514e+01,7.586503e+01,7.642990e+01,7.676178e+01,7.699266e+01,7.779298e+01,7.795253e+01,7.887666e+01,7.896580e+01,7.935145e+01,8.008055e+01,8.025739e+01,8.065941e+01,8.071815e+01,8.118732e+01,8.162588e+01,8.216992e+01,8.272176e+01,8.287630e+01,8.303071e+01,8.359875e+01,8.403065e+01,8.400189e+01,8.407857e+01,8.424137e+01,8.461424e+01,8.461424e+01,8.500529e+01,8.495765e+01,8.494812e+01,8.517667e+01,8.516715e+01,8.516715e+01,8.516715e+01,8.516715e+01,8.516715e+01,8.516715e+01,8.516715e+01,8.516715e+01,8.516715e+01,8.516715e+01,8.516715e+01,8.509100e+01,8.497671e+01,8.483372e+01,8.471925e+01,8.467152e+01,8.461424e+01,8.449004e+01,8.441357e+01,8.436576e+01,8.436576e+01,8.414562e+01,8.398272e+01,8.398272e+01,8.398272e+01,8.398272e+01,8.362759e+01,8.346415e+01,8.385803e+01,8.356992e+01,8.341605e+01,8.299212e+01,8.338718e+01,8.331017e+01,8.317532e+01,8.295352e+01,8.295352e+01,8.295352e+01,8.248964e+01,8.288596e+01,8.261541e+01,8.245092e+01,8.236377e+01,8.236377e+01,8.236377e+01,8.201467e+01,8.224749e+01,8.183984e+01,8.196613e+01,8.199525e+01,8.147983e+01,8.143111e+01,8.120683e+01,8.116779e+01,8.114827e+01,8.105062e+01,8.105062e+01,8.105062e+01,8.063982e+01,8.085514e+01,8.063982e+01,8.060064e+01,8.060064e+01,8.021810e+01,8.008055e+01,8.008055e+01,8.008055e+01,8.008055e+01,7.992320e+01,7.969672e+01,7.956857e+01,7.951925e+01,7.936133e+01,7.923289e+01,7.915380e+01,7.921312e+01,7.920323e+01,7.919335e+01,7.887666e+01,7.887666e+01,7.887666e+01,7.887666e+01,7.874782e+01,7.861887e+01,7.861887e+01,7.861887e+01,7.861887e+01,7.861887e+01,7.814179e+01,7.814179e+01,7.814179e+01,7.814179e+01,7.814179e+01,7.814179e+01,7.814179e+01,7.814179e+01,7.814179e+01,7.814179e+01,7.814179e+01,7.814179e+01,7.814179e+01,7.814179e+01,7.814179e+01,7.814179e+01,7.854939e+01,7.842027e+01,7.829104e+01,7.851960e+01,7.856924e+01,7.856924e+01,7.856924e+01,7.856924e+01,7.856924e+01,7.856924e+01,7.856924e+01,7.897569e+01,7.877756e+01,7.913402e+01,7.900539e+01,7.896580e+01,7.896580e+01,7.896580e+01,7.923289e+01,7.943044e+01,7.964745e+01,7.964745e+01,8.005106e+01,7.981493e+01,7.992320e+01,7.993304e+01,8.033591e+01,8.069857e+01,8.068878e+01,8.071815e+01,8.102132e+01,8.101154e+01,8.141162e+01,8.125562e+01,8.133364e+01,8.133364e+01,8.173289e+01,8.166479e+01,8.202438e+01,8.207291e+01,8.222810e+01,8.223779e+01,8.233471e+01,8.244124e+01,8.256705e+01,8.271209e+01,8.310785e+01,8.309821e+01,8.312713e+01,8.312713e+01,8.312713e+01,8.352185e+01,8.339680e+01,8.345453e+01,8.352185e+01,8.352185e+01,8.371404e+01,8.394437e+01,8.393478e+01,8.392519e+01,8.377165e+01,8.372365e+01,8.371404e+01,8.371404e+01,8.371404e+01,8.371404e+01,8.331017e+01,8.320422e+01,8.345453e+01,8.323313e+01,8.296317e+01,8.321386e+01,8.276041e+01,8.242188e+01,8.224749e+01,8.239282e+01,8.209232e+01,8.178151e+01,8.153826e+01,8.125562e+01,8.113851e+01,8.072794e+01,8.043401e+01,8.022793e+01,8.024757e+01,7.989368e+01,7.973614e+01,7.936133e+01,7.899550e+01,7.868832e+01,7.844014e+01,7.812188e+01,7.775306e+01,7.723320e+01,7.684212e+01,7.631911e+01,7.603674e+01,7.532844e+01,7.505434e+01,7.465752e+01,7.408587e+01,7.375821e+01,7.329620e+01,7.304920e+01,7.228498e+01,7.183907e+01,7.133966e+01,7.045105e+01,7.022015e+01,6.979940e+01,6.901771e+01,6.890114e+01,6.827428e+01,6.740912e+01,6.686164e+01,6.638757e+01,6.591188e+01,6.541282e+01,6.468268e+01,6.408040e+01,6.365171e+01,6.326584e+01,6.264616e+01,6.182290e+01,6.149889e+01,6.099457e+01,6.028529e+01,5.983298e+01,5.927679e+01,5.856964e+01,5.839799e+01,5.735173e+01,5.692390e+01,5.648304e+01,5.577216e+01,5.524520e+01,5.417286e+01,5.376987e+01,5.310329e+01,5.214484e+01,5.175939e+01,5.133643e+01,5.070533e+01,4.989964e+01,4.921183e+01,4.873052e+01,4.822245e+01,4.740005e+01,4.697418e+01,4.595344e+01,4.556044e+01,4.526802e+01,4.466819e+01,4.420667e+01,4.382066e+01,4.338164e+01,4.299288e+01,4.252463e+01,4.197593e+01,4.173996e+01,4.134560e+01,4.117429e+01,4.068529e+01,4.022078e+01,3.976770e+01,3.978105e+01,3.948694e+01,3.921890e+01,3.849196e+01,3.812671e+01,3.795042e+01,3.766505e+01,3.762422e+01,3.720145e+01,3.702368e+01,3.702368e+01,3.702368e+01,3.702368e+01,3.702368e+01,3.646112e+01,3.650238e+01,3.654363e+01,3.646112e+01,3.648863e+01,3.662607e+01,3.662607e+01,3.662607e+01,3.662607e+01,3.662607e+01,3.662607e+01,3.662607e+01,3.662607e+01,3.662607e+01,3.662607e+01,3.662607e+01,3.662607e+01,3.615807e+01,3.615807e+01,3.615807e+01,3.615807e+01,3.615807e+01,3.615807e+01,3.615807e+01,3.615807e+01,3.615807e+01,3.615807e+01,3.615807e+01,3.615807e+01,3.615807e+01,3.615807e+01,3.615807e+01,3.615807e+01,3.615807e+01,3.615807e+01,3.615807e+01,3.615807e+01,3.672218e+01,3.670845e+01,3.670845e+01,3.670845e+01,3.670845e+01,3.670845e+01,3.670845e+01,3.670845e+01,3.724244e+01,3.680449e+01,3.699631e+01,3.771946e+01,3.771946e+01,3.771946e+01,3.771946e+01,3.771946e+01,3.771946e+01,3.771946e+01,3.805894e+01,3.805894e+01,3.805894e+01,3.805894e+01,3.805894e+01,3.805894e+01,3.805894e+01,3.805894e+01,3.805894e+01,3.805894e+01,3.805894e+01,3.805894e+01,3.805894e+01,3.805894e+01,3.805894e+01,3.805894e+01,3.805894e+01,3.805894e+01,3.805894e+01,3.805894e+01,3.805894e+01,3.750165e+01,3.754252e+01,3.758338e+01,3.758338e+01,3.758338e+01,3.758338e+01,3.758338e+01,3.758338e+01,3.758338e+01,3.758338e+01,3.758338e+01,3.758338e+01,3.758338e+01,3.758338e+01,3.758338e+01,3.758338e+01,3.758338e+01,3.758338e+01,3.702368e+01,3.706473e+01,3.706473e+01,3.706473e+01,3.706473e+01,3.706473e+01,3.706473e+01,3.706473e+01,3.706473e+01,3.706473e+01,3.706473e+01,3.706473e+01,3.706473e+01,3.706473e+01,3.706473e+01,3.706473e+01,3.706473e+01,3.706473e+01,3.706473e+01,3.706473e+01,3.706473e+01,3.706473e+01,3.706473e+01,3.650238e+01,3.710577e+01,3.648863e+01,3.655737e+01,3.655737e+01,3.655737e+01,3.711944e+01,3.648863e+01,3.657112e+01,3.657112e+01,3.657112e+01,3.657112e+01,3.657112e+01,3.657112e+01,3.657112e+01,3.657112e+01,3.657112e+01,3.657112e+01,3.657112e+01,3.657112e+01,3.657112e+01,3.657112e+01,3.657112e+01,3.657112e+01,3.657112e+01,3.657112e+01,3.657112e+01,3.657112e+01,3.657112e+01,3.657112e+01,3.657112e+01,3.657112e+01,3.657112e+01,3.657112e+01,3.657112e+01,3.657112e+01,3.657112e+01,3.657112e+01,3.657112e+01,3.657112e+01,3.657112e+01,3.657112e+01,3.657112e+01,3.657112e+01,3.657112e+01,3.657112e+01,3.657112e+01,3.657112e+01,3.657112e+01,3.657112e+01,3.657112e+01
3.444798e+01,3.520207e+01,3.506282e+01,3.475584e+01,3.475584e+01,3.475584e+01,3.475584e+01,3.475584e+01,3.475584e+01,3.475584e+01,3.475584e+01,3.475584e+01,3.532724e+01,3.529944e+01,3.529944e+01,3.529944e+01,3.529944e+01,3.586800e+01,3.585417e+01,3.592331e+01,3.592331e+01,3.592331e+01,3.592331e+01,3.592331e+01,3.592331e+01,3.637855e+01,3.637855e+01,3.637855e+01,3.637855e+01,3.694154e+01,3.673590e+01,3.673590e+01,3.673590e+01,3.673590e+01,3.673590e+01,3.729706e+01,3.724244e+01,3.724244e+01,3.780103e+01,3.788254e+01,3.788254e+01,3.788254e+01,3.841090e+01,3.868088e+01,3.920548e+01,3.931279e+01,3.936640e+01,3.936640e+01,3.991448e+01,4.011433e+01,4.027396e+01,4.014095e+01,4.057928e+01,4.030054e+01,4.102913e+01,4.102913e+01,4.102913e+01,4.102913e+01,4.102913e+01,4.142458e+01,4.146405e+01,4.167433e+01,4.167433e+01,4.167433e+01,4.167433e+01,4.167433e+01,4.173996e+01,4.193663e+01,4.201521e+01,4.201521e+01,4.201521e+01,4.255069e+01,4.247248e+01,4.264187e+01,4.262885e+01,4.262885e+01,4.262885e+01,4.262885e+01,4.262885e+01,4.262885e+01,4.301883e+01,4.301883e+01,4.301883e+01,4.301883e+01,4.301883e+01,4.301883e+01,4.301883e+01,4.354969e+01,4.347216e+01,4.347216e+01,4.347216e+01,4.347216e+01,4.347216e+01,4.378199e+01,4.416813e+01,4.445048e+01,4.468099e+01,4.506417e+01,4.589014e+01,4.606729e+01,4.602935e+01,4.642079e+01,4.722488e+01,4.718731e+01,4.742506e+01,4.830934e+01,4.871815e+01,4.890352e+01,4.932264e+01,4.994862e+01,5.033977e+01,5.081479e+01,5.138484e+01,5.167491e+01,5.260102e+01,5.297194e+01,5.337749e+01,5.380548e+01,5.436206e+01,5.489268e+01,5.566694e+01,5.621547e+01,5.659920e+01,5.751324e+01,5.813434e+01,5.851245e+01,5.904910e+01,5.944730e+01,5.999147e+01,6.027400e+01,6.074731e+01,6.111802e+01,6.168892e+01,6.209045e+01,6.254630e+01,6.298954e+01,6.342032e+01,6.386073e+01,6.431068e+01,6.477007e+01,6.539108e+01,6.621478e+01,6.639836e+01,6.705511e+01,6.758044e+01,6.840201e+01,6.899652e+01,6.935626e+01,7.018864e+01,7.035664e+01,7.082807e+01,7.133966e+01,7.220213e+01,7.269857e+01,7.321391e+01,7.371720e+01,7.430050e+01,7.476955e+01,7.555141e+01,7.602663e+01,7.647017e+01,7.707288e+01,7.724322e+01,7.776304e+01,7.834075e+01,7.887666e+01,7.917358e+01,7.951925e+01,7.989368e+01,8.067899e+01,8.106039e+01,8.105062e+01,8.174261e+01,8.230564e+01,8.247996e+01,8.269276e+01,8.308857e+01,8.354108e+01,8.377165e+01,8.384844e+01,8.424137e+01,8.457603e+01,8.456648e+01,8.499577e+01,8.498624e+01,8.539539e+01,8.520522e+01,8.527180e+01,8.523376e+01,8.562330e+01,8.548090e+01,8.572765e+01,8.559483e+01,8.585088e+01,8.533836e+01,8.533836e+01,8.533836e+01,8.533836e+01,8.533836e+01,8.533836e+01,8.533836e+01,8.497671e+01,8.497671e+01,8.497671e+01,8.497671e+01,8.497671e+01,8.497671e+01,8.497671e+01,8.475742e+01,8.464288e+01,8.449960e+01,8.420308e+01,8.414562e+01,8.414562e+01,8.414562e+01,8.414562e+01,8.385803e+01,8.383884e+01,8.365641e+01,8.368523e+01,8.351224e+01,8.352185e+01,8.352185e+01,8.352185e+01,8.334868e+01,8.321386e+01,8.305964e+01,8.292457e+01,8.290527e+01,8.272176e+01,8.272176e+01,8.272176e+01,8.272176e+01,8.236377e+01,8.228626e+01,8.225718e+01,8.243156e+01,8.229595e+01,8.198555e+01,8.207291e+01,8.190785e+01,8.166479e+01,8.148956e+01,8.133364e+01,8.133364e+01,8.133364e+01,8.133364e+01,8.104086e+01,8.097246e+01,8.084536e+01,8.074751e+01,8.054185e+01,8.042420e+01,8.063003e+01,8.049284e+01,7.995272e+01,7.995272e+01,7.995272e+01,7.995272e+01,7.995272e+01,7.992320e+01,7.961787e+01,7.944031e+01,7.931194e+01,7.931194e+01,7.931194e+01,7.931194e+01,7.887666e+01,7.887666e+01,7.887666e+01,7.887666e+01,7.887666e+01,7.887666e+01,7.887666e+01,7.887666e+01,7.861887e+01,7.841033e+01,7.817165e+01,7.857916e+01,7.843020e+01,7.838052e+01,7.873790e+01,7.858909e+01,7.844014e+01,7.840039e+01,7.836063e+01,7.832087e+01,7.832087e+01,7.832087e+01,7.832087e+01,7.832087e+01,7.832087e+01,7.872798e+01,7.873790e+01,7.873790e+01,7.873790e+01,7.873790e+01,7.833081e+01,7.877756e+01,7.872798e+01,7.872798e+01,7.872798e+01,7.872798e+01,7.872798e+01,7.897569e+01,7.898560e+01,7.910435e+01,7.910435e+01,7.950938e+01,7.936133e+01,7.941070e+01,7.977554e+01,7.982478e+01,7.979523e+01,8.000190e+01,8.003139e+01,8.030647e+01,8.015917e+01,8.022793e+01,8.050264e+01,8.049284e+01,8.094314e+01,8.102132e+01,8.101154e+01,8.121659e+01,8.138239e+01,8.138239e+01,8.178151e+01,8.177179e+01,8.178151e+01,8.191756e+01,8.199525e+01,8.239282e+01,8.224749e+01,8.264442e+01,8.249932e+01,8.249932e+01,8.289561e+01,8.288596e+01,8.330054e+01,8.330054e+01,8.330054e+01,8.369483e+01,8.329092e+01,8.372365e+01,8.355070e+01,8.394437e+01,8.380045e+01,8.375246e+01,8.422223e+01,8.419350e+01,8.413605e+01,8.407857e+01,8.407857e+01,8.407857e+01,8.407857e+01,8.407857e+01,8.407857e+01,8.407857e+01,8.370444e+01,8.364680e+01,8.357954e+01,8.331980e+01,8.350262e+01,8.342567e+01,8.333906e+01,8.305000e+01,8.273141e+01,8.261541e+01,8.232502e+01,8.202438e+01,8.179123e+01,8.158694e+01,8.155773e+01,8.109946e+01,8.072794e+01,8.060064e+01,8.029665e+01,8.012969e+01,7.981493e+01,7.940083e+01,7.952911e+01,7.914391e+01,7.881721e+01,7.833081e+01,7.793259e+01,7.737334e+01,7.694250e+01,7.693246e+01,7.606701e+01,7.587513e+01,7.501369e+01,7.503402e+01,7.441280e+01,7.401425e+01,7.363515e+01,7.320363e+01,7.240919e+01,7.193251e+01,7.140218e+01,7.105799e+01,7.063969e+01,7.004148e+01,6.945133e+01,6.900711e+01,6.834880e+01,6.789043e+01,6.716248e+01,6.665713e+01,6.614993e+01,6.561917e+01,6.486831e+01,6.424492e+01,6.379476e+01,6.338723e+01,6.274594e+01,6.205704e+01,6.165541e+01,6.112924e+01,6.085976e+01,6.021754e+01,5.947002e+01,5.898071e+01,5.845523e+01,5.739790e+01,5.695864e+01,5.650628e+01,5.578384e+01,5.524520e+01,5.416103e+01,5.375800e+01,5.309135e+01,5.228908e+01,5.219294e+01,5.106982e+01,5.049831e+01,4.988739e+01,4.919952e+01,4.871815e+01,4.821003e+01,4.738755e+01,4.696163e+01,4.610521e+01,4.566199e+01,4.516614e+01,4.465540e+01,4.436071e+01,4.376910e+01,4.300586e+01,4.277200e+01,4.251160e+01,4.168746e+01,4.156924e+01,4.147721e+01,4.102913e+01,4.012764e+01,3.988781e+01,3.980775e+01,3.963409e+01,3.907120e+01,3.897711e+01,3.864043e+01,3.839738e+01,3.804538e+01,3.788254e+01,3.766505e+01,3.736530e+01,3.736530e+01,3.702368e+01,3.702368e+01,3.702368e+01,3.702368e+01,3.702368e+01,3.650238e+01,3.650238e+01,3.650238e+01,3.650238e+01,3.650238e+01,3.650238e+01,3.650238e+01,3.650238e+01,3.650238e+01,3.650238e+01,3.650238e+01,3.650238e+01,3.650238e+01,3.650238e+01,3.650238e+01,3.650238e+01,3.650238e+01,3.650238e+01,3.650238e+01,3.650238e+01,3.650238e+01,3.615807e+01,3.615807e+01,3.615807e+01,3.615807e+01,3.615807e+01,3.615807e+01,3.615807e+01,3.615807e+01,3.615807e+01,3.615807e+01,3.615807e+01,3.615807e+01,3.615807e+01,3.615807e+01,3.615807e+01,3.672218e+01,3.672218e+01,3.672218e+01,3.672218e+01,3.672218e+01,3.672218e+01,3.672218e+01,3.672218e+01,3.724244e+01,3.748802e+01,3.747440e+01,3.717413e+01,3.737894e+01,3.744713e+01,3.744713e+01,3.800470e+01,3.793685e+01,3.811316e+01,3.809961e+01,3.809961e+01,3.809961e+01,3.809961e+01,3.809961e+01,3.809961e+01,3.809961e+01,3.809961e+01,3.809961e+01,3.809961e+01,3.809961e+01,3.809961e+01,3.809961e+01,3.809961e+01,3.809961e+01,3.809961e+01,3.809961e+01,3.809961e+01,3.809961e+01,3.754252e+01,3.755614e+01,3.805894e+01,3.785538e+01,3.778744e+01,3.778744e+01,3.778744e+01,3.778744e+01,3.778744e+01,3.778744e+01,3.778744e+01,3.778744e+01,3.778744e+01,3.722878e+01,3.729706e+01,3.736530e+01,3.736530e+01,3.736530e+01,3.736530e+01,3.736530e+01,3.736530e+01,3.736530e+01,3.736530e+01,3.736530e+01,3.736530e+01,3.736530e+01,3.736530e+01,3.736530e+01,3.736530e+01,3.736530e+01,3.736530e+01,3.706473e+01,3.706473e+01,3.706473e+01,3.706473e+01,3.706473e+01,3.706473e+01,3.706473e+01,3.706473e+01,3.706473e+01,3.706473e+01,3.650238e+01,3.707841e+01,3.698262e+01,3.705105e+01,3.673590e+01,3.673590e+01,3.673590e+01,3.673590e+01,3.673590e+01,3.673590e+01,3.673590e+01,3.673590e+01,3.673590e+01,3.673590e+01,3.673590e+01,3.673590e+01,3.673590e+01,3.673590e+01,3.673590e+01,3.673590e+01,3.673590e+01,3.673590e+01,3.673590e+01,3.673590e+01,3.673590e+01,3.673590e+01,3.673590e+01,3.673590e+01,3.673590e+01,3.673590e+01,3.673590e+01,3.673590e+01,3.673590e+01,3.673590e+01,3.673590e+01,3.673590e+01,3.673590e+01,3.673590e+01,3.673590e+01,3.673590e+01,3.673590e+01,3.673590e+01,3.673590e+01,3.673590e+01,3.673590e+01,3.673590e+01,3.673590e+01,3.617186e+01,3.624080e+01,3.630970e+01,3.630970e+01,3.630970e+01,3.630970e+01
3.450402e+01,3.495129e+01,3.476981e+01,3.476981e+01,3.476981e+01,3.476981e+01,3.476981e+01,3.476981e+01,3.476981e+01,3.476981e+01,3.476981e+01,3.476981e+01,3.476981e+01,3.529944e+01,3.529944e+01,3.529944e+01,3.529944e+01,3.586800e+01,3.586800e+01,3.586800e+01,3.586800e+01,3.586800e+01,3.586800e+01,3.643361e+01,3.640608e+01,3.639232e+01,3.639232e+01,3.639232e+01,3.695523e+01,3.694154e+01,3.694154e+01,3.694154e+01,3.694154e+01,3.694154e+01,3.694154e+01,3.694154e+01,3.724244e+01,3.752890e+01,3.776026e+01,3.776026e+01,3.776026e+01,3.831625e+01,3.837035e+01,3.837035e+01,3.920548e+01,3.920548e+01,3.920548e+01,3.975434e+01,3.987447e+01,3.987447e+01,4.027396e+01,4.040681e+01,4.075150e+01,4.060579e+01,4.098951e+01,4.098951e+01,4.098951e+01,4.098951e+01,4.098951e+01,4.142458e+01,4.142458e+01,4.142458e+01,4.142458e+01,4.142458e+01,4.142458e+01,4.196283e+01,4.189733e+01,4.189733e+01,4.189733e+01,4.243336e+01,4.198902e+01,4.228979e+01,4.228979e+01,4.228979e+01,4.228979e+01,4.228979e+01,4.262885e+01,4.262885e+01,4.262885e+01,4.262885e+01,4.262885e+01,4.301883e+01,4.301883e+01,4.301883e+01,4.301883e+01,4.301883e+01,4.301883e+01,4.301883e+01,4.301883e+01,4.347216e+01,4.347216e+01,4.347216e+01,4.347216e+01,4.378199e+01,4.369171e+01,4.452737e+01,4.432222e+01,4.531893e+01,4.514066e+01,4.550964e+01,4.618103e+01,4.662232e+01,4.698673e+01,4.750004e+01,4.757497e+01,4.833416e+01,4.848294e+01,4.891587e+01,4.934724e+01,4.981388e+01,5.040077e+01,5.083910e+01,5.125166e+01,5.173526e+01,5.246914e+01,5.303166e+01,5.340131e+01,5.382922e+01,5.438569e+01,5.539766e+01,5.587729e+01,5.625040e+01,5.663403e+01,5.754782e+01,5.769758e+01,5.828342e+01,5.884383e+01,5.926542e+01,6.014976e+01,6.045451e+01,6.076981e+01,6.114046e+01,6.171126e+01,6.211273e+01,6.256849e+01,6.301167e+01,6.344238e+01,6.433258e+01,6.452962e+01,6.524969e+01,6.558661e+01,6.645232e+01,6.651702e+01,6.708733e+01,6.761254e+01,6.843391e+01,6.902830e+01,6.938796e+01,6.999941e+01,7.080715e+01,7.101621e+01,7.179751e+01,7.238849e+01,7.273987e+01,7.325507e+01,7.417789e+01,7.448421e+01,7.482045e+01,7.560204e+01,7.607710e+01,7.693246e+01,7.706286e+01,7.744336e+01,7.782291e+01,7.840039e+01,7.877756e+01,7.923289e+01,7.998222e+01,8.015917e+01,8.084536e+01,8.128488e+01,8.133364e+01,8.190785e+01,8.253802e+01,8.262508e+01,8.324276e+01,8.341605e+01,8.358915e+01,8.406898e+01,8.451871e+01,8.469062e+01,8.468107e+01,8.487186e+01,8.535737e+01,8.532885e+01,8.538589e+01,8.538589e+01,8.538589e+01,8.538589e+01,8.538589e+01,8.577506e+01,8.576558e+01,8.574661e+01,8.575610e+01,8.587931e+01,8.573713e+01,8.559483e+01,8.554736e+01,8.549989e+01,8.549989e+01,8.549989e+01,8.549989e+01,8.549989e+01,8.536687e+01,8.522424e+01,8.517667e+01,8.512908e+01,8.501482e+01,8.488140e+01,8.488140e+01,8.488140e+01,8.459514e+01,8.439445e+01,8.434663e+01,8.429879e+01,8.418393e+01,8.437532e+01,8.421265e+01,8.388682e+01,8.383884e+01,8.383884e+01,8.383884e+01,8.383884e+01,8.383884e+01,8.374285e+01,8.346415e+01,8.326202e+01,8.347377e+01,8.331017e+01,8.337756e+01,8.324276e+01,8.271209e+01,8.290527e+01,8.271209e+01,8.288596e+01,8.272176e+01,8.258640e+01,8.233471e+01,8.212142e+01,8.212142e+01,8.212142e+01,8.212142e+01,8.188842e+01,8.159667e+01,8.154800e+01,8.149931e+01,8.138239e+01,8.118732e+01,8.118732e+01,8.118732e+01,8.118732e+01,8.094314e+01,8.087469e+01,8.084536e+01,8.055165e+01,8.058105e+01,8.044382e+01,8.030647e+01,8.016899e+01,8.011987e+01,7.997239e+01,7.976569e+01,7.976569e+01,7.976569e+01,7.976569e+01,7.931194e+01,7.951925e+01,7.925266e+01,7.911423e+01,7.906477e+01,7.906477e+01,7.906477e+01,7.906477e+01,7.906477e+01,7.865855e+01,7.856924e+01,7.878748e+01,7.859901e+01,7.899550e+01,7.870815e+01,7.872798e+01,7.873790e+01,7.873790e+01,7.873790e+01,7.873790e+01,7.873790e+01,7.832087e+01,7.832087e+01,7.872798e+01,7.858909e+01,7.853946e+01,7.860894e+01,7.870815e+01,7.870815e+01,7.870815e+01,7.911423e+01,7.880730e+01,7.914391e+01,7.914391e+01,7.895589e+01,7.890638e+01,7.890638e+01,7.931194e+01,7.936133e+01,7.933170e+01,7.919335e+01,7.954884e+01,7.952911e+01,7.952911e+01,7.952911e+01,7.993304e+01,7.993304e+01,7.993304e+01,7.993304e+01,8.033591e+01,7.998222e+01,8.015917e+01,8.056145e+01,8.061044e+01,8.058105e+01,8.075730e+01,8.092358e+01,8.132389e+01,8.140188e+01,8.137263e+01,8.137263e+01,8.177179e+01,8.178151e+01,8.217962e+01,8.204379e+01,8.240251e+01,8.238314e+01,8.239282e+01,8.282803e+01,8.282803e+01,8.282803e+01,8.282803e+01,8.322350e+01,8.319460e+01,8.328129e+01,8.367562e+01,8.365641e+01,8.365641e+01,8.362759e+01,8.372365e+01,8.413605e+01,8.413605e+01,8.413605e+01,8.413605e+01,8.452827e+01,8.447093e+01,8.438489e+01,8.429879e+01,8.427009e+01,8.427009e+01,8.427009e+01,8.427009e+01,8.427009e+01,8.427009e+01,8.427009e+01,8.427009e+01,8.397313e+01,8.368523e+01,8.355070e+01,8.355070e+01,8.333906e+01,8.328129e+01,8.312713e+01,8.288596e+01,8.260574e+01,8.231533e+01,8.209232e+01,8.196613e+01,8.163560e+01,8.151878e+01,8.119707e+01,8.094314e+01,8.061044e+01,8.038496e+01,8.039478e+01,7.962773e+01,7.946992e+01,7.908456e+01,7.875773e+01,7.827115e+01,7.828109e+01,7.754333e+01,7.729327e+01,7.697260e+01,7.628888e+01,7.593575e+01,7.567289e+01,7.535886e+01,7.470846e+01,7.428007e+01,7.387093e+01,7.340927e+01,7.256429e+01,7.203626e+01,7.188060e+01,7.135008e+01,7.047202e+01,6.999941e+01,6.984153e+01,6.920824e+01,6.851898e+01,6.802916e+01,6.770879e+01,6.701214e+01,6.631200e+01,6.576019e+01,6.543456e+01,6.461710e+01,6.397061e+01,6.355259e+01,6.290101e+01,6.220178e+01,6.178942e+01,6.137579e+01,6.056720e+01,6.048833e+01,5.970833e+01,5.918576e+01,5.815729e+01,5.787016e+01,5.722469e+01,5.673846e+01,5.600567e+01,5.493974e+01,5.465713e+01,5.404263e+01,5.334176e+01,5.274473e+01,5.215687e+01,5.108195e+01,5.049831e+01,4.987514e+01,4.969125e+01,4.848294e+01,4.821003e+01,4.738755e+01,4.696163e+01,4.662232e+01,4.594078e+01,4.488551e+01,4.460420e+01,4.415527e+01,4.376910e+01,4.325219e+01,4.277200e+01,4.223754e+01,4.171371e+01,4.171371e+01,4.117429e+01,4.081766e+01,4.038025e+01,4.038025e+01,3.980775e+01,3.935300e+01,3.909807e+01,3.884256e+01,3.877522e+01,3.837035e+01,3.818090e+01,3.788254e+01,3.750165e+01,3.750165e+01,3.733801e+01,3.716046e+01,3.659860e+01,3.663980e+01,3.668100e+01,3.658486e+01,3.652988e+01,3.652988e+01,3.652988e+01,3.652988e+01,3.652988e+01,3.652988e+01,3.652988e+01,3.652988e+01,3.652988e+01,3.652988e+01,3.652988e+01,3.652988e+01,3.652988e+01,3.652988e+01,3.652988e+01,3.652988e+01,3.652988e+01,3.652988e+01,3.652988e+01,3.652988e+01,3.596477e+01,3.600622e+01,3.657112e+01,3.652988e+01,3.648863e+01,3.644736e+01,3.640608e+01,3.640608e+01,3.640608e+01,3.640608e+01,3.640608e+01,3.640608e+01,3.640608e+01,3.640608e+01,3.640608e+01,3.640608e+01,3.640608e+01,3.640608e+01,3.640608e+01,3.672218e+01,3.672218e+01,3.672218e+01,3.728341e+01,3.725610e+01,3.725610e+01,3.725610e+01,3.725610e+01,3.725610e+01,3.725610e+01,3.781462e+01,3.735165e+01,3.765144e+01,3.769226e+01,3.769226e+01,3.769226e+01,3.809961e+01,3.809961e+01,3.809961e+01,3.809961e+01,3.809961e+01,3.809961e+01,3.809961e+01,3.809961e+01,3.809961e+01,3.809961e+01,3.809961e+01,3.809961e+01,3.809961e+01,3.809961e+01,3.809961e+01,3.809961e+01,3.809961e+01,3.809961e+01,3.809961e+01,3.809961e+01,3.809961e+01,3.809961e+01,3.778744e+01,3.778744e+01,3.778744e+01,3.778744e+01,3.778744e+01,3.778744e+01,3.778744e+01,3.778744e+01,3.778744e+01,3.778744e+01,3.729706e+01,3.729706e+01,3.729706e+01,3.729706e+01,3.729706e+01,3.729706e+01,3.729706e+01,3.729706e+01,3.729706e+01,3.729706e+01,3.729706e+01,3.729706e+01,3.729706e+01,3.729706e+01,3.729706e+01,3.729706e+01,3.729706e+01,3.729706e+01,3.729706e+01,3.729706e+01,3.729706e+01,3.673590e+01,3.677706e+01,3.681820e+01,3.681820e+01,3.681820e+01,3.681820e+01,3.681820e+01,3.681820e+01,3.681820e+01,3.681820e+01,3.681820e+01,3.681820e+01,3.681820e+01,3.681820e+01,3.681820e+01,3.681820e+01,3.681820e+01,3.681820e+01,3.681820e+01,3.681820e+01,3.681820e+01,3.681820e+01,3.681820e+01,3.681820e+01,3.681820e+01,3.681820e+01,3.681820e+01,3.681820e+01,3.681820e+01,3.681820e+01,3.681820e+01,3.681820e+01,3.681820e+01,3.681820e+01,3.681820e+01,3.681820e+01,3.681820e+01,3.625458e+01,3.644736e+01,3.648863e+01,3.648863e+01,3.648863e+01,3.648863e+01,3.648863e+01,3.648863e+01,3.648863e+01,3.648863e+01,3.648863e+01,3.648863e+01,3.648863e+01,3.648863e+01,3.648863e+01,3.648863e+01,3.648863e+01,3.648863e+01,3.648863e+01,3.648863e+01,3.648863e+01,3.648863e+01
3.467197e+01,3.538283e+01,3.516032e+01,3.511855e+01,3.507676e+01,3.503495e+01,3.503495e+01,3.503495e+01,3.503495e+01,3.503495e+01,3.503495e+01,3.503495e+01,3.503495e+01,3.560489e+01,3.556329e+01,3.556329e+01,3.556329e+01,3.556329e+01,3.556329e+01,3.556329e+01,3.586800e+01,3.586800e+01,3.586800e+01,3.643361e+01,3.643361e+01,3.643361e+01,3.643361e+01,3.643361e+01,3.695523e+01,3.695523e+01,3.695523e+01,3.695523e+01,3.695523e+01,3.695523e+01,3.695523e+01,3.751528e+01,3.766505e+01,3.765144e+01,3.765144e+01,3.765144e+01,3.765144e+01,3.831625e+01,3.831625e+01,3.886948e+01,3.865392e+01,3.939320e+01,3.967419e+01,3.974099e+01,3.974099e+01,4.028725e+01,4.027396e+01,4.002111e+01,4.026067e+01,4.043336e+01,4.069854e+01,4.073826e+01,4.073826e+01,4.073826e+01,4.073826e+01,4.142458e+01,4.142458e+01,4.142458e+01,4.142458e+01,4.142458e+01,4.196283e+01,4.194973e+01,4.194973e+01,4.194973e+01,4.194973e+01,4.194973e+01,4.194973e+01,4.194973e+01,4.228979e+01,4.228979e+01,4.228979e+01,4.228979e+01,4.262885e+01,4.262885e+01,4.262885e+01,4.262885e+01,4.262885e+01,4.301883e+01,4.301883e+01,4.301883e+01,4.301883e+01,4.301883e+01,4.354969e+01,4.335576e+01,4.343337e+01,4.344630e+01,4.344630e+01,4.344630e+01,4.344630e+01,4.344630e+01,4.397522e+01,4.397522e+01,4.489828e+01,4.478329e+01,4.547152e+01,4.572541e+01,4.618103e+01,4.649640e+01,4.654679e+01,4.701182e+01,4.748754e+01,4.852011e+01,4.877997e+01,4.911326e+01,4.934724e+01,4.981388e+01,5.040077e+01,5.083910e+01,5.125166e+01,5.173526e+01,5.246914e+01,5.291219e+01,5.347272e+01,5.382922e+01,5.438569e+01,5.491621e+01,5.593566e+01,5.643654e+01,5.662242e+01,5.732864e+01,5.819170e+01,5.848957e+01,5.883242e+01,5.970833e+01,6.020625e+01,6.047706e+01,6.094965e+01,6.114046e+01,6.171126e+01,6.211273e+01,6.256849e+01,6.301167e+01,6.389370e+01,6.432163e+01,6.475915e+01,6.529321e+01,6.576019e+01,6.625800e+01,6.700140e+01,6.728049e+01,6.806116e+01,6.862524e+01,6.904948e+01,6.984153e+01,7.018864e+01,7.061874e+01,7.149591e+01,7.198440e+01,7.240919e+01,7.276051e+01,7.327563e+01,7.407564e+01,7.454541e+01,7.525742e+01,7.578416e+01,7.610738e+01,7.675174e+01,7.753334e+01,7.771313e+01,7.798243e+01,7.883703e+01,7.901529e+01,7.979523e+01,7.997239e+01,8.039478e+01,8.101154e+01,8.150905e+01,8.156747e+01,8.207291e+01,8.237345e+01,8.270242e+01,8.307893e+01,8.341605e+01,8.382925e+01,8.423180e+01,8.474788e+01,8.471925e+01,8.511005e+01,8.509100e+01,8.532885e+01,8.532885e+01,8.571816e+01,8.557584e+01,8.596456e+01,8.621058e+01,8.580350e+01,8.618221e+01,8.604030e+01,8.599297e+01,8.596456e+01,8.593615e+01,8.593615e+01,8.593615e+01,8.593615e+01,8.593615e+01,8.593615e+01,8.593615e+01,8.549989e+01,8.549989e+01,8.549989e+01,8.549989e+01,8.549989e+01,8.549989e+01,8.501482e+01,8.501482e+01,8.501482e+01,8.501482e+01,8.501482e+01,8.501482e+01,8.473833e+01,8.455693e+01,8.480511e+01,8.467152e+01,8.474788e+01,8.446137e+01,8.427966e+01,8.414562e+01,8.412646e+01,8.410731e+01,8.408815e+01,8.393478e+01,8.363720e+01,8.389641e+01,8.347377e+01,8.347377e+01,8.347377e+01,8.347377e+01,8.347377e+01,8.330054e+01,8.297282e+01,8.295352e+01,8.295352e+01,8.295352e+01,8.273141e+01,8.248964e+01,8.235408e+01,8.233471e+01,8.227657e+01,8.202438e+01,8.221841e+01,8.203409e+01,8.184955e+01,8.159667e+01,8.138239e+01,8.138239e+01,8.138239e+01,8.138239e+01,8.094314e+01,8.094314e+01,8.094314e+01,8.094314e+01,8.094314e+01,8.044382e+01,8.044382e+01,8.044382e+01,8.011987e+01,8.026720e+01,8.013952e+01,8.000190e+01,7.998222e+01,7.983462e+01,7.965730e+01,7.958829e+01,7.942057e+01,7.942057e+01,7.942057e+01,7.942057e+01,7.942057e+01,7.942057e+01,7.906477e+01,7.922301e+01,7.877756e+01,7.918346e+01,7.896580e+01,7.897569e+01,7.880730e+01,7.880730e+01,7.880730e+01,7.880730e+01,7.880730e+01,7.880730e+01,7.880730e+01,7.880730e+01,7.880730e+01,7.880730e+01,7.880730e+01,7.880730e+01,7.880730e+01,7.880730e+01,7.880730e+01,7.880730e+01,7.880730e+01,7.921312e+01,7.921312e+01,7.921312e+01,7.921312e+01,7.921312e+01,7.921312e+01,7.921312e+01,7.921312e+01,7.961787e+01,7.953898e+01,7.954884e+01,7.954884e+01,7.954884e+01,7.995272e+01,7.995272e+01,7.995272e+01,8.035553e+01,8.032610e+01,8.029665e+01,8.055165e+01,8.052225e+01,8.056145e+01,8.096268e+01,8.079645e+01,8.117756e+01,8.114827e+01,8.129463e+01,8.169398e+01,8.164534e+01,8.170371e+01,8.177179e+01,8.202438e+01,8.215053e+01,8.228626e+01,8.237345e+01,8.237345e+01,8.277007e+01,8.282803e+01,8.282803e+01,8.322350e+01,8.319460e+01,8.322350e+01,8.361798e+01,8.358915e+01,8.364680e+01,8.404024e+01,8.390601e+01,8.385803e+01,8.430836e+01,8.430836e+01,8.430836e+01,8.430836e+01,8.470016e+01,8.470016e+01,8.470016e+01,8.470016e+01,8.470016e+01,8.470016e+01,8.470016e+01,8.470016e+01,8.470016e+01,8.466198e+01,8.452827e+01,8.450916e+01,8.445181e+01,8.413605e+01,8.394437e+01,8.379086e+01,8.373325e+01,8.361798e+01,8.354108e+01,8.332943e+01,8.309821e+01,8.282803e+01,8.254770e+01,8.279905e+01,8.236377e+01,8.207291e+01,8.164534e+01,8.142136e+01,8.148956e+01,8.109946e+01,8.084536e+01,8.053205e+01,7.994288e+01,8.004123e+01,7.946992e+01,7.936133e+01,7.891628e+01,7.819155e+01,7.805217e+01,7.731329e+01,7.683208e+01,7.666129e+01,7.624857e+01,7.558179e+01,7.561216e+01,7.492219e+01,7.445361e+01,7.401425e+01,7.352225e+01,7.306980e+01,7.258495e+01,7.208812e+01,7.152714e+01,7.061874e+01,7.033565e+01,7.003097e+01,6.936683e+01,6.864648e+01,6.827428e+01,6.744126e+01,6.682937e+01,6.672174e+01,6.610668e+01,6.524969e+01,6.504279e+01,6.420107e+01,6.373976e+01,6.307802e+01,6.236859e+01,6.194559e+01,6.152127e+01,6.091595e+01,6.021754e+01,5.951545e+01,5.917437e+01,5.828342e+01,5.782416e+01,5.721313e+01,5.672686e+01,5.551480e+01,5.536249e+01,5.486914e+01,5.374612e+01,5.313909e+01,5.270882e+01,5.212078e+01,5.154205e+01,5.074183e+01,4.983839e+01,4.966671e+01,4.849534e+01,4.803603e+01,4.736254e+01,4.709959e+01,4.657197e+01,4.591546e+01,4.502591e+01,4.455298e+01,4.376910e+01,4.354969e+01,4.322629e+01,4.274598e+01,4.221141e+01,4.193663e+01,4.160866e+01,4.130609e+01,4.075150e+01,4.060579e+01,4.027396e+01,3.978105e+01,3.903089e+01,3.905777e+01,3.850547e+01,3.838387e+01,3.837035e+01,3.804538e+01,3.785538e+01,3.707841e+01,3.710577e+01,3.713311e+01,3.679078e+01,3.663980e+01,3.663980e+01,3.663980e+01,3.663980e+01,3.663980e+01,3.663980e+01,3.663980e+01,3.663980e+01,3.663980e+01,3.663980e+01,3.663980e+01,3.663980e+01,3.663980e+01,3.663980e+01,3.663980e+01,3.663980e+01,3.663980e+01,3.663980e+01,3.663980e+01,3.663980e+01,3.663980e+01,3.663980e+01,3.663980e+01,3.663980e+01,3.652988e+01,3.648863e+01,3.657112e+01,3.657112e+01,3.657112e+01,3.657112e+01,3.657112e+01,3.657112e+01,3.657112e+01,3.600622e+01,3.603384e+01,3.606146e+01,3.608907e+01,3.611667e+01,3.614427e+01,3.670845e+01,3.668100e+01,3.668100e+01,3.668100e+01,3.668100e+01,3.668100e+01,3.724244e+01,3.728341e+01,3.728341e+01,3.728341e+01,3.728341e+01,3.728341e+01,3.728341e+01,3.728341e+01,3.781462e+01,3.773306e+01,3.773306e+01,3.773306e+01,3.828920e+01,3.778744e+01,3.797756e+01,3.797756e+01,3.853247e+01,3.850547e+01,3.847846e+01,3.845144e+01,3.842442e+01,3.839738e+01,3.837035e+01,3.837035e+01,3.837035e+01,3.837035e+01,3.837035e+01,3.837035e+01,3.781462e+01,3.784180e+01,3.784180e+01,3.784180e+01,3.784180e+01,3.784180e+01,3.784180e+01,3.784180e+01,3.784180e+01,3.784180e+01,3.784180e+01,3.784180e+01,3.784180e+01,3.784180e+01,3.784180e+01,3.728341e+01,3.747440e+01,3.737894e+01,3.733801e+01,3.733801e+01,3.733801e+01,3.733801e+01,3.733801e+01,3.733801e+01,3.733801e+01,3.733801e+01,3.733801e+01,3.733801e+01,3.733801e+01,3.733801e+01,3.733801e+01,3.733801e+01,3.733801e+01,3.733801e+01,3.733801e+01,3.733801e+01,3.733801e+01,3.733801e+01,3.733801e+01,3.733801e+01,3.733801e+01,3.681820e+01,3.681820e+01,3.681820e+01,3.681820e+01,3.681820e+01,3.681820e+01,3.681820e+01,3.681820e+01,3.681820e+01,3.681820e+01,3.681820e+01,3.681820e+01,3.681820e+01,3.681820e+01,3.681820e+01,3.681820e+01,3.681820e+01,3.681820e+01,3.681820e+01,3.681820e+01,3.681820e+01,3.681820e+01,3.681820e+01,3.681820e+01,3.681820e+01,3.681820e+01,3.681820e+01,3.681820e+01,3.681820e+01,3.681820e+01,3.681820e+01,3.681820e+01,3.681820e+01,3.681820e+01,3.681820e+01,3.681820e+01,3.681820e+01,3.681820e+01,3.681820e+01,3.681820e+01,3.648863e+01,3.648863e+01,3.648863e+01,3.648863e+01,3.648863e+01,3.648863e+01,3.648863e+01,3.648863e+01,3.648863e+01,3.648863e+01,3.648863e+01,3.648863e+01,3.648863e+01,3.648863e+01,3.648863e+01,3.648863e+01,3.648863e+01
3.502101e+01,3.534114e+01,3.476981e+01,3.479775e+01,3.482569e+01,3.482569e+01,3.482569e+01,3.482569e+01,3.482569e+01,3.482569e+01,3.482569e+01,3.482569e+01,3.539672e+01,3.556329e+01,3.556329e+01,3.556329e+01,3.556329e+01,3.556329e+01,3.556329e+01,3.556329e+01,3.586800e+01,3.586800e+01,3.586800e+01,3.643361e+01,3.643361e+01,3.643361e+01,3.699631e+01,3.695523e+01,3.695523e+01,3.695523e+01,3.695523e+01,3.695523e+01,3.695523e+01,3.695523e+01,3.751528e+01,3.751528e+01,3.751528e+01,3.751528e+01,3.751528e+01,3.807250e+01,3.816735e+01,3.831625e+01,3.865392e+01,3.882909e+01,3.899056e+01,3.889640e+01,3.921890e+01,3.947355e+01,3.980775e+01,4.007439e+01,4.007439e+01,4.007439e+01,4.061905e+01,4.059254e+01,4.059254e+01,4.059254e+01,4.113472e+01,4.110833e+01,4.120066e+01,4.088379e+01,4.106874e+01,4.109513e+01,4.166120e+01,4.145090e+01,4.175309e+01,4.175309e+01,4.175309e+01,4.175309e+01,4.228979e+01,4.225061e+01,4.221141e+01,4.234202e+01,4.234202e+01,4.234202e+01,4.234202e+01,4.234202e+01,4.234202e+01,4.234202e+01,4.262885e+01,4.262885e+01,4.262885e+01,4.301883e+01,4.301883e+01,4.301883e+01,4.301883e+01,4.301883e+01,4.301883e+01,4.301883e+01,4.301883e+01,4.301883e+01,4.344630e+01,4.344630e+01,4.344630e+01,4.397522e+01,4.396235e+01,4.427088e+01,4.433505e+01,4.475772e+01,4.524256e+01,4.580146e+01,4.605464e+01,4.677325e+01,4.686120e+01,4.722488e+01,4.751253e+01,4.839618e+01,4.868105e+01,4.891587e+01,4.944563e+01,4.983839e+01,5.042516e+01,5.086341e+01,5.127588e+01,5.175939e+01,5.249313e+01,5.293609e+01,5.335367e+01,5.388853e+01,5.440932e+01,5.542110e+01,5.566694e+01,5.597067e+01,5.701653e+01,5.752477e+01,5.807696e+01,5.839799e+01,5.937912e+01,5.943594e+01,5.984431e+01,6.067980e+01,6.123016e+01,6.130859e+01,6.174476e+01,6.214613e+01,6.260178e+01,6.304485e+01,6.392667e+01,6.435449e+01,6.479190e+01,6.532584e+01,6.579271e+01,6.629041e+01,6.689391e+01,6.734483e+01,6.809315e+01,6.865710e+01,6.908125e+01,6.944077e+01,7.040910e+01,7.079669e+01,7.151673e+01,7.200515e+01,7.242987e+01,7.320363e+01,7.344009e+01,7.452502e+01,7.470846e+01,7.529801e+01,7.609729e+01,7.627881e+01,7.679192e+01,7.738335e+01,7.807209e+01,7.823135e+01,7.880730e+01,7.922301e+01,7.976569e+01,8.017882e+01,8.056145e+01,8.145060e+01,8.149931e+01,8.179123e+01,8.210202e+01,8.252835e+01,8.313677e+01,8.329092e+01,8.357954e+01,8.427009e+01,8.442313e+01,8.460469e+01,8.483372e+01,8.535737e+01,8.542390e+01,8.538589e+01,8.561381e+01,8.607816e+01,8.629565e+01,8.634290e+01,8.626730e+01,8.619167e+01,8.618221e+01,8.618221e+01,8.618221e+01,8.618221e+01,8.618221e+01,8.618221e+01,8.618221e+01,8.618221e+01,8.618221e+01,8.618221e+01,8.593615e+01,8.602137e+01,8.588879e+01,8.575610e+01,8.572765e+01,8.569920e+01,8.555686e+01,8.560432e+01,8.547140e+01,8.533836e+01,8.520522e+01,8.520522e+01,8.520522e+01,8.512908e+01,8.497671e+01,8.493859e+01,8.493859e+01,8.493859e+01,8.485280e+01,8.453783e+01,8.437532e+01,8.432750e+01,8.427966e+01,8.427966e+01,8.427966e+01,8.403065e+01,8.395396e+01,8.406898e+01,8.393478e+01,8.380045e+01,8.366602e+01,8.366602e+01,8.366602e+01,8.336794e+01,8.321386e+01,8.318496e+01,8.312713e+01,8.288596e+01,8.272176e+01,8.255737e+01,8.250900e+01,8.274108e+01,8.246060e+01,8.232502e+01,8.232502e+01,8.224749e+01,8.191756e+01,8.167453e+01,8.164534e+01,8.161614e+01,8.147009e+01,8.158694e+01,8.105062e+01,8.105062e+01,8.105062e+01,8.105062e+01,8.105062e+01,8.084536e+01,8.051244e+01,8.035553e+01,8.032610e+01,8.032610e+01,8.000190e+01,8.000190e+01,8.000190e+01,8.000190e+01,8.000190e+01,7.982478e+01,7.967702e+01,7.964745e+01,7.961787e+01,7.961787e+01,7.921312e+01,7.948965e+01,7.915380e+01,7.912413e+01,7.916369e+01,7.945018e+01,7.930206e+01,7.898560e+01,7.898560e+01,7.898560e+01,7.898560e+01,7.939095e+01,7.924277e+01,7.909445e+01,7.906477e+01,7.903509e+01,7.900539e+01,7.900539e+01,7.900539e+01,7.900539e+01,7.900539e+01,7.941070e+01,7.926254e+01,7.924277e+01,7.923289e+01,7.923289e+01,7.923289e+01,7.923289e+01,7.923289e+01,7.923289e+01,7.963759e+01,7.961787e+01,7.960802e+01,7.960802e+01,8.001173e+01,7.986415e+01,7.993304e+01,7.994288e+01,7.994288e+01,8.034572e+01,8.034572e+01,8.034572e+01,8.034572e+01,8.055165e+01,8.095291e+01,8.093336e+01,8.095291e+01,8.103108e+01,8.114827e+01,8.154800e+01,8.152853e+01,8.166479e+01,8.166479e+01,8.206320e+01,8.209232e+01,8.245092e+01,8.230564e+01,8.270242e+01,8.255737e+01,8.278939e+01,8.277973e+01,8.317532e+01,8.315604e+01,8.321386e+01,8.321386e+01,8.360837e+01,8.360837e+01,8.400189e+01,8.398272e+01,8.403065e+01,8.403065e+01,8.403065e+01,8.430836e+01,8.430836e+01,8.470016e+01,8.468107e+01,8.469062e+01,8.469062e+01,8.469062e+01,8.508148e+01,8.493859e+01,8.491000e+01,8.488140e+01,8.488140e+01,8.488140e+01,8.488140e+01,8.488140e+01,8.450916e+01,8.461424e+01,8.446137e+01,8.451871e+01,8.423180e+01,8.404024e+01,8.389641e+01,8.376205e+01,8.355070e+01,8.331980e+01,8.305000e+01,8.284734e+01,8.281837e+01,8.247028e+01,8.242188e+01,8.193699e+01,8.180096e+01,8.147009e+01,8.118732e+01,8.091381e+01,8.085514e+01,8.070836e+01,7.997239e+01,7.963759e+01,7.930206e+01,7.885684e+01,7.876765e+01,7.828109e+01,7.791266e+01,7.748335e+01,7.696256e+01,7.651042e+01,7.601654e+01,7.566277e+01,7.532844e+01,7.466771e+01,7.418811e+01,7.364541e+01,7.314188e+01,7.260562e+01,7.205701e+01,7.147509e+01,7.114151e+01,7.034615e+01,6.989417e+01,6.931399e+01,6.902830e+01,6.845518e+01,6.756974e+01,6.715175e+01,6.688315e+01,6.621478e+01,6.555405e+01,6.473730e+01,6.446397e+01,6.395962e+01,6.324376e+01,6.247969e+01,6.245747e+01,6.182290e+01,6.117410e+01,6.043196e+01,5.984431e+01,5.940186e+01,5.846668e+01,5.796211e+01,5.730555e+01,5.676165e+01,5.605232e+01,5.549139e+01,5.493974e+01,5.382922e+01,5.317488e+01,5.269685e+01,5.207266e+01,5.149369e+01,5.069316e+01,5.005876e+01,4.935955e+01,4.852011e+01,4.801115e+01,4.748754e+01,4.704945e+01,4.652160e+01,4.586481e+01,4.497487e+01,4.450174e+01,4.400096e+01,4.365300e+01,4.314854e+01,4.269394e+01,4.234202e+01,4.204139e+01,4.168746e+01,4.120066e+01,4.098951e+01,4.016756e+01,3.995448e+01,3.956723e+01,3.927256e+01,3.896367e+01,3.874828e+01,3.874828e+01,3.837035e+01,3.816735e+01,3.766505e+01,3.732436e+01,3.732436e+01,3.732436e+01,3.679078e+01,3.679078e+01,3.679078e+01,3.679078e+01,3.679078e+01,3.679078e+01,3.679078e+01,3.679078e+01,3.679078e+01,3.679078e+01,3.679078e+01,3.679078e+01,3.679078e+01,3.622702e+01,3.683191e+01,3.683191e+01,3.626836e+01,3.632347e+01,3.637855e+01,3.637855e+01,3.637855e+01,3.637855e+01,3.637855e+01,3.637855e+01,3.637855e+01,3.637855e+01,3.637855e+01,3.637855e+01,3.637855e+01,3.637855e+01,3.637855e+01,3.637855e+01,3.637855e+01,3.637855e+01,3.637855e+01,3.637855e+01,3.637855e+01,3.637855e+01,3.637855e+01,3.637855e+01,3.637855e+01,3.637855e+01,3.668100e+01,3.668100e+01,3.668100e+01,3.668100e+01,3.724244e+01,3.724244e+01,3.724244e+01,3.724244e+01,3.724244e+01,3.724244e+01,3.780103e+01,3.777385e+01,3.780103e+01,3.780103e+01,3.780103e+01,3.780103e+01,3.780103e+01,3.780103e+01,3.835683e+01,3.845144e+01,3.851897e+01,3.851897e+01,3.851897e+01,3.851897e+01,3.851897e+01,3.851897e+01,3.796399e+01,3.801826e+01,3.807250e+01,3.812671e+01,3.812671e+01,3.812671e+01,3.812671e+01,3.812671e+01,3.812671e+01,3.812671e+01,3.812671e+01,3.812671e+01,3.812671e+01,3.812671e+01,3.784180e+01,3.784180e+01,3.784180e+01,3.784180e+01,3.784180e+01,3.784180e+01,3.784180e+01,3.784180e+01,3.784180e+01,3.784180e+01,3.733801e+01,3.733801e+01,3.733801e+01,3.733801e+01,3.733801e+01,3.733801e+01,3.733801e+01,3.733801e+01,3.733801e+01,3.733801e+01,3.733801e+01,3.733801e+01,3.733801e+01,3.733801e+01,3.733801e+01,3.733801e+01,3.733801e+01,3.733801e+01,3.733801e+01,3.733801e+01,3.733801e+01,3.733801e+01,3.677706e+01,3.679078e+01,3.679078e+01,3.679078e+01,3.735165e+01,3.716046e+01,3.710577e+01,3.705105e+01,3.705105e+01,3.705105e+01,3.705105e+01,3.705105e+01,3.705105e+01,3.705105e+01,3.705105e+01,3.705105e+01,3.648863e+01,3.654363e+01,3.654363e+01,3.654363e+01,3.654363e+01,3.654363e+01,3.654363e+01,3.654363e+01,3.654363e+01,3.654363e+01,3.654363e+01,3.654363e+01,3.654363e+01,3.654363e+01,3.654363e+01,3.654363e+01,3.654363e+01,3.654363e+01,3.654363e+01,3.654363e+01,3.654363e+01,3.654363e+01,3.654363e+01,3.654363e+01,3.654363e+01,3.654363e+01,3.654363e+01,3.654363e+01,3.654363e+01,3.654363e+01,3.654363e+01,3.654363e+01,3.654363e+01,3.654363e+01,3.654363e+01,3.654363e+01,3.654363e+01,3.654363e+01,3.654363e+01,3.654363e+01,3.654363e+01,3.654363e+01
3.509069e+01,3.520207e+01,3.502101e+01,3.502101e+01,3.502101e+01,3.502101e+01,3.502101e+01,3.502101e+01,3.502101e+01,3.502101e+01,3.502101e+01,3.502101e+01,3.502101e+01,3.502101e+01,3.556329e+01,3.556329e+01,3.556329e+01,3.556329e+01,3.613047e+01,3.560489e+01,3.574345e+01,3.630970e+01,3.640608e+01,3.641985e+01,3.641985e+01,3.641985e+01,3.643361e+01,3.662607e+01,3.668100e+01,3.668100e+01,3.668100e+01,3.724244e+01,3.718779e+01,3.694154e+01,3.725610e+01,3.725610e+01,3.725610e+01,3.725610e+01,3.781462e+01,3.803182e+01,3.803182e+01,3.803182e+01,3.809961e+01,3.846495e+01,3.923232e+01,3.928597e+01,3.928597e+01,3.962072e+01,3.968755e+01,4.007439e+01,4.007439e+01,4.007439e+01,4.061905e+01,4.061905e+01,4.061905e+01,4.116110e+01,4.114791e+01,4.114791e+01,4.114791e+01,4.114791e+01,4.114791e+01,4.114791e+01,4.166120e+01,4.159552e+01,4.163493e+01,4.163493e+01,4.163493e+01,4.163493e+01,4.175309e+01,4.193663e+01,4.200212e+01,4.200212e+01,4.200212e+01,4.234202e+01,4.234202e+01,4.234202e+01,4.234202e+01,4.234202e+01,4.262885e+01,4.262885e+01,4.262885e+01,4.262885e+01,4.262885e+01,4.301883e+01,4.301883e+01,4.301883e+01,4.301883e+01,4.301883e+01,4.301883e+01,4.301883e+01,4.301883e+01,4.301883e+01,4.344630e+01,4.374331e+01,4.388509e+01,4.460420e+01,4.469378e+01,4.496211e+01,4.529348e+01,4.609257e+01,4.618103e+01,4.655938e+01,4.678581e+01,4.717478e+01,4.763738e+01,4.827211e+01,4.845816e+01,4.896524e+01,4.932264e+01,4.988739e+01,5.047393e+01,5.091201e+01,5.132432e+01,5.180764e+01,5.254110e+01,5.298389e+01,5.340131e+01,5.393596e+01,5.445656e+01,5.530386e+01,5.557334e+01,5.604066e+01,5.706281e+01,5.757087e+01,5.796211e+01,5.844379e+01,5.918576e+01,5.949274e+01,5.988961e+01,6.072482e+01,6.103947e+01,6.136459e+01,6.178942e+01,6.264616e+01,6.282350e+01,6.310013e+01,6.398159e+01,6.440924e+01,6.484648e+01,6.538021e+01,6.584689e+01,6.634440e+01,6.694766e+01,6.739841e+01,6.814645e+01,6.871019e+01,6.913417e+01,6.949357e+01,7.039861e+01,7.083853e+01,7.156877e+01,7.205701e+01,7.290493e+01,7.325507e+01,7.386068e+01,7.452502e+01,7.493236e+01,7.546024e+01,7.633926e+01,7.682204e+01,7.698263e+01,7.744336e+01,7.791266e+01,7.829104e+01,7.927242e+01,7.983462e+01,8.000190e+01,8.033591e+01,8.103108e+01,8.144086e+01,8.159667e+01,8.220871e+01,8.276041e+01,8.252835e+01,8.337756e+01,8.346415e+01,8.410731e+01,8.426051e+01,8.465244e+01,8.512908e+01,8.529082e+01,8.534786e+01,8.573713e+01,8.572765e+01,8.588879e+01,8.610654e+01,8.622003e+01,8.660720e+01,8.648454e+01,8.636179e+01,8.636179e+01,8.636179e+01,8.636179e+01,8.636179e+01,8.636179e+01,8.636179e+01,8.636179e+01,8.636179e+01,8.636179e+01,8.636179e+01,8.636179e+01,8.636179e+01,8.636179e+01,8.614438e+01,8.598350e+01,8.590773e+01,8.571816e+01,8.571816e+01,8.571816e+01,8.571816e+01,8.571816e+01,8.571816e+01,8.559483e+01,8.538589e+01,8.557584e+01,8.540489e+01,8.527180e+01,8.513860e+01,8.490047e+01,8.472879e+01,8.476696e+01,8.458559e+01,8.449960e+01,8.446137e+01,8.435619e+01,8.457603e+01,8.436576e+01,8.423180e+01,8.423180e+01,8.423180e+01,8.405940e+01,8.392519e+01,8.386763e+01,8.365641e+01,8.346415e+01,8.339680e+01,8.328129e+01,8.312713e+01,8.292457e+01,8.311749e+01,8.309821e+01,8.263475e+01,8.254770e+01,8.254770e+01,8.232502e+01,8.203409e+01,8.188842e+01,8.216022e+01,8.199525e+01,8.183012e+01,8.164534e+01,8.143111e+01,8.159667e+01,8.146034e+01,8.132389e+01,8.128488e+01,8.122635e+01,8.087469e+01,8.068878e+01,8.068878e+01,8.068878e+01,8.032610e+01,8.014935e+01,8.014935e+01,8.014935e+01,8.014935e+01,8.014935e+01,8.014935e+01,7.967702e+01,7.967702e+01,7.967702e+01,7.967702e+01,7.967702e+01,7.967702e+01,7.955871e+01,7.939095e+01,7.948965e+01,7.946004e+01,7.920323e+01,7.908456e+01,7.908456e+01,7.948965e+01,7.906477e+01,7.924277e+01,7.924277e+01,7.924277e+01,7.924277e+01,7.924277e+01,7.924277e+01,7.924277e+01,7.924277e+01,7.924277e+01,7.941070e+01,7.940083e+01,7.940083e+01,7.940083e+01,7.940083e+01,7.940083e+01,7.940083e+01,7.940083e+01,7.980508e+01,7.977554e+01,7.976569e+01,7.976569e+01,7.976569e+01,7.976569e+01,7.976569e+01,8.016899e+01,8.012969e+01,8.012969e+01,8.012969e+01,8.034572e+01,8.074751e+01,8.061044e+01,8.070836e+01,8.087469e+01,8.094314e+01,8.134339e+01,8.120683e+01,8.156747e+01,8.153826e+01,8.153826e+01,8.193699e+01,8.180096e+01,8.201467e+01,8.205350e+01,8.229595e+01,8.242188e+01,8.251867e+01,8.267342e+01,8.305964e+01,8.303071e+01,8.309821e+01,8.316568e+01,8.316568e+01,8.356031e+01,8.353147e+01,8.399231e+01,8.396355e+01,8.400189e+01,8.400189e+01,8.400189e+01,8.400189e+01,8.439445e+01,8.436576e+01,8.457603e+01,8.467152e+01,8.467152e+01,8.506244e+01,8.492906e+01,8.500529e+01,8.508148e+01,8.508148e+01,8.508148e+01,8.508148e+01,8.508148e+01,8.508148e+01,8.508148e+01,8.508148e+01,8.490047e+01,8.476696e+01,8.476696e+01,8.451871e+01,8.432750e+01,8.432750e+01,8.432750e+01,8.376205e+01,8.391560e+01,8.359875e+01,8.332943e+01,8.321386e+01,8.284734e+01,8.304035e+01,8.265409e+01,8.233471e+01,8.185927e+01,8.162588e+01,8.132389e+01,8.114827e+01,8.106039e+01,8.075730e+01,8.034572e+01,8.022793e+01,7.971643e+01,7.932182e+01,7.888657e+01,7.833081e+01,7.830098e+01,7.769317e+01,7.713302e+01,7.703278e+01,7.594585e+01,7.601654e+01,7.549063e+01,7.477973e+01,7.424942e+01,7.365567e+01,7.352225e+01,7.279147e+01,7.220213e+01,7.172477e+01,7.129797e+01,7.089082e+01,7.024117e+01,6.959910e+01,6.921882e+01,6.860400e+01,6.811447e+01,6.763393e+01,6.673251e+01,6.618236e+01,6.596602e+01,6.508637e+01,6.426684e+01,6.393765e+01,6.322167e+01,6.265725e+01,6.239082e+01,6.180058e+01,6.115167e+01,6.040941e+01,5.982166e+01,5.937912e+01,5.844379e+01,5.793913e+01,5.728245e+01,5.673846e+01,5.602900e+01,5.546796e+01,5.488091e+01,5.384108e+01,5.316295e+01,5.267290e+01,5.204859e+01,5.146951e+01,5.066883e+01,5.003429e+01,4.933494e+01,4.900227e+01,4.825970e+01,4.772470e+01,4.676068e+01,4.631990e+01,4.583948e+01,4.547152e+01,4.475772e+01,4.385932e+01,4.345923e+01,4.313557e+01,4.281101e+01,4.189733e+01,4.175309e+01,4.146405e+01,4.141142e+01,4.091023e+01,4.038025e+01,4.000779e+01,3.958060e+01,3.924573e+01,3.909807e+01,3.909807e+01,3.874828e+01,3.850547e+01,3.800470e+01,3.778744e+01,3.758338e+01,3.702368e+01,3.691414e+01,3.683191e+01,3.683191e+01,3.683191e+01,3.683191e+01,3.683191e+01,3.683191e+01,3.683191e+01,3.683191e+01,3.683191e+01,3.683191e+01,3.683191e+01,3.683191e+01,3.683191e+01,3.683191e+01,3.683191e+01,3.683191e+01,3.683191e+01,3.632347e+01,3.632347e+01,3.632347e+01,3.632347e+01,3.632347e+01,3.632347e+01,3.632347e+01,3.632347e+01,3.632347e+01,3.632347e+01,3.632347e+01,3.632347e+01,3.632347e+01,3.632347e+01,3.632347e+01,3.632347e+01,3.632347e+01,3.632347e+01,3.632347e+01,3.632347e+01,3.632347e+01,3.632347e+01,3.632347e+01,3.632347e+01,3.632347e+01,3.668100e+01,3.668100e+01,3.668100e+01,3.724244e+01,3.724244e+01,3.724244e+01,3.724244e+01,3.724244e+01,3.724244e+01,3.724244e+01,3.780103e+01,3.780103e+01,3.780103e+01,3.780103e+01,3.780103e+01,3.780103e+01,3.835683e+01,3.831625e+01,3.835683e+01,3.835683e+01,3.835683e+01,3.835683e+01,3.835683e+01,3.835683e+01,3.835683e+01,3.835683e+01,3.835683e+01,3.835683e+01,3.835683e+01,3.835683e+01,3.835683e+01,3.835683e+01,3.835683e+01,3.835683e+01,3.835683e+01,3.780103e+01,3.784180e+01,3.788254e+01,3.788254e+01,3.788254e+01,3.788254e+01,3.788254e+01,3.788254e+01,3.788254e+01,3.788254e+01,3.788254e+01,3.788254e+01,3.788254e+01,3.788254e+01,3.732436e+01,3.732436e+01,3.788254e+01,3.769226e+01,3.765144e+01,3.761061e+01,3.761061e+01,3.761061e+01,3.761061e+01,3.705105e+01,3.709209e+01,3.709209e+01,3.709209e+01,3.709209e+01,3.709209e+01,3.709209e+01,3.709209e+01,3.709209e+01,3.709209e+01,3.709209e+01,3.709209e+01,3.709209e+01,3.709209e+01,3.709209e+01,3.709209e+01,3.709209e+01,3.709209e+01,3.709209e+01,3.709209e+01,3.709209e+01,3.709209e+01,3.709209e+01,3.709209e+01,3.709209e+01,3.709209e+01,3.709209e+01,3.709209e+01,3.709209e+01,3.709209e+01,3.709209e+01,3.709209e+01,3.654363e+01,3.654363e+01,3.710577e+01,3.691414e+01,3.687303e+01,3.683191e+01,3.679078e+01,3.679078e+01,3.679078e+01,3.679078e+01,3.679078e+01,3.679078e+01,3.679078e+01,3.679078e+01,3.679078e+01,3.679078e+01,3.679078e+01,3.679078e+01,3.679078e+01,3.679078e+01,3.679078e+01,3.679078e+01,3.679078e+01,3.679078e+01,3.679078e+01,3.679078e+01,3.679078e+01,3.679078e+01,3.679078e+01,3.679078e+01,3.679078e+01,3.679078e+01,3.679078e+01,3.679078e+01,3.679078e+01,3.679078e+01,3.679078e+01,3.679078e+01,3.679078e+01,3.679078e+01
3.509069e+01,3.509069e+01,3.509069e+01,3.509069e+01,3.509069e+01,3.509069e+01,3.509069e+01,3.509069e+01,3.509069e+01,3.509069e+01,3.509069e+01,3.509069e+01,3.509069e+01,3.566034e+01,3.566034e+01,3.566034e+01,3.566034e+01,3.566034e+01,3.566034e+01,3.566034e+01,3.566034e+01,3.630970e+01,3.630970e+01,3.630970e+01,3.630970e+01,3.630970e+01,3.687303e+01,3.683191e+01,3.683191e+01,3.683191e+01,3.683191e+01,3.683191e+01,3.683191e+01,3.739258e+01,3.735165e+01,3.735165e+01,3.735165e+01,3.735165e+01,3.735165e+01,3.803182e+01,3.803182e+01,3.803182e+01,3.858646e+01,3.881563e+01,3.919206e+01,3.919206e+01,3.919206e+01,3.962072e+01,3.984778e+01,3.994115e+01,3.994115e+01,4.048645e+01,4.057928e+01,4.057928e+01,4.057928e+01,4.116110e+01,4.116110e+01,4.116110e+01,4.116110e+01,4.116110e+01,4.116110e+01,4.116110e+01,4.116110e+01,4.159552e+01,4.159552e+01,4.159552e+01,4.159552e+01,4.159552e+01,4.159552e+01,4.193663e+01,4.193663e+01,4.193663e+01,4.247248e+01,4.243336e+01,4.243336e+01,4.243336e+01,4.243336e+01,4.243336e+01,4.243336e+01,4.243336e+01,4.296691e+01,4.292796e+01,4.305776e+01,4.301883e+01,4.301883e+01,4.301883e+01,4.301883e+01,4.301883e+01,4.301883e+01,4.301883e+01,4.301883e+01,4.301883e+01,4.301883e+01,4.374331e+01,4.364009e+01,4.415527e+01,4.442484e+01,4.469378e+01,4.515340e+01,4.575077e+01,4.591546e+01,4.618103e+01,4.648381e+01,4.699928e+01,4.747505e+01,4.791159e+01,4.880469e+01,4.900227e+01,4.950708e+01,4.989964e+01,5.048612e+01,5.092415e+01,5.133643e+01,5.181969e+01,5.206063e+01,5.273277e+01,5.368674e+01,5.412552e+01,5.445656e+01,5.519825e+01,5.564355e+01,5.651790e+01,5.677325e+01,5.734018e+01,5.774362e+01,5.823757e+01,5.934502e+01,5.966297e+01,5.990093e+01,6.063477e+01,6.098334e+01,6.147652e+01,6.180058e+01,6.246858e+01,6.277918e+01,6.322167e+01,6.399257e+01,6.442019e+01,6.485740e+01,6.539108e+01,6.585773e+01,6.635519e+01,6.695841e+01,6.740912e+01,6.815710e+01,6.872080e+01,6.914476e+01,6.993628e+01,7.013610e+01,7.105799e+01,7.173516e+01,7.207775e+01,7.292554e+01,7.327563e+01,7.388116e+01,7.454541e+01,7.495269e+01,7.589534e+01,7.607710e+01,7.680196e+01,7.718312e+01,7.747336e+01,7.794257e+01,7.874782e+01,7.927242e+01,7.967702e+01,8.006089e+01,8.076709e+01,8.117756e+01,8.128488e+01,8.205350e+01,8.195641e+01,8.268309e+01,8.302106e+01,8.377165e+01,8.374285e+01,8.407857e+01,8.444225e+01,8.469062e+01,8.536687e+01,8.533836e+01,8.555686e+01,8.609708e+01,8.595509e+01,8.604976e+01,8.639957e+01,8.647511e+01,8.658833e+01,8.658833e+01,8.658833e+01,8.658833e+01,8.674862e+01,8.700285e+01,8.688049e+01,8.675804e+01,8.663550e+01,8.660720e+01,8.657890e+01,8.655060e+01,8.655060e+01,8.655060e+01,8.655060e+01,8.655060e+01,8.653173e+01,8.624839e+01,8.614438e+01,8.592668e+01,8.589826e+01,8.589826e+01,8.589826e+01,8.589826e+01,8.589826e+01,8.589826e+01,8.577506e+01,8.565176e+01,8.565176e+01,8.527180e+01,8.541439e+01,8.526229e+01,8.535737e+01,8.524327e+01,8.494812e+01,8.474788e+01,8.468107e+01,8.467152e+01,8.459514e+01,8.447093e+01,8.447093e+01,8.423180e+01,8.423180e+01,8.423180e+01,8.423180e+01,8.386763e+01,8.374285e+01,8.374285e+01,8.374285e+01,8.367562e+01,8.338718e+01,8.327165e+01,8.315604e+01,8.292457e+01,8.277973e+01,8.277973e+01,8.277973e+01,8.277973e+01,8.243156e+01,8.231533e+01,8.228626e+01,8.228626e+01,8.183012e+01,8.193699e+01,8.181068e+01,8.169398e+01,8.169398e+01,8.132389e+01,8.132389e+01,8.132389e+01,8.127512e+01,8.097246e+01,8.094314e+01,8.077687e+01,8.056145e+01,8.075730e+01,8.063982e+01,8.052225e+01,8.040459e+01,8.038496e+01,8.021810e+01,8.029665e+01,8.017882e+01,8.006089e+01,7.994288e+01,7.992320e+01,7.990352e+01,7.976569e+01,7.957843e+01,7.957843e+01,7.957843e+01,7.957843e+01,7.957843e+01,7.957843e+01,7.957843e+01,7.957843e+01,7.957843e+01,7.957843e+01,7.957843e+01,7.957843e+01,7.957843e+01,7.957843e+01,7.957843e+01,7.957843e+01,7.957843e+01,7.957843e+01,7.957843e+01,7.957843e+01,7.957843e+01,7.957843e+01,7.957843e+01,7.957843e+01,7.957843e+01,7.957843e+01,7.998222e+01,7.995272e+01,7.995272e+01,7.995272e+01,7.995272e+01,8.035553e+01,8.036534e+01,8.036534e+01,8.036534e+01,8.036534e+01,8.036534e+01,8.074751e+01,8.074751e+01,8.074751e+01,8.114827e+01,8.122635e+01,8.132389e+01,8.142136e+01,8.154800e+01,8.154800e+01,8.194670e+01,8.195641e+01,8.191756e+01,8.232502e+01,8.242188e+01,8.239282e+01,8.239282e+01,8.278939e+01,8.286665e+01,8.330054e+01,8.325240e+01,8.323313e+01,8.362759e+01,8.359875e+01,8.360837e+01,8.379086e+01,8.397313e+01,8.397313e+01,8.436576e+01,8.425095e+01,8.423180e+01,8.430836e+01,8.437532e+01,8.485280e+01,8.482419e+01,8.480511e+01,8.501482e+01,8.507196e+01,8.507196e+01,8.546190e+01,8.534786e+01,8.532885e+01,8.530984e+01,8.529082e+01,8.566125e+01,8.554736e+01,8.543340e+01,8.531934e+01,8.512908e+01,8.498624e+01,8.492906e+01,8.476696e+01,8.456648e+01,8.455693e+01,8.439445e+01,8.397313e+01,8.381005e+01,8.367562e+01,8.349300e+01,8.356031e+01,8.324276e+01,8.290527e+01,8.301141e+01,8.250900e+01,8.211172e+01,8.187870e+01,8.166479e+01,8.137263e+01,8.122635e+01,8.117756e+01,8.041439e+01,8.049284e+01,7.992320e+01,7.946992e+01,7.941070e+01,7.889647e+01,7.851960e+01,7.744336e+01,7.715306e+01,7.702275e+01,7.638963e+01,7.603674e+01,7.549063e+01,7.517622e+01,7.445361e+01,7.401425e+01,7.352225e+01,7.320363e+01,7.241953e+01,7.187022e+01,7.144385e+01,7.103710e+01,7.038811e+01,6.974671e+01,6.936683e+01,6.875265e+01,6.826363e+01,6.778361e+01,6.688315e+01,6.649545e+01,6.609586e+01,6.521704e+01,6.448586e+01,6.400356e+01,6.328792e+01,6.281242e+01,6.239082e+01,6.180058e+01,6.115167e+01,6.040941e+01,5.982166e+01,5.937912e+01,5.844379e+01,5.793913e+01,5.728245e+01,5.673846e+01,5.602900e+01,5.546796e+01,5.488091e+01,5.384108e+01,5.316295e+01,5.316295e+01,5.231310e+01,5.165076e+01,5.086341e+01,5.024210e+01,4.964217e+01,4.868105e+01,4.806091e+01,4.773717e+01,4.678581e+01,4.635774e+01,4.597874e+01,4.491105e+01,4.457859e+01,4.396235e+01,4.352386e+01,4.316150e+01,4.264187e+01,4.209373e+01,4.180556e+01,4.163493e+01,4.077797e+01,4.059254e+01,4.034040e+01,3.996781e+01,3.954047e+01,3.936640e+01,3.936640e+01,3.881563e+01,3.874828e+01,3.822152e+01,3.803182e+01,3.747440e+01,3.736530e+01,3.722878e+01,3.722878e+01,3.683191e+01,3.683191e+01,3.683191e+01,3.683191e+01,3.683191e+01,3.683191e+01,3.683191e+01,3.683191e+01,3.683191e+01,3.683191e+01,3.683191e+01,3.683191e+01,3.683191e+01,3.683191e+01,3.683191e+01,3.626836e+01,3.687303e+01,3.657112e+01,3.657112e+01,3.657112e+01,3.657112e+01,3.657112e+01,3.657112e+01,3.657112e+01,3.657112e+01,3.657112e+01,3.657112e+01,3.657112e+01,3.657112e+01,3.657112e+01,3.657112e+01,3.657112e+01,3.657112e+01,3.657112e+01,3.657112e+01,3.657112e+01,3.657112e+01,3.657112e+01,3.657112e+01,3.657112e+01,3.657112e+01,3.657112e+01,3.657112e+01,3.657112e+01,3.713311e+01,3.725610e+01,3.725610e+01,3.725610e+01,3.725610e+01,3.725610e+01,3.781462e+01,3.777385e+01,3.781462e+01,3.781462e+01,3.781462e+01,3.781462e+01,3.781462e+01,3.781462e+01,3.835683e+01,3.835683e+01,3.835683e+01,3.835683e+01,3.835683e+01,3.835683e+01,3.835683e+01,3.835683e+01,3.835683e+01,3.835683e+01,3.835683e+01,3.835683e+01,3.835683e+01,3.835683e+01,3.835683e+01,3.835683e+01,3.835683e+01,3.835683e+01,3.835683e+01,3.835683e+01,3.784180e+01,3.784180e+01,3.784180e+01,3.784180e+01,3.784180e+01,3.784180e+01,3.784180e+01,3.784180e+01,3.784180e+01,3.784180e+01,3.784180e+01,3.784180e+01,3.784180e+01,3.784180e+01,3.732436e+01,3.767866e+01,3.767866e+01,3.767866e+01,3.767866e+01,3.767866e+01,3.711944e+01,3.716046e+01,3.759700e+01,3.743349e+01,3.741986e+01,3.740622e+01,3.739258e+01,3.737894e+01,3.736530e+01,3.736530e+01,3.736530e+01,3.736530e+01,3.736530e+01,3.736530e+01,3.736530e+01,3.736530e+01,3.736530e+01,3.736530e+01,3.680449e+01,3.681820e+01,3.681820e+01,3.681820e+01,3.681820e+01,3.681820e+01,3.681820e+01,3.681820e+01,3.681820e+01,3.681820e+01,3.681820e+01,3.681820e+01,3.681820e+01,3.681820e+01,3.681820e+01,3.681820e+01,3.681820e+01,3.681820e+01,3.681820e+01,3.681820e+01,3.681820e+01,3.681820e+01,3.681820e+01,3.681820e+01,3.681820e+01,3.681820e+01,3.681820e+01,3.681820e+01,3.681820e+01,3.681820e+01,3.681820e+01,3.681820e+01,3.681820e+01,3.681820e+01,3.681820e+01,3.681820e+01,3.681820e+01,3.681820e+01,3.681820e+01,3.681820e+01,3.681820e+01,3.681820e+01,3.681820e+01,3.681820e+01,3.681820e+01,3.681820e+01,3.681820e+01,3.681820e+01,3.681820e+01,3.681820e+01,3.681820e+01,3.681820e+01,3.681820e+01,3.681820e+01,3.625458e+01,3.641985e+01
3.509069e+01,3.509069e+01,3.509069e+01,3.509069e+01,3.509069e+01,3.509069e+01,3.509069e+01,3.509069e+01,3.509069e+01,3.509069e+01,3.509069e+01,3.509069e+01,3.566034e+01,3.566034e+01,3.566034e+01,3.566034e+01,3.566034e+01,3.566034e+01,3.622702e+01,3.606146e+01,3.617186e+01,3.630970e+01,3.630970e+01,3.630970e+01,3.687303e+01,3.683191e+01,3.687303e+01,3.687303e+01,3.687303e+01,3.687303e+01,3.687303e+01,3.687303e+01,3.687303e+01,3.739258e+01,3.739258e+01,3.739258e+01,3.739258e+01,3.739258e+01,3.795042e+01,3.803182e+01,3.803182e+01,3.858646e+01,3.858646e+01,3.896367e+01,3.907120e+01,3.907120e+01,3.962072e+01,3.962072e+01,4.016756e+01,4.015426e+01,4.043336e+01,4.048645e+01,4.048645e+01,4.048645e+01,4.048645e+01,4.116110e+01,4.061905e+01,4.077797e+01,4.079120e+01,4.080443e+01,4.135877e+01,4.135877e+01,4.135877e+01,4.135877e+01,4.135877e+01,4.189733e+01,4.187111e+01,4.184489e+01,4.198902e+01,4.198902e+01,4.198902e+01,4.198902e+01,4.198902e+01,4.198902e+01,4.243336e+01,4.243336e+01,4.243336e+01,4.243336e+01,4.243336e+01,4.243336e+01,4.243336e+01,4.292796e+01,4.292796e+01,4.292796e+01,4.292796e+01,4.292796e+01,4.292796e+01,4.292796e+01,4.292796e+01,4.292796e+01,4.292796e+01,4.292796e+01,4.345923e+01,4.374331e+01,4.391084e+01,4.419382e+01,4.446329e+01,4.488551e+01,4.514066e+01,4.554774e+01,4.585214e+01,4.615576e+01,4.664749e+01,4.750004e+01,4.767481e+01,4.791159e+01,4.861917e+01,4.907627e+01,4.940875e+01,4.998534e+01,5.048612e+01,5.092415e+01,5.133643e+01,5.163869e+01,5.213282e+01,5.273277e+01,5.368674e+01,5.403078e+01,5.453918e+01,5.519825e+01,5.564355e+01,5.642492e+01,5.685439e+01,5.734018e+01,5.821464e+01,5.870681e+01,5.887806e+01,5.976500e+01,6.007064e+01,6.054467e+01,6.106192e+01,6.138699e+01,6.187868e+01,6.237970e+01,6.285672e+01,6.323272e+01,6.355259e+01,6.419010e+01,6.470453e+01,6.523881e+01,6.570597e+01,6.664635e+01,6.713028e+01,6.785839e+01,6.830622e+01,6.874203e+01,6.959910e+01,6.993628e+01,7.078623e+01,7.120411e+01,7.175595e+01,7.209849e+01,7.294617e+01,7.329620e+01,7.432092e+01,7.468809e+01,7.542983e+01,7.589534e+01,7.629896e+01,7.696256e+01,7.751334e+01,7.768318e+01,7.810197e+01,7.877756e+01,7.930206e+01,7.970658e+01,8.049284e+01,8.090403e+01,8.103108e+01,8.175234e+01,8.205350e+01,8.217962e+01,8.244124e+01,8.324276e+01,8.375246e+01,8.396355e+01,8.461424e+01,8.466198e+01,8.524327e+01,8.536687e+01,8.544289e+01,8.608762e+01,8.609708e+01,8.609708e+01,8.648454e+01,8.648454e+01,8.648454e+01,8.687108e+01,8.685224e+01,8.683340e+01,8.720033e+01,8.684283e+01,8.691815e+01,8.691815e+01,8.691815e+01,8.691815e+01,8.691815e+01,8.691815e+01,8.691815e+01,8.691815e+01,8.691815e+01,8.655060e+01,8.655060e+01,8.655060e+01,8.655060e+01,8.655060e+01,8.631455e+01,8.617275e+01,8.616330e+01,8.615384e+01,8.614438e+01,8.613492e+01,8.573713e+01,8.573713e+01,8.573713e+01,8.573713e+01,8.573713e+01,8.573713e+01,8.565176e+01,8.553787e+01,8.531934e+01,8.538589e+01,8.515764e+01,8.497671e+01,8.494812e+01,8.485280e+01,8.470971e+01,8.465244e+01,8.449960e+01,8.448049e+01,8.446137e+01,8.429879e+01,8.407857e+01,8.393478e+01,8.393478e+01,8.393478e+01,8.367562e+01,8.347377e+01,8.347377e+01,8.347377e+01,8.347377e+01,8.317532e+01,8.305964e+01,8.304035e+01,8.287630e+01,8.267342e+01,8.253802e+01,8.248964e+01,8.232502e+01,8.241219e+01,8.189813e+01,8.189813e+01,8.189813e+01,8.189813e+01,8.172317e+01,8.119707e+01,8.119707e+01,8.119707e+01,8.119707e+01,8.119707e+01,8.077687e+01,8.064961e+01,8.064961e+01,8.064961e+01,8.064961e+01,8.064961e+01,8.038496e+01,8.038496e+01,7.998222e+01,8.000190e+01,8.000190e+01,8.000190e+01,8.000190e+01,8.000190e+01,7.976569e+01,7.976569e+01,7.976569e+01,7.976569e+01,7.976569e+01,7.976569e+01,7.976569e+01,7.976569e+01,7.976569e+01,7.976569e+01,7.976569e+01,7.936133e+01,7.938107e+01,7.938107e+01,7.978539e+01,7.976569e+01,7.976569e+01,7.976569e+01,7.976569e+01,7.976569e+01,7.976569e+01,7.976569e+01,7.976569e+01,7.976569e+01,8.016899e+01,8.003139e+01,8.000190e+01,8.000190e+01,8.000190e+01,8.000190e+01,8.040459e+01,8.037515e+01,8.037515e+01,8.037515e+01,8.037515e+01,8.077687e+01,8.063982e+01,8.071815e+01,8.114827e+01,8.101154e+01,8.108969e+01,8.115804e+01,8.115804e+01,8.155773e+01,8.153826e+01,8.153826e+01,8.153826e+01,8.194670e+01,8.194670e+01,8.234440e+01,8.235408e+01,8.235408e+01,8.235408e+01,8.275074e+01,8.279905e+01,8.308857e+01,8.328129e+01,8.328129e+01,8.328129e+01,8.362759e+01,8.362759e+01,8.362759e+01,8.402106e+01,8.400189e+01,8.422223e+01,8.434663e+01,8.434663e+01,8.473833e+01,8.460469e+01,8.468107e+01,8.483372e+01,8.522424e+01,8.522424e+01,8.519570e+01,8.519570e+01,8.558533e+01,8.559483e+01,8.559483e+01,8.559483e+01,8.559483e+01,8.559483e+01,8.559483e+01,8.559483e+01,8.559483e+01,8.559483e+01,8.551888e+01,8.524327e+01,8.516715e+01,8.494812e+01,8.483372e+01,8.480511e+01,8.448049e+01,8.421265e+01,8.403065e+01,8.387722e+01,8.367562e+01,8.345453e+01,8.320422e+01,8.305964e+01,8.283768e+01,8.286665e+01,8.241219e+01,8.217962e+01,8.196613e+01,8.176206e+01,8.147983e+01,8.126537e+01,8.106039e+01,8.071815e+01,8.047323e+01,7.965730e+01,7.977554e+01,7.907467e+01,7.862879e+01,7.797247e+01,7.765323e+01,7.717310e+01,7.651042e+01,7.612756e+01,7.565265e+01,7.517622e+01,7.484080e+01,7.420855e+01,7.378896e+01,7.335789e+01,7.297708e+01,7.223320e+01,7.161038e+01,7.119368e+01,7.053492e+01,6.988364e+01,6.949357e+01,6.886933e+01,6.837009e+01,6.787975e+01,6.696915e+01,6.657092e+01,6.616074e+01,6.527145e+01,6.497738e+01,6.428876e+01,6.349749e+01,6.302273e+01,6.260178e+01,6.201247e+01,6.136459e+01,6.062352e+01,6.003671e+01,5.959490e+01,5.912883e+01,5.793913e+01,5.728245e+01,5.673846e+01,5.602900e+01,5.546796e+01,5.488091e+01,5.432661e+01,5.368674e+01,5.278064e+01,5.212078e+01,5.166284e+01,5.088771e+01,5.027873e+01,4.969125e+01,4.874289e+01,4.821003e+01,4.768728e+01,4.679838e+01,4.645860e+01,4.587748e+01,4.552234e+01,4.494934e+01,4.424520e+01,4.391084e+01,4.340751e+01,4.290198e+01,4.244640e+01,4.173996e+01,4.134560e+01,4.134560e+01,4.097630e+01,4.010102e+01,3.994115e+01,3.966082e+01,3.936640e+01,3.907120e+01,3.885602e+01,3.849196e+01,3.845144e+01,3.796399e+01,3.770586e+01,3.770586e+01,3.722878e+01,3.707841e+01,3.695523e+01,3.695523e+01,3.695523e+01,3.695523e+01,3.695523e+01,3.695523e+01,3.695523e+01,3.695523e+01,3.639232e+01,3.698262e+01,3.698262e+01,3.698262e+01,3.641985e+01,3.646112e+01,3.635102e+01,3.632347e+01,3.648863e+01,3.648863e+01,3.648863e+01,3.648863e+01,3.648863e+01,3.648863e+01,3.648863e+01,3.648863e+01,3.648863e+01,3.648863e+01,3.648863e+01,3.648863e+01,3.648863e+01,3.648863e+01,3.648863e+01,3.648863e+01,3.648863e+01,3.648863e+01,3.648863e+01,3.648863e+01,3.648863e+01,3.648863e+01,3.648863e+01,3.648863e+01,3.648863e+01,3.648863e+01,3.648863e+01,3.705105e+01,3.714679e+01,3.714679e+01,3.714679e+01,3.714679e+01,3.714679e+01,3.714679e+01,3.714679e+01,3.777385e+01,3.777385e+01,3.777385e+01,3.777385e+01,3.777385e+01,3.777385e+01,3.832978e+01,3.781462e+01,3.855947e+01,3.855947e+01,3.855947e+01,3.855947e+01,3.855947e+01,3.855947e+01,3.855947e+01,3.855947e+01,3.855947e+01,3.855947e+01,3.855947e+01,3.855947e+01,3.855947e+01,3.855947e+01,3.800470e+01,3.804538e+01,3.808606e+01,3.808606e+01,3.808606e+01,3.808606e+01,3.808606e+01,3.808606e+01,3.808606e+01,3.808606e+01,3.808606e+01,3.808606e+01,3.808606e+01,3.808606e+01,3.752890e+01,3.756976e+01,3.756976e+01,3.756976e+01,3.756976e+01,3.756976e+01,3.756976e+01,3.756976e+01,3.756976e+01,3.756976e+01,3.756976e+01,3.756976e+01,3.756976e+01,3.756976e+01,3.756976e+01,3.756976e+01,3.756976e+01,3.756976e+01,3.756976e+01,3.756976e+01,3.700999e+01,3.761061e+01,3.761061e+01,3.705105e+01,3.710577e+01,3.710577e+01,3.710577e+01,3.710577e+01,3.710577e+01,3.710577e+01,3.710577e+01,3.710577e+01,3.710577e+01,3.710577e+01,3.710577e+01,3.710577e+01,3.710577e+01,3.710577e+01,3.710577e+01,3.710577e+01,3.710577e+01,3.710577e+01,3.710577e+01,3.710577e+01,3.710577e+01,3.710577e+01,3.710577e+01,3.681820e+01,3.681820e+01,3.681820e+01,3.681820e+01,3.681820e+01,3.681820e+01,3.681820e+01,3.681820e+01,3.681820e+01,3.681820e+01,3.681820e+01,3.681820e+01,3.681820e+01,3.681820e+01,3.681820e+01,3.681820e+01,3.681820e+01,3.681820e+01,3.681820e+01,3.681820e+01,3.681820e+01,3.681820e+01,3.681820e+01,3.681820e+01,3.681820e+01,3.681820e+01,3.681820e+01,3.681820e+01,3.681820e+01,3.681820e+01,3.681820e+01,3.681820e+01,3.681820e+01,3.681820e+01,3.625458e+01,3.629592e+01,3.680449e+01,3.659860e+01
3.566034e+01,3.545227e+01,3.539672e+01,3.534114e+01,3.534114e+01,3.534114e+01,3.534114e+01,3.534114e+01,3.534114e+01,3.534114e+01,3.534114e+01,3.534114e+01,3.534114e+01,3.534114e+01,3.534114e+01,3.566034e+01,3.566034e+01,3.566034e+01,3.622702e+01,3.622702e+01,3.622702e+01,3.622702e+01,3.622702e+01,3.622702e+01,3.687303e+01,3.687303e+01,3.687303e+01,3.687303e+01,3.687303e+01,3.687303e+01,3.687303e+01,3.687303e+01,3.743349e+01,3.743349e+01,3.743349e+01,3.743349e+01,3.743349e+01,3.743349e+01,3.795042e+01,3.795042e+01,3.795042e+01,3.858646e+01,3.873480e+01,3.884256e+01,3.884256e+01,3.939320e+01,3.958060e+01,3.987447e+01,3.994115e+01,4.008770e+01,4.024737e+01,4.024737e+01,4.024737e+01,4.024737e+01,4.079120e+01,4.100272e+01,4.084412e+01,4.084412e+01,4.084412e+01,4.084412e+01,4.135877e+01,4.135877e+01,4.135877e+01,4.135877e+01,4.135877e+01,4.189733e+01,4.189733e+01,4.189733e+01,4.189733e+01,4.189733e+01,4.189733e+01,4.189733e+01,4.243336e+01,4.239423e+01,4.239423e+01,4.239423e+01,4.239423e+01,4.239423e+01,4.239423e+01,4.239423e+01,4.292796e+01,4.292796e+01,4.292796e+01,4.292796e+01,4.292796e+01,4.292796e+01,4.292796e+01,4.292796e+01,4.292796e+01,4.292796e+01,4.292796e+01,4.292796e+01,4.345923e+01,4.362718e+01,4.393660e+01,4.421951e+01,4.414242e+01,4.488551e+01,4.528075e+01,4.557314e+01,4.587748e+01,4.634513e+01,4.663491e+01,4.727495e+01,4.727495e+01,4.791159e+01,4.809820e+01,4.863155e+01,4.919952e+01,4.975258e+01,5.022988e+01,5.075399e+01,5.108195e+01,5.151787e+01,5.198840e+01,5.256507e+01,5.343702e+01,5.391225e+01,5.439751e+01,5.503381e+01,5.593566e+01,5.613392e+01,5.664564e+01,5.759392e+01,5.791615e+01,5.870681e+01,5.912883e+01,5.979900e+01,6.024013e+01,6.054467e+01,6.098334e+01,6.147652e+01,6.187868e+01,6.283457e+01,6.301167e+01,6.315539e+01,6.364070e+01,6.419010e+01,6.470453e+01,6.568427e+01,6.585773e+01,6.665713e+01,6.714101e+01,6.786906e+01,6.831687e+01,6.875265e+01,6.952524e+01,7.002045e+01,7.079669e+01,7.121455e+01,7.176634e+01,7.253328e+01,7.309040e+01,7.378896e+01,7.432092e+01,7.470846e+01,7.503402e+01,7.570324e+01,7.653055e+01,7.711298e+01,7.734332e+01,7.814179e+01,7.828109e+01,7.879739e+01,7.932182e+01,7.972629e+01,8.051244e+01,8.073773e+01,8.148956e+01,8.180096e+01,8.196613e+01,8.259607e+01,8.315604e+01,8.337756e+01,8.368523e+01,8.404024e+01,8.484326e+01,8.491953e+01,8.521473e+01,8.560432e+01,8.606869e+01,8.608762e+01,8.608762e+01,8.647511e+01,8.648454e+01,8.687108e+01,8.684283e+01,8.687108e+01,8.725670e+01,8.682399e+01,8.724730e+01,8.704049e+01,8.738816e+01,8.724730e+01,8.710632e+01,8.710632e+01,8.710632e+01,8.710632e+01,8.672034e+01,8.674862e+01,8.690874e+01,8.670149e+01,8.670149e+01,8.670149e+01,8.670149e+01,8.670149e+01,8.670149e+01,8.656004e+01,8.640901e+01,8.637123e+01,8.633344e+01,8.610654e+01,8.588879e+01,8.588879e+01,8.588879e+01,8.588879e+01,8.588879e+01,8.588879e+01,8.565176e+01,8.581298e+01,8.567074e+01,8.553787e+01,8.539539e+01,8.518619e+01,8.512908e+01,8.512908e+01,8.512908e+01,8.504339e+01,8.474788e+01,8.470016e+01,8.465244e+01,8.438489e+01,8.425095e+01,8.425095e+01,8.425095e+01,8.425095e+01,8.367562e+01,8.356031e+01,8.356031e+01,8.356031e+01,8.356031e+01,8.317532e+01,8.317532e+01,8.317532e+01,8.317532e+01,8.267342e+01,8.267342e+01,8.267342e+01,8.267342e+01,8.241219e+01,8.205350e+01,8.205350e+01,8.205350e+01,8.205350e+01,8.172317e+01,8.175234e+01,8.160641e+01,8.146034e+01,8.103108e+01,8.120683e+01,8.135314e+01,8.107993e+01,8.093336e+01,8.089426e+01,8.085514e+01,8.078666e+01,8.061044e+01,8.044382e+01,8.020828e+01,8.057124e+01,8.042420e+01,8.027702e+01,8.024757e+01,8.017882e+01,8.003139e+01,8.000190e+01,7.997239e+01,7.994288e+01,7.994288e+01,7.994288e+01,7.994288e+01,7.994288e+01,7.994288e+01,7.994288e+01,7.994288e+01,7.994288e+01,7.994288e+01,7.994288e+01,7.994288e+01,7.994288e+01,7.994288e+01,7.994288e+01,7.994288e+01,7.994288e+01,7.994288e+01,7.994288e+01,7.994288e+01,8.034572e+01,8.034572e+01,8.034572e+01,8.034572e+01,8.034572e+01,8.034572e+01,8.034572e+01,8.034572e+01,8.034572e+01,8.034572e+01,8.074751e+01,8.070836e+01,8.077687e+01,8.077687e+01,8.117756e+01,8.117756e+01,8.117756e+01,8.117756e+01,8.157721e+01,8.153826e+01,8.155773e+01,8.155773e+01,8.195641e+01,8.191756e+01,8.194670e+01,8.216022e+01,8.231533e+01,8.231533e+01,8.271209e+01,8.267342e+01,8.275074e+01,8.290527e+01,8.300177e+01,8.328129e+01,8.328129e+01,8.367562e+01,8.367562e+01,8.367562e+01,8.406898e+01,8.406898e+01,8.415520e+01,8.413605e+01,8.434663e+01,8.455693e+01,8.470971e+01,8.470971e+01,8.510052e+01,8.506244e+01,8.519570e+01,8.519570e+01,8.519570e+01,8.558533e+01,8.558533e+01,8.558533e+01,8.558533e+01,8.558533e+01,8.558533e+01,8.597403e+01,8.583193e+01,8.580350e+01,8.577506e+01,8.577506e+01,8.551888e+01,8.532885e+01,8.514812e+01,8.503387e+01,8.503387e+01,8.503387e+01,8.487186e+01,8.457603e+01,8.464288e+01,8.435619e+01,8.405940e+01,8.374285e+01,8.356992e+01,8.368523e+01,8.304035e+01,8.287630e+01,8.288596e+01,8.216022e+01,8.234440e+01,8.203409e+01,8.175234e+01,8.113851e+01,8.091381e+01,8.079645e+01,8.040459e+01,7.982478e+01,7.960802e+01,7.905488e+01,7.860894e+01,7.805217e+01,7.758331e+01,7.715306e+01,7.690236e+01,7.631911e+01,7.583471e+01,7.534872e+01,7.500352e+01,7.436176e+01,7.393237e+01,7.349145e+01,7.310069e+01,7.234710e+01,7.171437e+01,7.128754e+01,7.061874e+01,7.038811e+01,6.978886e+01,6.909184e+01,6.851898e+01,6.801849e+01,6.753763e+01,6.692616e+01,6.630120e+01,6.549974e+01,6.508637e+01,6.439829e+01,6.360767e+01,6.313329e+01,6.271268e+01,6.212386e+01,6.147652e+01,6.073606e+01,6.014976e+01,5.970833e+01,5.915161e+01,5.844379e+01,5.755935e+01,5.693549e+01,5.622711e+01,5.566694e+01,5.508081e+01,5.404263e+01,5.350842e+01,5.276867e+01,5.210876e+01,5.165076e+01,5.087556e+01,5.026652e+01,4.967898e+01,4.873052e+01,4.819761e+01,4.767481e+01,4.689887e+01,4.637035e+01,4.597874e+01,4.543340e+01,4.493658e+01,4.434788e+01,4.382066e+01,4.339457e+01,4.288898e+01,4.243336e+01,4.184489e+01,4.156924e+01,4.088379e+01,4.064555e+01,4.014095e+01,3.982109e+01,3.964746e+01,3.935300e+01,3.919206e+01,3.881563e+01,3.861345e+01,3.827567e+01,3.819444e+01,3.770586e+01,3.740622e+01,3.726975e+01,3.726975e+01,3.695523e+01,3.695523e+01,3.695523e+01,3.695523e+01,3.695523e+01,3.695523e+01,3.695523e+01,3.695523e+01,3.639232e+01,3.674962e+01,3.674962e+01,3.674962e+01,3.674962e+01,3.674962e+01,3.674962e+01,3.674962e+01,3.674962e+01,3.674962e+01,3.674962e+01,3.674962e+01,3.674962e+01,3.674962e+01,3.618565e+01,3.622702e+01,3.622702e+01,3.622702e+01,3.622702e+01,3.679078e+01,3.674962e+01,3.674962e+01,3.674962e+01,3.674962e+01,3.674962e+01,3.674962e+01,3.674962e+01,3.674962e+01,3.674962e+01,3.674962e+01,3.618565e+01,3.679078e+01,3.673590e+01,3.673590e+01,3.673590e+01,3.673590e+01,3.673590e+01,3.673590e+01,3.714679e+01,3.714679e+01,3.714679e+01,3.714679e+01,3.714679e+01,3.777385e+01,3.777385e+01,3.777385e+01,3.777385e+01,3.777385e+01,3.777385e+01,3.777385e+01,3.832978e+01,3.800470e+01,3.820798e+01,3.826213e+01,3.831625e+01,3.831625e+01,3.831625e+01,3.831625e+01,3.831625e+01,3.831625e+01,3.831625e+01,3.831625e+01,3.831625e+01,3.831625e+01,3.831625e+01,3.831625e+01,3.831625e+01,3.831625e+01,3.831625e+01,3.831625e+01,3.831625e+01,3.831625e+01,3.831625e+01,3.831625e+01,3.776026e+01,3.781462e+01,3.781462e+01,3.781462e+01,3.781462e+01,3.781462e+01,3.781462e+01,3.781462e+01,3.781462e+01,3.781462e+01,3.781462e+01,3.781462e+01,3.725610e+01,3.731071e+01,3.731071e+01,3.786896e+01,3.781462e+01,3.781462e+01,3.725610e+01,3.731071e+01,3.731071e+01,3.731071e+01,3.731071e+01,3.731071e+01,3.731071e+01,3.731071e+01,3.731071e+01,3.731071e+01,3.731071e+01,3.731071e+01,3.731071e+01,3.731071e+01,3.731071e+01,3.731071e+01,3.731071e+01,3.674962e+01,3.680449e+01,3.685933e+01,3.685933e+01,3.685933e+01,3.685933e+01,3.685933e+01,3.685933e+01,3.685933e+01,3.685933e+01,3.685933e+01,3.685933e+01,3.685933e+01,3.685933e+01,3.685933e+01,3.685933e+01,3.685933e+01,3.685933e+01,3.685933e+01,3.685933e+01,3.685933e+01,3.685933e+01,3.685933e+01,3.685933e+01,3.685933e+01,3.685933e+01,3.685933e+01,3.685933e+01,3.685933e+01,3.685933e+01,3.685933e+01,3.685933e+01,3.685933e+01,3.685933e+01,3.685933e+01,3.685933e+01,3.685933e+01,3.685933e+01,3.685933e+01,3.685933e+01,3.685933e+01,3.685933e+01,3.685933e+01,3.685933e+01,3.685933e+01,3.685933e+01,3.685933e+01,3.685933e+01,3.685933e+01,3.685933e+01,3.685933e+01,3.685933e+01,3.685933e+01,3.685933e+01,3.685933e+01
3.564648e+01,3.564648e+01,3.564648e+01,3.534114e+01,3.534114e+01,3.534114e+01,3.534114e+01,3.534114e+01,3.534114e+01,3.534114e+01,3.534114e+01,3.534114e+01,3.534114e+01,3.534114e+01,3.590948e+01,3.586800e+01,3.586800e+01,3.586800e+01,3.586800e+01,3.586800e+01,3.622702e+01,3.622702e+01,3.622702e+01,3.679078e+01,3.685933e+01,3.685933e+01,3.685933e+01,3.685933e+01,3.685933e+01,3.685933e+01,3.685933e+01,3.741986e+01,3.741986e+01,3.741986e+01,3.741986e+01,3.741986e+01,3.741986e+01,3.741986e+01,3.795042e+01,3.795042e+01,3.795042e+01,3.858646e+01,3.858646e+01,3.858646e+01,3.913836e+01,3.935300e+01,3.970091e+01,3.975434e+01,3.975434e+01,4.008770e+01,4.063230e+01,4.057928e+01,4.052624e+01,4.064555e+01,4.075150e+01,4.075150e+01,4.075150e+01,4.075150e+01,4.075150e+01,4.129292e+01,4.134560e+01,4.134560e+01,4.134560e+01,4.134560e+01,4.134560e+01,4.189733e+01,4.189733e+01,4.189733e+01,4.189733e+01,4.189733e+01,4.189733e+01,4.189733e+01,4.243336e+01,4.243336e+01,4.243336e+01,4.243336e+01,4.243336e+01,4.243336e+01,4.243336e+01,4.243336e+01,4.243336e+01,4.243336e+01,4.243336e+01,4.292796e+01,4.292796e+01,4.292796e+01,4.292796e+01,4.292796e+01,4.292796e+01,4.292796e+01,4.292796e+01,4.292796e+01,4.292796e+01,4.362718e+01,4.342044e+01,4.375620e+01,4.421951e+01,4.478329e+01,4.517888e+01,4.547152e+01,4.596609e+01,4.624417e+01,4.672296e+01,4.706199e+01,4.733752e+01,4.769976e+01,4.816034e+01,4.864392e+01,4.921183e+01,4.976484e+01,5.024210e+01,5.065665e+01,5.116683e+01,5.152996e+01,5.200044e+01,5.257705e+01,5.344893e+01,5.392411e+01,5.440932e+01,5.504556e+01,5.573709e+01,5.619217e+01,5.665725e+01,5.750171e+01,5.799657e+01,5.871824e+01,5.914022e+01,5.981033e+01,6.014976e+01,6.062352e+01,6.099457e+01,6.148771e+01,6.188984e+01,6.264616e+01,6.301167e+01,6.339826e+01,6.380575e+01,6.464989e+01,6.485740e+01,6.549974e+01,6.591188e+01,6.667867e+01,6.716248e+01,6.789043e+01,6.833816e+01,6.877386e+01,6.954634e+01,7.004148e+01,7.081761e+01,7.123540e+01,7.178712e+01,7.255395e+01,7.311099e+01,7.380946e+01,7.434135e+01,7.504418e+01,7.522698e+01,7.572347e+01,7.655067e+01,7.704280e+01,7.742336e+01,7.797247e+01,7.873790e+01,7.893609e+01,7.934158e+01,8.014935e+01,8.056145e+01,8.088448e+01,8.142136e+01,8.204379e+01,8.213113e+01,8.262508e+01,8.308857e+01,8.370444e+01,8.387722e+01,8.446137e+01,8.483372e+01,8.541439e+01,8.558533e+01,8.573713e+01,8.590773e+01,8.629565e+01,8.638068e+01,8.644678e+01,8.667321e+01,8.671092e+01,8.709692e+01,8.718153e+01,8.721912e+01,8.714393e+01,8.722851e+01,8.714393e+01,8.722851e+01,8.722851e+01,8.722851e+01,8.722851e+01,8.722851e+01,8.722851e+01,8.722851e+01,8.722851e+01,8.722851e+01,8.722851e+01,8.708752e+01,8.694640e+01,8.690874e+01,8.687108e+01,8.687108e+01,8.687108e+01,8.687108e+01,8.675804e+01,8.659777e+01,8.636179e+01,8.622003e+01,8.607816e+01,8.607816e+01,8.607816e+01,8.607816e+01,8.607816e+01,8.604030e+01,8.589826e+01,8.567074e+01,8.567074e+01,8.567074e+01,8.518619e+01,8.557584e+01,8.504339e+01,8.504339e+01,8.543340e+01,8.510052e+01,8.490047e+01,8.478604e+01,8.459514e+01,8.442313e+01,8.442313e+01,8.442313e+01,8.442313e+01,8.406898e+01,8.380045e+01,8.376205e+01,8.372365e+01,8.350262e+01,8.333906e+01,8.333906e+01,8.333906e+01,8.333906e+01,8.306928e+01,8.291492e+01,8.287630e+01,8.280871e+01,8.240251e+01,8.261541e+01,8.246060e+01,8.190785e+01,8.208261e+01,8.192728e+01,8.188842e+01,8.160641e+01,8.164534e+01,8.139213e+01,8.122635e+01,8.123611e+01,8.115804e+01,8.115804e+01,8.115804e+01,8.115804e+01,8.078666e+01,8.078666e+01,8.078666e+01,8.061044e+01,8.060064e+01,8.019846e+01,8.023775e+01,8.023775e+01,8.023775e+01,8.023775e+01,8.023775e+01,8.023775e+01,7.994288e+01,8.034572e+01,8.017882e+01,7.973614e+01,7.978539e+01,8.018864e+01,8.013952e+01,8.013952e+01,8.013952e+01,8.013952e+01,8.013952e+01,8.013952e+01,8.013952e+01,8.013952e+01,8.013952e+01,8.013952e+01,8.013952e+01,8.013952e+01,8.013952e+01,8.054185e+01,8.012969e+01,8.058105e+01,8.052225e+01,8.052225e+01,8.052225e+01,8.052225e+01,8.052225e+01,8.052225e+01,8.052225e+01,8.052225e+01,8.074751e+01,8.074751e+01,8.074751e+01,8.114827e+01,8.115804e+01,8.115804e+01,8.115804e+01,8.155773e+01,8.155773e+01,8.155773e+01,8.155773e+01,8.195641e+01,8.193699e+01,8.193699e+01,8.233471e+01,8.230564e+01,8.230564e+01,8.270242e+01,8.269276e+01,8.308857e+01,8.292457e+01,8.331980e+01,8.333906e+01,8.331017e+01,8.351224e+01,8.364680e+01,8.364680e+01,8.404024e+01,8.404982e+01,8.404982e+01,8.444225e+01,8.451871e+01,8.462379e+01,8.462379e+01,8.462379e+01,8.501482e+01,8.507196e+01,8.546190e+01,8.530033e+01,8.530033e+01,8.530033e+01,8.558533e+01,8.558533e+01,8.597403e+01,8.581298e+01,8.575610e+01,8.595509e+01,8.595509e+01,8.595509e+01,8.595509e+01,8.595509e+01,8.595509e+01,8.590773e+01,8.555686e+01,8.570868e+01,8.543340e+01,8.527180e+01,8.522424e+01,8.494812e+01,8.472879e+01,8.461424e+01,8.434663e+01,8.430836e+01,8.412646e+01,8.379086e+01,8.362759e+01,8.321386e+01,8.321386e+01,8.321386e+01,8.295352e+01,8.243156e+01,8.211172e+01,8.169398e+01,8.160641e+01,8.134339e+01,8.087469e+01,8.044382e+01,7.994288e+01,7.958829e+01,7.942057e+01,7.877756e+01,7.859901e+01,7.793259e+01,7.744336e+01,7.708291e+01,7.648023e+01,7.597615e+01,7.547037e+01,7.510514e+01,7.444341e+01,7.399379e+01,7.353252e+01,7.312129e+01,7.234710e+01,7.169358e+01,7.126669e+01,7.070251e+01,7.032516e+01,6.976779e+01,6.907066e+01,6.849772e+01,6.799715e+01,6.751622e+01,6.690466e+01,6.627960e+01,6.547802e+01,6.506458e+01,6.437640e+01,6.403649e+01,6.334310e+01,6.290101e+01,6.229077e+01,6.162189e+01,6.085976e+01,6.025142e+01,5.978767e+01,5.920852e+01,5.847812e+01,5.757087e+01,5.692390e+01,5.620382e+01,5.564355e+01,5.505731e+01,5.401893e+01,5.348463e+01,5.274473e+01,5.257705e+01,5.138484e+01,5.119107e+01,5.049831e+01,4.989964e+01,4.894056e+01,4.839618e+01,4.786179e+01,4.707452e+01,4.664749e+01,4.611785e+01,4.503866e+01,4.475772e+01,4.432222e+01,4.326514e+01,4.308371e+01,4.270695e+01,4.239423e+01,4.194973e+01,4.149036e+01,4.112152e+01,4.060579e+01,4.024737e+01,4.003443e+01,3.970091e+01,3.951371e+01,3.919206e+01,3.892331e+01,3.855947e+01,3.838387e+01,3.801826e+01,3.781462e+01,3.762422e+01,3.726975e+01,3.710577e+01,3.706473e+01,3.706473e+01,3.650238e+01,3.673590e+01,3.673590e+01,3.673590e+01,3.673590e+01,3.673590e+01,3.673590e+01,3.673590e+01,3.673590e+01,3.673590e+01,3.673590e+01,3.673590e+01,3.673590e+01,3.673590e+01,3.673590e+01,3.673590e+01,3.673590e+01,3.673590e+01,3.673590e+01,3.673590e+01,3.618565e+01,3.618565e+01,3.618565e+01,3.618565e+01,3.674962e+01,3.676334e+01,3.676334e+01,3.676334e+01,3.676334e+01,3.676334e+01,3.676334e+01,3.676334e+01,3.676334e+01,3.676334e+01,3.619944e+01,3.625458e+01,3.680449e+01,3.677706e+01,3.677706e+01,3.677706e+01,3.677706e+01,3.677706e+01,3.677706e+01,3.677706e+01,3.714679e+01,3.714679e+01,3.714679e+01,3.770586e+01,3.765144e+01,3.774666e+01,3.774666e+01,3.774666e+01,3.774666e+01,3.774666e+01,3.774666e+01,3.830272e+01,3.830272e+01,3.811316e+01,3.866740e+01,3.843793e+01,3.843793e+01,3.843793e+01,3.843793e+01,3.843793e+01,3.843793e+01,3.843793e+01,3.843793e+01,3.843793e+01,3.843793e+01,3.843793e+01,3.843793e+01,3.843793e+01,3.843793e+01,3.843793e+01,3.843793e+01,3.843793e+01,3.788254e+01,3.795042e+01,3.801826e+01,3.789612e+01,3.780103e+01,3.780103e+01,3.780103e+01,3.780103e+01,3.780103e+01,3.780103e+01,3.780103e+01,3.780103e+01,3.780103e+01,3.780103e+01,3.780103e+01,3.780103e+01,3.780103e+01,3.780103e+01,3.780103e+01,3.724244e+01,3.747440e+01,3.735165e+01,3.728341e+01,3.728341e+01,3.728341e+01,3.728341e+01,3.728341e+01,3.728341e+01,3.728341e+01,3.728341e+01,3.728341e+01,3.728341e+01,3.728341e+01,3.728341e+01,3.728341e+01,3.728341e+01,3.728341e+01,3.728341e+01,3.728341e+01,3.728341e+01,3.728341e+01,3.728341e+01,3.728341e+01,3.728341e+01,3.685933e+01,3.685933e+01,3.685933e+01,3.685933e+01,3.685933e+01,3.685933e+01,3.685933e+01,3.685933e+01,3.685933e+01,3.685933e+01,3.685933e+01,3.685933e+01,3.685933e+01,3.685933e+01,3.685933e+01,3.685933e+01,3.685933e+01,3.685933e+01,3.685933e+01,3.685933e+01,3.685933e+01,3.685933e+01,3.685933e+01,3.685933e+01,3.685933e+01,3.685933e+01,3.685933e+01,3.685933e+01,3.685933e+01,3.685933e+01,3.685933e+01,3.685933e+01,3.685933e+01,3.685933e+01,3.685933e+01,3.685933e+01,3.685933e+01,3.629592e+01,3.652988e+01,3.659860e+01,3.659860e+01,3.659860e+01,3.659860e+01,3.659860e+01,3.659860e+01,3.659860e+01,3.659860e+01,3.659860e+01,3.659860e+01,3.659860e+01
3.564648e+01,3.564648e+01,3.564648e+01,3.564648e+01,3.564648e+01,3.564648e+01,3.564648e+01,3.534114e+01,3.534114e+01,3.534114e+01,3.534114e+01,3.534114e+01,3.534114e+01,3.534114e+01,3.590948e+01,3.590948e+01,3.590948e+01,3.590948e+01,3.590948e+01,3.590948e+01,3.622702e+01,3.622702e+01,3.679078e+01,3.676334e+01,3.676334e+01,3.676334e+01,3.676334e+01,3.732436e+01,3.709209e+01,3.709209e+01,3.709209e+01,3.709209e+01,3.709209e+01,3.709209e+01,3.709209e+01,3.709209e+01,3.741986e+01,3.770586e+01,3.790970e+01,3.790970e+01,3.846495e+01,3.855947e+01,3.855947e+01,3.911150e+01,3.911150e+01,3.948694e+01,3.959398e+01,3.959398e+01,4.014095e+01,3.983444e+01,4.014095e+01,4.036697e+01,4.036697e+01,4.036697e+01,4.075150e+01,4.075150e+01,4.075150e+01,4.129292e+01,4.124021e+01,4.126657e+01,4.126657e+01,4.126657e+01,4.126657e+01,4.126657e+01,4.126657e+01,4.135877e+01,4.158238e+01,4.164807e+01,4.164807e+01,4.164807e+01,4.164807e+01,4.218526e+01,4.185801e+01,4.208064e+01,4.214605e+01,4.221141e+01,4.221141e+01,4.221141e+01,4.221141e+01,4.221141e+01,4.221141e+01,4.274598e+01,4.286300e+01,4.290198e+01,4.290198e+01,4.290198e+01,4.290198e+01,4.290198e+01,4.290198e+01,4.290198e+01,4.290198e+01,4.290198e+01,4.290198e+01,4.309667e+01,4.380777e+01,4.402669e+01,4.439919e+01,4.468099e+01,4.456579e+01,4.510242e+01,4.549694e+01,4.601670e+01,4.639558e+01,4.674810e+01,4.755000e+01,4.787424e+01,4.819761e+01,4.868105e+01,4.924878e+01,4.980162e+01,5.027873e+01,5.069316e+01,5.106982e+01,5.160246e+01,5.203656e+01,5.261301e+01,5.348463e+01,5.395967e+01,5.444475e+01,5.508081e+01,5.577216e+01,5.622711e+01,5.669206e+01,5.753630e+01,5.803103e+01,5.828342e+01,5.894650e+01,5.952680e+01,5.999147e+01,6.048833e+01,6.088224e+01,6.139818e+01,6.182290e+01,6.260178e+01,6.298954e+01,6.339826e+01,6.382775e+01,6.445303e+01,6.489013e+01,6.552147e+01,6.593354e+01,6.670020e+01,6.718394e+01,6.791177e+01,6.835944e+01,6.879509e+01,6.956745e+01,7.006252e+01,7.083853e+01,7.125626e+01,7.180790e+01,7.257462e+01,7.313158e+01,7.382995e+01,7.436176e+01,7.486115e+01,7.567289e+01,7.586503e+01,7.657079e+01,7.706286e+01,7.744336e+01,7.799239e+01,7.855931e+01,7.938107e+01,7.992320e+01,8.029665e+01,8.098223e+01,8.112875e+01,8.155773e+01,8.186899e+01,8.257672e+01,8.316568e+01,8.331017e+01,8.366602e+01,8.405940e+01,8.449004e+01,8.486234e+01,8.524327e+01,8.558533e+01,8.597403e+01,8.605923e+01,8.651286e+01,8.685224e+01,8.687108e+01,8.684283e+01,8.705930e+01,8.707811e+01,8.746323e+01,8.741632e+01,8.729427e+01,8.729427e+01,8.767889e+01,8.751952e+01,8.747262e+01,8.742570e+01,8.737878e+01,8.737878e+01,8.737878e+01,8.737878e+01,8.737878e+01,8.737878e+01,8.699345e+01,8.704049e+01,8.704049e+01,8.704049e+01,8.704049e+01,8.704049e+01,8.665435e+01,8.670149e+01,8.670149e+01,8.670149e+01,8.670149e+01,8.660720e+01,8.630510e+01,8.625784e+01,8.625784e+01,8.625784e+01,8.625784e+01,8.625784e+01,8.589826e+01,8.574661e+01,8.574661e+01,8.574661e+01,8.574661e+01,8.574661e+01,8.543340e+01,8.539539e+01,8.538589e+01,8.517667e+01,8.505292e+01,8.505292e+01,8.498624e+01,8.465244e+01,8.460469e+01,8.460469e+01,8.460469e+01,8.446137e+01,8.415520e+01,8.395396e+01,8.419350e+01,8.393478e+01,8.360837e+01,8.356031e+01,8.351224e+01,8.340643e+01,8.321386e+01,8.321386e+01,8.321386e+01,8.280871e+01,8.267342e+01,8.267342e+01,8.269276e+01,8.227657e+01,8.211172e+01,8.211172e+01,8.211172e+01,8.200497e+01,8.186899e+01,8.169398e+01,8.147983e+01,8.143111e+01,8.143111e+01,8.143111e+01,8.115804e+01,8.093336e+01,8.122635e+01,8.106039e+01,8.101154e+01,8.078666e+01,8.055165e+01,8.036534e+01,8.036534e+01,8.036534e+01,8.036534e+01,8.036534e+01,8.036534e+01,8.036534e+01,8.036534e+01,8.036534e+01,8.036534e+01,8.036534e+01,8.036534e+01,7.996255e+01,8.001173e+01,8.041439e+01,8.036534e+01,7.991336e+01,8.037515e+01,8.030647e+01,8.030647e+01,8.030647e+01,8.030647e+01,8.030647e+01,8.030647e+01,8.030647e+01,8.030647e+01,8.030647e+01,8.030647e+01,8.058105e+01,8.058105e+01,8.058105e+01,8.058105e+01,8.058105e+01,8.058105e+01,8.098223e+01,8.081601e+01,8.091381e+01,8.088448e+01,8.088448e+01,8.128488e+01,8.126537e+01,8.126537e+01,8.126537e+01,8.126537e+01,8.155773e+01,8.155773e+01,8.155773e+01,8.195641e+01,8.193699e+01,8.193699e+01,8.233471e+01,8.231533e+01,8.231533e+01,8.271209e+01,8.269276e+01,8.291492e+01,8.304035e+01,8.314641e+01,8.327165e+01,8.327165e+01,8.366602e+01,8.363720e+01,8.363720e+01,8.403065e+01,8.402106e+01,8.402106e+01,8.441357e+01,8.442313e+01,8.481465e+01,8.474788e+01,8.474788e+01,8.513860e+01,8.511956e+01,8.494812e+01,8.517667e+01,8.524327e+01,8.563279e+01,8.565176e+01,8.562330e+01,8.583193e+01,8.592668e+01,8.592668e+01,8.592668e+01,8.631455e+01,8.615384e+01,8.608762e+01,8.608762e+01,8.608762e+01,8.608762e+01,8.608762e+01,8.608762e+01,8.570868e+01,8.550938e+01,8.550938e+01,8.550938e+01,8.533836e+01,8.508148e+01,8.483372e+01,8.464288e+01,8.453783e+01,8.419350e+01,8.402106e+01,8.369483e+01,8.383884e+01,8.328129e+01,8.317532e+01,8.281837e+01,8.240251e+01,8.247996e+01,8.209232e+01,8.186899e+01,8.149931e+01,8.101154e+01,8.056145e+01,8.044382e+01,8.011987e+01,7.959815e+01,7.913402e+01,7.859901e+01,7.792263e+01,7.784286e+01,7.727325e+01,7.667134e+01,7.616790e+01,7.566277e+01,7.529801e+01,7.505434e+01,7.439239e+01,7.371720e+01,7.331676e+01,7.255395e+01,7.233675e+01,7.169358e+01,7.133966e+01,7.075484e+01,6.998889e+01,6.921882e+01,6.866772e+01,6.818907e+01,6.729121e+01,6.719468e+01,6.649545e+01,6.570597e+01,6.521704e+01,6.461710e+01,6.370675e+01,6.319958e+01,6.291208e+01,6.231301e+01,6.165541e+01,6.090471e+01,6.030787e+01,5.985564e+01,5.882100e+01,5.830635e+01,5.757087e+01,5.692390e+01,5.620382e+01,5.564355e+01,5.505731e+01,5.450378e+01,5.373425e+01,5.316295e+01,5.200044e+01,5.187997e+01,5.125166e+01,5.057142e+01,4.948251e+01,4.875525e+01,4.839618e+01,4.786179e+01,4.707452e+01,4.664749e+01,4.611785e+01,4.514066e+01,4.468099e+01,4.432222e+01,4.349801e+01,4.317446e+01,4.279800e+01,4.230285e+01,4.194973e+01,4.159552e+01,4.104234e+01,4.071178e+01,4.045991e+01,4.010102e+01,3.987447e+01,3.954047e+01,3.932619e+01,3.890985e+01,3.866740e+01,3.834330e+01,3.812671e+01,3.781462e+01,3.747440e+01,3.737894e+01,3.681820e+01,3.691414e+01,3.661234e+01,3.652988e+01,3.652988e+01,3.652988e+01,3.652988e+01,3.652988e+01,3.652988e+01,3.652988e+01,3.652988e+01,3.652988e+01,3.652988e+01,3.652988e+01,3.652988e+01,3.652988e+01,3.652988e+01,3.652988e+01,3.652988e+01,3.652988e+01,3.652988e+01,3.652988e+01,3.652988e+01,3.652988e+01,3.652988e+01,3.652988e+01,3.652988e+01,3.652988e+01,3.652988e+01,3.652988e+01,3.652988e+01,3.652988e+01,3.652988e+01,3.652988e+01,3.652988e+01,3.652988e+01,3.652988e+01,3.652988e+01,3.652988e+01,3.652988e+01,3.652988e+01,3.652988e+01,3.652988e+01,3.709209e+01,3.699631e+01,3.699631e+01,3.699631e+01,3.699631e+01,3.755614e+01,3.711944e+01,3.743349e+01,3.743349e+01,3.743349e+01,3.743349e+01,3.774666e+01,3.774666e+01,3.774666e+01,3.830272e+01,3.827567e+01,3.827567e+01,3.827567e+01,3.866740e+01,3.866740e+01,3.866740e+01,3.866740e+01,3.866740e+01,3.866740e+01,3.866740e+01,3.866740e+01,3.866740e+01,3.866740e+01,3.866740e+01,3.811316e+01,3.820798e+01,3.820798e+01,3.820798e+01,3.820798e+01,3.820798e+01,3.820798e+01,3.820798e+01,3.820798e+01,3.820798e+01,3.820798e+01,3.820798e+01,3.820798e+01,3.820798e+01,3.820798e+01,3.780103e+01,3.780103e+01,3.780103e+01,3.780103e+01,3.780103e+01,3.780103e+01,3.780103e+01,3.780103e+01,3.780103e+01,3.780103e+01,3.780103e+01,3.780103e+01,3.747440e+01,3.747440e+01,3.747440e+01,3.747440e+01,3.747440e+01,3.747440e+01,3.747440e+01,3.747440e+01,3.747440e+01,3.747440e+01,3.747440e+01,3.747440e+01,3.747440e+01,3.747440e+01,3.747440e+01,3.747440e+01,3.747440e+01,3.691414e+01,3.700999e+01,3.700999e+01,3.700999e+01,3.700999e+01,3.700999e+01,3.700999e+01,3.700999e+01,3.700999e+01,3.700999e+01,3.700999e+01,3.700999e+01,3.700999e+01,3.700999e+01,3.700999e+01,3.700999e+01,3.700999e+01,3.700999e+01,3.700999e+01,3.700999e+01,3.700999e+01,3.700999e+01,3.700999e+01,3.700999e+01,3.700999e+01,3.700999e+01,3.700999e+01,3.700999e+01,3.700999e+01,3.700999e+01,3.644736e+01,3.654363e+01,3.663980e+01,3.663980e+01,3.663980e+01,3.663980e+01,3.663980e+01,3.663980e+01,3.663980e+01,3.663980e+01,3.663980e+01,3.663980e+01,3.663980e+01,3.663980e+01,3.663980e+01,3.663980e+01,3.663980e+01,3.663980e+01,3.663980e+01,3.663980e+01,3.663980e+01,3.663980e+01,3.663980e+01,3.663980e+01,3.663980e+01,3.663980e+01,3.663980e+01
3.564648e+01,3.564648e+01,3.564648e+01,3.564648e+01,3.564648e+01,3.564648e+01,3.564648e+01,3.564648e+01,3.564648e+01,3.564648e+01,3.564648e+01,3.564648e+01,3.564648e+01,3.564648e+01,3.564648e+01,3.564648e+01,3.564648e+01,3.621323e+01,3.611667e+01,3.626836e+01,3.626836e+01,3.657112e+01,3.672218e+01,3.672218e+01,3.672218e+01,3.672218e+01,3.672218e+01,3.732436e+01,3.732436e+01,3.676334e+01,3.741986e+01,3.731071e+01,3.731071e+01,3.731071e+01,3.731071e+01,3.731071e+01,3.731071e+01,3.770586e+01,3.770586e+01,3.826213e+01,3.839738e+01,3.839738e+01,3.895021e+01,3.904433e+01,3.919206e+01,3.937980e+01,3.992781e+01,4.003443e+01,4.011433e+01,3.994115e+01,4.003443e+01,4.036697e+01,4.036697e+01,4.036697e+01,4.075150e+01,4.075150e+01,4.075150e+01,4.129292e+01,4.129292e+01,4.129292e+01,4.129292e+01,4.129292e+01,4.129292e+01,4.129292e+01,4.129292e+01,4.129292e+01,4.158238e+01,4.158238e+01,4.158238e+01,4.211989e+01,4.206756e+01,4.214605e+01,4.196283e+01,4.196283e+01,4.196283e+01,4.249856e+01,4.239423e+01,4.239423e+01,4.239423e+01,4.239423e+01,4.239423e+01,4.239423e+01,4.239423e+01,4.239423e+01,4.290198e+01,4.290198e+01,4.290198e+01,4.290198e+01,4.290198e+01,4.290198e+01,4.290198e+01,4.290198e+01,4.290198e+01,4.343337e+01,4.374331e+01,4.357553e+01,4.409100e+01,4.479607e+01,4.443766e+01,4.539525e+01,4.571273e+01,4.592812e+01,4.682351e+01,4.704945e+01,4.707452e+01,4.753751e+01,4.801115e+01,4.900227e+01,4.940875e+01,4.931033e+01,5.003429e+01,5.036417e+01,5.088771e+01,5.142113e+01,5.185587e+01,5.292414e+01,5.315102e+01,5.371050e+01,5.427932e+01,5.492798e+01,5.563185e+01,5.609895e+01,5.657598e+01,5.743251e+01,5.784716e+01,5.826050e+01,5.893510e+01,5.952680e+01,6.000278e+01,6.049960e+01,6.089347e+01,6.140937e+01,6.229077e+01,6.231301e+01,6.277918e+01,6.366272e+01,6.395962e+01,6.447492e+01,6.491195e+01,6.554318e+01,6.595519e+01,6.672174e+01,6.720541e+01,6.793313e+01,6.881631e+01,6.897533e+01,6.959910e+01,7.009406e+01,7.086990e+01,7.128754e+01,7.183907e+01,7.260562e+01,7.316246e+01,7.386068e+01,7.439239e+01,7.489167e+01,7.549063e+01,7.630904e+01,7.672160e+01,7.709293e+01,7.747336e+01,7.802229e+01,7.858909e+01,7.941070e+01,7.995272e+01,8.032610e+01,8.080623e+01,8.116779e+01,8.148956e+01,8.193699e+01,8.260574e+01,8.299212e+01,8.334868e+01,8.369483e+01,8.448049e+01,8.463334e+01,8.529082e+01,8.543340e+01,8.563279e+01,8.619167e+01,8.626730e+01,8.662606e+01,8.669206e+01,8.707811e+01,8.714393e+01,8.714393e+01,8.735061e+01,8.741632e+01,8.741632e+01,8.741632e+01,8.780065e+01,8.778192e+01,8.778192e+01,8.747262e+01,8.785682e+01,8.764140e+01,8.756641e+01,8.756641e+01,8.756641e+01,8.756641e+01,8.756641e+01,8.737878e+01,8.720972e+01,8.720972e+01,8.720972e+01,8.720972e+01,8.720972e+01,8.704049e+01,8.687108e+01,8.687108e+01,8.687108e+01,8.687108e+01,8.687108e+01,8.669206e+01,8.647511e+01,8.639957e+01,8.639957e+01,8.639957e+01,8.639957e+01,8.639957e+01,8.613492e+01,8.596456e+01,8.588879e+01,8.588879e+01,8.588879e+01,8.582246e+01,8.561381e+01,8.553787e+01,8.540489e+01,8.520522e+01,8.520522e+01,8.520522e+01,8.504339e+01,8.482419e+01,8.474788e+01,8.474788e+01,8.474788e+01,8.454738e+01,8.403065e+01,8.411689e+01,8.419350e+01,8.400189e+01,8.378126e+01,8.365641e+01,8.365641e+01,8.365641e+01,8.321386e+01,8.339680e+01,8.315604e+01,8.284734e+01,8.284734e+01,8.284734e+01,8.267342e+01,8.233471e+01,8.225718e+01,8.225718e+01,8.200497e+01,8.200497e+01,8.200497e+01,8.200497e+01,8.183012e+01,8.165507e+01,8.158694e+01,8.130438e+01,8.115804e+01,8.122635e+01,8.122635e+01,8.101154e+01,8.117756e+01,8.090403e+01,8.054185e+01,8.054185e+01,8.054185e+01,8.054185e+01,8.054185e+01,8.054185e+01,8.054185e+01,8.054185e+01,8.054185e+01,8.054185e+01,8.054185e+01,8.054185e+01,8.054185e+01,8.041439e+01,8.039478e+01,8.015917e+01,8.043401e+01,8.041439e+01,8.041439e+01,8.041439e+01,8.041439e+01,8.041439e+01,8.041439e+01,8.041439e+01,8.041439e+01,8.041439e+01,8.041439e+01,8.081601e+01,8.078666e+01,8.070836e+01,8.070836e+01,8.070836e+01,8.070836e+01,8.110922e+01,8.108969e+01,8.108969e+01,8.108969e+01,8.108969e+01,8.108969e+01,8.108969e+01,8.148956e+01,8.141162e+01,8.141162e+01,8.181068e+01,8.178151e+01,8.170371e+01,8.190785e+01,8.193699e+01,8.233471e+01,8.229595e+01,8.231533e+01,8.231533e+01,8.271209e+01,8.269276e+01,8.278939e+01,8.283768e+01,8.304035e+01,8.304035e+01,8.327165e+01,8.347377e+01,8.361798e+01,8.361798e+01,8.401148e+01,8.401148e+01,8.401148e+01,8.440401e+01,8.439445e+01,8.460469e+01,8.465244e+01,8.465244e+01,8.504339e+01,8.509100e+01,8.509100e+01,8.509100e+01,8.548090e+01,8.555686e+01,8.561381e+01,8.561381e+01,8.600243e+01,8.597403e+01,8.597403e+01,8.636179e+01,8.632400e+01,8.630510e+01,8.630510e+01,8.630510e+01,8.630510e+01,8.630510e+01,8.630510e+01,8.630510e+01,8.608762e+01,8.577506e+01,8.565176e+01,8.565176e+01,8.565176e+01,8.533836e+01,8.547140e+01,8.518619e+01,8.482419e+01,8.491000e+01,8.459514e+01,8.407857e+01,8.391560e+01,8.375246e+01,8.344491e+01,8.314641e+01,8.316568e+01,8.277973e+01,8.243156e+01,8.216022e+01,8.180096e+01,8.185927e+01,8.157721e+01,8.115804e+01,8.068878e+01,8.029665e+01,7.973614e+01,7.923289e+01,7.865855e+01,7.815174e+01,7.790269e+01,7.729327e+01,7.706286e+01,7.636948e+01,7.624857e+01,7.540956e+01,7.502385e+01,7.437197e+01,7.411655e+01,7.310069e+01,7.294617e+01,7.253328e+01,7.188060e+01,7.108932e+01,7.062921e+01,6.996785e+01,6.919766e+01,6.908125e+01,6.839137e+01,6.767671e+01,6.719468e+01,6.648467e+01,6.613912e+01,6.543456e+01,6.483557e+01,6.392667e+01,6.349749e+01,6.262397e+01,6.217952e+01,6.165541e+01,6.090471e+01,6.030787e+01,5.985564e+01,5.928816e+01,5.854677e+01,5.773211e+01,5.709752e+01,5.639003e+01,5.584226e+01,5.478674e+01,5.436206e+01,5.373425e+01,5.306748e+01,5.254110e+01,5.149369e+01,5.110621e+01,5.057142e+01,4.948251e+01,4.884176e+01,4.830934e+01,4.786179e+01,4.707452e+01,4.664749e+01,4.611785e+01,4.566199e+01,4.459140e+01,4.414242e+01,4.358844e+01,4.326514e+01,4.270695e+01,4.239423e+01,4.204139e+01,4.150351e+01,4.113472e+01,4.091023e+01,4.052624e+01,4.027396e+01,3.991448e+01,3.968755e+01,3.933960e+01,3.903089e+01,3.865392e+01,3.845144e+01,3.809961e+01,3.781462e+01,3.758338e+01,3.721512e+01,3.705105e+01,3.691414e+01,3.672218e+01,3.672218e+01,3.672218e+01,3.672218e+01,3.672218e+01,3.672218e+01,3.672218e+01,3.672218e+01,3.672218e+01,3.672218e+01,3.672218e+01,3.672218e+01,3.672218e+01,3.672218e+01,3.672218e+01,3.672218e+01,3.672218e+01,3.672218e+01,3.672218e+01,3.672218e+01,3.672218e+01,3.672218e+01,3.672218e+01,3.672218e+01,3.672218e+01,3.672218e+01,3.672218e+01,3.672218e+01,3.672218e+01,3.672218e+01,3.672218e+01,3.672218e+01,3.672218e+01,3.672218e+01,3.672218e+01,3.672218e+01,3.672218e+01,3.672218e+01,3.672218e+01,3.672218e+01,3.672218e+01,3.672218e+01,3.728341e+01,3.717413e+01,3.717413e+01,3.717413e+01,3.717413e+01,3.717413e+01,3.773306e+01,3.762422e+01,3.762422e+01,3.762422e+01,3.818090e+01,3.807250e+01,3.818090e+01,3.823506e+01,3.823506e+01,3.823506e+01,3.823506e+01,3.866740e+01,3.866740e+01,3.866740e+01,3.866740e+01,3.866740e+01,3.866740e+01,3.866740e+01,3.866740e+01,3.866740e+01,3.866740e+01,3.866740e+01,3.866740e+01,3.866740e+01,3.866740e+01,3.820798e+01,3.820798e+01,3.820798e+01,3.820798e+01,3.820798e+01,3.820798e+01,3.820798e+01,3.820798e+01,3.820798e+01,3.820798e+01,3.820798e+01,3.820798e+01,3.820798e+01,3.780103e+01,3.780103e+01,3.780103e+01,3.780103e+01,3.780103e+01,3.780103e+01,3.780103e+01,3.780103e+01,3.780103e+01,3.780103e+01,3.780103e+01,3.780103e+01,3.780103e+01,3.780103e+01,3.747440e+01,3.747440e+01,3.747440e+01,3.747440e+01,3.747440e+01,3.747440e+01,3.747440e+01,3.747440e+01,3.747440e+01,3.747440e+01,3.747440e+01,3.747440e+01,3.747440e+01,3.747440e+01,3.747440e+01,3.747440e+01,3.747440e+01,3.747440e+01,3.700999e+01,3.700999e+01,3.700999e+01,3.700999e+01,3.700999e+01,3.700999e+01,3.700999e+01,3.700999e+01,3.700999e+01,3.700999e+01,3.700999e+01,3.700999e+01,3.700999e+01,3.700999e+01,3.700999e+01,3.700999e+01,3.700999e+01,3.700999e+01,3.700999e+01,3.700999e+01,3.700999e+01,3.700999e+01,3.700999e+01,3.700999e+01,3.700999e+01,3.700999e+01,3.700999e+01,3.700999e+01,3.700999e+01,3.700999e+01,3.700999e+01,3.700999e+01,3.700999e+01,3.700999e+01,3.700999e+01,3.700999e+01,3.700999e+01,3.700999e+01,3.700999e+01,3.663980e+01,3.663980e+01,3.663980e+01,3.663980e+01,3.663980e+01,3.663980e+01,3.663980e+01,3.663980e+01,3.663980e+01,3.663980e+01,3.663980e+01,3.663980e+01,3.663980e+01,3.663980e+01
3.564648e+01,3.564648e+01,3.564648e+01,3.564648e+01,3.564648e+01,3.564648e+01,3.564648e+01,3.564648e+01,3.564648e+01,3.564648e+01,3.564648e+01,3.564648e+01,3.564648e+01,3.564648e+01,3.564648e+01,3.564648e+01,3.621323e+01,3.618565e+01,3.618565e+01,3.618565e+01,3.618565e+01,3.618565e+01,3.672218e+01,3.672218e+01,3.672218e+01,3.672218e+01,3.672218e+01,3.732436e+01,3.705105e+01,3.722878e+01,3.739258e+01,3.739258e+01,3.739258e+01,3.739258e+01,3.739258e+01,3.739258e+01,3.739258e+01,3.770586e+01,3.797756e+01,3.803182e+01,3.803182e+01,3.839738e+01,3.872132e+01,3.872132e+01,3.919206e+01,3.909807e+01,3.946016e+01,3.980775e+01,3.980775e+01,4.035369e+01,4.048645e+01,4.044664e+01,4.044664e+01,4.044664e+01,4.075150e+01,4.075150e+01,4.129292e+01,4.072502e+01,4.096309e+01,4.106874e+01,4.106874e+01,4.106874e+01,4.106874e+01,4.106874e+01,4.160866e+01,4.120066e+01,4.138510e+01,4.192353e+01,4.202830e+01,4.208064e+01,4.208064e+01,4.208064e+01,4.208064e+01,4.208064e+01,4.208064e+01,4.208064e+01,4.208064e+01,4.208064e+01,4.208064e+01,4.208064e+01,4.239423e+01,4.239423e+01,4.239423e+01,4.239423e+01,4.239423e+01,4.239423e+01,4.290198e+01,4.290198e+01,4.290198e+01,4.290198e+01,4.290198e+01,4.290198e+01,4.290198e+01,4.343337e+01,4.364009e+01,4.382066e+01,4.407814e+01,4.442484e+01,4.446329e+01,4.530621e+01,4.552234e+01,4.597874e+01,4.660974e+01,4.660974e+01,4.707452e+01,4.752502e+01,4.798627e+01,4.896524e+01,4.916256e+01,4.939645e+01,4.994862e+01,5.044955e+01,5.087556e+01,5.139693e+01,5.181969e+01,5.268488e+01,5.313909e+01,5.368674e+01,5.424385e+01,5.488091e+01,5.557334e+01,5.602900e+01,5.697022e+01,5.760544e+01,5.784716e+01,5.826050e+01,5.893510e+01,5.952680e+01,6.000278e+01,6.049960e+01,6.089347e+01,6.140937e+01,6.210159e+01,6.233524e+01,6.277918e+01,6.358564e+01,6.403649e+01,6.447492e+01,6.491195e+01,6.598767e+01,6.614993e+01,6.673251e+01,6.721613e+01,6.794380e+01,6.863586e+01,6.899652e+01,6.960965e+01,7.053492e+01,7.102666e+01,7.130840e+01,7.185983e+01,7.262628e+01,7.318304e+01,7.388116e+01,7.441280e+01,7.532844e+01,7.564252e+01,7.633926e+01,7.675174e+01,7.712300e+01,7.791266e+01,7.817165e+01,7.903509e+01,7.955871e+01,8.000190e+01,8.037515e+01,8.085514e+01,8.161614e+01,8.176206e+01,8.205350e+01,8.266376e+01,8.305000e+01,8.340643e+01,8.375246e+01,8.431793e+01,8.465244e+01,8.512908e+01,8.575610e+01,8.592668e+01,8.614438e+01,8.639957e+01,8.646566e+01,8.671092e+01,8.691815e+01,8.714393e+01,8.763203e+01,8.760391e+01,8.752890e+01,8.752890e+01,8.752890e+01,8.752890e+01,8.778192e+01,8.760391e+01,8.779129e+01,8.783810e+01,8.771636e+01,8.771636e+01,8.771636e+01,8.771636e+01,8.771636e+01,8.771636e+01,8.771636e+01,8.759454e+01,8.742570e+01,8.735061e+01,8.735061e+01,8.735061e+01,8.704049e+01,8.704049e+01,8.704049e+01,8.704049e+01,8.704049e+01,8.665435e+01,8.695580e+01,8.680515e+01,8.656004e+01,8.656004e+01,8.656004e+01,8.656004e+01,8.656004e+01,8.613492e+01,8.613492e+01,8.613492e+01,8.613492e+01,8.613492e+01,8.582246e+01,8.568971e+01,8.568971e+01,8.568971e+01,8.568971e+01,8.520522e+01,8.520522e+01,8.520522e+01,8.482419e+01,8.482419e+01,8.482419e+01,8.482419e+01,8.454738e+01,8.419350e+01,8.458559e+01,8.441357e+01,8.415520e+01,8.401148e+01,8.381005e+01,8.381005e+01,8.381005e+01,8.360837e+01,8.347377e+01,8.323313e+01,8.300177e+01,8.300177e+01,8.300177e+01,8.267342e+01,8.249932e+01,8.249932e+01,8.249932e+01,8.240251e+01,8.222810e+01,8.215053e+01,8.175234e+01,8.183012e+01,8.183012e+01,8.158694e+01,8.138239e+01,8.138239e+01,8.138239e+01,8.138239e+01,8.101154e+01,8.106039e+01,8.116779e+01,8.094314e+01,8.076709e+01,8.068878e+01,8.068878e+01,8.068878e+01,8.068878e+01,8.068878e+01,8.068878e+01,8.068878e+01,8.068878e+01,8.068878e+01,8.068878e+01,8.068878e+01,8.068878e+01,8.039478e+01,8.063982e+01,8.061044e+01,8.061044e+01,8.061044e+01,8.061044e+01,8.061044e+01,8.061044e+01,8.061044e+01,8.061044e+01,8.061044e+01,8.061044e+01,8.101154e+01,8.058105e+01,8.065941e+01,8.065941e+01,8.106039e+01,8.088448e+01,8.107016e+01,8.107993e+01,8.107993e+01,8.107993e+01,8.107993e+01,8.147983e+01,8.130438e+01,8.138239e+01,8.144086e+01,8.144086e+01,8.183984e+01,8.181068e+01,8.181068e+01,8.181068e+01,8.220871e+01,8.228626e+01,8.230564e+01,8.230564e+01,8.270242e+01,8.266376e+01,8.268309e+01,8.307893e+01,8.290527e+01,8.302106e+01,8.335831e+01,8.337756e+01,8.348338e+01,8.348338e+01,8.387722e+01,8.395396e+01,8.398272e+01,8.398272e+01,8.437532e+01,8.437532e+01,8.449004e+01,8.453783e+01,8.492906e+01,8.500529e+01,8.501482e+01,8.540489e+01,8.523376e+01,8.541439e+01,8.545239e+01,8.545239e+01,8.584141e+01,8.591721e+01,8.595509e+01,8.595509e+01,8.634290e+01,8.633344e+01,8.633344e+01,8.633344e+01,8.633344e+01,8.633344e+01,8.633344e+01,8.633344e+01,8.633344e+01,8.633344e+01,8.633344e+01,8.616330e+01,8.586983e+01,8.579402e+01,8.561381e+01,8.549989e+01,8.538589e+01,8.506244e+01,8.498624e+01,8.480511e+01,8.453783e+01,8.424137e+01,8.424137e+01,8.424137e+01,8.383884e+01,8.350262e+01,8.314641e+01,8.311749e+01,8.269276e+01,8.269276e+01,8.196613e+01,8.184955e+01,8.184955e+01,8.096268e+01,8.063982e+01,8.064961e+01,7.989368e+01,7.934158e+01,7.912413e+01,7.853946e+01,7.810197e+01,7.756332e+01,7.680196e+01,7.641983e+01,7.610738e+01,7.578416e+01,7.519653e+01,7.461676e+01,7.394260e+01,7.357358e+01,7.303890e+01,7.259528e+01,7.191175e+01,7.151673e+01,7.084899e+01,7.010457e+01,6.951468e+01,6.921882e+01,6.850835e+01,6.777293e+01,6.726977e+01,6.663558e+01,6.616074e+01,6.543456e+01,6.481374e+01,6.390469e+01,6.347545e+01,6.305591e+01,6.239082e+01,6.139818e+01,6.123016e+01,6.054467e+01,5.953815e+01,5.916299e+01,5.852389e+01,5.770909e+01,5.707438e+01,5.636677e+01,5.581889e+01,5.524520e+01,5.458637e+01,5.394782e+01,5.327027e+01,5.273277e+01,5.177145e+01,5.122743e+01,5.068100e+01,4.958078e+01,4.892821e+01,4.838377e+01,4.792405e+01,4.712466e+01,4.668523e+01,4.614313e+01,4.567467e+01,4.459140e+01,4.412957e+01,4.367881e+01,4.320038e+01,4.279800e+01,4.248552e+01,4.197593e+01,4.159552e+01,4.131926e+01,4.093666e+01,4.010102e+01,3.999446e+01,3.991448e+01,3.952709e+01,3.933960e+01,3.903089e+01,3.873480e+01,3.837035e+01,3.809961e+01,3.733801e+01,3.731071e+01,3.729706e+01,3.673590e+01,3.684562e+01,3.684562e+01,3.684562e+01,3.684562e+01,3.628214e+01,3.639232e+01,3.650238e+01,3.650238e+01,3.650238e+01,3.650238e+01,3.650238e+01,3.650238e+01,3.650238e+01,3.650238e+01,3.650238e+01,3.650238e+01,3.650238e+01,3.650238e+01,3.650238e+01,3.650238e+01,3.650238e+01,3.650238e+01,3.650238e+01,3.650238e+01,3.650238e+01,3.650238e+01,3.650238e+01,3.650238e+01,3.650238e+01,3.650238e+01,3.650238e+01,3.650238e+01,3.650238e+01,3.650238e+01,3.650238e+01,3.650238e+01,3.650238e+01,3.650238e+01,3.650238e+01,3.706473e+01,3.695523e+01,3.695523e+01,3.695523e+01,3.695523e+01,3.695523e+01,3.695523e+01,3.751528e+01,3.740622e+01,3.766505e+01,3.769226e+01,3.769226e+01,3.769226e+01,3.769226e+01,3.818090e+01,3.818090e+01,3.818090e+01,3.818090e+01,3.818090e+01,3.818090e+01,3.873480e+01,3.869437e+01,3.869437e+01,3.869437e+01,3.869437e+01,3.869437e+01,3.869437e+01,3.869437e+01,3.869437e+01,3.869437e+01,3.869437e+01,3.869437e+01,3.814026e+01,3.838387e+01,3.827567e+01,3.827567e+01,3.827567e+01,3.827567e+01,3.827567e+01,3.827567e+01,3.827567e+01,3.827567e+01,3.827567e+01,3.827567e+01,3.827567e+01,3.827567e+01,3.771946e+01,3.769226e+01,3.828920e+01,3.804538e+01,3.804538e+01,3.804538e+01,3.804538e+01,3.748802e+01,3.759700e+01,3.759700e+01,3.759700e+01,3.759700e+01,3.759700e+01,3.759700e+01,3.759700e+01,3.759700e+01,3.759700e+01,3.759700e+01,3.759700e+01,3.759700e+01,3.759700e+01,3.759700e+01,3.759700e+01,3.759700e+01,3.759700e+01,3.759700e+01,3.703736e+01,3.714679e+01,3.725610e+01,3.725610e+01,3.725610e+01,3.725610e+01,3.725610e+01,3.725610e+01,3.725610e+01,3.725610e+01,3.725610e+01,3.725610e+01,3.725610e+01,3.725610e+01,3.725610e+01,3.725610e+01,3.725610e+01,3.725610e+01,3.725610e+01,3.725610e+01,3.669473e+01,3.680449e+01,3.680449e+01,3.680449e+01,3.680449e+01,3.680449e+01,3.680449e+01,3.680449e+01,3.680449e+01,3.680449e+01,3.680449e+01,3.680449e+01,3.680449e+01,3.680449e+01,3.680449e+01,3.680449e+01,3.680449e+01,3.680449e+01,3.680449e+01,3.680449e+01,3.680449e+01,3.680449e+01,3.680449e+01,3.680449e+01,3.680449e+01,3.680449e+01,3.680449e+01,3.680449e+01,3.680449e+01,3.680449e+01,3.680449e+01,3.680449e+01,3.680449e+01,3.680449e+01,3.680449e+01,3.680449e+01,3.680449e+01,3.680449e+01,3.680449e+01,3.680449e+01,3.680449e+01
3.564648e+01,3.564648e+01,3.564648e+01,3.564648e+01,3.564648e+01,3.564648e+01,3.564648e+01,3.564648e+01,3.564648e+01,3.564648e+01,3.564648e+01,3.564648e+01,3.564648e+01,3.564648e+01,3.564648e+01,3.564648e+01,3.621323e+01,3.621323e+01,3.621323e+01,3.621323e+01,3.621323e+01,3.621323e+01,3.672218e+01,3.672218e+01,3.672218e+01,3.672218e+01,3.728341e+01,3.728341e+01,3.728341e+01,3.728341e+01,3.728341e+01,3.728341e+01,3.728341e+01,3.728341e+01,3.784180e+01,3.759700e+01,3.776026e+01,3.776026e+01,3.776026e+01,3.831625e+01,3.842442e+01,3.849196e+01,3.864043e+01,3.889640e+01,3.896367e+01,3.967419e+01,3.982109e+01,3.982109e+01,4.007439e+01,4.012764e+01,4.048645e+01,4.048645e+01,4.048645e+01,4.048645e+01,4.048645e+01,4.102913e+01,4.112152e+01,4.094987e+01,4.094987e+01,4.094987e+01,4.094987e+01,4.094987e+01,4.094987e+01,4.149036e+01,4.156924e+01,4.127974e+01,4.163493e+01,4.170059e+01,4.170059e+01,4.170059e+01,4.208064e+01,4.208064e+01,4.208064e+01,4.208064e+01,4.208064e+01,4.208064e+01,4.208064e+01,4.261583e+01,4.238118e+01,4.248552e+01,4.248552e+01,4.248552e+01,4.248552e+01,4.248552e+01,4.248552e+01,4.248552e+01,4.248552e+01,4.248552e+01,4.248552e+01,4.248552e+01,4.248552e+01,4.248552e+01,4.290198e+01,4.321333e+01,4.321333e+01,4.382066e+01,4.424520e+01,4.434788e+01,4.462980e+01,4.508967e+01,4.554774e+01,4.599140e+01,4.639558e+01,4.663491e+01,4.708706e+01,4.753751e+01,4.799871e+01,4.875525e+01,4.916256e+01,4.962989e+01,4.996087e+01,5.046174e+01,5.088771e+01,5.140903e+01,5.232511e+01,5.237314e+01,5.342512e+01,5.381735e+01,5.426750e+01,5.490445e+01,5.559675e+01,5.605232e+01,5.651790e+01,5.724780e+01,5.811139e+01,5.838654e+01,5.894650e+01,5.953815e+01,6.001409e+01,6.051087e+01,6.090471e+01,6.142057e+01,6.202362e+01,6.239082e+01,6.279026e+01,6.359665e+01,6.404747e+01,6.448586e+01,6.499918e+01,6.592271e+01,6.629041e+01,6.674327e+01,6.722687e+01,6.795448e+01,6.864648e+01,6.900711e+01,6.962020e+01,7.054539e+01,7.095353e+01,7.136050e+01,7.187022e+01,7.263661e+01,7.319334e+01,7.389141e+01,7.442300e+01,7.525742e+01,7.569312e+01,7.634933e+01,7.676178e+01,7.754333e+01,7.796250e+01,7.869823e+01,7.876765e+01,7.939095e+01,7.985431e+01,8.064961e+01,8.096268e+01,8.145060e+01,8.212142e+01,8.229595e+01,8.277007e+01,8.347377e+01,8.359875e+01,8.418393e+01,8.444225e+01,8.509100e+01,8.525278e+01,8.598350e+01,8.605923e+01,8.614438e+01,8.672977e+01,8.674862e+01,8.718153e+01,8.689932e+01,8.724730e+01,8.748200e+01,8.786618e+01,8.771636e+01,8.771636e+01,8.771636e+01,8.771636e+01,8.771636e+01,8.809999e+01,8.793168e+01,8.793168e+01,8.793168e+01,8.793168e+01,8.793168e+01,8.793168e+01,8.771636e+01,8.771636e+01,8.771636e+01,8.771636e+01,8.742570e+01,8.742570e+01,8.742570e+01,8.742570e+01,8.742570e+01,8.742570e+01,8.704049e+01,8.704049e+01,8.704049e+01,8.704049e+01,8.665435e+01,8.696522e+01,8.676746e+01,8.669206e+01,8.669206e+01,8.630510e+01,8.661663e+01,8.634290e+01,8.626730e+01,8.626730e+01,8.626730e+01,8.626730e+01,8.582246e+01,8.582246e+01,8.582246e+01,8.582246e+01,8.582246e+01,8.559483e+01,8.542390e+01,8.526229e+01,8.503387e+01,8.495765e+01,8.495765e+01,8.495765e+01,8.454738e+01,8.451871e+01,8.455693e+01,8.427966e+01,8.420308e+01,8.431793e+01,8.379086e+01,8.379086e+01,8.379086e+01,8.339680e+01,8.331980e+01,8.323313e+01,8.305000e+01,8.305000e+01,8.305000e+01,8.267342e+01,8.267342e+01,8.267342e+01,8.267342e+01,8.240251e+01,8.240251e+01,8.215053e+01,8.230564e+01,8.213113e+01,8.166479e+01,8.198555e+01,8.174261e+01,8.156747e+01,8.156747e+01,8.156747e+01,8.141162e+01,8.123611e+01,8.110922e+01,8.099200e+01,8.099200e+01,8.099200e+01,8.099200e+01,8.099200e+01,8.099200e+01,8.099200e+01,8.068878e+01,8.068878e+01,8.068878e+01,8.068878e+01,8.068878e+01,8.068878e+01,8.068878e+01,8.068878e+01,8.068878e+01,8.068878e+01,8.068878e+01,8.068878e+01,8.068878e+01,8.068878e+01,8.068878e+01,8.068878e+01,8.068878e+01,8.068878e+01,8.068878e+01,8.101154e+01,8.114827e+01,8.097246e+01,8.104086e+01,8.103108e+01,8.103108e+01,8.103108e+01,8.103108e+01,8.143111e+01,8.125562e+01,8.144086e+01,8.145060e+01,8.145060e+01,8.145060e+01,8.145060e+01,8.184955e+01,8.182040e+01,8.182040e+01,8.221841e+01,8.217962e+01,8.217962e+01,8.217962e+01,8.257672e+01,8.224749e+01,8.286665e+01,8.286665e+01,8.286665e+01,8.286665e+01,8.286665e+01,8.326202e+01,8.331017e+01,8.331017e+01,8.370444e+01,8.376205e+01,8.382925e+01,8.382925e+01,8.422223e+01,8.427966e+01,8.432750e+01,8.471925e+01,8.454738e+01,8.472879e+01,8.515764e+01,8.508148e+01,8.526229e+01,8.535737e+01,8.535737e+01,8.574661e+01,8.557584e+01,8.575610e+01,8.579402e+01,8.618221e+01,8.610654e+01,8.628620e+01,8.631455e+01,8.631455e+01,8.631455e+01,8.631455e+01,8.670149e+01,8.653173e+01,8.645622e+01,8.645622e+01,8.645622e+01,8.645622e+01,8.645622e+01,8.645622e+01,8.625784e+01,8.601190e+01,8.614438e+01,8.586036e+01,8.578454e+01,8.548090e+01,8.523376e+01,8.497671e+01,8.471925e+01,8.486234e+01,8.429879e+01,8.411689e+01,8.417435e+01,8.364680e+01,8.344491e+01,8.325240e+01,8.298248e+01,8.281837e+01,8.224749e+01,8.205350e+01,8.148956e+01,8.123611e+01,8.064961e+01,8.046342e+01,8.024757e+01,7.961787e+01,7.926254e+01,7.863871e+01,7.816170e+01,7.758331e+01,7.719314e+01,7.673164e+01,7.639970e+01,7.552103e+01,7.550076e+01,7.482045e+01,7.411655e+01,7.371720e+01,7.315217e+01,7.267792e+01,7.196365e+01,7.153754e+01,7.126669e+01,7.031466e+01,6.979940e+01,6.935626e+01,6.862524e+01,6.786906e+01,6.734483e+01,6.668944e+01,6.619317e+01,6.544543e+01,6.480282e+01,6.433258e+01,6.368473e+01,6.324376e+01,6.255740e+01,6.174476e+01,6.091595e+01,6.042068e+01,5.998016e+01,5.937912e+01,5.872966e+01,5.790465e+01,5.678485e+01,5.623875e+01,5.579553e+01,5.522173e+01,5.456278e+01,5.392411e+01,5.324643e+01,5.270882e+01,5.174733e+01,5.120319e+01,5.065665e+01,5.005876e+01,4.916256e+01,4.860680e+01,4.762490e+01,4.698673e+01,4.666007e+01,4.611785e+01,4.564930e+01,4.456579e+01,4.410386e+01,4.365300e+01,4.329104e+01,4.290198e+01,4.242032e+01,4.206756e+01,4.170059e+01,4.089701e+01,4.067204e+01,4.031383e+01,4.031383e+01,3.991448e+01,3.960735e+01,3.924573e+01,3.903089e+01,3.873480e+01,3.845144e+01,3.792327e+01,3.755614e+01,3.755614e+01,3.699631e+01,3.680449e+01,3.680449e+01,3.680449e+01,3.680449e+01,3.680449e+01,3.628214e+01,3.628214e+01,3.628214e+01,3.684562e+01,3.673590e+01,3.673590e+01,3.673590e+01,3.673590e+01,3.673590e+01,3.673590e+01,3.673590e+01,3.673590e+01,3.673590e+01,3.673590e+01,3.673590e+01,3.673590e+01,3.673590e+01,3.673590e+01,3.673590e+01,3.673590e+01,3.673590e+01,3.673590e+01,3.673590e+01,3.673590e+01,3.673590e+01,3.673590e+01,3.673590e+01,3.673590e+01,3.673590e+01,3.673590e+01,3.673590e+01,3.673590e+01,3.673590e+01,3.673590e+01,3.673590e+01,3.673590e+01,3.673590e+01,3.673590e+01,3.673590e+01,3.729706e+01,3.718779e+01,3.744713e+01,3.747440e+01,3.747440e+01,3.747440e+01,3.747440e+01,3.747440e+01,3.803182e+01,3.811316e+01,3.811316e+01,3.811316e+01,3.811316e+01,3.811316e+01,3.811316e+01,3.866740e+01,3.869437e+01,3.869437e+01,3.869437e+01,3.869437e+01,3.869437e+01,3.869437e+01,3.869437e+01,3.869437e+01,3.869437e+01,3.869437e+01,3.869437e+01,3.869437e+01,3.869437e+01,3.869437e+01,3.869437e+01,3.869437e+01,3.869437e+01,3.827567e+01,3.827567e+01,3.827567e+01,3.827567e+01,3.827567e+01,3.827567e+01,3.827567e+01,3.827567e+01,3.827567e+01,3.827567e+01,3.827567e+01,3.771946e+01,3.797756e+01,3.797756e+01,3.797756e+01,3.797756e+01,3.797756e+01,3.797756e+01,3.797756e+01,3.759700e+01,3.759700e+01,3.759700e+01,3.759700e+01,3.759700e+01,3.759700e+01,3.759700e+01,3.759700e+01,3.759700e+01,3.759700e+01,3.759700e+01,3.759700e+01,3.759700e+01,3.759700e+01,3.759700e+01,3.759700e+01,3.759700e+01,3.759700e+01,3.759700e+01,3.725610e+01,3.725610e+01,3.725610e+01,3.725610e+01,3.725610e+01,3.725610e+01,3.725610e+01,3.725610e+01,3.725610e+01,3.725610e+01,3.725610e+01,3.725610e+01,3.725610e+01,3.725610e+01,3.725610e+01,3.725610e+01,3.725610e+01,3.725610e+01,3.680449e+01,3.680449e+01,3.680449e+01,3.680449e+01,3.680449e+01,3.680449e+01,3.680449e+01,3.680449e+01,3.680449e+01,3.680449e+01,3.680449e+01,3.680449e+01,3.680449e+01,3.680449e+01,3.680449e+01,3.680449e+01,3.680449e+01,3.680449e+01,3.680449e+01,3.680449e+01,3.680449e+01,3.680449e+01,3.680449e+01,3.680449e+01,3.680449e+01,3.680449e+01,3.680449e+01,3.680449e+01,3.680449e+01,3.680449e+01,3.680449e+01,3.680449e+01,3.680449e+01,3.680449e+01,3.680449e+01,3.680449e+01,3.680449e+01,3.680449e+01,3.680449e+01,3.680449e+01
3.564648e+01,3.564648e+01,3.564648e+01,3.564648e+01,3.564648e+01,3.564648e+01,3.564648e+01,3.564648e+01,3.564648e+01,3.564648e+01,3.564648e+01,3.564648e+01,3.564648e+01,3.564648e+01,3.621323e+01,3.615807e+01,3.617186e+01,3.617186e+01,3.617186e+01,3.617186e+01,3.617186e+01,3.673590e+01,3.669473e+01,3.669473e+01,3.669473e+01,3.725610e+01,3.724244e+01,3.724244e+01,3.724244e+01,3.724244e+01,3.724244e+01,3.724244e+01,3.724244e+01,3.724244e+01,3.784180e+01,3.784180e+01,3.784180e+01,3.784180e+01,3.784180e+01,3.831625e+01,3.831625e+01,3.831625e+01,3.864043e+01,3.864043e+01,3.896367e+01,3.946016e+01,3.946016e+01,3.982109e+01,3.982109e+01,4.012764e+01,4.040681e+01,4.040681e+01,4.040681e+01,4.094987e+01,4.089701e+01,4.096309e+01,4.096309e+01,4.096309e+01,4.096309e+01,4.096309e+01,4.096309e+01,4.096309e+01,4.096309e+01,4.096309e+01,4.156924e+01,4.139826e+01,4.155610e+01,4.155610e+01,4.155610e+01,4.209373e+01,4.209373e+01,4.209373e+01,4.209373e+01,4.209373e+01,4.209373e+01,4.209373e+01,4.209373e+01,4.261583e+01,4.261583e+01,4.261583e+01,4.261583e+01,4.261583e+01,4.261583e+01,4.261583e+01,4.261583e+01,4.261583e+01,4.261583e+01,4.261583e+01,4.261583e+01,4.261583e+01,4.261583e+01,4.261583e+01,4.261583e+01,4.321333e+01,4.345923e+01,4.384644e+01,4.403955e+01,4.430939e+01,4.475772e+01,4.511517e+01,4.557314e+01,4.590280e+01,4.623154e+01,4.671038e+01,4.711213e+01,4.756248e+01,4.802359e+01,4.877997e+01,4.918720e+01,4.954394e+01,5.003429e+01,5.048612e+01,5.091201e+01,5.143323e+01,5.213282e+01,5.240915e+01,5.295999e+01,5.359167e+01,5.453918e+01,5.503381e+01,5.562015e+01,5.607564e+01,5.654113e+01,5.727090e+01,5.803103e+01,5.845523e+01,5.896931e+01,5.956086e+01,6.003671e+01,6.053341e+01,6.092718e+01,6.144295e+01,6.204590e+01,6.241304e+01,6.281242e+01,6.361868e+01,6.406942e+01,6.450774e+01,6.502099e+01,6.594437e+01,6.631200e+01,6.676480e+01,6.724832e+01,6.797581e+01,6.866772e+01,6.902830e+01,7.007303e+01,7.024117e+01,7.118324e+01,7.147509e+01,7.232639e+01,7.275019e+01,7.323449e+01,7.393237e+01,7.446381e+01,7.529801e+01,7.573359e+01,7.638963e+01,7.680196e+01,7.717310e+01,7.779298e+01,7.837057e+01,7.920323e+01,7.949952e+01,8.028683e+01,8.069857e+01,8.108969e+01,8.188842e+01,8.209232e+01,8.245092e+01,8.281837e+01,8.331980e+01,8.362759e+01,8.411689e+01,8.449960e+01,8.493859e+01,8.528131e+01,8.583193e+01,8.644678e+01,8.640901e+01,8.668264e+01,8.688049e+01,8.730366e+01,8.751014e+01,8.755703e+01,8.772573e+01,8.781937e+01,8.781937e+01,8.781937e+01,8.781937e+01,8.781937e+01,8.781937e+01,8.781937e+01,8.820276e+01,8.812802e+01,8.805325e+01,8.766952e+01,8.774446e+01,8.800650e+01,8.784746e+01,8.784746e+01,8.784746e+01,8.784746e+01,8.784746e+01,8.742570e+01,8.742570e+01,8.742570e+01,8.742570e+01,8.742570e+01,8.742570e+01,8.742570e+01,8.704049e+01,8.724730e+01,8.710632e+01,8.708752e+01,8.694640e+01,8.694640e+01,8.694640e+01,8.669206e+01,8.667321e+01,8.645622e+01,8.684283e+01,8.627675e+01,8.627675e+01,8.627675e+01,8.627675e+01,8.621058e+01,8.602137e+01,8.594562e+01,8.583193e+01,8.566125e+01,8.566125e+01,8.566125e+01,8.542390e+01,8.515764e+01,8.508148e+01,8.490047e+01,8.509100e+01,8.487186e+01,8.473833e+01,8.451871e+01,8.436576e+01,8.418393e+01,8.394437e+01,8.394437e+01,8.394437e+01,8.379086e+01,8.352185e+01,8.335831e+01,8.335831e+01,8.335831e+01,8.305000e+01,8.322350e+01,8.303071e+01,8.283768e+01,8.272176e+01,8.250900e+01,8.239282e+01,8.220871e+01,8.220871e+01,8.220871e+01,8.220871e+01,8.220871e+01,8.174261e+01,8.174261e+01,8.174261e+01,8.174261e+01,8.174261e+01,8.123611e+01,8.123611e+01,8.123611e+01,8.123611e+01,8.123611e+01,8.123611e+01,8.099200e+01,8.099200e+01,8.099200e+01,8.099200e+01,8.099200e+01,8.099200e+01,8.099200e+01,8.099200e+01,8.099200e+01,8.099200e+01,8.099200e+01,8.099200e+01,8.099200e+01,8.099200e+01,8.068878e+01,8.068878e+01,8.068878e+01,8.068878e+01,8.108969e+01,8.089426e+01,8.121659e+01,8.117756e+01,8.114827e+01,8.114827e+01,8.114827e+01,8.114827e+01,8.114827e+01,8.114827e+01,8.114827e+01,8.114827e+01,8.143111e+01,8.143111e+01,8.143111e+01,8.143111e+01,8.183012e+01,8.163560e+01,8.182040e+01,8.182040e+01,8.182040e+01,8.221841e+01,8.218932e+01,8.218932e+01,8.218932e+01,8.258640e+01,8.253802e+01,8.257672e+01,8.283768e+01,8.283768e+01,8.283768e+01,8.323313e+01,8.319460e+01,8.323313e+01,8.323313e+01,8.362759e+01,8.367562e+01,8.367562e+01,8.406898e+01,8.412646e+01,8.417435e+01,8.417435e+01,8.456648e+01,8.467152e+01,8.467152e+01,8.467152e+01,8.515764e+01,8.515764e+01,8.515764e+01,8.515764e+01,8.535737e+01,8.558533e+01,8.597403e+01,8.578454e+01,8.597403e+01,8.602137e+01,8.640901e+01,8.634290e+01,8.634290e+01,8.634290e+01,8.672977e+01,8.669206e+01,8.667321e+01,8.667321e+01,8.667321e+01,8.667321e+01,8.667321e+01,8.667321e+01,8.645622e+01,8.634290e+01,8.625784e+01,8.606869e+01,8.603083e+01,8.591721e+01,8.572765e+01,8.548090e+01,8.523376e+01,8.536687e+01,8.507196e+01,8.471925e+01,8.446137e+01,8.446137e+01,8.417435e+01,8.410731e+01,8.347377e+01,8.316568e+01,8.304035e+01,8.269276e+01,8.241219e+01,8.203409e+01,8.196613e+01,8.152853e+01,8.107016e+01,8.034572e+01,8.052225e+01,7.978539e+01,7.938107e+01,7.870815e+01,7.858909e+01,7.822141e+01,7.764324e+01,7.699266e+01,7.655067e+01,7.584481e+01,7.563241e+01,7.491202e+01,7.458619e+01,7.399379e+01,7.331676e+01,7.281210e+01,7.206738e+01,7.173516e+01,7.132924e+01,7.077576e+01,7.006252e+01,6.907066e+01,6.850835e+01,6.828493e+01,6.755904e+01,6.689391e+01,6.638757e+01,6.563003e+01,6.497738e+01,6.449680e+01,6.383874e+01,6.293422e+01,6.243526e+01,6.172243e+01,6.135340e+01,6.064603e+01,6.019495e+01,5.911744e+01,5.860395e+01,5.781266e+01,5.728245e+01,5.651790e+01,5.593566e+01,5.533904e+01,5.465713e+01,5.399523e+01,5.329410e+01,5.273277e+01,5.174733e+01,5.117896e+01,5.063231e+01,5.003429e+01,4.913791e+01,4.858204e+01,4.759994e+01,4.709959e+01,4.660974e+01,4.609257e+01,4.562392e+01,4.454018e+01,4.407814e+01,4.376910e+01,4.342044e+01,4.286300e+01,4.253766e+01,4.219834e+01,4.166120e+01,4.112152e+01,4.073826e+01,4.045991e+01,4.030054e+01,3.992781e+01,3.963409e+01,3.935300e+01,3.897711e+01,3.874828e+01,3.828920e+01,3.804538e+01,3.776026e+01,3.750165e+01,3.722878e+01,3.680449e+01,3.680449e+01,3.624080e+01,3.651613e+01,3.643361e+01,3.635102e+01,3.635102e+01,3.635102e+01,3.684562e+01,3.684562e+01,3.684562e+01,3.628214e+01,3.655737e+01,3.655737e+01,3.655737e+01,3.655737e+01,3.655737e+01,3.655737e+01,3.655737e+01,3.655737e+01,3.655737e+01,3.655737e+01,3.655737e+01,3.655737e+01,3.655737e+01,3.655737e+01,3.655737e+01,3.655737e+01,3.655737e+01,3.655737e+01,3.655737e+01,3.655737e+01,3.655737e+01,3.655737e+01,3.655737e+01,3.655737e+01,3.655737e+01,3.655737e+01,3.655737e+01,3.655737e+01,3.655737e+01,3.655737e+01,3.711944e+01,3.720145e+01,3.725610e+01,3.725610e+01,3.725610e+01,3.725610e+01,3.725610e+01,3.725610e+01,3.781462e+01,3.789612e+01,3.796399e+01,3.796399e+01,3.796399e+01,3.796399e+01,3.796399e+01,3.796399e+01,3.851897e+01,3.859996e+01,3.859996e+01,3.859996e+01,3.859996e+01,3.859996e+01,3.859996e+01,3.859996e+01,3.859996e+01,3.859996e+01,3.859996e+01,3.859996e+01,3.859996e+01,3.859996e+01,3.859996e+01,3.859996e+01,3.859996e+01,3.859996e+01,3.859996e+01,3.859996e+01,3.859996e+01,3.859996e+01,3.827567e+01,3.827567e+01,3.827567e+01,3.827567e+01,3.827567e+01,3.827567e+01,3.771946e+01,3.777385e+01,3.776026e+01,3.776026e+01,3.776026e+01,3.776026e+01,3.776026e+01,3.776026e+01,3.776026e+01,3.776026e+01,3.776026e+01,3.776026e+01,3.776026e+01,3.776026e+01,3.776026e+01,3.776026e+01,3.776026e+01,3.776026e+01,3.776026e+01,3.776026e+01,3.776026e+01,3.720145e+01,3.729706e+01,3.739258e+01,3.739258e+01,3.739258e+01,3.739258e+01,3.739258e+01,3.739258e+01,3.739258e+01,3.739258e+01,3.739258e+01,3.739258e+01,3.739258e+01,3.739258e+01,3.739258e+01,3.739258e+01,3.739258e+01,3.739258e+01,3.739258e+01,3.739258e+01,3.683191e+01,3.692784e+01,3.702368e+01,3.702368e+01,3.702368e+01,3.702368e+01,3.702368e+01,3.702368e+01,3.702368e+01,3.702368e+01,3.702368e+01,3.702368e+01,3.702368e+01,3.702368e+01,3.702368e+01,3.702368e+01,3.702368e+01,3.702368e+01,3.702368e+01,3.702368e+01,3.702368e+01,3.702368e+01,3.702368e+01,3.702368e+01,3.702368e+01,3.702368e+01,3.702368e+01,3.702368e+01,3.702368e+01,3.702368e+01,3.702368e+01,3.702368e+01,3.702368e+01,3.702368e+01,3.646112e+01,3.655737e+01,3.655737e+01,3.655737e+01,3.655737e+01,3.655737e+01,3.655737e+01,3.655737e+01,3.655737e+01,3.655737e+01,3.655737e+01,3.655737e+01
3.564648e+01,3.564648e+01,3.564648e+01,3.564648e+01,3.564648e+01,3.564648e+01,3.564648e+01,3.564648e+01,3.564648e+01,3.564648e+01,3.564648e+01,3.564648e+01,3.564648e+01,3.621323e+01,3.617186e+01,3.617186e+01,3.617186e+01,3.617186e+01,3.617186e+01,3.617186e+01,3.617186e+01,3.673590e+01,3.673590e+01,3.673590e+01,3.729706e+01,3.725610e+01,3.725610e+01,3.725610e+01,3.725610e+01,3.725610e+01,3.725610e+01,3.725610e+01,3.725610e+01,3.725610e+01,3.725610e+01,3.784180e+01,3.784180e+01,3.784180e+01,3.784180e+01,3.831625e+01,3.831625e+01,3.831625e+01,3.864043e+01,3.880216e+01,3.913836e+01,3.978105e+01,3.988781e+01,3.988781e+01,4.004775e+01,4.011433e+01,4.031383e+01,4.031383e+01,4.085734e+01,4.091023e+01,4.091023e+01,4.091023e+01,4.091023e+01,4.091023e+01,4.091023e+01,4.091023e+01,4.091023e+01,4.091023e+01,4.145090e+01,4.139826e+01,4.152981e+01,4.152981e+01,4.152981e+01,4.152981e+01,4.152981e+01,4.152981e+01,4.209373e+01,4.209373e+01,4.209373e+01,4.209373e+01,4.209373e+01,4.209373e+01,4.209373e+01,4.209373e+01,4.209373e+01,4.209373e+01,4.261583e+01,4.261583e+01,4.208064e+01,4.234202e+01,4.243336e+01,4.243336e+01,4.243336e+01,4.243336e+01,4.243336e+01,4.243336e+01,4.243336e+01,4.243336e+01,4.296691e+01,4.314854e+01,4.301883e+01,4.347216e+01,4.376910e+01,4.421951e+01,4.455298e+01,4.507692e+01,4.542068e+01,4.573809e+01,4.623154e+01,4.659715e+01,4.716225e+01,4.758746e+01,4.804847e+01,4.829693e+01,4.880469e+01,4.933494e+01,4.983839e+01,5.030315e+01,5.123954e+01,5.156621e+01,5.202452e+01,5.245715e+01,5.298389e+01,5.361544e+01,5.456278e+01,5.505731e+01,5.564355e+01,5.609895e+01,5.656437e+01,5.729400e+01,5.805400e+01,5.847812e+01,5.899211e+01,5.958355e+01,6.005933e+01,6.009325e+01,6.070231e+01,6.124137e+01,6.186753e+01,6.271268e+01,6.293422e+01,6.318853e+01,6.384974e+01,6.475915e+01,6.514083e+01,6.552147e+01,6.609586e+01,6.701214e+01,6.736626e+01,6.800783e+01,6.869957e+01,6.911301e+01,7.000993e+01,7.037762e+01,7.108932e+01,7.151673e+01,7.235744e+01,7.278115e+01,7.326535e+01,7.396308e+01,7.491202e+01,7.540956e+01,7.577405e+01,7.642990e+01,7.725323e+01,7.777302e+01,7.832087e+01,7.849973e+01,7.911423e+01,7.994288e+01,8.041439e+01,8.074751e+01,8.113851e+01,8.180096e+01,8.213113e+01,8.249932e+01,8.286665e+01,8.362759e+01,8.379086e+01,8.455693e+01,8.507196e+01,8.520522e+01,8.538589e+01,8.627675e+01,8.641846e+01,8.652229e+01,8.667321e+01,8.699345e+01,8.722851e+01,8.776319e+01,8.769762e+01,8.769762e+01,8.769762e+01,8.769762e+01,8.808130e+01,8.801585e+01,8.795039e+01,8.795039e+01,8.795039e+01,8.795039e+01,8.795039e+01,8.795039e+01,8.795039e+01,8.795039e+01,8.795039e+01,8.795039e+01,8.795039e+01,8.795039e+01,8.756641e+01,8.789425e+01,8.762266e+01,8.755703e+01,8.755703e+01,8.755703e+01,8.755703e+01,8.755703e+01,8.755703e+01,8.704049e+01,8.720033e+01,8.720033e+01,8.720033e+01,8.720033e+01,8.694640e+01,8.683340e+01,8.673920e+01,8.660720e+01,8.656947e+01,8.652229e+01,8.669206e+01,8.650342e+01,8.643734e+01,8.643734e+01,8.621058e+01,8.621058e+01,8.594562e+01,8.594562e+01,8.594562e+01,8.566125e+01,8.554736e+01,8.543340e+01,8.521473e+01,8.521473e+01,8.521473e+01,8.521473e+01,8.487186e+01,8.462379e+01,8.456648e+01,8.456648e+01,8.456648e+01,8.433706e+01,8.414562e+01,8.407857e+01,8.381005e+01,8.398272e+01,8.362759e+01,8.356031e+01,8.348338e+01,8.323313e+01,8.323313e+01,8.323313e+01,8.283768e+01,8.300177e+01,8.246060e+01,8.246060e+01,8.246060e+01,8.246060e+01,8.246060e+01,8.220871e+01,8.202438e+01,8.189813e+01,8.189813e+01,8.189813e+01,8.189813e+01,8.149931e+01,8.168426e+01,8.148956e+01,8.142136e+01,8.142136e+01,8.142136e+01,8.142136e+01,8.142136e+01,8.142136e+01,8.099200e+01,8.099200e+01,8.099200e+01,8.099200e+01,8.099200e+01,8.099200e+01,8.099200e+01,8.099200e+01,8.099200e+01,8.099200e+01,8.099200e+01,8.099200e+01,8.099200e+01,8.099200e+01,8.099200e+01,8.099200e+01,8.099200e+01,8.099200e+01,8.099200e+01,8.139213e+01,8.129463e+01,8.129463e+01,8.129463e+01,8.129463e+01,8.129463e+01,8.169398e+01,8.149931e+01,8.151878e+01,8.187870e+01,8.168426e+01,8.161614e+01,8.180096e+01,8.179123e+01,8.179123e+01,8.179123e+01,8.179123e+01,8.218932e+01,8.217962e+01,8.217962e+01,8.217962e+01,8.257672e+01,8.254770e+01,8.254770e+01,8.254770e+01,8.283768e+01,8.283768e+01,8.283768e+01,8.323313e+01,8.323313e+01,8.323313e+01,8.362759e+01,8.358915e+01,8.398272e+01,8.404024e+01,8.403065e+01,8.403065e+01,8.442313e+01,8.448049e+01,8.451871e+01,8.451871e+01,8.491000e+01,8.496718e+01,8.511005e+01,8.511005e+01,8.511005e+01,8.549989e+01,8.560432e+01,8.576558e+01,8.582246e+01,8.582246e+01,8.621058e+01,8.626730e+01,8.636179e+01,8.636179e+01,8.636179e+01,8.674862e+01,8.671092e+01,8.671092e+01,8.671092e+01,8.671092e+01,8.671092e+01,8.671092e+01,8.671092e+01,8.671092e+01,8.671092e+01,8.671092e+01,8.625784e+01,8.625784e+01,8.625784e+01,8.591721e+01,8.601190e+01,8.574661e+01,8.555686e+01,8.541439e+01,8.499577e+01,8.479558e+01,8.498624e+01,8.484326e+01,8.450916e+01,8.408815e+01,8.394437e+01,8.358915e+01,8.310785e+01,8.284734e+01,8.283768e+01,8.247996e+01,8.205350e+01,8.154800e+01,8.142136e+01,8.111898e+01,8.035553e+01,8.012969e+01,7.953898e+01,7.902519e+01,7.871807e+01,7.789272e+01,7.791266e+01,7.714304e+01,7.664118e+01,7.602663e+01,7.526757e+01,7.486115e+01,7.445361e+01,7.393237e+01,7.367618e+01,7.297708e+01,7.232639e+01,7.184945e+01,7.139176e+01,7.078623e+01,6.998889e+01,6.910242e+01,6.863586e+01,6.827428e+01,6.750552e+01,6.684013e+01,6.633360e+01,6.602014e+01,6.516261e+01,6.462804e+01,6.391568e+01,6.340929e+01,6.270160e+01,6.185637e+01,6.098334e+01,6.049960e+01,6.010455e+01,5.915161e+01,5.858108e+01,5.775513e+01,5.722469e+01,5.645979e+01,5.587729e+01,5.528040e+01,5.459817e+01,5.393596e+01,5.323450e+01,5.267290e+01,5.168699e+01,5.111834e+01,5.057142e+01,4.997311e+01,4.907627e+01,4.852011e+01,4.804847e+01,4.731250e+01,4.677325e+01,4.620629e+01,4.568736e+01,4.507692e+01,4.451455e+01,4.406528e+01,4.353678e+01,4.309667e+01,4.278500e+01,4.227673e+01,4.170059e+01,4.127974e+01,4.091023e+01,4.072502e+01,4.043336e+01,4.007439e+01,3.979440e+01,3.897711e+01,3.897711e+01,3.849196e+01,3.795042e+01,3.784180e+01,3.729706e+01,3.700999e+01,3.698262e+01,3.688674e+01,3.662607e+01,3.644736e+01,3.644736e+01,3.644736e+01,3.644736e+01,3.644736e+01,3.644736e+01,3.644736e+01,3.644736e+01,3.644736e+01,3.644736e+01,3.644736e+01,3.644736e+01,3.644736e+01,3.644736e+01,3.644736e+01,3.644736e+01,3.700999e+01,3.674962e+01,3.674962e+01,3.674962e+01,3.674962e+01,3.674962e+01,3.674962e+01,3.674962e+01,3.674962e+01,3.674962e+01,3.674962e+01,3.674962e+01,3.674962e+01,3.674962e+01,3.674962e+01,3.674962e+01,3.674962e+01,3.674962e+01,3.674962e+01,3.674962e+01,3.674962e+01,3.674962e+01,3.674962e+01,3.674962e+01,3.674962e+01,3.720145e+01,3.720145e+01,3.720145e+01,3.720145e+01,3.720145e+01,3.776026e+01,3.770586e+01,3.776026e+01,3.776026e+01,3.776026e+01,3.776026e+01,3.831625e+01,3.822152e+01,3.822152e+01,3.822152e+01,3.822152e+01,3.859996e+01,3.859996e+01,3.859996e+01,3.859996e+01,3.859996e+01,3.859996e+01,3.859996e+01,3.859996e+01,3.859996e+01,3.859996e+01,3.859996e+01,3.859996e+01,3.859996e+01,3.859996e+01,3.859996e+01,3.859996e+01,3.859996e+01,3.859996e+01,3.859996e+01,3.859996e+01,3.859996e+01,3.859996e+01,3.827567e+01,3.827567e+01,3.827567e+01,3.827567e+01,3.827567e+01,3.827567e+01,3.827567e+01,3.827567e+01,3.827567e+01,3.827567e+01,3.827567e+01,3.827567e+01,3.776026e+01,3.776026e+01,3.776026e+01,3.776026e+01,3.776026e+01,3.776026e+01,3.776026e+01,3.776026e+01,3.776026e+01,3.776026e+01,3.776026e+01,3.776026e+01,3.776026e+01,3.776026e+01,3.776026e+01,3.776026e+01,3.739258e+01,3.739258e+01,3.739258e+01,3.739258e+01,3.739258e+01,3.739258e+01,3.739258e+01,3.739258e+01,3.739258e+01,3.739258e+01,3.739258e+01,3.739258e+01,3.739258e+01,3.739258e+01,3.739258e+01,3.739258e+01,3.739258e+01,3.739258e+01,3.739258e+01,3.739258e+01,3.739258e+01,3.702368e+01,3.702368e+01,3.702368e+01,3.702368e+01,3.702368e+01,3.702368e+01,3.702368e+01,3.702368e+01,3.702368e+01,3.702368e+01,3.702368e+01,3.702368e+01,3.702368e+01,3.702368e+01,3.702368e+01,3.702368e+01,3.702368e+01,3.702368e+01,3.702368e+01,3.702368e+01,3.702368e+01,3.702368e+01,3.702368e+01,3.702368e+01,3.702368e+01,3.702368e+01,3.702368e+01,3.702368e+01,3.702368e+01,3.702368e+01,3.702368e+01,3.702368e+01,3.702368e+01,3.702368e+01,3.702368e+01,3.702368e+01,3.655737e+01,3.655737e+01,3.655737e+01,3.655737e+01,3.655737e+01,3.655737e+01,3.655737e+01
3.564648e+01,3.621323e+01,3.595095e+01,3.585417e+01,3.585417e+01,3.585417e+01,3.585417e+01,3.585417e+01,3.585417e+01,3.585417e+01,3.585417e+01,3.585417e+01,3.585417e+01,3.585417e+01,3.585417e+01,3.585417e+01,3.617186e+01,3.617186e+01,3.617186e+01,3.673590e+01,3.668100e+01,3.668100e+01,3.668100e+01,3.668100e+01,3.729706e+01,3.729706e+01,3.729706e+01,3.729706e+01,3.729706e+01,3.729706e+01,3.729706e+01,3.729706e+01,3.729706e+01,3.729706e+01,3.729706e+01,3.784180e+01,3.784180e+01,3.784180e+01,3.784180e+01,3.831625e+01,3.831625e+01,3.886948e+01,3.882909e+01,3.896367e+01,3.931279e+01,3.958060e+01,3.958060e+01,3.958060e+01,4.004775e+01,4.004775e+01,4.004775e+01,4.059254e+01,4.079120e+01,4.079120e+01,4.079120e+01,4.079120e+01,4.079120e+01,4.079120e+01,4.079120e+01,4.079120e+01,4.079120e+01,4.079120e+01,4.145090e+01,4.145090e+01,4.145090e+01,4.145090e+01,4.145090e+01,4.145090e+01,4.198902e+01,4.193663e+01,4.202830e+01,4.202830e+01,4.202830e+01,4.202830e+01,4.202830e+01,4.202830e+01,4.256372e+01,4.231591e+01,4.231591e+01,4.231591e+01,4.231591e+01,4.231591e+01,4.231591e+01,4.231591e+01,4.231591e+01,4.231591e+01,4.231591e+01,4.231591e+01,4.231591e+01,4.231591e+01,4.231591e+01,4.231591e+01,4.296691e+01,4.296691e+01,4.296691e+01,4.347216e+01,4.340751e+01,4.428371e+01,4.418097e+01,4.514066e+01,4.542068e+01,4.587748e+01,4.611785e+01,4.662232e+01,4.668523e+01,4.735003e+01,4.813549e+01,4.853250e+01,4.884176e+01,4.937185e+01,4.987514e+01,5.033977e+01,5.113046e+01,5.159038e+01,5.206063e+01,5.249313e+01,5.301972e+01,5.365110e+01,5.411368e+01,5.483384e+01,5.544453e+01,5.592399e+01,5.688915e+01,5.742097e+01,5.808844e+01,5.851245e+01,5.902630e+01,5.961760e+01,5.990093e+01,6.014976e+01,6.073606e+01,6.127499e+01,6.190099e+01,6.255740e+01,6.288994e+01,6.326584e+01,6.388271e+01,6.434354e+01,6.493376e+01,6.578187e+01,6.621478e+01,6.704437e+01,6.739841e+01,6.803983e+01,6.873141e+01,6.914476e+01,7.004148e+01,7.040910e+01,7.112063e+01,7.154796e+01,7.238849e+01,7.281210e+01,7.371720e+01,7.397332e+01,7.446381e+01,7.515591e+01,7.605692e+01,7.654061e+01,7.688229e+01,7.759329e+01,7.800236e+01,7.877756e+01,7.922301e+01,7.997239e+01,8.044382e+01,8.077687e+01,8.116779e+01,8.183012e+01,8.216022e+01,8.252835e+01,8.329092e+01,8.358915e+01,8.393478e+01,8.459514e+01,8.493859e+01,8.520522e+01,8.580350e+01,8.626730e+01,8.626730e+01,8.652229e+01,8.685224e+01,8.729427e+01,8.745386e+01,8.771636e+01,8.771636e+01,8.771636e+01,8.771636e+01,8.809999e+01,8.806260e+01,8.806260e+01,8.806260e+01,8.806260e+01,8.806260e+01,8.806260e+01,8.806260e+01,8.806260e+01,8.806260e+01,8.806260e+01,8.806260e+01,8.806260e+01,8.806260e+01,8.806260e+01,8.806260e+01,8.806260e+01,8.762266e+01,8.762266e+01,8.762266e+01,8.762266e+01,8.762266e+01,8.762266e+01,8.762266e+01,8.742570e+01,8.724730e+01,8.724730e+01,8.724730e+01,8.724730e+01,8.724730e+01,8.683340e+01,8.683340e+01,8.683340e+01,8.683340e+01,8.683340e+01,8.683340e+01,8.683340e+01,8.643734e+01,8.634290e+01,8.626730e+01,8.617275e+01,8.600243e+01,8.600243e+01,8.600243e+01,8.600243e+01,8.593615e+01,8.568023e+01,8.551888e+01,8.545239e+01,8.538589e+01,8.520522e+01,8.494812e+01,8.475742e+01,8.475742e+01,8.475742e+01,8.475742e+01,8.433706e+01,8.433706e+01,8.433706e+01,8.420308e+01,8.383884e+01,8.376205e+01,8.376205e+01,8.376205e+01,8.323313e+01,8.323313e+01,8.323313e+01,8.323313e+01,8.300177e+01,8.299212e+01,8.280871e+01,8.262508e+01,8.222810e+01,8.254770e+01,8.235408e+01,8.235408e+01,8.235408e+01,8.189813e+01,8.189813e+01,8.189813e+01,8.189813e+01,8.189813e+01,8.148956e+01,8.148956e+01,8.148956e+01,8.148956e+01,8.148956e+01,8.148956e+01,8.148956e+01,8.148956e+01,8.139213e+01,8.120683e+01,8.113851e+01,8.113851e+01,8.113851e+01,8.113851e+01,8.113851e+01,8.113851e+01,8.113851e+01,8.113851e+01,8.113851e+01,8.113851e+01,8.113851e+01,8.113851e+01,8.113851e+01,8.113851e+01,8.113851e+01,8.113851e+01,8.139213e+01,8.139213e+01,8.139213e+01,8.139213e+01,8.139213e+01,8.139213e+01,8.139213e+01,8.179123e+01,8.184955e+01,8.183984e+01,8.183984e+01,8.183984e+01,8.183984e+01,8.183984e+01,8.183984e+01,8.183984e+01,8.223779e+01,8.219901e+01,8.219901e+01,8.259607e+01,8.255737e+01,8.253802e+01,8.253802e+01,8.253802e+01,8.253802e+01,8.283768e+01,8.283768e+01,8.323313e+01,8.319460e+01,8.319460e+01,8.358915e+01,8.358915e+01,8.377165e+01,8.383884e+01,8.383884e+01,8.423180e+01,8.428922e+01,8.437532e+01,8.437532e+01,8.476696e+01,8.482419e+01,8.486234e+01,8.525278e+01,8.518619e+01,8.518619e+01,8.518619e+01,8.549989e+01,8.549989e+01,8.576558e+01,8.615384e+01,8.611600e+01,8.616330e+01,8.616330e+01,8.636179e+01,8.636179e+01,8.674862e+01,8.671092e+01,8.671092e+01,8.671092e+01,8.671092e+01,8.671092e+01,8.671092e+01,8.671092e+01,8.671092e+01,8.671092e+01,8.671092e+01,8.671092e+01,8.671092e+01,8.625784e+01,8.646566e+01,8.624839e+01,8.610654e+01,8.589826e+01,8.555686e+01,8.563279e+01,8.527180e+01,8.512908e+01,8.494812e+01,8.468107e+01,8.447093e+01,8.423180e+01,8.392519e+01,8.394437e+01,8.338718e+01,8.318496e+01,8.280871e+01,8.245092e+01,8.242188e+01,8.194670e+01,8.167453e+01,8.123611e+01,8.055165e+01,8.021810e+01,7.960802e+01,7.917358e+01,7.875773e+01,7.848981e+01,7.770315e+01,7.703278e+01,7.662107e+01,7.600645e+01,7.566277e+01,7.506450e+01,7.506450e+01,7.404495e+01,7.367618e+01,7.296678e+01,7.231605e+01,7.183907e+01,7.138135e+01,7.077576e+01,6.997837e+01,6.952524e+01,6.885873e+01,6.835944e+01,6.759114e+01,6.692616e+01,6.650624e+01,6.607423e+01,6.521704e+01,6.468268e+01,6.397061e+01,6.346442e+01,6.275702e+01,6.191214e+01,6.149889e+01,6.080355e+01,5.979900e+01,5.949274e+01,5.876392e+01,5.795062e+01,5.743251e+01,5.668045e+01,5.611061e+01,5.552652e+01,5.468070e+01,5.403078e+01,5.334176e+01,5.279260e+01,5.181969e+01,5.126377e+01,5.072967e+01,4.964217e+01,4.945792e+01,4.873052e+01,4.774963e+01,4.719983e+01,4.676068e+01,4.619366e+01,4.567467e+01,4.506417e+01,4.450174e+01,4.405242e+01,4.352386e+01,4.266791e+01,4.243336e+01,4.215912e+01,4.179244e+01,4.137194e+01,4.108194e+01,4.076473e+01,4.047318e+01,3.956723e+01,3.932619e+01,3.903089e+01,3.880216e+01,3.847846e+01,3.815381e+01,3.781462e+01,3.739258e+01,3.718779e+01,3.662607e+01,3.672218e+01,3.672218e+01,3.615807e+01,3.625458e+01,3.625458e+01,3.625458e+01,3.625458e+01,3.625458e+01,3.625458e+01,3.625458e+01,3.625458e+01,3.681820e+01,3.672218e+01,3.672218e+01,3.672218e+01,3.672218e+01,3.672218e+01,3.672218e+01,3.672218e+01,3.672218e+01,3.672218e+01,3.672218e+01,3.672218e+01,3.672218e+01,3.672218e+01,3.672218e+01,3.672218e+01,3.672218e+01,3.672218e+01,3.672218e+01,3.672218e+01,3.672218e+01,3.672218e+01,3.672218e+01,3.672218e+01,3.672218e+01,3.672218e+01,3.672218e+01,3.672218e+01,3.672218e+01,3.672218e+01,3.672218e+01,3.672218e+01,3.720145e+01,3.720145e+01,3.720145e+01,3.720145e+01,3.720145e+01,3.720145e+01,3.770586e+01,3.770586e+01,3.770586e+01,3.770586e+01,3.826213e+01,3.826213e+01,3.826213e+01,3.826213e+01,3.826213e+01,3.881563e+01,3.877522e+01,3.877522e+01,3.877522e+01,3.877522e+01,3.877522e+01,3.877522e+01,3.877522e+01,3.877522e+01,3.877522e+01,3.877522e+01,3.877522e+01,3.877522e+01,3.877522e+01,3.877522e+01,3.877522e+01,3.877522e+01,3.822152e+01,3.831625e+01,3.841090e+01,3.841090e+01,3.841090e+01,3.841090e+01,3.841090e+01,3.841090e+01,3.841090e+01,3.841090e+01,3.785538e+01,3.795042e+01,3.804538e+01,3.804538e+01,3.804538e+01,3.804538e+01,3.804538e+01,3.804538e+01,3.804538e+01,3.804538e+01,3.804538e+01,3.804538e+01,3.776026e+01,3.776026e+01,3.776026e+01,3.776026e+01,3.776026e+01,3.776026e+01,3.776026e+01,3.776026e+01,3.776026e+01,3.776026e+01,3.776026e+01,3.776026e+01,3.776026e+01,3.776026e+01,3.776026e+01,3.776026e+01,3.739258e+01,3.739258e+01,3.739258e+01,3.739258e+01,3.739258e+01,3.739258e+01,3.739258e+01,3.739258e+01,3.739258e+01,3.739258e+01,3.739258e+01,3.739258e+01,3.739258e+01,3.739258e+01,3.739258e+01,3.739258e+01,3.739258e+01,3.739258e+01,3.739258e+01,3.702368e+01,3.702368e+01,3.702368e+01,3.702368e+01,3.702368e+01,3.702368e+01,3.702368e+01,3.702368e+01,3.702368e+01,3.702368e+01,3.702368e+01,3.702368e+01,3.702368e+01,3.702368e+01,3.702368e+01,3.702368e+01,3.702368e+01,3.702368e+01,3.702368e+01,3.702368e+01,3.702368e+01,3.702368e+01,3.702368e+01,3.702368e+01,3.702368e+01,3.702368e+01,3.702368e+01,3.702368e+01,3.702368e+01,3.702368e+01,3.702368e+01,3.702368e+01,3.702368e+01,3.702368e+01,3.655737e+01,3.655737e+01,3.655737e+01,3.655737e+01,3.655737e+01,3.655737e+01,3.655737e+01
3.588183e+01,3.600622e+01,3.600622e+01,3.600622e+01,3.600622e+01,3.600622e+01,3.600622e+01,3.600622e+01,3.543839e+01,3.553555e+01,3.563261e+01,3.619944e+01,3.610287e+01,3.610287e+01,3.610287e+01,3.610287e+01,3.610287e+01,3.610287e+01,3.666727e+01,3.668100e+01,3.668100e+01,3.668100e+01,3.668100e+01,3.668100e+01,3.729706e+01,3.729706e+01,3.729706e+01,3.729706e+01,3.729706e+01,3.729706e+01,3.729706e+01,3.729706e+01,3.729706e+01,3.729706e+01,3.785538e+01,3.780103e+01,3.780103e+01,3.780103e+01,3.835683e+01,3.830272e+01,3.853247e+01,3.866740e+01,3.866740e+01,3.896367e+01,3.923232e+01,3.958060e+01,3.958060e+01,4.012764e+01,4.007439e+01,4.007439e+01,4.007439e+01,4.059254e+01,4.059254e+01,4.059254e+01,4.113472e+01,4.104234e+01,4.104234e+01,4.104234e+01,4.104234e+01,4.104234e+01,4.104234e+01,4.104234e+01,4.104234e+01,4.145090e+01,4.145090e+01,4.145090e+01,4.145090e+01,4.198902e+01,4.193663e+01,4.193663e+01,4.193663e+01,4.193663e+01,4.193663e+01,4.193663e+01,4.193663e+01,4.193663e+01,4.193663e+01,4.231591e+01,4.231591e+01,4.231591e+01,4.231591e+01,4.231591e+01,4.231591e+01,4.231591e+01,4.231591e+01,4.231591e+01,4.231591e+01,4.231591e+01,4.231591e+01,4.231591e+01,4.231591e+01,4.231591e+01,4.231591e+01,4.296691e+01,4.318742e+01,4.327810e+01,4.349801e+01,4.409100e+01,4.430939e+01,4.505142e+01,4.547152e+01,4.568736e+01,4.562392e+01,4.660974e+01,4.688631e+01,4.736254e+01,4.804847e+01,4.845816e+01,4.890352e+01,4.938415e+01,4.988739e+01,5.035197e+01,5.064448e+01,5.133643e+01,5.197635e+01,5.242115e+01,5.295999e+01,5.360356e+01,5.407816e+01,5.481029e+01,5.543281e+01,5.592399e+01,5.690074e+01,5.743251e+01,5.762848e+01,5.827196e+01,5.894650e+01,5.945866e+01,5.975367e+01,6.012716e+01,6.071356e+01,6.125257e+01,6.187868e+01,6.245747e+01,6.291208e+01,6.326584e+01,6.388271e+01,6.479190e+01,6.507548e+01,6.534760e+01,6.643073e+01,6.704437e+01,6.739841e+01,6.803983e+01,6.873141e+01,6.914476e+01,7.004148e+01,7.083853e+01,7.125626e+01,7.198440e+01,7.252294e+01,7.283274e+01,7.364541e+01,7.401425e+01,7.490184e+01,7.528786e+01,7.607710e+01,7.656073e+01,7.731329e+01,7.772311e+01,7.803225e+01,7.880730e+01,7.925266e+01,8.000190e+01,8.047323e+01,8.080623e+01,8.159667e+01,8.195641e+01,8.219901e+01,8.256705e+01,8.322350e+01,8.362759e+01,8.397313e+01,8.463334e+01,8.487186e+01,8.563279e+01,8.592668e+01,8.612546e+01,8.660720e+01,8.677689e+01,8.732244e+01,8.728487e+01,8.754765e+01,8.766015e+01,8.766015e+01,8.804391e+01,8.800650e+01,8.805325e+01,8.805325e+01,8.805325e+01,8.805325e+01,8.805325e+01,8.805325e+01,8.843609e+01,8.825879e+01,8.819342e+01,8.819342e+01,8.819342e+01,8.819342e+01,8.819342e+01,8.819342e+01,8.819342e+01,8.819342e+01,8.781001e+01,8.766952e+01,8.766952e+01,8.766952e+01,8.766952e+01,8.766952e+01,8.766952e+01,8.766952e+01,8.766952e+01,8.724730e+01,8.724730e+01,8.724730e+01,8.724730e+01,8.724730e+01,8.724730e+01,8.724730e+01,8.683340e+01,8.683340e+01,8.683340e+01,8.683340e+01,8.683340e+01,8.683340e+01,8.634290e+01,8.634290e+01,8.634290e+01,8.600243e+01,8.600243e+01,8.600243e+01,8.600243e+01,8.600243e+01,8.568023e+01,8.568023e+01,8.568023e+01,8.538589e+01,8.549039e+01,8.529082e+01,8.491953e+01,8.491953e+01,8.491953e+01,8.452827e+01,8.438489e+01,8.438489e+01,8.438489e+01,8.438489e+01,8.423180e+01,8.397313e+01,8.390601e+01,8.374285e+01,8.377165e+01,8.358915e+01,8.340643e+01,8.291492e+01,8.294388e+01,8.294388e+01,8.294388e+01,8.262508e+01,8.255737e+01,8.251867e+01,8.251867e+01,8.251867e+01,8.212142e+01,8.234440e+01,8.216022e+01,8.209232e+01,8.169398e+01,8.163560e+01,8.194670e+01,8.176206e+01,8.169398e+01,8.162588e+01,8.162588e+01,8.162588e+01,8.162588e+01,8.162588e+01,8.139213e+01,8.139213e+01,8.139213e+01,8.139213e+01,8.139213e+01,8.139213e+01,8.139213e+01,8.139213e+01,8.139213e+01,8.113851e+01,8.153826e+01,8.135314e+01,8.128488e+01,8.128488e+01,8.128488e+01,8.128488e+01,8.128488e+01,8.128488e+01,8.168426e+01,8.161614e+01,8.154800e+01,8.154800e+01,8.154800e+01,8.154800e+01,8.154800e+01,8.154800e+01,8.184955e+01,8.184955e+01,8.184955e+01,8.184955e+01,8.184955e+01,8.224749e+01,8.206320e+01,8.212142e+01,8.216992e+01,8.216992e+01,8.256705e+01,8.255737e+01,8.255737e+01,8.255737e+01,8.295352e+01,8.277007e+01,8.283768e+01,8.283768e+01,8.300177e+01,8.307893e+01,8.347377e+01,8.353147e+01,8.355070e+01,8.355070e+01,8.377165e+01,8.377165e+01,8.377165e+01,8.423180e+01,8.423180e+01,8.423180e+01,8.462379e+01,8.470016e+01,8.470016e+01,8.509100e+01,8.518619e+01,8.518619e+01,8.518619e+01,8.557584e+01,8.553787e+01,8.564227e+01,8.587931e+01,8.600243e+01,8.600243e+01,8.639012e+01,8.645622e+01,8.645622e+01,8.661663e+01,8.668264e+01,8.668264e+01,8.668264e+01,8.668264e+01,8.706870e+01,8.688991e+01,8.688991e+01,8.688991e+01,8.688991e+01,8.688991e+01,8.688991e+01,8.688991e+01,8.650342e+01,8.667321e+01,8.659777e+01,8.643734e+01,8.619167e+01,8.586983e+01,8.570868e+01,8.554736e+01,8.542390e+01,8.542390e+01,8.542390e+01,8.507196e+01,8.475742e+01,8.449960e+01,8.425095e+01,8.387722e+01,8.345453e+01,8.313677e+01,8.277007e+01,8.260574e+01,8.241219e+01,8.201467e+01,8.162588e+01,8.119707e+01,8.091381e+01,8.038496e+01,7.974599e+01,7.928230e+01,7.893609e+01,7.854939e+01,7.773310e+01,7.744336e+01,7.683208e+01,7.649030e+01,7.594585e+01,7.548050e+01,7.462695e+01,7.404495e+01,7.365567e+01,7.336816e+01,7.251260e+01,7.202589e+01,7.155836e+01,7.094308e+01,7.013610e+01,6.967293e+01,6.899652e+01,6.848709e+01,6.770879e+01,6.703363e+01,6.660326e+01,6.571681e+01,6.507548e+01,6.466083e+01,6.394864e+01,6.344238e+01,6.273486e+01,6.234636e+01,6.171126e+01,6.100580e+01,6.008194e+01,5.961760e+01,5.887806e+01,5.805400e+01,5.752477e+01,5.676165e+01,5.618052e+01,5.558504e+01,5.472784e+01,5.406631e+01,5.336558e+01,5.280457e+01,5.181969e+01,5.125166e+01,5.071750e+01,4.983839e+01,4.944563e+01,4.871815e+01,4.773717e+01,4.718731e+01,4.674810e+01,4.618103e+01,4.566199e+01,4.505142e+01,4.448893e+01,4.403955e+01,4.351093e+01,4.287599e+01,4.249856e+01,4.221141e+01,4.183178e+01,4.139826e+01,4.109513e+01,4.076473e+01,4.031383e+01,3.978105e+01,3.939320e+01,3.917863e+01,3.880216e+01,3.846495e+01,3.814026e+01,3.780103e+01,3.747440e+01,3.703736e+01,3.684562e+01,3.684562e+01,3.628214e+01,3.625458e+01,3.625458e+01,3.625458e+01,3.625458e+01,3.625458e+01,3.625458e+01,3.625458e+01,3.625458e+01,3.625458e+01,3.625458e+01,3.672218e+01,3.672218e+01,3.672218e+01,3.672218e+01,3.672218e+01,3.672218e+01,3.672218e+01,3.672218e+01,3.672218e+01,3.672218e+01,3.672218e+01,3.672218e+01,3.672218e+01,3.672218e+01,3.672218e+01,3.672218e+01,3.672218e+01,3.672218e+01,3.672218e+01,3.672218e+01,3.672218e+01,3.672218e+01,3.672218e+01,3.672218e+01,3.672218e+01,3.672218e+01,3.672218e+01,3.672218e+01,3.672218e+01,3.672218e+01,3.672218e+01,3.720145e+01,3.720145e+01,3.720145e+01,3.776026e+01,3.750165e+01,3.758338e+01,3.761061e+01,3.761061e+01,3.761061e+01,3.816735e+01,3.820798e+01,3.820798e+01,3.820798e+01,3.820798e+01,3.820798e+01,3.881563e+01,3.881563e+01,3.881563e+01,3.881563e+01,3.881563e+01,3.881563e+01,3.881563e+01,3.881563e+01,3.881563e+01,3.881563e+01,3.881563e+01,3.881563e+01,3.881563e+01,3.881563e+01,3.881563e+01,3.881563e+01,3.881563e+01,3.881563e+01,3.881563e+01,3.881563e+01,3.841090e+01,3.841090e+01,3.841090e+01,3.841090e+01,3.841090e+01,3.841090e+01,3.841090e+01,3.841090e+01,3.841090e+01,3.804538e+01,3.804538e+01,3.804538e+01,3.804538e+01,3.804538e+01,3.804538e+01,3.804538e+01,3.804538e+01,3.804538e+01,3.804538e+01,3.804538e+01,3.804538e+01,3.804538e+01,3.804538e+01,3.804538e+01,3.776026e+01,3.776026e+01,3.776026e+01,3.776026e+01,3.776026e+01,3.776026e+01,3.776026e+01,3.776026e+01,3.776026e+01,3.776026e+01,3.776026e+01,3.776026e+01,3.739258e+01,3.739258e+01,3.739258e+01,3.739258e+01,3.739258e+01,3.739258e+01,3.739258e+01,3.739258e+01,3.739258e+01,3.739258e+01,3.739258e+01,3.739258e+01,3.739258e+01,3.739258e+01,3.739258e+01,3.739258e+01,3.739258e+01,3.739258e+01,3.739258e+01,3.702368e+01,3.702368e+01,3.702368e+01,3.702368e+01,3.702368e+01,3.702368e+01,3.702368e+01,3.702368e+01,3.702368e+01,3.702368e+01,3.702368e+01,3.702368e+01,3.702368e+01,3.702368e+01,3.702368e+01,3.702368e+01,3.702368e+01,3.702368e+01,3.702368e+01,3.702368e+01,3.702368e+01,3.702368e+01,3.702368e+01,3.702368e+01,3.702368e+01,3.702368e+01,3.702368e+01,3.702368e+01,3.702368e+01,3.702368e+01,3.702368e+01,3.702368e+01,3.702368e+01,3.702368e+01,3.702368e+01,3.702368e+01,3.702368e+01,3.655737e+01,3.655737e+01,3.655737e+01
3.588183e+01,3.588183e+01,3.588183e+01,3.588183e+01,3.588183e+01,3.588183e+01,3.588183e+01,3.588183e+01,3.588183e+01,3.588183e+01,3.588183e+01,3.588183e+01,3.588183e+01,3.588183e+01,3.588183e+01,3.588183e+01,3.644736e+01,3.652988e+01,3.657112e+01,3.657112e+01,3.657112e+01,3.657112e+01,3.657112e+01,3.713311e+01,3.724244e+01,3.724244e+01,3.724244e+01,3.724244e+01,3.724244e+01,3.724244e+01,3.724244e+01,3.724244e+01,3.724244e+01,3.724244e+01,3.785538e+01,3.785538e+01,3.785538e+01,3.785538e+01,3.785538e+01,3.830272e+01,3.830272e+01,3.866740e+01,3.881563e+01,3.888294e+01,3.929938e+01,3.950032e+01,3.972763e+01,3.991448e+01,4.045991e+01,4.036697e+01,4.044664e+01,4.049971e+01,4.049971e+01,4.049971e+01,4.049971e+01,4.104234e+01,4.104234e+01,4.104234e+01,4.104234e+01,4.104234e+01,4.104234e+01,4.104234e+01,4.104234e+01,4.104234e+01,4.145090e+01,4.145090e+01,4.145090e+01,4.145090e+01,4.193663e+01,4.193663e+01,4.193663e+01,4.193663e+01,4.193663e+01,4.193663e+01,4.193663e+01,4.193663e+01,4.193663e+01,4.231591e+01,4.231591e+01,4.231591e+01,4.231591e+01,4.231591e+01,4.231591e+01,4.231591e+01,4.231591e+01,4.231591e+01,4.231591e+01,4.231591e+01,4.231591e+01,4.231591e+01,4.231591e+01,4.231591e+01,4.231591e+01,4.243336e+01,4.290198e+01,4.308371e+01,4.352386e+01,4.388509e+01,4.432222e+01,4.454018e+01,4.493658e+01,4.539525e+01,4.564930e+01,4.652160e+01,4.694908e+01,4.737504e+01,4.806091e+01,4.847055e+01,4.891587e+01,4.939645e+01,4.989964e+01,5.026652e+01,5.070533e+01,5.134853e+01,5.198840e+01,5.243315e+01,5.297194e+01,5.361544e+01,5.409000e+01,5.482206e+01,5.544453e+01,5.593566e+01,5.691232e+01,5.724780e+01,5.764000e+01,5.828342e+01,5.895790e+01,5.937912e+01,5.981033e+01,6.060099e+01,6.085976e+01,6.127499e+01,6.190099e+01,6.247969e+01,6.283457e+01,6.332103e+01,6.390469e+01,6.471545e+01,6.501009e+01,6.573850e+01,6.643073e+01,6.706586e+01,6.741984e+01,6.806116e+01,6.875265e+01,6.916592e+01,7.006252e+01,7.085944e+01,7.127711e+01,7.157917e+01,7.221249e+01,7.309040e+01,7.374796e+01,7.444341e+01,7.503402e+01,7.530815e+01,7.609729e+01,7.658085e+01,7.733331e+01,7.765323e+01,7.808205e+01,7.882712e+01,7.927242e+01,8.002157e+01,8.049284e+01,8.082579e+01,8.161614e+01,8.188842e+01,8.264442e+01,8.277007e+01,8.331980e+01,8.364680e+01,8.399231e+01,8.456648e+01,8.531934e+01,8.568023e+01,8.593615e+01,8.625784e+01,8.645622e+01,8.678631e+01,8.717213e+01,8.727548e+01,8.786618e+01,8.768826e+01,8.784746e+01,8.789425e+01,8.827746e+01,8.821210e+01,8.821210e+01,8.821210e+01,8.821210e+01,8.821210e+01,8.821210e+01,8.821210e+01,8.821210e+01,8.821210e+01,8.821210e+01,8.821210e+01,8.821210e+01,8.821210e+01,8.821210e+01,8.821210e+01,8.821210e+01,8.821210e+01,8.805325e+01,8.787553e+01,8.781001e+01,8.781001e+01,8.781001e+01,8.781001e+01,8.781001e+01,8.781001e+01,8.763203e+01,8.745386e+01,8.738816e+01,8.738816e+01,8.738816e+01,8.738816e+01,8.738816e+01,8.721912e+01,8.704049e+01,8.697462e+01,8.697462e+01,8.658833e+01,8.653173e+01,8.679573e+01,8.661663e+01,8.642789e+01,8.623894e+01,8.617275e+01,8.617275e+01,8.617275e+01,8.617275e+01,8.568023e+01,8.568023e+01,8.568023e+01,8.538589e+01,8.538589e+01,8.515764e+01,8.507196e+01,8.507196e+01,8.507196e+01,8.491953e+01,8.459514e+01,8.452827e+01,8.452827e+01,8.413605e+01,8.406898e+01,8.402106e+01,8.402106e+01,8.402106e+01,8.377165e+01,8.337756e+01,8.371404e+01,8.334868e+01,8.356031e+01,8.298248e+01,8.281837e+01,8.277973e+01,8.277973e+01,8.277973e+01,8.277973e+01,8.251867e+01,8.238314e+01,8.238314e+01,8.216022e+01,8.192728e+01,8.224749e+01,8.220871e+01,8.178151e+01,8.178151e+01,8.178151e+01,8.178151e+01,8.178151e+01,8.138239e+01,8.145060e+01,8.174261e+01,8.155773e+01,8.155773e+01,8.155773e+01,8.155773e+01,8.155773e+01,8.155773e+01,8.155773e+01,8.155773e+01,8.115804e+01,8.156747e+01,8.152853e+01,8.152853e+01,8.152853e+01,8.152853e+01,8.152853e+01,8.152853e+01,8.152853e+01,8.152853e+01,8.152853e+01,8.152853e+01,8.192728e+01,8.173289e+01,8.173289e+01,8.173289e+01,8.173289e+01,8.173289e+01,8.173289e+01,8.213113e+01,8.206320e+01,8.199525e+01,8.216022e+01,8.216992e+01,8.216992e+01,8.216992e+01,8.216992e+01,8.216992e+01,8.256705e+01,8.256705e+01,8.256705e+01,8.296317e+01,8.292457e+01,8.292457e+01,8.292457e+01,8.292457e+01,8.331980e+01,8.328129e+01,8.339680e+01,8.379086e+01,8.372365e+01,8.382925e+01,8.382925e+01,8.382925e+01,8.422223e+01,8.419350e+01,8.419350e+01,8.458559e+01,8.458559e+01,8.458559e+01,8.458559e+01,8.509100e+01,8.509100e+01,8.509100e+01,8.548090e+01,8.549989e+01,8.549989e+01,8.588879e+01,8.588879e+01,8.627675e+01,8.632400e+01,8.635234e+01,8.635234e+01,8.673920e+01,8.667321e+01,8.667321e+01,8.667321e+01,8.705930e+01,8.702168e+01,8.703108e+01,8.703108e+01,8.703108e+01,8.703108e+01,8.703108e+01,8.703108e+01,8.703108e+01,8.703108e+01,8.688991e+01,8.670149e+01,8.670149e+01,8.643734e+01,8.605923e+01,8.603083e+01,8.603083e+01,8.603083e+01,8.542390e+01,8.542390e+01,8.503387e+01,8.491000e+01,8.482419e+01,8.455693e+01,8.417435e+01,8.385803e+01,8.382925e+01,8.331980e+01,8.311749e+01,8.276041e+01,8.240251e+01,8.200497e+01,8.161614e+01,8.126537e+01,8.084536e+01,8.037515e+01,7.973614e+01,7.927242e+01,7.892619e+01,7.853946e+01,7.780296e+01,7.737334e+01,7.723320e+01,7.627881e+01,7.584481e+01,7.548050e+01,7.504418e+01,7.424942e+01,7.393237e+01,7.349145e+01,7.264694e+01,7.217104e+01,7.171437e+01,7.111019e+01,7.031466e+01,6.943021e+01,6.889054e+01,6.848709e+01,6.770879e+01,6.703363e+01,6.660326e+01,6.571681e+01,6.507548e+01,6.466083e+01,6.394864e+01,6.344238e+01,6.273486e+01,6.188984e+01,6.156599e+01,6.099457e+01,6.053341e+01,5.983298e+01,5.909467e+01,5.827196e+01,5.727090e+01,5.664564e+01,5.616887e+01,5.557334e+01,5.471606e+01,5.405447e+01,5.335367e+01,5.279260e+01,5.180764e+01,5.123954e+01,5.070533e+01,4.992413e+01,4.935955e+01,4.870578e+01,4.823487e+01,4.742506e+01,4.645860e+01,4.605464e+01,4.564930e+01,4.503866e+01,4.447611e+01,4.402669e+01,4.349801e+01,4.296691e+01,4.257675e+01,4.227673e+01,4.171371e+01,4.149036e+01,4.117429e+01,4.065880e+01,4.030054e+01,3.987447e+01,3.955385e+01,3.919206e+01,3.880216e+01,3.845144e+01,3.812671e+01,3.778744e+01,3.746076e+01,3.710577e+01,3.654363e+01,3.647488e+01,3.639232e+01,3.639232e+01,3.639232e+01,3.639232e+01,3.639232e+01,3.639232e+01,3.639232e+01,3.639232e+01,3.639232e+01,3.639232e+01,3.639232e+01,3.639232e+01,3.639232e+01,3.639232e+01,3.639232e+01,3.639232e+01,3.639232e+01,3.639232e+01,3.639232e+01,3.639232e+01,3.672218e+01,3.672218e+01,3.672218e+01,3.672218e+01,3.672218e+01,3.672218e+01,3.672218e+01,3.672218e+01,3.672218e+01,3.672218e+01,3.672218e+01,3.672218e+01,3.672218e+01,3.672218e+01,3.672218e+01,3.672218e+01,3.672218e+01,3.672218e+01,3.672218e+01,3.672218e+01,3.728341e+01,3.722878e+01,3.717413e+01,3.717413e+01,3.773306e+01,3.770586e+01,3.770586e+01,3.770586e+01,3.770586e+01,3.770586e+01,3.770586e+01,3.770586e+01,3.820798e+01,3.820798e+01,3.820798e+01,3.820798e+01,3.820798e+01,3.881563e+01,3.881563e+01,3.881563e+01,3.881563e+01,3.881563e+01,3.881563e+01,3.881563e+01,3.881563e+01,3.881563e+01,3.881563e+01,3.881563e+01,3.881563e+01,3.881563e+01,3.881563e+01,3.881563e+01,3.881563e+01,3.881563e+01,3.881563e+01,3.826213e+01,3.878869e+01,3.847846e+01,3.847846e+01,3.847846e+01,3.847846e+01,3.847846e+01,3.847846e+01,3.847846e+01,3.847846e+01,3.847846e+01,3.804538e+01,3.804538e+01,3.804538e+01,3.804538e+01,3.804538e+01,3.804538e+01,3.804538e+01,3.804538e+01,3.804538e+01,3.804538e+01,3.804538e+01,3.804538e+01,3.804538e+01,3.804538e+01,3.804538e+01,3.804538e+01,3.776026e+01,3.776026e+01,3.776026e+01,3.776026e+01,3.776026e+01,3.776026e+01,3.776026e+01,3.776026e+01,3.776026e+01,3.776026e+01,3.776026e+01,3.739258e+01,3.739258e+01,3.739258e+01,3.739258e+01,3.739258e+01,3.739258e+01,3.739258e+01,3.739258e+01,3.739258e+01,3.739258e+01,3.739258e+01,3.739258e+01,3.739258e+01,3.739258e+01,3.739258e+01,3.739258e+01,3.739258e+01,3.739258e+01,3.739258e+01,3.702368e+01,3.702368e+01,3.702368e+01,3.702368e+01,3.702368e+01,3.702368e+01,3.702368e+01,3.702368e+01,3.702368e+01,3.702368e+01,3.702368e+01,3.702368e+01,3.702368e+01,3.702368e+01,3.702368e+01,3.702368e+01,3.702368e+01,3.702368e+01,3.702368e+01,3.702368e+01,3.702368e+01,3.702368e+01,3.702368e+01,3.702368e+01,3.702368e+01,3.702368e+01,3.702368e+01,3.702368e+01,3.702368e+01,3.702368e+01,3.702368e+01,3.702368e+01,3.702368e+01,3.702368e+01,3.702368e+01,3.702368e+01,3.702368e+01,3.655737e+01,3.655737e+01,3.655737e+01
3.588183e+01,3.588183e+01,3.588183e+01,3.588183e+01,3.588183e+01,3.588183e+01,3.588183e+01,3.588183e+01,3.588183e+01,3.588183e+01,3.588183e+01,3.588183e+01,3.588183e+01,3.588183e+01,3.588183e+01,3.588183e+01,3.644736e+01,3.644736e+01,3.644736e+01,3.644736e+01,3.644736e+01,3.644736e+01,3.700999e+01,3.702368e+01,3.702368e+01,3.702368e+01,3.702368e+01,3.702368e+01,3.702368e+01,3.758338e+01,3.748802e+01,3.748802e+01,3.748802e+01,3.748802e+01,3.748802e+01,3.748802e+01,3.785538e+01,3.785538e+01,3.785538e+01,3.830272e+01,3.845144e+01,3.859996e+01,3.859996e+01,3.888294e+01,3.923232e+01,3.978105e+01,3.968755e+01,4.010102e+01,4.023407e+01,4.023407e+01,4.023407e+01,4.077797e+01,4.068529e+01,4.068529e+01,4.068529e+01,4.104234e+01,4.104234e+01,4.104234e+01,4.104234e+01,4.104234e+01,4.104234e+01,4.104234e+01,4.104234e+01,4.104234e+01,4.104234e+01,4.145090e+01,4.145090e+01,4.145090e+01,4.145090e+01,4.193663e+01,4.193663e+01,4.193663e+01,4.193663e+01,4.193663e+01,4.193663e+01,4.193663e+01,4.247248e+01,4.242032e+01,4.242032e+01,4.242032e+01,4.242032e+01,4.242032e+01,4.242032e+01,4.242032e+01,4.242032e+01,4.242032e+01,4.242032e+01,4.242032e+01,4.242032e+01,4.242032e+01,4.242032e+01,4.242032e+01,4.242032e+01,4.295393e+01,4.290198e+01,4.330399e+01,4.343337e+01,4.397522e+01,4.410386e+01,4.446329e+01,4.503866e+01,4.570004e+01,4.576344e+01,4.653419e+01,4.696163e+01,4.738755e+01,4.807334e+01,4.848294e+01,4.892821e+01,4.940875e+01,4.981388e+01,5.035197e+01,5.071750e+01,5.136063e+01,5.200044e+01,5.244515e+01,5.298389e+01,5.362733e+01,5.410184e+01,5.483384e+01,5.545625e+01,5.594733e+01,5.683121e+01,5.732864e+01,5.765152e+01,5.829488e+01,5.896931e+01,5.939049e+01,5.982166e+01,6.052214e+01,6.093842e+01,6.128619e+01,6.191214e+01,6.240193e+01,6.291208e+01,6.333207e+01,6.391568e+01,6.463897e+01,6.508637e+01,6.574934e+01,6.644153e+01,6.707659e+01,6.743055e+01,6.807182e+01,6.876326e+01,6.960965e+01,7.019915e+01,7.088036e+01,7.120411e+01,7.165199e+01,7.223320e+01,7.311099e+01,7.376846e+01,7.446381e+01,7.496286e+01,7.537914e+01,7.611747e+01,7.660096e+01,7.726324e+01,7.772311e+01,7.850967e+01,7.895589e+01,7.930206e+01,8.005106e+01,8.052225e+01,8.085514e+01,8.154800e+01,8.195641e+01,8.248964e+01,8.317532e+01,8.344491e+01,8.367562e+01,8.441357e+01,8.469062e+01,8.496718e+01,8.580350e+01,8.606869e+01,8.657890e+01,8.674862e+01,8.688049e+01,8.702168e+01,8.767889e+01,8.744447e+01,8.801585e+01,8.781937e+01,8.804391e+01,8.812802e+01,8.812802e+01,8.851069e+01,8.844542e+01,8.838012e+01,8.838012e+01,8.838012e+01,8.838012e+01,8.838012e+01,8.838012e+01,8.838012e+01,8.838012e+01,8.838012e+01,8.838012e+01,8.838012e+01,8.799715e+01,8.806260e+01,8.806260e+01,8.806260e+01,8.806260e+01,8.806260e+01,8.806260e+01,8.781001e+01,8.781001e+01,8.781001e+01,8.781001e+01,8.781001e+01,8.745386e+01,8.745386e+01,8.745386e+01,8.745386e+01,8.745386e+01,8.745386e+01,8.721912e+01,8.721912e+01,8.721912e+01,8.697462e+01,8.712512e+01,8.669206e+01,8.674862e+01,8.674862e+01,8.642789e+01,8.642789e+01,8.642789e+01,8.642789e+01,8.617275e+01,8.599297e+01,8.584141e+01,8.584141e+01,8.584141e+01,8.577506e+01,8.524327e+01,8.520522e+01,8.520522e+01,8.520522e+01,8.481465e+01,8.476696e+01,8.475742e+01,8.475742e+01,8.452827e+01,8.429879e+01,8.429879e+01,8.402106e+01,8.402106e+01,8.402106e+01,8.402106e+01,8.377165e+01,8.332943e+01,8.334868e+01,8.344491e+01,8.314641e+01,8.314641e+01,8.314641e+01,8.277973e+01,8.277973e+01,8.277973e+01,8.277973e+01,8.238314e+01,8.227657e+01,8.215053e+01,8.204379e+01,8.208261e+01,8.229595e+01,8.203409e+01,8.196613e+01,8.196613e+01,8.156747e+01,8.191756e+01,8.168426e+01,8.175234e+01,8.175234e+01,8.175234e+01,8.175234e+01,8.135314e+01,8.142136e+01,8.142136e+01,8.142136e+01,8.142136e+01,8.142136e+01,8.142136e+01,8.142136e+01,8.142136e+01,8.142136e+01,8.142136e+01,8.142136e+01,8.142136e+01,8.142136e+01,8.182040e+01,8.175234e+01,8.168426e+01,8.185927e+01,8.188842e+01,8.188842e+01,8.188842e+01,8.188842e+01,8.188842e+01,8.188842e+01,8.188842e+01,8.213113e+01,8.213113e+01,8.213113e+01,8.213113e+01,8.252835e+01,8.232502e+01,8.232502e+01,8.232502e+01,8.232502e+01,8.232502e+01,8.256705e+01,8.274108e+01,8.279905e+01,8.279905e+01,8.279905e+01,8.319460e+01,8.323313e+01,8.324276e+01,8.324276e+01,8.363720e+01,8.371404e+01,8.371404e+01,8.371404e+01,8.371404e+01,8.410731e+01,8.414562e+01,8.414562e+01,8.453783e+01,8.454738e+01,8.454738e+01,8.454738e+01,8.493859e+01,8.505292e+01,8.505292e+01,8.544289e+01,8.544289e+01,8.544289e+01,8.583193e+01,8.585088e+01,8.602137e+01,8.611600e+01,8.611600e+01,8.611600e+01,8.635234e+01,8.657890e+01,8.657890e+01,8.657890e+01,8.696522e+01,8.698404e+01,8.698404e+01,8.698404e+01,8.698404e+01,8.698404e+01,8.698404e+01,8.698404e+01,8.698404e+01,8.698404e+01,8.698404e+01,8.698404e+01,8.670149e+01,8.659777e+01,8.630510e+01,8.622003e+01,8.622003e+01,8.622003e+01,8.583193e+01,8.588879e+01,8.551888e+01,8.529082e+01,8.510052e+01,8.491000e+01,8.450916e+01,8.453783e+01,8.424137e+01,8.383884e+01,8.338718e+01,8.305000e+01,8.274108e+01,8.277973e+01,8.257672e+01,8.199525e+01,8.145060e+01,8.102132e+01,8.054185e+01,7.989368e+01,7.942057e+01,7.906477e+01,7.866847e+01,7.833081e+01,7.751334e+01,7.692243e+01,7.671155e+01,7.607710e+01,7.558179e+01,7.472882e+01,7.464733e+01,7.413699e+01,7.326535e+01,7.296678e+01,7.235744e+01,7.188060e+01,7.082807e+01,7.065015e+01,6.963074e+01,6.906007e+01,6.862524e+01,6.781566e+01,6.754833e+01,6.646310e+01,6.613912e+01,6.527145e+01,6.484648e+01,6.412429e+01,6.360767e+01,6.288994e+01,6.211273e+01,6.163306e+01,6.105070e+01,6.011586e+01,5.968565e+01,5.907188e+01,5.824903e+01,5.724780e+01,5.709752e+01,5.637840e+01,5.529213e+01,5.462175e+01,5.403078e+01,5.332985e+01,5.276867e+01,5.227707e+01,5.145742e+01,5.091201e+01,5.011990e+01,4.954394e+01,4.887882e+01,4.788669e+01,4.732501e+01,4.653419e+01,4.611785e+01,4.553505e+01,4.501315e+01,4.445048e+01,4.400096e+01,4.347216e+01,4.304479e+01,4.264187e+01,4.215912e+01,4.193663e+01,4.102913e+01,4.079120e+01,4.064555e+01,4.028725e+01,3.986113e+01,3.954047e+01,3.917863e+01,3.878869e+01,3.843793e+01,3.811316e+01,3.777385e+01,3.744713e+01,3.691414e+01,3.677706e+01,3.677706e+01,3.639232e+01,3.639232e+01,3.639232e+01,3.639232e+01,3.639232e+01,3.639232e+01,3.639232e+01,3.639232e+01,3.639232e+01,3.639232e+01,3.639232e+01,3.639232e+01,3.639232e+01,3.639232e+01,3.639232e+01,3.695523e+01,3.666727e+01,3.666727e+01,3.666727e+01,3.666727e+01,3.666727e+01,3.666727e+01,3.666727e+01,3.666727e+01,3.666727e+01,3.666727e+01,3.666727e+01,3.666727e+01,3.666727e+01,3.666727e+01,3.666727e+01,3.666727e+01,3.666727e+01,3.666727e+01,3.666727e+01,3.666727e+01,3.666727e+01,3.722878e+01,3.694154e+01,3.662607e+01,3.695523e+01,3.705105e+01,3.705105e+01,3.705105e+01,3.717413e+01,3.746076e+01,3.746076e+01,3.746076e+01,3.801826e+01,3.792327e+01,3.792327e+01,3.792327e+01,3.792327e+01,3.792327e+01,3.820798e+01,3.820798e+01,3.876175e+01,3.876175e+01,3.876175e+01,3.876175e+01,3.876175e+01,3.876175e+01,3.876175e+01,3.876175e+01,3.876175e+01,3.876175e+01,3.876175e+01,3.876175e+01,3.876175e+01,3.876175e+01,3.876175e+01,3.876175e+01,3.876175e+01,3.876175e+01,3.876175e+01,3.876175e+01,3.876175e+01,3.876175e+01,3.876175e+01,3.876175e+01,3.847846e+01,3.847846e+01,3.847846e+01,3.847846e+01,3.847846e+01,3.847846e+01,3.847846e+01,3.847846e+01,3.804538e+01,3.804538e+01,3.804538e+01,3.804538e+01,3.804538e+01,3.804538e+01,3.804538e+01,3.804538e+01,3.804538e+01,3.804538e+01,3.804538e+01,3.804538e+01,3.804538e+01,3.804538e+01,3.804538e+01,3.776026e+01,3.776026e+01,3.776026e+01,3.776026e+01,3.776026e+01,3.776026e+01,3.776026e+01,3.776026e+01,3.776026e+01,3.720145e+01,3.725610e+01,3.725610e+01,3.725610e+01,3.725610e+01,3.725610e+01,3.725610e+01,3.725610e+01,3.725610e+01,3.725610e+01,3.725610e+01,3.725610e+01,3.725610e+01,3.725610e+01,3.725610e+01,3.725610e+01,3.725610e+01,3.725610e+01,3.725610e+01,3.725610e+01,3.725610e+01,3.725610e+01,3.725610e+01,3.725610e+01,3.725610e+01,3.725610e+01,3.725610e+01,3.725610e+01,3.725610e+01,3.725610e+01,3.669473e+01,3.679078e+01,3.679078e+01,3.679078e+01,3.679078e+01,3.679078e+01,3.679078e+01,3.679078e+01,3.679078e+01,3.679078e+01,3.679078e+01,3.679078e+01,3.679078e+01,3.679078e+01,3.679078e+01,3.679078e+01,3.679078e+01,3.679078e+01,3.679078e+01,3.679078e+01,3.679078e+01,3.679078e+01,3.679078e+01,3.679078e+01,3.679078e+01,3.679078e+01,3.679078e+01,3.679078e+01,3.679078e+01,3.679078e+01
3.588183e+01,3.588183e+01,3.588183e+01,3.588183e+01,3.588183e+01,3.588183e+01,3.588183e+01,3.588183e+01,3.588183e+01,3.588183e+01,3.588183e+01,3.588183e+01,3.588183e+01,3.588183e+01,3.588183e+01,3.588183e+01,3.644736e+01,3.644736e+01,3.644736e+01,3.644736e+01,3.644736e+01,3.700999e+01,3.695523e+01,3.695523e+01,3.695523e+01,3.751528e+01,3.722878e+01,3.722878e+01,3.722878e+01,3.722878e+01,3.778744e+01,3.769226e+01,3.769226e+01,3.769226e+01,3.769226e+01,3.769226e+01,3.769226e+01,3.769226e+01,3.824860e+01,3.819444e+01,3.819444e+01,3.859996e+01,3.874828e+01,3.889640e+01,3.941999e+01,3.955385e+01,4.024737e+01,4.019417e+01,4.019417e+01,4.019417e+01,4.073826e+01,4.072502e+01,4.072502e+01,4.072502e+01,4.072502e+01,4.072502e+01,4.104234e+01,4.104234e+01,4.104234e+01,4.104234e+01,4.104234e+01,4.104234e+01,4.104234e+01,4.104234e+01,4.104234e+01,4.145090e+01,4.145090e+01,4.145090e+01,4.198902e+01,4.193663e+01,4.193663e+01,4.193663e+01,4.193663e+01,4.193663e+01,4.193663e+01,4.193663e+01,4.193663e+01,4.193663e+01,4.193663e+01,4.193663e+01,4.193663e+01,4.193663e+01,4.193663e+01,4.193663e+01,4.193663e+01,4.242032e+01,4.242032e+01,4.242032e+01,4.242032e+01,4.242032e+01,4.242032e+01,4.242032e+01,4.242032e+01,4.295393e+01,4.305776e+01,4.323924e+01,4.358844e+01,4.375620e+01,4.403955e+01,4.457859e+01,4.506417e+01,4.548423e+01,4.576344e+01,4.604200e+01,4.673553e+01,4.717478e+01,4.787424e+01,4.829693e+01,4.875525e+01,4.924878e+01,4.966671e+01,5.013213e+01,5.066883e+01,5.132432e+01,5.148160e+01,5.218092e+01,5.287632e+01,5.353221e+01,5.401893e+01,5.476318e+01,5.539766e+01,5.590064e+01,5.632023e+01,5.740944e+01,5.781266e+01,5.829488e+01,5.896931e+01,5.939049e+01,5.982166e+01,6.005933e+01,6.106192e+01,6.144295e+01,6.190099e+01,6.237970e+01,6.287887e+01,6.328792e+01,6.386073e+01,6.457337e+01,6.501009e+01,6.566257e+01,6.634440e+01,6.696915e+01,6.731266e+01,6.838072e+01,6.884812e+01,6.960965e+01,7.019915e+01,7.081761e+01,7.128754e+01,7.165199e+01,7.265726e+01,7.324478e+01,7.377871e+01,7.447401e+01,7.497303e+01,7.580437e+01,7.624857e+01,7.662107e+01,7.728326e+01,7.774308e+01,7.852953e+01,7.897569e+01,7.932182e+01,8.007072e+01,8.054185e+01,8.127512e+01,8.167453e+01,8.198555e+01,8.251867e+01,8.311749e+01,8.339680e+01,8.376205e+01,8.435619e+01,8.503387e+01,8.520522e+01,8.581298e+01,8.620113e+01,8.641846e+01,8.674862e+01,8.713453e+01,8.717213e+01,8.742570e+01,8.784746e+01,8.799715e+01,8.790361e+01,8.838012e+01,8.818408e+01,8.834280e+01,8.843609e+01,8.843609e+01,8.843609e+01,8.843609e+01,8.843609e+01,8.843609e+01,8.843609e+01,8.843609e+01,8.843609e+01,8.843609e+01,8.843609e+01,8.843609e+01,8.843609e+01,8.843609e+01,8.806260e+01,8.806260e+01,8.806260e+01,8.806260e+01,8.806260e+01,8.806260e+01,8.806260e+01,8.781001e+01,8.781001e+01,8.781001e+01,8.781001e+01,8.781001e+01,8.781001e+01,8.745386e+01,8.745386e+01,8.745386e+01,8.745386e+01,8.745386e+01,8.721912e+01,8.710632e+01,8.701227e+01,8.696522e+01,8.685224e+01,8.685224e+01,8.685224e+01,8.685224e+01,8.642789e+01,8.642789e+01,8.642789e+01,8.642789e+01,8.599297e+01,8.599297e+01,8.599297e+01,8.599297e+01,8.577506e+01,8.540489e+01,8.540489e+01,8.540489e+01,8.520522e+01,8.497671e+01,8.497671e+01,8.497671e+01,8.497671e+01,8.452827e+01,8.472879e+01,8.457603e+01,8.435619e+01,8.415520e+01,8.415520e+01,8.376205e+01,8.359875e+01,8.388682e+01,8.368523e+01,8.353147e+01,8.328129e+01,8.328129e+01,8.328129e+01,8.317532e+01,8.297282e+01,8.297282e+01,8.257672e+01,8.246060e+01,8.246060e+01,8.246060e+01,8.246060e+01,8.246060e+01,8.206320e+01,8.203409e+01,8.203409e+01,8.203409e+01,8.203409e+01,8.203409e+01,8.203409e+01,8.175234e+01,8.175234e+01,8.175234e+01,8.175234e+01,8.175234e+01,8.175234e+01,8.175234e+01,8.175234e+01,8.142136e+01,8.142136e+01,8.142136e+01,8.142136e+01,8.182040e+01,8.161614e+01,8.161614e+01,8.161614e+01,8.161614e+01,8.161614e+01,8.161614e+01,8.161614e+01,8.201467e+01,8.181068e+01,8.181068e+01,8.181068e+01,8.181068e+01,8.220871e+01,8.200497e+01,8.200497e+01,8.200497e+01,8.200497e+01,8.240251e+01,8.233471e+01,8.237345e+01,8.248964e+01,8.237345e+01,8.237345e+01,8.237345e+01,8.277007e+01,8.277007e+01,8.273141e+01,8.273141e+01,8.273141e+01,8.312713e+01,8.308857e+01,8.311749e+01,8.311749e+01,8.311749e+01,8.351224e+01,8.356031e+01,8.356031e+01,8.395396e+01,8.388682e+01,8.404982e+01,8.406898e+01,8.406898e+01,8.406898e+01,8.453783e+01,8.453783e+01,8.453783e+01,8.453783e+01,8.493859e+01,8.493859e+01,8.532885e+01,8.536687e+01,8.536687e+01,8.575610e+01,8.579402e+01,8.579402e+01,8.579402e+01,8.611600e+01,8.650342e+01,8.650342e+01,8.660720e+01,8.660720e+01,8.660720e+01,8.699345e+01,8.695580e+01,8.695580e+01,8.695580e+01,8.734122e+01,8.714393e+01,8.714393e+01,8.714393e+01,8.714393e+01,8.714393e+01,8.714393e+01,8.714393e+01,8.675804e+01,8.670149e+01,8.648454e+01,8.635234e+01,8.635234e+01,8.635234e+01,8.635234e+01,8.622003e+01,8.585088e+01,8.557584e+01,8.539539e+01,8.539539e+01,8.491000e+01,8.467152e+01,8.455693e+01,8.412646e+01,8.381005e+01,8.375246e+01,8.330054e+01,8.305000e+01,8.297282e+01,8.263475e+01,8.203409e+01,8.147009e+01,8.102132e+01,8.092358e+01,8.007072e+01,7.958829e+01,7.922301e+01,7.881721e+01,7.806213e+01,7.784286e+01,7.713302e+01,7.677183e+01,7.611747e+01,7.560204e+01,7.533858e+01,7.444341e+01,7.411655e+01,7.332705e+01,7.288431e+01,7.233675e+01,7.179751e+01,7.089082e+01,7.066063e+01,6.968347e+01,6.909184e+01,6.863586e+01,6.789043e+01,6.760184e+01,6.697990e+01,6.600932e+01,6.569512e+01,6.504279e+01,6.431068e+01,6.378376e+01,6.305591e+01,6.226853e+01,6.177826e+01,6.118531e+01,6.024013e+01,5.933365e+01,5.898071e+01,5.822610e+01,5.745558e+01,5.710908e+01,5.629696e+01,5.533904e+01,5.464534e+01,5.403078e+01,5.330602e+01,5.274473e+01,5.225304e+01,5.143323e+01,5.088771e+01,5.009545e+01,4.951937e+01,4.885411e+01,4.786179e+01,4.729998e+01,4.650900e+01,4.609257e+01,4.550964e+01,4.498763e+01,4.442484e+01,4.397522e+01,4.344630e+01,4.312261e+01,4.253766e+01,4.185801e+01,4.180556e+01,4.125339e+01,4.079120e+01,4.048645e+01,4.026067e+01,3.983444e+01,3.951371e+01,3.915179e+01,3.876175e+01,3.841090e+01,3.808606e+01,3.774666e+01,3.725610e+01,3.714679e+01,3.677706e+01,3.661234e+01,3.646112e+01,3.589566e+01,3.618565e+01,3.618565e+01,3.618565e+01,3.618565e+01,3.618565e+01,3.618565e+01,3.618565e+01,3.618565e+01,3.618565e+01,3.618565e+01,3.674962e+01,3.665354e+01,3.632347e+01,3.651613e+01,3.651613e+01,3.651613e+01,3.651613e+01,3.651613e+01,3.651613e+01,3.651613e+01,3.651613e+01,3.651613e+01,3.651613e+01,3.651613e+01,3.707841e+01,3.698262e+01,3.688674e+01,3.688674e+01,3.688674e+01,3.688674e+01,3.688674e+01,3.688674e+01,3.688674e+01,3.688674e+01,3.688674e+01,3.688674e+01,3.688674e+01,3.688674e+01,3.688674e+01,3.688674e+01,3.744713e+01,3.735165e+01,3.744713e+01,3.739258e+01,3.739258e+01,3.795042e+01,3.796399e+01,3.796399e+01,3.796399e+01,3.796399e+01,3.796399e+01,3.796399e+01,3.851897e+01,3.801826e+01,3.834330e+01,3.843793e+01,3.853247e+01,3.853247e+01,3.908464e+01,3.899056e+01,3.899056e+01,3.899056e+01,3.899056e+01,3.899056e+01,3.899056e+01,3.899056e+01,3.899056e+01,3.899056e+01,3.899056e+01,3.899056e+01,3.899056e+01,3.843793e+01,3.853247e+01,3.853247e+01,3.853247e+01,3.853247e+01,3.853247e+01,3.853247e+01,3.853247e+01,3.853247e+01,3.853247e+01,3.853247e+01,3.853247e+01,3.853247e+01,3.797756e+01,3.853247e+01,3.816735e+01,3.816735e+01,3.816735e+01,3.816735e+01,3.816735e+01,3.816735e+01,3.816735e+01,3.816735e+01,3.816735e+01,3.816735e+01,3.816735e+01,3.761061e+01,3.770586e+01,3.780103e+01,3.763783e+01,3.763783e+01,3.763783e+01,3.763783e+01,3.763783e+01,3.763783e+01,3.763783e+01,3.763783e+01,3.763783e+01,3.763783e+01,3.763783e+01,3.763783e+01,3.763783e+01,3.763783e+01,3.763783e+01,3.763783e+01,3.763783e+01,3.763783e+01,3.763783e+01,3.763783e+01,3.763783e+01,3.763783e+01,3.763783e+01,3.725610e+01,3.725610e+01,3.725610e+01,3.725610e+01,3.725610e+01,3.725610e+01,3.725610e+01,3.725610e+01,3.725610e+01,3.725610e+01,3.725610e+01,3.725610e+01,3.725610e+01,3.725610e+01,3.725610e+01,3.725610e+01,3.725610e+01,3.725610e+01,3.725610e+01,3.725610e+01,3.725610e+01,3.725610e+01,3.725610e+01,3.725610e+01,3.679078e+01,3.679078e+01,3.679078e+01,3.679078e+01,3.679078e+01,3.679078e+01,3.679078e+01,3.679078e+01,3.679078e+01,3.679078e+01,3.679078e+01,3.679078e+01,3.679078e+01,3.679078e+01,3.679078e+01,3.679078e+01,3.679078e+01,3.679078e+01,3.679078e+01,3.679078e+01,3.679078e+01,3.679078e+01,3.679078e+01
3.588183e+01,3.588183e+01,3.588183e+01,3.588183e+01,3.588183e+01,3.588183e+01,3.588183e+01,3.588183e+01,3.588183e+01,3.588183e+01,3.588183e+01,3.588183e+01,3.588183e+01,3.588183e+01,3.588183e+01,3.644736e+01,3.639232e+01,3.639232e+01,3.639232e+01,3.639232e+01,3.639232e+01,3.700999e+01,3.700999e+01,3.700999e+01,3.756976e+01,3.754252e+01,3.732436e+01,3.732436e+01,3.732436e+01,3.732436e+01,3.732436e+01,3.769226e+01,3.769226e+01,3.769226e+01,3.769226e+01,3.769226e+01,3.769226e+01,3.824860e+01,3.819444e+01,3.819444e+01,3.874828e+01,3.869437e+01,3.869437e+01,3.924573e+01,3.931279e+01,3.966082e+01,4.002111e+01,4.002111e+01,4.056602e+01,4.060579e+01,4.063230e+01,4.063230e+01,4.063230e+01,4.063230e+01,4.063230e+01,4.063230e+01,4.104234e+01,4.104234e+01,4.104234e+01,4.104234e+01,4.104234e+01,4.104234e+01,4.104234e+01,4.104234e+01,4.158238e+01,4.152981e+01,4.152981e+01,4.152981e+01,4.152981e+01,4.152981e+01,4.193663e+01,4.193663e+01,4.193663e+01,4.193663e+01,4.193663e+01,4.193663e+01,4.193663e+01,4.193663e+01,4.193663e+01,4.193663e+01,4.193663e+01,4.193663e+01,4.193663e+01,4.193663e+01,4.193663e+01,4.193663e+01,4.193663e+01,4.193663e+01,4.193663e+01,4.193663e+01,4.242032e+01,4.242032e+01,4.242032e+01,4.242032e+01,4.305776e+01,4.339457e+01,4.352386e+01,4.331693e+01,4.438637e+01,4.415527e+01,4.491105e+01,4.525529e+01,4.556044e+01,4.601670e+01,4.673553e+01,4.719983e+01,4.738755e+01,4.807334e+01,4.854489e+01,4.905161e+01,4.948251e+01,4.996087e+01,5.051050e+01,5.096059e+01,5.185587e+01,5.226505e+01,5.288828e+01,5.354411e+01,5.403078e+01,5.477496e+01,5.540938e+01,5.591232e+01,5.641329e+01,5.736327e+01,5.777814e+01,5.827196e+01,5.848957e+01,5.915161e+01,5.998016e+01,6.021754e+01,6.060099e+01,6.121895e+01,6.166658e+01,6.229077e+01,6.277918e+01,6.317749e+01,6.373976e+01,6.444209e+01,6.486831e+01,6.551060e+01,6.618236e+01,6.674327e+01,6.753763e+01,6.834880e+01,6.880569e+01,6.955690e+01,7.013610e+01,7.074438e+01,7.120411e+01,7.207775e+01,7.265726e+01,7.323449e+01,7.375821e+01,7.444341e+01,7.493236e+01,7.575381e+01,7.618807e+01,7.696256e+01,7.741335e+01,7.815174e+01,7.825125e+01,7.882712e+01,7.958829e+01,8.013952e+01,8.055165e+01,8.128488e+01,8.161614e+01,8.206320e+01,8.252835e+01,8.305964e+01,8.347377e+01,8.377165e+01,8.436576e+01,8.487186e+01,8.519570e+01,8.581298e+01,8.614438e+01,8.649398e+01,8.675804e+01,8.697462e+01,8.750076e+01,8.766952e+01,8.777256e+01,8.799715e+01,8.805325e+01,8.851069e+01,8.836146e+01,8.836146e+01,8.836146e+01,8.836146e+01,8.836146e+01,8.874358e+01,8.854797e+01,8.854797e+01,8.854797e+01,8.854797e+01,8.854797e+01,8.854797e+01,8.854797e+01,8.854797e+01,8.854797e+01,8.816540e+01,8.813737e+01,8.813737e+01,8.813737e+01,8.813737e+01,8.813737e+01,8.813737e+01,8.813737e+01,8.781001e+01,8.781001e+01,8.781001e+01,8.781001e+01,8.781001e+01,8.781001e+01,8.745386e+01,8.745386e+01,8.745386e+01,8.745386e+01,8.745386e+01,8.721912e+01,8.721912e+01,8.721912e+01,8.696522e+01,8.696522e+01,8.696522e+01,8.657890e+01,8.655060e+01,8.650342e+01,8.650342e+01,8.650342e+01,8.650342e+01,8.638068e+01,8.618221e+01,8.579402e+01,8.611600e+01,8.576558e+01,8.556635e+01,8.556635e+01,8.556635e+01,8.556635e+01,8.536687e+01,8.516715e+01,8.516715e+01,8.477650e+01,8.495765e+01,8.491953e+01,8.426051e+01,8.415520e+01,8.415520e+01,8.400189e+01,8.431793e+01,8.375246e+01,8.380045e+01,8.373325e+01,8.345453e+01,8.332943e+01,8.332943e+01,8.332943e+01,8.332943e+01,8.297282e+01,8.281837e+01,8.275074e+01,8.275074e+01,8.275074e+01,8.246060e+01,8.246060e+01,8.246060e+01,8.246060e+01,8.243156e+01,8.222810e+01,8.222810e+01,8.183012e+01,8.189813e+01,8.216992e+01,8.193699e+01,8.193699e+01,8.193699e+01,8.193699e+01,8.193699e+01,8.193699e+01,8.193699e+01,8.193699e+01,8.182040e+01,8.161614e+01,8.161614e+01,8.161614e+01,8.161614e+01,8.161614e+01,8.161614e+01,8.161614e+01,8.161614e+01,8.201467e+01,8.181068e+01,8.196613e+01,8.199525e+01,8.185927e+01,8.225718e+01,8.205350e+01,8.208261e+01,8.216022e+01,8.205350e+01,8.205350e+01,8.245092e+01,8.241219e+01,8.237345e+01,8.237345e+01,8.237345e+01,8.237345e+01,8.237345e+01,8.237345e+01,8.277007e+01,8.273141e+01,8.273141e+01,8.273141e+01,8.273141e+01,8.273141e+01,8.312713e+01,8.312713e+01,8.312713e+01,8.312713e+01,8.352185e+01,8.348338e+01,8.348338e+01,8.387722e+01,8.391560e+01,8.391560e+01,8.391560e+01,8.391560e+01,8.430836e+01,8.433706e+01,8.446137e+01,8.446137e+01,8.446137e+01,8.485280e+01,8.490047e+01,8.505292e+01,8.515764e+01,8.515764e+01,8.536687e+01,8.558533e+01,8.558533e+01,8.579402e+01,8.594562e+01,8.612546e+01,8.633344e+01,8.633344e+01,8.660720e+01,8.660720e+01,8.660720e+01,8.660720e+01,8.695580e+01,8.695580e+01,8.695580e+01,8.695580e+01,8.734122e+01,8.727548e+01,8.727548e+01,8.727548e+01,8.727548e+01,8.727548e+01,8.688991e+01,8.683340e+01,8.704990e+01,8.678631e+01,8.697462e+01,8.639012e+01,8.639012e+01,8.639012e+01,8.600243e+01,8.584141e+01,8.562330e+01,8.562330e+01,8.539539e+01,8.496718e+01,8.477650e+01,8.450916e+01,8.411689e+01,8.398272e+01,8.377165e+01,8.337756e+01,8.317532e+01,8.294388e+01,8.262508e+01,8.202438e+01,8.185927e+01,8.142136e+01,8.093336e+01,8.048304e+01,7.979523e+01,7.930206e+01,7.890638e+01,7.821146e+01,7.785283e+01,7.756332e+01,7.658085e+01,7.613764e+01,7.568301e+01,7.527772e+01,7.450462e+01,7.403472e+01,7.334761e+01,7.292554e+01,7.239884e+01,7.188060e+01,7.103710e+01,7.035664e+01,7.014661e+01,6.932455e+01,6.873141e+01,6.805049e+01,6.761254e+01,6.701214e+01,6.610668e+01,6.564088e+01,6.506458e+01,6.435449e+01,6.339826e+01,6.292315e+01,6.227965e+01,6.180058e+01,6.121895e+01,6.028529e+01,5.991225e+01,5.932228e+01,5.842089e+01,5.773211e+01,5.673846e+01,5.621547e+01,5.535077e+01,5.466891e+01,5.406631e+01,5.335367e+01,5.280457e+01,5.232511e+01,5.151787e+01,5.098487e+01,5.020545e+01,4.964217e+01,4.898993e+01,4.801115e+01,4.746255e+01,4.668523e+01,4.628204e+01,4.571273e+01,4.468099e+01,4.433505e+01,4.397522e+01,4.353678e+01,4.303181e+01,4.253766e+01,4.209373e+01,4.183178e+01,4.127974e+01,4.091023e+01,4.067204e+01,4.030054e+01,3.984778e+01,3.950032e+01,3.912493e+01,3.873480e+01,3.838387e+01,3.805894e+01,3.755614e+01,3.694154e+01,3.685933e+01,3.677706e+01,3.621323e+01,3.617186e+01,3.596477e+01,3.611667e+01,3.611667e+01,3.611667e+01,3.611667e+01,3.611667e+01,3.611667e+01,3.611667e+01,3.611667e+01,3.611667e+01,3.668100e+01,3.669473e+01,3.650238e+01,3.639232e+01,3.639232e+01,3.639232e+01,3.695523e+01,3.685933e+01,3.676334e+01,3.676334e+01,3.676334e+01,3.676334e+01,3.676334e+01,3.676334e+01,3.676334e+01,3.676334e+01,3.676334e+01,3.676334e+01,3.676334e+01,3.676334e+01,3.676334e+01,3.676334e+01,3.676334e+01,3.676334e+01,3.676334e+01,3.676334e+01,3.676334e+01,3.676334e+01,3.732436e+01,3.722878e+01,3.726975e+01,3.733801e+01,3.733801e+01,3.733801e+01,3.733801e+01,3.789612e+01,3.789612e+01,3.789612e+01,3.789612e+01,3.789612e+01,3.845144e+01,3.815381e+01,3.837035e+01,3.834330e+01,3.837035e+01,3.837035e+01,3.837035e+01,3.892331e+01,3.896367e+01,3.897711e+01,3.897711e+01,3.897711e+01,3.897711e+01,3.897711e+01,3.897711e+01,3.897711e+01,3.897711e+01,3.897711e+01,3.897711e+01,3.897711e+01,3.897711e+01,3.897711e+01,3.897711e+01,3.897711e+01,3.897711e+01,3.853247e+01,3.853247e+01,3.853247e+01,3.853247e+01,3.853247e+01,3.853247e+01,3.853247e+01,3.853247e+01,3.853247e+01,3.797756e+01,3.805894e+01,3.818090e+01,3.816735e+01,3.816735e+01,3.816735e+01,3.816735e+01,3.816735e+01,3.816735e+01,3.816735e+01,3.816735e+01,3.816735e+01,3.816735e+01,3.816735e+01,3.816735e+01,3.770586e+01,3.770586e+01,3.770586e+01,3.770586e+01,3.770586e+01,3.770586e+01,3.770586e+01,3.770586e+01,3.770586e+01,3.770586e+01,3.770586e+01,3.770586e+01,3.770586e+01,3.770586e+01,3.770586e+01,3.770586e+01,3.770586e+01,3.770586e+01,3.770586e+01,3.770586e+01,3.770586e+01,3.770586e+01,3.770586e+01,3.770586e+01,3.770586e+01,3.725610e+01,3.725610e+01,3.725610e+01,3.725610e+01,3.725610e+01,3.725610e+01,3.725610e+01,3.725610e+01,3.725610e+01,3.725610e+01,3.725610e+01,3.725610e+01,3.725610e+01,3.725610e+01,3.725610e+01,3.725610e+01,3.725610e+01,3.725610e+01,3.725610e+01,3.725610e+01,3.725610e+01,3.725610e+01,3.725610e+01,3.725610e+01,3.725610e+01,3.725610e+01,3.725610e+01,3.725610e+01,3.725610e+01,3.725610e+01,3.725610e+01,3.725610e+01,3.725610e+01,3.725610e+01,3.725610e+01,3.679078e+01,3.679078e+01,3.679078e+01,3.679078e+01,3.679078e+01,3.679078e+01,3.679078e+01,3.679078e+01,3.679078e+01,3.679078e+01,3.679078e+01,3.679078e+01
3.588183e+01,3.588183e+01,3.588183e+01,3.588183e+01,3.588183e+01,3.588183e+01,3.588183e+01,3.588183e+01,3.588183e+01,3.588183e+01,3.588183e+01,3.588183e+01,3.588183e+01,3.588183e+01,3.588183e+01,3.588183e+01,3.639232e+01,3.639232e+01,3.639232e+01,3.639232e+01,3.695523e+01,3.695523e+01,3.695523e+01,3.695523e+01,3.695523e+01,3.695523e+01,3.732436e+01,3.732436e+01,3.732436e+01,3.788254e+01,3.786896e+01,3.781462e+01,3.781462e+01,3.781462e+01,3.781462e+01,3.781462e+01,3.781462e+01,3.824860e+01,3.824860e+01,3.880216e+01,3.874828e+01,3.874828e+01,3.874828e+01,3.924573e+01,3.946016e+01,3.968755e+01,3.995448e+01,4.016756e+01,4.034040e+01,4.034040e+01,4.063230e+01,4.063230e+01,4.063230e+01,4.063230e+01,4.063230e+01,4.117429e+01,4.112152e+01,4.112152e+01,4.112152e+01,4.112152e+01,4.112152e+01,4.112152e+01,4.112152e+01,4.112152e+01,4.112152e+01,4.152981e+01,4.152981e+01,4.152981e+01,4.152981e+01,4.206756e+01,4.201521e+01,4.201521e+01,4.201521e+01,4.201521e+01,4.201521e+01,4.201521e+01,4.201521e+01,4.201521e+01,4.201521e+01,4.201521e+01,4.201521e+01,4.201521e+01,4.201521e+01,4.201521e+01,4.201521e+01,4.201521e+01,4.201521e+01,4.201521e+01,4.201521e+01,4.201521e+01,4.201521e+01,4.201521e+01,4.201521e+01,4.242032e+01,4.243336e+01,4.336870e+01,4.336870e+01,4.389796e+01,4.433505e+01,4.436071e+01,4.480885e+01,4.517888e+01,4.566199e+01,4.601670e+01,4.621892e+01,4.718731e+01,4.757497e+01,4.806091e+01,4.852011e+01,4.901460e+01,4.943334e+01,4.989964e+01,5.043736e+01,5.137273e+01,5.150578e+01,5.207266e+01,5.269685e+01,5.335367e+01,5.384108e+01,5.458637e+01,5.522173e+01,5.572541e+01,5.622711e+01,5.717846e+01,5.759392e+01,5.836363e+01,5.867253e+01,5.915161e+01,5.988961e+01,6.028529e+01,6.060099e+01,6.121895e+01,6.166658e+01,6.229077e+01,6.277918e+01,6.317749e+01,6.373976e+01,6.444209e+01,6.486831e+01,6.551060e+01,6.618236e+01,6.674327e+01,6.753763e+01,6.834880e+01,6.880569e+01,6.955690e+01,7.013610e+01,7.074438e+01,7.163119e+01,7.176634e+01,7.248158e+01,7.306980e+01,7.402448e+01,7.451482e+01,7.495269e+01,7.577405e+01,7.620824e+01,7.698263e+01,7.743336e+01,7.799239e+01,7.865855e+01,7.893609e+01,7.960802e+01,8.015917e+01,8.057124e+01,8.130438e+01,8.163560e+01,8.208261e+01,8.254770e+01,8.307893e+01,8.379086e+01,8.396355e+01,8.477650e+01,8.497671e+01,8.522424e+01,8.584141e+01,8.617275e+01,8.642789e+01,8.709692e+01,8.726609e+01,8.742570e+01,8.766952e+01,8.787553e+01,8.795039e+01,8.816540e+01,8.836146e+01,8.836146e+01,8.836146e+01,8.836146e+01,8.836146e+01,8.874358e+01,8.872496e+01,8.859457e+01,8.859457e+01,8.859457e+01,8.859457e+01,8.859457e+01,8.859457e+01,8.859457e+01,8.821210e+01,8.824945e+01,8.824011e+01,8.824011e+01,8.824011e+01,8.824011e+01,8.824011e+01,8.824011e+01,8.824011e+01,8.824011e+01,8.819342e+01,8.798780e+01,8.798780e+01,8.798780e+01,8.760391e+01,8.795974e+01,8.775383e+01,8.768826e+01,8.762266e+01,8.762266e+01,8.762266e+01,8.721912e+01,8.721912e+01,8.721912e+01,8.721912e+01,8.721912e+01,8.696522e+01,8.672977e+01,8.672977e+01,8.672977e+01,8.672977e+01,8.650342e+01,8.650342e+01,8.650342e+01,8.618221e+01,8.611600e+01,8.605923e+01,8.583193e+01,8.568023e+01,8.568023e+01,8.568023e+01,8.529082e+01,8.523376e+01,8.521473e+01,8.505292e+01,8.492906e+01,8.492906e+01,8.492906e+01,8.465244e+01,8.472879e+01,8.452827e+01,8.433706e+01,8.388682e+01,8.379086e+01,8.379086e+01,8.379086e+01,8.379086e+01,8.379086e+01,8.372365e+01,8.352185e+01,8.335831e+01,8.315604e+01,8.315604e+01,8.275074e+01,8.275074e+01,8.275074e+01,8.275074e+01,8.275074e+01,8.246060e+01,8.246060e+01,8.246060e+01,8.222810e+01,8.206320e+01,8.198555e+01,8.209232e+01,8.208261e+01,8.198555e+01,8.198555e+01,8.198555e+01,8.198555e+01,8.198555e+01,8.198555e+01,8.198555e+01,8.198555e+01,8.198555e+01,8.161614e+01,8.201467e+01,8.181068e+01,8.181068e+01,8.181068e+01,8.181068e+01,8.181068e+01,8.181068e+01,8.181068e+01,8.181068e+01,8.181068e+01,8.220871e+01,8.210202e+01,8.220871e+01,8.210202e+01,8.210202e+01,8.210202e+01,8.210202e+01,8.210202e+01,8.210202e+01,8.241219e+01,8.241219e+01,8.241219e+01,8.241219e+01,8.241219e+01,8.241219e+01,8.280871e+01,8.277007e+01,8.277007e+01,8.277007e+01,8.277007e+01,8.277007e+01,8.316568e+01,8.312713e+01,8.312713e+01,8.312713e+01,8.312713e+01,8.352185e+01,8.352185e+01,8.352185e+01,8.352185e+01,8.391560e+01,8.391560e+01,8.391560e+01,8.391560e+01,8.430836e+01,8.430836e+01,8.430836e+01,8.470016e+01,8.472879e+01,8.477650e+01,8.516715e+01,8.510052e+01,8.510052e+01,8.549039e+01,8.559483e+01,8.559483e+01,8.569920e+01,8.574661e+01,8.574661e+01,8.612546e+01,8.628620e+01,8.639012e+01,8.656004e+01,8.656004e+01,8.656004e+01,8.694640e+01,8.691815e+01,8.691815e+01,8.691815e+01,8.691815e+01,8.734122e+01,8.734122e+01,8.734122e+01,8.734122e+01,8.734122e+01,8.734122e+01,8.688991e+01,8.693698e+01,8.696522e+01,8.683340e+01,8.681457e+01,8.654117e+01,8.654117e+01,8.615384e+01,8.607816e+01,8.620113e+01,8.592668e+01,8.546190e+01,8.565176e+01,8.534786e+01,8.500529e+01,8.458559e+01,8.434663e+01,8.413605e+01,8.418393e+01,8.367562e+01,8.305964e+01,8.281837e+01,8.259607e+01,8.217962e+01,8.184955e+01,8.139213e+01,8.090403e+01,8.045362e+01,7.976569e+01,7.927242e+01,7.887666e+01,7.818160e+01,7.792263e+01,7.719314e+01,7.699266e+01,7.632919e+01,7.584481e+01,7.540956e+01,7.460657e+01,7.452502e+01,7.361463e+01,7.305950e+01,7.251260e+01,7.197402e+01,7.153754e+01,7.044056e+01,7.005200e+01,6.931399e+01,6.872080e+01,6.803983e+01,6.760184e+01,6.700140e+01,6.653859e+01,6.539108e+01,6.498829e+01,6.434354e+01,6.383874e+01,6.311118e+01,6.246858e+01,6.153245e+01,6.114046e+01,6.027400e+01,5.990093e+01,5.931091e+01,5.840944e+01,5.772060e+01,5.672686e+01,5.620382e+01,5.533904e+01,5.465713e+01,5.405447e+01,5.334176e+01,5.279260e+01,5.231310e+01,5.150578e+01,5.047393e+01,5.007099e+01,4.961762e+01,4.896524e+01,4.798627e+01,4.743756e+01,4.677325e+01,4.620629e+01,4.568736e+01,4.477051e+01,4.438637e+01,4.385932e+01,4.351093e+01,4.300586e+01,4.251160e+01,4.176620e+01,4.172684e+01,4.137194e+01,4.106874e+01,4.014095e+01,3.990114e+01,3.983444e+01,3.946016e+01,3.908464e+01,3.869437e+01,3.834330e+01,3.788254e+01,3.752890e+01,3.714679e+01,3.714679e+01,3.677706e+01,3.641985e+01,3.641985e+01,3.596477e+01,3.596477e+01,3.596477e+01,3.596477e+01,3.596477e+01,3.652988e+01,3.643361e+01,3.633725e+01,3.633725e+01,3.633725e+01,3.633725e+01,3.633725e+01,3.633725e+01,3.690044e+01,3.661234e+01,3.684562e+01,3.690044e+01,3.690044e+01,3.690044e+01,3.690044e+01,3.690044e+01,3.690044e+01,3.690044e+01,3.690044e+01,3.690044e+01,3.690044e+01,3.690044e+01,3.690044e+01,3.690044e+01,3.690044e+01,3.690044e+01,3.690044e+01,3.690044e+01,3.690044e+01,3.690044e+01,3.690044e+01,3.690044e+01,3.690044e+01,3.690044e+01,3.722878e+01,3.722878e+01,3.722878e+01,3.722878e+01,3.722878e+01,3.778744e+01,3.784180e+01,3.784180e+01,3.784180e+01,3.784180e+01,3.784180e+01,3.845144e+01,3.822152e+01,3.822152e+01,3.877522e+01,3.868088e+01,3.858646e+01,3.881563e+01,3.886948e+01,3.886948e+01,3.886948e+01,3.886948e+01,3.886948e+01,3.886948e+01,3.886948e+01,3.886948e+01,3.886948e+01,3.886948e+01,3.886948e+01,3.886948e+01,3.886948e+01,3.886948e+01,3.886948e+01,3.886948e+01,3.886948e+01,3.886948e+01,3.886948e+01,3.886948e+01,3.886948e+01,3.853247e+01,3.853247e+01,3.853247e+01,3.853247e+01,3.853247e+01,3.853247e+01,3.853247e+01,3.853247e+01,3.853247e+01,3.816735e+01,3.816735e+01,3.816735e+01,3.816735e+01,3.816735e+01,3.816735e+01,3.816735e+01,3.816735e+01,3.816735e+01,3.816735e+01,3.816735e+01,3.816735e+01,3.816735e+01,3.816735e+01,3.816735e+01,3.770586e+01,3.770586e+01,3.770586e+01,3.770586e+01,3.770586e+01,3.770586e+01,3.770586e+01,3.770586e+01,3.770586e+01,3.770586e+01,3.770586e+01,3.770586e+01,3.770586e+01,3.770586e+01,3.770586e+01,3.770586e+01,3.770586e+01,3.770586e+01,3.770586e+01,3.770586e+01,3.714679e+01,3.720145e+01,3.725610e+01,3.725610e+01,3.725610e+01,3.725610e+01,3.725610e+01,3.725610e+01,3.725610e+01,3.725610e+01,3.725610e+01,3.725610e+01,3.725610e+01,3.725610e+01,3.725610e+01,3.725610e+01,3.725610e+01,3.725610e+01,3.725610e+01,3.725610e+01,3.725610e+01,3.725610e+01,3.725610e+01,3.725610e+01,3.725610e+01,3.725610e+01,3.725610e+01,3.725610e+01,3.725610e+01,3.725610e+01,3.725610e+01,3.725610e+01,3.669473e+01,3.698262e+01,3.698262e+01,3.698262e+01,3.698262e+01,3.698262e+01,3.698262e+01,3.698262e+01,3.698262e+01,3.698262e+01,3.698262e+01,3.698262e+01,3.698262e+01,3.698262e+01,3.698262e+01,3.698262e+01,3.698262e+01
3.588183e+01,3.588183e+01,3.588183e+01,3.588183e+01,3.588183e+01,3.588183e+01,3.588183e+01,3.588183e+01,3.588183e+01,3.588183e+01,3.588183e+01,3.588183e+01,3.588183e+01,3.588183e+01,3.588183e+01,3.588183e+01,3.639232e+01,3.639232e+01,3.639232e+01,3.639232e+01,3.695523e+01,3.695523e+01,3.695523e+01,3.695523e+01,3.695523e+01,3.751528e+01,3.746076e+01,3.746076e+01,3.746076e+01,3.746076e+01,3.746076e+01,3.746076e+01,3.746076e+01,3.746076e+01,3.781462e+01,3.781462e+01,3.781462e+01,3.824860e+01,3.847846e+01,3.859996e+01,3.859996e+01,3.859996e+01,3.915179e+01,3.913836e+01,3.946016e+01,3.946016e+01,3.995448e+01,4.049971e+01,4.040681e+01,4.055276e+01,4.056602e+01,4.110833e+01,4.083089e+01,4.083089e+01,4.083089e+01,4.083089e+01,4.083089e+01,4.083089e+01,4.112152e+01,4.112152e+01,4.112152e+01,4.112152e+01,4.112152e+01,4.112152e+01,4.112152e+01,4.152981e+01,4.152981e+01,4.152981e+01,4.152981e+01,4.206756e+01,4.206756e+01,4.206756e+01,4.206756e+01,4.206756e+01,4.206756e+01,4.206756e+01,4.206756e+01,4.206756e+01,4.206756e+01,4.206756e+01,4.206756e+01,4.206756e+01,4.206756e+01,4.206756e+01,4.206756e+01,4.206756e+01,4.206756e+01,4.206756e+01,4.206756e+01,4.206756e+01,4.206756e+01,4.206756e+01,4.206756e+01,4.242032e+01,4.265489e+01,4.317446e+01,4.339457e+01,4.339457e+01,4.383355e+01,4.437354e+01,4.471936e+01,4.473215e+01,4.536982e+01,4.616840e+01,4.643340e+01,4.709959e+01,4.763738e+01,4.807334e+01,4.802359e+01,4.880469e+01,4.972805e+01,4.998534e+01,5.044955e+01,5.119107e+01,5.152996e+01,5.208469e+01,5.270882e+01,5.336558e+01,5.385294e+01,5.459817e+01,5.523347e+01,5.573709e+01,5.623875e+01,5.671526e+01,5.739790e+01,5.808844e+01,5.858108e+01,5.907188e+01,5.982166e+01,6.013846e+01,6.058973e+01,6.121895e+01,6.167775e+01,6.230189e+01,6.279026e+01,6.318853e+01,6.375076e+01,6.445303e+01,6.487922e+01,6.552147e+01,6.619317e+01,6.719468e+01,6.721613e+01,6.816776e+01,6.908125e+01,6.963074e+01,7.016763e+01,7.077576e+01,7.147509e+01,7.221249e+01,7.258495e+01,7.316246e+01,7.398355e+01,7.450462e+01,7.538928e+01,7.587513e+01,7.624857e+01,7.702275e+01,7.747336e+01,7.803225e+01,7.858909e+01,7.898560e+01,7.964745e+01,8.019846e+01,8.061044e+01,8.094314e+01,8.149931e+01,8.237345e+01,8.261541e+01,8.351224e+01,8.375246e+01,8.409773e+01,8.470971e+01,8.493859e+01,8.530033e+01,8.587931e+01,8.610654e+01,8.647511e+01,8.695580e+01,8.726609e+01,8.752890e+01,8.769762e+01,8.782874e+01,8.800650e+01,8.819342e+01,8.831480e+01,8.831480e+01,8.869703e+01,8.850137e+01,8.866909e+01,8.870634e+01,8.870634e+01,8.870634e+01,8.870634e+01,8.870634e+01,8.870634e+01,8.870634e+01,8.870634e+01,8.832413e+01,8.828680e+01,8.866909e+01,8.846407e+01,8.839878e+01,8.839878e+01,8.839878e+01,8.801585e+01,8.808130e+01,8.808130e+01,8.808130e+01,8.808130e+01,8.808130e+01,8.808130e+01,8.769762e+01,8.772573e+01,8.771636e+01,8.771636e+01,8.771636e+01,8.771636e+01,8.771636e+01,8.733183e+01,8.729427e+01,8.729427e+01,8.729427e+01,8.729427e+01,8.729427e+01,8.696522e+01,8.677689e+01,8.677689e+01,8.677689e+01,8.677689e+01,8.677689e+01,8.650342e+01,8.633344e+01,8.632400e+01,8.611600e+01,8.595509e+01,8.587931e+01,8.587931e+01,8.587931e+01,8.568023e+01,8.582246e+01,8.556635e+01,8.495765e+01,8.502434e+01,8.502434e+01,8.502434e+01,8.502434e+01,8.465244e+01,8.462379e+01,8.457603e+01,8.421265e+01,8.403065e+01,8.403065e+01,8.403065e+01,8.403065e+01,8.379086e+01,8.379086e+01,8.339680e+01,8.343529e+01,8.325240e+01,8.320422e+01,8.303071e+01,8.289561e+01,8.289561e+01,8.289561e+01,8.289561e+01,8.249932e+01,8.246060e+01,8.246060e+01,8.246060e+01,8.246060e+01,8.246060e+01,8.246060e+01,8.209232e+01,8.209232e+01,8.209232e+01,8.209232e+01,8.209232e+01,8.209232e+01,8.209232e+01,8.209232e+01,8.209232e+01,8.209232e+01,8.209232e+01,8.209232e+01,8.209232e+01,8.209232e+01,8.209232e+01,8.209232e+01,8.209232e+01,8.181068e+01,8.181068e+01,8.220871e+01,8.199525e+01,8.216992e+01,8.216992e+01,8.216992e+01,8.216992e+01,8.216992e+01,8.216992e+01,8.216992e+01,8.216992e+01,8.216992e+01,8.256705e+01,8.252835e+01,8.252835e+01,8.252835e+01,8.252835e+01,8.252835e+01,8.252835e+01,8.252835e+01,8.277007e+01,8.277007e+01,8.277007e+01,8.277007e+01,8.316568e+01,8.312713e+01,8.312713e+01,8.312713e+01,8.312713e+01,8.312713e+01,8.352185e+01,8.352185e+01,8.352185e+01,8.352185e+01,8.391560e+01,8.391560e+01,8.391560e+01,8.430836e+01,8.427009e+01,8.427009e+01,8.427009e+01,8.470016e+01,8.470016e+01,8.470016e+01,8.477650e+01,8.498624e+01,8.515764e+01,8.534786e+01,8.534786e+01,8.559483e+01,8.559483e+01,8.598350e+01,8.601190e+01,8.604976e+01,8.628620e+01,8.628620e+01,8.628620e+01,8.656004e+01,8.672977e+01,8.680515e+01,8.719093e+01,8.712512e+01,8.705930e+01,8.722851e+01,8.730366e+01,8.730366e+01,8.730366e+01,8.730366e+01,8.730366e+01,8.691815e+01,8.692757e+01,8.692757e+01,8.692757e+01,8.692757e+01,8.692757e+01,8.692757e+01,8.654117e+01,8.629565e+01,8.629565e+01,8.590773e+01,8.574661e+01,8.560432e+01,8.554736e+01,8.523376e+01,8.496718e+01,8.465244e+01,8.438489e+01,8.422223e+01,8.404982e+01,8.363720e+01,8.352185e+01,8.317532e+01,8.275074e+01,8.229595e+01,8.192728e+01,8.183012e+01,8.111898e+01,8.054185e+01,8.022793e+01,7.950938e+01,7.898560e+01,7.836063e+01,7.798243e+01,7.781293e+01,7.721317e+01,7.641983e+01,7.591555e+01,7.546024e+01,7.482045e+01,7.452502e+01,7.359411e+01,7.303890e+01,7.249193e+01,7.195326e+01,7.144385e+01,7.091172e+01,6.985206e+01,6.972564e+01,6.887994e+01,6.818907e+01,6.774086e+01,6.713028e+01,6.657092e+01,6.547802e+01,6.506458e+01,6.440924e+01,6.389370e+01,6.315539e+01,6.250189e+01,6.155481e+01,6.115167e+01,6.027400e+01,5.988961e+01,5.929954e+01,5.839799e+01,5.770909e+01,5.671526e+01,5.619217e+01,5.580721e+01,5.484560e+01,5.423202e+01,5.350842e+01,5.294804e+01,5.196431e+01,5.142113e+01,5.046174e+01,5.005876e+01,4.960534e+01,4.895290e+01,4.797383e+01,4.742506e+01,4.676068e+01,4.619366e+01,4.567467e+01,4.485996e+01,4.432222e+01,4.394947e+01,4.344630e+01,4.299288e+01,4.249856e+01,4.197593e+01,4.179244e+01,4.139826e+01,4.093666e+01,4.035369e+01,3.990114e+01,3.968755e+01,3.941999e+01,3.904433e+01,3.865392e+01,3.818090e+01,3.797756e+01,3.758338e+01,3.726975e+01,3.655737e+01,3.640608e+01,3.640608e+01,3.615807e+01,3.618565e+01,3.618565e+01,3.618565e+01,3.618565e+01,3.618565e+01,3.618565e+01,3.618565e+01,3.618565e+01,3.618565e+01,3.618565e+01,3.674962e+01,3.665354e+01,3.669473e+01,3.683191e+01,3.668100e+01,3.668100e+01,3.668100e+01,3.668100e+01,3.668100e+01,3.668100e+01,3.668100e+01,3.668100e+01,3.668100e+01,3.668100e+01,3.668100e+01,3.668100e+01,3.724244e+01,3.714679e+01,3.714679e+01,3.714679e+01,3.714679e+01,3.714679e+01,3.714679e+01,3.714679e+01,3.714679e+01,3.714679e+01,3.714679e+01,3.714679e+01,3.714679e+01,3.714679e+01,3.714679e+01,3.714679e+01,3.770586e+01,3.765144e+01,3.767866e+01,3.767866e+01,3.767866e+01,3.823506e+01,3.814026e+01,3.818090e+01,3.834330e+01,3.834330e+01,3.834330e+01,3.834330e+01,3.834330e+01,3.889640e+01,3.880216e+01,3.880216e+01,3.880216e+01,3.880216e+01,3.880216e+01,3.935300e+01,3.905777e+01,3.905777e+01,3.905777e+01,3.905777e+01,3.905777e+01,3.905777e+01,3.905777e+01,3.905777e+01,3.905777e+01,3.905777e+01,3.905777e+01,3.905777e+01,3.905777e+01,3.905777e+01,3.850547e+01,3.842442e+01,3.847846e+01,3.847846e+01,3.847846e+01,3.847846e+01,3.847846e+01,3.847846e+01,3.847846e+01,3.847846e+01,3.847846e+01,3.847846e+01,3.847846e+01,3.816735e+01,3.816735e+01,3.816735e+01,3.816735e+01,3.816735e+01,3.816735e+01,3.816735e+01,3.816735e+01,3.816735e+01,3.816735e+01,3.816735e+01,3.816735e+01,3.816735e+01,3.770586e+01,3.770586e+01,3.770586e+01,3.770586e+01,3.770586e+01,3.770586e+01,3.770586e+01,3.770586e+01,3.770586e+01,3.770586e+01,3.770586e+01,3.770586e+01,3.770586e+01,3.770586e+01,3.770586e+01,3.770586e+01,3.770586e+01,3.770586e+01,3.770586e+01,3.770586e+01,3.714679e+01,3.714679e+01,3.714679e+01,3.714679e+01,3.714679e+01,3.714679e+01,3.714679e+01,3.714679e+01,3.714679e+01,3.714679e+01,3.714679e+01,3.714679e+01,3.714679e+01,3.714679e+01,3.714679e+01,3.714679e+01,3.714679e+01,3.714679e+01,3.714679e+01,3.714679e+01,3.714679e+01,3.714679e+01,3.714679e+01,3.714679e+01,3.714679e+01,3.714679e+01,3.714679e+01,3.714679e+01,3.714679e+01,3.714679e+01,3.714679e+01,3.714679e+01,3.714679e+01,3.714679e+01,3.714679e+01,3.714679e+01,3.714679e+01,3.714679e+01,3.714679e+01,3.714679e+01,3.714679e+01,3.714679e+01,3.714679e+01,3.714679e+01,3.658486e+01,3.668100e+01,3.677706e+01,3.677706e+01,3.677706e+01
3.588183e+01,3.588183e+01,3.588183e+01,3.588183e+01,3.588183e+01,3.588183e+01,3.588183e+01,3.588183e+01,3.588183e+01,3.588183e+01,3.588183e+01,3.588183e+01,3.588183e+01,3.588183e+01,3.644736e+01,3.639232e+01,3.633725e+01,3.633725e+01,3.633725e+01,3.690044e+01,3.690044e+01,3.690044e+01,3.690044e+01,3.690044e+01,3.690044e+01,3.751528e+01,3.751528e+01,3.751528e+01,3.751528e+01,3.751528e+01,3.751528e+01,3.751528e+01,3.751528e+01,3.751528e+01,3.781462e+01,3.781462e+01,3.781462e+01,3.824860e+01,3.824860e+01,3.824860e+01,3.859996e+01,3.884256e+01,3.893676e+01,3.909807e+01,3.935300e+01,3.959398e+01,3.996781e+01,4.028725e+01,4.028725e+01,4.083089e+01,4.087056e+01,4.104234e+01,4.089701e+01,4.089701e+01,4.089701e+01,4.089701e+01,4.089701e+01,4.089701e+01,4.089701e+01,4.089701e+01,4.089701e+01,4.089701e+01,4.089701e+01,4.143774e+01,4.151666e+01,4.152981e+01,4.152981e+01,4.152981e+01,4.152981e+01,4.152981e+01,4.206756e+01,4.206756e+01,4.206756e+01,4.206756e+01,4.206756e+01,4.206756e+01,4.206756e+01,4.206756e+01,4.206756e+01,4.206756e+01,4.206756e+01,4.206756e+01,4.206756e+01,4.206756e+01,4.206756e+01,4.206756e+01,4.206756e+01,4.206756e+01,4.206756e+01,4.206756e+01,4.206756e+01,4.206756e+01,4.206756e+01,4.206756e+01,4.265489e+01,4.296691e+01,4.296691e+01,4.339457e+01,4.384644e+01,4.428371e+01,4.456579e+01,4.480885e+01,4.538253e+01,4.607993e+01,4.649640e+01,4.659715e+01,4.743756e+01,4.767481e+01,4.844577e+01,4.892821e+01,4.913791e+01,4.965444e+01,5.027873e+01,5.092415e+01,5.145742e+01,5.201248e+01,5.263697e+01,5.329410e+01,5.378174e+01,5.452738e+01,5.516303e+01,5.566694e+01,5.616887e+01,5.664564e+01,5.732864e+01,5.801955e+01,5.851245e+01,5.900351e+01,5.966297e+01,6.011586e+01,6.056720e+01,6.119653e+01,6.165541e+01,6.227965e+01,6.276810e+01,6.316644e+01,6.372875e+01,6.443114e+01,6.485740e+01,6.549974e+01,6.626880e+01,6.668944e+01,6.758044e+01,6.827428e+01,6.864648e+01,6.945133e+01,6.997837e+01,7.100577e+01,7.154796e+01,7.221249e+01,7.258495e+01,7.316246e+01,7.398355e+01,7.450462e+01,7.497303e+01,7.570324e+01,7.649030e+01,7.709293e+01,7.747336e+01,7.803225e+01,7.858909e+01,7.898560e+01,7.964745e+01,8.019846e+01,8.061044e+01,8.134339e+01,8.199525e+01,8.242188e+01,8.265409e+01,8.348338e+01,8.383884e+01,8.410731e+01,8.463334e+01,8.497671e+01,8.530984e+01,8.580350e+01,8.653173e+01,8.663550e+01,8.696522e+01,8.719093e+01,8.779129e+01,8.810934e+01,8.790361e+01,8.790361e+01,8.819342e+01,8.819342e+01,8.857593e+01,8.865046e+01,8.853865e+01,8.853865e+01,8.853865e+01,8.853865e+01,8.853865e+01,8.892036e+01,8.886456e+01,8.886456e+01,8.886456e+01,8.848272e+01,8.878082e+01,8.870634e+01,8.868771e+01,8.852001e+01,8.852001e+01,8.852001e+01,8.852001e+01,8.839878e+01,8.819342e+01,8.819342e+01,8.819342e+01,8.819342e+01,8.819342e+01,8.819342e+01,8.819342e+01,8.810934e+01,8.789425e+01,8.789425e+01,8.789425e+01,8.789425e+01,8.751014e+01,8.741632e+01,8.741632e+01,8.741632e+01,8.741632e+01,8.741632e+01,8.703108e+01,8.704990e+01,8.704990e+01,8.704990e+01,8.704990e+01,8.704990e+01,8.677689e+01,8.654117e+01,8.654117e+01,8.654117e+01,8.611600e+01,8.611600e+01,8.611600e+01,8.587931e+01,8.576558e+01,8.571816e+01,8.570868e+01,8.544289e+01,8.511005e+01,8.511005e+01,8.511005e+01,8.511005e+01,8.511005e+01,8.465244e+01,8.465244e+01,8.465244e+01,8.460469e+01,8.421265e+01,8.421265e+01,8.421265e+01,8.381965e+01,8.379086e+01,8.361798e+01,8.355070e+01,8.355070e+01,8.355070e+01,8.320422e+01,8.320422e+01,8.320422e+01,8.320422e+01,8.320422e+01,8.289561e+01,8.265409e+01,8.265409e+01,8.265409e+01,8.265409e+01,8.265409e+01,8.225718e+01,8.262508e+01,8.241219e+01,8.219901e+01,8.219901e+01,8.219901e+01,8.219901e+01,8.219901e+01,8.219901e+01,8.219901e+01,8.219901e+01,8.180096e+01,8.185927e+01,8.191756e+01,8.191756e+01,8.191756e+01,8.191756e+01,8.231533e+01,8.223779e+01,8.199525e+01,8.216992e+01,8.218932e+01,8.203409e+01,8.203409e+01,8.243156e+01,8.237345e+01,8.231533e+01,8.231533e+01,8.231533e+01,8.231533e+01,8.231533e+01,8.231533e+01,8.231533e+01,8.252835e+01,8.252835e+01,8.252835e+01,8.252835e+01,8.252835e+01,8.252835e+01,8.292457e+01,8.288596e+01,8.288596e+01,8.288596e+01,8.288596e+01,8.288596e+01,8.312713e+01,8.312713e+01,8.312713e+01,8.312713e+01,8.352185e+01,8.348338e+01,8.348338e+01,8.348338e+01,8.387722e+01,8.387722e+01,8.387722e+01,8.387722e+01,8.430836e+01,8.430836e+01,8.430836e+01,8.430836e+01,8.470016e+01,8.470016e+01,8.470016e+01,8.509100e+01,8.505292e+01,8.505292e+01,8.505292e+01,8.534786e+01,8.555686e+01,8.572765e+01,8.583193e+01,8.583193e+01,8.583193e+01,8.628620e+01,8.628620e+01,8.628620e+01,8.656004e+01,8.656004e+01,8.680515e+01,8.704049e+01,8.704049e+01,8.704049e+01,8.704049e+01,8.704049e+01,8.704049e+01,8.704049e+01,8.730366e+01,8.713453e+01,8.706870e+01,8.706870e+01,8.706870e+01,8.706870e+01,8.706870e+01,8.668264e+01,8.666378e+01,8.653173e+01,8.633344e+01,8.616330e+01,8.605923e+01,8.574661e+01,8.574661e+01,8.554736e+01,8.530984e+01,8.491953e+01,8.511956e+01,8.479558e+01,8.442313e+01,8.404024e+01,8.379086e+01,8.350262e+01,8.316568e+01,8.274108e+01,8.268309e+01,8.191756e+01,8.165507e+01,8.110922e+01,8.063003e+01,8.018864e+01,7.949952e+01,7.938107e+01,7.892619e+01,7.813184e+01,7.778300e+01,7.721317e+01,7.641983e+01,7.591555e+01,7.546024e+01,7.491202e+01,7.448421e+01,7.359411e+01,7.303890e+01,7.249193e+01,7.195326e+01,7.144385e+01,7.081761e+01,6.992576e+01,6.960965e+01,6.887994e+01,6.818907e+01,6.774086e+01,6.713028e+01,6.647388e+01,6.597684e+01,6.531496e+01,6.451868e+01,6.355259e+01,6.307802e+01,6.249079e+01,6.200133e+01,6.134220e+01,6.046579e+01,6.008194e+01,5.902630e+01,5.831780e+01,5.769758e+01,5.717846e+01,5.639003e+01,5.552652e+01,5.476318e+01,5.422019e+01,5.349652e+01,5.293609e+01,5.244515e+01,5.162661e+01,5.066883e+01,5.026652e+01,4.931033e+01,4.886647e+01,4.796139e+01,4.741256e+01,4.674810e+01,4.618103e+01,4.566199e+01,4.484719e+01,4.443766e+01,4.389796e+01,4.343337e+01,4.297990e+01,4.248552e+01,4.218526e+01,4.184489e+01,4.127974e+01,4.092345e+01,4.034040e+01,4.011433e+01,3.968755e+01,3.925914e+01,3.900400e+01,3.847846e+01,3.839738e+01,3.803182e+01,3.759700e+01,3.710577e+01,3.677706e+01,3.640608e+01,3.640608e+01,3.640608e+01,3.584033e+01,3.592331e+01,3.592331e+01,3.592331e+01,3.592331e+01,3.648863e+01,3.640608e+01,3.640608e+01,3.640608e+01,3.640608e+01,3.640608e+01,3.640608e+01,3.640608e+01,3.683191e+01,3.683191e+01,3.626836e+01,3.635102e+01,3.699631e+01,3.690044e+01,3.690044e+01,3.690044e+01,3.690044e+01,3.690044e+01,3.690044e+01,3.690044e+01,3.690044e+01,3.690044e+01,3.690044e+01,3.690044e+01,3.690044e+01,3.690044e+01,3.690044e+01,3.690044e+01,3.690044e+01,3.690044e+01,3.690044e+01,3.690044e+01,3.690044e+01,3.746076e+01,3.736530e+01,3.736530e+01,3.736530e+01,3.736530e+01,3.765144e+01,3.765144e+01,3.765144e+01,3.820798e+01,3.818090e+01,3.818090e+01,3.818090e+01,3.818090e+01,3.818090e+01,3.818090e+01,3.873480e+01,3.876175e+01,3.877522e+01,3.877522e+01,3.877522e+01,3.877522e+01,3.877522e+01,3.932619e+01,3.932619e+01,3.911150e+01,3.911150e+01,3.911150e+01,3.911150e+01,3.911150e+01,3.911150e+01,3.911150e+01,3.911150e+01,3.911150e+01,3.911150e+01,3.911150e+01,3.911150e+01,3.911150e+01,3.855947e+01,3.855947e+01,3.855947e+01,3.855947e+01,3.855947e+01,3.855947e+01,3.855947e+01,3.855947e+01,3.855947e+01,3.855947e+01,3.855947e+01,3.855947e+01,3.855947e+01,3.800470e+01,3.805894e+01,3.805894e+01,3.805894e+01,3.805894e+01,3.805894e+01,3.805894e+01,3.805894e+01,3.805894e+01,3.805894e+01,3.805894e+01,3.805894e+01,3.805894e+01,3.805894e+01,3.805894e+01,3.805894e+01,3.805894e+01,3.770586e+01,3.770586e+01,3.770586e+01,3.770586e+01,3.770586e+01,3.770586e+01,3.770586e+01,3.770586e+01,3.770586e+01,3.770586e+01,3.770586e+01,3.770586e+01,3.770586e+01,3.770586e+01,3.770586e+01,3.770586e+01,3.770586e+01,3.770586e+01,3.714679e+01,3.714679e+01,3.714679e+01,3.714679e+01,3.714679e+01,3.714679e+01,3.714679e+01,3.714679e+01,3.714679e+01,3.714679e+01,3.714679e+01,3.714679e+01,3.714679e+01,3.714679e+01,3.714679e+01,3.714679e+01,3.714679e+01,3.714679e+01,3.714679e+01,3.714679e+01,3.714679e+01,3.714679e+01,3.714679e+01,3.714679e+01,3.714679e+01,3.714679e+01,3.714679e+01,3.714679e+01,3.714679e+01,3.714679e+01,3.714679e+01,3.714679e+01,3.714679e+01,3.714679e+01,3.714679e+01,3.714679e+01,3.714679e+01,3.714679e+01,3.714679e+01,3.714679e+01,3.714679e+01,3.714679e+01,3.714679e+01,3.658486e+01,3.658486e+01,3.658486e+01,3.658486e+01,3.714679e+01
3.588183e+01,3.588183e+01,3.588183e+01,3.588183e+01,3.588183e+01,3.588183e+01,3.588183e+01,3.588183e+01,3.588183e+01,3.588183e+01,3.588183e+01,3.588183e+01,3.588183e+01,3.588183e+01,3.644736e+01,3.644736e+01,3.644736e+01,3.644736e+01,3.644736e+01,3.644736e+01,3.690044e+01,3.690044e+01,3.690044e+01,3.690044e+01,3.746076e+01,3.746076e+01,3.746076e+01,3.746076e+01,3.746076e+01,3.746076e+01,3.746076e+01,3.746076e+01,3.746076e+01,3.801826e+01,3.796399e+01,3.796399e+01,3.851897e+01,3.846495e+01,3.846495e+01,3.846495e+01,3.901744e+01,3.892331e+01,3.892331e+01,3.947355e+01,3.992781e+01,3.991448e+01,4.004775e+01,4.023407e+01,4.047318e+01,4.061905e+01,4.061905e+01,4.061905e+01,4.061905e+01,4.061905e+01,4.089701e+01,4.089701e+01,4.089701e+01,4.089701e+01,4.089701e+01,4.089701e+01,4.089701e+01,4.089701e+01,4.089701e+01,4.143774e+01,4.143774e+01,4.143774e+01,4.143774e+01,4.143774e+01,4.143774e+01,4.143774e+01,4.152981e+01,4.181867e+01,4.181867e+01,4.181867e+01,4.181867e+01,4.181867e+01,4.181867e+01,4.181867e+01,4.181867e+01,4.181867e+01,4.181867e+01,4.181867e+01,4.181867e+01,4.181867e+01,4.181867e+01,4.181867e+01,4.181867e+01,4.181867e+01,4.181867e+01,4.181867e+01,4.181867e+01,4.181867e+01,4.181867e+01,4.235508e+01,4.266791e+01,4.291497e+01,4.314854e+01,4.340751e+01,4.385932e+01,4.416813e+01,4.492382e+01,4.494934e+01,4.539525e+01,4.557314e+01,4.653419e+01,4.682351e+01,4.723740e+01,4.769976e+01,4.844577e+01,4.873052e+01,4.916256e+01,4.965444e+01,5.027873e+01,5.092415e+01,5.145742e+01,5.201248e+01,5.263697e+01,5.329410e+01,5.378174e+01,5.452738e+01,5.516303e+01,5.566694e+01,5.616887e+01,5.664564e+01,5.732864e+01,5.801955e+01,5.851245e+01,5.900351e+01,5.966297e+01,6.011586e+01,6.056720e+01,6.119653e+01,6.165541e+01,6.227965e+01,6.276810e+01,6.316644e+01,6.372875e+01,6.443114e+01,6.485740e+01,6.549974e+01,6.626880e+01,6.668944e+01,6.714101e+01,6.808248e+01,6.887994e+01,6.952524e+01,7.007303e+01,7.094308e+01,7.148550e+01,7.215031e+01,7.294617e+01,7.327563e+01,7.399379e+01,7.451482e+01,7.539942e+01,7.581449e+01,7.651042e+01,7.711298e+01,7.749335e+01,7.805217e+01,7.860894e+01,7.941070e+01,7.975584e+01,8.063003e+01,8.073773e+01,8.137263e+01,8.202438e+01,8.233471e+01,8.269276e+01,8.351224e+01,8.375246e+01,8.414562e+01,8.466198e+01,8.500529e+01,8.572765e+01,8.590773e+01,8.638068e+01,8.665435e+01,8.726609e+01,8.742570e+01,8.785682e+01,8.786618e+01,8.824945e+01,8.824011e+01,8.858525e+01,8.854797e+01,8.853865e+01,8.853865e+01,8.853865e+01,8.853865e+01,8.853865e+01,8.892036e+01,8.888316e+01,8.888316e+01,8.888316e+01,8.888316e+01,8.888316e+01,8.886456e+01,8.883665e+01,8.845474e+01,8.851069e+01,8.851069e+01,8.851069e+01,8.851069e+01,8.851069e+01,8.851069e+01,8.819342e+01,8.819342e+01,8.819342e+01,8.819342e+01,8.819342e+01,8.819342e+01,8.819342e+01,8.781001e+01,8.781001e+01,8.781001e+01,8.781001e+01,8.781001e+01,8.781001e+01,8.741632e+01,8.741632e+01,8.741632e+01,8.741632e+01,8.741632e+01,8.703108e+01,8.703108e+01,8.703108e+01,8.703108e+01,8.703108e+01,8.703108e+01,8.677689e+01,8.656947e+01,8.656947e+01,8.656947e+01,8.650342e+01,8.629565e+01,8.618221e+01,8.597403e+01,8.597403e+01,8.597403e+01,8.570868e+01,8.570868e+01,8.549989e+01,8.529082e+01,8.529082e+01,8.529082e+01,8.529082e+01,8.465244e+01,8.465244e+01,8.465244e+01,8.465244e+01,8.421265e+01,8.421265e+01,8.421265e+01,8.381965e+01,8.381965e+01,8.381965e+01,8.381965e+01,8.381965e+01,8.355070e+01,8.335831e+01,8.335831e+01,8.335831e+01,8.335831e+01,8.296317e+01,8.283768e+01,8.268309e+01,8.268309e+01,8.268309e+01,8.268309e+01,8.268309e+01,8.268309e+01,8.268309e+01,8.241219e+01,8.222810e+01,8.222810e+01,8.222810e+01,8.222810e+01,8.222810e+01,8.222810e+01,8.222810e+01,8.222810e+01,8.180096e+01,8.219901e+01,8.198555e+01,8.198555e+01,8.198555e+01,8.198555e+01,8.198555e+01,8.198555e+01,8.198555e+01,8.238314e+01,8.232502e+01,8.232502e+01,8.232502e+01,8.232502e+01,8.232502e+01,8.232502e+01,8.232502e+01,8.232502e+01,8.232502e+01,8.232502e+01,8.232502e+01,8.272176e+01,8.269276e+01,8.269276e+01,8.269276e+01,8.269276e+01,8.269276e+01,8.269276e+01,8.269276e+01,8.269276e+01,8.269276e+01,8.308857e+01,8.303071e+01,8.314641e+01,8.314641e+01,8.314641e+01,8.314641e+01,8.314641e+01,8.352185e+01,8.352185e+01,8.352185e+01,8.352185e+01,8.352185e+01,8.387722e+01,8.387722e+01,8.387722e+01,8.391560e+01,8.412646e+01,8.451871e+01,8.453783e+01,8.461424e+01,8.461424e+01,8.461424e+01,8.509100e+01,8.509100e+01,8.509100e+01,8.548090e+01,8.519570e+01,8.576558e+01,8.570868e+01,8.570868e+01,8.570868e+01,8.609708e+01,8.620113e+01,8.658833e+01,8.664493e+01,8.661663e+01,8.672977e+01,8.683340e+01,8.702168e+01,8.702168e+01,8.702168e+01,8.702168e+01,8.702168e+01,8.702168e+01,8.702168e+01,8.702168e+01,8.702168e+01,8.702168e+01,8.702168e+01,8.702168e+01,8.702168e+01,8.702168e+01,8.702168e+01,8.666378e+01,8.641846e+01,8.635234e+01,8.635234e+01,8.605923e+01,8.589826e+01,8.578454e+01,8.555686e+01,8.559483e+01,8.502434e+01,8.500529e+01,8.475742e+01,8.438489e+01,8.411689e+01,8.383884e+01,8.382925e+01,8.327165e+01,8.300177e+01,8.273141e+01,8.204379e+01,8.167453e+01,8.108969e+01,8.059084e+01,8.014935e+01,7.965730e+01,7.936133e+01,7.888657e+01,7.809201e+01,7.774308e+01,7.717310e+01,7.679192e+01,7.605692e+01,7.556154e+01,7.497303e+01,7.450462e+01,7.399379e+01,7.320363e+01,7.262628e+01,7.205701e+01,7.151673e+01,7.085944e+01,7.005200e+01,6.962020e+01,6.885873e+01,6.859337e+01,6.790110e+01,6.726977e+01,6.659248e+01,6.563003e+01,6.523881e+01,6.448586e+01,6.397061e+01,6.324376e+01,6.263506e+01,6.212386e+01,6.144295e+01,6.054467e+01,6.005933e+01,5.909467e+01,5.836363e+01,5.772060e+01,5.717846e+01,5.636677e+01,5.550310e+01,5.522173e+01,5.440932e+01,5.367486e+01,5.310329e+01,5.210876e+01,5.154205e+01,5.064448e+01,5.024210e+01,4.928571e+01,4.884176e+01,4.793649e+01,4.738755e+01,4.672296e+01,4.615576e+01,4.563661e+01,4.494934e+01,4.439919e+01,4.387220e+01,4.340751e+01,4.295393e+01,4.258978e+01,4.225061e+01,4.176620e+01,4.138510e+01,4.088379e+01,4.055276e+01,4.016756e+01,3.970091e+01,3.929938e+01,3.880216e+01,3.869437e+01,3.789612e+01,3.776026e+01,3.744713e+01,3.721512e+01,3.684562e+01,3.650238e+01,3.650238e+01,3.593713e+01,3.589566e+01,3.589566e+01,3.589566e+01,3.589566e+01,3.589566e+01,3.589566e+01,3.640608e+01,3.640608e+01,3.640608e+01,3.640608e+01,3.640608e+01,3.640608e+01,3.640608e+01,3.640608e+01,3.640608e+01,3.640608e+01,3.696893e+01,3.694154e+01,3.694154e+01,3.694154e+01,3.694154e+01,3.694154e+01,3.694154e+01,3.694154e+01,3.694154e+01,3.694154e+01,3.694154e+01,3.694154e+01,3.694154e+01,3.694154e+01,3.694154e+01,3.694154e+01,3.694154e+01,3.694154e+01,3.694154e+01,3.694154e+01,3.694154e+01,3.694154e+01,3.694154e+01,3.736530e+01,3.736530e+01,3.736530e+01,3.736530e+01,3.736530e+01,3.765144e+01,3.789612e+01,3.799113e+01,3.799113e+01,3.799113e+01,3.799113e+01,3.854597e+01,3.846495e+01,3.849196e+01,3.861345e+01,3.861345e+01,3.861345e+01,3.861345e+01,3.861345e+01,3.916521e+01,3.919206e+01,3.920548e+01,3.920548e+01,3.920548e+01,3.920548e+01,3.920548e+01,3.920548e+01,3.920548e+01,3.920548e+01,3.920548e+01,3.920548e+01,3.920548e+01,3.920548e+01,3.920548e+01,3.865392e+01,3.870784e+01,3.868088e+01,3.868088e+01,3.868088e+01,3.868088e+01,3.868088e+01,3.868088e+01,3.868088e+01,3.868088e+01,3.868088e+01,3.868088e+01,3.868088e+01,3.812671e+01,3.809961e+01,3.861345e+01,3.831625e+01,3.831625e+01,3.831625e+01,3.831625e+01,3.831625e+01,3.831625e+01,3.831625e+01,3.776026e+01,3.784180e+01,3.784180e+01,3.784180e+01,3.784180e+01,3.784180e+01,3.784180e+01,3.784180e+01,3.784180e+01,3.784180e+01,3.784180e+01,3.784180e+01,3.784180e+01,3.784180e+01,3.784180e+01,3.784180e+01,3.784180e+01,3.784180e+01,3.784180e+01,3.784180e+01,3.728341e+01,3.736530e+01,3.744713e+01,3.744713e+01,3.744713e+01,3.744713e+01,3.744713e+01,3.744713e+01,3.744713e+01,3.744713e+01,3.744713e+01,3.744713e+01,3.744713e+01,3.744713e+01,3.744713e+01,3.744713e+01,3.744713e+01,3.714679e+01,3.714679e+01,3.714679e+01,3.714679e+01,3.714679e+01,3.714679e+01,3.714679e+01,3.714679e+01,3.714679e+01,3.714679e+01,3.714679e+01,3.714679e+01,3.714679e+01,3.714679e+01,3.714679e+01,3.714679e+01,3.714679e+01,3.714679e+01,3.714679e+01,3.714679e+01,3.714679e+01,3.714679e+01,3.714679e+01,3.714679e+01,3.714679e+01,3.714679e+01,3.714679e+01,3.714679e+01,3.714679e+01,3.714679e+01,3.714679e+01,3.714679e+01,3.714679e+01,3.714679e+01,3.714679e+01,3.658486e+01,3.683191e+01,3.692784e+01
3.588183e+01,3.588183e+01,3.588183e+01,3.588183e+01,3.588183e+01,3.588183e+01,3.588183e+01,3.588183e+01,3.588183e+01,3.588183e+01,3.588183e+01,3.588183e+01,3.588183e+01,3.588183e+01,3.644736e+01,3.644736e+01,3.644736e+01,3.644736e+01,3.644736e+01,3.644736e+01,3.690044e+01,3.690044e+01,3.690044e+01,3.690044e+01,3.690044e+01,3.690044e+01,3.746076e+01,3.746076e+01,3.746076e+01,3.746076e+01,3.746076e+01,3.746076e+01,3.746076e+01,3.801826e+01,3.801826e+01,3.801826e+01,3.801826e+01,3.846495e+01,3.846495e+01,3.846495e+01,3.846495e+01,3.892331e+01,3.916521e+01,3.950032e+01,3.971427e+01,3.971427e+01,4.004775e+01,4.059254e+01,4.051298e+01,4.051298e+01,4.051298e+01,4.051298e+01,4.105554e+01,4.104234e+01,4.104234e+01,4.104234e+01,4.104234e+01,4.104234e+01,4.104234e+01,4.104234e+01,4.104234e+01,4.104234e+01,4.104234e+01,4.104234e+01,4.143774e+01,4.143774e+01,4.143774e+01,4.143774e+01,4.143774e+01,4.143774e+01,4.197593e+01,4.193663e+01,4.193663e+01,4.193663e+01,4.193663e+01,4.193663e+01,4.193663e+01,4.193663e+01,4.193663e+01,4.193663e+01,4.193663e+01,4.193663e+01,4.193663e+01,4.193663e+01,4.193663e+01,4.193663e+01,4.193663e+01,4.193663e+01,4.193663e+01,4.193663e+01,4.193663e+01,4.193663e+01,4.193663e+01,4.193663e+01,4.266791e+01,4.266791e+01,4.314854e+01,4.364009e+01,4.375620e+01,4.420667e+01,4.471936e+01,4.497487e+01,4.519162e+01,4.559853e+01,4.643340e+01,4.686120e+01,4.726244e+01,4.772470e+01,4.834657e+01,4.876761e+01,4.918720e+01,4.967898e+01,5.030315e+01,5.094844e+01,5.148160e+01,5.203656e+01,5.266092e+01,5.331794e+01,5.380548e+01,5.455098e+01,5.518652e+01,5.569033e+01,5.619217e+01,5.666885e+01,5.735173e+01,5.804251e+01,5.853533e+01,5.902630e+01,5.968565e+01,6.013846e+01,6.058973e+01,6.121895e+01,6.167775e+01,6.230189e+01,6.279026e+01,6.318853e+01,6.375076e+01,6.445303e+01,6.487922e+01,6.552147e+01,6.629041e+01,6.671098e+01,6.716248e+01,6.810381e+01,6.890114e+01,6.954634e+01,7.009406e+01,7.096397e+01,7.150632e+01,7.217104e+01,7.286368e+01,7.330649e+01,7.401425e+01,7.453521e+01,7.541969e+01,7.583471e+01,7.653055e+01,7.713302e+01,7.751334e+01,7.807209e+01,7.862879e+01,7.943044e+01,7.977554e+01,8.047323e+01,8.075730e+01,8.139213e+01,8.194670e+01,8.236377e+01,8.271209e+01,8.343529e+01,8.378126e+01,8.416478e+01,8.468107e+01,8.541439e+01,8.568023e+01,8.603083e+01,8.669206e+01,8.686166e+01,8.718153e+01,8.751014e+01,8.770699e+01,8.788490e+01,8.809999e+01,8.826813e+01,8.843609e+01,8.843609e+01,8.843609e+01,8.843609e+01,8.881804e+01,8.876220e+01,8.878082e+01,8.883665e+01,8.883665e+01,8.883665e+01,8.883665e+01,8.883665e+01,8.883665e+01,8.883665e+01,8.883665e+01,8.883665e+01,8.883665e+01,8.851069e+01,8.851069e+01,8.851069e+01,8.851069e+01,8.851069e+01,8.851069e+01,8.819342e+01,8.819342e+01,8.819342e+01,8.819342e+01,8.819342e+01,8.819342e+01,8.819342e+01,8.819342e+01,8.819342e+01,8.781001e+01,8.781001e+01,8.781001e+01,8.781001e+01,8.781001e+01,8.741632e+01,8.741632e+01,8.741632e+01,8.741632e+01,8.741632e+01,8.741632e+01,8.703108e+01,8.703108e+01,8.703108e+01,8.703108e+01,8.656947e+01,8.656947e+01,8.656947e+01,8.656947e+01,8.629565e+01,8.644678e+01,8.628620e+01,8.607816e+01,8.596456e+01,8.572765e+01,8.561381e+01,8.547140e+01,8.530984e+01,8.530984e+01,8.530984e+01,8.491953e+01,8.509100e+01,8.488140e+01,8.482419e+01,8.465244e+01,8.436576e+01,8.436576e+01,8.436576e+01,8.421265e+01,8.400189e+01,8.400189e+01,8.400189e+01,8.360837e+01,8.355070e+01,8.355070e+01,8.355070e+01,8.315604e+01,8.313677e+01,8.305000e+01,8.305000e+01,8.268309e+01,8.268309e+01,8.268309e+01,8.268309e+01,8.268309e+01,8.268309e+01,8.268309e+01,8.268309e+01,8.222810e+01,8.222810e+01,8.222810e+01,8.222810e+01,8.222810e+01,8.222810e+01,8.222810e+01,8.222810e+01,8.222810e+01,8.222810e+01,8.222810e+01,8.222810e+01,8.222810e+01,8.222810e+01,8.222810e+01,8.222810e+01,8.222810e+01,8.222810e+01,8.222810e+01,8.222810e+01,8.222810e+01,8.222810e+01,8.222810e+01,8.222810e+01,8.222810e+01,8.262508e+01,8.256705e+01,8.250900e+01,8.268309e+01,8.267342e+01,8.267342e+01,8.267342e+01,8.267342e+01,8.267342e+01,8.267342e+01,8.267342e+01,8.267342e+01,8.267342e+01,8.306928e+01,8.304035e+01,8.304035e+01,8.304035e+01,8.304035e+01,8.304035e+01,8.304035e+01,8.343529e+01,8.343529e+01,8.343529e+01,8.343529e+01,8.382925e+01,8.384844e+01,8.382925e+01,8.382925e+01,8.382925e+01,8.422223e+01,8.438489e+01,8.443269e+01,8.443269e+01,8.443269e+01,8.482419e+01,8.484326e+01,8.500529e+01,8.500529e+01,8.500529e+01,8.509100e+01,8.555686e+01,8.571816e+01,8.571816e+01,8.571816e+01,8.610654e+01,8.605923e+01,8.633344e+01,8.643734e+01,8.643734e+01,8.643734e+01,8.643734e+01,8.683340e+01,8.683340e+01,8.683340e+01,8.683340e+01,8.721912e+01,8.716273e+01,8.716273e+01,8.716273e+01,8.716273e+01,8.716273e+01,8.716273e+01,8.716273e+01,8.716273e+01,8.716273e+01,8.677689e+01,8.675804e+01,8.665435e+01,8.682399e+01,8.655060e+01,8.647511e+01,8.621058e+01,8.589826e+01,8.567074e+01,8.558533e+01,8.542390e+01,8.517667e+01,8.504339e+01,8.469062e+01,8.445181e+01,8.415520e+01,8.390601e+01,8.372365e+01,8.333906e+01,8.304035e+01,8.266376e+01,8.201467e+01,8.164534e+01,8.146034e+01,8.073773e+01,8.027702e+01,7.985431e+01,7.945018e+01,7.895589e+01,7.854939e+01,7.797247e+01,7.727325e+01,7.687225e+01,7.611747e+01,7.560204e+01,7.499336e+01,7.450462e+01,7.397332e+01,7.318304e+01,7.302860e+01,7.222285e+01,7.167278e+01,7.100577e+01,7.018864e+01,6.974671e+01,6.906007e+01,6.824233e+01,6.778361e+01,6.725905e+01,6.658170e+01,6.561917e+01,6.522793e+01,6.447492e+01,6.395962e+01,6.323272e+01,6.262397e+01,6.211273e+01,6.143176e+01,6.053341e+01,6.004802e+01,5.908327e+01,5.835218e+01,5.770909e+01,5.716690e+01,5.635514e+01,5.606398e+01,5.505731e+01,5.439751e+01,5.366298e+01,5.309135e+01,5.209673e+01,5.152996e+01,5.063231e+01,5.022988e+01,4.927340e+01,4.882941e+01,4.792405e+01,4.737504e+01,4.671038e+01,4.614313e+01,4.562392e+01,4.493658e+01,4.438637e+01,4.385932e+01,4.339457e+01,4.305776e+01,4.265489e+01,4.215912e+01,4.133244e+01,4.109513e+01,4.087056e+01,4.051298e+01,4.000779e+01,3.979440e+01,3.923232e+01,3.901744e+01,3.866740e+01,3.811316e+01,3.781462e+01,3.754252e+01,3.714679e+01,3.680449e+01,3.654363e+01,3.629592e+01,3.615807e+01,3.615807e+01,3.615807e+01,3.615807e+01,3.615807e+01,3.615807e+01,3.615807e+01,3.615807e+01,3.615807e+01,3.615807e+01,3.615807e+01,3.615807e+01,3.615807e+01,3.615807e+01,3.672218e+01,3.663980e+01,3.688674e+01,3.690044e+01,3.690044e+01,3.690044e+01,3.690044e+01,3.690044e+01,3.690044e+01,3.690044e+01,3.690044e+01,3.690044e+01,3.690044e+01,3.690044e+01,3.690044e+01,3.690044e+01,3.690044e+01,3.690044e+01,3.690044e+01,3.690044e+01,3.690044e+01,3.690044e+01,3.690044e+01,3.690044e+01,3.746076e+01,3.744713e+01,3.740622e+01,3.740622e+01,3.740622e+01,3.740622e+01,3.796399e+01,3.792327e+01,3.792327e+01,3.792327e+01,3.792327e+01,3.792327e+01,3.847846e+01,3.847846e+01,3.847846e+01,3.847846e+01,3.847846e+01,3.903089e+01,3.895021e+01,3.886948e+01,3.911150e+01,3.909807e+01,3.909807e+01,3.909807e+01,3.909807e+01,3.909807e+01,3.909807e+01,3.909807e+01,3.909807e+01,3.909807e+01,3.909807e+01,3.909807e+01,3.909807e+01,3.909807e+01,3.909807e+01,3.909807e+01,3.909807e+01,3.909807e+01,3.868088e+01,3.868088e+01,3.868088e+01,3.868088e+01,3.868088e+01,3.868088e+01,3.868088e+01,3.868088e+01,3.868088e+01,3.868088e+01,3.868088e+01,3.868088e+01,3.868088e+01,3.868088e+01,3.831625e+01,3.831625e+01,3.831625e+01,3.831625e+01,3.831625e+01,3.831625e+01,3.831625e+01,3.831625e+01,3.831625e+01,3.784180e+01,3.784180e+01,3.784180e+01,3.784180e+01,3.784180e+01,3.784180e+01,3.784180e+01,3.784180e+01,3.784180e+01,3.784180e+01,3.784180e+01,3.784180e+01,3.784180e+01,3.784180e+01,3.784180e+01,3.784180e+01,3.784180e+01,3.784180e+01,3.784180e+01,3.784180e+01,3.784180e+01,3.784180e+01,3.784180e+01,3.744713e+01,3.744713e+01,3.744713e+01,3.744713e+01,3.744713e+01,3.744713e+01,3.744713e+01,3.744713e+01,3.744713e+01,3.744713e+01,3.744713e+01,3.744713e+01,3.744713e+01,3.744713e+01,3.744713e+01,3.744713e+01,3.744713e+01,3.744713e+01,3.744713e+01,3.744713e+01,3.744713e+01,3.744713e+01,3.714679e+01,3.714679e+01,3.714679e+01,3.714679e+01,3.714679e+01,3.714679e+01,3.714679e+01,3.714679e+01,3.714679e+01,3.714679e+01,3.714679e+01,3.714679e+01,3.714679e+01,3.714679e+01,3.714679e+01,3.714679e+01,3.714679e+01,3.714679e+01,3.714679e+01,3.714679e+01,3.714679e+01,3.714679e+01,3.714679e+01,3.714679e+01,3.658486e+01,3.665354e+01,3.721512e+01,3.713311e+01
3.588183e+01,3.588183e+01,3.588183e+01,3.588183e+01,3.588183e+01,3.588183e+01,3.588183e+01,3.588183e+01,3.588183e+01,3.588183e+01,3.588183e+01,3.588183e+01,3.588183e+01,3.588183e+01,3.588183e+01,3.644736e+01,3.644736e+01,3.644736e+01,3.644736e+01,3.644736e+01,3.644736e+01,3.690044e+01,3.690044e+01,3.690044e+01,3.746076e+01,3.740622e+01,3.739258e+01,3.739258e+01,3.739258e+01,3.739258e+01,3.739258e+01,3.795042e+01,3.789612e+01,3.789612e+01,3.789612e+01,3.845144e+01,3.847846e+01,3.841090e+01,3.841090e+01,3.841090e+01,3.896367e+01,3.889640e+01,3.929938e+01,3.946016e+01,4.000779e+01,4.008770e+01,4.031383e+01,4.038025e+01,4.038025e+01,4.092345e+01,4.084412e+01,4.087056e+01,4.093666e+01,4.093666e+01,4.093666e+01,4.093666e+01,4.093666e+01,4.093666e+01,4.093666e+01,4.093666e+01,4.147721e+01,4.118748e+01,4.118748e+01,4.118748e+01,4.118748e+01,4.118748e+01,4.118748e+01,4.172684e+01,4.164807e+01,4.188422e+01,4.191043e+01,4.191043e+01,4.191043e+01,4.191043e+01,4.191043e+01,4.191043e+01,4.191043e+01,4.191043e+01,4.191043e+01,4.191043e+01,4.191043e+01,4.191043e+01,4.191043e+01,4.191043e+01,4.191043e+01,4.191043e+01,4.191043e+01,4.191043e+01,4.191043e+01,4.191043e+01,4.191043e+01,4.191043e+01,4.191043e+01,4.191043e+01,4.266791e+01,4.290198e+01,4.316150e+01,4.343337e+01,4.378199e+01,4.421951e+01,4.451455e+01,4.497487e+01,4.534438e+01,4.575077e+01,4.592812e+01,4.650900e+01,4.711213e+01,4.757497e+01,4.819761e+01,4.861917e+01,4.903927e+01,4.953165e+01,5.015657e+01,5.080264e+01,5.133643e+01,5.189202e+01,5.251711e+01,5.317488e+01,5.366298e+01,5.440932e+01,5.504556e+01,5.554993e+01,5.652952e+01,5.675006e+01,5.736327e+01,5.805400e+01,5.854677e+01,5.903770e+01,5.969699e+01,6.014976e+01,6.060099e+01,6.123016e+01,6.168892e+01,6.231301e+01,6.234636e+01,6.300061e+01,6.356361e+01,6.426684e+01,6.469360e+01,6.533672e+01,6.610668e+01,6.652781e+01,6.741984e+01,6.817841e+01,6.891174e+01,6.955690e+01,7.010457e+01,7.097443e+01,7.151673e+01,7.218140e+01,7.287399e+01,7.331676e+01,7.402448e+01,7.454541e+01,7.542983e+01,7.584481e+01,7.654061e+01,7.714304e+01,7.752335e+01,7.808205e+01,7.863871e+01,7.944031e+01,7.978539e+01,8.040459e+01,8.080623e+01,8.140188e+01,8.195641e+01,8.237345e+01,8.311749e+01,8.354108e+01,8.380045e+01,8.457603e+01,8.478604e+01,8.534786e+01,8.572765e+01,8.605923e+01,8.654117e+01,8.688049e+01,8.720972e+01,8.744447e+01,8.799715e+01,8.805325e+01,8.846407e+01,8.825879e+01,8.825879e+01,8.864115e+01,8.858525e+01,8.875289e+01,8.877151e+01,8.877151e+01,8.877151e+01,8.877151e+01,8.877151e+01,8.877151e+01,8.877151e+01,8.877151e+01,8.877151e+01,8.877151e+01,8.877151e+01,8.877151e+01,8.877151e+01,8.877151e+01,8.877151e+01,8.851069e+01,8.851069e+01,8.851069e+01,8.851069e+01,8.851069e+01,8.851069e+01,8.851069e+01,8.851069e+01,8.819342e+01,8.819342e+01,8.819342e+01,8.819342e+01,8.781001e+01,8.785682e+01,8.785682e+01,8.785682e+01,8.785682e+01,8.785682e+01,8.741632e+01,8.741632e+01,8.741632e+01,8.741632e+01,8.741632e+01,8.741632e+01,8.703108e+01,8.703108e+01,8.703108e+01,8.703108e+01,8.703108e+01,8.656947e+01,8.656947e+01,8.695580e+01,8.623894e+01,8.623894e+01,8.623894e+01,8.623894e+01,8.596456e+01,8.612546e+01,8.580350e+01,8.547140e+01,8.547140e+01,8.547140e+01,8.547140e+01,8.530984e+01,8.515764e+01,8.496718e+01,8.457603e+01,8.491000e+01,8.467152e+01,8.461424e+01,8.416478e+01,8.411689e+01,8.402106e+01,8.402106e+01,8.402106e+01,8.400189e+01,8.373325e+01,8.373325e+01,8.373325e+01,8.355070e+01,8.331980e+01,8.331980e+01,8.331980e+01,8.331980e+01,8.307893e+01,8.286665e+01,8.286665e+01,8.286665e+01,8.286665e+01,8.286665e+01,8.247028e+01,8.271209e+01,8.249932e+01,8.243156e+01,8.236377e+01,8.236377e+01,8.236377e+01,8.236377e+01,8.236377e+01,8.236377e+01,8.236377e+01,8.236377e+01,8.236377e+01,8.236377e+01,8.236377e+01,8.236377e+01,8.236377e+01,8.236377e+01,8.236377e+01,8.236377e+01,8.236377e+01,8.236377e+01,8.236377e+01,8.236377e+01,8.236377e+01,8.236377e+01,8.236377e+01,8.256705e+01,8.256705e+01,8.256705e+01,8.256705e+01,8.256705e+01,8.256705e+01,8.296317e+01,8.289561e+01,8.282803e+01,8.282803e+01,8.282803e+01,8.282803e+01,8.282803e+01,8.282803e+01,8.304035e+01,8.304035e+01,8.304035e+01,8.304035e+01,8.343529e+01,8.338718e+01,8.338718e+01,8.338718e+01,8.338718e+01,8.382925e+01,8.382925e+01,8.382925e+01,8.382925e+01,8.382925e+01,8.422223e+01,8.422223e+01,8.422223e+01,8.422223e+01,8.443269e+01,8.467152e+01,8.467152e+01,8.467152e+01,8.500529e+01,8.500529e+01,8.539539e+01,8.546190e+01,8.546190e+01,8.546190e+01,8.571816e+01,8.595509e+01,8.606869e+01,8.631455e+01,8.631455e+01,8.631455e+01,8.631455e+01,8.670149e+01,8.673920e+01,8.673920e+01,8.673920e+01,8.673920e+01,8.721912e+01,8.721912e+01,8.721912e+01,8.721912e+01,8.721912e+01,8.721912e+01,8.721912e+01,8.721912e+01,8.683340e+01,8.687108e+01,8.687108e+01,8.687108e+01,8.687108e+01,8.648454e+01,8.651286e+01,8.636179e+01,8.609708e+01,8.596456e+01,8.614438e+01,8.585088e+01,8.561381e+01,8.539539e+01,8.505292e+01,8.476696e+01,8.449960e+01,8.417435e+01,8.395396e+01,8.399231e+01,8.327165e+01,8.292457e+01,8.263475e+01,8.238314e+01,8.158694e+01,8.128488e+01,8.071815e+01,8.065941e+01,8.001173e+01,7.959815e+01,7.868832e+01,7.847987e+01,7.795253e+01,7.725323e+01,7.685217e+01,7.651042e+01,7.576393e+01,7.514576e+01,7.464733e+01,7.410632e+01,7.348118e+01,7.267792e+01,7.210886e+01,7.166239e+01,7.099532e+01,7.017814e+01,6.973618e+01,6.904948e+01,6.866772e+01,6.796514e+01,6.743055e+01,6.630120e+01,6.554318e+01,6.521704e+01,6.446397e+01,6.394864e+01,6.322167e+01,6.261288e+01,6.210159e+01,6.142057e+01,6.052214e+01,6.003671e+01,5.953815e+01,5.854677e+01,5.790465e+01,5.688915e+01,5.634350e+01,5.592399e+01,5.504556e+01,5.438569e+01,5.365110e+01,5.307942e+01,5.208469e+01,5.151787e+01,5.062013e+01,5.021767e+01,4.926109e+01,4.881705e+01,4.842097e+01,4.758746e+01,4.692398e+01,4.583948e+01,4.553505e+01,4.492382e+01,4.437354e+01,4.384644e+01,4.348509e+01,4.310964e+01,4.255069e+01,4.214605e+01,4.154295e+01,4.109513e+01,4.071178e+01,4.035369e+01,4.022078e+01,3.921890e+01,3.928597e+01,3.890985e+01,3.850547e+01,3.820798e+01,3.795042e+01,3.751528e+01,3.766505e+01,3.666727e+01,3.666727e+01,3.629592e+01,3.629592e+01,3.572960e+01,3.582650e+01,3.592331e+01,3.592331e+01,3.592331e+01,3.648863e+01,3.639232e+01,3.639232e+01,3.639232e+01,3.639232e+01,3.639232e+01,3.639232e+01,3.639232e+01,3.672218e+01,3.672218e+01,3.672218e+01,3.672218e+01,3.672218e+01,3.672218e+01,3.672218e+01,3.672218e+01,3.672218e+01,3.672218e+01,3.728341e+01,3.718779e+01,3.709209e+01,3.709209e+01,3.709209e+01,3.709209e+01,3.709209e+01,3.709209e+01,3.709209e+01,3.709209e+01,3.709209e+01,3.709209e+01,3.709209e+01,3.709209e+01,3.709209e+01,3.709209e+01,3.740622e+01,3.740622e+01,3.740622e+01,3.740622e+01,3.740622e+01,3.792327e+01,3.792327e+01,3.792327e+01,3.792327e+01,3.847846e+01,3.841090e+01,3.841090e+01,3.841090e+01,3.841090e+01,3.841090e+01,3.841090e+01,3.895021e+01,3.895021e+01,3.895021e+01,3.895021e+01,3.895021e+01,3.950032e+01,3.940659e+01,3.931279e+01,3.931279e+01,3.931279e+01,3.931279e+01,3.931279e+01,3.931279e+01,3.931279e+01,3.931279e+01,3.931279e+01,3.931279e+01,3.876175e+01,3.885602e+01,3.869437e+01,3.868088e+01,3.868088e+01,3.868088e+01,3.868088e+01,3.868088e+01,3.868088e+01,3.868088e+01,3.868088e+01,3.868088e+01,3.868088e+01,3.868088e+01,3.868088e+01,3.868088e+01,3.868088e+01,3.831625e+01,3.831625e+01,3.831625e+01,3.831625e+01,3.831625e+01,3.831625e+01,3.831625e+01,3.831625e+01,3.831625e+01,3.831625e+01,3.831625e+01,3.831625e+01,3.784180e+01,3.784180e+01,3.784180e+01,3.784180e+01,3.784180e+01,3.784180e+01,3.784180e+01,3.784180e+01,3.784180e+01,3.784180e+01,3.784180e+01,3.784180e+01,3.784180e+01,3.784180e+01,3.784180e+01,3.784180e+01,3.784180e+01,3.784180e+01,3.784180e+01,3.784180e+01,3.784180e+01,3.784180e+01,3.744713e+01,3.744713e+01,3.744713e+01,3.744713e+01,3.744713e+01,3.744713e+01,3.744713e+01,3.744713e+01,3.744713e+01,3.744713e+01,3.744713e+01,3.744713e+01,3.744713e+01,3.744713e+01,3.744713e+01,3.744713e+01,3.744713e+01,3.744713e+01,3.744713e+01,3.744713e+01,3.714679e+01,3.714679e+01,3.714679e+01,3.714679e+01,3.714679e+01,3.714679e+01,3.714679e+01,3.714679e+01,3.714679e+01,3.714679e+01,3.714679e+01,3.714679e+01,3.714679e+01,3.714679e+01,3.714679e+01,3.714679e+01,3.714679e+01,3.714679e+01,3.714679e+01,3.714679e+01,3.714679e+01,3.714679e+01,3.714679e+01,3.714679e+01,3.714679e+01,3.665354e+01,3.699631e+01,3.699631e+01
3.588183e+01,3.588183e+01,3.588183e+01,3.588183e+01,3.588183e+01,3.588183e+01,3.588183e+01,3.588183e+01,3.588183e+01,3.588183e+01,3.588183e+01,3.588183e+01,3.588183e+01,3.644736e+01,3.639232e+01,3.637855e+01,3.637855e+01,3.637855e+01,3.637855e+01,3.694154e+01,3.688674e+01,3.676334e+01,3.676334e+01,3.676334e+01,3.690044e+01,3.720145e+01,3.776026e+01,3.766505e+01,3.766505e+01,3.766505e+01,3.766505e+01,3.766505e+01,3.766505e+01,3.766505e+01,3.822152e+01,3.776026e+01,3.808606e+01,3.818090e+01,3.818090e+01,3.873480e+01,3.882909e+01,3.899056e+01,3.925914e+01,3.966082e+01,3.979440e+01,3.979440e+01,4.031383e+01,4.031383e+01,4.085734e+01,4.085734e+01,4.085734e+01,4.085734e+01,4.085734e+01,4.085734e+01,4.085734e+01,4.139826e+01,4.110833e+01,4.110833e+01,4.110833e+01,4.110833e+01,4.110833e+01,4.110833e+01,4.110833e+01,4.110833e+01,4.110833e+01,4.164807e+01,4.159552e+01,4.159552e+01,4.159552e+01,4.159552e+01,4.159552e+01,4.159552e+01,4.191043e+01,4.191043e+01,4.191043e+01,4.191043e+01,4.191043e+01,4.191043e+01,4.191043e+01,4.191043e+01,4.191043e+01,4.191043e+01,4.191043e+01,4.191043e+01,4.191043e+01,4.191043e+01,4.191043e+01,4.191043e+01,4.191043e+01,4.191043e+01,4.191043e+01,4.191043e+01,4.191043e+01,4.191043e+01,4.266791e+01,4.266791e+01,4.316150e+01,4.347216e+01,4.393660e+01,4.412957e+01,4.457859e+01,4.488551e+01,4.529348e+01,4.566199e+01,4.606729e+01,4.652160e+01,4.712466e+01,4.758746e+01,4.821003e+01,4.863155e+01,4.905161e+01,4.954394e+01,5.016879e+01,5.081479e+01,5.134853e+01,5.190408e+01,5.252911e+01,5.318681e+01,5.367486e+01,5.442113e+01,5.505731e+01,5.556164e+01,5.634350e+01,5.677325e+01,5.737481e+01,5.806548e+01,5.855821e+01,5.904910e+01,5.970833e+01,6.016106e+01,6.061226e+01,6.124137e+01,6.170009e+01,6.213499e+01,6.236859e+01,6.301167e+01,6.357462e+01,6.427780e+01,6.470453e+01,6.534760e+01,6.611749e+01,6.653859e+01,6.743055e+01,6.818907e+01,6.892234e+01,6.956745e+01,7.011508e+01,7.098487e+01,7.152714e+01,7.219176e+01,7.288431e+01,7.332705e+01,7.403472e+01,7.455560e+01,7.543996e+01,7.585492e+01,7.655067e+01,7.715306e+01,7.753334e+01,7.809201e+01,7.864864e+01,7.945018e+01,7.979523e+01,8.041439e+01,8.081601e+01,8.141162e+01,8.196613e+01,8.238314e+01,8.312713e+01,8.347377e+01,8.384844e+01,8.450916e+01,8.483372e+01,8.535737e+01,8.573713e+01,8.645622e+01,8.664493e+01,8.689932e+01,8.714393e+01,8.749138e+01,8.784746e+01,8.807195e+01,8.822144e+01,8.822144e+01,8.838945e+01,8.849204e+01,8.849204e+01,8.875289e+01,8.875289e+01,8.875289e+01,8.875289e+01,8.913410e+01,8.892966e+01,8.892966e+01,8.892966e+01,8.892966e+01,8.892966e+01,8.892966e+01,8.892966e+01,8.892966e+01,8.892966e+01,8.892966e+01,8.892966e+01,8.892966e+01,8.851069e+01,8.851069e+01,8.851069e+01,8.851069e+01,8.851069e+01,8.851069e+01,8.851069e+01,8.819342e+01,8.819342e+01,8.819342e+01,8.819342e+01,8.819342e+01,8.819342e+01,8.785682e+01,8.785682e+01,8.785682e+01,8.785682e+01,8.785682e+01,8.780065e+01,8.759454e+01,8.759454e+01,8.720972e+01,8.719093e+01,8.712512e+01,8.712512e+01,8.712512e+01,8.712512e+01,8.712512e+01,8.695580e+01,8.691815e+01,8.650342e+01,8.628620e+01,8.628620e+01,8.628620e+01,8.628620e+01,8.596456e+01,8.595509e+01,8.578454e+01,8.562330e+01,8.562330e+01,8.562330e+01,8.562330e+01,8.530984e+01,8.491953e+01,8.490047e+01,8.490047e+01,8.489094e+01,8.470016e+01,8.447093e+01,8.431793e+01,8.431793e+01,8.431793e+01,8.431793e+01,8.402106e+01,8.388682e+01,8.376205e+01,8.376205e+01,8.336794e+01,8.337756e+01,8.334868e+01,8.334868e+01,8.334868e+01,8.334868e+01,8.307893e+01,8.289561e+01,8.289561e+01,8.289561e+01,8.289561e+01,8.289561e+01,8.289561e+01,8.249932e+01,8.249932e+01,8.249932e+01,8.249932e+01,8.249932e+01,8.249932e+01,8.249932e+01,8.249932e+01,8.249932e+01,8.249932e+01,8.249932e+01,8.249932e+01,8.249932e+01,8.249932e+01,8.249932e+01,8.210202e+01,8.256705e+01,8.248964e+01,8.248964e+01,8.248964e+01,8.248964e+01,8.248964e+01,8.248964e+01,8.248964e+01,8.248964e+01,8.248964e+01,8.248964e+01,8.248964e+01,8.248964e+01,8.248964e+01,8.248964e+01,8.288596e+01,8.291492e+01,8.291492e+01,8.291492e+01,8.291492e+01,8.291492e+01,8.291492e+01,8.291492e+01,8.291492e+01,8.291492e+01,8.331017e+01,8.323313e+01,8.340643e+01,8.338718e+01,8.338718e+01,8.338718e+01,8.338718e+01,8.378126e+01,8.378126e+01,8.378126e+01,8.378126e+01,8.417435e+01,8.413605e+01,8.412646e+01,8.412646e+01,8.412646e+01,8.451871e+01,8.457603e+01,8.464288e+01,8.464288e+01,8.464288e+01,8.500529e+01,8.517667e+01,8.524327e+01,8.524327e+01,8.546190e+01,8.557584e+01,8.574661e+01,8.592668e+01,8.615384e+01,8.589826e+01,8.610654e+01,8.618221e+01,8.635234e+01,8.655060e+01,8.655060e+01,8.655060e+01,8.693698e+01,8.695580e+01,8.712512e+01,8.712512e+01,8.712512e+01,8.712512e+01,8.712512e+01,8.712512e+01,8.712512e+01,8.712512e+01,8.712512e+01,8.712512e+01,8.687108e+01,8.687108e+01,8.687108e+01,8.648454e+01,8.648454e+01,8.648454e+01,8.609708e+01,8.609708e+01,8.570868e+01,8.561381e+01,8.555686e+01,8.528131e+01,8.511956e+01,8.480511e+01,8.481465e+01,8.437532e+01,8.381005e+01,8.367562e+01,8.356031e+01,8.326202e+01,8.286665e+01,8.246060e+01,8.173289e+01,8.132389e+01,8.091381e+01,8.067899e+01,8.001173e+01,7.950938e+01,7.871807e+01,7.840039e+01,7.793259e+01,7.723320e+01,7.683208e+01,7.607710e+01,7.566277e+01,7.511530e+01,7.461676e+01,7.407564e+01,7.345036e+01,7.264694e+01,7.250227e+01,7.181829e+01,7.113107e+01,7.029366e+01,6.983099e+01,6.912359e+01,6.872080e+01,6.799715e+01,6.736626e+01,6.636598e+01,6.568427e+01,6.523881e+01,6.446397e+01,6.392667e+01,6.319958e+01,6.259069e+01,6.207932e+01,6.139818e+01,6.049960e+01,6.001409e+01,5.951545e+01,5.852389e+01,5.788166e+01,5.686598e+01,5.632023e+01,5.542110e+01,5.492798e+01,5.435025e+01,5.361544e+01,5.304360e+01,5.254110e+01,5.169905e+01,5.077832e+01,5.035197e+01,4.937185e+01,4.850772e+01,4.821003e+01,4.756248e+01,4.689887e+01,4.591546e+01,4.547152e+01,4.489828e+01,4.434788e+01,4.392372e+01,4.352386e+01,4.300586e+01,4.262885e+01,4.208064e+01,4.151666e+01,4.117429e+01,4.075150e+01,4.044664e+01,4.007439e+01,3.943338e+01,3.927256e+01,3.886948e+01,3.846495e+01,3.826213e+01,3.784180e+01,3.756976e+01,3.741986e+01,3.688674e+01,3.672218e+01,3.640608e+01,3.615807e+01,3.595095e+01,3.595095e+01,3.595095e+01,3.595095e+01,3.595095e+01,3.648863e+01,3.648863e+01,3.648863e+01,3.648863e+01,3.648863e+01,3.648863e+01,3.648863e+01,3.648863e+01,3.648863e+01,3.648863e+01,3.648863e+01,3.648863e+01,3.648863e+01,3.705105e+01,3.694154e+01,3.694154e+01,3.694154e+01,3.694154e+01,3.694154e+01,3.694154e+01,3.694154e+01,3.694154e+01,3.694154e+01,3.694154e+01,3.694154e+01,3.694154e+01,3.694154e+01,3.694154e+01,3.694154e+01,3.694154e+01,3.694154e+01,3.694154e+01,3.694154e+01,3.694154e+01,3.740622e+01,3.740622e+01,3.740622e+01,3.740622e+01,3.796399e+01,3.789612e+01,3.789612e+01,3.789612e+01,3.789612e+01,3.847846e+01,3.847846e+01,3.847846e+01,3.847846e+01,3.847846e+01,3.847846e+01,3.903089e+01,3.896367e+01,3.896367e+01,3.896367e+01,3.896367e+01,3.951371e+01,3.944677e+01,3.944677e+01,3.944677e+01,3.944677e+01,3.944677e+01,3.889640e+01,3.900400e+01,3.911150e+01,3.911150e+01,3.911150e+01,3.911150e+01,3.911150e+01,3.911150e+01,3.911150e+01,3.911150e+01,3.911150e+01,3.911150e+01,3.868088e+01,3.868088e+01,3.868088e+01,3.868088e+01,3.868088e+01,3.868088e+01,3.868088e+01,3.868088e+01,3.868088e+01,3.868088e+01,3.868088e+01,3.868088e+01,3.868088e+01,3.831625e+01,3.831625e+01,3.831625e+01,3.831625e+01,3.831625e+01,3.831625e+01,3.831625e+01,3.831625e+01,3.831625e+01,3.831625e+01,3.776026e+01,3.782821e+01,3.782821e+01,3.782821e+01,3.782821e+01,3.782821e+01,3.782821e+01,3.782821e+01,3.782821e+01,3.782821e+01,3.782821e+01,3.782821e+01,3.782821e+01,3.782821e+01,3.782821e+01,3.782821e+01,3.782821e+01,3.782821e+01,3.782821e+01,3.782821e+01,3.782821e+01,3.782821e+01,3.782821e+01,3.744713e+01,3.744713e+01,3.744713e+01,3.744713e+01,3.744713e+01,3.744713e+01,3.744713e+01,3.744713e+01,3.744713e+01,3.744713e+01,3.744713e+01,3.744713e+01,3.744713e+01,3.744713e+01,3.744713e+01,3.744713e+01,3.744713e+01,3.744713e+01,3.744713e+01,3.744713e+01,3.744713e+01,3.714679e+01,3.714679e+01,3.714679e+01,3.714679e+01,3.714679e+01,3.714679e+01,3.714679e+01,3.714679e+01,3.714679e+01,3.714679e+01,3.714679e+01,3.714679e+01,3.714679e+01,3.714679e+01,3.714679e+01,3.714679e+01,3.714679e+01,3.714679e+01,3.714679e+01,3.714679e+01,3.714679e+01,3.714679e+01,3.714679e+01,3.658486e+01,3.717413e+01,3.713311e+01,3.713311e+01
3.588183e+01,3.588183e+01,3.588183e+01,3.588183e+01,3.588183e+01,3.588183e+01,3.588183e+01,3.588183e+01,3.588183e+01,3.588183e+01,3.588183e+01,3.588183e+01,3.588183e+01,3.644736e+01,3.644736e+01,3.644736e+01,3.644736e+01,3.644736e+01,3.644736e+01,3.644736e+01,3.644736e+01,3.676334e+01,3.676334e+01,3.732436e+01,3.731071e+01,3.754252e+01,3.762422e+01,3.762422e+01,3.762422e+01,3.762422e+01,3.762422e+01,3.762422e+01,3.762422e+01,3.762422e+01,3.822152e+01,3.811316e+01,3.811316e+01,3.811316e+01,3.866740e+01,3.866740e+01,3.866740e+01,3.899056e+01,3.941999e+01,3.960735e+01,3.960735e+01,4.015426e+01,4.018087e+01,4.042009e+01,4.064555e+01,4.064555e+01,4.064555e+01,4.118748e+01,4.108194e+01,4.108194e+01,4.108194e+01,4.108194e+01,4.108194e+01,4.108194e+01,4.108194e+01,4.108194e+01,4.108194e+01,4.108194e+01,4.108194e+01,4.108194e+01,4.108194e+01,4.164807e+01,4.164807e+01,4.164807e+01,4.164807e+01,4.164807e+01,4.164807e+01,4.164807e+01,4.164807e+01,4.218526e+01,4.208064e+01,4.208064e+01,4.208064e+01,4.208064e+01,4.208064e+01,4.208064e+01,4.208064e+01,4.208064e+01,4.154295e+01,4.164807e+01,4.164807e+01,4.164807e+01,4.164807e+01,4.164807e+01,4.164807e+01,4.164807e+01,4.164807e+01,4.164807e+01,4.164807e+01,4.218526e+01,4.200212e+01,4.253766e+01,4.295393e+01,4.340751e+01,4.366590e+01,4.415527e+01,4.450174e+01,4.484719e+01,4.529348e+01,4.570004e+01,4.620629e+01,4.654679e+01,4.714972e+01,4.761242e+01,4.823487e+01,4.865630e+01,4.907627e+01,4.956850e+01,5.019323e+01,5.083910e+01,5.137273e+01,5.192817e+01,5.255308e+01,5.321066e+01,5.369862e+01,5.444475e+01,5.508081e+01,5.558504e+01,5.588897e+01,5.658759e+01,5.721313e+01,5.792764e+01,5.844379e+01,5.895790e+01,5.964029e+01,6.011586e+01,6.058973e+01,6.124137e+01,6.172243e+01,6.206818e+01,6.242415e+01,6.303379e+01,6.359665e+01,6.429971e+01,6.472638e+01,6.536934e+01,6.613912e+01,6.700140e+01,6.753763e+01,6.822103e+01,6.895413e+01,6.959910e+01,7.014661e+01,7.101621e+01,7.155836e+01,7.222285e+01,7.291524e+01,7.335789e+01,7.406541e+01,7.458619e+01,7.547037e+01,7.588524e+01,7.658085e+01,7.718312e+01,7.756332e+01,7.812188e+01,7.867840e+01,7.907467e+01,7.964745e+01,8.028683e+01,8.110922e+01,8.147983e+01,8.199525e+01,8.241219e+01,8.315604e+01,8.350262e+01,8.387722e+01,8.453783e+01,8.486234e+01,8.538589e+01,8.576558e+01,8.630510e+01,8.660720e+01,8.688991e+01,8.723791e+01,8.751952e+01,8.817474e+01,8.814671e+01,8.814671e+01,8.852933e+01,8.870634e+01,8.851069e+01,8.862252e+01,8.871565e+01,8.871565e+01,8.871565e+01,8.909695e+01,8.910624e+01,8.896685e+01,8.896685e+01,8.896685e+01,8.896685e+01,8.896685e+01,8.896685e+01,8.896685e+01,8.896685e+01,8.896685e+01,8.896685e+01,8.896685e+01,8.896685e+01,8.851069e+01,8.851069e+01,8.851069e+01,8.851069e+01,8.851069e+01,8.851069e+01,8.851069e+01,8.819342e+01,8.819342e+01,8.819342e+01,8.819342e+01,8.819342e+01,8.819342e+01,8.785682e+01,8.785682e+01,8.785682e+01,8.785682e+01,8.785682e+01,8.785682e+01,8.759454e+01,8.742570e+01,8.736000e+01,8.736000e+01,8.736000e+01,8.736000e+01,8.736000e+01,8.712512e+01,8.712512e+01,8.712512e+01,8.653173e+01,8.684283e+01,8.655060e+01,8.647511e+01,8.608762e+01,8.606869e+01,8.606869e+01,8.606869e+01,8.606869e+01,8.606869e+01,8.601190e+01,8.542390e+01,8.540489e+01,8.524327e+01,8.546190e+01,8.523376e+01,8.502434e+01,8.502434e+01,8.470016e+01,8.450916e+01,8.450916e+01,8.450916e+01,8.411689e+01,8.406898e+01,8.402106e+01,8.402106e+01,8.402106e+01,8.376205e+01,8.353147e+01,8.353147e+01,8.353147e+01,8.353147e+01,8.353147e+01,8.313677e+01,8.307893e+01,8.307893e+01,8.307893e+01,8.307893e+01,8.307893e+01,8.268309e+01,8.266376e+01,8.260574e+01,8.260574e+01,8.260574e+01,8.260574e+01,8.260574e+01,8.260574e+01,8.260574e+01,8.260574e+01,8.260574e+01,8.260574e+01,8.260574e+01,8.260574e+01,8.260574e+01,8.260574e+01,8.260574e+01,8.249932e+01,8.251867e+01,8.251867e+01,8.251867e+01,8.251867e+01,8.251867e+01,8.251867e+01,8.251867e+01,8.251867e+01,8.251867e+01,8.251867e+01,8.251867e+01,8.251867e+01,8.291492e+01,8.270242e+01,8.272176e+01,8.277973e+01,8.277973e+01,8.277973e+01,8.277973e+01,8.277973e+01,8.277973e+01,8.317532e+01,8.309821e+01,8.309821e+01,8.309821e+01,8.309821e+01,8.309821e+01,8.309821e+01,8.338718e+01,8.338718e+01,8.338718e+01,8.338718e+01,8.378126e+01,8.378126e+01,8.378126e+01,8.378126e+01,8.417435e+01,8.378126e+01,8.399231e+01,8.438489e+01,8.440401e+01,8.441357e+01,8.441357e+01,8.441357e+01,8.464288e+01,8.481465e+01,8.484326e+01,8.517667e+01,8.517667e+01,8.517667e+01,8.546190e+01,8.546190e+01,8.546190e+01,8.592668e+01,8.606869e+01,8.598350e+01,8.606869e+01,8.645622e+01,8.650342e+01,8.651286e+01,8.651286e+01,8.651286e+01,8.655060e+01,8.677689e+01,8.677689e+01,8.712512e+01,8.712512e+01,8.712512e+01,8.712512e+01,8.712512e+01,8.712512e+01,8.673920e+01,8.694640e+01,8.683340e+01,8.683340e+01,8.683340e+01,8.683340e+01,8.683340e+01,8.648454e+01,8.631455e+01,8.625784e+01,8.608762e+01,8.586983e+01,8.561381e+01,8.544289e+01,8.531934e+01,8.498624e+01,8.496718e+01,8.479558e+01,8.434663e+01,8.397313e+01,8.397313e+01,8.356031e+01,8.315604e+01,8.283768e+01,8.243156e+01,8.210202e+01,8.147009e+01,8.110922e+01,8.076709e+01,8.008055e+01,7.955871e+01,7.881721e+01,7.839045e+01,7.791266e+01,7.762326e+01,7.699266e+01,7.664118e+01,7.599635e+01,7.521683e+01,7.471864e+01,7.417789e+01,7.313158e+01,7.276051e+01,7.242987e+01,7.180790e+01,7.112063e+01,7.028316e+01,6.982047e+01,6.911301e+01,6.827428e+01,6.789043e+01,6.726977e+01,6.643073e+01,6.617155e+01,6.503189e+01,6.445303e+01,6.391568e+01,6.318853e+01,6.257959e+01,6.206818e+01,6.138699e+01,6.048833e+01,6.000278e+01,5.950409e+01,5.851245e+01,5.787016e+01,5.732864e+01,5.650628e+01,5.560845e+01,5.511606e+01,5.453918e+01,5.380548e+01,5.323450e+01,5.224102e+01,5.161454e+01,5.076616e+01,5.033977e+01,4.935955e+01,4.907627e+01,4.799871e+01,4.755000e+01,4.688631e+01,4.642079e+01,4.567467e+01,4.510242e+01,4.402669e+01,4.391084e+01,4.338164e+01,4.308371e+01,4.256372e+01,4.206756e+01,4.159552e+01,4.121385e+01,4.075150e+01,4.040681e+01,3.992781e+01,3.966082e+01,3.933960e+01,3.889640e+01,3.854597e+01,3.818090e+01,3.789612e+01,3.756976e+01,3.717413e+01,3.655737e+01,3.648863e+01,3.646112e+01,3.615807e+01,3.615807e+01,3.615807e+01,3.615807e+01,3.615807e+01,3.615807e+01,3.615807e+01,3.615807e+01,3.615807e+01,3.648863e+01,3.648863e+01,3.648863e+01,3.648863e+01,3.648863e+01,3.648863e+01,3.648863e+01,3.648863e+01,3.648863e+01,3.648863e+01,3.705105e+01,3.705105e+01,3.705105e+01,3.705105e+01,3.705105e+01,3.705105e+01,3.705105e+01,3.705105e+01,3.705105e+01,3.705105e+01,3.705105e+01,3.705105e+01,3.705105e+01,3.705105e+01,3.705105e+01,3.705105e+01,3.705105e+01,3.705105e+01,3.705105e+01,3.705105e+01,3.705105e+01,3.740622e+01,3.740622e+01,3.740622e+01,3.740622e+01,3.796399e+01,3.796399e+01,3.796399e+01,3.796399e+01,3.796399e+01,3.796399e+01,3.847846e+01,3.847846e+01,3.847846e+01,3.847846e+01,3.847846e+01,3.903089e+01,3.903089e+01,3.903089e+01,3.903089e+01,3.903089e+01,3.903089e+01,3.903089e+01,3.944677e+01,3.944677e+01,3.944677e+01,3.944677e+01,3.944677e+01,3.944677e+01,3.944677e+01,3.944677e+01,3.944677e+01,3.911150e+01,3.911150e+01,3.911150e+01,3.911150e+01,3.911150e+01,3.911150e+01,3.911150e+01,3.911150e+01,3.868088e+01,3.868088e+01,3.868088e+01,3.868088e+01,3.868088e+01,3.868088e+01,3.868088e+01,3.868088e+01,3.868088e+01,3.868088e+01,3.868088e+01,3.868088e+01,3.868088e+01,3.831625e+01,3.831625e+01,3.831625e+01,3.831625e+01,3.831625e+01,3.831625e+01,3.831625e+01,3.831625e+01,3.831625e+01,3.776026e+01,3.831625e+01,3.801826e+01,3.801826e+01,3.801826e+01,3.801826e+01,3.801826e+01,3.801826e+01,3.801826e+01,3.801826e+01,3.801826e+01,3.801826e+01,3.801826e+01,3.746076e+01,3.756976e+01,3.756976e+01,3.756976e+01,3.756976e+01,3.756976e+01,3.756976e+01,3.756976e+01,3.756976e+01,3.756976e+01,3.756976e+01,3.756976e+01,3.756976e+01,3.756976e+01,3.756976e+01,3.756976e+01,3.756976e+01,3.756976e+01,3.756976e+01,3.756976e+01,3.756976e+01,3.756976e+01,3.756976e+01,3.756976e+01,3.700999e+01,3.711944e+01,3.722878e+01,3.722878e+01,3.722878e+01,3.722878e+01,3.722878e+01,3.722878e+01,3.722878e+01,3.722878e+01,3.722878e+01,3.722878e+01,3.722878e+01,3.722878e+01,3.722878e+01,3.722878e+01,3.722878e+01,3.722878e+01,3.722878e+01,3.722878e+01,3.722878e+01,3.722878e+01,3.722878e+01,3.722878e+01,3.722878e+01,3.722878e+01,3.722878e+01,3.722878e+01,3.722878e+01,3.666727e+01,3.669473e+01,3.695523e+01,3.695523e+01,3.695523e+01
3.588183e+01,3.588183e+01,3.588183e+01,3.588183e+01,3.588183e+01,3.588183e+01,3.588183e+01,3.588183e+01,3.588183e+01,3.588183e+01,3.588183e+01,3.588183e+01,3.588183e+01,3.588183e+01,3.644736e+01,3.644736e+01,3.644736e+01,3.644736e+01,3.644736e+01,3.644736e+01,3.700999e+01,3.696893e+01,3.721512e+01,3.725610e+01,3.725610e+01,3.725610e+01,3.725610e+01,3.725610e+01,3.762422e+01,3.762422e+01,3.762422e+01,3.762422e+01,3.762422e+01,3.762422e+01,3.766505e+01,3.796399e+01,3.796399e+01,3.851897e+01,3.851897e+01,3.851897e+01,3.907120e+01,3.915179e+01,3.936640e+01,3.936640e+01,3.991448e+01,4.000779e+01,4.055276e+01,4.044664e+01,4.044664e+01,4.098951e+01,4.101593e+01,4.104234e+01,4.104234e+01,4.104234e+01,4.104234e+01,4.104234e+01,4.104234e+01,4.104234e+01,4.104234e+01,4.104234e+01,4.104234e+01,4.104234e+01,4.104234e+01,4.158238e+01,4.152981e+01,4.158238e+01,4.158238e+01,4.158238e+01,4.158238e+01,4.158238e+01,4.158238e+01,4.158238e+01,4.211989e+01,4.211989e+01,4.211989e+01,4.211989e+01,4.211989e+01,4.211989e+01,4.211989e+01,4.211989e+01,4.158238e+01,4.163493e+01,4.160866e+01,4.160866e+01,4.160866e+01,4.160866e+01,4.160866e+01,4.160866e+01,4.160866e+01,4.160866e+01,4.160866e+01,4.160866e+01,4.160866e+01,4.218526e+01,4.223754e+01,4.245945e+01,4.301883e+01,4.320038e+01,4.369171e+01,4.407814e+01,4.446329e+01,4.494934e+01,4.521709e+01,4.576344e+01,4.613049e+01,4.660974e+01,4.716225e+01,4.762490e+01,4.773717e+01,4.845816e+01,4.887882e+01,4.937185e+01,4.999758e+01,5.064448e+01,5.117896e+01,5.173526e+01,5.236114e+01,5.301972e+01,5.350842e+01,5.425567e+01,5.489268e+01,5.532732e+01,5.581889e+01,5.651790e+01,5.714378e+01,5.785866e+01,5.837508e+01,5.888947e+01,5.957220e+01,5.958355e+01,6.033044e+01,6.112924e+01,6.154363e+01,6.192329e+01,6.240193e+01,6.300061e+01,6.355259e+01,6.424492e+01,6.466083e+01,6.573850e+01,6.624720e+01,6.700140e+01,6.753763e+01,6.822103e+01,6.895413e+01,6.959910e+01,7.014661e+01,7.101621e+01,7.155836e+01,7.222285e+01,7.291524e+01,7.335789e+01,7.406541e+01,7.500352e+01,7.557166e+01,7.589534e+01,7.659090e+01,7.719314e+01,7.757331e+01,7.813184e+01,7.868832e+01,7.948965e+01,7.974599e+01,8.030647e+01,8.112875e+01,8.149931e+01,8.201467e+01,8.243156e+01,8.317532e+01,8.352185e+01,8.389641e+01,8.455693e+01,8.488140e+01,8.540489e+01,8.578454e+01,8.624839e+01,8.657890e+01,8.696522e+01,8.756641e+01,8.773510e+01,8.807195e+01,8.807195e+01,8.845474e+01,8.848272e+01,8.854797e+01,8.854797e+01,8.892966e+01,8.872496e+01,8.872496e+01,8.910624e+01,8.905979e+01,8.905979e+01,8.905979e+01,8.905979e+01,8.905979e+01,8.905979e+01,8.905979e+01,8.905979e+01,8.905979e+01,8.905979e+01,8.867841e+01,8.875289e+01,8.882734e+01,8.865977e+01,8.855729e+01,8.855729e+01,8.855729e+01,8.855729e+01,8.855729e+01,8.855729e+01,8.855729e+01,8.855729e+01,8.819342e+01,8.819342e+01,8.819342e+01,8.819342e+01,8.819342e+01,8.819342e+01,8.785682e+01,8.785682e+01,8.785682e+01,8.785682e+01,8.785682e+01,8.785682e+01,8.785682e+01,8.736000e+01,8.736000e+01,8.736000e+01,8.736000e+01,8.736000e+01,8.736000e+01,8.712512e+01,8.695580e+01,8.685224e+01,8.643734e+01,8.685224e+01,8.656004e+01,8.632400e+01,8.622948e+01,8.622948e+01,8.622948e+01,8.584141e+01,8.591721e+01,8.613492e+01,8.569920e+01,8.560432e+01,8.549039e+01,8.508148e+01,8.498624e+01,8.498624e+01,8.481465e+01,8.480511e+01,8.480511e+01,8.480511e+01,8.480511e+01,8.450916e+01,8.425095e+01,8.425095e+01,8.425095e+01,8.425095e+01,8.376205e+01,8.396355e+01,8.375246e+01,8.367562e+01,8.367562e+01,8.328129e+01,8.324276e+01,8.324276e+01,8.324276e+01,8.324276e+01,8.324276e+01,8.284734e+01,8.278939e+01,8.278939e+01,8.278939e+01,8.278939e+01,8.278939e+01,8.278939e+01,8.278939e+01,8.239282e+01,8.247028e+01,8.247028e+01,8.247028e+01,8.247028e+01,8.247028e+01,8.247028e+01,8.247028e+01,8.247028e+01,8.247028e+01,8.247028e+01,8.247028e+01,8.247028e+01,8.286665e+01,8.265409e+01,8.265409e+01,8.265409e+01,8.265409e+01,8.265409e+01,8.265409e+01,8.265409e+01,8.265409e+01,8.265409e+01,8.265409e+01,8.265409e+01,8.305000e+01,8.283768e+01,8.283768e+01,8.283768e+01,8.283768e+01,8.283768e+01,8.283768e+01,8.283768e+01,8.309821e+01,8.309821e+01,8.309821e+01,8.309821e+01,8.309821e+01,8.309821e+01,8.338718e+01,8.338718e+01,8.338718e+01,8.338718e+01,8.378126e+01,8.378126e+01,8.378126e+01,8.378126e+01,8.378126e+01,8.417435e+01,8.395396e+01,8.419350e+01,8.419350e+01,8.419350e+01,8.441357e+01,8.452827e+01,8.460469e+01,8.460469e+01,8.484326e+01,8.502434e+01,8.502434e+01,8.502434e+01,8.546190e+01,8.546190e+01,8.585088e+01,8.587931e+01,8.587931e+01,8.587931e+01,8.626730e+01,8.596456e+01,8.622003e+01,8.630510e+01,8.676746e+01,8.668264e+01,8.679573e+01,8.679573e+01,8.696522e+01,8.697462e+01,8.697462e+01,8.697462e+01,8.697462e+01,8.697462e+01,8.697462e+01,8.697462e+01,8.697462e+01,8.697462e+01,8.658833e+01,8.667321e+01,8.667321e+01,8.667321e+01,8.667321e+01,8.631455e+01,8.631455e+01,8.608762e+01,8.584141e+01,8.565176e+01,8.565176e+01,8.531934e+01,8.513860e+01,8.474788e+01,8.472879e+01,8.432750e+01,8.412646e+01,8.395396e+01,8.354108e+01,8.313677e+01,8.281837e+01,8.241219e+01,8.208261e+01,8.145060e+01,8.108969e+01,8.074751e+01,8.006089e+01,7.953898e+01,7.920323e+01,7.853946e+01,7.811192e+01,7.771313e+01,7.707288e+01,7.629896e+01,7.589534e+01,7.519653e+01,7.469827e+01,7.408587e+01,7.361463e+01,7.312129e+01,7.255395e+01,7.148550e+01,7.104755e+01,7.068157e+01,6.953579e+01,6.903889e+01,6.868896e+01,6.803983e+01,6.740912e+01,6.662481e+01,6.587939e+01,6.507548e+01,6.448586e+01,6.393765e+01,6.319958e+01,6.257959e+01,6.205704e+01,6.137579e+01,6.093842e+01,6.017236e+01,5.920852e+01,5.843234e+01,5.785866e+01,5.731709e+01,5.649466e+01,5.559675e+01,5.510431e+01,5.452738e+01,5.379361e+01,5.322258e+01,5.222900e+01,5.160246e+01,5.075399e+01,5.032756e+01,4.942104e+01,4.900227e+01,4.798627e+01,4.753751e+01,4.687376e+01,4.640818e+01,4.566199e+01,4.508967e+01,4.423236e+01,4.388509e+01,4.344630e+01,4.300586e+01,4.255069e+01,4.205447e+01,4.166120e+01,4.113472e+01,4.081766e+01,4.032712e+01,4.014095e+01,3.971427e+01,3.924573e+01,3.896367e+01,3.857297e+01,3.816735e+01,3.785538e+01,3.752890e+01,3.702368e+01,3.677706e+01,3.677706e+01,3.646112e+01,3.621323e+01,3.621323e+01,3.621323e+01,3.621323e+01,3.621323e+01,3.621323e+01,3.621323e+01,3.621323e+01,3.621323e+01,3.621323e+01,3.621323e+01,3.677706e+01,3.665354e+01,3.665354e+01,3.665354e+01,3.665354e+01,3.665354e+01,3.665354e+01,3.665354e+01,3.665354e+01,3.665354e+01,3.705105e+01,3.705105e+01,3.705105e+01,3.705105e+01,3.705105e+01,3.705105e+01,3.705105e+01,3.705105e+01,3.705105e+01,3.705105e+01,3.705105e+01,3.705105e+01,3.705105e+01,3.705105e+01,3.705105e+01,3.705105e+01,3.705105e+01,3.705105e+01,3.761061e+01,3.755614e+01,3.755614e+01,3.755614e+01,3.755614e+01,3.796399e+01,3.796399e+01,3.796399e+01,3.796399e+01,3.796399e+01,3.851897e+01,3.845144e+01,3.845144e+01,3.845144e+01,3.900400e+01,3.895021e+01,3.896367e+01,3.896367e+01,3.896367e+01,3.896367e+01,3.896367e+01,3.896367e+01,3.951371e+01,3.946016e+01,3.946016e+01,3.946016e+01,3.946016e+01,3.946016e+01,3.946016e+01,3.946016e+01,3.946016e+01,3.946016e+01,3.911150e+01,3.911150e+01,3.911150e+01,3.911150e+01,3.911150e+01,3.911150e+01,3.911150e+01,3.911150e+01,3.868088e+01,3.868088e+01,3.868088e+01,3.868088e+01,3.868088e+01,3.868088e+01,3.868088e+01,3.868088e+01,3.868088e+01,3.868088e+01,3.868088e+01,3.868088e+01,3.812671e+01,3.818090e+01,3.818090e+01,3.818090e+01,3.818090e+01,3.818090e+01,3.818090e+01,3.818090e+01,3.818090e+01,3.818090e+01,3.818090e+01,3.818090e+01,3.818090e+01,3.818090e+01,3.818090e+01,3.818090e+01,3.818090e+01,3.818090e+01,3.818090e+01,3.818090e+01,3.818090e+01,3.762422e+01,3.759700e+01,3.762422e+01,3.762422e+01,3.762422e+01,3.762422e+01,3.762422e+01,3.762422e+01,3.762422e+01,3.762422e+01,3.762422e+01,3.762422e+01,3.762422e+01,3.762422e+01,3.762422e+01,3.762422e+01,3.762422e+01,3.762422e+01,3.762422e+01,3.762422e+01,3.762422e+01,3.762422e+01,3.762422e+01,3.762422e+01,3.706473e+01,3.711944e+01,3.763783e+01,3.733801e+01,3.733801e+01,3.733801e+01,3.733801e+01,3.733801e+01,3.733801e+01,3.733801e+01,3.733801e+01,3.733801e+01,3.733801e+01,3.733801e+01,3.733801e+01,3.733801e+01,3.733801e+01,3.677706e+01,3.707841e+01,3.707841e+01,3.707841e+01,3.707841e+01,3.707841e+01,3.707841e+01,3.707841e+01,3.707841e+01,3.707841e+01,3.707841e+01,3.707841e+01,3.707841e+01,3.707841e+01,3.707841e+01,3.707841e+01,3.707841e+01,3.707841e+01,3.707841e+01
3.588183e+01,3.588183e+01,3.588183e+01,3.588183e+01,3.588183e+01,3.588183e+01,3.588183e+01,3.588183e+01,3.588183e+01,3.588183e+01,3.588183e+01,3.588183e+01,3.588183e+01,3.588183e+01,3.644736e+01,3.644736e+01,3.644736e+01,3.644736e+01,3.644736e+01,3.700999e+01,3.694154e+01,3.694154e+01,3.694154e+01,3.725610e+01,3.725610e+01,3.725610e+01,3.781462e+01,3.724244e+01,3.755614e+01,3.755614e+01,3.755614e+01,3.755614e+01,3.755614e+01,3.755614e+01,3.811316e+01,3.805894e+01,3.830272e+01,3.835683e+01,3.835683e+01,3.890985e+01,3.890985e+01,3.890985e+01,3.936640e+01,3.960735e+01,3.970091e+01,4.003443e+01,4.034040e+01,4.034040e+01,4.088379e+01,4.092345e+01,4.092345e+01,4.092345e+01,4.092345e+01,4.092345e+01,4.146405e+01,4.134560e+01,4.122703e+01,4.122703e+01,4.122703e+01,4.122703e+01,4.122703e+01,4.122703e+01,4.122703e+01,4.122703e+01,4.122703e+01,4.122703e+01,4.122703e+01,4.158238e+01,4.158238e+01,4.158238e+01,4.211989e+01,4.206756e+01,4.205447e+01,4.205447e+01,4.205447e+01,4.205447e+01,4.205447e+01,4.205447e+01,4.205447e+01,4.205447e+01,4.158238e+01,4.158238e+01,4.158238e+01,4.158238e+01,4.158238e+01,4.158238e+01,4.158238e+01,4.158238e+01,4.158238e+01,4.158238e+01,4.158238e+01,4.158238e+01,4.158238e+01,4.218526e+01,4.218526e+01,4.245945e+01,4.281101e+01,4.322629e+01,4.362718e+01,4.405242e+01,4.457859e+01,4.488551e+01,4.529348e+01,4.517888e+01,4.583948e+01,4.648381e+01,4.704945e+01,4.731250e+01,4.822245e+01,4.858204e+01,4.889117e+01,4.938415e+01,5.000982e+01,5.065665e+01,5.119107e+01,5.174733e+01,5.237314e+01,5.303166e+01,5.352032e+01,5.426750e+01,5.490445e+01,5.533904e+01,5.583058e+01,5.652952e+01,5.715534e+01,5.787016e+01,5.791615e+01,5.871824e+01,5.921990e+01,5.995752e+01,6.044324e+01,6.067980e+01,6.137579e+01,6.175593e+01,6.269051e+01,6.307802e+01,6.356361e+01,6.425588e+01,6.475915e+01,6.566257e+01,6.618236e+01,6.694766e+01,6.749480e+01,6.818907e+01,6.893294e+01,6.958855e+01,7.014661e+01,7.102666e+01,7.156877e+01,7.223320e+01,7.292554e+01,7.336816e+01,7.415745e+01,7.493236e+01,7.543996e+01,7.587513e+01,7.658085e+01,7.719314e+01,7.758331e+01,7.814179e+01,7.869823e+01,7.943044e+01,7.979523e+01,8.071815e+01,8.122635e+01,8.151878e+01,8.203409e+01,8.284734e+01,8.327165e+01,8.355070e+01,8.392519e+01,8.458559e+01,8.491000e+01,8.543340e+01,8.581298e+01,8.627675e+01,8.660720e+01,8.699345e+01,8.741632e+01,8.775383e+01,8.792233e+01,8.809064e+01,8.830547e+01,8.868771e+01,8.860388e+01,8.877151e+01,8.888316e+01,8.876220e+01,8.892966e+01,8.899474e+01,8.899474e+01,8.899474e+01,8.899474e+01,8.899474e+01,8.899474e+01,8.899474e+01,8.899474e+01,8.899474e+01,8.899474e+01,8.899474e+01,8.899474e+01,8.899474e+01,8.899474e+01,8.899474e+01,8.893896e+01,8.873427e+01,8.873427e+01,8.873427e+01,8.873427e+01,8.873427e+01,8.835213e+01,8.833347e+01,8.830547e+01,8.830547e+01,8.830547e+01,8.830547e+01,8.830547e+01,8.830547e+01,8.824011e+01,8.803455e+01,8.803455e+01,8.803455e+01,8.803455e+01,8.765077e+01,8.763203e+01,8.747262e+01,8.747262e+01,8.747262e+01,8.747262e+01,8.708752e+01,8.742570e+01,8.722851e+01,8.722851e+01,8.685224e+01,8.675804e+01,8.681457e+01,8.653173e+01,8.636179e+01,8.636179e+01,8.636179e+01,8.597403e+01,8.595509e+01,8.606869e+01,8.602137e+01,8.585088e+01,8.585088e+01,8.549039e+01,8.562330e+01,8.531934e+01,8.511005e+01,8.511005e+01,8.511005e+01,8.480511e+01,8.480511e+01,8.480511e+01,8.450916e+01,8.428922e+01,8.428922e+01,8.428922e+01,8.428922e+01,8.415520e+01,8.407857e+01,8.390601e+01,8.367562e+01,8.350262e+01,8.344491e+01,8.344491e+01,8.344491e+01,8.344491e+01,8.324276e+01,8.306928e+01,8.301141e+01,8.301141e+01,8.301141e+01,8.301141e+01,8.301141e+01,8.301141e+01,8.278939e+01,8.261541e+01,8.255737e+01,8.255737e+01,8.255737e+01,8.255737e+01,8.255737e+01,8.255737e+01,8.255737e+01,8.255737e+01,8.255737e+01,8.255737e+01,8.255737e+01,8.255737e+01,8.255737e+01,8.255737e+01,8.255737e+01,8.255737e+01,8.295352e+01,8.286665e+01,8.277973e+01,8.277973e+01,8.277973e+01,8.277973e+01,8.277973e+01,8.277973e+01,8.277973e+01,8.277973e+01,8.277973e+01,8.277973e+01,8.277973e+01,8.317532e+01,8.296317e+01,8.296317e+01,8.296317e+01,8.296317e+01,8.296317e+01,8.335831e+01,8.327165e+01,8.327165e+01,8.327165e+01,8.327165e+01,8.327165e+01,8.366602e+01,8.368523e+01,8.366602e+01,8.366602e+01,8.366602e+01,8.366602e+01,8.405940e+01,8.412646e+01,8.404024e+01,8.415520e+01,8.415520e+01,8.454738e+01,8.450916e+01,8.450916e+01,8.450916e+01,8.450916e+01,8.484326e+01,8.484326e+01,8.523376e+01,8.525278e+01,8.534786e+01,8.512908e+01,8.555686e+01,8.567074e+01,8.575610e+01,8.591721e+01,8.602137e+01,8.638068e+01,8.595509e+01,8.665435e+01,8.672034e+01,8.672034e+01,8.672034e+01,8.672034e+01,8.672034e+01,8.672034e+01,8.697462e+01,8.697462e+01,8.697462e+01,8.697462e+01,8.697462e+01,8.697462e+01,8.658833e+01,8.662606e+01,8.702168e+01,8.681457e+01,8.681457e+01,8.681457e+01,8.642789e+01,8.642789e+01,8.631455e+01,8.605923e+01,8.587931e+01,8.587931e+01,8.565176e+01,8.548090e+01,8.513860e+01,8.491000e+01,8.472879e+01,8.438489e+01,8.422223e+01,8.388682e+01,8.390601e+01,8.326202e+01,8.292457e+01,8.249932e+01,8.215053e+01,8.189813e+01,8.129463e+01,8.082579e+01,8.011987e+01,7.957843e+01,7.922301e+01,7.853946e+01,7.849973e+01,7.744336e+01,7.700269e+01,7.628888e+01,7.588524e+01,7.518638e+01,7.468809e+01,7.407564e+01,7.360437e+01,7.311099e+01,7.246090e+01,7.155836e+01,7.111019e+01,7.065015e+01,7.004148e+01,6.927170e+01,6.834880e+01,6.796514e+01,6.739841e+01,6.661404e+01,6.586856e+01,6.551060e+01,6.463897e+01,6.409137e+01,6.335414e+01,6.273486e+01,6.221291e+01,6.153245e+01,6.063477e+01,6.009325e+01,5.966297e+01,5.859252e+01,5.801955e+01,5.747865e+01,5.665725e+01,5.576047e+01,5.526867e+01,5.469249e+01,5.395967e+01,5.338940e+01,5.239715e+01,5.177145e+01,5.092415e+01,4.999758e+01,4.933494e+01,4.898993e+01,4.797383e+01,4.752502e+01,4.686120e+01,4.639558e+01,4.564930e+01,4.507692e+01,4.430939e+01,4.382066e+01,4.343337e+01,4.299288e+01,4.253766e+01,4.213297e+01,4.159552e+01,4.121385e+01,4.075150e+01,4.000779e+01,3.995448e+01,3.956723e+01,3.932619e+01,3.900400e+01,3.857297e+01,3.812671e+01,3.781462e+01,3.737894e+01,3.724244e+01,3.677706e+01,3.661234e+01,3.651613e+01,3.621323e+01,3.621323e+01,3.621323e+01,3.621323e+01,3.621323e+01,3.621323e+01,3.621323e+01,3.621323e+01,3.621323e+01,3.621323e+01,3.621323e+01,3.677706e+01,3.677706e+01,3.677706e+01,3.677706e+01,3.677706e+01,3.677706e+01,3.677706e+01,3.677706e+01,3.677706e+01,3.677706e+01,3.677706e+01,3.733801e+01,3.665354e+01,3.679078e+01,3.735165e+01,3.721512e+01,3.721512e+01,3.721512e+01,3.721512e+01,3.721512e+01,3.721512e+01,3.721512e+01,3.721512e+01,3.721512e+01,3.721512e+01,3.721512e+01,3.721512e+01,3.721512e+01,3.721512e+01,3.755614e+01,3.755614e+01,3.755614e+01,3.755614e+01,3.796399e+01,3.796399e+01,3.796399e+01,3.796399e+01,3.851897e+01,3.843793e+01,3.843793e+01,3.843793e+01,3.843793e+01,3.843793e+01,3.895021e+01,3.895021e+01,3.895021e+01,3.895021e+01,3.895021e+01,3.950032e+01,3.944677e+01,3.943338e+01,3.943338e+01,3.943338e+01,3.943338e+01,3.943338e+01,3.888294e+01,3.917863e+01,3.931279e+01,3.931279e+01,3.931279e+01,3.931279e+01,3.931279e+01,3.931279e+01,3.931279e+01,3.876175e+01,3.889640e+01,3.889640e+01,3.889640e+01,3.889640e+01,3.889640e+01,3.889640e+01,3.889640e+01,3.889640e+01,3.889640e+01,3.889640e+01,3.889640e+01,3.889640e+01,3.834330e+01,3.847846e+01,3.880216e+01,3.846495e+01,3.832978e+01,3.832978e+01,3.832978e+01,3.832978e+01,3.832978e+01,3.832978e+01,3.832978e+01,3.832978e+01,3.832978e+01,3.832978e+01,3.832978e+01,3.832978e+01,3.777385e+01,3.790970e+01,3.790970e+01,3.790970e+01,3.790970e+01,3.790970e+01,3.790970e+01,3.790970e+01,3.790970e+01,3.790970e+01,3.790970e+01,3.790970e+01,3.790970e+01,3.790970e+01,3.790970e+01,3.790970e+01,3.762422e+01,3.762422e+01,3.762422e+01,3.762422e+01,3.762422e+01,3.762422e+01,3.762422e+01,3.762422e+01,3.762422e+01,3.762422e+01,3.762422e+01,3.762422e+01,3.762422e+01,3.762422e+01,3.762422e+01,3.762422e+01,3.762422e+01,3.762422e+01,3.762422e+01,3.733801e+01,3.733801e+01,3.733801e+01,3.733801e+01,3.733801e+01,3.733801e+01,3.733801e+01,3.733801e+01,3.733801e+01,3.733801e+01,3.733801e+01,3.733801e+01,3.733801e+01,3.733801e+01,3.733801e+01,3.733801e+01,3.733801e+01,3.733801e+01,3.733801e+01,3.733801e+01,3.733801e+01,3.733801e+01,3.733801e+01,3.733801e+01,3.733801e+01,3.733801e+01,3.733801e+01,3.677706e+01,3.691414e+01,3.691414e+01,3.691414e+01,3.691414e+01,3.691414e+01
3.588183e+01,3.588183e+01,3.588183e+01,3.588183e+01,3.588183e+01,3.588183e+01,3.588183e+01,3.588183e+01,3.531334e+01,3.561876e+01,3.618565e+01,3.604765e+01,3.604765e+01,3.604765e+01,3.604765e+01,3.644736e+01,3.644736e+01,3.644736e+01,3.700999e+01,3.692784e+01,3.692784e+01,3.692784e+01,3.692784e+01,3.692784e+01,3.692784e+01,3.725610e+01,3.735165e+01,3.729706e+01,3.750165e+01,3.750165e+01,3.750165e+01,3.750165e+01,3.805894e+01,3.800470e+01,3.803182e+01,3.803182e+01,3.803182e+01,3.835683e+01,3.857297e+01,3.869437e+01,3.869437e+01,3.924573e+01,3.920548e+01,3.960735e+01,3.986113e+01,4.007439e+01,4.028725e+01,4.049971e+01,4.067204e+01,4.067204e+01,4.067204e+01,4.121385e+01,4.108194e+01,4.129292e+01,4.130609e+01,4.130609e+01,4.130609e+01,4.130609e+01,4.130609e+01,4.130609e+01,4.130609e+01,4.130609e+01,4.130609e+01,4.130609e+01,4.130609e+01,4.130609e+01,4.184489e+01,4.177932e+01,4.177932e+01,4.177932e+01,4.177932e+01,4.177932e+01,4.177932e+01,4.177932e+01,4.177932e+01,4.177932e+01,4.177932e+01,4.177932e+01,4.177932e+01,4.177932e+01,4.177932e+01,4.177932e+01,4.177932e+01,4.177932e+01,4.124021e+01,4.137194e+01,4.137194e+01,4.137194e+01,4.137194e+01,4.137194e+01,4.137194e+01,4.137194e+01,4.137194e+01,4.164807e+01,4.239423e+01,4.249856e+01,4.285000e+01,4.326514e+01,4.323924e+01,4.384644e+01,4.429655e+01,4.464260e+01,4.500039e+01,4.531893e+01,4.585214e+01,4.649640e+01,4.697418e+01,4.736254e+01,4.814791e+01,4.854489e+01,4.897758e+01,4.939645e+01,5.002206e+01,5.066883e+01,5.120319e+01,5.175939e+01,5.238515e+01,5.304360e+01,5.353221e+01,5.379361e+01,5.473962e+01,5.517477e+01,5.566694e+01,5.636677e+01,5.699338e+01,5.752477e+01,5.832926e+01,5.883242e+01,5.921990e+01,5.995752e+01,6.037557e+01,6.072482e+01,6.137579e+01,6.175593e+01,6.223516e+01,6.291208e+01,6.339826e+01,6.409137e+01,6.459524e+01,6.549974e+01,6.602014e+01,6.678633e+01,6.733411e+01,6.846582e+01,6.900711e+01,6.958855e+01,7.014661e+01,7.102666e+01,7.156877e+01,7.223320e+01,7.292554e+01,7.336816e+01,7.415745e+01,7.493236e+01,7.543996e+01,7.628888e+01,7.668140e+01,7.720316e+01,7.800236e+01,7.824130e+01,7.871807e+01,7.945018e+01,7.988383e+01,8.063982e+01,8.108969e+01,8.147983e+01,8.201467e+01,8.284734e+01,8.321386e+01,8.358915e+01,8.433706e+01,8.468107e+01,8.493859e+01,8.546190e+01,8.584141e+01,8.630510e+01,8.663550e+01,8.702168e+01,8.744447e+01,8.760391e+01,8.792233e+01,8.820276e+01,8.839878e+01,8.853865e+01,8.892036e+01,8.871565e+01,8.871565e+01,8.909695e+01,8.889246e+01,8.927335e+01,8.918053e+01,8.918053e+01,8.918053e+01,8.918053e+01,8.918053e+01,8.918053e+01,8.918053e+01,8.918053e+01,8.918053e+01,8.918053e+01,8.879942e+01,8.889246e+01,8.889246e+01,8.889246e+01,8.889246e+01,8.889246e+01,8.889246e+01,8.851069e+01,8.860388e+01,8.845474e+01,8.846407e+01,8.846407e+01,8.846407e+01,8.846407e+01,8.846407e+01,8.846407e+01,8.846407e+01,8.808130e+01,8.804391e+01,8.803455e+01,8.803455e+01,8.803455e+01,8.803455e+01,8.765077e+01,8.765077e+01,8.765077e+01,8.765077e+01,8.765077e+01,8.765077e+01,8.747262e+01,8.743509e+01,8.727548e+01,8.712512e+01,8.700285e+01,8.700285e+01,8.661663e+01,8.691815e+01,8.654117e+01,8.615384e+01,8.652229e+01,8.628620e+01,8.605923e+01,8.605923e+01,8.605923e+01,8.605923e+01,8.585088e+01,8.564227e+01,8.552837e+01,8.529082e+01,8.514812e+01,8.514812e+01,8.514812e+01,8.514812e+01,8.480511e+01,8.469062e+01,8.448049e+01,8.432750e+01,8.432750e+01,8.432750e+01,8.432750e+01,8.432750e+01,8.407857e+01,8.379086e+01,8.371404e+01,8.371404e+01,8.371404e+01,8.371404e+01,8.344491e+01,8.332943e+01,8.328129e+01,8.328129e+01,8.328129e+01,8.328129e+01,8.328129e+01,8.301141e+01,8.301141e+01,8.301141e+01,8.301141e+01,8.301141e+01,8.295352e+01,8.274108e+01,8.274108e+01,8.274108e+01,8.274108e+01,8.274108e+01,8.274108e+01,8.274108e+01,8.274108e+01,8.274108e+01,8.274108e+01,8.274108e+01,8.274108e+01,8.274108e+01,8.274108e+01,8.274108e+01,8.274108e+01,8.274108e+01,8.274108e+01,8.274108e+01,8.274108e+01,8.274108e+01,8.274108e+01,8.274108e+01,8.274108e+01,8.274108e+01,8.274108e+01,8.274108e+01,8.313677e+01,8.313677e+01,8.300177e+01,8.300177e+01,8.300177e+01,8.300177e+01,8.339680e+01,8.333906e+01,8.333906e+01,8.333906e+01,8.333906e+01,8.333906e+01,8.333906e+01,8.333906e+01,8.368523e+01,8.368523e+01,8.368523e+01,8.368523e+01,8.368523e+01,8.405940e+01,8.405940e+01,8.405940e+01,8.405940e+01,8.405940e+01,8.405940e+01,8.450916e+01,8.450916e+01,8.450916e+01,8.490047e+01,8.484326e+01,8.499577e+01,8.508148e+01,8.508148e+01,8.534786e+01,8.563279e+01,8.557584e+01,8.557584e+01,8.596456e+01,8.586983e+01,8.612546e+01,8.605923e+01,8.641846e+01,8.621058e+01,8.609708e+01,8.668264e+01,8.668264e+01,8.668264e+01,8.668264e+01,8.668264e+01,8.697462e+01,8.697462e+01,8.697462e+01,8.697462e+01,8.697462e+01,8.697462e+01,8.697462e+01,8.697462e+01,8.697462e+01,8.658833e+01,8.668264e+01,8.653173e+01,8.654117e+01,8.654117e+01,8.631455e+01,8.609708e+01,8.587931e+01,8.576558e+01,8.568971e+01,8.536687e+01,8.519570e+01,8.500529e+01,8.467152e+01,8.453783e+01,8.422223e+01,8.404024e+01,8.388682e+01,8.323313e+01,8.289561e+01,8.247028e+01,8.220871e+01,8.185927e+01,8.126537e+01,8.079645e+01,8.009039e+01,7.954884e+01,7.919335e+01,7.869823e+01,7.820151e+01,7.748335e+01,7.701272e+01,7.626873e+01,7.585492e+01,7.557166e+01,7.481027e+01,7.417789e+01,7.368644e+01,7.317275e+01,7.250227e+01,7.200515e+01,7.128754e+01,7.081761e+01,6.976779e+01,6.919766e+01,6.876326e+01,6.810381e+01,6.752692e+01,6.673251e+01,6.597684e+01,6.560832e+01,6.472638e+01,6.416817e+01,6.342032e+01,6.279026e+01,6.225740e+01,6.156599e+01,6.065729e+01,6.010455e+01,5.957220e+01,5.868396e+01,5.809991e+01,5.754782e+01,5.671526e+01,5.580721e+01,5.530386e+01,5.471606e+01,5.397153e+01,5.338940e+01,5.238515e+01,5.175939e+01,5.091201e+01,4.998534e+01,4.940875e+01,4.894056e+01,4.847055e+01,4.769976e+01,4.703690e+01,4.657197e+01,4.582681e+01,4.525529e+01,4.448893e+01,4.407814e+01,4.356261e+01,4.312261e+01,4.274598e+01,4.221141e+01,4.175309e+01,4.124021e+01,4.077797e+01,4.024737e+01,4.003443e+01,3.970091e+01,3.929938e+01,3.896367e+01,3.843793e+01,3.820798e+01,3.785538e+01,3.747440e+01,3.711944e+01,3.699631e+01,3.699631e+01,3.651613e+01,3.626836e+01,3.626836e+01,3.626836e+01,3.626836e+01,3.626836e+01,3.626836e+01,3.626836e+01,3.626836e+01,3.626836e+01,3.626836e+01,3.626836e+01,3.677706e+01,3.677706e+01,3.677706e+01,3.677706e+01,3.677706e+01,3.677706e+01,3.677706e+01,3.677706e+01,3.677706e+01,3.677706e+01,3.677706e+01,3.677706e+01,3.677706e+01,3.677706e+01,3.677706e+01,3.721512e+01,3.721512e+01,3.721512e+01,3.721512e+01,3.721512e+01,3.721512e+01,3.721512e+01,3.721512e+01,3.721512e+01,3.721512e+01,3.721512e+01,3.721512e+01,3.721512e+01,3.721512e+01,3.721512e+01,3.755614e+01,3.755614e+01,3.755614e+01,3.755614e+01,3.796399e+01,3.796399e+01,3.796399e+01,3.851897e+01,3.851897e+01,3.851897e+01,3.851897e+01,3.851897e+01,3.851897e+01,3.895021e+01,3.895021e+01,3.895021e+01,3.895021e+01,3.895021e+01,3.950032e+01,3.950032e+01,3.950032e+01,3.950032e+01,3.950032e+01,3.950032e+01,3.950032e+01,3.950032e+01,3.950032e+01,3.950032e+01,3.950032e+01,3.950032e+01,3.895021e+01,3.908464e+01,3.908464e+01,3.908464e+01,3.908464e+01,3.908464e+01,3.908464e+01,3.908464e+01,3.908464e+01,3.908464e+01,3.908464e+01,3.908464e+01,3.853247e+01,3.866740e+01,3.866740e+01,3.866740e+01,3.866740e+01,3.866740e+01,3.866740e+01,3.866740e+01,3.866740e+01,3.866740e+01,3.866740e+01,3.832978e+01,3.832978e+01,3.832978e+01,3.832978e+01,3.832978e+01,3.832978e+01,3.832978e+01,3.832978e+01,3.832978e+01,3.832978e+01,3.832978e+01,3.790970e+01,3.790970e+01,3.790970e+01,3.790970e+01,3.790970e+01,3.790970e+01,3.790970e+01,3.790970e+01,3.790970e+01,3.790970e+01,3.790970e+01,3.790970e+01,3.790970e+01,3.790970e+01,3.790970e+01,3.790970e+01,3.790970e+01,3.762422e+01,3.762422e+01,3.762422e+01,3.762422e+01,3.762422e+01,3.762422e+01,3.762422e+01,3.762422e+01,3.762422e+01,3.762422e+01,3.762422e+01,3.762422e+01,3.762422e+01,3.762422e+01,3.762422e+01,3.762422e+01,3.762422e+01,3.733801e+01,3.733801e+01,3.733801e+01,3.733801e+01,3.733801e+01,3.733801e+01,3.733801e+01,3.733801e+01,3.733801e+01,3.733801e+01,3.733801e+01,3.733801e+01,3.733801e+01,3.733801e+01,3.733801e+01,3.733801e+01,3.733801e+01,3.733801e+01,3.733801e+01,3.733801e+01,3.733801e+01,3.733801e+01,3.733801e+01,3.733801e+01,3.733801e+01,3.733801e+01,3.733801e+01,3.733801e+01,3.691414e+01,3.691414e+01,3.691414e+01,3.691414e+01,3.691414e+01
3.588183e+01,3.588183e+01,3.588183e+01,3.588183e+01,3.588183e+01,3.588183e+01,3.588183e+01,3.588183e+01,3.588183e+01,3.588183e+01,3.588183e+01,3.588183e+01,3.644736e+01,3.630970e+01,3.647488e+01,3.646112e+01,3.646112e+01,3.646112e+01,3.646112e+01,3.646112e+01,3.692784e+01,3.692784e+01,3.692784e+01,3.692784e+01,3.748802e+01,3.741986e+01,3.741986e+01,3.741986e+01,3.741986e+01,3.741986e+01,3.797756e+01,3.792327e+01,3.789612e+01,3.789612e+01,3.789612e+01,3.789612e+01,3.845144e+01,3.843793e+01,3.843793e+01,3.899056e+01,3.900400e+01,3.908464e+01,3.924573e+01,3.955385e+01,3.986113e+01,4.040681e+01,4.027396e+01,4.081766e+01,4.068529e+01,4.068529e+01,4.122703e+01,4.113472e+01,4.113472e+01,4.113472e+01,4.113472e+01,4.113472e+01,4.113472e+01,4.113472e+01,4.113472e+01,4.113472e+01,4.113472e+01,4.113472e+01,4.113472e+01,4.113472e+01,4.167433e+01,4.168746e+01,4.168746e+01,4.168746e+01,4.168746e+01,4.168746e+01,4.168746e+01,4.222448e+01,4.193663e+01,4.193663e+01,4.193663e+01,4.193663e+01,4.193663e+01,4.193663e+01,4.193663e+01,4.193663e+01,4.139826e+01,4.152981e+01,4.152981e+01,4.152981e+01,4.152981e+01,4.152981e+01,4.152981e+01,4.098951e+01,4.112152e+01,4.112152e+01,4.112152e+01,4.166120e+01,4.171371e+01,4.193663e+01,4.223754e+01,4.249856e+01,4.288898e+01,4.321333e+01,4.342044e+01,4.384644e+01,4.421951e+01,4.460420e+01,4.500039e+01,4.544611e+01,4.585214e+01,4.649640e+01,4.689887e+01,4.741256e+01,4.807334e+01,4.859442e+01,4.897758e+01,4.939645e+01,5.002206e+01,5.066883e+01,5.120319e+01,5.175939e+01,5.238515e+01,5.304360e+01,5.346083e+01,5.384108e+01,5.473962e+01,5.517477e+01,5.566694e+01,5.636677e+01,5.699338e+01,5.752477e+01,5.832926e+01,5.883242e+01,5.921990e+01,5.949274e+01,6.004802e+01,6.103947e+01,6.145414e+01,6.174476e+01,6.266833e+01,6.302273e+01,6.384974e+01,6.420107e+01,6.460617e+01,6.551060e+01,6.603096e+01,6.679709e+01,6.743055e+01,6.838072e+01,6.893294e+01,6.952524e+01,7.009406e+01,7.098487e+01,7.153754e+01,7.221249e+01,7.291524e+01,7.336816e+01,7.416766e+01,7.494253e+01,7.545010e+01,7.629896e+01,7.669144e+01,7.721317e+01,7.794257e+01,7.828109e+01,7.872798e+01,7.946004e+01,7.989368e+01,8.064961e+01,8.109946e+01,8.188842e+01,8.211172e+01,8.286665e+01,8.323313e+01,8.360837e+01,8.435619e+01,8.462379e+01,8.497671e+01,8.548090e+01,8.586036e+01,8.632400e+01,8.704049e+01,8.713453e+01,8.767889e+01,8.768826e+01,8.824945e+01,8.834280e+01,8.836146e+01,8.865046e+01,8.867841e+01,8.868771e+01,8.883665e+01,8.923623e+01,8.915268e+01,8.916196e+01,8.916196e+01,8.916196e+01,8.916196e+01,8.916196e+01,8.916196e+01,8.916196e+01,8.916196e+01,8.916196e+01,8.916196e+01,8.916196e+01,8.916196e+01,8.889246e+01,8.889246e+01,8.889246e+01,8.889246e+01,8.889246e+01,8.889246e+01,8.889246e+01,8.889246e+01,8.883665e+01,8.863184e+01,8.863184e+01,8.824945e+01,8.834280e+01,8.834280e+01,8.834280e+01,8.834280e+01,8.834280e+01,8.834280e+01,8.803455e+01,8.803455e+01,8.803455e+01,8.803455e+01,8.803455e+01,8.803455e+01,8.765077e+01,8.765077e+01,8.765077e+01,8.765077e+01,8.765077e+01,8.743509e+01,8.743509e+01,8.712512e+01,8.712512e+01,8.712512e+01,8.700285e+01,8.691815e+01,8.651286e+01,8.686166e+01,8.643734e+01,8.664493e+01,8.634290e+01,8.624839e+01,8.586036e+01,8.582246e+01,8.576558e+01,8.568023e+01,8.545239e+01,8.532885e+01,8.532885e+01,8.532885e+01,8.532885e+01,8.493859e+01,8.491953e+01,8.469062e+01,8.491000e+01,8.454738e+01,8.445181e+01,8.445181e+01,8.445181e+01,8.405940e+01,8.400189e+01,8.423180e+01,8.394437e+01,8.384844e+01,8.384844e+01,8.384844e+01,8.344491e+01,8.344491e+01,8.344491e+01,8.344491e+01,8.344491e+01,8.344491e+01,8.344491e+01,8.301141e+01,8.301141e+01,8.301141e+01,8.301141e+01,8.301141e+01,8.301141e+01,8.301141e+01,8.274108e+01,8.274108e+01,8.274108e+01,8.274108e+01,8.274108e+01,8.274108e+01,8.274108e+01,8.274108e+01,8.274108e+01,8.274108e+01,8.274108e+01,8.274108e+01,8.274108e+01,8.274108e+01,8.274108e+01,8.274108e+01,8.313677e+01,8.292457e+01,8.292457e+01,8.292457e+01,8.292457e+01,8.292457e+01,8.292457e+01,8.292457e+01,8.292457e+01,8.292457e+01,8.292457e+01,8.313677e+01,8.313677e+01,8.313677e+01,8.313677e+01,8.313677e+01,8.313677e+01,8.313677e+01,8.313677e+01,8.333906e+01,8.333906e+01,8.333906e+01,8.333906e+01,8.333906e+01,8.368523e+01,8.368523e+01,8.368523e+01,8.368523e+01,8.368523e+01,8.405940e+01,8.405940e+01,8.405940e+01,8.405940e+01,8.405940e+01,8.445181e+01,8.444225e+01,8.444225e+01,8.444225e+01,8.444225e+01,8.484326e+01,8.484326e+01,8.508148e+01,8.519570e+01,8.536687e+01,8.519570e+01,8.540489e+01,8.555686e+01,8.580350e+01,8.591721e+01,8.606869e+01,8.621058e+01,8.618221e+01,8.619167e+01,8.663550e+01,8.661663e+01,8.661663e+01,8.661663e+01,8.661663e+01,8.661663e+01,8.661663e+01,8.697462e+01,8.697462e+01,8.697462e+01,8.697462e+01,8.697462e+01,8.658833e+01,8.679573e+01,8.663550e+01,8.665435e+01,8.665435e+01,8.665435e+01,8.626730e+01,8.622948e+01,8.613492e+01,8.607816e+01,8.593615e+01,8.554736e+01,8.553787e+01,8.550938e+01,8.519570e+01,8.484326e+01,8.481465e+01,8.451871e+01,8.436576e+01,8.404024e+01,8.372365e+01,8.320422e+01,8.286665e+01,8.251867e+01,8.216022e+01,8.183012e+01,8.123611e+01,8.076709e+01,8.046342e+01,8.007072e+01,7.946992e+01,7.883703e+01,7.832087e+01,7.799239e+01,7.727325e+01,7.638963e+01,7.602663e+01,7.522698e+01,7.470846e+01,7.416766e+01,7.367618e+01,7.316246e+01,7.249193e+01,7.199477e+01,7.127711e+01,7.072344e+01,6.985206e+01,6.927170e+01,6.882691e+01,6.815710e+01,6.756974e+01,6.676480e+01,6.599850e+01,6.561917e+01,6.472638e+01,6.415720e+01,6.340929e+01,6.277918e+01,6.224628e+01,6.155481e+01,6.064603e+01,6.009325e+01,5.956086e+01,5.867253e+01,5.808844e+01,5.753630e+01,5.670366e+01,5.579553e+01,5.529213e+01,5.470427e+01,5.395967e+01,5.288828e+01,5.226505e+01,5.173526e+01,5.088771e+01,5.046174e+01,4.958078e+01,4.858204e+01,4.838377e+01,4.767481e+01,4.701182e+01,4.654679e+01,4.580146e+01,4.522983e+01,4.455298e+01,4.452737e+01,4.369171e+01,4.331693e+01,4.227673e+01,4.208064e+01,4.172684e+01,4.121385e+01,4.075150e+01,4.044664e+01,4.007439e+01,3.971427e+01,3.928597e+01,3.881563e+01,3.864043e+01,3.824860e+01,3.786896e+01,3.746076e+01,3.720145e+01,3.720145e+01,3.663980e+01,3.668100e+01,3.626836e+01,3.626836e+01,3.626836e+01,3.626836e+01,3.626836e+01,3.626836e+01,3.626836e+01,3.626836e+01,3.626836e+01,3.626836e+01,3.626836e+01,3.626836e+01,3.677706e+01,3.677706e+01,3.677706e+01,3.677706e+01,3.677706e+01,3.677706e+01,3.677706e+01,3.733801e+01,3.703736e+01,3.703736e+01,3.703736e+01,3.703736e+01,3.703736e+01,3.703736e+01,3.703736e+01,3.703736e+01,3.703736e+01,3.703736e+01,3.759700e+01,3.746076e+01,3.746076e+01,3.746076e+01,3.746076e+01,3.746076e+01,3.746076e+01,3.746076e+01,3.746076e+01,3.746076e+01,3.746076e+01,3.746076e+01,3.746076e+01,3.801826e+01,3.799113e+01,3.797756e+01,3.797756e+01,3.797756e+01,3.851897e+01,3.851897e+01,3.851897e+01,3.851897e+01,3.851897e+01,3.851897e+01,3.895021e+01,3.895021e+01,3.895021e+01,3.895021e+01,3.950032e+01,3.940659e+01,3.940659e+01,3.940659e+01,3.940659e+01,3.940659e+01,3.940659e+01,3.940659e+01,3.940659e+01,3.940659e+01,3.940659e+01,3.940659e+01,3.940659e+01,3.940659e+01,3.940659e+01,3.940659e+01,3.940659e+01,3.908464e+01,3.908464e+01,3.908464e+01,3.908464e+01,3.908464e+01,3.908464e+01,3.908464e+01,3.908464e+01,3.853247e+01,3.853247e+01,3.853247e+01,3.853247e+01,3.853247e+01,3.853247e+01,3.853247e+01,3.853247e+01,3.853247e+01,3.853247e+01,3.853247e+01,3.853247e+01,3.853247e+01,3.853247e+01,3.853247e+01,3.797756e+01,3.811316e+01,3.811316e+01,3.811316e+01,3.811316e+01,3.811316e+01,3.811316e+01,3.811316e+01,3.811316e+01,3.811316e+01,3.811316e+01,3.811316e+01,3.811316e+01,3.811316e+01,3.811316e+01,3.811316e+01,3.811316e+01,3.811316e+01,3.755614e+01,3.769226e+01,3.769226e+01,3.769226e+01,3.769226e+01,3.769226e+01,3.769226e+01,3.769226e+01,3.769226e+01,3.769226e+01,3.769226e+01,3.769226e+01,3.769226e+01,3.713311e+01,3.743349e+01,3.743349e+01,3.743349e+01,3.743349e+01,3.743349e+01,3.743349e+01,3.743349e+01,3.743349e+01,3.743349e+01,3.743349e+01,3.743349e+01,3.743349e+01,3.743349e+01,3.743349e+01,3.743349e+01,3.743349e+01,3.743349e+01,3.743349e+01,3.743349e+01,3.743349e+01,3.743349e+01,3.743349e+01,3.743349e+01,3.743349e+01,3.743349e+01,3.743349e+01,3.687303e+01,3.717413e+01,3.717413e+01,3.717413e+01,3.717413e+01,3.717413e+01,3.717413e+01,3.717413e+01,3.717413e+01,3.717413e+01,3.717413e+01,3.717413e+01,3.717413e+01,3.661234e+01,3.674962e+01,3.674962e+01
3.588183e+01,3.588183e+01,3.588183e+01,3.588183e+01,3.588183e+01,3.588183e+01,3.588183e+01,3.588183e+01,3.588183e+01,3.588183e+01,3.588183e+01,3.588183e+01,3.588183e+01,3.630970e+01,3.630970e+01,3.630970e+01,3.630970e+01,3.687303e+01,3.673590e+01,3.696893e+01,3.687303e+01,3.687303e+01,3.687303e+01,3.687303e+01,3.748802e+01,3.748802e+01,3.748802e+01,3.748802e+01,3.748802e+01,3.748802e+01,3.797756e+01,3.797756e+01,3.797756e+01,3.797756e+01,3.797756e+01,3.797756e+01,3.797756e+01,3.843793e+01,3.866740e+01,3.878869e+01,3.878869e+01,3.908464e+01,3.940659e+01,3.958060e+01,4.000779e+01,4.020747e+01,4.043336e+01,4.061905e+01,4.116110e+01,4.110833e+01,4.106874e+01,4.106874e+01,4.106874e+01,4.106874e+01,4.106874e+01,4.106874e+01,4.106874e+01,4.106874e+01,4.106874e+01,4.106874e+01,4.106874e+01,4.106874e+01,4.160866e+01,4.155610e+01,4.151666e+01,4.151666e+01,4.151666e+01,4.205447e+01,4.192353e+01,4.192353e+01,4.192353e+01,4.192353e+01,4.192353e+01,4.192353e+01,4.192353e+01,4.192353e+01,4.192353e+01,4.192353e+01,4.192353e+01,4.138510e+01,4.147721e+01,4.147721e+01,4.147721e+01,4.147721e+01,4.147721e+01,4.147721e+01,4.147721e+01,4.147721e+01,4.147721e+01,4.147721e+01,4.147721e+01,4.147721e+01,4.147721e+01,4.193663e+01,4.215912e+01,4.204139e+01,4.257675e+01,4.285000e+01,4.339457e+01,4.375620e+01,4.415527e+01,4.456579e+01,4.510242e+01,4.538253e+01,4.592812e+01,4.643340e+01,4.697418e+01,4.743756e+01,4.809820e+01,4.802359e+01,4.869342e+01,4.928571e+01,4.993638e+01,5.060796e+01,5.116683e+01,5.174733e+01,5.190408e+01,5.286437e+01,5.322258e+01,5.373425e+01,5.465713e+01,5.511606e+01,5.563185e+01,5.635514e+01,5.700495e+01,5.754782e+01,5.835218e+01,5.885524e+01,5.916299e+01,5.956086e+01,6.007064e+01,6.060099e+01,6.115167e+01,6.163306e+01,6.250189e+01,6.297848e+01,6.375076e+01,6.422299e+01,6.461710e+01,6.552147e+01,6.604178e+01,6.680785e+01,6.744126e+01,6.839137e+01,6.894353e+01,6.953579e+01,7.010457e+01,7.099532e+01,7.154796e+01,7.222285e+01,7.292554e+01,7.337844e+01,7.417789e+01,7.495269e+01,7.546024e+01,7.630904e+01,7.670149e+01,7.722318e+01,7.754333e+01,7.853946e+01,7.879739e+01,7.946004e+01,7.989368e+01,8.064961e+01,8.109946e+01,8.183984e+01,8.216992e+01,8.286665e+01,8.323313e+01,8.360837e+01,8.430836e+01,8.468107e+01,8.536687e+01,8.557584e+01,8.586983e+01,8.633344e+01,8.689932e+01,8.715333e+01,8.792233e+01,8.793168e+01,8.813737e+01,8.813737e+01,8.836146e+01,8.859457e+01,8.859457e+01,8.897614e+01,8.898544e+01,8.910624e+01,8.910624e+01,8.910624e+01,8.910624e+01,8.910624e+01,8.910624e+01,8.910624e+01,8.910624e+01,8.910624e+01,8.910624e+01,8.910624e+01,8.910624e+01,8.910624e+01,8.910624e+01,8.910624e+01,8.910624e+01,8.910624e+01,8.910624e+01,8.910624e+01,8.910624e+01,8.889246e+01,8.851069e+01,8.852933e+01,8.857593e+01,8.879942e+01,8.854797e+01,8.845474e+01,8.845474e+01,8.845474e+01,8.845474e+01,8.845474e+01,8.845474e+01,8.803455e+01,8.803455e+01,8.803455e+01,8.803455e+01,8.803455e+01,8.765077e+01,8.771636e+01,8.771636e+01,8.771636e+01,8.771636e+01,8.771636e+01,8.771636e+01,8.743509e+01,8.725670e+01,8.725670e+01,8.687108e+01,8.696522e+01,8.675804e+01,8.684283e+01,8.677689e+01,8.667321e+01,8.663550e+01,8.639957e+01,8.614438e+01,8.599297e+01,8.599297e+01,8.599297e+01,8.599297e+01,8.599297e+01,8.571816e+01,8.550938e+01,8.550938e+01,8.511956e+01,8.505292e+01,8.492906e+01,8.478604e+01,8.478604e+01,8.468107e+01,8.468107e+01,8.445181e+01,8.428922e+01,8.419350e+01,8.424137e+01,8.420308e+01,8.400189e+01,8.400189e+01,8.400189e+01,8.360837e+01,8.356031e+01,8.356031e+01,8.356031e+01,8.356031e+01,8.316568e+01,8.326202e+01,8.349300e+01,8.319460e+01,8.319460e+01,8.319460e+01,8.319460e+01,8.319460e+01,8.319460e+01,8.279905e+01,8.275074e+01,8.275074e+01,8.314641e+01,8.293423e+01,8.293423e+01,8.293423e+01,8.293423e+01,8.293423e+01,8.253802e+01,8.263475e+01,8.303071e+01,8.293423e+01,8.293423e+01,8.293423e+01,8.293423e+01,8.293423e+01,8.293423e+01,8.293423e+01,8.293423e+01,8.293423e+01,8.293423e+01,8.293423e+01,8.293423e+01,8.293423e+01,8.293423e+01,8.293423e+01,8.293423e+01,8.293423e+01,8.313677e+01,8.313677e+01,8.313677e+01,8.313677e+01,8.313677e+01,8.313677e+01,8.313677e+01,8.333906e+01,8.333906e+01,8.333906e+01,8.333906e+01,8.333906e+01,8.368523e+01,8.368523e+01,8.368523e+01,8.368523e+01,8.368523e+01,8.368523e+01,8.405940e+01,8.405940e+01,8.405940e+01,8.405940e+01,8.445181e+01,8.445181e+01,8.445181e+01,8.445181e+01,8.445181e+01,8.484326e+01,8.494812e+01,8.502434e+01,8.502434e+01,8.536687e+01,8.530033e+01,8.534786e+01,8.560432e+01,8.574661e+01,8.574661e+01,8.574661e+01,8.574661e+01,8.618221e+01,8.634290e+01,8.650342e+01,8.650342e+01,8.650342e+01,8.650342e+01,8.650342e+01,8.688991e+01,8.689932e+01,8.686166e+01,8.686166e+01,8.686166e+01,8.686166e+01,8.686166e+01,8.686166e+01,8.686166e+01,8.686166e+01,8.665435e+01,8.665435e+01,8.626730e+01,8.633344e+01,8.633344e+01,8.633344e+01,8.607816e+01,8.578454e+01,8.568023e+01,8.568023e+01,8.529082e+01,8.512908e+01,8.497671e+01,8.484326e+01,8.460469e+01,8.429879e+01,8.403065e+01,8.371404e+01,8.358915e+01,8.300177e+01,8.264442e+01,8.227657e+01,8.193699e+01,8.133364e+01,8.091381e+01,8.050264e+01,8.010021e+01,7.948965e+01,7.884694e+01,7.832087e+01,7.757331e+01,7.717310e+01,7.679192e+01,7.616790e+01,7.535886e+01,7.483063e+01,7.428007e+01,7.377871e+01,7.325507e+01,7.257462e+01,7.164159e+01,7.117281e+01,7.071297e+01,6.984153e+01,6.926112e+01,6.881631e+01,6.814645e+01,6.755904e+01,6.675404e+01,6.598767e+01,6.560832e+01,6.471545e+01,6.414623e+01,6.339826e+01,6.276810e+01,6.223516e+01,6.154363e+01,6.063477e+01,6.008194e+01,5.954950e+01,5.866111e+01,5.807696e+01,5.752477e+01,5.669206e+01,5.626204e+01,5.545625e+01,5.437388e+01,5.387667e+01,5.336558e+01,5.243315e+01,5.189202e+01,5.103342e+01,5.059578e+01,4.970352e+01,4.887882e+01,4.835897e+01,4.766233e+01,4.699928e+01,4.601670e+01,4.567467e+01,4.521709e+01,4.473215e+01,4.397522e+01,4.364009e+01,4.317446e+01,4.245945e+01,4.211989e+01,4.162180e+01,4.120066e+01,4.081766e+01,4.048645e+01,4.008770e+01,3.970091e+01,3.913836e+01,3.900400e+01,3.868088e+01,3.826213e+01,3.785538e+01,3.809961e+01,3.754252e+01,3.718779e+01,3.683191e+01,3.611667e+01,3.618565e+01,3.618565e+01,3.618565e+01,3.618565e+01,3.618565e+01,3.618565e+01,3.618565e+01,3.618565e+01,3.618565e+01,3.618565e+01,3.618565e+01,3.674962e+01,3.668100e+01,3.668100e+01,3.668100e+01,3.668100e+01,3.668100e+01,3.668100e+01,3.668100e+01,3.668100e+01,3.668100e+01,3.703736e+01,3.703736e+01,3.703736e+01,3.703736e+01,3.703736e+01,3.703736e+01,3.759700e+01,3.729706e+01,3.752890e+01,3.750165e+01,3.750165e+01,3.750165e+01,3.750165e+01,3.750165e+01,3.750165e+01,3.750165e+01,3.750165e+01,3.750165e+01,3.750165e+01,3.750165e+01,3.750165e+01,3.805894e+01,3.796399e+01,3.796399e+01,3.796399e+01,3.796399e+01,3.851897e+01,3.842442e+01,3.842442e+01,3.842442e+01,3.842442e+01,3.842442e+01,3.897711e+01,3.890985e+01,3.890985e+01,3.890985e+01,3.946016e+01,3.940659e+01,3.940659e+01,3.940659e+01,3.940659e+01,3.940659e+01,3.940659e+01,3.940659e+01,3.940659e+01,3.940659e+01,3.940659e+01,3.940659e+01,3.940659e+01,3.940659e+01,3.940659e+01,3.940659e+01,3.940659e+01,3.940659e+01,3.940659e+01,3.940659e+01,3.908464e+01,3.908464e+01,3.908464e+01,3.908464e+01,3.908464e+01,3.908464e+01,3.908464e+01,3.853247e+01,3.853247e+01,3.853247e+01,3.853247e+01,3.853247e+01,3.853247e+01,3.853247e+01,3.853247e+01,3.853247e+01,3.853247e+01,3.853247e+01,3.853247e+01,3.853247e+01,3.853247e+01,3.853247e+01,3.853247e+01,3.811316e+01,3.811316e+01,3.811316e+01,3.811316e+01,3.811316e+01,3.811316e+01,3.811316e+01,3.811316e+01,3.811316e+01,3.811316e+01,3.811316e+01,3.811316e+01,3.811316e+01,3.811316e+01,3.811316e+01,3.811316e+01,3.811316e+01,3.811316e+01,3.811316e+01,3.769226e+01,3.769226e+01,3.769226e+01,3.769226e+01,3.769226e+01,3.769226e+01,3.769226e+01,3.769226e+01,3.769226e+01,3.769226e+01,3.769226e+01,3.769226e+01,3.769226e+01,3.769226e+01,3.769226e+01,3.769226e+01,3.769226e+01,3.769226e+01,3.769226e+01,3.769226e+01,3.713311e+01,3.726975e+01,3.726975e+01,3.726975e+01,3.726975e+01,3.726975e+01,3.726975e+01,3.726975e+01,3.726975e+01,3.726975e+01,3.726975e+01,3.726975e+01,3.726975e+01,3.726975e+01,3.726975e+01,3.726975e+01,3.726975e+01,3.726975e+01,3.726975e+01,3.726975e+01,3.726975e+01,3.726975e+01,3.726975e+01,3.726975e+01,3.726975e+01,3.726975e+01,3.726975e+01,3.726975e+01,3.726975e+01,3.670845e+01,3.670845e+01,3.670845e+01,3.670845e+01
3.588183e+01,3.588183e+01,3.588183e+01,3.588183e+01,3.588183e+01,3.588183e+01,3.588183e+01,3.588183e+01,3.588183e+01,3.588183e+01,3.588183e+01,3.588183e+01,3.644736e+01,3.637855e+01,3.637855e+01,3.637855e+01,3.637855e+01,3.687303e+01,3.687303e+01,3.687303e+01,3.687303e+01,3.687303e+01,3.687303e+01,3.743349e+01,3.739258e+01,3.739258e+01,3.739258e+01,3.739258e+01,3.739258e+01,3.795042e+01,3.788254e+01,3.788254e+01,3.788254e+01,3.788254e+01,3.788254e+01,3.843793e+01,3.838387e+01,3.827567e+01,3.866740e+01,3.866740e+01,3.921890e+01,3.929938e+01,3.931279e+01,3.964746e+01,3.991448e+01,4.020747e+01,4.075150e+01,4.076473e+01,4.097630e+01,4.097630e+01,4.097630e+01,4.097630e+01,4.097630e+01,4.097630e+01,4.151666e+01,4.122703e+01,4.122703e+01,4.122703e+01,4.122703e+01,4.122703e+01,4.122703e+01,4.122703e+01,4.122703e+01,4.155610e+01,4.155610e+01,4.155610e+01,4.155610e+01,4.205447e+01,4.205447e+01,4.205447e+01,4.205447e+01,4.205447e+01,4.205447e+01,4.205447e+01,4.205447e+01,4.205447e+01,4.205447e+01,4.151666e+01,4.150351e+01,4.154295e+01,4.154295e+01,4.154295e+01,4.154295e+01,4.154295e+01,4.154295e+01,4.100272e+01,4.129292e+01,4.129292e+01,4.129292e+01,4.129292e+01,4.129292e+01,4.129292e+01,4.129292e+01,4.193663e+01,4.193663e+01,4.247248e+01,4.262885e+01,4.299288e+01,4.332988e+01,4.371751e+01,4.414242e+01,4.469378e+01,4.503866e+01,4.545882e+01,4.594078e+01,4.644600e+01,4.698673e+01,4.745005e+01,4.792405e+01,4.813549e+01,4.870578e+01,4.929802e+01,4.994862e+01,5.062013e+01,5.117896e+01,5.157830e+01,5.194022e+01,5.280457e+01,5.329410e+01,5.374612e+01,5.466891e+01,5.512780e+01,5.612226e+01,5.647142e+01,5.702810e+01,5.757087e+01,5.790465e+01,5.854677e+01,5.904910e+01,5.993489e+01,6.018366e+01,6.062352e+01,6.117410e+01,6.165541e+01,6.252410e+01,6.300061e+01,6.377276e+01,6.424492e+01,6.463897e+01,6.554318e+01,6.606342e+01,6.682937e+01,6.746268e+01,6.841264e+01,6.896473e+01,6.955690e+01,7.012560e+01,7.101621e+01,7.156877e+01,7.224356e+01,7.294617e+01,7.381970e+01,7.428007e+01,7.498319e+01,7.549063e+01,7.592565e+01,7.658085e+01,7.746336e+01,7.795253e+01,7.852953e+01,7.889647e+01,7.947978e+01,7.991336e+01,8.066920e+01,8.111898e+01,8.185927e+01,8.218932e+01,8.288596e+01,8.325240e+01,8.362759e+01,8.432750e+01,8.470016e+01,8.532885e+01,8.555686e+01,8.595509e+01,8.635234e+01,8.686166e+01,8.721912e+01,8.779129e+01,8.791296e+01,8.805325e+01,8.816540e+01,8.838012e+01,8.852933e+01,8.906908e+01,8.900403e+01,8.900403e+01,8.900403e+01,8.900403e+01,8.900403e+01,8.900403e+01,8.938467e+01,8.929191e+01,8.929191e+01,8.929191e+01,8.929191e+01,8.929191e+01,8.929191e+01,8.929191e+01,8.929191e+01,8.929191e+01,8.891106e+01,8.900403e+01,8.900403e+01,8.900403e+01,8.900403e+01,8.900403e+01,8.900403e+01,8.900403e+01,8.900403e+01,8.857593e+01,8.871565e+01,8.861320e+01,8.861320e+01,8.861320e+01,8.861320e+01,8.861320e+01,8.861320e+01,8.861320e+01,8.841743e+01,8.821210e+01,8.821210e+01,8.821210e+01,8.821210e+01,8.821210e+01,8.771636e+01,8.771636e+01,8.771636e+01,8.771636e+01,8.771636e+01,8.733183e+01,8.737878e+01,8.737878e+01,8.737878e+01,8.725670e+01,8.709692e+01,8.695580e+01,8.686166e+01,8.686166e+01,8.647511e+01,8.643734e+01,8.672977e+01,8.639957e+01,8.615384e+01,8.615384e+01,8.615384e+01,8.615384e+01,8.576558e+01,8.566125e+01,8.557584e+01,8.541439e+01,8.525278e+01,8.525278e+01,8.525278e+01,8.525278e+01,8.517667e+01,8.486234e+01,8.474788e+01,8.458559e+01,8.458559e+01,8.458559e+01,8.424137e+01,8.408815e+01,8.406898e+01,8.406898e+01,8.406898e+01,8.400189e+01,8.374285e+01,8.374285e+01,8.374285e+01,8.374285e+01,8.356031e+01,8.354108e+01,8.350262e+01,8.327165e+01,8.327165e+01,8.327165e+01,8.327165e+01,8.327165e+01,8.287630e+01,8.286665e+01,8.286665e+01,8.286665e+01,8.286665e+01,8.286665e+01,8.286665e+01,8.286665e+01,8.286665e+01,8.286665e+01,8.286665e+01,8.286665e+01,8.286665e+01,8.286665e+01,8.286665e+01,8.286665e+01,8.286665e+01,8.286665e+01,8.286665e+01,8.286665e+01,8.286665e+01,8.286665e+01,8.286665e+01,8.286665e+01,8.286665e+01,8.286665e+01,8.326202e+01,8.305000e+01,8.305000e+01,8.305000e+01,8.305000e+01,8.305000e+01,8.305000e+01,8.305000e+01,8.344491e+01,8.334868e+01,8.338718e+01,8.337756e+01,8.337756e+01,8.337756e+01,8.337756e+01,8.337756e+01,8.337756e+01,8.368523e+01,8.368523e+01,8.368523e+01,8.368523e+01,8.407857e+01,8.401148e+01,8.401148e+01,8.401148e+01,8.401148e+01,8.445181e+01,8.445181e+01,8.445181e+01,8.445181e+01,8.484326e+01,8.477650e+01,8.477650e+01,8.502434e+01,8.518619e+01,8.523376e+01,8.523376e+01,8.523376e+01,8.560432e+01,8.560432e+01,8.599297e+01,8.589826e+01,8.605923e+01,8.611600e+01,8.634290e+01,8.634290e+01,8.634290e+01,8.634290e+01,8.634290e+01,8.672977e+01,8.677689e+01,8.677689e+01,8.677689e+01,8.677689e+01,8.677689e+01,8.677689e+01,8.677689e+01,8.677689e+01,8.677689e+01,8.677689e+01,8.639012e+01,8.638068e+01,8.638068e+01,8.599297e+01,8.620113e+01,8.608762e+01,8.602137e+01,8.585088e+01,8.585088e+01,8.546190e+01,8.540489e+01,8.540489e+01,8.497671e+01,8.472879e+01,8.458559e+01,8.427966e+01,8.392519e+01,8.384844e+01,8.356031e+01,8.298248e+01,8.262508e+01,8.225718e+01,8.191756e+01,8.131414e+01,8.089426e+01,8.048304e+01,8.008055e+01,7.946992e+01,7.882712e+01,7.830098e+01,7.755332e+01,7.715306e+01,7.677183e+01,7.614773e+01,7.533858e+01,7.481027e+01,7.425964e+01,7.375821e+01,7.323449e+01,7.255395e+01,7.204664e+01,7.130840e+01,7.083853e+01,6.995733e+01,6.936683e+01,6.891174e+01,6.823168e+01,6.719468e+01,6.664635e+01,6.596602e+01,6.558661e+01,6.469360e+01,6.457337e+01,6.354157e+01,6.288994e+01,6.233524e+01,6.162189e+01,6.069106e+01,6.057847e+01,5.975367e+01,5.885524e+01,5.826050e+01,5.722469e+01,5.661081e+01,5.623875e+01,5.535077e+01,5.446836e+01,5.394782e+01,5.292414e+01,5.231310e+01,5.186792e+01,5.100914e+01,5.007099e+01,4.958078e+01,4.884176e+01,4.832175e+01,4.762490e+01,4.696163e+01,4.606729e+01,4.558584e+01,4.517888e+01,4.469378e+01,4.402669e+01,4.354969e+01,4.313557e+01,4.251160e+01,4.256372e+01,4.137194e+01,4.117429e+01,4.079120e+01,4.045991e+01,4.006107e+01,3.955385e+01,3.932619e+01,3.903089e+01,3.868088e+01,3.823506e+01,3.795042e+01,3.731071e+01,3.725610e+01,3.710577e+01,3.668100e+01,3.630970e+01,3.630970e+01,3.630970e+01,3.630970e+01,3.630970e+01,3.630970e+01,3.630970e+01,3.630970e+01,3.630970e+01,3.630970e+01,3.630970e+01,3.630970e+01,3.630970e+01,3.668100e+01,3.668100e+01,3.668100e+01,3.668100e+01,3.668100e+01,3.668100e+01,3.668100e+01,3.668100e+01,3.724244e+01,3.717413e+01,3.717413e+01,3.717413e+01,3.717413e+01,3.717413e+01,3.717413e+01,3.717413e+01,3.717413e+01,3.717413e+01,3.717413e+01,3.717413e+01,3.717413e+01,3.750165e+01,3.750165e+01,3.750165e+01,3.750165e+01,3.750165e+01,3.750165e+01,3.750165e+01,3.750165e+01,3.750165e+01,3.805894e+01,3.805894e+01,3.805894e+01,3.805894e+01,3.805894e+01,3.851897e+01,3.851897e+01,3.851897e+01,3.851897e+01,3.851897e+01,3.851897e+01,3.897711e+01,3.897711e+01,3.897711e+01,3.897711e+01,3.897711e+01,3.940659e+01,3.940659e+01,3.940659e+01,3.940659e+01,3.940659e+01,3.940659e+01,3.940659e+01,3.940659e+01,3.940659e+01,3.940659e+01,3.940659e+01,3.940659e+01,3.940659e+01,3.940659e+01,3.940659e+01,3.940659e+01,3.940659e+01,3.940659e+01,3.940659e+01,3.908464e+01,3.908464e+01,3.908464e+01,3.908464e+01,3.908464e+01,3.908464e+01,3.908464e+01,3.908464e+01,3.908464e+01,3.853247e+01,3.853247e+01,3.853247e+01,3.853247e+01,3.853247e+01,3.853247e+01,3.853247e+01,3.853247e+01,3.853247e+01,3.853247e+01,3.853247e+01,3.853247e+01,3.853247e+01,3.853247e+01,3.853247e+01,3.853247e+01,3.853247e+01,3.811316e+01,3.811316e+01,3.811316e+01,3.811316e+01,3.811316e+01,3.811316e+01,3.811316e+01,3.811316e+01,3.811316e+01,3.811316e+01,3.811316e+01,3.811316e+01,3.811316e+01,3.811316e+01,3.811316e+01,3.811316e+01,3.769226e+01,3.769226e+01,3.769226e+01,3.769226e+01,3.769226e+01,3.769226e+01,3.769226e+01,3.769226e+01,3.769226e+01,3.769226e+01,3.769226e+01,3.769226e+01,3.769226e+01,3.769226e+01,3.769226e+01,3.769226e+01,3.769226e+01,3.713311e+01,3.743349e+01,3.718779e+01,3.722878e+01,3.722878e+01,3.722878e+01,3.722878e+01,3.722878e+01,3.722878e+01,3.722878e+01,3.722878e+01,3.722878e+01,3.722878e+01,3.722878e+01,3.722878e+01,3.722878e+01,3.722878e+01,3.722878e+01,3.722878e+01,3.722878e+01,3.722878e+01,3.722878e+01,3.722878e+01,3.722878e+01,3.722878e+01,3.722878e+01,3.722878e+01,3.722878e+01,3.722878e+01,3.722878e+01,3.666727e+01,3.672218e+01,3.680449e+01,3.680449e+01,3.680449e+01,3.736530e+01
3.588183e+01,3.588183e+01,3.588183e+01,3.588183e+01,3.588183e+01,3.588183e+01,3.588183e+01,3.588183e+01,3.588183e+01,3.588183e+01,3.588183e+01,3.588183e+01,3.644736e+01,3.644736e+01,3.644736e+01,3.644736e+01,3.644736e+01,3.644736e+01,3.644736e+01,3.687303e+01,3.687303e+01,3.687303e+01,3.743349e+01,3.733801e+01,3.733801e+01,3.733801e+01,3.733801e+01,3.733801e+01,3.789612e+01,3.785538e+01,3.785538e+01,3.785538e+01,3.785538e+01,3.785538e+01,3.785538e+01,3.785538e+01,3.838387e+01,3.843793e+01,3.857297e+01,3.881563e+01,3.903089e+01,3.903089e+01,3.931279e+01,3.955385e+01,3.998114e+01,4.035369e+01,4.056602e+01,4.056602e+01,4.097630e+01,4.097630e+01,4.097630e+01,4.097630e+01,4.097630e+01,4.097630e+01,4.151666e+01,4.131926e+01,4.131926e+01,4.131926e+01,4.131926e+01,4.131926e+01,4.131926e+01,4.131926e+01,4.131926e+01,4.131926e+01,4.131926e+01,4.185801e+01,4.187111e+01,4.189733e+01,4.189733e+01,4.189733e+01,4.189733e+01,4.189733e+01,4.189733e+01,4.189733e+01,4.189733e+01,4.189733e+01,4.189733e+01,4.151666e+01,4.151666e+01,4.151666e+01,4.151666e+01,4.151666e+01,4.151666e+01,4.151666e+01,4.097630e+01,4.102913e+01,4.120066e+01,4.120066e+01,4.120066e+01,4.120066e+01,4.120066e+01,4.120066e+01,4.120066e+01,4.139826e+01,4.193663e+01,4.228979e+01,4.260281e+01,4.299288e+01,4.335576e+01,4.385932e+01,4.418097e+01,4.464260e+01,4.460420e+01,4.535710e+01,4.587748e+01,4.642079e+01,4.699928e+01,4.748754e+01,4.774963e+01,4.818519e+01,4.874289e+01,4.933494e+01,4.998534e+01,5.015657e+01,5.103342e+01,5.138484e+01,5.186792e+01,5.276867e+01,5.329410e+01,5.378174e+01,5.470427e+01,5.516303e+01,5.607564e+01,5.654113e+01,5.706281e+01,5.752477e+01,5.797360e+01,5.858108e+01,5.908327e+01,5.942458e+01,6.039813e+01,6.065729e+01,6.120774e+01,6.168892e+01,6.210159e+01,6.286780e+01,6.366272e+01,6.415720e+01,6.457337e+01,6.549974e+01,6.604178e+01,6.682937e+01,6.748410e+01,6.843391e+01,6.898592e+01,6.957800e+01,7.014661e+01,7.103710e+01,7.158958e+01,7.226427e+01,7.296678e+01,7.341955e+01,7.456580e+01,7.505434e+01,7.550076e+01,7.593575e+01,7.659090e+01,7.747336e+01,7.796250e+01,7.853946e+01,7.890638e+01,7.948965e+01,7.992320e+01,8.067899e+01,8.112875e+01,8.186899e+01,8.219901e+01,8.289561e+01,8.326202e+01,8.403065e+01,8.442313e+01,8.471925e+01,8.528131e+01,8.560432e+01,8.597403e+01,8.637123e+01,8.688049e+01,8.723791e+01,8.766015e+01,8.791296e+01,8.829613e+01,8.833347e+01,8.869703e+01,8.865977e+01,8.893896e+01,8.893896e+01,8.893896e+01,8.893896e+01,8.893896e+01,8.893896e+01,8.931974e+01,8.931974e+01,8.931974e+01,8.931974e+01,8.931974e+01,8.931974e+01,8.931974e+01,8.931974e+01,8.931974e+01,8.893896e+01,8.897614e+01,8.897614e+01,8.897614e+01,8.897614e+01,8.897614e+01,8.897614e+01,8.897614e+01,8.897614e+01,8.897614e+01,8.897614e+01,8.897614e+01,8.897614e+01,8.861320e+01,8.861320e+01,8.861320e+01,8.861320e+01,8.861320e+01,8.861320e+01,8.861320e+01,8.841743e+01,8.826813e+01,8.826813e+01,8.826813e+01,8.826813e+01,8.788490e+01,8.816540e+01,8.795974e+01,8.786618e+01,8.786618e+01,8.786618e+01,8.771636e+01,8.751014e+01,8.751014e+01,8.712512e+01,8.721912e+01,8.721912e+01,8.721912e+01,8.686166e+01,8.669206e+01,8.660720e+01,8.668264e+01,8.629565e+01,8.625784e+01,8.621058e+01,8.621058e+01,8.621058e+01,8.582246e+01,8.584141e+01,8.584141e+01,8.584141e+01,8.541439e+01,8.541439e+01,8.541439e+01,8.541439e+01,8.502434e+01,8.501482e+01,8.499577e+01,8.474788e+01,8.474788e+01,8.474788e+01,8.435619e+01,8.435619e+01,8.435619e+01,8.435619e+01,8.406898e+01,8.406898e+01,8.406898e+01,8.374285e+01,8.374285e+01,8.374285e+01,8.374285e+01,8.334868e+01,8.344491e+01,8.332943e+01,8.332943e+01,8.332943e+01,8.332943e+01,8.332943e+01,8.332943e+01,8.327165e+01,8.305000e+01,8.305000e+01,8.305000e+01,8.305000e+01,8.305000e+01,8.305000e+01,8.305000e+01,8.305000e+01,8.305000e+01,8.305000e+01,8.305000e+01,8.305000e+01,8.265409e+01,8.314641e+01,8.304035e+01,8.304035e+01,8.304035e+01,8.304035e+01,8.304035e+01,8.304035e+01,8.304035e+01,8.304035e+01,8.304035e+01,8.304035e+01,8.304035e+01,8.304035e+01,8.304035e+01,8.304035e+01,8.304035e+01,8.304035e+01,8.304035e+01,8.304035e+01,8.343529e+01,8.336794e+01,8.336794e+01,8.336794e+01,8.336794e+01,8.336794e+01,8.336794e+01,8.376205e+01,8.355070e+01,8.366602e+01,8.367562e+01,8.367562e+01,8.367562e+01,8.367562e+01,8.407857e+01,8.407857e+01,8.407857e+01,8.407857e+01,8.407857e+01,8.445181e+01,8.445181e+01,8.445181e+01,8.445181e+01,8.484326e+01,8.484326e+01,8.484326e+01,8.484326e+01,8.484326e+01,8.523376e+01,8.523376e+01,8.523376e+01,8.560432e+01,8.577506e+01,8.586036e+01,8.586036e+01,8.605923e+01,8.584141e+01,8.603083e+01,8.623894e+01,8.623894e+01,8.662606e+01,8.663550e+01,8.661663e+01,8.661663e+01,8.661663e+01,8.661663e+01,8.661663e+01,8.661663e+01,8.661663e+01,8.661663e+01,8.661663e+01,8.661663e+01,8.661663e+01,8.661663e+01,8.661663e+01,8.638068e+01,8.622948e+01,8.622003e+01,8.622003e+01,8.602137e+01,8.563279e+01,8.562330e+01,8.557584e+01,8.518619e+01,8.517667e+01,8.496718e+01,8.478604e+01,8.452827e+01,8.418393e+01,8.405940e+01,8.386763e+01,8.348338e+01,8.296317e+01,8.260574e+01,8.223779e+01,8.189813e+01,8.129463e+01,8.087469e+01,8.046342e+01,8.006089e+01,7.945018e+01,7.880730e+01,7.828109e+01,7.794257e+01,7.727325e+01,7.647017e+01,7.607710e+01,7.573359e+01,7.493236e+01,7.437197e+01,7.386068e+01,7.290493e+01,7.248158e+01,7.202589e+01,7.128754e+01,7.081761e+01,6.993628e+01,6.934570e+01,6.889054e+01,6.813579e+01,6.728049e+01,6.715175e+01,6.618236e+01,6.533672e+01,6.482465e+01,6.419010e+01,6.355259e+01,6.287887e+01,6.231301e+01,6.159953e+01,6.084852e+01,6.053341e+01,5.973100e+01,5.883242e+01,5.823757e+01,5.767455e+01,5.691232e+01,5.634350e+01,5.544453e+01,5.455098e+01,5.401893e+01,5.298389e+01,5.236114e+01,5.190408e+01,5.103342e+01,5.058360e+01,4.976484e+01,4.902694e+01,4.850772e+01,4.781195e+01,4.714972e+01,4.625679e+01,4.583948e+01,4.530621e+01,4.482163e+01,4.415527e+01,4.374331e+01,4.320038e+01,4.275899e+01,4.252463e+01,4.155610e+01,4.120066e+01,4.079120e+01,4.043336e+01,3.992781e+01,3.974099e+01,3.935300e+01,3.903089e+01,3.854597e+01,3.830272e+01,3.788254e+01,3.750165e+01,3.750165e+01,3.710577e+01,3.665354e+01,3.639232e+01,3.639232e+01,3.639232e+01,3.639232e+01,3.639232e+01,3.639232e+01,3.639232e+01,3.639232e+01,3.639232e+01,3.639232e+01,3.639232e+01,3.639232e+01,3.639232e+01,3.639232e+01,3.639232e+01,3.639232e+01,3.668100e+01,3.668100e+01,3.668100e+01,3.668100e+01,3.668100e+01,3.724244e+01,3.724244e+01,3.724244e+01,3.724244e+01,3.724244e+01,3.724244e+01,3.724244e+01,3.724244e+01,3.724244e+01,3.724244e+01,3.724244e+01,3.724244e+01,3.724244e+01,3.724244e+01,3.724244e+01,3.724244e+01,3.724244e+01,3.724244e+01,3.724244e+01,3.724244e+01,3.780103e+01,3.781462e+01,3.789612e+01,3.789612e+01,3.789612e+01,3.789612e+01,3.845144e+01,3.835683e+01,3.835683e+01,3.835683e+01,3.890985e+01,3.876175e+01,3.900400e+01,3.889640e+01,3.889640e+01,3.889640e+01,3.944677e+01,3.941999e+01,3.935300e+01,3.935300e+01,3.935300e+01,3.935300e+01,3.935300e+01,3.935300e+01,3.990114e+01,3.960735e+01,3.960735e+01,3.960735e+01,3.960735e+01,3.960735e+01,3.960735e+01,3.960735e+01,3.905777e+01,3.920548e+01,3.920548e+01,3.920548e+01,3.920548e+01,3.920548e+01,3.920548e+01,3.920548e+01,3.920548e+01,3.865392e+01,3.880216e+01,3.895021e+01,3.895021e+01,3.895021e+01,3.895021e+01,3.895021e+01,3.895021e+01,3.895021e+01,3.853247e+01,3.853247e+01,3.853247e+01,3.853247e+01,3.853247e+01,3.853247e+01,3.853247e+01,3.853247e+01,3.853247e+01,3.853247e+01,3.853247e+01,3.853247e+01,3.853247e+01,3.811316e+01,3.811316e+01,3.811316e+01,3.811316e+01,3.811316e+01,3.811316e+01,3.811316e+01,3.811316e+01,3.811316e+01,3.811316e+01,3.811316e+01,3.811316e+01,3.811316e+01,3.811316e+01,3.811316e+01,3.755614e+01,3.762422e+01,3.762422e+01,3.762422e+01,3.762422e+01,3.762422e+01,3.762422e+01,3.762422e+01,3.762422e+01,3.762422e+01,3.762422e+01,3.762422e+01,3.762422e+01,3.762422e+01,3.762422e+01,3.762422e+01,3.762422e+01,3.762422e+01,3.762422e+01,3.706473e+01,3.721512e+01,3.721512e+01,3.721512e+01,3.721512e+01,3.721512e+01,3.721512e+01,3.721512e+01,3.721512e+01,3.721512e+01,3.721512e+01,3.721512e+01,3.721512e+01,3.721512e+01,3.721512e+01,3.721512e+01,3.721512e+01,3.721512e+01,3.721512e+01,3.721512e+01,3.721512e+01,3.721512e+01,3.721512e+01,3.721512e+01,3.721512e+01,3.721512e+01,3.721512e+01,3.721512e+01,3.721512e+01,3.721512e+01,3.721512e+01,3.721512e+01,3.721512e+01,3.721512e+01,3.721512e+01
3.588183e+01,3.588183e+01,3.588183e+01,3.588183e+01,3.588183e+01,3.588183e+01,3.588183e+01,3.588183e+01,3.588183e+01,3.588183e+01,3.588183e+01,3.644736e+01,3.633725e+01,3.633725e+01,3.633725e+01,3.633725e+01,3.633725e+01,3.633725e+01,3.690044e+01,3.683191e+01,3.683191e+01,3.683191e+01,3.683191e+01,3.733801e+01,3.733801e+01,3.733801e+01,3.733801e+01,3.789612e+01,3.778744e+01,3.778744e+01,3.778744e+01,3.778744e+01,3.778744e+01,3.778744e+01,3.778744e+01,3.834330e+01,3.827567e+01,3.827567e+01,3.857297e+01,3.912493e+01,3.897711e+01,3.913836e+01,3.978105e+01,3.975434e+01,4.000779e+01,4.028725e+01,4.056602e+01,4.072502e+01,4.091023e+01,4.091023e+01,4.091023e+01,4.145090e+01,4.116110e+01,4.139826e+01,4.135877e+01,4.135877e+01,4.135877e+01,4.135877e+01,4.135877e+01,4.135877e+01,4.135877e+01,4.135877e+01,4.135877e+01,4.135877e+01,4.135877e+01,4.185801e+01,4.185801e+01,4.185801e+01,4.185801e+01,4.185801e+01,4.185801e+01,4.185801e+01,4.185801e+01,4.185801e+01,4.185801e+01,4.185801e+01,4.185801e+01,4.151666e+01,4.151666e+01,4.151666e+01,4.151666e+01,4.151666e+01,4.151666e+01,4.151666e+01,4.097630e+01,4.097630e+01,4.097630e+01,4.097630e+01,4.097630e+01,4.097630e+01,4.097630e+01,4.097630e+01,4.151666e+01,4.152981e+01,4.187111e+01,4.225061e+01,4.258978e+01,4.300586e+01,4.295393e+01,4.339457e+01,4.401382e+01,4.482163e+01,4.501315e+01,4.544611e+01,4.587748e+01,4.642079e+01,4.699928e+01,4.742506e+01,4.779949e+01,4.818519e+01,4.874289e+01,4.933494e+01,4.982613e+01,5.021767e+01,5.097273e+01,5.143323e+01,5.186792e+01,5.276867e+01,5.329410e+01,5.378174e+01,5.470427e+01,5.516303e+01,5.607564e+01,5.654113e+01,5.706281e+01,5.752477e+01,5.797360e+01,5.858108e+01,5.902630e+01,5.993489e+01,6.044324e+01,6.076981e+01,6.120774e+01,6.168892e+01,6.210159e+01,6.286780e+01,6.366272e+01,6.415720e+01,6.502099e+01,6.560832e+01,6.605260e+01,6.684013e+01,6.749480e+01,6.800783e+01,6.884812e+01,6.944077e+01,7.044056e+01,7.111019e+01,7.159998e+01,7.227463e+01,7.297708e+01,7.351199e+01,7.448421e+01,7.498319e+01,7.543996e+01,7.629896e+01,7.669144e+01,7.749335e+01,7.798243e+01,7.855931e+01,7.892619e+01,7.950938e+01,7.994288e+01,8.069857e+01,8.154800e+01,8.196613e+01,8.222810e+01,8.292457e+01,8.329092e+01,8.405940e+01,8.437532e+01,8.476696e+01,8.530984e+01,8.563279e+01,8.600243e+01,8.678631e+01,8.697462e+01,8.727548e+01,8.761328e+01,8.795974e+01,8.817474e+01,8.838012e+01,8.857593e+01,8.868771e+01,8.889246e+01,8.889246e+01,8.889246e+01,8.889246e+01,8.927335e+01,8.923623e+01,8.920838e+01,8.920838e+01,8.920838e+01,8.958855e+01,8.910624e+01,8.921767e+01,8.921767e+01,8.921767e+01,8.921767e+01,8.921767e+01,8.921767e+01,8.921767e+01,8.921767e+01,8.921767e+01,8.921767e+01,8.921767e+01,8.921767e+01,8.921767e+01,8.897614e+01,8.897614e+01,8.859457e+01,8.863184e+01,8.868771e+01,8.868771e+01,8.868771e+01,8.868771e+01,8.830547e+01,8.851069e+01,8.839878e+01,8.840811e+01,8.840811e+01,8.802521e+01,8.813737e+01,8.835213e+01,8.820276e+01,8.774446e+01,8.779129e+01,8.779129e+01,8.779129e+01,8.779129e+01,8.779129e+01,8.751014e+01,8.773510e+01,8.747262e+01,8.726609e+01,8.726609e+01,8.726609e+01,8.686166e+01,8.686166e+01,8.686166e+01,8.686166e+01,8.668264e+01,8.643734e+01,8.643734e+01,8.643734e+01,8.621058e+01,8.594562e+01,8.594562e+01,8.594562e+01,8.594562e+01,8.541439e+01,8.541439e+01,8.541439e+01,8.541439e+01,8.541439e+01,8.501482e+01,8.488140e+01,8.479558e+01,8.479558e+01,8.479558e+01,8.479558e+01,8.435619e+01,8.435619e+01,8.435619e+01,8.435619e+01,8.406898e+01,8.391560e+01,8.386763e+01,8.386763e+01,8.386763e+01,8.386763e+01,8.374285e+01,8.353147e+01,8.353147e+01,8.353147e+01,8.353147e+01,8.353147e+01,8.332943e+01,8.332943e+01,8.332943e+01,8.332943e+01,8.332943e+01,8.332943e+01,8.305000e+01,8.305000e+01,8.305000e+01,8.305000e+01,8.305000e+01,8.305000e+01,8.305000e+01,8.305000e+01,8.305000e+01,8.305000e+01,8.305000e+01,8.305000e+01,8.305000e+01,8.305000e+01,8.305000e+01,8.305000e+01,8.305000e+01,8.305000e+01,8.305000e+01,8.305000e+01,8.305000e+01,8.305000e+01,8.305000e+01,8.305000e+01,8.305000e+01,8.305000e+01,8.305000e+01,8.305000e+01,8.305000e+01,8.305000e+01,8.336794e+01,8.336794e+01,8.336794e+01,8.336794e+01,8.336794e+01,8.336794e+01,8.336794e+01,8.336794e+01,8.366602e+01,8.366602e+01,8.366602e+01,8.366602e+01,8.366602e+01,8.407857e+01,8.407857e+01,8.407857e+01,8.407857e+01,8.407857e+01,8.445181e+01,8.445181e+01,8.445181e+01,8.445181e+01,8.445181e+01,8.484326e+01,8.484326e+01,8.484326e+01,8.523376e+01,8.515764e+01,8.515764e+01,8.515764e+01,8.515764e+01,8.538589e+01,8.568023e+01,8.579402e+01,8.590773e+01,8.627675e+01,8.625784e+01,8.624839e+01,8.639957e+01,8.611600e+01,8.633344e+01,8.644678e+01,8.644678e+01,8.683340e+01,8.672034e+01,8.672034e+01,8.672034e+01,8.672034e+01,8.672034e+01,8.672034e+01,8.633344e+01,8.644678e+01,8.644678e+01,8.644678e+01,8.644678e+01,8.644678e+01,8.622003e+01,8.610654e+01,8.592668e+01,8.576558e+01,8.576558e+01,8.537638e+01,8.530033e+01,8.517667e+01,8.502434e+01,8.472879e+01,8.443269e+01,8.431793e+01,8.431793e+01,8.386763e+01,8.344491e+01,8.292457e+01,8.256705e+01,8.219901e+01,8.185927e+01,8.125562e+01,8.123611e+01,8.056145e+01,8.012969e+01,7.948965e+01,7.881721e+01,7.866847e+01,7.806213e+01,7.737334e+01,7.696256e+01,7.629896e+01,7.539942e+01,7.483063e+01,7.435155e+01,7.376846e+01,7.298739e+01,7.254362e+01,7.206738e+01,7.130840e+01,7.081761e+01,6.991523e+01,6.932455e+01,6.886933e+01,6.811447e+01,6.743055e+01,6.713028e+01,6.616074e+01,6.531496e+01,6.480282e+01,6.416817e+01,6.353056e+01,6.330999e+01,6.244637e+01,6.172243e+01,6.102825e+01,6.060099e+01,5.978767e+01,5.887806e+01,5.827196e+01,5.769758e+01,5.692390e+01,5.634350e+01,5.543281e+01,5.502205e+01,5.417286e+01,5.313909e+01,5.251711e+01,5.156621e+01,5.094844e+01,5.057142e+01,4.975258e+01,4.901460e+01,4.849534e+01,4.779949e+01,4.713719e+01,4.624417e+01,4.582681e+01,4.477051e+01,4.464260e+01,4.421951e+01,4.367881e+01,4.317446e+01,4.240727e+01,4.239423e+01,4.162180e+01,4.124021e+01,4.080443e+01,4.031383e+01,4.010102e+01,3.975434e+01,3.933960e+01,3.889640e+01,3.872132e+01,3.831625e+01,3.786896e+01,3.758338e+01,3.741986e+01,3.696893e+01,3.683191e+01,3.639232e+01,3.639232e+01,3.639232e+01,3.639232e+01,3.639232e+01,3.639232e+01,3.639232e+01,3.639232e+01,3.639232e+01,3.639232e+01,3.639232e+01,3.639232e+01,3.639232e+01,3.639232e+01,3.639232e+01,3.639232e+01,3.668100e+01,3.668100e+01,3.668100e+01,3.668100e+01,3.668100e+01,3.668100e+01,3.724244e+01,3.724244e+01,3.724244e+01,3.724244e+01,3.724244e+01,3.724244e+01,3.724244e+01,3.724244e+01,3.724244e+01,3.724244e+01,3.724244e+01,3.724244e+01,3.724244e+01,3.724244e+01,3.724244e+01,3.724244e+01,3.724244e+01,3.724244e+01,3.724244e+01,3.780103e+01,3.780103e+01,3.780103e+01,3.780103e+01,3.780103e+01,3.835683e+01,3.834330e+01,3.834330e+01,3.834330e+01,3.834330e+01,3.890985e+01,3.890985e+01,3.890985e+01,3.890985e+01,3.890985e+01,3.890985e+01,3.944677e+01,3.944677e+01,3.944677e+01,3.944677e+01,3.944677e+01,3.944677e+01,3.944677e+01,3.944677e+01,3.944677e+01,3.944677e+01,3.944677e+01,3.944677e+01,3.944677e+01,3.944677e+01,3.944677e+01,3.944677e+01,3.944677e+01,3.944677e+01,3.944677e+01,3.944677e+01,3.944677e+01,3.944677e+01,3.889640e+01,3.905777e+01,3.884256e+01,3.881563e+01,3.881563e+01,3.881563e+01,3.881563e+01,3.881563e+01,3.881563e+01,3.881563e+01,3.881563e+01,3.881563e+01,3.881563e+01,3.881563e+01,3.881563e+01,3.853247e+01,3.853247e+01,3.853247e+01,3.853247e+01,3.853247e+01,3.853247e+01,3.853247e+01,3.853247e+01,3.853247e+01,3.853247e+01,3.853247e+01,3.811316e+01,3.811316e+01,3.811316e+01,3.811316e+01,3.811316e+01,3.811316e+01,3.811316e+01,3.811316e+01,3.811316e+01,3.811316e+01,3.811316e+01,3.811316e+01,3.811316e+01,3.811316e+01,3.811316e+01,3.811316e+01,3.811316e+01,3.762422e+01,3.762422e+01,3.762422e+01,3.762422e+01,3.762422e+01,3.762422e+01,3.762422e+01,3.762422e+01,3.762422e+01,3.762422e+01,3.762422e+01,3.762422e+01,3.762422e+01,3.762422e+01,3.762422e+01,3.762422e+01,3.762422e+01,3.762422e+01,3.762422e+01,3.762422e+01,3.762422e+01,3.762422e+01,3.762422e+01,3.762422e+01,3.762422e+01,3.762422e+01,3.762422e+01,3.762422e+01,3.762422e+01,3.762422e+01,3.762422e+01,3.762422e+01,3.762422e+01,3.721512e+01,3.721512e+01,3.721512e+01,3.721512e+01,3.721512e+01,3.721512e+01,3.721512e+01,3.721512e+01,3.721512e+01,3.721512e+01,3.721512e+01,3.721512e+01,3.721512e+01,3.721512e+01,3.721512e+01,3.721512e+01,3.721512e+01,3.721512e+01
3.588183e+01,3.588183e+01,3.588183e+01,3.588183e+01,3.588183e+01,3.588183e+01,3.588183e+01,3.588183e+01,3.588183e+01,3.588183e+01,3.588183e+01,3.588183e+01,3.633725e+01,3.633725e+01,3.633725e+01,3.633725e+01,3.633725e+01,3.633725e+01,3.690044e+01,3.690044e+01,3.690044e+01,3.690044e+01,3.690044e+01,3.733801e+01,3.733801e+01,3.733801e+01,3.733801e+01,3.733801e+01,3.733801e+01,3.778744e+01,3.778744e+01,3.778744e+01,3.778744e+01,3.778744e+01,3.834330e+01,3.823506e+01,3.823506e+01,3.823506e+01,3.857297e+01,3.895021e+01,3.895021e+01,3.950032e+01,3.962072e+01,3.962072e+01,4.000779e+01,4.031383e+01,4.048645e+01,4.048645e+01,4.091023e+01,4.091023e+01,4.091023e+01,4.145090e+01,4.124021e+01,4.124021e+01,4.124021e+01,4.124021e+01,4.124021e+01,4.124021e+01,4.124021e+01,4.124021e+01,4.177932e+01,4.162180e+01,4.162180e+01,4.162180e+01,4.162180e+01,4.162180e+01,4.215912e+01,4.200212e+01,4.200212e+01,4.200212e+01,4.200212e+01,4.200212e+01,4.200212e+01,4.200212e+01,4.200212e+01,4.200212e+01,4.146405e+01,4.147721e+01,4.147721e+01,4.147721e+01,4.147721e+01,4.147721e+01,4.147721e+01,4.093666e+01,4.104234e+01,4.104234e+01,4.104234e+01,4.104234e+01,4.104234e+01,4.104234e+01,4.104234e+01,4.104234e+01,4.151666e+01,4.168746e+01,4.189733e+01,4.227673e+01,4.261583e+01,4.292796e+01,4.313557e+01,4.342044e+01,4.403955e+01,4.412957e+01,4.484719e+01,4.530621e+01,4.576344e+01,4.633251e+01,4.642079e+01,4.752502e+01,4.782441e+01,4.830934e+01,4.875525e+01,4.884176e+01,4.950708e+01,5.010767e+01,5.086341e+01,5.132432e+01,5.225304e+01,5.285241e+01,5.330602e+01,5.379361e+01,5.423202e+01,5.501030e+01,5.592399e+01,5.639003e+01,5.691232e+01,5.737481e+01,5.782416e+01,5.843234e+01,5.887806e+01,5.978767e+01,6.024013e+01,6.067980e+01,6.111802e+01,6.159953e+01,6.246858e+01,6.297848e+01,6.367373e+01,6.416817e+01,6.458430e+01,6.546716e+01,6.591188e+01,6.670020e+01,6.735554e+01,6.830622e+01,6.892234e+01,6.953579e+01,7.035664e+01,7.103710e+01,7.153754e+01,7.222285e+01,7.293586e+01,7.356332e+01,7.440260e+01,7.491202e+01,7.579427e+01,7.639970e+01,7.671155e+01,7.751334e+01,7.800236e+01,7.857916e+01,7.894599e+01,7.952911e+01,8.036534e+01,8.079645e+01,8.157721e+01,8.191756e+01,8.227657e+01,8.295352e+01,8.331980e+01,8.408815e+01,8.440401e+01,8.479558e+01,8.533836e+01,8.566125e+01,8.603083e+01,8.666378e+01,8.696522e+01,8.736000e+01,8.764140e+01,8.791296e+01,8.814671e+01,8.837079e+01,8.851069e+01,8.873427e+01,8.921767e+01,8.901333e+01,8.901333e+01,8.901333e+01,8.901333e+01,8.923623e+01,8.923623e+01,8.923623e+01,8.923623e+01,8.923623e+01,8.923623e+01,8.923623e+01,8.923623e+01,8.923623e+01,8.923623e+01,8.923623e+01,8.923623e+01,8.923623e+01,8.923623e+01,8.923623e+01,8.923623e+01,8.923623e+01,8.885526e+01,8.887386e+01,8.892036e+01,8.877151e+01,8.870634e+01,8.870634e+01,8.870634e+01,8.870634e+01,8.870634e+01,8.870634e+01,8.870634e+01,8.870634e+01,8.870634e+01,8.840811e+01,8.825879e+01,8.814671e+01,8.825879e+01,8.792233e+01,8.795974e+01,8.824011e+01,8.803455e+01,8.792233e+01,8.753828e+01,8.765077e+01,8.753828e+01,8.754765e+01,8.765077e+01,8.745386e+01,8.732244e+01,8.732244e+01,8.732244e+01,8.724730e+01,8.704049e+01,8.665435e+01,8.676746e+01,8.656947e+01,8.688049e+01,8.628620e+01,8.656004e+01,8.631455e+01,8.611600e+01,8.611600e+01,8.572765e+01,8.571816e+01,8.553787e+01,8.553787e+01,8.553787e+01,8.553787e+01,8.514812e+01,8.513860e+01,8.513860e+01,8.513860e+01,8.479558e+01,8.479558e+01,8.479558e+01,8.479558e+01,8.435619e+01,8.435619e+01,8.435619e+01,8.435619e+01,8.430836e+01,8.404024e+01,8.404024e+01,8.404024e+01,8.404024e+01,8.374285e+01,8.359875e+01,8.359875e+01,8.359875e+01,8.359875e+01,8.359875e+01,8.332943e+01,8.332943e+01,8.332943e+01,8.332943e+01,8.332943e+01,8.332943e+01,8.332943e+01,8.305000e+01,8.305000e+01,8.305000e+01,8.305000e+01,8.305000e+01,8.305000e+01,8.305000e+01,8.305000e+01,8.305000e+01,8.305000e+01,8.305000e+01,8.305000e+01,8.305000e+01,8.305000e+01,8.305000e+01,8.305000e+01,8.305000e+01,8.305000e+01,8.305000e+01,8.305000e+01,8.305000e+01,8.305000e+01,8.305000e+01,8.305000e+01,8.305000e+01,8.305000e+01,8.305000e+01,8.305000e+01,8.305000e+01,8.305000e+01,8.336794e+01,8.336794e+01,8.336794e+01,8.336794e+01,8.336794e+01,8.336794e+01,8.336794e+01,8.336794e+01,8.366602e+01,8.366602e+01,8.366602e+01,8.405940e+01,8.400189e+01,8.400189e+01,8.400189e+01,8.400189e+01,8.439445e+01,8.437532e+01,8.437532e+01,8.437532e+01,8.437532e+01,8.476696e+01,8.476696e+01,8.476696e+01,8.515764e+01,8.515764e+01,8.515764e+01,8.515764e+01,8.515764e+01,8.515764e+01,8.538589e+01,8.561381e+01,8.561381e+01,8.590773e+01,8.615384e+01,8.615384e+01,8.615384e+01,8.615384e+01,8.615384e+01,8.654117e+01,8.642789e+01,8.657890e+01,8.671092e+01,8.671092e+01,8.671092e+01,8.671092e+01,8.671092e+01,8.671092e+01,8.671092e+01,8.633344e+01,8.633344e+01,8.633344e+01,8.633344e+01,8.633344e+01,8.633344e+01,8.633344e+01,8.610654e+01,8.571816e+01,8.583193e+01,8.568023e+01,8.549989e+01,8.549989e+01,8.517667e+01,8.491953e+01,8.470971e+01,8.449960e+01,8.449960e+01,8.410731e+01,8.380045e+01,8.341605e+01,8.329092e+01,8.267342e+01,8.228626e+01,8.192728e+01,8.145060e+01,8.087469e+01,8.046342e+01,8.011004e+01,7.946992e+01,7.894599e+01,7.862879e+01,7.763326e+01,7.727325e+01,7.693246e+01,7.626873e+01,7.578416e+01,7.494253e+01,7.444341e+01,7.384019e+01,7.346064e+01,7.273987e+01,7.181829e+01,7.123540e+01,7.079669e+01,6.989417e+01,6.930341e+01,6.884812e+01,6.809315e+01,6.748410e+01,6.707659e+01,6.613912e+01,6.573850e+01,6.493376e+01,6.428876e+01,6.379476e+01,6.328792e+01,6.243526e+01,6.171126e+01,6.101702e+01,6.058973e+01,5.977634e+01,5.886665e+01,5.826050e+01,5.768607e+01,5.691232e+01,5.633187e+01,5.542110e+01,5.501030e+01,5.416103e+01,5.312716e+01,5.250512e+01,5.204859e+01,5.126377e+01,5.068100e+01,4.985064e+01,4.910093e+01,4.856965e+01,4.735003e+01,4.701182e+01,4.623154e+01,4.581414e+01,4.493658e+01,4.459140e+01,4.420667e+01,4.366590e+01,4.316150e+01,4.257675e+01,4.234202e+01,4.168746e+01,4.117429e+01,4.079120e+01,4.048645e+01,4.012764e+01,3.975434e+01,3.920548e+01,3.907120e+01,3.874828e+01,3.876175e+01,3.812671e+01,3.737894e+01,3.714679e+01,3.714679e+01,3.685933e+01,3.650238e+01,3.650238e+01,3.593713e+01,3.625458e+01,3.625458e+01,3.625458e+01,3.625458e+01,3.625458e+01,3.625458e+01,3.625458e+01,3.625458e+01,3.625458e+01,3.625458e+01,3.625458e+01,3.681820e+01,3.687303e+01,3.680449e+01,3.680449e+01,3.680449e+01,3.680449e+01,3.680449e+01,3.680449e+01,3.724244e+01,3.724244e+01,3.724244e+01,3.724244e+01,3.724244e+01,3.724244e+01,3.724244e+01,3.780103e+01,3.748802e+01,3.748802e+01,3.748802e+01,3.748802e+01,3.748802e+01,3.748802e+01,3.748802e+01,3.748802e+01,3.748802e+01,3.748802e+01,3.748802e+01,3.748802e+01,3.780103e+01,3.780103e+01,3.780103e+01,3.780103e+01,3.835683e+01,3.835683e+01,3.835683e+01,3.835683e+01,3.835683e+01,3.890985e+01,3.890985e+01,3.890985e+01,3.890985e+01,3.946016e+01,3.940659e+01,3.933960e+01,3.933960e+01,3.933960e+01,3.988781e+01,3.958060e+01,3.958060e+01,3.958060e+01,3.958060e+01,3.958060e+01,3.958060e+01,3.958060e+01,3.958060e+01,3.958060e+01,3.958060e+01,3.958060e+01,3.958060e+01,3.958060e+01,3.958060e+01,3.958060e+01,3.958060e+01,3.903089e+01,3.956723e+01,3.919206e+01,3.903089e+01,3.903089e+01,3.903089e+01,3.903089e+01,3.903089e+01,3.903089e+01,3.903089e+01,3.903089e+01,3.903089e+01,3.903089e+01,3.847846e+01,3.864043e+01,3.864043e+01,3.864043e+01,3.864043e+01,3.864043e+01,3.864043e+01,3.864043e+01,3.864043e+01,3.864043e+01,3.864043e+01,3.864043e+01,3.864043e+01,3.864043e+01,3.808606e+01,3.815381e+01,3.815381e+01,3.815381e+01,3.815381e+01,3.815381e+01,3.815381e+01,3.815381e+01,3.815381e+01,3.815381e+01,3.815381e+01,3.815381e+01,3.815381e+01,3.815381e+01,3.815381e+01,3.815381e+01,3.815381e+01,3.759700e+01,3.770586e+01,3.770586e+01,3.770586e+01,3.770586e+01,3.770586e+01,3.770586e+01,3.770586e+01,3.770586e+01,3.770586e+01,3.770586e+01,3.770586e+01,3.770586e+01,3.770586e+01,3.770586e+01,3.770586e+01,3.770586e+01,3.770586e+01,3.770586e+01,3.770586e+01,3.714679e+01,3.746076e+01,3.746076e+01,3.746076e+01,3.746076e+01,3.746076e+01,3.746076e+01,3.746076e+01,3.746076e+01,3.746076e+01,3.746076e+01,3.746076e+01,3.746076e+01,3.746076e+01,3.746076e+01,3.746076e+01,3.746076e+01,3.746076e+01,3.746076e+01,3.746076e+01,3.746076e+01,3.690044e+01,3.706473e+01,3.706473e+01,3.706473e+01,3.706473e+01,3.706473e+01,3.706473e+01,3.706473e+01,3.706473e+01,3.706473e+01,3.706473e+01
3.588183e+01,3.588183e+01,3.588183e+01,3.588183e+01,3.588183e+01,3.588183e+01,3.588183e+01,3.588183e+01,3.588183e+01,3.588183e+01,3.588183e+01,3.644736e+01,3.633725e+01,3.633725e+01,3.633725e+01,3.633725e+01,3.690044e+01,3.684562e+01,3.679078e+01,3.679078e+01,3.679078e+01,3.679078e+01,3.735165e+01,3.728341e+01,3.728341e+01,3.728341e+01,3.784180e+01,3.752890e+01,3.776026e+01,3.761061e+01,3.761061e+01,3.761061e+01,3.761061e+01,3.816735e+01,3.816735e+01,3.816735e+01,3.816735e+01,3.872132e+01,3.885602e+01,3.893676e+01,3.916521e+01,3.932619e+01,3.962072e+01,3.976770e+01,4.003443e+01,4.023407e+01,4.077797e+01,4.083089e+01,4.089701e+01,4.089701e+01,4.143774e+01,4.134560e+01,4.134560e+01,4.134560e+01,4.134560e+01,4.134560e+01,4.134560e+01,4.134560e+01,4.134560e+01,4.134560e+01,4.134560e+01,4.134560e+01,4.162180e+01,4.162180e+01,4.162180e+01,4.162180e+01,4.215912e+01,4.215912e+01,4.215912e+01,4.215912e+01,4.215912e+01,4.215912e+01,4.215912e+01,4.215912e+01,4.162180e+01,4.160866e+01,4.163493e+01,4.163493e+01,4.109513e+01,4.125339e+01,4.125339e+01,4.125339e+01,4.125339e+01,4.125339e+01,4.125339e+01,4.071178e+01,4.087056e+01,4.087056e+01,4.087056e+01,4.087056e+01,4.087056e+01,4.087056e+01,4.087056e+01,4.114791e+01,4.158238e+01,4.200212e+01,4.238118e+01,4.261583e+01,4.292796e+01,4.334282e+01,4.379488e+01,4.410386e+01,4.483441e+01,4.530621e+01,4.577612e+01,4.616840e+01,4.647121e+01,4.694908e+01,4.753751e+01,4.769976e+01,4.819761e+01,4.879233e+01,4.947022e+01,5.008322e+01,5.085126e+01,5.132432e+01,5.177145e+01,5.269685e+01,5.315102e+01,5.363921e+01,5.456278e+01,5.509256e+01,5.545625e+01,5.623875e+01,5.676165e+01,5.769758e+01,5.790465e+01,5.844379e+01,5.888947e+01,5.933365e+01,6.009325e+01,6.053341e+01,6.097211e+01,6.145414e+01,6.232413e+01,6.283457e+01,6.353056e+01,6.402551e+01,6.489013e+01,6.554318e+01,6.592271e+01,6.671098e+01,6.736626e+01,6.787975e+01,6.878448e+01,6.940909e+01,7.024117e+01,7.093262e+01,7.144385e+01,7.256429e+01,7.303890e+01,7.358385e+01,7.442300e+01,7.493236e+01,7.581449e+01,7.634933e+01,7.676178e+01,7.753334e+01,7.802229e+01,7.859901e+01,7.896580e+01,7.995272e+01,8.006089e+01,8.063003e+01,8.144086e+01,8.181068e+01,8.259607e+01,8.305000e+01,8.335831e+01,8.373325e+01,8.430836e+01,8.472879e+01,8.530033e+01,8.604030e+01,8.613492e+01,8.661663e+01,8.701227e+01,8.731305e+01,8.761328e+01,8.790361e+01,8.815605e+01,8.831480e+01,8.855729e+01,8.882734e+01,8.898544e+01,8.899474e+01,8.899474e+01,8.937539e+01,8.935684e+01,8.931046e+01,8.931046e+01,8.931046e+01,8.931046e+01,8.931046e+01,8.931046e+01,8.931046e+01,8.931046e+01,8.931046e+01,8.931046e+01,8.931046e+01,8.931046e+01,8.931046e+01,8.931046e+01,8.931046e+01,8.892966e+01,8.896685e+01,8.897614e+01,8.897614e+01,8.897614e+01,8.897614e+01,8.897614e+01,8.870634e+01,8.870634e+01,8.870634e+01,8.870634e+01,8.870634e+01,8.870634e+01,8.870634e+01,8.870634e+01,8.840811e+01,8.840811e+01,8.840811e+01,8.840811e+01,8.830547e+01,8.828680e+01,8.820276e+01,8.809064e+01,8.781937e+01,8.766015e+01,8.804391e+01,8.771636e+01,8.771636e+01,8.771636e+01,8.745386e+01,8.745386e+01,8.745386e+01,8.745386e+01,8.724730e+01,8.694640e+01,8.677689e+01,8.667321e+01,8.669206e+01,8.655060e+01,8.632400e+01,8.647511e+01,8.629565e+01,8.617275e+01,8.601190e+01,8.585088e+01,8.585088e+01,8.585088e+01,8.553787e+01,8.553787e+01,8.553787e+01,8.553787e+01,8.513860e+01,8.513860e+01,8.513860e+01,8.479558e+01,8.479558e+01,8.479558e+01,8.479558e+01,8.474788e+01,8.452827e+01,8.452827e+01,8.413605e+01,8.409773e+01,8.404982e+01,8.404982e+01,8.404982e+01,8.404982e+01,8.404982e+01,8.359875e+01,8.359875e+01,8.359875e+01,8.359875e+01,8.359875e+01,8.359875e+01,8.332943e+01,8.332943e+01,8.332943e+01,8.332943e+01,8.332943e+01,8.332943e+01,8.332943e+01,8.305000e+01,8.305000e+01,8.305000e+01,8.305000e+01,8.305000e+01,8.305000e+01,8.305000e+01,8.305000e+01,8.305000e+01,8.305000e+01,8.305000e+01,8.305000e+01,8.305000e+01,8.305000e+01,8.305000e+01,8.305000e+01,8.305000e+01,8.305000e+01,8.305000e+01,8.305000e+01,8.305000e+01,8.305000e+01,8.305000e+01,8.305000e+01,8.305000e+01,8.305000e+01,8.305000e+01,8.305000e+01,8.344491e+01,8.336794e+01,8.336794e+01,8.336794e+01,8.336794e+01,8.336794e+01,8.336794e+01,8.336794e+01,8.376205e+01,8.371404e+01,8.371404e+01,8.371404e+01,8.371404e+01,8.371404e+01,8.400189e+01,8.400189e+01,8.400189e+01,8.439445e+01,8.439445e+01,8.439445e+01,8.439445e+01,8.439445e+01,8.439445e+01,8.439445e+01,8.476696e+01,8.464288e+01,8.486234e+01,8.497671e+01,8.536687e+01,8.525278e+01,8.535737e+01,8.544289e+01,8.555686e+01,8.566125e+01,8.592668e+01,8.570868e+01,8.631455e+01,8.592668e+01,8.604030e+01,8.620113e+01,8.640901e+01,8.640901e+01,8.640901e+01,8.640901e+01,8.640901e+01,8.640901e+01,8.671092e+01,8.671092e+01,8.671092e+01,8.671092e+01,8.633344e+01,8.633344e+01,8.633344e+01,8.633344e+01,8.633344e+01,8.594562e+01,8.596456e+01,8.580350e+01,8.584141e+01,8.584141e+01,8.584141e+01,8.549989e+01,8.533836e+01,8.522424e+01,8.494812e+01,8.471925e+01,8.457603e+01,8.441357e+01,8.415520e+01,8.375246e+01,8.355070e+01,8.326202e+01,8.263475e+01,8.224749e+01,8.188842e+01,8.141162e+01,8.123611e+01,8.056145e+01,8.017882e+01,7.950938e+01,7.903509e+01,7.866847e+01,7.775306e+01,7.736333e+01,7.699266e+01,7.629896e+01,7.578416e+01,7.491202e+01,7.441280e+01,7.380946e+01,7.342982e+01,7.270890e+01,7.221249e+01,7.135008e+01,7.089082e+01,6.996785e+01,6.935626e+01,6.887994e+01,6.810381e+01,6.747339e+01,6.705511e+01,6.611749e+01,6.571681e+01,6.491195e+01,6.426684e+01,6.377276e+01,6.326584e+01,6.241304e+01,6.168892e+01,6.099457e+01,6.056720e+01,5.975367e+01,5.884383e+01,5.823757e+01,5.766304e+01,5.688915e+01,5.630860e+01,5.539766e+01,5.498678e+01,5.413736e+01,5.310329e+01,5.248114e+01,5.202452e+01,5.123954e+01,5.065665e+01,4.982613e+01,4.907627e+01,4.845816e+01,4.789914e+01,4.676068e+01,4.620629e+01,4.578879e+01,4.500039e+01,4.462980e+01,4.411671e+01,4.364009e+01,4.313557e+01,4.275899e+01,4.230285e+01,4.166120e+01,4.124021e+01,4.083089e+01,4.049971e+01,4.011433e+01,3.962072e+01,3.939320e+01,3.911150e+01,3.888294e+01,3.865392e+01,3.809961e+01,3.756976e+01,3.756976e+01,3.714679e+01,3.683191e+01,3.659860e+01,3.636478e+01,3.628214e+01,3.626836e+01,3.626836e+01,3.626836e+01,3.626836e+01,3.626836e+01,3.626836e+01,3.626836e+01,3.626836e+01,3.626836e+01,3.626836e+01,3.683191e+01,3.672218e+01,3.672218e+01,3.672218e+01,3.672218e+01,3.672218e+01,3.672218e+01,3.728341e+01,3.725610e+01,3.718779e+01,3.718779e+01,3.718779e+01,3.718779e+01,3.718779e+01,3.718779e+01,3.718779e+01,3.718779e+01,3.718779e+01,3.748802e+01,3.748802e+01,3.748802e+01,3.748802e+01,3.748802e+01,3.748802e+01,3.748802e+01,3.748802e+01,3.748802e+01,3.748802e+01,3.748802e+01,3.780103e+01,3.780103e+01,3.780103e+01,3.780103e+01,3.835683e+01,3.835683e+01,3.835683e+01,3.835683e+01,3.835683e+01,3.890985e+01,3.890985e+01,3.890985e+01,3.890985e+01,3.890985e+01,3.940659e+01,3.940659e+01,3.940659e+01,3.940659e+01,3.988781e+01,3.967419e+01,3.967419e+01,3.967419e+01,3.967419e+01,3.967419e+01,3.967419e+01,3.967419e+01,3.967419e+01,3.967419e+01,3.967419e+01,3.967419e+01,3.967419e+01,3.967419e+01,3.967419e+01,3.967419e+01,3.912493e+01,3.915179e+01,3.923232e+01,3.920548e+01,3.920548e+01,3.920548e+01,3.920548e+01,3.920548e+01,3.865392e+01,3.881563e+01,3.881563e+01,3.881563e+01,3.881563e+01,3.881563e+01,3.881563e+01,3.881563e+01,3.881563e+01,3.881563e+01,3.881563e+01,3.881563e+01,3.881563e+01,3.881563e+01,3.826213e+01,3.842442e+01,3.842442e+01,3.842442e+01,3.842442e+01,3.842442e+01,3.842442e+01,3.842442e+01,3.842442e+01,3.842442e+01,3.842442e+01,3.842442e+01,3.842442e+01,3.842442e+01,3.786896e+01,3.803182e+01,3.803182e+01,3.803182e+01,3.803182e+01,3.803182e+01,3.803182e+01,3.803182e+01,3.803182e+01,3.803182e+01,3.803182e+01,3.803182e+01,3.803182e+01,3.803182e+01,3.803182e+01,3.803182e+01,3.770586e+01,3.770586e+01,3.770586e+01,3.770586e+01,3.770586e+01,3.770586e+01,3.770586e+01,3.770586e+01,3.770586e+01,3.770586e+01,3.770586e+01,3.770586e+01,3.770586e+01,3.770586e+01,3.770586e+01,3.770586e+01,3.714679e+01,3.731071e+01,3.731071e+01,3.731071e+01,3.731071e+01,3.731071e+01,3.731071e+01,3.731071e+01,3.731071e+01,3.731071e+01,3.731071e+01,3.731071e+01,3.731071e+01,3.731071e+01,3.731071e+01,3.731071e+01,3.731071e+01,3.731071e+01,3.731071e+01,3.731071e+01,3.731071e+01,3.731071e+01,3.731071e+01,3.731071e+01,3.731071e+01,3.731071e+01,3.731071e+01,3.731071e+01,3.731071e+01
3.588183e+01,3.588183e+01,3.588183e+01,3.588183e+01,3.588183e+01,3.588183e+01,3.588183e+01,3.588183e+01,3.588183e+01,3.588183e+01,3.588183e+01,3.644736e+01,3.644736e+01,3.644736e+01,3.644736e+01,3.644736e+01,3.644736e+01,3.644736e+01,3.679078e+01,3.679078e+01,3.679078e+01,3.735165e+01,3.724244e+01,3.724244e+01,3.724244e+01,3.780103e+01,3.778744e+01,3.762422e+01,3.762422e+01,3.762422e+01,3.762422e+01,3.762422e+01,3.762422e+01,3.816735e+01,3.816735e+01,3.816735e+01,3.816735e+01,3.816735e+01,3.885602e+01,3.885602e+01,3.885602e+01,3.932619e+01,3.952709e+01,4.007439e+01,3.991448e+01,4.034040e+01,4.059254e+01,4.059254e+01,4.089701e+01,4.112152e+01,4.125339e+01,4.125339e+01,4.125339e+01,4.125339e+01,4.125339e+01,4.125339e+01,4.125339e+01,4.125339e+01,4.179244e+01,4.147721e+01,4.147721e+01,4.147721e+01,4.201521e+01,4.185801e+01,4.185801e+01,4.185801e+01,4.185801e+01,4.215912e+01,4.215912e+01,4.215912e+01,4.215912e+01,4.215912e+01,4.215912e+01,4.215912e+01,4.162180e+01,4.162180e+01,4.162180e+01,4.162180e+01,4.109513e+01,4.109513e+01,4.109513e+01,4.109513e+01,4.109513e+01,4.109513e+01,4.109513e+01,4.109513e+01,4.055276e+01,4.071178e+01,4.071178e+01,4.071178e+01,4.071178e+01,4.071178e+01,4.125339e+01,4.147721e+01,4.159552e+01,4.202830e+01,4.228979e+01,4.266791e+01,4.295393e+01,4.347216e+01,4.373041e+01,4.416813e+01,4.485996e+01,4.480885e+01,4.545882e+01,4.640818e+01,4.659715e+01,4.696163e+01,4.787424e+01,4.788669e+01,4.871815e+01,4.891587e+01,4.949480e+01,5.010767e+01,5.087556e+01,5.134853e+01,5.179558e+01,5.272079e+01,5.317488e+01,5.366298e+01,5.458637e+01,5.503381e+01,5.551480e+01,5.626204e+01,5.678485e+01,5.754782e+01,5.795062e+01,5.846668e+01,5.891229e+01,5.982166e+01,6.020625e+01,6.056720e+01,6.100580e+01,6.194559e+01,6.243526e+01,6.287887e+01,6.357462e+01,6.406942e+01,6.493376e+01,6.558661e+01,6.596602e+01,6.675404e+01,6.740912e+01,6.792245e+01,6.882691e+01,6.945133e+01,7.028316e+01,7.097443e+01,7.153754e+01,7.248158e+01,7.299770e+01,7.358385e+01,7.446381e+01,7.497303e+01,7.543996e+01,7.624857e+01,7.669144e+01,7.749335e+01,7.801232e+01,7.861887e+01,7.905488e+01,7.988383e+01,8.015917e+01,8.065941e+01,8.147009e+01,8.183984e+01,8.262508e+01,8.300177e+01,8.340643e+01,8.415520e+01,8.440401e+01,8.476696e+01,8.533836e+01,8.591721e+01,8.617275e+01,8.665435e+01,8.696522e+01,8.766952e+01,8.776319e+01,8.793168e+01,8.809064e+01,8.835213e+01,8.858525e+01,8.876220e+01,8.898544e+01,8.898544e+01,8.898544e+01,8.937539e+01,8.937539e+01,8.937539e+01,8.937539e+01,8.937539e+01,8.937539e+01,8.937539e+01,8.937539e+01,8.937539e+01,8.937539e+01,8.937539e+01,8.937539e+01,8.937539e+01,8.937539e+01,8.937539e+01,8.937539e+01,8.937539e+01,8.931046e+01,8.908766e+01,8.908766e+01,8.908766e+01,8.908766e+01,8.908766e+01,8.908766e+01,8.870634e+01,8.870634e+01,8.870634e+01,8.870634e+01,8.870634e+01,8.870634e+01,8.870634e+01,8.870634e+01,8.870634e+01,8.840811e+01,8.840811e+01,8.840811e+01,8.840811e+01,8.802521e+01,8.813737e+01,8.798780e+01,8.826813e+01,8.807195e+01,8.798780e+01,8.783810e+01,8.783810e+01,8.783810e+01,8.745386e+01,8.745386e+01,8.745386e+01,8.745386e+01,8.724730e+01,8.702168e+01,8.702168e+01,8.667321e+01,8.667321e+01,8.667321e+01,8.667321e+01,8.667321e+01,8.629565e+01,8.629565e+01,8.629565e+01,8.623894e+01,8.601190e+01,8.585088e+01,8.566125e+01,8.566125e+01,8.566125e+01,8.527180e+01,8.526229e+01,8.526229e+01,8.526229e+01,8.518619e+01,8.495765e+01,8.495765e+01,8.495765e+01,8.474788e+01,8.460469e+01,8.444225e+01,8.426051e+01,8.426051e+01,8.426051e+01,8.426051e+01,8.404982e+01,8.404982e+01,8.404982e+01,8.404982e+01,8.399231e+01,8.376205e+01,8.376205e+01,8.336794e+01,8.332943e+01,8.333906e+01,8.333906e+01,8.333906e+01,8.333906e+01,8.333906e+01,8.333906e+01,8.294388e+01,8.338718e+01,8.315604e+01,8.315604e+01,8.315604e+01,8.315604e+01,8.315604e+01,8.315604e+01,8.315604e+01,8.315604e+01,8.315604e+01,8.315604e+01,8.315604e+01,8.315604e+01,8.315604e+01,8.315604e+01,8.315604e+01,8.315604e+01,8.315604e+01,8.315604e+01,8.315604e+01,8.315604e+01,8.315604e+01,8.315604e+01,8.315604e+01,8.315604e+01,8.315604e+01,8.315604e+01,8.315604e+01,8.315604e+01,8.315604e+01,8.336794e+01,8.336794e+01,8.336794e+01,8.336794e+01,8.376205e+01,8.372365e+01,8.368523e+01,8.368523e+01,8.368523e+01,8.368523e+01,8.368523e+01,8.407857e+01,8.402106e+01,8.402106e+01,8.402106e+01,8.402106e+01,8.439445e+01,8.439445e+01,8.439445e+01,8.439445e+01,8.478604e+01,8.474788e+01,8.469062e+01,8.513860e+01,8.508148e+01,8.509100e+01,8.524327e+01,8.524327e+01,8.524327e+01,8.544289e+01,8.544289e+01,8.544289e+01,8.592668e+01,8.583193e+01,8.598350e+01,8.600243e+01,8.639012e+01,8.637123e+01,8.633344e+01,8.633344e+01,8.633344e+01,8.633344e+01,8.633344e+01,8.672034e+01,8.666378e+01,8.666378e+01,8.666378e+01,8.627675e+01,8.635234e+01,8.635234e+01,8.635234e+01,8.635234e+01,8.635234e+01,8.594562e+01,8.594562e+01,8.594562e+01,8.594562e+01,8.555686e+01,8.554736e+01,8.523376e+01,8.534786e+01,8.511956e+01,8.491953e+01,8.479558e+01,8.457603e+01,8.429879e+01,8.405940e+01,8.380045e+01,8.356992e+01,8.318496e+01,8.299212e+01,8.234440e+01,8.195641e+01,8.160641e+01,8.126537e+01,8.056145e+01,7.974599e+01,7.941070e+01,7.899550e+01,7.857916e+01,7.783288e+01,7.740335e+01,7.699266e+01,7.625864e+01,7.574371e+01,7.487132e+01,7.437197e+01,7.376846e+01,7.338872e+01,7.266759e+01,7.217104e+01,7.130840e+01,7.084899e+01,6.992576e+01,6.931399e+01,6.883752e+01,6.806116e+01,6.743055e+01,6.701214e+01,6.607423e+01,6.567342e+01,6.486831e+01,6.422299e+01,6.372875e+01,6.322167e+01,6.236859e+01,6.164424e+01,6.094965e+01,6.052214e+01,5.970833e+01,5.926542e+01,5.835218e+01,5.774362e+01,5.693549e+01,5.632023e+01,5.537421e+01,5.495150e+01,5.410184e+01,5.355600e+01,5.261301e+01,5.213282e+01,5.132432e+01,5.071750e+01,4.986289e+01,4.908860e+01,4.844577e+01,4.787424e+01,4.724992e+01,4.635774e+01,4.592812e+01,4.520436e+01,4.470657e+01,4.418097e+01,4.369171e+01,4.325219e+01,4.274598e+01,4.228979e+01,4.172684e+01,4.126657e+01,4.135877e+01,4.034040e+01,3.998114e+01,3.979440e+01,3.940659e+01,3.923232e+01,3.888294e+01,3.897711e+01,3.823506e+01,3.788254e+01,3.777385e+01,3.732436e+01,3.711944e+01,3.672218e+01,3.636478e+01,3.636478e+01,3.636478e+01,3.636478e+01,3.636478e+01,3.636478e+01,3.636478e+01,3.636478e+01,3.636478e+01,3.636478e+01,3.636478e+01,3.636478e+01,3.636478e+01,3.672218e+01,3.672218e+01,3.672218e+01,3.672218e+01,3.728341e+01,3.722878e+01,3.717413e+01,3.717413e+01,3.717413e+01,3.717413e+01,3.717413e+01,3.717413e+01,3.717413e+01,3.773306e+01,3.740622e+01,3.740622e+01,3.740622e+01,3.740622e+01,3.740622e+01,3.740622e+01,3.740622e+01,3.740622e+01,3.740622e+01,3.740622e+01,3.740622e+01,3.740622e+01,3.796399e+01,3.793685e+01,3.785538e+01,3.785538e+01,3.785538e+01,3.841090e+01,3.830272e+01,3.830272e+01,3.830272e+01,3.885602e+01,3.880216e+01,3.880216e+01,3.880216e+01,3.880216e+01,3.880216e+01,3.935300e+01,3.929938e+01,3.929938e+01,3.929938e+01,3.984778e+01,3.978105e+01,3.978105e+01,3.978105e+01,3.978105e+01,3.978105e+01,3.978105e+01,3.978105e+01,3.978105e+01,3.978105e+01,3.978105e+01,3.978105e+01,3.978105e+01,3.978105e+01,3.978105e+01,3.923232e+01,3.928597e+01,3.928597e+01,3.928597e+01,3.928597e+01,3.928597e+01,3.928597e+01,3.928597e+01,3.928597e+01,3.928597e+01,3.920548e+01,3.888294e+01,3.888294e+01,3.888294e+01,3.888294e+01,3.888294e+01,3.888294e+01,3.888294e+01,3.888294e+01,3.888294e+01,3.888294e+01,3.888294e+01,3.888294e+01,3.832978e+01,3.837035e+01,3.837035e+01,3.837035e+01,3.837035e+01,3.837035e+01,3.837035e+01,3.837035e+01,3.837035e+01,3.837035e+01,3.837035e+01,3.837035e+01,3.837035e+01,3.837035e+01,3.837035e+01,3.837035e+01,3.837035e+01,3.837035e+01,3.803182e+01,3.803182e+01,3.803182e+01,3.803182e+01,3.803182e+01,3.803182e+01,3.803182e+01,3.803182e+01,3.803182e+01,3.803182e+01,3.803182e+01,3.747440e+01,3.750165e+01,3.758338e+01,3.758338e+01,3.758338e+01,3.758338e+01,3.758338e+01,3.758338e+01,3.758338e+01,3.758338e+01,3.758338e+01,3.758338e+01,3.758338e+01,3.758338e+01,3.758338e+01,3.758338e+01,3.758338e+01,3.758338e+01,3.758338e+01,3.702368e+01,3.718779e+01,3.718779e+01,3.718779e+01,3.718779e+01,3.718779e+01,3.718779e+01,3.718779e+01,3.718779e+01,3.718779e+01,3.718779e+01,3.718779e+01,3.718779e+01,3.718779e+01,3.718779e+01,3.718779e+01,3.718779e+01,3.718779e+01,3.718779e+01,3.718779e+01,3.718779e+01,3.718779e+01,3.718779e+01,3.718779e+01,3.718779e+01,3.718779e+01,3.718779e+01,3.718779e+01
3.588183e+01,3.588183e+01,3.588183e+01,3.588183e+01,3.588183e+01,3.588183e+01,3.588183e+01,3.588183e+01,3.588183e+01,3.588183e+01,3.644736e+01,3.633725e+01,3.633725e+01,3.633725e+01,3.633725e+01,3.633725e+01,3.690044e+01,3.687303e+01,3.685933e+01,3.685933e+01,3.741986e+01,3.731071e+01,3.731071e+01,3.731071e+01,3.731071e+01,3.731071e+01,3.731071e+01,3.762422e+01,3.762422e+01,3.762422e+01,3.762422e+01,3.762422e+01,3.762422e+01,3.816735e+01,3.816735e+01,3.816735e+01,3.816735e+01,3.816735e+01,3.885602e+01,3.885602e+01,3.885602e+01,3.932619e+01,3.974099e+01,3.990114e+01,4.006107e+01,4.023407e+01,4.059254e+01,4.075150e+01,4.079120e+01,4.112152e+01,4.112152e+01,4.112152e+01,4.112152e+01,4.112152e+01,4.166120e+01,4.150351e+01,4.150351e+01,4.150351e+01,4.150351e+01,4.150351e+01,4.150351e+01,4.204139e+01,4.193663e+01,4.193663e+01,4.193663e+01,4.193663e+01,4.193663e+01,4.247248e+01,4.231591e+01,4.231591e+01,4.231591e+01,4.231591e+01,4.177932e+01,4.176620e+01,4.177932e+01,4.177932e+01,4.124021e+01,4.122703e+01,4.125339e+01,4.125339e+01,4.125339e+01,4.125339e+01,4.125339e+01,4.125339e+01,4.071178e+01,4.069854e+01,4.071178e+01,4.071178e+01,4.071178e+01,4.071178e+01,4.071178e+01,4.071178e+01,4.125339e+01,4.125339e+01,4.159552e+01,4.185801e+01,4.227673e+01,4.268092e+01,4.308371e+01,4.330399e+01,4.376910e+01,4.418097e+01,4.469378e+01,4.489828e+01,4.547152e+01,4.624417e+01,4.658456e+01,4.707452e+01,4.771223e+01,4.792405e+01,4.855727e+01,4.895290e+01,4.950708e+01,5.011990e+01,5.088771e+01,5.136063e+01,5.180764e+01,5.273277e+01,5.318681e+01,5.367486e+01,5.411368e+01,5.488091e+01,5.585394e+01,5.634350e+01,5.679644e+01,5.755935e+01,5.796211e+01,5.847812e+01,5.892369e+01,5.983298e+01,6.014976e+01,6.062352e+01,6.101702e+01,6.149889e+01,6.229077e+01,6.273486e+01,6.343135e+01,6.392667e+01,6.479190e+01,6.544543e+01,6.626880e+01,6.682937e+01,6.741984e+01,6.837009e+01,6.893294e+01,6.947245e+01,7.030416e+01,7.099532e+01,7.155836e+01,7.250227e+01,7.301830e+01,7.360437e+01,7.448421e+01,7.499336e+01,7.546024e+01,7.626873e+01,7.671155e+01,7.751334e+01,7.803225e+01,7.863871e+01,7.907467e+01,7.983462e+01,8.020828e+01,8.067899e+01,8.148956e+01,8.185927e+01,8.264442e+01,8.302106e+01,8.342567e+01,8.410731e+01,8.445181e+01,8.478604e+01,8.535737e+01,8.586983e+01,8.622003e+01,8.667321e+01,8.698404e+01,8.754765e+01,8.776319e+01,8.814671e+01,8.818408e+01,8.837079e+01,8.889246e+01,8.887386e+01,8.892036e+01,8.892036e+01,8.930119e+01,8.930119e+01,8.930119e+01,8.930119e+01,8.930119e+01,8.930119e+01,8.930119e+01,8.930119e+01,8.930119e+01,8.930119e+01,8.930119e+01,8.930119e+01,8.930119e+01,8.930119e+01,8.930119e+01,8.930119e+01,8.930119e+01,8.930119e+01,8.892036e+01,8.897614e+01,8.897614e+01,8.897614e+01,8.897614e+01,8.897614e+01,8.897614e+01,8.897614e+01,8.897614e+01,8.897614e+01,8.870634e+01,8.870634e+01,8.870634e+01,8.870634e+01,8.870634e+01,8.870634e+01,8.870634e+01,8.840811e+01,8.840811e+01,8.840811e+01,8.840811e+01,8.813737e+01,8.809999e+01,8.818408e+01,8.813737e+01,8.775383e+01,8.786618e+01,8.786618e+01,8.786618e+01,8.786618e+01,8.745386e+01,8.745386e+01,8.745386e+01,8.724730e+01,8.708752e+01,8.693698e+01,8.679573e+01,8.679573e+01,8.679573e+01,8.679573e+01,8.640901e+01,8.640901e+01,8.640901e+01,8.602137e+01,8.598350e+01,8.599297e+01,8.599297e+01,8.566125e+01,8.566125e+01,8.566125e+01,8.566125e+01,8.526229e+01,8.526229e+01,8.526229e+01,8.526229e+01,8.526229e+01,8.495765e+01,8.484326e+01,8.481465e+01,8.481465e+01,8.444225e+01,8.444225e+01,8.444225e+01,8.444225e+01,8.404982e+01,8.405940e+01,8.405940e+01,8.405940e+01,8.405940e+01,8.366602e+01,8.372365e+01,8.356992e+01,8.349300e+01,8.349300e+01,8.349300e+01,8.349300e+01,8.349300e+01,8.349300e+01,8.349300e+01,8.349300e+01,8.333906e+01,8.334868e+01,8.322350e+01,8.322350e+01,8.322350e+01,8.322350e+01,8.322350e+01,8.322350e+01,8.322350e+01,8.322350e+01,8.322350e+01,8.322350e+01,8.322350e+01,8.322350e+01,8.322350e+01,8.322350e+01,8.322350e+01,8.322350e+01,8.322350e+01,8.282803e+01,8.305964e+01,8.305964e+01,8.305964e+01,8.305964e+01,8.305964e+01,8.305964e+01,8.305964e+01,8.305964e+01,8.305964e+01,8.305964e+01,8.345453e+01,8.344491e+01,8.344491e+01,8.344491e+01,8.344491e+01,8.344491e+01,8.344491e+01,8.344491e+01,8.344491e+01,8.368523e+01,8.368523e+01,8.368523e+01,8.407857e+01,8.407857e+01,8.407857e+01,8.407857e+01,8.407857e+01,8.407857e+01,8.439445e+01,8.439445e+01,8.439445e+01,8.439445e+01,8.474788e+01,8.484326e+01,8.462379e+01,8.485280e+01,8.497671e+01,8.497671e+01,8.497671e+01,8.524327e+01,8.537638e+01,8.537638e+01,8.537638e+01,8.592668e+01,8.553787e+01,8.580350e+01,8.597403e+01,8.622948e+01,8.622948e+01,8.622948e+01,8.622948e+01,8.622948e+01,8.622948e+01,8.622948e+01,8.633344e+01,8.656004e+01,8.656004e+01,8.656004e+01,8.627675e+01,8.627675e+01,8.627675e+01,8.627675e+01,8.627675e+01,8.627675e+01,8.594562e+01,8.594562e+01,8.594562e+01,8.594562e+01,8.555686e+01,8.539539e+01,8.536687e+01,8.525278e+01,8.510052e+01,8.498624e+01,8.474788e+01,8.455693e+01,8.427966e+01,8.404024e+01,8.378126e+01,8.347377e+01,8.331980e+01,8.297282e+01,8.272176e+01,8.207291e+01,8.171344e+01,8.096268e+01,8.049284e+01,8.012969e+01,7.952911e+01,7.910435e+01,7.867840e+01,7.792263e+01,7.748335e+01,7.706286e+01,7.631911e+01,7.579427e+01,7.491202e+01,7.440260e+01,7.378896e+01,7.339899e+01,7.266759e+01,7.216068e+01,7.129797e+01,7.083853e+01,7.034615e+01,6.945133e+01,6.896473e+01,6.817841e+01,6.753763e+01,6.710881e+01,6.616074e+01,6.574934e+01,6.493376e+01,6.427780e+01,6.377276e+01,6.325480e+01,6.239082e+01,6.211273e+01,6.111802e+01,6.069106e+01,5.987828e+01,5.896931e+01,5.827196e+01,5.773211e+01,5.692390e+01,5.630860e+01,5.536249e+01,5.493974e+01,5.409000e+01,5.354411e+01,5.260102e+01,5.212078e+01,5.131221e+01,5.070533e+01,4.985064e+01,4.907627e+01,4.843337e+01,4.786179e+01,4.723740e+01,4.634513e+01,4.591546e+01,4.519162e+01,4.469378e+01,4.416813e+01,4.367881e+01,4.323924e+01,4.273298e+01,4.227673e+01,4.171371e+01,4.145090e+01,4.124021e+01,4.094987e+01,4.048645e+01,4.007439e+01,3.919206e+01,3.903089e+01,3.897711e+01,3.876175e+01,3.831625e+01,3.805894e+01,3.773306e+01,3.751528e+01,3.714679e+01,3.672218e+01,3.646112e+01,3.646112e+01,3.646112e+01,3.646112e+01,3.646112e+01,3.646112e+01,3.646112e+01,3.646112e+01,3.646112e+01,3.646112e+01,3.646112e+01,3.646112e+01,3.646112e+01,3.646112e+01,3.702368e+01,3.685933e+01,3.707841e+01,3.711944e+01,3.711944e+01,3.711944e+01,3.711944e+01,3.711944e+01,3.711944e+01,3.711944e+01,3.711944e+01,3.711944e+01,3.773306e+01,3.750165e+01,3.750165e+01,3.750165e+01,3.750165e+01,3.750165e+01,3.750165e+01,3.750165e+01,3.750165e+01,3.750165e+01,3.750165e+01,3.750165e+01,3.750165e+01,3.796399e+01,3.796399e+01,3.796399e+01,3.796399e+01,3.796399e+01,3.841090e+01,3.841090e+01,3.841090e+01,3.841090e+01,3.885602e+01,3.885602e+01,3.885602e+01,3.885602e+01,3.885602e+01,3.885602e+01,3.935300e+01,3.935300e+01,3.935300e+01,3.935300e+01,3.935300e+01,3.978105e+01,3.978105e+01,3.978105e+01,3.978105e+01,3.978105e+01,3.978105e+01,3.978105e+01,3.978105e+01,3.978105e+01,3.978105e+01,3.923232e+01,3.955385e+01,3.955385e+01,3.955385e+01,3.955385e+01,3.955385e+01,3.955385e+01,3.955385e+01,3.955385e+01,3.900400e+01,3.916521e+01,3.916521e+01,3.916521e+01,3.916521e+01,3.916521e+01,3.916521e+01,3.916521e+01,3.916521e+01,3.916521e+01,3.916521e+01,3.916521e+01,3.888294e+01,3.888294e+01,3.888294e+01,3.888294e+01,3.888294e+01,3.888294e+01,3.888294e+01,3.888294e+01,3.837035e+01,3.837035e+01,3.837035e+01,3.837035e+01,3.837035e+01,3.837035e+01,3.837035e+01,3.837035e+01,3.837035e+01,3.837035e+01,3.837035e+01,3.837035e+01,3.837035e+01,3.837035e+01,3.837035e+01,3.837035e+01,3.837035e+01,3.837035e+01,3.803182e+01,3.803182e+01,3.803182e+01,3.803182e+01,3.803182e+01,3.803182e+01,3.803182e+01,3.803182e+01,3.803182e+01,3.803182e+01,3.803182e+01,3.803182e+01,3.803182e+01,3.758338e+01,3.758338e+01,3.758338e+01,3.758338e+01,3.758338e+01,3.758338e+01,3.758338e+01,3.758338e+01,3.758338e+01,3.758338e+01,3.758338e+01,3.758338e+01,3.758338e+01,3.758338e+01,3.758338e+01,3.758338e+01,3.758338e+01,3.758338e+01,3.758338e+01,3.758338e+01,3.758338e+01,3.758338e+01,3.758338e+01,3.758338e+01,3.758338e+01,3.758338e+01,3.758338e+01,3.718779e+01,3.718779e+01,3.718779e+01,3.718779e+01,3.718779e+01,3.718779e+01,3.718779e+01,3.718779e+01,3.718779e+01,3.718779e+01,3.718779e+01,3.718779e+01,3.718779e+01,3.718779e+01,3.718779e+01,3.718779e+01
3.588183e+01,3.588183e+01,3.588183e+01,3.588183e+01,3.588183e+01,3.588183e+01,3.588183e+01,3.588183e+01,3.588183e+01,3.588183e+01,3.644736e+01,3.644736e+01,3.644736e+01,3.644736e+01,3.644736e+01,3.644736e+01,3.644736e+01,3.687303e+01,3.687303e+01,3.687303e+01,3.687303e+01,3.731071e+01,3.731071e+01,3.731071e+01,3.731071e+01,3.731071e+01,3.731071e+01,3.762422e+01,3.762422e+01,3.762422e+01,3.762422e+01,3.762422e+01,3.762422e+01,3.816735e+01,3.816735e+01,3.816735e+01,3.816735e+01,3.872132e+01,3.874828e+01,3.929938e+01,3.924573e+01,3.933960e+01,3.964746e+01,4.019417e+01,4.057928e+01,4.055276e+01,4.057928e+01,4.112152e+01,4.117429e+01,4.116110e+01,4.116110e+01,4.116110e+01,4.170059e+01,4.164807e+01,4.155610e+01,4.155610e+01,4.155610e+01,4.155610e+01,4.155610e+01,4.155610e+01,4.155610e+01,4.155610e+01,4.193663e+01,4.193663e+01,4.193663e+01,4.193663e+01,4.247248e+01,4.236813e+01,4.236813e+01,4.236813e+01,4.236813e+01,4.236813e+01,4.231591e+01,4.198902e+01,4.198902e+01,4.145090e+01,4.139826e+01,4.139826e+01,4.139826e+01,4.139826e+01,4.139826e+01,4.085734e+01,4.100272e+01,4.079120e+01,4.081766e+01,4.081766e+01,4.081766e+01,4.081766e+01,4.081766e+01,4.081766e+01,4.081766e+01,4.081766e+01,4.081766e+01,4.125339e+01,4.150351e+01,4.192353e+01,4.230285e+01,4.270695e+01,4.299288e+01,4.342044e+01,4.369171e+01,4.423236e+01,4.451455e+01,4.492382e+01,4.548423e+01,4.616840e+01,4.611785e+01,4.694908e+01,4.741256e+01,4.794894e+01,4.848294e+01,4.898993e+01,4.951937e+01,5.013213e+01,5.089986e+01,5.137273e+01,5.181969e+01,5.225304e+01,5.303166e+01,5.352032e+01,5.444475e+01,5.496326e+01,5.538594e+01,5.619217e+01,5.664564e+01,5.740944e+01,5.781266e+01,5.832926e+01,5.877534e+01,5.961760e+01,6.003671e+01,6.051087e+01,6.136459e+01,6.157718e+01,6.230189e+01,6.274594e+01,6.344238e+01,6.393765e+01,6.480282e+01,6.545629e+01,6.627960e+01,6.684013e+01,6.743055e+01,6.794380e+01,6.879509e+01,6.933512e+01,7.016763e+01,7.085944e+01,7.184945e+01,7.257462e+01,7.302860e+01,7.361463e+01,7.449442e+01,7.500352e+01,7.547037e+01,7.627881e+01,7.672160e+01,7.752335e+01,7.804221e+01,7.864864e+01,7.908456e+01,7.984447e+01,8.021810e+01,8.068878e+01,8.149931e+01,8.186899e+01,8.265409e+01,8.303071e+01,8.343529e+01,8.411689e+01,8.446137e+01,8.518619e+01,8.545239e+01,8.588879e+01,8.623894e+01,8.669206e+01,8.738816e+01,8.758516e+01,8.784746e+01,8.801585e+01,8.839878e+01,8.840811e+01,8.876220e+01,8.876220e+01,8.914339e+01,8.915268e+01,8.918982e+01,8.918982e+01,8.918982e+01,8.918982e+01,8.957002e+01,8.946810e+01,8.946810e+01,8.946810e+01,8.946810e+01,8.946810e+01,8.946810e+01,8.946810e+01,8.946810e+01,8.908766e+01,8.918982e+01,8.918982e+01,8.918982e+01,8.918982e+01,8.918982e+01,8.918982e+01,8.918982e+01,8.897614e+01,8.897614e+01,8.897614e+01,8.897614e+01,8.897614e+01,8.897614e+01,8.897614e+01,8.897614e+01,8.897614e+01,8.870634e+01,8.870634e+01,8.870634e+01,8.870634e+01,8.870634e+01,8.840811e+01,8.840811e+01,8.840811e+01,8.840811e+01,8.840811e+01,8.840811e+01,8.818408e+01,8.798780e+01,8.788490e+01,8.788490e+01,8.788490e+01,8.788490e+01,8.788490e+01,8.788490e+01,8.745386e+01,8.734122e+01,8.731305e+01,8.731305e+01,8.693698e+01,8.693698e+01,8.693698e+01,8.693698e+01,8.655060e+01,8.652229e+01,8.652229e+01,8.652229e+01,8.640901e+01,8.614438e+01,8.614438e+01,8.614438e+01,8.566125e+01,8.566125e+01,8.566125e+01,8.566125e+01,8.526229e+01,8.526229e+01,8.526229e+01,8.526229e+01,8.526229e+01,8.495765e+01,8.495765e+01,8.495765e+01,8.495765e+01,8.483372e+01,8.460469e+01,8.460469e+01,8.421265e+01,8.416478e+01,8.416478e+01,8.416478e+01,8.416478e+01,8.416478e+01,8.405940e+01,8.382925e+01,8.382925e+01,8.382925e+01,8.382925e+01,8.349300e+01,8.349300e+01,8.349300e+01,8.349300e+01,8.349300e+01,8.349300e+01,8.309821e+01,8.321386e+01,8.321386e+01,8.321386e+01,8.321386e+01,8.321386e+01,8.321386e+01,8.321386e+01,8.321386e+01,8.321386e+01,8.321386e+01,8.321386e+01,8.321386e+01,8.321386e+01,8.281837e+01,8.305000e+01,8.305000e+01,8.305000e+01,8.305000e+01,8.305000e+01,8.305000e+01,8.305000e+01,8.305000e+01,8.305000e+01,8.305000e+01,8.305000e+01,8.305000e+01,8.305000e+01,8.305000e+01,8.344491e+01,8.337756e+01,8.337756e+01,8.337756e+01,8.337756e+01,8.337756e+01,8.337756e+01,8.337756e+01,8.337756e+01,8.377165e+01,8.371404e+01,8.371404e+01,8.371404e+01,8.407857e+01,8.368523e+01,8.391560e+01,8.391560e+01,8.430836e+01,8.431793e+01,8.427966e+01,8.427966e+01,8.427966e+01,8.467152e+01,8.463334e+01,8.461424e+01,8.465244e+01,8.478604e+01,8.478604e+01,8.517667e+01,8.482419e+01,8.502434e+01,8.526229e+01,8.526229e+01,8.565176e+01,8.541439e+01,8.584141e+01,8.583193e+01,8.569920e+01,8.592668e+01,8.603083e+01,8.613492e+01,8.613492e+01,8.652229e+01,8.641846e+01,8.641846e+01,8.641846e+01,8.641846e+01,8.641846e+01,8.641846e+01,8.641846e+01,8.603083e+01,8.613492e+01,8.613492e+01,8.613492e+01,8.613492e+01,8.574661e+01,8.585088e+01,8.585088e+01,8.585088e+01,8.555686e+01,8.516715e+01,8.527180e+01,8.527180e+01,8.488140e+01,8.484326e+01,8.481465e+01,8.450916e+01,8.426051e+01,8.402106e+01,8.376205e+01,8.354108e+01,8.323313e+01,8.263475e+01,8.247028e+01,8.200497e+01,8.168426e+01,8.093336e+01,8.046342e+01,8.010021e+01,7.949952e+01,7.907467e+01,7.864864e+01,7.789272e+01,7.745336e+01,7.703278e+01,7.628888e+01,7.576393e+01,7.529801e+01,7.451482e+01,7.388116e+01,7.347091e+01,7.271922e+01,7.219176e+01,7.130840e+01,7.082807e+01,7.032516e+01,6.943021e+01,6.894353e+01,6.815710e+01,6.751622e+01,6.708733e+01,6.613912e+01,6.572765e+01,6.491195e+01,6.470453e+01,6.390469e+01,6.337620e+01,6.256849e+01,6.173360e+01,6.100580e+01,6.067980e+01,5.986696e+01,5.895790e+01,5.826050e+01,5.772060e+01,5.691232e+01,5.629696e+01,5.535077e+01,5.492798e+01,5.407816e+01,5.353221e+01,5.258904e+01,5.161454e+01,5.119107e+01,5.018102e+01,4.972805e+01,4.903927e+01,4.839618e+01,4.782441e+01,4.719983e+01,4.630728e+01,4.587748e+01,4.515340e+01,4.465540e+01,4.412957e+01,4.364009e+01,4.320038e+01,4.269394e+01,4.223754e+01,4.189733e+01,4.145090e+01,4.108194e+01,4.081766e+01,4.055276e+01,4.055276e+01,3.962072e+01,3.931279e+01,3.911150e+01,3.868088e+01,3.850547e+01,3.808606e+01,3.785538e+01,3.691414e+01,3.677706e+01,3.673590e+01,3.673590e+01,3.617186e+01,3.632347e+01,3.632347e+01,3.632347e+01,3.632347e+01,3.632347e+01,3.632347e+01,3.632347e+01,3.632347e+01,3.632347e+01,3.632347e+01,3.632347e+01,3.688674e+01,3.685933e+01,3.685933e+01,3.685933e+01,3.685933e+01,3.685933e+01,3.685933e+01,3.685933e+01,3.685933e+01,3.741986e+01,3.726975e+01,3.726975e+01,3.726975e+01,3.773306e+01,3.773306e+01,3.773306e+01,3.773306e+01,3.773306e+01,3.773306e+01,3.773306e+01,3.773306e+01,3.773306e+01,3.773306e+01,3.773306e+01,3.773306e+01,3.773306e+01,3.773306e+01,3.773306e+01,3.773306e+01,3.828920e+01,3.830272e+01,3.824860e+01,3.824860e+01,3.880216e+01,3.881563e+01,3.869437e+01,3.869437e+01,3.869437e+01,3.924573e+01,3.909807e+01,3.931279e+01,3.924573e+01,3.924573e+01,3.979440e+01,3.947355e+01,3.963409e+01,3.976770e+01,3.976770e+01,3.976770e+01,3.976770e+01,3.976770e+01,3.976770e+01,3.976770e+01,3.976770e+01,3.976770e+01,3.976770e+01,3.976770e+01,3.976770e+01,3.976770e+01,3.976770e+01,3.921890e+01,3.936640e+01,3.936640e+01,3.936640e+01,3.936640e+01,3.936640e+01,3.936640e+01,3.936640e+01,3.936640e+01,3.936640e+01,3.936640e+01,3.881563e+01,3.896367e+01,3.896367e+01,3.896367e+01,3.896367e+01,3.896367e+01,3.896367e+01,3.896367e+01,3.896367e+01,3.896367e+01,3.896367e+01,3.896367e+01,3.841090e+01,3.846495e+01,3.853247e+01,3.853247e+01,3.853247e+01,3.853247e+01,3.853247e+01,3.853247e+01,3.853247e+01,3.853247e+01,3.853247e+01,3.797756e+01,3.812671e+01,3.812671e+01,3.812671e+01,3.812671e+01,3.812671e+01,3.812671e+01,3.812671e+01,3.812671e+01,3.812671e+01,3.812671e+01,3.812671e+01,3.812671e+01,3.812671e+01,3.812671e+01,3.812671e+01,3.812671e+01,3.812671e+01,3.756976e+01,3.789612e+01,3.789612e+01,3.789612e+01,3.789612e+01,3.789612e+01,3.789612e+01,3.789612e+01,3.789612e+01,3.789612e+01,3.789612e+01,3.789612e+01,3.789612e+01,3.789612e+01,3.758338e+01,3.758338e+01,3.758338e+01,3.758338e+01,3.758338e+01,3.758338e+01,3.758338e+01,3.758338e+01,3.758338e+01,3.758338e+01,3.758338e+01,3.758338e+01,3.758338e+01,3.758338e+01,3.758338e+01,3.758338e+01,3.758338e+01,3.758338e+01,3.758338e+01,3.718779e+01,3.718779e+01,3.718779e+01,3.718779e+01,3.718779e+01,3.718779e+01,3.718779e+01,3.718779e+01,3.718779e+01,3.718779e+01,3.718779e+01,3.718779e+01,3.718779e+01,3.718779e+01
3.588183e+01,3.588183e+01,3.588183e+01,3.588183e+01,3.588183e+01,3.588183e+01,3.588183e+01,3.588183e+01,3.588183e+01,3.588183e+01,3.644736e+01,3.644736e+01,3.644736e+01,3.644736e+01,3.644736e+01,3.644736e+01,3.700999e+01,3.692784e+01,3.692784e+01,3.692784e+01,3.748802e+01,3.740622e+01,3.740622e+01,3.740622e+01,3.740622e+01,3.740622e+01,3.740622e+01,3.796399e+01,3.781462e+01,3.781462e+01,3.781462e+01,3.781462e+01,3.781462e+01,3.781462e+01,3.816735e+01,3.816735e+01,3.816735e+01,3.872132e+01,3.841090e+01,3.878869e+01,3.911150e+01,3.936640e+01,3.976770e+01,4.012764e+01,4.042009e+01,4.042009e+01,4.096309e+01,4.096309e+01,4.096309e+01,4.096309e+01,4.150351e+01,4.151666e+01,4.154295e+01,4.154295e+01,4.154295e+01,4.154295e+01,4.154295e+01,4.154295e+01,4.154295e+01,4.154295e+01,4.154295e+01,4.154295e+01,4.193663e+01,4.193663e+01,4.193663e+01,4.193663e+01,4.193663e+01,4.193663e+01,4.236813e+01,4.236813e+01,4.236813e+01,4.236813e+01,4.183178e+01,4.191043e+01,4.171371e+01,4.160866e+01,4.160866e+01,4.106874e+01,4.121385e+01,4.121385e+01,4.121385e+01,4.121385e+01,4.067204e+01,4.081766e+01,4.081766e+01,4.081766e+01,4.081766e+01,4.081766e+01,4.081766e+01,4.081766e+01,4.081766e+01,4.081766e+01,4.081766e+01,4.125339e+01,4.166120e+01,4.194973e+01,4.179244e+01,4.235508e+01,4.286300e+01,4.322629e+01,4.361427e+01,4.409100e+01,4.439919e+01,4.492382e+01,4.552234e+01,4.599140e+01,4.669781e+01,4.707452e+01,4.745005e+01,4.798627e+01,4.852011e+01,4.902694e+01,4.955622e+01,5.016879e+01,5.043736e+01,5.123954e+01,5.171112e+01,5.266092e+01,5.315102e+01,5.355600e+01,5.448017e+01,5.499854e+01,5.542110e+01,5.622711e+01,5.668045e+01,5.744405e+01,5.784716e+01,5.836363e+01,5.880959e+01,5.965163e+01,6.007064e+01,6.054467e+01,6.120774e+01,6.159953e+01,6.233524e+01,6.277918e+01,6.347545e+01,6.397061e+01,6.438734e+01,6.533672e+01,6.619317e+01,6.678633e+01,6.740912e+01,6.795448e+01,6.882691e+01,6.936683e+01,7.019915e+01,7.095353e+01,7.176634e+01,7.252294e+01,7.300800e+01,7.362489e+01,7.452502e+01,7.503402e+01,7.591555e+01,7.637955e+01,7.676178e+01,7.756332e+01,7.808205e+01,7.868832e+01,7.912413e+01,7.988383e+01,8.025739e+01,8.072794e+01,8.153826e+01,8.190785e+01,8.269276e+01,8.306928e+01,8.347377e+01,8.415520e+01,8.449960e+01,8.513860e+01,8.549039e+01,8.592668e+01,8.627675e+01,8.672977e+01,8.734122e+01,8.755703e+01,8.775383e+01,8.807195e+01,8.826813e+01,8.842677e+01,8.863184e+01,8.878082e+01,8.901333e+01,8.901333e+01,8.901333e+01,8.939394e+01,8.929191e+01,8.944029e+01,8.945883e+01,8.945883e+01,8.945883e+01,8.945883e+01,8.945883e+01,8.945883e+01,8.945883e+01,8.945883e+01,8.945883e+01,8.945883e+01,8.945883e+01,8.945883e+01,8.945883e+01,8.945883e+01,8.918982e+01,8.918982e+01,8.918982e+01,8.918982e+01,8.918982e+01,8.918982e+01,8.897614e+01,8.897614e+01,8.897614e+01,8.897614e+01,8.897614e+01,8.897614e+01,8.870634e+01,8.870634e+01,8.870634e+01,8.870634e+01,8.832413e+01,8.838012e+01,8.838012e+01,8.838012e+01,8.838012e+01,8.838012e+01,8.799715e+01,8.828680e+01,8.815605e+01,8.815605e+01,8.815605e+01,8.788490e+01,8.788490e+01,8.788490e+01,8.750076e+01,8.752890e+01,8.752890e+01,8.731305e+01,8.754765e+01,8.729427e+01,8.706870e+01,8.706870e+01,8.668264e+01,8.666378e+01,8.666378e+01,8.666378e+01,8.666378e+01,8.640901e+01,8.621058e+01,8.621058e+01,8.621058e+01,8.604976e+01,8.582246e+01,8.582246e+01,8.582246e+01,8.565176e+01,8.542390e+01,8.542390e+01,8.542390e+01,8.542390e+01,8.534786e+01,8.511956e+01,8.511956e+01,8.472879e+01,8.469062e+01,8.467152e+01,8.451871e+01,8.434663e+01,8.434663e+01,8.434663e+01,8.434663e+01,8.434663e+01,8.395396e+01,8.391560e+01,8.389641e+01,8.389641e+01,8.389641e+01,8.389641e+01,8.349300e+01,8.349300e+01,8.349300e+01,8.349300e+01,8.349300e+01,8.349300e+01,8.349300e+01,8.321386e+01,8.321386e+01,8.321386e+01,8.321386e+01,8.321386e+01,8.321386e+01,8.321386e+01,8.321386e+01,8.321386e+01,8.321386e+01,8.321386e+01,8.321386e+01,8.321386e+01,8.321386e+01,8.321386e+01,8.321386e+01,8.321386e+01,8.321386e+01,8.321386e+01,8.321386e+01,8.321386e+01,8.321386e+01,8.321386e+01,8.321386e+01,8.321386e+01,8.321386e+01,8.321386e+01,8.321386e+01,8.321386e+01,8.321386e+01,8.321386e+01,8.321386e+01,8.321386e+01,8.321386e+01,8.321386e+01,8.360837e+01,8.361798e+01,8.365641e+01,8.365641e+01,8.365641e+01,8.404982e+01,8.399231e+01,8.392519e+01,8.391560e+01,8.406898e+01,8.417435e+01,8.417435e+01,8.417435e+01,8.417435e+01,8.417435e+01,8.467152e+01,8.467152e+01,8.467152e+01,8.467152e+01,8.467152e+01,8.467152e+01,8.517667e+01,8.506244e+01,8.511956e+01,8.519570e+01,8.534786e+01,8.541439e+01,8.547140e+01,8.570868e+01,8.570868e+01,8.570868e+01,8.592668e+01,8.592668e+01,8.592668e+01,8.613492e+01,8.639012e+01,8.639012e+01,8.639012e+01,8.639012e+01,8.639012e+01,8.600243e+01,8.622948e+01,8.607816e+01,8.610654e+01,8.610654e+01,8.610654e+01,8.610654e+01,8.610654e+01,8.610654e+01,8.585088e+01,8.585088e+01,8.585088e+01,8.555686e+01,8.530033e+01,8.530033e+01,8.530033e+01,8.488140e+01,8.488140e+01,8.449004e+01,8.440401e+01,8.424137e+01,8.400189e+01,8.374285e+01,8.352185e+01,8.314641e+01,8.277007e+01,8.245092e+01,8.196613e+01,8.164534e+01,8.089426e+01,8.042420e+01,8.006089e+01,7.946004e+01,7.903509e+01,7.860894e+01,7.785283e+01,7.741335e+01,7.699266e+01,7.624857e+01,7.572347e+01,7.525742e+01,7.447401e+01,7.384019e+01,7.342982e+01,7.310069e+01,7.229534e+01,7.138135e+01,7.086990e+01,7.033565e+01,6.940909e+01,6.891174e+01,6.812513e+01,6.792245e+01,6.720541e+01,6.623640e+01,6.580354e+01,6.514083e+01,6.464989e+01,6.388271e+01,6.335414e+01,6.254630e+01,6.171126e+01,6.152127e+01,6.046579e+01,5.984431e+01,5.893510e+01,5.823757e+01,5.769758e+01,5.688915e+01,5.627368e+01,5.532732e+01,5.490445e+01,5.405447e+01,5.350842e+01,5.256507e+01,5.208469e+01,5.133643e+01,5.030315e+01,4.982613e+01,4.911326e+01,4.844577e+01,4.784933e+01,4.719983e+01,4.628204e+01,4.585214e+01,4.564930e+01,4.480885e+01,4.427088e+01,4.376910e+01,4.331693e+01,4.279800e+01,4.242032e+01,4.196283e+01,4.159552e+01,4.131926e+01,4.081766e+01,4.027396e+01,4.026067e+01,3.960735e+01,3.940659e+01,3.904433e+01,3.877522e+01,3.843793e+01,3.762422e+01,3.767866e+01,3.710577e+01,3.710577e+01,3.673590e+01,3.651613e+01,3.636478e+01,3.636478e+01,3.636478e+01,3.636478e+01,3.636478e+01,3.636478e+01,3.636478e+01,3.636478e+01,3.636478e+01,3.636478e+01,3.636478e+01,3.636478e+01,3.636478e+01,3.685933e+01,3.685933e+01,3.685933e+01,3.685933e+01,3.685933e+01,3.741986e+01,3.709209e+01,3.731071e+01,3.731071e+01,3.731071e+01,3.731071e+01,3.731071e+01,3.731071e+01,3.731071e+01,3.731071e+01,3.773306e+01,3.773306e+01,3.773306e+01,3.773306e+01,3.773306e+01,3.773306e+01,3.773306e+01,3.773306e+01,3.773306e+01,3.773306e+01,3.773306e+01,3.773306e+01,3.773306e+01,3.828920e+01,3.828920e+01,3.828920e+01,3.828920e+01,3.880216e+01,3.880216e+01,3.880216e+01,3.880216e+01,3.880216e+01,3.880216e+01,3.909807e+01,3.909807e+01,3.909807e+01,3.964746e+01,3.972763e+01,3.955385e+01,3.955385e+01,3.955385e+01,3.955385e+01,3.955385e+01,4.010102e+01,3.995448e+01,3.995448e+01,3.995448e+01,3.995448e+01,3.995448e+01,3.995448e+01,3.995448e+01,3.995448e+01,3.995448e+01,3.940659e+01,3.937980e+01,3.937980e+01,3.937980e+01,3.937980e+01,3.937980e+01,3.937980e+01,3.937980e+01,3.937980e+01,3.937980e+01,3.937980e+01,3.937980e+01,3.937980e+01,3.937980e+01,3.896367e+01,3.896367e+01,3.896367e+01,3.896367e+01,3.896367e+01,3.896367e+01,3.896367e+01,3.896367e+01,3.896367e+01,3.896367e+01,3.841090e+01,3.841090e+01,3.841090e+01,3.841090e+01,3.841090e+01,3.841090e+01,3.841090e+01,3.841090e+01,3.841090e+01,3.841090e+01,3.841090e+01,3.841090e+01,3.841090e+01,3.841090e+01,3.841090e+01,3.841090e+01,3.841090e+01,3.841090e+01,3.841090e+01,3.812671e+01,3.812671e+01,3.812671e+01,3.812671e+01,3.812671e+01,3.812671e+01,3.812671e+01,3.812671e+01,3.812671e+01,3.812671e+01,3.812671e+01,3.812671e+01,3.812671e+01,3.812671e+01,3.756976e+01,3.771946e+01,3.771946e+01,3.771946e+01,3.771946e+01,3.771946e+01,3.771946e+01,3.771946e+01,3.771946e+01,3.771946e+01,3.771946e+01,3.771946e+01,3.771946e+01,3.716046e+01,3.731071e+01,3.731071e+01,3.731071e+01,3.731071e+01,3.731071e+01,3.731071e+01,3.731071e+01,3.731071e+01,3.731071e+01,3.731071e+01,3.731071e+01,3.731071e+01,3.731071e+01,3.731071e+01,3.731071e+01,3.731071e+01,3.731071e+01,3.731071e+01,3.731071e+01,3.731071e+01,3.731071e+01,3.731071e+01,3.731071e+01,3.731071e+01,3.731071e+01,3.731071e+01,3.731071e+01,3.731071e+01,3.731071e+01
3.588183e+01,3.588183e+01,3.588183e+01,3.588183e+01,3.588183e+01,3.588183e+01,3.588183e+01,3.588183e+01,3.588183e+01,3.588183e+01,3.644736e+01,3.644736e+01,3.644736e+01,3.644736e+01,3.644736e+01,3.644736e+01,3.644736e+01,3.692784e+01,3.692784e+01,3.692784e+01,3.692784e+01,3.740622e+01,3.740622e+01,3.740622e+01,3.740622e+01,3.740622e+01,3.740622e+01,3.740622e+01,3.781462e+01,3.781462e+01,3.781462e+01,3.781462e+01,3.781462e+01,3.837035e+01,3.828920e+01,3.828920e+01,3.828920e+01,3.872132e+01,3.853247e+01,3.881563e+01,3.903089e+01,3.944677e+01,3.979440e+01,4.015426e+01,4.034040e+01,4.055276e+01,4.077797e+01,4.077797e+01,4.131926e+01,4.133244e+01,4.134560e+01,4.134560e+01,4.134560e+01,4.134560e+01,4.134560e+01,4.134560e+01,4.134560e+01,4.188422e+01,4.173996e+01,4.173996e+01,4.173996e+01,4.173996e+01,4.173996e+01,4.173996e+01,4.173996e+01,4.227673e+01,4.213297e+01,4.234202e+01,4.221141e+01,4.221141e+01,4.221141e+01,4.221141e+01,4.183178e+01,4.183178e+01,4.183178e+01,4.183178e+01,4.129292e+01,4.122703e+01,4.122703e+01,4.122703e+01,4.122703e+01,4.122703e+01,4.067204e+01,4.067204e+01,4.067204e+01,4.067204e+01,4.067204e+01,4.067204e+01,4.067204e+01,4.067204e+01,4.067204e+01,4.067204e+01,4.067204e+01,4.125339e+01,4.114791e+01,4.154295e+01,4.188422e+01,4.236813e+01,4.278500e+01,4.316150e+01,4.366590e+01,4.401382e+01,4.443766e+01,4.493658e+01,4.553505e+01,4.600405e+01,4.610521e+01,4.663491e+01,4.732501e+01,4.787424e+01,4.842097e+01,4.894056e+01,4.948251e+01,5.000982e+01,5.038857e+01,5.120319e+01,5.168699e+01,5.264894e+01,5.315102e+01,5.356789e+01,5.449198e+01,5.501030e+01,5.543281e+01,5.623875e+01,5.669206e+01,5.745558e+01,5.785866e+01,5.837508e+01,5.882100e+01,5.966297e+01,6.008194e+01,6.055594e+01,6.121895e+01,6.161071e+01,6.234636e+01,6.279026e+01,6.348647e+01,6.398159e+01,6.484648e+01,6.544543e+01,6.577103e+01,6.665713e+01,6.729121e+01,6.828493e+01,6.890114e+01,6.938796e+01,7.022015e+01,7.097443e+01,7.178712e+01,7.254362e+01,7.302860e+01,7.406541e+01,7.462695e+01,7.506450e+01,7.594585e+01,7.640977e+01,7.720316e+01,7.766322e+01,7.812188e+01,7.872798e+01,7.916369e+01,7.992320e+01,8.029665e+01,8.076709e+01,8.157721e+01,8.194670e+01,8.273141e+01,8.310785e+01,8.351224e+01,8.419350e+01,8.453783e+01,8.517667e+01,8.552837e+01,8.596456e+01,8.631455e+01,8.676746e+01,8.727548e+01,8.750076e+01,8.778192e+01,8.800650e+01,8.852933e+01,8.856661e+01,8.858525e+01,8.884595e+01,8.896685e+01,8.896685e+01,8.934757e+01,8.931974e+01,8.931974e+01,8.931974e+01,8.931974e+01,8.931974e+01,8.931974e+01,8.969965e+01,8.959781e+01,8.959781e+01,8.959781e+01,8.959781e+01,8.959781e+01,8.921767e+01,8.931974e+01,8.931974e+01,8.931974e+01,8.931974e+01,8.931974e+01,8.931974e+01,8.893896e+01,8.904121e+01,8.904121e+01,8.904121e+01,8.904121e+01,8.904121e+01,8.904121e+01,8.904121e+01,8.904121e+01,8.865977e+01,8.871565e+01,8.871565e+01,8.871565e+01,8.871565e+01,8.871565e+01,8.871565e+01,8.871565e+01,8.838012e+01,8.838012e+01,8.838012e+01,8.838012e+01,8.838012e+01,8.815605e+01,8.815605e+01,8.777256e+01,8.782874e+01,8.782874e+01,8.782874e+01,8.782874e+01,8.752890e+01,8.741632e+01,8.739754e+01,8.746323e+01,8.728487e+01,8.711572e+01,8.696522e+01,8.681457e+01,8.681457e+01,8.681457e+01,8.681457e+01,8.642789e+01,8.635234e+01,8.625784e+01,8.625784e+01,8.625784e+01,8.625784e+01,8.582246e+01,8.582246e+01,8.582246e+01,8.582246e+01,8.542390e+01,8.542390e+01,8.542390e+01,8.542390e+01,8.542390e+01,8.511956e+01,8.496718e+01,8.486234e+01,8.486234e+01,8.486234e+01,8.486234e+01,8.473833e+01,8.450916e+01,8.450916e+01,8.411689e+01,8.410731e+01,8.406898e+01,8.406898e+01,8.406898e+01,8.406898e+01,8.406898e+01,8.367562e+01,8.360837e+01,8.360837e+01,8.360837e+01,8.360837e+01,8.360837e+01,8.360837e+01,8.321386e+01,8.322350e+01,8.322350e+01,8.322350e+01,8.322350e+01,8.322350e+01,8.322350e+01,8.322350e+01,8.322350e+01,8.322350e+01,8.322350e+01,8.322350e+01,8.322350e+01,8.322350e+01,8.322350e+01,8.322350e+01,8.322350e+01,8.322350e+01,8.322350e+01,8.322350e+01,8.322350e+01,8.322350e+01,8.322350e+01,8.322350e+01,8.322350e+01,8.322350e+01,8.322350e+01,8.322350e+01,8.322350e+01,8.322350e+01,8.322350e+01,8.322350e+01,8.322350e+01,8.322350e+01,8.322350e+01,8.322350e+01,8.322350e+01,8.361798e+01,8.361798e+01,8.361798e+01,8.361798e+01,8.361798e+01,8.399231e+01,8.399231e+01,8.399231e+01,8.399231e+01,8.399231e+01,8.399231e+01,8.438489e+01,8.427966e+01,8.443269e+01,8.455693e+01,8.455693e+01,8.455693e+01,8.455693e+01,8.494812e+01,8.495765e+01,8.506244e+01,8.506244e+01,8.506244e+01,8.545239e+01,8.534786e+01,8.534786e+01,8.534786e+01,8.570868e+01,8.570868e+01,8.570868e+01,8.570868e+01,8.570868e+01,8.592668e+01,8.614438e+01,8.595509e+01,8.618221e+01,8.628620e+01,8.628620e+01,8.628620e+01,8.600243e+01,8.617275e+01,8.617275e+01,8.617275e+01,8.617275e+01,8.617275e+01,8.617275e+01,8.578454e+01,8.580350e+01,8.581298e+01,8.581298e+01,8.542390e+01,8.533836e+01,8.530984e+01,8.530984e+01,8.530984e+01,8.488140e+01,8.472879e+01,8.462379e+01,8.462379e+01,8.424137e+01,8.399231e+01,8.373325e+01,8.343529e+01,8.310785e+01,8.273141e+01,8.241219e+01,8.192728e+01,8.160641e+01,8.125562e+01,8.052225e+01,8.012969e+01,7.949952e+01,7.904498e+01,7.858909e+01,7.823135e+01,7.752335e+01,7.708291e+01,7.631911e+01,7.577405e+01,7.528786e+01,7.490184e+01,7.399379e+01,7.365567e+01,7.272955e+01,7.219176e+01,7.178712e+01,7.099532e+01,7.045105e+01,6.951468e+01,6.900711e+01,6.837009e+01,6.789043e+01,6.719468e+01,6.622559e+01,6.579271e+01,6.512994e+01,6.463897e+01,6.387172e+01,6.334310e+01,6.253520e+01,6.186753e+01,6.114046e+01,6.047706e+01,5.984431e+01,5.892369e+01,5.822610e+01,5.768607e+01,5.687757e+01,5.626204e+01,5.579553e+01,5.457458e+01,5.397153e+01,5.350842e+01,5.305554e+01,5.224102e+01,5.099701e+01,5.021767e+01,4.982613e+01,4.911326e+01,4.844577e+01,4.784933e+01,4.719983e+01,4.628204e+01,4.602935e+01,4.562392e+01,4.480885e+01,4.427088e+01,4.376910e+01,4.331693e+01,4.288898e+01,4.239423e+01,4.205447e+01,4.167433e+01,4.073826e+01,4.060579e+01,4.045991e+01,4.023407e+01,3.979440e+01,3.943338e+01,3.915179e+01,3.872132e+01,3.830272e+01,3.781462e+01,3.759700e+01,3.729706e+01,3.657112e+01,3.665354e+01,3.608907e+01,3.624080e+01,3.624080e+01,3.624080e+01,3.624080e+01,3.624080e+01,3.624080e+01,3.624080e+01,3.624080e+01,3.624080e+01,3.624080e+01,3.624080e+01,3.680449e+01,3.681820e+01,3.674962e+01,3.674962e+01,3.674962e+01,3.674962e+01,3.731071e+01,3.735165e+01,3.717413e+01,3.717413e+01,3.717413e+01,3.717413e+01,3.717413e+01,3.773306e+01,3.758338e+01,3.758338e+01,3.758338e+01,3.758338e+01,3.758338e+01,3.758338e+01,3.758338e+01,3.758338e+01,3.758338e+01,3.758338e+01,3.758338e+01,3.758338e+01,3.758338e+01,3.814026e+01,3.799113e+01,3.820798e+01,3.818090e+01,3.818090e+01,3.818090e+01,3.873480e+01,3.869437e+01,3.869437e+01,3.869437e+01,3.869437e+01,3.869437e+01,3.924573e+01,3.916521e+01,3.916521e+01,3.916521e+01,3.916521e+01,3.972763e+01,3.972763e+01,3.972763e+01,3.972763e+01,3.972763e+01,3.972763e+01,3.972763e+01,3.972763e+01,3.972763e+01,3.972763e+01,3.972763e+01,3.972763e+01,3.972763e+01,3.972763e+01,3.972763e+01,3.972763e+01,3.972763e+01,3.972763e+01,3.972763e+01,3.972763e+01,3.972763e+01,3.937980e+01,3.937980e+01,3.937980e+01,3.937980e+01,3.937980e+01,3.937980e+01,3.937980e+01,3.937980e+01,3.937980e+01,3.896367e+01,3.896367e+01,3.896367e+01,3.896367e+01,3.896367e+01,3.896367e+01,3.896367e+01,3.896367e+01,3.896367e+01,3.896367e+01,3.896367e+01,3.841090e+01,3.841090e+01,3.841090e+01,3.841090e+01,3.841090e+01,3.841090e+01,3.841090e+01,3.841090e+01,3.841090e+01,3.841090e+01,3.841090e+01,3.841090e+01,3.841090e+01,3.841090e+01,3.841090e+01,3.841090e+01,3.841090e+01,3.841090e+01,3.812671e+01,3.812671e+01,3.812671e+01,3.812671e+01,3.812671e+01,3.812671e+01,3.812671e+01,3.812671e+01,3.812671e+01,3.812671e+01,3.812671e+01,3.812671e+01,3.812671e+01,3.756976e+01,3.767866e+01,3.767866e+01,3.767866e+01,3.767866e+01,3.767866e+01,3.767866e+01,3.767866e+01,3.767866e+01,3.767866e+01,3.767866e+01,3.767866e+01,3.767866e+01,3.767866e+01,3.767866e+01,3.767866e+01,3.767866e+01,3.767866e+01,3.767866e+01,3.767866e+01,3.767866e+01,3.767866e+01,3.767866e+01,3.767866e+01,3.731071e+01,3.731071e+01,3.731071e+01,3.731071e+01,3.731071e+01,3.731071e+01,3.731071e+01,3.731071e+01,3.731071e+01,3.731071e+01,3.731071e+01,3.731071e+01,3.731071e+01,3.731071e+01,3.731071e+01,3.731071e+01,3.731071e+01,3.731071e+01,3.731071e+01,3.731071e+01
3.588183e+01,3.588183e+01,3.588183e+01,3.588183e+01,3.588183e+01,3.588183e+01,3.588183e+01,3.588183e+01,3.588183e+01,3.644736e+01,3.633725e+01,3.633725e+01,3.633725e+01,3.633725e+01,3.633725e+01,3.690044e+01,3.684562e+01,3.676334e+01,3.676334e+01,3.676334e+01,3.732436e+01,3.724244e+01,3.724244e+01,3.724244e+01,3.780103e+01,3.765144e+01,3.765144e+01,3.765144e+01,3.765144e+01,3.765144e+01,3.765144e+01,3.765144e+01,3.820798e+01,3.820798e+01,3.820798e+01,3.820798e+01,3.820798e+01,3.872132e+01,3.870784e+01,3.873480e+01,3.912493e+01,3.946016e+01,3.980775e+01,4.007439e+01,4.007439e+01,4.055276e+01,4.055276e+01,4.109513e+01,4.116110e+01,4.116110e+01,4.116110e+01,4.116110e+01,4.116110e+01,4.170059e+01,4.155610e+01,4.155610e+01,4.155610e+01,4.155610e+01,4.155610e+01,4.155610e+01,4.155610e+01,4.155610e+01,4.209373e+01,4.194973e+01,4.215912e+01,4.211989e+01,4.211989e+01,4.211989e+01,4.211989e+01,4.211989e+01,4.211989e+01,4.211989e+01,4.183178e+01,4.183178e+01,4.183178e+01,4.183178e+01,4.129292e+01,4.129292e+01,4.129292e+01,4.129292e+01,4.129292e+01,4.075150e+01,4.077797e+01,4.077797e+01,4.077797e+01,4.077797e+01,4.077797e+01,4.077797e+01,4.077797e+01,4.077797e+01,4.077797e+01,4.077797e+01,4.077797e+01,4.077797e+01,4.168746e+01,4.180556e+01,4.201521e+01,4.227673e+01,4.270695e+01,4.321333e+01,4.357553e+01,4.405242e+01,4.443766e+01,4.441201e+01,4.484719e+01,4.589014e+01,4.619366e+01,4.663491e+01,4.732501e+01,4.787424e+01,4.842097e+01,4.894056e+01,4.948251e+01,4.992413e+01,5.042516e+01,5.120319e+01,5.168699e+01,5.215687e+01,5.298389e+01,5.387667e+01,5.457458e+01,5.501030e+01,5.543281e+01,5.623875e+01,5.669206e+01,5.745558e+01,5.785866e+01,5.837508e+01,5.882100e+01,5.966297e+01,6.008194e+01,6.055594e+01,6.121895e+01,6.161071e+01,6.188984e+01,6.263506e+01,6.332103e+01,6.380575e+01,6.466083e+01,6.518439e+01,6.614993e+01,6.676480e+01,6.738769e+01,6.819972e+01,6.880569e+01,6.971510e+01,7.029366e+01,7.097443e+01,7.178712e+01,7.254362e+01,7.312129e+01,7.398355e+01,7.454541e+01,7.498319e+01,7.586503e+01,7.632919e+01,7.712300e+01,7.758331e+01,7.804221e+01,7.864864e+01,7.908456e+01,7.984447e+01,8.021810e+01,8.108969e+01,8.127512e+01,8.178151e+01,8.257672e+01,8.296317e+01,8.337756e+01,8.406898e+01,8.442313e+01,8.507196e+01,8.543340e+01,8.587931e+01,8.623894e+01,8.670149e+01,8.714393e+01,8.737878e+01,8.805325e+01,8.821210e+01,8.841743e+01,8.879942e+01,8.883665e+01,8.883665e+01,8.921767e+01,8.922695e+01,8.923623e+01,8.923623e+01,8.923623e+01,8.923623e+01,8.961633e+01,8.951443e+01,8.952370e+01,8.958855e+01,8.958855e+01,8.958855e+01,8.958855e+01,8.958855e+01,8.958855e+01,8.958855e+01,8.958855e+01,8.958855e+01,8.958855e+01,8.958855e+01,8.931974e+01,8.917125e+01,8.906908e+01,8.906908e+01,8.906908e+01,8.906908e+01,8.906908e+01,8.906908e+01,8.906908e+01,8.906908e+01,8.906908e+01,8.865977e+01,8.865977e+01,8.904121e+01,8.881804e+01,8.881804e+01,8.881804e+01,8.843609e+01,8.842677e+01,8.849204e+01,8.849204e+01,8.810934e+01,8.821210e+01,8.847340e+01,8.830547e+01,8.815605e+01,8.790361e+01,8.790361e+01,8.790361e+01,8.790361e+01,8.790361e+01,8.790361e+01,8.780065e+01,8.755703e+01,8.755703e+01,8.755703e+01,8.711572e+01,8.711572e+01,8.711572e+01,8.711572e+01,8.681457e+01,8.666378e+01,8.656004e+01,8.656004e+01,8.656004e+01,8.656004e+01,8.656004e+01,8.625784e+01,8.595509e+01,8.595509e+01,8.595509e+01,8.595509e+01,8.581298e+01,8.558533e+01,8.558533e+01,8.558533e+01,8.558533e+01,8.511956e+01,8.511956e+01,8.511956e+01,8.511956e+01,8.486234e+01,8.486234e+01,8.447093e+01,8.448049e+01,8.432750e+01,8.425095e+01,8.425095e+01,8.425095e+01,8.425095e+01,8.425095e+01,8.385803e+01,8.384844e+01,8.379086e+01,8.379086e+01,8.379086e+01,8.379086e+01,8.339680e+01,8.350262e+01,8.374285e+01,8.348338e+01,8.337756e+01,8.337756e+01,8.337756e+01,8.337756e+01,8.337756e+01,8.337756e+01,8.337756e+01,8.337756e+01,8.337756e+01,8.337756e+01,8.337756e+01,8.298248e+01,8.308857e+01,8.308857e+01,8.308857e+01,8.308857e+01,8.308857e+01,8.308857e+01,8.308857e+01,8.308857e+01,8.308857e+01,8.308857e+01,8.308857e+01,8.308857e+01,8.308857e+01,8.308857e+01,8.308857e+01,8.308857e+01,8.308857e+01,8.308857e+01,8.308857e+01,8.348338e+01,8.337756e+01,8.337756e+01,8.337756e+01,8.337756e+01,8.337756e+01,8.337756e+01,8.361798e+01,8.361798e+01,8.361798e+01,8.361798e+01,8.399231e+01,8.399231e+01,8.399231e+01,8.399231e+01,8.399231e+01,8.399231e+01,8.427966e+01,8.427966e+01,8.427966e+01,8.455693e+01,8.455693e+01,8.455693e+01,8.455693e+01,8.455693e+01,8.506244e+01,8.506244e+01,8.506244e+01,8.506244e+01,8.534786e+01,8.534786e+01,8.534786e+01,8.570868e+01,8.570868e+01,8.570868e+01,8.570868e+01,8.570868e+01,8.592668e+01,8.608762e+01,8.606869e+01,8.612546e+01,8.612546e+01,8.612546e+01,8.612546e+01,8.612546e+01,8.612546e+01,8.612546e+01,8.612546e+01,8.612546e+01,8.612546e+01,8.612546e+01,8.578454e+01,8.578454e+01,8.578454e+01,8.578454e+01,8.542390e+01,8.542390e+01,8.542390e+01,8.503387e+01,8.502434e+01,8.499577e+01,8.472879e+01,8.472879e+01,8.433706e+01,8.423180e+01,8.397313e+01,8.371404e+01,8.333906e+01,8.309821e+01,8.272176e+01,8.240251e+01,8.191756e+01,8.159667e+01,8.124586e+01,8.051244e+01,8.011987e+01,7.948965e+01,7.903509e+01,7.857916e+01,7.822141e+01,7.751334e+01,7.707288e+01,7.630904e+01,7.576393e+01,7.527772e+01,7.447401e+01,7.390165e+01,7.363515e+01,7.270890e+01,7.217104e+01,7.176634e+01,7.097443e+01,7.043008e+01,6.949357e+01,6.898592e+01,6.834880e+01,6.786906e+01,6.717322e+01,6.620398e+01,6.577103e+01,6.510816e+01,6.461710e+01,6.384974e+01,6.332103e+01,6.296742e+01,6.200133e+01,6.125257e+01,6.056720e+01,5.991225e+01,5.943594e+01,5.843234e+01,5.788166e+01,5.706281e+01,5.643654e+01,5.538594e+01,5.458637e+01,5.397153e+01,5.349652e+01,5.255308e+01,5.222900e+01,5.109408e+01,5.040077e+01,4.988739e+01,4.915023e+01,4.845816e+01,4.783687e+01,4.717478e+01,4.645860e+01,4.605464e+01,4.552234e+01,4.478329e+01,4.424520e+01,4.374331e+01,4.329104e+01,4.286300e+01,4.248552e+01,4.211989e+01,4.160866e+01,4.146405e+01,4.101593e+01,4.072502e+01,4.030054e+01,3.995448e+01,3.956723e+01,3.925914e+01,3.880216e+01,3.824860e+01,3.800470e+01,3.706473e+01,3.683191e+01,3.668100e+01,3.647488e+01,3.628214e+01,3.628214e+01,3.628214e+01,3.628214e+01,3.628214e+01,3.628214e+01,3.628214e+01,3.628214e+01,3.628214e+01,3.628214e+01,3.628214e+01,3.628214e+01,3.680449e+01,3.680449e+01,3.680449e+01,3.680449e+01,3.680449e+01,3.680449e+01,3.731071e+01,3.731071e+01,3.731071e+01,3.731071e+01,3.731071e+01,3.731071e+01,3.731071e+01,3.731071e+01,3.731071e+01,3.786896e+01,3.771946e+01,3.771946e+01,3.771946e+01,3.771946e+01,3.771946e+01,3.771946e+01,3.771946e+01,3.771946e+01,3.771946e+01,3.771946e+01,3.771946e+01,3.771946e+01,3.771946e+01,3.820798e+01,3.820798e+01,3.820798e+01,3.820798e+01,3.873480e+01,3.873480e+01,3.873480e+01,3.873480e+01,3.873480e+01,3.873480e+01,3.924573e+01,3.924573e+01,3.924573e+01,3.924573e+01,3.924573e+01,3.972763e+01,3.972763e+01,3.972763e+01,3.972763e+01,3.972763e+01,3.972763e+01,3.972763e+01,3.972763e+01,3.972763e+01,3.972763e+01,3.972763e+01,3.972763e+01,3.972763e+01,3.972763e+01,3.972763e+01,3.972763e+01,3.972763e+01,3.972763e+01,3.972763e+01,3.972763e+01,3.972763e+01,3.937980e+01,3.937980e+01,3.937980e+01,3.937980e+01,3.937980e+01,3.937980e+01,3.937980e+01,3.937980e+01,3.882909e+01,3.890985e+01,3.890985e+01,3.890985e+01,3.890985e+01,3.890985e+01,3.890985e+01,3.890985e+01,3.890985e+01,3.890985e+01,3.890985e+01,3.890985e+01,3.890985e+01,3.841090e+01,3.841090e+01,3.841090e+01,3.841090e+01,3.841090e+01,3.841090e+01,3.841090e+01,3.841090e+01,3.841090e+01,3.841090e+01,3.841090e+01,3.841090e+01,3.841090e+01,3.841090e+01,3.841090e+01,3.841090e+01,3.841090e+01,3.841090e+01,3.841090e+01,3.812671e+01,3.812671e+01,3.812671e+01,3.812671e+01,3.812671e+01,3.812671e+01,3.812671e+01,3.812671e+01,3.812671e+01,3.756976e+01,3.762422e+01,3.767866e+01,3.767866e+01,3.823506e+01,3.790970e+01,3.790970e+01,3.790970e+01,3.790970e+01,3.790970e+01,3.790970e+01,3.790970e+01,3.790970e+01,3.790970e+01,3.735165e+01,3.750165e+01,3.750165e+01,3.750165e+01,3.750165e+01,3.750165e+01,3.750165e+01,3.750165e+01,3.750165e+01,3.750165e+01,3.750165e+01,3.750165e+01,3.750165e+01,3.750165e+01,3.750165e+01,3.750165e+01,3.750165e+01,3.750165e+01,3.750165e+01,3.750165e+01,3.750165e+01,3.750165e+01,3.750165e+01,3.750165e+01,3.750165e+01,3.750165e+01,3.750165e+01,3.750165e+01,3.694154e+01,3.709209e+01,3.709209e+01,3.709209e+01
3.588183e+01,3.588183e+01,3.588183e+01,3.588183e+01,3.588183e+01,3.588183e+01,3.588183e+01,3.588183e+01,3.588183e+01,3.588183e+01,3.633725e+01,3.633725e+01,3.633725e+01,3.633725e+01,3.690044e+01,3.679078e+01,3.679078e+01,3.679078e+01,3.679078e+01,3.735165e+01,3.724244e+01,3.724244e+01,3.724244e+01,3.724244e+01,3.780103e+01,3.780103e+01,3.780103e+01,3.780103e+01,3.780103e+01,3.780103e+01,3.780103e+01,3.780103e+01,3.780103e+01,3.780103e+01,3.820798e+01,3.820798e+01,3.876175e+01,3.865392e+01,3.865392e+01,3.920548e+01,3.932619e+01,3.948694e+01,3.972763e+01,3.972763e+01,4.007439e+01,4.036697e+01,4.056602e+01,4.091023e+01,4.091023e+01,4.145090e+01,4.130609e+01,4.130609e+01,4.130609e+01,4.130609e+01,4.130609e+01,4.184489e+01,4.170059e+01,4.170059e+01,4.170059e+01,4.170059e+01,4.170059e+01,4.170059e+01,4.209373e+01,4.209373e+01,4.209373e+01,4.209373e+01,4.209373e+01,4.209373e+01,4.209373e+01,4.209373e+01,4.209373e+01,4.209373e+01,4.209373e+01,4.155610e+01,4.170059e+01,4.150351e+01,4.145090e+01,4.145090e+01,4.091023e+01,4.105554e+01,4.085734e+01,4.085734e+01,4.085734e+01,4.085734e+01,4.085734e+01,4.085734e+01,4.031383e+01,4.063230e+01,4.063230e+01,4.008770e+01,4.040681e+01,4.055276e+01,4.055276e+01,4.109513e+01,4.152981e+01,4.152981e+01,4.201521e+01,4.247248e+01,4.273298e+01,4.312261e+01,4.361427e+01,4.396235e+01,4.427088e+01,4.498763e+01,4.510242e+01,4.580146e+01,4.623154e+01,4.666007e+01,4.735003e+01,4.789914e+01,4.844577e+01,4.896524e+01,4.950708e+01,4.994862e+01,5.044955e+01,5.122743e+01,5.171112e+01,5.218092e+01,5.300777e+01,5.390039e+01,5.411368e+01,5.486914e+01,5.531559e+01,5.614557e+01,5.662242e+01,5.740944e+01,5.783566e+01,5.837508e+01,5.884383e+01,5.968565e+01,6.010455e+01,6.057847e+01,6.124137e+01,6.153245e+01,6.192329e+01,6.265725e+01,6.334310e+01,6.382775e+01,6.468268e+01,6.520616e+01,6.617155e+01,6.678633e+01,6.740912e+01,6.822103e+01,6.926112e+01,6.980993e+01,7.032516e+01,7.100577e+01,7.181829e+01,7.257462e+01,7.315217e+01,7.401425e+01,7.457599e+01,7.501369e+01,7.589534e+01,7.635941e+01,7.715306e+01,7.761327e+01,7.807209e+01,7.867840e+01,7.911423e+01,7.987399e+01,8.024757e+01,8.095291e+01,8.169398e+01,8.186899e+01,8.260574e+01,8.299212e+01,8.340643e+01,8.409773e+01,8.445181e+01,8.510052e+01,8.585088e+01,8.596456e+01,8.627675e+01,8.673920e+01,8.707811e+01,8.779129e+01,8.797845e+01,8.825879e+01,8.852001e+01,8.866909e+01,8.866909e+01,8.905050e+01,8.910624e+01,8.910624e+01,8.910624e+01,8.910624e+01,8.948664e+01,8.949590e+01,8.950517e+01,8.950517e+01,8.950517e+01,8.950517e+01,8.950517e+01,8.950517e+01,8.950517e+01,8.950517e+01,8.950517e+01,8.950517e+01,8.950517e+01,8.950517e+01,8.912482e+01,8.914339e+01,8.957928e+01,8.932902e+01,8.932902e+01,8.932902e+01,8.932902e+01,8.932902e+01,8.906908e+01,8.906908e+01,8.906908e+01,8.906908e+01,8.906908e+01,8.906908e+01,8.906908e+01,8.868771e+01,8.874358e+01,8.874358e+01,8.874358e+01,8.874358e+01,8.874358e+01,8.874358e+01,8.849204e+01,8.824011e+01,8.836146e+01,8.841743e+01,8.841743e+01,8.815605e+01,8.795974e+01,8.795974e+01,8.795974e+01,8.795974e+01,8.795974e+01,8.795974e+01,8.757578e+01,8.756641e+01,8.756641e+01,8.718153e+01,8.757578e+01,8.735061e+01,8.724730e+01,8.712512e+01,8.688049e+01,8.688049e+01,8.688049e+01,8.656004e+01,8.656004e+01,8.656004e+01,8.617275e+01,8.608762e+01,8.601190e+01,8.601190e+01,8.601190e+01,8.601190e+01,8.601190e+01,8.558533e+01,8.558533e+01,8.558533e+01,8.558533e+01,8.511956e+01,8.511956e+01,8.511956e+01,8.511956e+01,8.511956e+01,8.486234e+01,8.460469e+01,8.460469e+01,8.460469e+01,8.460469e+01,8.460469e+01,8.425095e+01,8.425095e+01,8.425095e+01,8.425095e+01,8.425095e+01,8.418393e+01,8.395396e+01,8.395396e+01,8.395396e+01,8.379086e+01,8.377165e+01,8.373325e+01,8.354108e+01,8.354108e+01,8.354108e+01,8.354108e+01,8.354108e+01,8.354108e+01,8.314641e+01,8.325240e+01,8.325240e+01,8.325240e+01,8.325240e+01,8.325240e+01,8.325240e+01,8.325240e+01,8.325240e+01,8.325240e+01,8.325240e+01,8.325240e+01,8.325240e+01,8.325240e+01,8.325240e+01,8.325240e+01,8.325240e+01,8.325240e+01,8.325240e+01,8.325240e+01,8.325240e+01,8.325240e+01,8.325240e+01,8.325240e+01,8.325240e+01,8.325240e+01,8.325240e+01,8.325240e+01,8.325240e+01,8.325240e+01,8.325240e+01,8.364680e+01,8.368523e+01,8.367562e+01,8.367562e+01,8.367562e+01,8.367562e+01,8.367562e+01,8.399231e+01,8.399231e+01,8.399231e+01,8.399231e+01,8.399231e+01,8.427966e+01,8.427966e+01,8.427966e+01,8.427966e+01,8.455693e+01,8.455693e+01,8.455693e+01,8.455693e+01,8.506244e+01,8.506244e+01,8.506244e+01,8.506244e+01,8.506244e+01,8.534786e+01,8.550938e+01,8.557584e+01,8.557584e+01,8.557584e+01,8.596456e+01,8.600243e+01,8.599297e+01,8.599297e+01,8.599297e+01,8.599297e+01,8.599297e+01,8.599297e+01,8.599297e+01,8.599297e+01,8.599297e+01,8.599297e+01,8.599297e+01,8.599297e+01,8.599297e+01,8.599297e+01,8.599297e+01,8.578454e+01,8.578454e+01,8.578454e+01,8.542390e+01,8.542390e+01,8.542390e+01,8.503387e+01,8.503387e+01,8.503387e+01,8.472879e+01,8.456648e+01,8.447093e+01,8.424137e+01,8.396355e+01,8.360837e+01,8.340643e+01,8.305964e+01,8.268309e+01,8.236377e+01,8.187870e+01,8.155773e+01,8.120683e+01,8.087469e+01,8.021810e+01,7.955871e+01,7.907467e+01,7.858909e+01,7.820151e+01,7.748335e+01,7.704280e+01,7.669144e+01,7.587513e+01,7.535886e+01,7.452502e+01,7.402448e+01,7.364541e+01,7.268825e+01,7.213995e+01,7.173516e+01,7.094308e+01,7.039861e+01,6.989417e+01,6.910242e+01,6.844455e+01,6.794380e+01,6.722687e+01,6.667867e+01,6.595519e+01,6.528233e+01,6.478098e+01,6.400356e+01,6.310013e+01,6.284565e+01,6.199018e+01,6.124137e+01,6.055594e+01,5.990093e+01,5.895790e+01,5.832926e+01,5.785866e+01,5.703967e+01,5.641329e+01,5.584226e+01,5.472784e+01,5.410184e+01,5.361544e+01,5.274473e+01,5.186792e+01,5.114259e+01,5.043736e+01,4.991189e+01,4.916256e+01,4.845816e+01,4.782441e+01,4.716225e+01,4.653419e+01,4.599140e+01,4.550964e+01,4.477051e+01,4.423236e+01,4.373041e+01,4.327810e+01,4.294094e+01,4.200212e+01,4.231591e+01,4.198902e+01,4.150351e+01,4.059254e+01,4.051298e+01,4.026067e+01,3.991448e+01,3.952709e+01,3.911150e+01,3.878869e+01,3.843793e+01,3.796399e+01,3.781462e+01,3.725610e+01,3.695523e+01,3.647488e+01,3.647488e+01,3.590948e+01,3.606146e+01,3.606146e+01,3.606146e+01,3.606146e+01,3.606146e+01,3.662607e+01,3.647488e+01,3.647488e+01,3.647488e+01,3.647488e+01,3.647488e+01,3.647488e+01,3.680449e+01,3.680449e+01,3.680449e+01,3.680449e+01,3.731071e+01,3.731071e+01,3.731071e+01,3.731071e+01,3.731071e+01,3.731071e+01,3.731071e+01,3.731071e+01,3.786896e+01,3.774666e+01,3.774666e+01,3.774666e+01,3.774666e+01,3.774666e+01,3.774666e+01,3.774666e+01,3.774666e+01,3.774666e+01,3.774666e+01,3.774666e+01,3.774666e+01,3.774666e+01,3.774666e+01,3.820798e+01,3.820798e+01,3.820798e+01,3.820798e+01,3.873480e+01,3.873480e+01,3.873480e+01,3.873480e+01,3.873480e+01,3.928597e+01,3.916521e+01,3.916521e+01,3.916521e+01,3.916521e+01,3.971427e+01,3.960735e+01,3.960735e+01,3.960735e+01,4.015426e+01,4.000779e+01,3.986113e+01,3.986113e+01,3.986113e+01,3.986113e+01,3.986113e+01,3.986113e+01,3.986113e+01,3.986113e+01,3.986113e+01,3.986113e+01,3.986113e+01,3.986113e+01,3.986113e+01,3.986113e+01,3.986113e+01,3.931279e+01,3.987447e+01,3.955385e+01,3.955385e+01,3.955385e+01,3.900400e+01,3.915179e+01,3.915179e+01,3.915179e+01,3.915179e+01,3.915179e+01,3.915179e+01,3.915179e+01,3.915179e+01,3.915179e+01,3.915179e+01,3.859996e+01,3.874828e+01,3.874828e+01,3.874828e+01,3.874828e+01,3.874828e+01,3.874828e+01,3.874828e+01,3.874828e+01,3.874828e+01,3.874828e+01,3.874828e+01,3.841090e+01,3.841090e+01,3.841090e+01,3.841090e+01,3.841090e+01,3.841090e+01,3.841090e+01,3.841090e+01,3.841090e+01,3.841090e+01,3.841090e+01,3.841090e+01,3.841090e+01,3.841090e+01,3.812671e+01,3.812671e+01,3.812671e+01,3.812671e+01,3.812671e+01,3.812671e+01,3.812671e+01,3.812671e+01,3.812671e+01,3.812671e+01,3.767866e+01,3.790970e+01,3.789612e+01,3.792327e+01,3.792327e+01,3.792327e+01,3.792327e+01,3.792327e+01,3.792327e+01,3.792327e+01,3.792327e+01,3.792327e+01,3.792327e+01,3.792327e+01,3.792327e+01,3.792327e+01,3.750165e+01,3.750165e+01,3.750165e+01,3.750165e+01,3.750165e+01,3.750165e+01,3.750165e+01,3.750165e+01,3.750165e+01,3.750165e+01,3.750165e+01,3.750165e+01,3.750165e+01,3.750165e+01,3.750165e+01,3.750165e+01,3.750165e+01,3.750165e+01,3.750165e+01,3.750165e+01,3.750165e+01,3.750165e+01,3.750165e+01,3.750165e+01,3.750165e+01,3.709209e+01,3.709209e+01,3.709209e+01
3.588183e+01,3.588183e+01,3.588183e+01,3.588183e+01,3.588183e+01,3.588183e+01,3.588183e+01,3.588183e+01,3.588183e+01,3.644736e+01,3.632347e+01,3.632347e+01,3.632347e+01,3.688674e+01,3.677706e+01,3.677706e+01,3.677706e+01,3.677706e+01,3.677706e+01,3.735165e+01,3.735165e+01,3.735165e+01,3.735165e+01,3.735165e+01,3.735165e+01,3.780103e+01,3.780103e+01,3.780103e+01,3.780103e+01,3.780103e+01,3.780103e+01,3.780103e+01,3.835683e+01,3.832978e+01,3.824860e+01,3.847846e+01,3.855947e+01,3.911150e+01,3.905777e+01,3.904433e+01,3.904433e+01,3.948694e+01,3.948694e+01,4.003443e+01,4.015426e+01,4.028725e+01,4.065880e+01,4.083089e+01,4.105554e+01,4.125339e+01,4.125339e+01,4.125339e+01,4.125339e+01,4.125339e+01,4.125339e+01,4.184489e+01,4.184489e+01,4.184489e+01,4.184489e+01,4.184489e+01,4.184489e+01,4.184489e+01,4.184489e+01,4.184489e+01,4.184489e+01,4.238118e+01,4.223754e+01,4.223754e+01,4.223754e+01,4.223754e+01,4.223754e+01,4.223754e+01,4.170059e+01,4.171371e+01,4.171371e+01,4.117429e+01,4.131926e+01,4.109513e+01,4.106874e+01,4.106874e+01,4.106874e+01,4.106874e+01,4.106874e+01,4.052624e+01,4.067204e+01,4.044664e+01,4.038025e+01,4.055276e+01,4.032712e+01,4.069854e+01,4.061905e+01,4.061905e+01,4.061905e+01,4.109513e+01,4.133244e+01,4.155610e+01,4.202830e+01,4.227673e+01,4.270695e+01,4.323924e+01,4.354969e+01,4.393660e+01,4.385932e+01,4.493658e+01,4.526802e+01,4.581414e+01,4.624417e+01,4.667265e+01,4.736254e+01,4.791159e+01,4.845816e+01,4.897758e+01,4.951937e+01,4.996087e+01,5.046174e+01,5.074183e+01,5.155413e+01,5.251711e+01,5.309135e+01,5.372237e+01,5.413736e+01,5.488091e+01,5.532732e+01,5.615722e+01,5.663403e+01,5.742097e+01,5.784716e+01,5.838654e+01,5.885524e+01,5.923128e+01,5.995752e+01,6.044324e+01,6.105070e+01,6.145414e+01,6.231301e+01,6.275702e+01,6.335414e+01,6.383874e+01,6.469360e+01,6.521704e+01,6.618236e+01,6.679709e+01,6.741984e+01,6.832751e+01,6.917651e+01,6.973618e+01,7.026216e+01,7.095353e+01,7.177673e+01,7.254362e+01,7.313158e+01,7.400402e+01,7.457599e+01,7.502385e+01,7.590545e+01,7.636948e+01,7.716309e+01,7.762326e+01,7.808205e+01,7.868832e+01,7.912413e+01,7.988383e+01,8.065941e+01,8.104086e+01,8.154800e+01,8.228626e+01,8.269276e+01,8.301141e+01,8.342567e+01,8.411689e+01,8.447093e+01,8.511956e+01,8.570868e+01,8.599297e+01,8.629565e+01,8.675804e+01,8.748200e+01,8.770699e+01,8.801585e+01,8.828680e+01,8.846407e+01,8.866909e+01,8.883665e+01,8.891106e+01,8.910624e+01,8.948664e+01,8.926407e+01,8.943102e+01,8.940321e+01,8.940321e+01,8.940321e+01,8.940321e+01,8.940321e+01,8.940321e+01,8.940321e+01,8.940321e+01,8.940321e+01,8.940321e+01,8.940321e+01,8.940321e+01,8.940321e+01,8.940321e+01,8.940321e+01,8.940321e+01,8.940321e+01,8.940321e+01,8.940321e+01,8.940321e+01,8.902262e+01,8.904121e+01,8.905979e+01,8.905979e+01,8.905979e+01,8.905979e+01,8.905979e+01,8.905979e+01,8.905979e+01,8.868771e+01,8.868771e+01,8.868771e+01,8.868771e+01,8.868771e+01,8.868771e+01,8.868771e+01,8.868771e+01,8.862252e+01,8.839878e+01,8.839878e+01,8.839878e+01,8.839878e+01,8.834280e+01,8.811868e+01,8.811868e+01,8.811868e+01,8.773510e+01,8.772573e+01,8.768826e+01,8.768826e+01,8.768826e+01,8.756641e+01,8.752890e+01,8.740694e+01,8.740694e+01,8.712512e+01,8.693698e+01,8.693698e+01,8.693698e+01,8.656004e+01,8.656004e+01,8.656004e+01,8.656004e+01,8.656004e+01,8.639957e+01,8.617275e+01,8.617275e+01,8.617275e+01,8.578454e+01,8.569920e+01,8.569920e+01,8.569920e+01,8.530984e+01,8.523376e+01,8.523376e+01,8.523376e+01,8.523376e+01,8.523376e+01,8.486234e+01,8.505292e+01,8.482419e+01,8.471925e+01,8.471925e+01,8.471925e+01,8.464288e+01,8.441357e+01,8.441357e+01,8.402106e+01,8.412646e+01,8.400189e+01,8.402106e+01,8.402106e+01,8.362759e+01,8.385803e+01,8.385803e+01,8.385803e+01,8.385803e+01,8.385803e+01,8.354108e+01,8.354108e+01,8.314641e+01,8.357954e+01,8.332943e+01,8.332943e+01,8.332943e+01,8.332943e+01,8.332943e+01,8.332943e+01,8.332943e+01,8.332943e+01,8.332943e+01,8.332943e+01,8.293423e+01,8.316568e+01,8.316568e+01,8.316568e+01,8.316568e+01,8.316568e+01,8.316568e+01,8.316568e+01,8.316568e+01,8.316568e+01,8.316568e+01,8.316568e+01,8.316568e+01,8.316568e+01,8.316568e+01,8.316568e+01,8.316568e+01,8.316568e+01,8.356031e+01,8.345453e+01,8.346415e+01,8.353147e+01,8.353147e+01,8.353147e+01,8.353147e+01,8.353147e+01,8.392519e+01,8.393478e+01,8.387722e+01,8.387722e+01,8.387722e+01,8.427009e+01,8.430836e+01,8.425095e+01,8.425095e+01,8.425095e+01,8.425095e+01,8.455693e+01,8.455693e+01,8.455693e+01,8.455693e+01,8.455693e+01,8.506244e+01,8.506244e+01,8.506244e+01,8.506244e+01,8.534786e+01,8.534786e+01,8.534786e+01,8.534786e+01,8.557584e+01,8.582246e+01,8.582246e+01,8.582246e+01,8.582246e+01,8.582246e+01,8.582246e+01,8.582246e+01,8.621058e+01,8.610654e+01,8.610654e+01,8.610654e+01,8.571816e+01,8.582246e+01,8.582246e+01,8.582246e+01,8.582246e+01,8.582246e+01,8.582246e+01,8.543340e+01,8.547140e+01,8.550938e+01,8.550938e+01,8.511956e+01,8.514812e+01,8.514812e+01,8.475742e+01,8.474788e+01,8.435619e+01,8.431793e+01,8.421265e+01,8.386763e+01,8.365641e+01,8.335831e+01,8.303071e+01,8.265409e+01,8.233471e+01,8.184955e+01,8.152853e+01,8.117756e+01,8.084536e+01,8.018864e+01,7.952911e+01,7.904498e+01,7.896580e+01,7.831093e+01,7.756332e+01,7.709293e+01,7.629896e+01,7.619816e+01,7.512545e+01,7.445361e+01,7.398355e+01,7.354279e+01,7.277083e+01,7.218140e+01,7.130840e+01,7.085944e+01,7.034615e+01,6.984153e+01,6.904948e+01,6.839137e+01,6.789043e+01,6.717322e+01,6.662481e+01,6.590105e+01,6.522793e+01,6.472638e+01,6.394864e+01,6.315539e+01,6.279026e+01,6.239082e+01,6.134220e+01,6.061226e+01,5.991225e+01,5.939049e+01,5.845523e+01,5.795062e+01,5.709752e+01,5.643654e+01,5.574878e+01,5.482206e+01,5.416103e+01,5.363921e+01,5.273277e+01,5.232511e+01,5.127588e+01,5.053487e+01,4.997311e+01,4.918720e+01,4.844577e+01,4.829693e+01,4.729998e+01,4.664749e+01,4.607993e+01,4.557314e+01,4.480885e+01,4.477051e+01,4.392372e+01,4.353678e+01,4.307073e+01,4.245945e+01,4.234202e+01,4.188422e+01,4.149036e+01,4.133244e+01,4.039353e+01,4.008770e+01,3.987447e+01,3.948694e+01,3.907120e+01,3.874828e+01,3.830272e+01,3.818090e+01,3.722878e+01,3.717413e+01,3.681820e+01,3.669473e+01,3.644736e+01,3.613047e+01,3.613047e+01,3.613047e+01,3.613047e+01,3.613047e+01,3.613047e+01,3.613047e+01,3.613047e+01,3.613047e+01,3.647488e+01,3.647488e+01,3.647488e+01,3.703736e+01,3.695523e+01,3.695523e+01,3.695523e+01,3.695523e+01,3.695523e+01,3.695523e+01,3.695523e+01,3.695523e+01,3.731071e+01,3.731071e+01,3.731071e+01,3.731071e+01,3.786896e+01,3.786896e+01,3.786896e+01,3.786896e+01,3.786896e+01,3.786896e+01,3.786896e+01,3.786896e+01,3.786896e+01,3.786896e+01,3.786896e+01,3.786896e+01,3.786896e+01,3.786896e+01,3.786896e+01,3.820798e+01,3.820798e+01,3.820798e+01,3.876175e+01,3.864043e+01,3.864043e+01,3.864043e+01,3.919206e+01,3.913836e+01,3.912493e+01,3.912493e+01,3.967419e+01,3.933960e+01,3.958060e+01,3.955385e+01,3.955385e+01,3.955385e+01,4.010102e+01,4.003443e+01,4.003443e+01,4.003443e+01,4.003443e+01,4.003443e+01,4.003443e+01,4.003443e+01,4.003443e+01,4.003443e+01,4.003443e+01,4.003443e+01,4.003443e+01,3.948694e+01,3.963409e+01,3.963409e+01,3.963409e+01,3.963409e+01,3.963409e+01,3.963409e+01,3.963409e+01,3.963409e+01,3.963409e+01,3.955385e+01,3.921890e+01,3.921890e+01,3.921890e+01,3.921890e+01,3.921890e+01,3.921890e+01,3.921890e+01,3.921890e+01,3.921890e+01,3.866740e+01,3.872132e+01,3.872132e+01,3.872132e+01,3.872132e+01,3.872132e+01,3.872132e+01,3.872132e+01,3.872132e+01,3.872132e+01,3.872132e+01,3.872132e+01,3.872132e+01,3.841090e+01,3.841090e+01,3.841090e+01,3.841090e+01,3.841090e+01,3.841090e+01,3.841090e+01,3.841090e+01,3.841090e+01,3.841090e+01,3.841090e+01,3.841090e+01,3.841090e+01,3.841090e+01,3.841090e+01,3.841090e+01,3.841090e+01,3.812671e+01,3.812671e+01,3.812671e+01,3.812671e+01,3.812671e+01,3.812671e+01,3.812671e+01,3.812671e+01,3.812671e+01,3.812671e+01,3.812671e+01,3.812671e+01,3.812671e+01,3.756976e+01,3.771946e+01,3.771946e+01,3.771946e+01,3.771946e+01,3.771946e+01,3.771946e+01,3.771946e+01,3.771946e+01,3.771946e+01,3.771946e+01,3.771946e+01,3.771946e+01,3.771946e+01,3.771946e+01,3.771946e+01,3.771946e+01,3.771946e+01,3.771946e+01,3.771946e+01,3.771946e+01,3.771946e+01,3.716046e+01,3.731071e+01,3.731071e+01,3.731071e+01,3.731071e+01,3.731071e+01,3.731071e+01,3.731071e+01,3.731071e+01,3.731071e+01,3.731071e+01,3.731071e+01,3.731071e+01,3.731071e+01,3.731071e+01,3.731071e+01
3.588183e+01,3.588183e+01,3.588183e+01,3.588183e+01,3.588183e+01,3.588183e+01,3.588183e+01,3.588183e+01,3.644736e+01,3.632347e+01,3.632347e+01,3.632347e+01,3.632347e+01,3.632347e+01,3.677706e+01,3.677706e+01,3.677706e+01,3.677706e+01,3.677706e+01,3.735165e+01,3.735165e+01,3.735165e+01,3.735165e+01,3.735165e+01,3.735165e+01,3.780103e+01,3.780103e+01,3.780103e+01,3.780103e+01,3.780103e+01,3.780103e+01,3.780103e+01,3.835683e+01,3.835683e+01,3.835683e+01,3.835683e+01,3.835683e+01,3.855947e+01,3.889640e+01,3.889640e+01,3.944677e+01,3.932619e+01,3.956723e+01,4.036697e+01,4.022078e+01,4.045991e+01,4.056602e+01,4.110833e+01,4.096309e+01,4.125339e+01,4.125339e+01,4.125339e+01,4.125339e+01,4.125339e+01,4.179244e+01,4.172684e+01,4.172684e+01,4.172684e+01,4.172684e+01,4.172684e+01,4.172684e+01,4.172684e+01,4.172684e+01,4.226367e+01,4.227673e+01,4.226367e+01,4.226367e+01,4.226367e+01,4.226367e+01,4.226367e+01,4.226367e+01,4.226367e+01,4.170059e+01,4.170059e+01,4.170059e+01,4.170059e+01,4.131926e+01,4.131926e+01,4.131926e+01,4.131926e+01,4.077797e+01,4.092345e+01,4.068529e+01,4.068529e+01,4.068529e+01,4.068529e+01,4.068529e+01,4.068529e+01,4.032712e+01,4.060579e+01,4.060579e+01,4.060579e+01,4.060579e+01,4.109513e+01,4.109513e+01,4.155610e+01,4.183178e+01,4.231591e+01,4.271996e+01,4.317446e+01,4.352386e+01,4.382066e+01,4.405242e+01,4.487273e+01,4.533165e+01,4.582681e+01,4.625679e+01,4.668523e+01,4.737504e+01,4.741256e+01,4.829693e+01,4.881705e+01,4.935955e+01,4.980162e+01,5.024210e+01,5.114259e+01,5.165076e+01,5.251711e+01,5.309135e+01,5.372237e+01,5.413736e+01,5.488091e+01,5.532732e+01,5.615722e+01,5.663403e+01,5.742097e+01,5.784716e+01,5.838654e+01,5.885524e+01,5.923128e+01,5.995752e+01,6.044324e+01,6.105070e+01,6.145414e+01,6.231301e+01,6.275702e+01,6.335414e+01,6.428876e+01,6.478098e+01,6.567342e+01,6.626880e+01,6.681861e+01,6.744126e+01,6.834880e+01,6.876326e+01,6.960965e+01,7.057684e+01,7.102666e+01,7.179751e+01,7.256429e+01,7.315217e+01,7.402448e+01,7.459638e+01,7.504418e+01,7.592565e+01,7.638963e+01,7.718312e+01,7.764324e+01,7.810197e+01,7.870815e+01,7.914391e+01,7.990352e+01,8.067899e+01,8.106039e+01,8.156747e+01,8.190785e+01,8.257672e+01,8.331017e+01,8.349300e+01,8.413605e+01,8.449004e+01,8.474788e+01,8.547140e+01,8.618221e+01,8.639957e+01,8.676746e+01,8.743509e+01,8.776319e+01,8.796909e+01,8.817474e+01,8.847340e+01,8.860388e+01,8.860388e+01,8.929191e+01,8.906908e+01,8.921767e+01,8.923623e+01,8.943102e+01,8.943102e+01,8.943102e+01,8.943102e+01,8.943102e+01,8.943102e+01,8.981068e+01,8.957928e+01,8.957928e+01,8.957928e+01,8.957928e+01,8.957928e+01,8.957928e+01,8.957928e+01,8.957928e+01,8.957928e+01,8.919910e+01,8.930119e+01,8.930119e+01,8.930119e+01,8.930119e+01,8.930119e+01,8.930119e+01,8.930119e+01,8.905979e+01,8.905979e+01,8.905979e+01,8.905979e+01,8.905979e+01,8.905979e+01,8.868771e+01,8.906908e+01,8.883665e+01,8.883665e+01,8.883665e+01,8.883665e+01,8.883665e+01,8.883665e+01,8.862252e+01,8.846407e+01,8.846407e+01,8.846407e+01,8.846407e+01,8.846407e+01,8.811868e+01,8.811868e+01,8.811868e+01,8.811868e+01,8.772573e+01,8.772573e+01,8.772573e+01,8.772573e+01,8.734122e+01,8.744447e+01,8.744447e+01,8.744447e+01,8.744447e+01,8.693698e+01,8.732244e+01,8.693698e+01,8.670149e+01,8.670149e+01,8.670149e+01,8.670149e+01,8.631455e+01,8.666378e+01,8.607816e+01,8.607816e+01,8.607816e+01,8.607816e+01,8.607816e+01,8.607816e+01,8.569920e+01,8.584141e+01,8.552837e+01,8.542390e+01,8.542390e+01,8.542390e+01,8.503387e+01,8.497671e+01,8.492906e+01,8.489094e+01,8.489094e+01,8.489094e+01,8.449960e+01,8.447093e+01,8.448049e+01,8.430836e+01,8.417435e+01,8.417435e+01,8.417435e+01,8.378126e+01,8.377165e+01,8.407857e+01,8.402106e+01,8.402106e+01,8.362759e+01,8.373325e+01,8.356031e+01,8.365641e+01,8.348338e+01,8.348338e+01,8.353147e+01,8.339680e+01,8.339680e+01,8.339680e+01,8.339680e+01,8.339680e+01,8.339680e+01,8.339680e+01,8.339680e+01,8.300177e+01,8.304035e+01,8.339680e+01,8.333906e+01,8.333906e+01,8.333906e+01,8.333906e+01,8.333906e+01,8.333906e+01,8.294388e+01,8.305000e+01,8.305000e+01,8.305000e+01,8.305000e+01,8.305000e+01,8.305000e+01,8.344491e+01,8.333906e+01,8.333906e+01,8.333906e+01,8.333906e+01,8.333906e+01,8.333906e+01,8.333906e+01,8.373325e+01,8.362759e+01,8.362759e+01,8.362759e+01,8.362759e+01,8.362759e+01,8.387722e+01,8.387722e+01,8.387722e+01,8.427009e+01,8.427009e+01,8.427009e+01,8.427009e+01,8.427009e+01,8.427009e+01,8.455693e+01,8.455693e+01,8.455693e+01,8.455693e+01,8.455693e+01,8.506244e+01,8.506244e+01,8.506244e+01,8.506244e+01,8.534786e+01,8.534786e+01,8.534786e+01,8.534786e+01,8.557584e+01,8.575610e+01,8.575610e+01,8.575610e+01,8.575610e+01,8.575610e+01,8.614438e+01,8.610654e+01,8.609708e+01,8.570868e+01,8.594562e+01,8.577506e+01,8.580350e+01,8.580350e+01,8.580350e+01,8.580350e+01,8.580350e+01,8.580350e+01,8.580350e+01,8.543340e+01,8.543340e+01,8.543340e+01,8.543340e+01,8.511956e+01,8.511956e+01,8.472879e+01,8.481465e+01,8.463334e+01,8.450916e+01,8.411689e+01,8.410731e+01,8.391560e+01,8.367562e+01,8.327165e+01,8.302106e+01,8.264442e+01,8.232502e+01,8.223779e+01,8.165507e+01,8.130438e+01,8.057124e+01,8.011987e+01,7.951925e+01,7.920323e+01,7.894599e+01,7.830098e+01,7.755332e+01,7.708291e+01,7.646011e+01,7.586503e+01,7.513560e+01,7.487132e+01,7.412677e+01,7.368644e+01,7.291524e+01,7.232639e+01,7.145426e+01,7.100577e+01,7.049299e+01,6.955690e+01,6.897533e+01,6.838072e+01,6.787975e+01,6.716248e+01,6.661404e+01,6.589022e+01,6.521704e+01,6.471545e+01,6.393765e+01,6.314434e+01,6.277918e+01,6.227965e+01,6.143176e+01,6.069106e+01,5.998016e+01,5.944730e+01,5.850101e+01,5.751324e+01,5.700495e+01,5.641329e+01,5.572541e+01,5.479851e+01,5.413736e+01,5.361544e+01,5.270882e+01,5.230109e+01,5.125166e+01,5.051050e+01,4.994862e+01,4.916256e+01,4.864392e+01,4.776210e+01,4.719983e+01,4.662232e+01,4.605464e+01,4.554774e+01,4.501315e+01,4.420667e+01,4.387220e+01,4.339457e+01,4.304479e+01,4.266791e+01,4.228979e+01,4.141142e+01,4.149036e+01,4.052624e+01,4.034040e+01,3.963409e+01,3.966082e+01,3.944677e+01,3.903089e+01,3.859996e+01,3.851897e+01,3.755614e+01,3.735165e+01,3.711944e+01,3.690044e+01,3.633725e+01,3.629592e+01,3.621323e+01,3.621323e+01,3.621323e+01,3.621323e+01,3.621323e+01,3.621323e+01,3.621323e+01,3.621323e+01,3.621323e+01,3.621323e+01,3.677706e+01,3.679078e+01,3.687303e+01,3.687303e+01,3.687303e+01,3.687303e+01,3.687303e+01,3.687303e+01,3.743349e+01,3.709209e+01,3.726975e+01,3.728341e+01,3.728341e+01,3.728341e+01,3.728341e+01,3.786896e+01,3.786896e+01,3.786896e+01,3.786896e+01,3.786896e+01,3.786896e+01,3.786896e+01,3.786896e+01,3.786896e+01,3.786896e+01,3.786896e+01,3.786896e+01,3.786896e+01,3.786896e+01,3.786896e+01,3.786896e+01,3.820798e+01,3.850547e+01,3.859996e+01,3.859996e+01,3.859996e+01,3.859996e+01,3.919206e+01,3.919206e+01,3.919206e+01,3.919206e+01,3.919206e+01,3.919206e+01,3.958060e+01,3.958060e+01,3.958060e+01,3.958060e+01,4.010102e+01,4.010102e+01,4.010102e+01,4.010102e+01,4.010102e+01,4.010102e+01,4.010102e+01,4.010102e+01,4.010102e+01,4.010102e+01,4.010102e+01,4.010102e+01,4.010102e+01,4.003443e+01,3.970091e+01,3.970091e+01,3.970091e+01,3.970091e+01,3.970091e+01,3.970091e+01,3.970091e+01,3.915179e+01,3.948694e+01,3.931279e+01,3.929938e+01,3.929938e+01,3.929938e+01,3.929938e+01,3.929938e+01,3.929938e+01,3.929938e+01,3.929938e+01,3.929938e+01,3.921890e+01,3.888294e+01,3.888294e+01,3.888294e+01,3.888294e+01,3.888294e+01,3.888294e+01,3.888294e+01,3.888294e+01,3.832978e+01,3.847846e+01,3.847846e+01,3.847846e+01,3.847846e+01,3.847846e+01,3.847846e+01,3.847846e+01,3.847846e+01,3.847846e+01,3.847846e+01,3.847846e+01,3.847846e+01,3.847846e+01,3.847846e+01,3.847846e+01,3.847846e+01,3.792327e+01,3.826213e+01,3.826213e+01,3.826213e+01,3.826213e+01,3.826213e+01,3.826213e+01,3.826213e+01,3.826213e+01,3.770586e+01,3.785538e+01,3.785538e+01,3.785538e+01,3.785538e+01,3.785538e+01,3.785538e+01,3.785538e+01,3.785538e+01,3.785538e+01,3.785538e+01,3.785538e+01,3.785538e+01,3.785538e+01,3.785538e+01,3.785538e+01,3.785538e+01,3.785538e+01,3.785538e+01,3.785538e+01,3.785538e+01,3.785538e+01,3.785538e+01,3.785538e+01,3.785538e+01,3.785538e+01,3.729706e+01,3.744713e+01,3.744713e+01,3.744713e+01,3.744713e+01,3.744713e+01,3.744713e+01,3.744713e+01,3.744713e+01,3.744713e+01,3.744713e+01,3.744713e+01,3.744713e+01,3.744713e+01,3.744713e+01,3.744713e+01,3.744713e+01,3.744713e+01,3.744713e+01,3.744713e+01
3.588183e+01,3.588183e+01,3.588183e+01,3.588183e+01,3.588183e+01,3.588183e+01,3.588183e+01,3.644736e+01,3.632347e+01,3.632347e+01,3.632347e+01,3.632347e+01,3.632347e+01,3.632347e+01,3.632347e+01,3.677706e+01,3.677706e+01,3.677706e+01,3.677706e+01,3.735165e+01,3.735165e+01,3.735165e+01,3.735165e+01,3.735165e+01,3.790970e+01,3.778744e+01,3.778744e+01,3.778744e+01,3.778744e+01,3.778744e+01,3.778744e+01,3.778744e+01,3.835683e+01,3.835683e+01,3.835683e+01,3.835683e+01,3.835683e+01,3.890985e+01,3.888294e+01,3.917863e+01,3.928597e+01,3.983444e+01,3.978105e+01,4.015426e+01,4.015426e+01,4.045991e+01,4.085734e+01,4.094987e+01,4.112152e+01,4.117429e+01,4.117429e+01,4.117429e+01,4.117429e+01,4.171371e+01,4.167433e+01,4.167433e+01,4.167433e+01,4.167433e+01,4.167433e+01,4.221141e+01,4.188422e+01,4.188422e+01,4.188422e+01,4.188422e+01,4.188422e+01,4.226367e+01,4.226367e+01,4.226367e+01,4.226367e+01,4.226367e+01,4.226367e+01,4.226367e+01,4.170059e+01,4.170059e+01,4.170059e+01,4.170059e+01,4.131926e+01,4.131926e+01,4.131926e+01,4.131926e+01,4.131926e+01,4.092345e+01,4.092345e+01,4.092345e+01,4.038025e+01,4.052624e+01,4.052624e+01,4.052624e+01,3.998114e+01,4.023407e+01,4.038025e+01,4.038025e+01,4.038025e+01,4.109513e+01,4.084412e+01,4.125339e+01,4.177932e+01,4.221141e+01,4.275899e+01,4.258978e+01,4.362718e+01,4.374331e+01,4.424520e+01,4.489828e+01,4.535710e+01,4.585214e+01,4.628204e+01,4.671038e+01,4.717478e+01,4.747505e+01,4.832175e+01,4.833416e+01,4.921183e+01,4.967898e+01,5.014435e+01,5.106982e+01,5.160246e+01,5.249313e+01,5.260102e+01,5.355600e+01,5.398338e+01,5.473962e+01,5.519825e+01,5.604066e+01,5.652952e+01,5.732864e+01,5.776664e+01,5.831780e+01,5.879817e+01,5.918576e+01,5.992357e+01,6.042068e+01,6.103947e+01,6.145414e+01,6.232413e+01,6.276810e+01,6.336517e+01,6.429971e+01,6.479190e+01,6.523881e+01,6.612831e+01,6.667867e+01,6.730194e+01,6.821038e+01,6.906007e+01,6.960965e+01,7.049299e+01,7.138135e+01,7.188060e+01,7.258495e+01,7.317275e+01,7.404495e+01,7.461676e+01,7.506450e+01,7.594585e+01,7.640977e+01,7.720316e+01,7.766322e+01,7.812188e+01,7.872798e+01,7.916369e+01,7.992320e+01,8.029665e+01,8.094314e+01,8.185927e+01,8.197584e+01,8.259607e+01,8.315604e+01,8.354108e+01,8.415520e+01,8.444225e+01,8.519570e+01,8.554736e+01,8.613492e+01,8.646566e+01,8.678631e+01,8.745386e+01,8.771636e+01,8.795039e+01,8.856661e+01,8.851069e+01,8.889246e+01,8.890176e+01,8.883665e+01,8.927335e+01,8.917125e+01,8.931046e+01,8.937539e+01,8.937539e+01,8.937539e+01,8.937539e+01,8.937539e+01,8.975517e+01,8.976443e+01,8.963485e+01,8.963485e+01,8.963485e+01,8.963485e+01,8.963485e+01,8.963485e+01,8.963485e+01,8.963485e+01,8.963485e+01,8.963485e+01,8.930119e+01,8.930119e+01,8.930119e+01,8.930119e+01,8.930119e+01,8.930119e+01,8.930119e+01,8.930119e+01,8.930119e+01,8.930119e+01,8.905979e+01,8.905979e+01,8.905979e+01,8.905979e+01,8.905979e+01,8.905979e+01,8.883665e+01,8.883665e+01,8.883665e+01,8.883665e+01,8.883665e+01,8.883665e+01,8.846407e+01,8.846407e+01,8.846407e+01,8.846407e+01,8.846407e+01,8.846407e+01,8.811868e+01,8.811868e+01,8.811868e+01,8.811868e+01,8.772573e+01,8.772573e+01,8.772573e+01,8.772573e+01,8.772573e+01,8.744447e+01,8.744447e+01,8.744447e+01,8.732244e+01,8.723791e+01,8.698404e+01,8.719093e+01,8.695580e+01,8.685224e+01,8.665435e+01,8.664493e+01,8.657890e+01,8.622948e+01,8.622948e+01,8.622948e+01,8.622948e+01,8.622948e+01,8.584141e+01,8.581298e+01,8.564227e+01,8.564227e+01,8.564227e+01,8.564227e+01,8.542390e+01,8.518619e+01,8.518619e+01,8.518619e+01,8.489094e+01,8.489094e+01,8.489094e+01,8.489094e+01,8.447093e+01,8.447093e+01,8.447093e+01,8.447093e+01,8.447093e+01,8.417435e+01,8.432750e+01,8.390601e+01,8.402106e+01,8.402106e+01,8.402106e+01,8.362759e+01,8.362759e+01,8.362759e+01,8.362759e+01,8.362759e+01,8.362759e+01,8.362759e+01,8.339680e+01,8.339680e+01,8.339680e+01,8.339680e+01,8.339680e+01,8.339680e+01,8.339680e+01,8.339680e+01,8.339680e+01,8.304035e+01,8.323313e+01,8.323313e+01,8.323313e+01,8.323313e+01,8.323313e+01,8.323313e+01,8.323313e+01,8.323313e+01,8.323313e+01,8.323313e+01,8.323313e+01,8.323313e+01,8.323313e+01,8.323313e+01,8.323313e+01,8.323313e+01,8.323313e+01,8.323313e+01,8.323313e+01,8.323313e+01,8.323313e+01,8.362759e+01,8.361798e+01,8.361798e+01,8.361798e+01,8.361798e+01,8.361798e+01,8.401148e+01,8.394437e+01,8.394437e+01,8.394437e+01,8.394437e+01,8.394437e+01,8.394437e+01,8.394437e+01,8.427009e+01,8.439445e+01,8.449960e+01,8.449960e+01,8.449960e+01,8.449960e+01,8.489094e+01,8.497671e+01,8.458559e+01,8.482419e+01,8.490047e+01,8.512908e+01,8.523376e+01,8.523376e+01,8.523376e+01,8.557584e+01,8.557584e+01,8.557584e+01,8.596456e+01,8.586036e+01,8.567074e+01,8.589826e+01,8.600243e+01,8.581298e+01,8.579402e+01,8.588879e+01,8.588879e+01,8.588879e+01,8.588879e+01,8.588879e+01,8.588879e+01,8.588879e+01,8.588879e+01,8.549989e+01,8.554736e+01,8.554736e+01,8.554736e+01,8.515764e+01,8.523376e+01,8.504339e+01,8.489094e+01,8.489094e+01,8.463334e+01,8.431793e+01,8.427966e+01,8.427966e+01,8.391560e+01,8.356031e+01,8.331980e+01,8.295352e+01,8.262508e+01,8.248964e+01,8.220871e+01,8.163560e+01,8.128488e+01,8.055165e+01,8.010021e+01,7.956857e+01,7.921312e+01,7.883703e+01,7.828109e+01,7.753334e+01,7.706286e+01,7.643997e+01,7.584481e+01,7.518638e+01,7.480009e+01,7.410632e+01,7.366592e+01,7.289462e+01,7.230569e+01,7.185983e+01,7.113107e+01,7.016763e+01,6.991523e+01,6.904948e+01,6.843391e+01,6.791177e+01,6.717322e+01,6.660326e+01,6.586856e+01,6.519527e+01,6.469360e+01,6.436544e+01,6.327688e+01,6.290101e+01,6.193444e+01,6.136459e+01,6.112924e+01,6.011586e+01,5.910606e+01,5.843234e+01,5.796211e+01,5.714378e+01,5.654113e+01,5.584226e+01,5.490445e+01,5.423202e+01,5.369862e+01,5.278064e+01,5.236114e+01,5.130010e+01,5.104555e+01,5.015657e+01,4.937185e+01,4.885411e+01,4.797383e+01,4.741256e+01,4.683607e+01,4.626942e+01,4.576344e+01,4.522983e+01,4.448893e+01,4.391084e+01,4.349801e+01,4.309667e+01,4.266791e+01,4.213297e+01,4.163493e+01,4.137194e+01,4.075150e+01,4.030054e+01,3.986113e+01,3.986113e+01,3.944677e+01,3.897711e+01,3.868088e+01,3.832978e+01,3.778744e+01,3.735165e+01,3.735165e+01,3.690044e+01,3.657112e+01,3.657112e+01,3.621323e+01,3.621323e+01,3.621323e+01,3.621323e+01,3.621323e+01,3.621323e+01,3.621323e+01,3.621323e+01,3.621323e+01,3.621323e+01,3.677706e+01,3.677706e+01,3.677706e+01,3.677706e+01,3.677706e+01,3.677706e+01,3.733801e+01,3.728341e+01,3.731071e+01,3.717413e+01,3.717413e+01,3.717413e+01,3.717413e+01,3.717413e+01,3.773306e+01,3.774666e+01,3.774666e+01,3.774666e+01,3.774666e+01,3.774666e+01,3.774666e+01,3.774666e+01,3.774666e+01,3.774666e+01,3.774666e+01,3.774666e+01,3.774666e+01,3.774666e+01,3.774666e+01,3.830272e+01,3.834330e+01,3.846495e+01,3.842442e+01,3.897711e+01,3.882909e+01,3.882909e+01,3.882909e+01,3.882909e+01,3.919206e+01,3.919206e+01,3.919206e+01,3.919206e+01,3.974099e+01,3.964746e+01,3.964746e+01,3.964746e+01,3.964746e+01,3.964746e+01,4.010102e+01,4.010102e+01,4.010102e+01,4.010102e+01,4.010102e+01,4.010102e+01,4.010102e+01,4.010102e+01,4.010102e+01,4.010102e+01,4.010102e+01,4.010102e+01,3.955385e+01,3.964746e+01,3.964746e+01,3.964746e+01,3.964746e+01,3.964746e+01,3.964746e+01,3.964746e+01,3.964746e+01,3.964746e+01,3.964746e+01,3.929938e+01,3.929938e+01,3.929938e+01,3.929938e+01,3.929938e+01,3.929938e+01,3.929938e+01,3.929938e+01,3.929938e+01,3.874828e+01,3.884256e+01,3.884256e+01,3.884256e+01,3.884256e+01,3.884256e+01,3.884256e+01,3.884256e+01,3.884256e+01,3.884256e+01,3.884256e+01,3.884256e+01,3.884256e+01,3.847846e+01,3.847846e+01,3.847846e+01,3.847846e+01,3.847846e+01,3.847846e+01,3.847846e+01,3.847846e+01,3.847846e+01,3.847846e+01,3.847846e+01,3.847846e+01,3.847846e+01,3.847846e+01,3.847846e+01,3.847846e+01,3.847846e+01,3.792327e+01,3.807250e+01,3.807250e+01,3.807250e+01,3.807250e+01,3.807250e+01,3.807250e+01,3.807250e+01,3.807250e+01,3.807250e+01,3.807250e+01,3.807250e+01,3.751528e+01,3.766505e+01,3.766505e+01,3.766505e+01,3.766505e+01,3.766505e+01,3.766505e+01,3.766505e+01,3.766505e+01,3.766505e+01,3.766505e+01,3.766505e+01,3.766505e+01,3.766505e+01,3.766505e+01,3.766505e+01,3.766505e+01,3.766505e+01,3.766505e+01,3.766505e+01,3.766505e+01,3.766505e+01,3.766505e+01,3.766505e+01,3.766505e+01,3.766505e+01,3.766505e+01,3.766505e+01,3.766505e+01,3.766505e+01,3.766505e+01,3.766505e+01,3.766505e+01,3.710577e+01,3.725610e+01,3.725610e+01,3.725610e+01,3.725610e+01,3.725610e+01
3.588183e+01,3.588183e+01,3.588183e+01,3.588183e+01,3.588183e+01,3.588183e+01,3.588183e+01,3.644736e+01,3.644736e+01,3.644736e+01,3.644736e+01,3.644736e+01,3.644736e+01,3.644736e+01,3.644736e+01,3.677706e+01,3.677706e+01,3.677706e+01,3.677706e+01,3.735165e+01,3.735165e+01,3.735165e+01,3.735165e+01,3.735165e+01,3.790970e+01,3.790970e+01,3.790970e+01,3.790970e+01,3.790970e+01,3.790970e+01,3.790970e+01,3.790970e+01,3.790970e+01,3.790970e+01,3.835683e+01,3.835683e+01,3.835683e+01,3.890985e+01,3.905777e+01,3.909807e+01,3.947355e+01,3.960735e+01,3.978105e+01,4.007439e+01,4.024737e+01,4.051298e+01,4.077797e+01,4.131926e+01,4.117429e+01,4.117429e+01,4.117429e+01,4.117429e+01,4.171371e+01,4.159552e+01,4.159552e+01,4.159552e+01,4.159552e+01,4.159552e+01,4.159552e+01,4.159552e+01,4.188422e+01,4.188422e+01,4.188422e+01,4.188422e+01,4.242032e+01,4.232896e+01,4.232896e+01,4.232896e+01,4.232896e+01,4.232896e+01,4.232896e+01,4.179244e+01,4.181867e+01,4.181867e+01,4.181867e+01,4.127974e+01,4.130609e+01,4.130609e+01,4.130609e+01,4.076473e+01,4.079120e+01,4.088379e+01,4.088379e+01,4.088379e+01,4.038025e+01,4.038025e+01,4.038025e+01,4.038025e+01,4.038025e+01,4.038025e+01,4.038025e+01,4.038025e+01,4.038025e+01,4.055276e+01,4.131926e+01,4.152981e+01,4.185801e+01,4.221141e+01,4.253766e+01,4.279800e+01,4.340751e+01,4.378199e+01,4.424520e+01,4.489828e+01,4.535710e+01,4.533165e+01,4.610521e+01,4.653419e+01,4.693653e+01,4.738755e+01,4.802359e+01,4.835897e+01,4.921183e+01,4.967898e+01,5.014435e+01,5.106982e+01,5.160246e+01,5.228908e+01,5.263697e+01,5.355600e+01,5.398338e+01,5.473962e+01,5.519825e+01,5.604066e+01,5.652952e+01,5.732864e+01,5.776664e+01,5.831780e+01,5.879817e+01,5.918576e+01,5.992357e+01,6.042068e+01,6.103947e+01,6.145414e+01,6.232413e+01,6.276810e+01,6.336517e+01,6.429971e+01,6.479190e+01,6.523881e+01,6.612831e+01,6.667867e+01,6.730194e+01,6.821038e+01,6.906007e+01,6.960965e+01,7.049299e+01,7.138135e+01,7.188060e+01,7.258495e+01,7.317275e+01,7.404495e+01,7.461676e+01,7.506450e+01,7.594585e+01,7.640977e+01,7.720316e+01,7.766322e+01,7.812188e+01,7.872798e+01,7.916369e+01,7.992320e+01,8.069857e+01,8.095291e+01,8.179123e+01,8.210202e+01,8.260574e+01,8.316568e+01,8.355070e+01,8.410731e+01,8.450916e+01,8.520522e+01,8.555686e+01,8.614438e+01,8.647511e+01,8.718153e+01,8.749138e+01,8.775383e+01,8.806260e+01,8.840811e+01,8.859457e+01,8.873427e+01,8.911552e+01,8.905979e+01,8.916196e+01,8.916196e+01,8.916196e+01,8.937539e+01,8.975517e+01,8.952370e+01,8.952370e+01,8.952370e+01,8.952370e+01,8.952370e+01,8.952370e+01,8.952370e+01,8.952370e+01,8.952370e+01,8.952370e+01,8.952370e+01,8.952370e+01,8.952370e+01,8.952370e+01,8.952370e+01,8.952370e+01,8.952370e+01,8.930119e+01,8.930119e+01,8.930119e+01,8.930119e+01,8.930119e+01,8.930119e+01,8.930119e+01,8.892036e+01,8.898544e+01,8.898544e+01,8.898544e+01,8.898544e+01,8.898544e+01,8.898544e+01,8.898544e+01,8.898544e+01,8.898544e+01,8.898544e+01,8.860388e+01,8.859457e+01,8.857593e+01,8.857593e+01,8.857593e+01,8.857593e+01,8.857593e+01,8.819342e+01,8.823077e+01,8.823077e+01,8.823077e+01,8.784746e+01,8.783810e+01,8.783810e+01,8.783810e+01,8.783810e+01,8.783810e+01,8.744447e+01,8.744447e+01,8.744447e+01,8.744447e+01,8.744447e+01,8.736938e+01,8.728487e+01,8.710632e+01,8.688049e+01,8.673920e+01,8.673920e+01,8.635234e+01,8.634290e+01,8.634290e+01,8.634290e+01,8.634290e+01,8.595509e+01,8.595509e+01,8.595509e+01,8.595509e+01,8.564227e+01,8.564227e+01,8.564227e+01,8.542390e+01,8.524327e+01,8.524327e+01,8.524327e+01,8.489094e+01,8.489094e+01,8.489094e+01,8.489094e+01,8.486234e+01,8.462379e+01,8.462379e+01,8.462379e+01,8.423180e+01,8.419350e+01,8.413605e+01,8.406898e+01,8.406898e+01,8.406898e+01,8.406898e+01,8.406898e+01,8.362759e+01,8.362759e+01,8.362759e+01,8.362759e+01,8.362759e+01,8.362759e+01,8.362759e+01,8.362759e+01,8.362759e+01,8.362759e+01,8.362759e+01,8.362759e+01,8.339680e+01,8.339680e+01,8.339680e+01,8.339680e+01,8.339680e+01,8.339680e+01,8.339680e+01,8.339680e+01,8.339680e+01,8.339680e+01,8.300177e+01,8.310785e+01,8.310785e+01,8.310785e+01,8.310785e+01,8.310785e+01,8.310785e+01,8.310785e+01,8.310785e+01,8.310785e+01,8.310785e+01,8.350262e+01,8.339680e+01,8.339680e+01,8.339680e+01,8.339680e+01,8.339680e+01,8.339680e+01,8.361798e+01,8.361798e+01,8.361798e+01,8.361798e+01,8.394437e+01,8.394437e+01,8.394437e+01,8.394437e+01,8.394437e+01,8.433706e+01,8.429879e+01,8.421265e+01,8.421265e+01,8.421265e+01,8.449960e+01,8.449960e+01,8.449960e+01,8.489094e+01,8.478604e+01,8.482419e+01,8.480511e+01,8.500529e+01,8.507196e+01,8.507196e+01,8.546190e+01,8.508148e+01,8.565176e+01,8.565176e+01,8.565176e+01,8.565176e+01,8.565176e+01,8.565176e+01,8.565176e+01,8.565176e+01,8.565176e+01,8.565176e+01,8.565176e+01,8.565176e+01,8.565176e+01,8.565176e+01,8.565176e+01,8.565176e+01,8.565176e+01,8.565176e+01,8.565176e+01,8.565176e+01,8.526229e+01,8.526229e+01,8.527180e+01,8.527180e+01,8.504339e+01,8.504339e+01,8.465244e+01,8.447093e+01,8.447093e+01,8.407857e+01,8.407857e+01,8.385803e+01,8.360837e+01,8.325240e+01,8.293423e+01,8.277973e+01,8.251867e+01,8.212142e+01,8.161614e+01,8.126537e+01,8.053205e+01,8.008055e+01,7.954884e+01,7.919335e+01,7.881721e+01,7.826120e+01,7.751334e+01,7.704280e+01,7.641983e+01,7.582460e+01,7.516607e+01,7.477973e+01,7.408587e+01,7.364541e+01,7.287399e+01,7.228498e+01,7.183907e+01,7.102666e+01,7.063969e+01,6.969402e+01,6.898592e+01,6.841264e+01,6.789043e+01,6.715175e+01,6.658170e+01,6.584689e+01,6.517350e+01,6.474822e+01,6.390469e+01,6.328792e+01,6.288994e+01,6.191214e+01,6.142057e+01,6.058973e+01,6.002541e+01,5.908327e+01,5.840944e+01,5.793913e+01,5.712065e+01,5.651790e+01,5.581889e+01,5.488091e+01,5.420836e+01,5.367486e+01,5.275670e+01,5.233712e+01,5.136063e+01,5.094844e+01,5.013213e+01,4.934724e+01,4.832175e+01,4.787424e+01,4.737504e+01,4.679838e+01,4.623154e+01,4.572541e+01,4.519162e+01,4.445048e+01,4.397522e+01,4.351093e+01,4.294094e+01,4.262885e+01,4.209373e+01,4.184489e+01,4.131926e+01,4.071178e+01,4.026067e+01,4.007439e+01,3.990114e+01,3.931279e+01,3.904433e+01,3.869437e+01,3.816735e+01,3.785538e+01,3.750165e+01,3.722878e+01,3.696893e+01,3.615807e+01,3.611667e+01,3.621323e+01,3.621323e+01,3.621323e+01,3.621323e+01,3.621323e+01,3.621323e+01,3.621323e+01,3.621323e+01,3.621323e+01,3.621323e+01,3.677706e+01,3.677706e+01,3.677706e+01,3.677706e+01,3.677706e+01,3.677706e+01,3.733801e+01,3.733801e+01,3.733801e+01,3.733801e+01,3.733801e+01,3.733801e+01,3.733801e+01,3.733801e+01,3.773306e+01,3.773306e+01,3.773306e+01,3.773306e+01,3.773306e+01,3.773306e+01,3.773306e+01,3.773306e+01,3.773306e+01,3.773306e+01,3.773306e+01,3.773306e+01,3.773306e+01,3.773306e+01,3.773306e+01,3.830272e+01,3.830272e+01,3.830272e+01,3.885602e+01,3.881563e+01,3.881563e+01,3.881563e+01,3.881563e+01,3.881563e+01,3.919206e+01,3.919206e+01,3.919206e+01,3.974099e+01,3.962072e+01,3.962072e+01,3.962072e+01,3.962072e+01,4.016756e+01,4.011433e+01,3.999446e+01,3.999446e+01,3.999446e+01,3.999446e+01,3.999446e+01,3.999446e+01,3.999446e+01,3.999446e+01,3.999446e+01,3.999446e+01,3.999446e+01,3.999446e+01,3.999446e+01,3.964746e+01,3.964746e+01,3.964746e+01,3.964746e+01,3.964746e+01,3.964746e+01,3.964746e+01,3.964746e+01,3.964746e+01,3.964746e+01,3.964746e+01,3.964746e+01,3.964746e+01,3.964746e+01,3.929938e+01,3.929938e+01,3.929938e+01,3.929938e+01,3.929938e+01,3.874828e+01,3.874828e+01,3.874828e+01,3.874828e+01,3.874828e+01,3.874828e+01,3.874828e+01,3.874828e+01,3.874828e+01,3.874828e+01,3.874828e+01,3.874828e+01,3.874828e+01,3.874828e+01,3.874828e+01,3.874828e+01,3.874828e+01,3.874828e+01,3.874828e+01,3.874828e+01,3.819444e+01,3.834330e+01,3.834330e+01,3.834330e+01,3.834330e+01,3.834330e+01,3.834330e+01,3.834330e+01,3.834330e+01,3.834330e+01,3.834330e+01,3.834330e+01,3.834330e+01,3.834330e+01,3.778744e+01,3.793685e+01,3.793685e+01,3.793685e+01,3.793685e+01,3.793685e+01,3.793685e+01,3.793685e+01,3.793685e+01,3.793685e+01,3.793685e+01,3.793685e+01,3.793685e+01,3.793685e+01,3.793685e+01,3.793685e+01,3.793685e+01,3.793685e+01,3.793685e+01,3.793685e+01,3.793685e+01,3.737894e+01,3.752890e+01,3.752890e+01,3.752890e+01,3.752890e+01,3.752890e+01,3.752890e+01,3.752890e+01,3.752890e+01,3.752890e+01,3.752890e+01,3.752890e+01,3.752890e+01,3.752890e+01,3.752890e+01,3.752890e+01,3.752890e+01,3.752890e+01,3.752890e+01,3.752890e+01,3.752890e+01,3.752890e+01,3.696893e+01,3.711944e+01,3.711944e+01,3.711944e+01
3.588183e+01,3.588183e+01,3.588183e+01,3.588183e+01,3.588183e+01,3.588183e+01,3.588183e+01,3.588183e+01,3.644736e+01,3.644736e+01,3.644736e+01,3.644736e+01,3.644736e+01,3.644736e+01,3.644736e+01,3.677706e+01,3.677706e+01,3.677706e+01,3.733801e+01,3.722878e+01,3.722878e+01,3.722878e+01,3.722878e+01,3.778744e+01,3.774666e+01,3.774666e+01,3.774666e+01,3.774666e+01,3.774666e+01,3.774666e+01,3.830272e+01,3.815381e+01,3.815381e+01,3.815381e+01,3.815381e+01,3.815381e+01,3.870784e+01,3.874828e+01,3.874828e+01,3.909807e+01,3.940659e+01,3.940659e+01,3.978105e+01,4.000779e+01,4.055276e+01,4.040681e+01,4.093666e+01,4.110833e+01,4.110833e+01,4.110833e+01,4.110833e+01,4.164807e+01,4.159552e+01,4.159552e+01,4.159552e+01,4.159552e+01,4.159552e+01,4.159552e+01,4.159552e+01,4.159552e+01,4.188422e+01,4.188422e+01,4.188422e+01,4.188422e+01,4.188422e+01,4.188422e+01,4.232896e+01,4.232896e+01,4.232896e+01,4.232896e+01,4.179244e+01,4.191043e+01,4.191043e+01,4.191043e+01,4.137194e+01,4.139826e+01,4.139826e+01,4.085734e+01,4.091023e+01,4.092345e+01,4.092345e+01,4.092345e+01,4.038025e+01,4.043336e+01,4.049971e+01,4.049971e+01,4.049971e+01,4.049971e+01,4.049971e+01,4.049971e+01,4.049971e+01,4.049971e+01,4.049971e+01,4.104234e+01,4.120066e+01,4.158238e+01,4.191043e+01,4.226367e+01,4.247248e+01,4.299288e+01,4.334282e+01,4.388509e+01,4.428371e+01,4.493658e+01,4.515340e+01,4.592812e+01,4.620629e+01,4.647121e+01,4.703690e+01,4.742506e+01,4.796139e+01,4.845816e+01,4.924878e+01,4.971579e+01,5.018102e+01,5.110621e+01,5.163869e+01,5.222900e+01,5.273277e+01,5.359167e+01,5.401893e+01,5.477496e+01,5.523347e+01,5.607564e+01,5.656437e+01,5.736327e+01,5.780116e+01,5.835218e+01,5.883242e+01,5.921990e+01,5.995752e+01,6.045451e+01,6.107314e+01,6.148771e+01,6.235748e+01,6.280134e+01,6.339826e+01,6.388271e+01,6.467175e+01,6.558661e+01,6.619317e+01,6.671098e+01,6.777293e+01,6.829558e+01,6.910242e+01,6.965184e+01,7.053492e+01,7.099532e+01,7.177673e+01,7.252294e+01,7.315217e+01,7.406541e+01,7.465752e+01,7.510514e+01,7.598625e+01,7.645004e+01,7.724322e+01,7.770315e+01,7.816170e+01,7.876765e+01,7.920323e+01,7.996255e+01,8.064961e+01,8.103108e+01,8.174261e+01,8.217962e+01,8.264442e+01,8.320422e+01,8.358915e+01,8.414562e+01,8.454738e+01,8.524327e+01,8.559483e+01,8.618221e+01,8.651286e+01,8.721912e+01,8.744447e+01,8.782874e+01,8.809999e+01,8.825879e+01,8.859457e+01,8.892966e+01,8.900403e+01,8.900403e+01,8.938467e+01,8.928263e+01,8.940321e+01,8.956076e+01,8.952370e+01,8.954223e+01,8.954223e+01,8.954223e+01,8.954223e+01,8.954223e+01,8.954223e+01,8.954223e+01,8.954223e+01,8.954223e+01,8.954223e+01,8.954223e+01,8.954223e+01,8.954223e+01,8.954223e+01,8.954223e+01,8.954223e+01,8.954223e+01,8.954223e+01,8.930119e+01,8.930119e+01,8.930119e+01,8.930119e+01,8.930119e+01,8.930119e+01,8.930119e+01,8.930119e+01,8.898544e+01,8.898544e+01,8.898544e+01,8.898544e+01,8.898544e+01,8.898544e+01,8.898544e+01,8.898544e+01,8.860388e+01,8.868771e+01,8.868771e+01,8.868771e+01,8.868771e+01,8.868771e+01,8.830547e+01,8.830547e+01,8.830547e+01,8.830547e+01,8.830547e+01,8.830547e+01,8.823077e+01,8.798780e+01,8.798780e+01,8.760391e+01,8.770699e+01,8.789425e+01,8.765077e+01,8.754765e+01,8.754765e+01,8.754765e+01,8.754765e+01,8.754765e+01,8.728487e+01,8.698404e+01,8.692757e+01,8.692757e+01,8.692757e+01,8.673920e+01,8.649398e+01,8.649398e+01,8.649398e+01,8.649398e+01,8.634290e+01,8.610654e+01,8.610654e+01,8.610654e+01,8.603083e+01,8.579402e+01,8.567074e+01,8.549989e+01,8.549989e+01,8.549989e+01,8.549989e+01,8.528131e+01,8.504339e+01,8.504339e+01,8.465244e+01,8.462379e+01,8.464288e+01,8.464288e+01,8.464288e+01,8.464288e+01,8.419350e+01,8.419350e+01,8.419350e+01,8.419350e+01,8.419350e+01,8.419350e+01,8.419350e+01,8.402106e+01,8.378126e+01,8.378126e+01,8.378126e+01,8.378126e+01,8.378126e+01,8.338718e+01,8.349300e+01,8.349300e+01,8.349300e+01,8.349300e+01,8.349300e+01,8.349300e+01,8.349300e+01,8.349300e+01,8.309821e+01,8.320422e+01,8.320422e+01,8.320422e+01,8.320422e+01,8.320422e+01,8.320422e+01,8.320422e+01,8.320422e+01,8.320422e+01,8.320422e+01,8.320422e+01,8.320422e+01,8.320422e+01,8.320422e+01,8.320422e+01,8.320422e+01,8.320422e+01,8.320422e+01,8.320422e+01,8.320422e+01,8.359875e+01,8.349300e+01,8.349300e+01,8.349300e+01,8.349300e+01,8.349300e+01,8.388682e+01,8.388682e+01,8.382925e+01,8.382925e+01,8.382925e+01,8.382925e+01,8.382925e+01,8.394437e+01,8.418393e+01,8.418393e+01,8.418393e+01,8.418393e+01,8.449960e+01,8.449960e+01,8.449960e+01,8.489094e+01,8.449960e+01,8.503387e+01,8.504339e+01,8.502434e+01,8.502434e+01,8.502434e+01,8.546190e+01,8.541439e+01,8.556635e+01,8.556635e+01,8.556635e+01,8.556635e+01,8.556635e+01,8.556635e+01,8.556635e+01,8.556635e+01,8.556635e+01,8.556635e+01,8.556635e+01,8.556635e+01,8.556635e+01,8.556635e+01,8.556635e+01,8.556635e+01,8.556635e+01,8.556635e+01,8.556635e+01,8.556635e+01,8.526229e+01,8.526229e+01,8.526229e+01,8.526229e+01,8.504339e+01,8.485280e+01,8.480511e+01,8.447093e+01,8.427966e+01,8.423180e+01,8.410731e+01,8.384844e+01,8.348338e+01,8.321386e+01,8.308857e+01,8.280871e+01,8.242188e+01,8.208261e+01,8.157721e+01,8.122635e+01,8.049284e+01,8.044382e+01,7.964745e+01,7.926254e+01,7.885684e+01,7.827115e+01,7.749335e+01,7.701272e+01,7.638963e+01,7.579427e+01,7.513560e+01,7.474919e+01,7.405518e+01,7.361463e+01,7.284306e+01,7.225392e+01,7.180790e+01,7.099532e+01,7.060826e+01,6.966238e+01,6.938796e+01,6.852961e+01,6.797581e+01,6.720541e+01,6.660326e+01,6.583605e+01,6.558661e+01,6.486831e+01,6.400356e+01,6.336517e+01,6.294529e+01,6.194559e+01,6.143176e+01,6.057847e+01,6.000278e+01,5.952680e+01,5.854677e+01,5.759392e+01,5.705124e+01,5.649466e+01,5.579553e+01,5.485738e+01,5.418470e+01,5.365110e+01,5.273277e+01,5.231310e+01,5.133643e+01,5.092415e+01,5.010767e+01,4.932264e+01,4.880469e+01,4.802359e+01,4.751253e+01,4.692398e+01,4.634513e+01,4.582681e+01,4.528075e+01,4.452737e+01,4.403955e+01,4.356261e+01,4.305776e+01,4.257675e+01,4.230285e+01,4.179244e+01,4.130609e+01,4.124021e+01,4.018087e+01,4.018087e+01,3.990114e+01,3.897711e+01,3.893676e+01,3.851897e+01,3.823506e+01,3.786896e+01,3.758338e+01,3.722878e+01,3.669473e+01,3.636478e+01,3.636478e+01,3.636478e+01,3.579882e+01,3.596477e+01,3.596477e+01,3.596477e+01,3.596477e+01,3.596477e+01,3.652988e+01,3.636478e+01,3.663980e+01,3.661234e+01,3.661234e+01,3.661234e+01,3.717413e+01,3.700999e+01,3.672218e+01,3.707841e+01,3.707841e+01,3.707841e+01,3.707841e+01,3.707841e+01,3.763783e+01,3.747440e+01,3.765144e+01,3.770586e+01,3.770586e+01,3.770586e+01,3.770586e+01,3.770586e+01,3.770586e+01,3.770586e+01,3.770586e+01,3.770586e+01,3.770586e+01,3.770586e+01,3.770586e+01,3.770586e+01,3.826213e+01,3.820798e+01,3.818090e+01,3.818090e+01,3.873480e+01,3.869437e+01,3.869437e+01,3.869437e+01,3.869437e+01,3.924573e+01,3.928597e+01,3.919206e+01,3.919206e+01,3.919206e+01,3.974099e+01,3.974099e+01,3.974099e+01,3.974099e+01,3.974099e+01,3.974099e+01,3.974099e+01,4.028725e+01,4.012764e+01,4.012764e+01,4.012764e+01,4.012764e+01,4.012764e+01,4.012764e+01,4.012764e+01,4.012764e+01,4.012764e+01,4.012764e+01,3.958060e+01,3.954047e+01,3.963409e+01,3.963409e+01,3.963409e+01,3.963409e+01,3.963409e+01,3.963409e+01,3.963409e+01,3.963409e+01,3.963409e+01,3.963409e+01,3.963409e+01,3.963409e+01,3.963409e+01,3.963409e+01,3.929938e+01,3.929938e+01,3.929938e+01,3.929938e+01,3.929938e+01,3.929938e+01,3.874828e+01,3.874828e+01,3.874828e+01,3.874828e+01,3.874828e+01,3.874828e+01,3.874828e+01,3.874828e+01,3.874828e+01,3.874828e+01,3.874828e+01,3.874828e+01,3.874828e+01,3.874828e+01,3.874828e+01,3.874828e+01,3.874828e+01,3.874828e+01,3.819444e+01,3.831625e+01,3.831625e+01,3.831625e+01,3.831625e+01,3.831625e+01,3.831625e+01,3.831625e+01,3.831625e+01,3.831625e+01,3.831625e+01,3.831625e+01,3.831625e+01,3.831625e+01,3.831625e+01,3.831625e+01,3.831625e+01,3.831625e+01,3.793685e+01,3.793685e+01,3.793685e+01,3.793685e+01,3.793685e+01,3.793685e+01,3.793685e+01,3.793685e+01,3.793685e+01,3.793685e+01,3.793685e+01,3.793685e+01,3.793685e+01,3.793685e+01,3.793685e+01,3.793685e+01,3.793685e+01,3.793685e+01,3.793685e+01,3.752890e+01,3.752890e+01,3.752890e+01,3.752890e+01,3.752890e+01,3.752890e+01,3.752890e+01,3.752890e+01,3.752890e+01,3.752890e+01,3.752890e+01,3.752890e+01,3.752890e+01,3.752890e+01,3.752890e+01,3.752890e+01,3.752890e+01,3.752890e+01,3.752890e+01,3.752890e+01,3.752890e+01,3.696893e+01,3.696893e+01,3.696893e+01,3.752890e+01
3.588183e+01,3.588183e+01,3.588183e+01,3.588183e+01,3.588183e+01,3.588183e+01,3.588183e+01,3.644736e+01,3.632347e+01,3.632347e+01,3.632347e+01,3.632347e+01,3.632347e+01,3.688674e+01,3.636478e+01,3.662607e+01,3.662607e+01,3.718779e+01,3.717413e+01,3.717413e+01,3.717413e+01,3.717413e+01,3.773306e+01,3.766505e+01,3.766505e+01,3.766505e+01,3.766505e+01,3.766505e+01,3.766505e+01,3.822152e+01,3.818090e+01,3.818090e+01,3.818090e+01,3.818090e+01,3.818090e+01,3.873480e+01,3.861345e+01,3.861345e+01,3.916521e+01,3.924573e+01,3.933960e+01,3.951371e+01,3.971427e+01,4.020747e+01,4.035369e+01,4.061905e+01,4.073826e+01,4.110833e+01,4.110833e+01,4.110833e+01,4.164807e+01,4.152981e+01,4.152981e+01,4.152981e+01,4.152981e+01,4.152981e+01,4.152981e+01,4.152981e+01,4.206756e+01,4.204139e+01,4.194973e+01,4.194973e+01,4.194973e+01,4.194973e+01,4.194973e+01,4.194973e+01,4.194973e+01,4.194973e+01,4.194973e+01,4.194973e+01,4.194973e+01,4.194973e+01,4.194973e+01,4.141142e+01,4.149036e+01,4.149036e+01,4.149036e+01,4.149036e+01,4.091023e+01,4.091023e+01,4.091023e+01,4.091023e+01,4.091023e+01,4.043336e+01,4.043336e+01,4.043336e+01,4.043336e+01,4.043336e+01,4.043336e+01,4.043336e+01,4.043336e+01,4.043336e+01,4.043336e+01,4.104234e+01,4.137194e+01,4.163493e+01,4.196283e+01,4.219834e+01,4.266791e+01,4.292796e+01,4.344630e+01,4.382066e+01,4.438637e+01,4.474494e+01,4.521709e+01,4.586481e+01,4.619366e+01,4.662232e+01,4.697418e+01,4.752502e+01,4.796139e+01,4.845816e+01,4.924878e+01,4.971579e+01,5.018102e+01,5.110621e+01,5.163869e+01,5.222900e+01,5.273277e+01,5.359167e+01,5.401893e+01,5.477496e+01,5.523347e+01,5.607564e+01,5.656437e+01,5.736327e+01,5.780116e+01,5.835218e+01,5.883242e+01,5.921990e+01,5.995752e+01,6.045451e+01,6.107314e+01,6.148771e+01,6.190099e+01,6.264616e+01,6.369574e+01,6.394864e+01,6.467175e+01,6.558661e+01,6.619317e+01,6.681861e+01,6.768741e+01,6.821038e+01,6.901771e+01,6.999941e+01,7.061874e+01,7.100577e+01,7.178712e+01,7.253328e+01,7.316246e+01,7.407564e+01,7.466771e+01,7.511530e+01,7.599635e+01,7.646011e+01,7.725323e+01,7.771313e+01,7.817165e+01,7.877756e+01,7.961787e+01,8.004123e+01,8.066920e+01,8.105062e+01,8.176206e+01,8.219901e+01,8.266376e+01,8.322350e+01,8.360837e+01,8.416478e+01,8.456648e+01,8.526229e+01,8.561381e+01,8.620113e+01,8.653173e+01,8.717213e+01,8.751952e+01,8.778192e+01,8.800650e+01,8.835213e+01,8.861320e+01,8.879012e+01,8.900403e+01,8.918982e+01,8.924551e+01,8.924551e+01,8.962559e+01,8.951443e+01,8.951443e+01,8.951443e+01,8.951443e+01,8.951443e+01,8.951443e+01,8.951443e+01,8.951443e+01,8.951443e+01,8.951443e+01,8.951443e+01,8.951443e+01,8.951443e+01,8.951443e+01,8.951443e+01,8.951443e+01,8.951443e+01,8.951443e+01,8.951443e+01,8.951443e+01,8.951443e+01,8.930119e+01,8.930119e+01,8.930119e+01,8.930119e+01,8.930119e+01,8.930119e+01,8.930119e+01,8.930119e+01,8.898544e+01,8.898544e+01,8.898544e+01,8.898544e+01,8.898544e+01,8.898544e+01,8.898544e+01,8.860388e+01,8.860388e+01,8.860388e+01,8.860388e+01,8.860388e+01,8.860388e+01,8.860388e+01,8.860388e+01,8.860388e+01,8.830547e+01,8.830547e+01,8.830547e+01,8.792233e+01,8.798780e+01,8.818408e+01,8.791296e+01,8.767889e+01,8.774446e+01,8.769762e+01,8.769762e+01,8.769762e+01,8.731305e+01,8.742570e+01,8.730366e+01,8.722851e+01,8.703108e+01,8.703108e+01,8.703108e+01,8.703108e+01,8.673920e+01,8.654117e+01,8.654117e+01,8.654117e+01,8.654117e+01,8.654117e+01,8.610654e+01,8.610654e+01,8.610654e+01,8.610654e+01,8.579402e+01,8.579402e+01,8.549989e+01,8.549989e+01,8.549989e+01,8.549989e+01,8.549989e+01,8.504339e+01,8.525278e+01,8.497671e+01,8.510052e+01,8.487186e+01,8.475742e+01,8.475742e+01,8.436576e+01,8.430836e+01,8.430836e+01,8.430836e+01,8.430836e+01,8.430836e+01,8.430836e+01,8.391560e+01,8.389641e+01,8.382925e+01,8.382925e+01,8.382925e+01,8.382925e+01,8.382925e+01,8.378126e+01,8.355070e+01,8.355070e+01,8.355070e+01,8.355070e+01,8.355070e+01,8.355070e+01,8.315604e+01,8.319460e+01,8.321386e+01,8.321386e+01,8.321386e+01,8.321386e+01,8.321386e+01,8.321386e+01,8.321386e+01,8.321386e+01,8.321386e+01,8.321386e+01,8.321386e+01,8.321386e+01,8.321386e+01,8.321386e+01,8.321386e+01,8.321386e+01,8.321386e+01,8.321386e+01,8.321386e+01,8.321386e+01,8.321386e+01,8.321386e+01,8.349300e+01,8.349300e+01,8.349300e+01,8.349300e+01,8.349300e+01,8.349300e+01,8.388682e+01,8.388682e+01,8.388682e+01,8.388682e+01,8.388682e+01,8.388682e+01,8.388682e+01,8.418393e+01,8.418393e+01,8.418393e+01,8.418393e+01,8.449960e+01,8.449960e+01,8.449960e+01,8.489094e+01,8.483372e+01,8.494812e+01,8.494812e+01,8.494812e+01,8.494812e+01,8.533836e+01,8.498624e+01,8.521473e+01,8.548090e+01,8.548090e+01,8.548090e+01,8.548090e+01,8.548090e+01,8.586983e+01,8.575610e+01,8.575610e+01,8.575610e+01,8.575610e+01,8.575610e+01,8.575610e+01,8.575610e+01,8.575610e+01,8.575610e+01,8.575610e+01,8.575610e+01,8.536687e+01,8.548090e+01,8.535737e+01,8.528131e+01,8.528131e+01,8.528131e+01,8.489094e+01,8.495765e+01,8.456648e+01,8.456648e+01,8.458559e+01,8.427966e+01,8.427966e+01,8.388682e+01,8.368523e+01,8.353147e+01,8.331017e+01,8.305964e+01,8.268309e+01,8.240251e+01,8.206320e+01,8.155773e+01,8.120683e+01,8.063982e+01,8.040459e+01,7.962773e+01,7.924277e+01,7.883703e+01,7.825125e+01,7.747336e+01,7.699266e+01,7.636948e+01,7.577405e+01,7.553115e+01,7.487132e+01,7.416766e+01,7.329620e+01,7.278115e+01,7.223320e+01,7.178712e+01,7.097443e+01,7.015712e+01,6.962020e+01,6.925055e+01,6.849772e+01,6.794380e+01,6.717322e+01,6.657092e+01,6.589022e+01,6.549974e+01,6.483557e+01,6.442019e+01,6.348647e+01,6.304485e+01,6.202362e+01,6.148771e+01,6.061226e+01,6.001409e+01,5.951545e+01,5.852389e+01,5.757087e+01,5.702810e+01,5.647142e+01,5.577216e+01,5.483384e+01,5.416103e+01,5.362733e+01,5.270882e+01,5.228908e+01,5.131221e+01,5.089986e+01,5.008322e+01,4.929802e+01,4.877997e+01,4.799871e+01,4.748754e+01,4.689887e+01,4.631990e+01,4.580146e+01,4.525529e+01,4.450174e+01,4.401382e+01,4.353678e+01,4.303181e+01,4.264187e+01,4.219834e+01,4.176620e+01,4.150351e+01,4.064555e+01,4.084412e+01,4.006107e+01,3.972763e+01,3.917863e+01,3.896367e+01,3.849196e+01,3.818090e+01,3.781462e+01,3.752890e+01,3.705105e+01,3.676334e+01,3.650238e+01,3.650238e+01,3.593713e+01,3.596477e+01,3.596477e+01,3.596477e+01,3.596477e+01,3.596477e+01,3.652988e+01,3.639232e+01,3.639232e+01,3.639232e+01,3.639232e+01,3.695523e+01,3.695523e+01,3.700999e+01,3.683191e+01,3.684562e+01,3.700999e+01,3.700999e+01,3.756976e+01,3.724244e+01,3.751528e+01,3.747440e+01,3.747440e+01,3.747440e+01,3.747440e+01,3.803182e+01,3.786896e+01,3.786896e+01,3.786896e+01,3.786896e+01,3.786896e+01,3.786896e+01,3.786896e+01,3.786896e+01,3.786896e+01,3.786896e+01,3.786896e+01,3.786896e+01,3.820798e+01,3.820798e+01,3.820798e+01,3.820798e+01,3.869437e+01,3.869437e+01,3.869437e+01,3.869437e+01,3.924573e+01,3.924573e+01,3.924573e+01,3.924573e+01,3.924573e+01,3.924573e+01,3.974099e+01,3.974099e+01,3.974099e+01,3.974099e+01,3.974099e+01,4.028725e+01,4.015426e+01,4.015426e+01,4.015426e+01,4.015426e+01,4.015426e+01,4.015426e+01,4.015426e+01,4.015426e+01,4.015426e+01,4.015426e+01,4.015426e+01,4.015426e+01,4.008770e+01,3.976770e+01,3.976770e+01,3.976770e+01,3.976770e+01,3.976770e+01,3.976770e+01,3.976770e+01,3.976770e+01,3.976770e+01,3.976770e+01,3.921890e+01,3.937980e+01,3.937980e+01,3.937980e+01,3.937980e+01,3.937980e+01,3.937980e+01,3.937980e+01,3.937980e+01,3.937980e+01,3.929938e+01,3.897711e+01,3.897711e+01,3.897711e+01,3.897711e+01,3.897711e+01,3.897711e+01,3.897711e+01,3.897711e+01,3.897711e+01,3.897711e+01,3.897711e+01,3.897711e+01,3.842442e+01,3.858646e+01,3.858646e+01,3.858646e+01,3.858646e+01,3.858646e+01,3.858646e+01,3.858646e+01,3.858646e+01,3.858646e+01,3.858646e+01,3.858646e+01,3.858646e+01,3.803182e+01,3.819444e+01,3.819444e+01,3.819444e+01,3.819444e+01,3.819444e+01,3.819444e+01,3.819444e+01,3.819444e+01,3.819444e+01,3.819444e+01,3.819444e+01,3.819444e+01,3.819444e+01,3.819444e+01,3.819444e+01,3.819444e+01,3.819444e+01,3.819444e+01,3.763783e+01,3.780103e+01,3.780103e+01,3.780103e+01,3.780103e+01,3.780103e+01,3.780103e+01,3.780103e+01,3.780103e+01,3.780103e+01,3.780103e+01,3.780103e+01,3.780103e+01,3.780103e+01,3.780103e+01,3.780103e+01,3.780103e+01,3.780103e+01,3.780103e+01,3.780103e+01,3.724244e+01,3.740622e+01,3.740622e+01,3.740622e+01,3.740622e+01,3.740622e+01,3.740622e+01,3.740622e+01,3.740622e+01,3.740622e+01,3.740622e+01,3.740622e+01,3.740622e+01,3.740622e+01,3.740622e+01
3.588183e+01,3.588183e+01,3.588183e+01,3.588183e+01,3.588183e+01,3.588183e+01,3.588183e+01,3.588183e+01,3.632347e+01,3.632347e+01,3.632347e+01,3.632347e+01,3.632347e+01,3.688674e+01,3.657112e+01,3.657112e+01,3.657112e+01,3.718779e+01,3.718779e+01,3.718779e+01,3.718779e+01,3.718779e+01,3.773306e+01,3.773306e+01,3.773306e+01,3.773306e+01,3.773306e+01,3.773306e+01,3.773306e+01,3.822152e+01,3.822152e+01,3.822152e+01,3.822152e+01,3.822152e+01,3.822152e+01,3.873480e+01,3.873480e+01,3.873480e+01,3.873480e+01,3.924573e+01,3.924573e+01,3.979440e+01,3.979440e+01,4.000779e+01,4.035369e+01,4.089701e+01,4.092345e+01,4.104234e+01,4.104234e+01,4.158238e+01,4.151666e+01,4.151666e+01,4.151666e+01,4.151666e+01,4.151666e+01,4.151666e+01,4.151666e+01,4.205447e+01,4.193663e+01,4.193663e+01,4.193663e+01,4.193663e+01,4.193663e+01,4.193663e+01,4.193663e+01,4.193663e+01,4.193663e+01,4.193663e+01,4.193663e+01,4.193663e+01,4.193663e+01,4.193663e+01,4.139826e+01,4.152981e+01,4.152981e+01,4.152981e+01,4.152981e+01,4.098951e+01,4.104234e+01,4.104234e+01,4.104234e+01,4.049971e+01,4.049971e+01,4.059254e+01,4.059254e+01,4.059254e+01,4.004775e+01,4.020747e+01,4.020747e+01,4.020747e+01,4.020747e+01,4.020747e+01,4.020747e+01,4.049971e+01,4.093666e+01,4.145090e+01,4.171371e+01,4.221141e+01,4.247248e+01,4.299288e+01,4.338164e+01,4.392372e+01,4.432222e+01,4.484719e+01,4.524256e+01,4.580146e+01,4.577612e+01,4.689887e+01,4.718731e+01,4.755000e+01,4.798627e+01,4.848294e+01,4.927340e+01,4.974032e+01,5.020545e+01,5.113046e+01,5.166284e+01,5.225304e+01,5.275670e+01,5.361544e+01,5.404263e+01,5.479851e+01,5.573709e+01,5.616887e+01,5.659920e+01,5.739790e+01,5.783566e+01,5.838654e+01,5.886665e+01,5.925404e+01,5.999147e+01,6.048833e+01,6.110681e+01,6.152127e+01,6.239082e+01,6.311118e+01,6.368473e+01,6.406942e+01,6.471545e+01,6.563003e+01,6.623640e+01,6.686164e+01,6.773017e+01,6.868896e+01,6.903889e+01,6.991523e+01,7.058731e+01,7.102666e+01,7.183907e+01,7.258495e+01,7.321391e+01,7.412677e+01,7.471864e+01,7.516607e+01,7.604683e+01,7.651042e+01,7.730328e+01,7.776304e+01,7.822141e+01,7.882712e+01,7.926254e+01,7.995272e+01,8.062023e+01,8.104086e+01,8.179123e+01,8.223779e+01,8.270242e+01,8.326202e+01,8.364680e+01,8.459514e+01,8.467152e+01,8.530984e+01,8.566125e+01,8.624839e+01,8.657890e+01,8.721912e+01,8.747262e+01,8.777256e+01,8.810934e+01,8.830547e+01,8.852001e+01,8.881804e+01,8.895755e+01,8.895755e+01,8.924551e+01,8.943102e+01,8.948664e+01,8.948664e+01,8.948664e+01,8.948664e+01,8.986617e+01,8.964410e+01,8.964410e+01,8.964410e+01,8.964410e+01,8.964410e+01,8.964410e+01,8.964410e+01,8.964410e+01,8.964410e+01,8.964410e+01,8.964410e+01,8.964410e+01,8.964410e+01,8.964410e+01,8.964410e+01,8.964410e+01,8.926407e+01,8.928263e+01,8.928263e+01,8.928263e+01,8.928263e+01,8.928263e+01,8.928263e+01,8.928263e+01,8.928263e+01,8.928263e+01,8.928263e+01,8.928263e+01,8.928263e+01,8.898544e+01,8.898544e+01,8.898544e+01,8.898544e+01,8.898544e+01,8.898544e+01,8.898544e+01,8.860388e+01,8.860388e+01,8.860388e+01,8.860388e+01,8.860388e+01,8.830547e+01,8.830547e+01,8.830547e+01,8.830547e+01,8.798780e+01,8.809999e+01,8.787553e+01,8.772573e+01,8.772573e+01,8.772573e+01,8.772573e+01,8.772573e+01,8.731305e+01,8.731305e+01,8.731305e+01,8.731305e+01,8.731305e+01,8.731305e+01,8.703108e+01,8.690874e+01,8.670149e+01,8.697462e+01,8.674862e+01,8.663550e+01,8.663550e+01,8.663550e+01,8.649398e+01,8.626730e+01,8.626730e+01,8.587931e+01,8.590773e+01,8.578454e+01,8.594562e+01,8.571816e+01,8.560432e+01,8.560432e+01,8.521473e+01,8.512908e+01,8.516715e+01,8.504339e+01,8.497671e+01,8.493859e+01,8.493859e+01,8.454738e+01,8.487186e+01,8.458559e+01,8.447093e+01,8.447093e+01,8.447093e+01,8.407857e+01,8.407857e+01,8.403065e+01,8.403065e+01,8.403065e+01,8.403065e+01,8.403065e+01,8.382925e+01,8.382925e+01,8.382925e+01,8.355070e+01,8.355070e+01,8.355070e+01,8.355070e+01,8.355070e+01,8.355070e+01,8.355070e+01,8.355070e+01,8.355070e+01,8.355070e+01,8.321386e+01,8.321386e+01,8.321386e+01,8.321386e+01,8.321386e+01,8.321386e+01,8.321386e+01,8.321386e+01,8.321386e+01,8.321386e+01,8.321386e+01,8.321386e+01,8.321386e+01,8.321386e+01,8.321386e+01,8.321386e+01,8.321386e+01,8.321386e+01,8.321386e+01,8.321386e+01,8.349300e+01,8.349300e+01,8.349300e+01,8.349300e+01,8.349300e+01,8.388682e+01,8.379086e+01,8.379086e+01,8.379086e+01,8.379086e+01,8.379086e+01,8.379086e+01,8.418393e+01,8.416478e+01,8.416478e+01,8.416478e+01,8.416478e+01,8.449960e+01,8.449960e+01,8.449960e+01,8.449960e+01,8.483372e+01,8.483372e+01,8.483372e+01,8.483372e+01,8.522424e+01,8.520522e+01,8.522424e+01,8.528131e+01,8.541439e+01,8.541439e+01,8.541439e+01,8.541439e+01,8.580350e+01,8.577506e+01,8.577506e+01,8.577506e+01,8.577506e+01,8.577506e+01,8.577506e+01,8.577506e+01,8.577506e+01,8.577506e+01,8.577506e+01,8.577506e+01,8.538589e+01,8.546190e+01,8.546190e+01,8.546190e+01,8.546190e+01,8.507196e+01,8.507196e+01,8.500529e+01,8.481465e+01,8.470971e+01,8.470971e+01,8.431793e+01,8.429879e+01,8.410731e+01,8.393478e+01,8.380045e+01,8.352185e+01,8.327165e+01,8.294388e+01,8.273141e+01,8.233471e+01,8.201467e+01,8.150905e+01,8.115804e+01,8.068878e+01,8.033591e+01,7.957843e+01,7.919335e+01,7.878748e+01,7.820151e+01,7.742336e+01,7.694250e+01,7.631911e+01,7.582460e+01,7.546024e+01,7.482045e+01,7.411655e+01,7.366592e+01,7.287399e+01,7.227463e+01,7.177673e+01,7.092217e+01,7.053492e+01,6.971510e+01,6.930341e+01,6.850835e+01,6.791177e+01,6.713028e+01,6.652781e+01,6.629041e+01,6.560832e+01,6.491195e+01,6.401453e+01,6.339826e+01,6.293422e+01,6.211273e+01,6.153245e+01,6.107314e+01,6.017236e+01,5.917437e+01,5.845523e+01,5.799657e+01,5.714378e+01,5.607564e+01,5.567863e+01,5.526867e+01,5.427932e+01,5.371050e+01,5.275670e+01,5.230109e+01,5.178352e+01,5.104555e+01,5.020545e+01,4.939645e+01,4.885411e+01,4.804847e+01,4.751253e+01,4.689887e+01,4.629466e+01,4.577612e+01,4.522983e+01,4.447611e+01,4.398809e+01,4.351093e+01,4.309667e+01,4.255069e+01,4.217220e+01,4.142458e+01,4.142458e+01,4.083089e+01,4.057928e+01,4.012764e+01,3.963409e+01,3.936640e+01,3.888294e+01,3.855947e+01,3.819444e+01,3.777385e+01,3.736530e+01,3.711944e+01,3.692784e+01,3.650238e+01,3.622702e+01,3.613047e+01,3.613047e+01,3.613047e+01,3.613047e+01,3.613047e+01,3.613047e+01,3.613047e+01,3.669473e+01,3.652988e+01,3.652988e+01,3.652988e+01,3.652988e+01,3.652988e+01,3.700999e+01,3.700999e+01,3.700999e+01,3.700999e+01,3.700999e+01,3.756976e+01,3.733801e+01,3.733801e+01,3.733801e+01,3.733801e+01,3.789612e+01,3.789612e+01,3.786896e+01,3.786896e+01,3.786896e+01,3.786896e+01,3.786896e+01,3.786896e+01,3.786896e+01,3.786896e+01,3.786896e+01,3.786896e+01,3.786896e+01,3.786896e+01,3.842442e+01,3.832978e+01,3.832978e+01,3.832978e+01,3.832978e+01,3.832978e+01,3.869437e+01,3.869437e+01,3.924573e+01,3.911150e+01,3.911150e+01,3.911150e+01,3.911150e+01,3.966082e+01,3.966082e+01,3.958060e+01,3.958060e+01,3.958060e+01,4.012764e+01,4.012764e+01,4.012764e+01,4.012764e+01,4.012764e+01,4.012764e+01,4.012764e+01,4.012764e+01,4.012764e+01,4.012764e+01,4.012764e+01,4.012764e+01,4.012764e+01,4.012764e+01,4.012764e+01,4.012764e+01,3.976770e+01,3.976770e+01,3.976770e+01,3.976770e+01,3.976770e+01,3.976770e+01,3.976770e+01,3.976770e+01,3.976770e+01,3.976770e+01,3.921890e+01,3.921890e+01,3.921890e+01,3.921890e+01,3.921890e+01,3.921890e+01,3.921890e+01,3.921890e+01,3.921890e+01,3.921890e+01,3.921890e+01,3.921890e+01,3.921890e+01,3.921890e+01,3.866740e+01,3.882909e+01,3.882909e+01,3.882909e+01,3.882909e+01,3.882909e+01,3.882909e+01,3.882909e+01,3.882909e+01,3.882909e+01,3.882909e+01,3.882909e+01,3.882909e+01,3.827567e+01,3.843793e+01,3.843793e+01,3.843793e+01,3.843793e+01,3.843793e+01,3.843793e+01,3.843793e+01,3.843793e+01,3.843793e+01,3.843793e+01,3.843793e+01,3.843793e+01,3.843793e+01,3.788254e+01,3.804538e+01,3.804538e+01,3.804538e+01,3.804538e+01,3.804538e+01,3.804538e+01,3.804538e+01,3.804538e+01,3.804538e+01,3.804538e+01,3.804538e+01,3.804538e+01,3.804538e+01,3.804538e+01,3.804538e+01,3.804538e+01,3.804538e+01,3.804538e+01,3.804538e+01,3.804538e+01,3.804538e+01,3.804538e+01,3.748802e+01,3.765144e+01,3.765144e+01,3.765144e+01,3.765144e+01,3.765144e+01,3.765144e+01,3.765144e+01,3.765144e+01,3.765144e+01,3.765144e+01,3.765144e+01,3.765144e+01,3.765144e+01,3.765144e+01,3.765144e+01,3.765144e+01,3.765144e+01,3.765144e+01,3.765144e+01,3.709209e+01,3.725610e+01,3.725610e+01,3.725610e+01,3.725610e+01,3.725610e+01
3.588183e+01,3.588183e+01,3.588183e+01,3.588183e+01,3.588183e+01,3.588183e+01,3.588183e+01,3.588183e+01,3.632347e+01,3.632347e+01,3.632347e+01,3.632347e+01,3.632347e+01,3.632347e+01,3.688674e+01,3.672218e+01,3.699631e+01,3.702368e+01,3.702368e+01,3.758338e+01,3.741986e+01,3.769226e+01,3.759700e+01,3.759700e+01,3.759700e+01,3.759700e+01,3.815381e+01,3.799113e+01,3.826213e+01,3.812671e+01,3.812671e+01,3.812671e+01,3.812671e+01,3.812671e+01,3.868088e+01,3.859996e+01,3.859996e+01,3.859996e+01,3.915179e+01,3.908464e+01,3.935300e+01,3.960735e+01,4.015426e+01,4.018087e+01,4.051298e+01,4.071178e+01,4.071178e+01,4.104234e+01,4.130609e+01,4.139826e+01,4.139826e+01,4.139826e+01,4.139826e+01,4.139826e+01,4.193663e+01,4.177932e+01,4.150351e+01,4.185801e+01,4.185801e+01,4.185801e+01,4.185801e+01,4.185801e+01,4.185801e+01,4.185801e+01,4.185801e+01,4.185801e+01,4.185801e+01,4.185801e+01,4.185801e+01,4.185801e+01,4.185801e+01,4.185801e+01,4.185801e+01,4.152981e+01,4.152981e+01,4.152981e+01,4.152981e+01,4.152981e+01,4.104234e+01,4.104234e+01,4.104234e+01,4.049971e+01,4.049971e+01,4.049971e+01,4.049971e+01,4.049971e+01,4.049971e+01,4.049971e+01,4.049971e+01,4.049971e+01,4.049971e+01,4.049971e+01,4.049971e+01,4.049971e+01,4.093666e+01,4.126657e+01,4.177932e+01,4.202830e+01,4.253766e+01,4.292796e+01,4.347216e+01,4.385932e+01,4.388509e+01,4.459140e+01,4.512791e+01,4.550964e+01,4.583948e+01,4.683607e+01,4.717478e+01,4.767481e+01,4.801115e+01,4.850772e+01,4.929802e+01,4.976484e+01,5.022988e+01,5.115471e+01,5.168699e+01,5.227707e+01,5.278064e+01,5.363921e+01,5.406631e+01,5.482206e+01,5.528040e+01,5.602900e+01,5.694707e+01,5.746711e+01,5.785866e+01,5.840944e+01,5.888947e+01,5.927679e+01,6.001409e+01,6.051087e+01,6.112924e+01,6.200133e+01,6.247969e+01,6.314434e+01,6.371775e+01,6.410235e+01,6.474822e+01,6.566257e+01,6.626880e+01,6.689391e+01,6.776224e+01,6.828493e+01,6.935626e+01,6.997837e+01,7.060826e+01,7.104755e+01,7.228498e+01,7.266759e+01,7.324478e+01,7.415745e+01,7.474919e+01,7.519653e+01,7.607710e+01,7.654061e+01,7.733331e+01,7.779298e+01,7.825125e+01,7.885684e+01,7.929218e+01,7.998222e+01,8.064961e+01,8.107016e+01,8.182040e+01,8.226688e+01,8.273141e+01,8.329092e+01,8.374285e+01,8.452827e+01,8.478604e+01,8.533836e+01,8.607816e+01,8.632400e+01,8.661663e+01,8.717213e+01,8.746323e+01,8.786618e+01,8.844542e+01,8.852933e+01,8.858525e+01,8.875289e+01,8.895755e+01,8.907837e+01,8.956076e+01,8.933829e+01,8.933829e+01,8.971815e+01,8.960707e+01,8.978293e+01,8.940321e+01,8.984767e+01,8.973666e+01,8.973666e+01,8.973666e+01,8.973666e+01,8.973666e+01,8.973666e+01,8.973666e+01,8.973666e+01,8.973666e+01,8.973666e+01,8.973666e+01,8.973666e+01,8.973666e+01,8.935684e+01,8.935684e+01,8.937539e+01,8.937539e+01,8.937539e+01,8.937539e+01,8.937539e+01,8.937539e+01,8.937539e+01,8.937539e+01,8.937539e+01,8.937539e+01,8.899474e+01,8.910624e+01,8.898544e+01,8.900403e+01,8.900403e+01,8.900403e+01,8.900403e+01,8.900403e+01,8.900403e+01,8.900403e+01,8.898544e+01,8.876220e+01,8.876220e+01,8.838012e+01,8.836146e+01,8.832413e+01,8.832413e+01,8.832413e+01,8.832413e+01,8.832413e+01,8.832413e+01,8.825879e+01,8.788490e+01,8.788490e+01,8.788490e+01,8.788490e+01,8.788490e+01,8.769762e+01,8.747262e+01,8.747262e+01,8.747262e+01,8.747262e+01,8.747262e+01,8.703108e+01,8.717213e+01,8.704049e+01,8.695580e+01,8.680515e+01,8.680515e+01,8.680515e+01,8.641846e+01,8.639957e+01,8.632400e+01,8.614438e+01,8.601190e+01,8.601190e+01,8.601190e+01,8.601190e+01,8.571816e+01,8.571816e+01,8.571816e+01,8.571816e+01,8.551888e+01,8.529082e+01,8.529082e+01,8.529082e+01,8.493859e+01,8.514812e+01,8.500529e+01,8.456648e+01,8.458559e+01,8.458559e+01,8.458559e+01,8.458559e+01,8.458559e+01,8.407857e+01,8.407857e+01,8.407857e+01,8.407857e+01,8.368523e+01,8.409773e+01,8.395396e+01,8.395396e+01,8.395396e+01,8.355070e+01,8.355070e+01,8.355070e+01,8.355070e+01,8.355070e+01,8.355070e+01,8.355070e+01,8.355070e+01,8.355070e+01,8.355070e+01,8.321386e+01,8.321386e+01,8.321386e+01,8.321386e+01,8.321386e+01,8.321386e+01,8.321386e+01,8.321386e+01,8.321386e+01,8.321386e+01,8.321386e+01,8.321386e+01,8.321386e+01,8.321386e+01,8.321386e+01,8.360837e+01,8.337756e+01,8.337756e+01,8.337756e+01,8.337756e+01,8.337756e+01,8.337756e+01,8.337756e+01,8.377165e+01,8.377165e+01,8.377165e+01,8.377165e+01,8.377165e+01,8.377165e+01,8.377165e+01,8.377165e+01,8.416478e+01,8.408815e+01,8.408815e+01,8.408815e+01,8.408815e+01,8.408815e+01,8.449960e+01,8.449960e+01,8.449960e+01,8.449960e+01,8.449960e+01,8.483372e+01,8.483372e+01,8.483372e+01,8.483372e+01,8.520522e+01,8.520522e+01,8.520522e+01,8.520522e+01,8.520522e+01,8.541439e+01,8.519570e+01,8.547140e+01,8.569920e+01,8.569920e+01,8.569920e+01,8.569920e+01,8.569920e+01,8.569920e+01,8.569920e+01,8.569920e+01,8.569920e+01,8.569920e+01,8.569920e+01,8.538589e+01,8.538589e+01,8.538589e+01,8.538589e+01,8.538589e+01,8.507196e+01,8.507196e+01,8.507196e+01,8.481465e+01,8.481465e+01,8.442313e+01,8.443269e+01,8.443269e+01,8.410731e+01,8.410731e+01,8.380045e+01,8.348338e+01,8.356031e+01,8.288596e+01,8.262508e+01,8.229595e+01,8.197584e+01,8.147009e+01,8.111898e+01,8.064961e+01,8.029665e+01,7.953898e+01,7.915380e+01,7.874782e+01,7.816170e+01,7.779298e+01,7.703278e+01,7.637955e+01,7.585492e+01,7.546024e+01,7.478991e+01,7.408587e+01,7.363515e+01,7.284306e+01,7.224356e+01,7.174555e+01,7.131882e+01,7.063969e+01,6.979940e+01,6.936683e+01,6.855087e+01,6.793313e+01,6.713028e+01,6.657092e+01,6.621478e+01,6.558661e+01,6.489013e+01,6.444209e+01,6.351954e+01,6.257959e+01,6.204590e+01,6.151008e+01,6.058973e+01,6.008194e+01,5.960625e+01,5.856964e+01,5.761696e+01,5.712065e+01,5.664564e+01,5.592399e+01,5.533904e+01,5.431479e+01,5.371050e+01,5.321066e+01,5.242115e+01,5.138484e+01,5.094844e+01,5.016879e+01,4.935955e+01,4.881705e+01,4.801115e+01,4.747505e+01,4.686120e+01,4.625679e+01,4.573809e+01,4.519162e+01,4.443766e+01,4.394947e+01,4.356261e+01,4.300586e+01,4.260281e+01,4.261583e+01,4.179244e+01,4.145090e+01,4.104234e+01,4.055276e+01,4.008770e+01,3.982109e+01,3.931279e+01,3.893676e+01,3.855947e+01,3.814026e+01,3.771946e+01,3.744713e+01,3.711944e+01,3.674962e+01,3.658486e+01,3.658486e+01,3.613047e+01,3.613047e+01,3.613047e+01,3.613047e+01,3.613047e+01,3.613047e+01,3.613047e+01,3.613047e+01,3.652988e+01,3.652988e+01,3.652988e+01,3.652988e+01,3.652988e+01,3.700999e+01,3.700999e+01,3.700999e+01,3.700999e+01,3.700999e+01,3.756976e+01,3.756976e+01,3.756976e+01,3.756976e+01,3.756976e+01,3.756976e+01,3.756976e+01,3.756976e+01,3.786896e+01,3.786896e+01,3.786896e+01,3.786896e+01,3.786896e+01,3.786896e+01,3.786896e+01,3.786896e+01,3.786896e+01,3.786896e+01,3.786896e+01,3.842442e+01,3.842442e+01,3.842442e+01,3.842442e+01,3.842442e+01,3.842442e+01,3.897711e+01,3.897711e+01,3.908464e+01,3.908464e+01,3.908464e+01,3.908464e+01,3.963409e+01,3.952709e+01,3.952709e+01,3.952709e+01,4.007439e+01,4.002111e+01,3.999446e+01,3.999446e+01,3.999446e+01,3.999446e+01,3.999446e+01,3.999446e+01,3.999446e+01,3.999446e+01,3.999446e+01,3.999446e+01,3.999446e+01,3.999446e+01,3.999446e+01,3.999446e+01,3.999446e+01,3.999446e+01,3.999446e+01,3.999446e+01,3.999446e+01,3.999446e+01,3.999446e+01,3.944677e+01,3.960735e+01,3.960735e+01,3.960735e+01,3.960735e+01,3.960735e+01,3.960735e+01,3.960735e+01,3.960735e+01,3.960735e+01,3.960735e+01,3.921890e+01,3.921890e+01,3.921890e+01,3.921890e+01,3.921890e+01,3.921890e+01,3.921890e+01,3.921890e+01,3.921890e+01,3.921890e+01,3.921890e+01,3.882909e+01,3.882909e+01,3.882909e+01,3.882909e+01,3.882909e+01,3.882909e+01,3.882909e+01,3.882909e+01,3.882909e+01,3.827567e+01,3.841090e+01,3.841090e+01,3.841090e+01,3.841090e+01,3.841090e+01,3.841090e+01,3.841090e+01,3.841090e+01,3.841090e+01,3.841090e+01,3.841090e+01,3.841090e+01,3.841090e+01,3.841090e+01,3.841090e+01,3.841090e+01,3.841090e+01,3.804538e+01,3.804538e+01,3.804538e+01,3.804538e+01,3.804538e+01,3.804538e+01,3.804538e+01,3.804538e+01,3.804538e+01,3.804538e+01,3.804538e+01,3.804538e+01,3.804538e+01,3.804538e+01,3.804538e+01,3.804538e+01,3.804538e+01,3.804538e+01,3.748802e+01,3.754252e+01,3.762422e+01,3.762422e+01,3.762422e+01,3.762422e+01,3.762422e+01,3.762422e+01,3.762422e+01,3.762422e+01,3.762422e+01,3.762422e+01,3.762422e+01,3.762422e+01,3.762422e+01,3.762422e+01,3.762422e+01,3.762422e+01,3.762422e+01,3.762422e+01,3.762422e+01,3.762422e+01,3.762422e+01,3.762422e+01,3.762422e+01,3.762422e+01,3.762422e+01,3.762422e+01
3.588183e+01,3.588183e+01,3.588183e+01,3.588183e+01,3.588183e+01,3.588183e+01,3.644736e+01,3.640608e+01,3.572960e+01,3.606146e+01,3.662607e+01,3.646112e+01,3.646112e+01,3.646112e+01,3.646112e+01,3.702368e+01,3.685933e+01,3.685933e+01,3.741986e+01,3.741986e+01,3.741986e+01,3.741986e+01,3.741986e+01,3.741986e+01,3.797756e+01,3.797756e+01,3.799113e+01,3.799113e+01,3.799113e+01,3.799113e+01,3.799113e+01,3.799113e+01,3.799113e+01,3.854597e+01,3.851897e+01,3.851897e+01,3.851897e+01,3.907120e+01,3.901744e+01,3.956723e+01,3.924573e+01,3.974099e+01,3.996781e+01,4.016756e+01,4.042009e+01,4.042009e+01,4.071178e+01,4.096309e+01,4.130609e+01,4.130609e+01,4.130609e+01,4.184489e+01,4.152981e+01,4.176620e+01,4.177932e+01,4.160866e+01,4.162180e+01,4.177932e+01,4.177932e+01,4.177932e+01,4.177932e+01,4.177932e+01,4.177932e+01,4.177932e+01,4.177932e+01,4.231591e+01,4.200212e+01,4.200212e+01,4.200212e+01,4.200212e+01,4.200212e+01,4.200212e+01,4.146405e+01,4.149036e+01,4.149036e+01,4.149036e+01,4.094987e+01,4.154295e+01,4.124021e+01,4.069854e+01,4.069854e+01,4.065880e+01,4.065880e+01,4.065880e+01,4.065880e+01,4.011433e+01,4.027396e+01,4.027396e+01,4.027396e+01,4.027396e+01,4.027396e+01,4.027396e+01,4.027396e+01,4.081766e+01,4.094987e+01,4.139826e+01,4.159552e+01,4.208064e+01,4.248552e+01,4.300586e+01,4.342044e+01,4.373041e+01,4.398809e+01,4.462980e+01,4.507692e+01,4.550964e+01,4.596609e+01,4.678581e+01,4.673553e+01,4.741256e+01,4.798627e+01,4.852011e+01,4.933494e+01,4.980162e+01,5.026652e+01,5.069316e+01,5.156621e+01,5.218092e+01,5.270882e+01,5.359167e+01,5.404263e+01,5.482206e+01,5.530386e+01,5.605232e+01,5.649466e+01,5.734018e+01,5.775513e+01,5.832926e+01,5.883242e+01,5.970833e+01,6.010455e+01,6.053341e+01,6.115167e+01,6.156599e+01,6.235748e+01,6.303379e+01,6.361868e+01,6.401453e+01,6.467175e+01,6.559747e+01,6.621478e+01,6.685088e+01,6.773017e+01,6.835944e+01,6.926112e+01,6.989417e+01,7.053492e+01,7.150632e+01,7.184945e+01,7.252294e+01,7.311099e+01,7.403472e+01,7.463715e+01,7.551089e+01,7.613764e+01,7.656073e+01,7.735332e+01,7.781293e+01,7.827115e+01,7.887666e+01,7.971643e+01,8.006089e+01,8.067899e+01,8.109946e+01,8.184955e+01,8.229595e+01,8.276041e+01,8.331980e+01,8.377165e+01,8.449004e+01,8.483372e+01,8.536687e+01,8.565176e+01,8.602137e+01,8.688049e+01,8.718153e+01,8.754765e+01,8.789425e+01,8.831480e+01,8.852933e+01,8.852933e+01,8.875289e+01,8.890176e+01,8.918982e+01,8.932902e+01,8.934757e+01,8.951443e+01,8.958855e+01,8.958855e+01,8.958855e+01,8.958855e+01,8.984767e+01,8.984767e+01,8.984767e+01,8.984767e+01,8.984767e+01,8.984767e+01,8.984767e+01,8.984767e+01,8.946810e+01,8.957928e+01,8.957928e+01,8.957928e+01,8.957928e+01,8.957928e+01,8.957928e+01,8.957928e+01,8.957928e+01,8.957928e+01,8.957928e+01,8.957928e+01,8.957928e+01,8.957928e+01,8.937539e+01,8.937539e+01,8.937539e+01,8.937539e+01,8.937539e+01,8.910624e+01,8.910624e+01,8.910624e+01,8.910624e+01,8.910624e+01,8.910624e+01,8.910624e+01,8.872496e+01,8.883665e+01,8.871565e+01,8.873427e+01,8.856661e+01,8.849204e+01,8.849204e+01,8.849204e+01,8.849204e+01,8.849204e+01,8.849204e+01,8.810934e+01,8.822144e+01,8.805325e+01,8.799715e+01,8.799715e+01,8.799715e+01,8.799715e+01,8.799715e+01,8.769762e+01,8.791296e+01,8.768826e+01,8.757578e+01,8.757578e+01,8.719093e+01,8.714393e+01,8.714393e+01,8.714393e+01,8.714393e+01,8.714393e+01,8.680515e+01,8.663550e+01,8.655060e+01,8.655060e+01,8.655060e+01,8.653173e+01,8.617275e+01,8.617275e+01,8.617275e+01,8.578454e+01,8.573713e+01,8.573713e+01,8.573713e+01,8.573713e+01,8.573713e+01,8.529082e+01,8.529082e+01,8.529082e+01,8.529082e+01,8.490047e+01,8.490047e+01,8.470016e+01,8.470016e+01,8.470016e+01,8.470016e+01,8.430836e+01,8.430836e+01,8.419350e+01,8.419350e+01,8.419350e+01,8.419350e+01,8.419350e+01,8.419350e+01,8.395396e+01,8.395396e+01,8.395396e+01,8.355070e+01,8.355070e+01,8.355070e+01,8.355070e+01,8.355070e+01,8.355070e+01,8.355070e+01,8.355070e+01,8.315604e+01,8.359875e+01,8.339680e+01,8.339680e+01,8.339680e+01,8.339680e+01,8.339680e+01,8.339680e+01,8.339680e+01,8.339680e+01,8.339680e+01,8.339680e+01,8.339680e+01,8.339680e+01,8.339680e+01,8.339680e+01,8.339680e+01,8.339680e+01,8.339680e+01,8.339680e+01,8.339680e+01,8.339680e+01,8.339680e+01,8.339680e+01,8.339680e+01,8.339680e+01,8.377165e+01,8.377165e+01,8.377165e+01,8.377165e+01,8.377165e+01,8.377165e+01,8.377165e+01,8.377165e+01,8.408815e+01,8.408815e+01,8.408815e+01,8.408815e+01,8.408815e+01,8.408815e+01,8.449960e+01,8.449960e+01,8.449960e+01,8.449960e+01,8.449960e+01,8.483372e+01,8.483372e+01,8.483372e+01,8.520522e+01,8.520522e+01,8.520522e+01,8.520522e+01,8.520522e+01,8.520522e+01,8.520522e+01,8.547140e+01,8.563279e+01,8.563279e+01,8.563279e+01,8.563279e+01,8.563279e+01,8.563279e+01,8.563279e+01,8.563279e+01,8.563279e+01,8.563279e+01,8.524327e+01,8.533836e+01,8.533836e+01,8.533836e+01,8.533836e+01,8.533836e+01,8.507196e+01,8.507196e+01,8.507196e+01,8.481465e+01,8.464288e+01,8.455693e+01,8.455693e+01,8.416478e+01,8.422223e+01,8.409773e+01,8.371404e+01,8.361798e+01,8.344491e+01,8.292457e+01,8.257672e+01,8.226688e+01,8.194670e+01,8.144086e+01,8.108969e+01,8.062023e+01,8.026720e+01,7.950938e+01,7.912413e+01,7.871807e+01,7.813184e+01,7.776304e+01,7.700269e+01,7.634933e+01,7.582460e+01,7.542983e+01,7.475937e+01,7.405518e+01,7.360437e+01,7.281210e+01,7.221249e+01,7.171437e+01,7.128754e+01,7.060826e+01,6.976779e+01,6.933512e+01,6.851898e+01,6.790110e+01,6.753763e+01,6.667867e+01,6.629041e+01,6.563003e+01,6.490104e+01,6.442019e+01,6.348647e+01,6.300061e+01,6.215726e+01,6.159953e+01,6.111802e+01,6.029658e+01,5.934502e+01,5.850101e+01,5.806548e+01,5.724780e+01,5.628532e+01,5.585394e+01,5.531559e+01,5.429115e+01,5.368674e+01,5.318681e+01,5.239715e+01,5.136063e+01,5.092415e+01,5.014435e+01,4.933494e+01,4.879233e+01,4.798627e+01,4.745005e+01,4.683607e+01,4.623154e+01,4.571273e+01,4.516614e+01,4.441201e+01,4.400096e+01,4.349801e+01,4.305776e+01,4.274598e+01,4.197593e+01,4.173996e+01,4.139826e+01,4.092345e+01,4.052624e+01,3.972763e+01,3.972763e+01,3.936640e+01,3.893676e+01,3.850547e+01,3.808606e+01,3.781462e+01,3.736530e+01,3.706473e+01,3.684562e+01,3.628214e+01,3.628214e+01,3.629592e+01,3.629592e+01,3.629592e+01,3.629592e+01,3.629592e+01,3.629592e+01,3.629592e+01,3.629592e+01,3.629592e+01,3.629592e+01,3.685933e+01,3.669473e+01,3.695523e+01,3.684562e+01,3.684562e+01,3.684562e+01,3.684562e+01,3.740622e+01,3.740622e+01,3.740622e+01,3.740622e+01,3.740622e+01,3.740622e+01,3.740622e+01,3.796399e+01,3.799113e+01,3.796399e+01,3.796399e+01,3.796399e+01,3.796399e+01,3.796399e+01,3.796399e+01,3.796399e+01,3.796399e+01,3.796399e+01,3.796399e+01,3.796399e+01,3.796399e+01,3.842442e+01,3.842442e+01,3.842442e+01,3.842442e+01,3.897711e+01,3.884256e+01,3.884256e+01,3.884256e+01,3.939320e+01,3.923232e+01,3.948694e+01,3.947355e+01,3.947355e+01,3.947355e+01,3.947355e+01,4.007439e+01,4.007439e+01,4.007439e+01,4.007439e+01,4.007439e+01,4.007439e+01,4.007439e+01,4.007439e+01,4.007439e+01,4.007439e+01,4.007439e+01,4.007439e+01,4.007439e+01,4.007439e+01,4.007439e+01,4.007439e+01,4.007439e+01,4.007439e+01,4.007439e+01,4.007439e+01,4.007439e+01,4.007439e+01,3.952709e+01,3.958060e+01,3.958060e+01,3.958060e+01,3.958060e+01,3.958060e+01,3.958060e+01,3.958060e+01,3.958060e+01,3.958060e+01,3.958060e+01,3.958060e+01,3.958060e+01,3.958060e+01,3.921890e+01,3.921890e+01,3.921890e+01,3.921890e+01,3.921890e+01,3.921890e+01,3.921890e+01,3.866740e+01,3.870784e+01,3.882909e+01,3.882909e+01,3.882909e+01,3.882909e+01,3.882909e+01,3.882909e+01,3.882909e+01,3.882909e+01,3.882909e+01,3.882909e+01,3.882909e+01,3.882909e+01,3.841090e+01,3.841090e+01,3.841090e+01,3.841090e+01,3.841090e+01,3.841090e+01,3.841090e+01,3.841090e+01,3.841090e+01,3.841090e+01,3.841090e+01,3.841090e+01,3.841090e+01,3.841090e+01,3.841090e+01,3.841090e+01,3.841090e+01,3.841090e+01,3.804538e+01,3.804538e+01,3.804538e+01,3.804538e+01,3.804538e+01,3.804538e+01,3.804538e+01,3.804538e+01,3.804538e+01,3.804538e+01,3.804538e+01,3.804538e+01,3.804538e+01,3.804538e+01,3.804538e+01,3.748802e+01,3.804538e+01,3.771946e+01,3.771946e+01,3.771946e+01,3.771946e+01,3.771946e+01,3.771946e+01,3.771946e+01,3.771946e+01,3.771946e+01,3.771946e+01,3.771946e+01,3.771946e+01,3.771946e+01,3.771946e+01,3.771946e+01,3.771946e+01,3.771946e+01,3.771946e+01,3.771946e+01,3.771946e+01,3.771946e+01,3.771946e+01,3.716046e+01,3.748802e+01,3.748802e+01,3.748802e+01
3.588183e+01,3.588183e+01,3.588183e+01,3.588183e+01,3.588183e+01,3.588183e+01,3.588183e+01,3.588183e+01,3.588183e+01,3.644736e+01,3.646112e+01,3.646112e+01,3.646112e+01,3.646112e+01,3.646112e+01,3.702368e+01,3.702368e+01,3.702368e+01,3.702368e+01,3.741986e+01,3.741986e+01,3.741986e+01,3.741986e+01,3.797756e+01,3.784180e+01,3.784180e+01,3.784180e+01,3.784180e+01,3.784180e+01,3.784180e+01,3.839738e+01,3.823506e+01,3.793685e+01,3.831625e+01,3.831625e+01,3.886948e+01,3.886948e+01,3.890985e+01,3.915179e+01,3.923232e+01,3.931279e+01,3.956723e+01,3.996781e+01,3.996781e+01,4.042009e+01,4.059254e+01,4.116110e+01,4.112152e+01,4.122703e+01,4.176620e+01,4.168746e+01,4.171371e+01,4.160866e+01,4.160866e+01,4.160866e+01,4.160866e+01,4.160866e+01,4.160866e+01,4.160866e+01,4.214605e+01,4.198902e+01,4.198902e+01,4.198902e+01,4.198902e+01,4.198902e+01,4.198902e+01,4.198902e+01,4.198902e+01,4.198902e+01,4.198902e+01,4.198902e+01,4.198902e+01,4.198902e+01,4.149036e+01,4.149036e+01,4.149036e+01,4.149036e+01,4.149036e+01,4.094987e+01,4.085734e+01,4.085734e+01,4.085734e+01,4.031383e+01,4.047318e+01,4.023407e+01,4.027396e+01,4.027396e+01,4.027396e+01,4.027396e+01,4.027396e+01,4.027396e+01,4.027396e+01,4.027396e+01,4.081766e+01,4.118748e+01,4.122703e+01,4.166120e+01,4.202830e+01,4.255069e+01,4.295393e+01,4.342044e+01,4.365300e+01,4.414242e+01,4.465540e+01,4.510242e+01,4.553505e+01,4.599140e+01,4.662232e+01,4.684864e+01,4.743756e+01,4.801115e+01,4.854489e+01,4.935955e+01,4.982613e+01,5.029094e+01,5.071750e+01,5.159038e+01,5.220496e+01,5.273277e+01,5.361544e+01,5.406631e+01,5.484560e+01,5.532732e+01,5.607564e+01,5.651790e+01,5.736327e+01,5.777814e+01,5.835218e+01,5.885524e+01,5.926542e+01,5.998016e+01,6.042068e+01,6.105070e+01,6.193444e+01,6.244637e+01,6.305591e+01,6.364070e+01,6.448586e+01,6.475915e+01,6.563003e+01,6.624720e+01,6.732338e+01,6.781566e+01,6.840201e+01,6.930341e+01,6.993628e+01,7.065015e+01,7.141260e+01,7.222285e+01,7.260562e+01,7.357358e+01,7.411655e+01,7.468809e+01,7.514576e+01,7.605692e+01,7.652048e+01,7.735332e+01,7.785283e+01,7.831093e+01,7.891628e+01,7.935145e+01,7.997239e+01,8.062023e+01,8.147009e+01,8.192728e+01,8.233471e+01,8.279905e+01,8.335831e+01,8.381005e+01,8.452827e+01,8.487186e+01,8.532885e+01,8.569920e+01,8.644678e+01,8.691815e+01,8.726609e+01,8.759454e+01,8.794103e+01,8.827746e+01,8.843609e+01,8.893896e+01,8.885526e+01,8.902262e+01,8.913410e+01,8.913410e+01,8.934757e+01,8.972741e+01,8.961633e+01,8.961633e+01,8.961633e+01,8.999556e+01,8.991238e+01,8.991238e+01,8.991238e+01,8.991238e+01,8.991238e+01,8.991238e+01,8.991238e+01,8.953297e+01,8.956076e+01,8.956076e+01,8.956076e+01,8.956076e+01,8.956076e+01,8.956076e+01,8.956076e+01,8.956076e+01,8.956076e+01,8.956076e+01,8.956076e+01,8.956076e+01,8.956076e+01,8.918053e+01,8.926407e+01,8.926407e+01,8.926407e+01,8.926407e+01,8.926407e+01,8.926407e+01,8.926407e+01,8.926407e+01,8.888316e+01,8.899474e+01,8.899474e+01,8.899474e+01,8.899474e+01,8.899474e+01,8.899474e+01,8.899474e+01,8.899474e+01,8.887386e+01,8.865046e+01,8.865046e+01,8.865046e+01,8.865046e+01,8.826813e+01,8.822144e+01,8.822144e+01,8.822144e+01,8.822144e+01,8.822144e+01,8.822144e+01,8.799715e+01,8.787553e+01,8.778192e+01,8.782874e+01,8.774446e+01,8.774446e+01,8.774446e+01,8.757578e+01,8.730366e+01,8.730366e+01,8.730366e+01,8.730366e+01,8.691815e+01,8.691815e+01,8.691815e+01,8.691815e+01,8.655060e+01,8.655060e+01,8.655060e+01,8.655060e+01,8.655060e+01,8.617275e+01,8.590773e+01,8.590773e+01,8.590773e+01,8.590773e+01,8.590773e+01,8.551888e+01,8.540489e+01,8.540489e+01,8.540489e+01,8.540489e+01,8.529082e+01,8.511005e+01,8.492906e+01,8.481465e+01,8.481465e+01,8.481465e+01,8.481465e+01,8.430836e+01,8.430836e+01,8.430836e+01,8.430836e+01,8.430836e+01,8.430836e+01,8.391560e+01,8.393478e+01,8.393478e+01,8.393478e+01,8.355070e+01,8.355070e+01,8.355070e+01,8.355070e+01,8.355070e+01,8.355070e+01,8.355070e+01,8.355070e+01,8.355070e+01,8.355070e+01,8.315604e+01,8.327165e+01,8.327165e+01,8.327165e+01,8.327165e+01,8.327165e+01,8.327165e+01,8.327165e+01,8.327165e+01,8.327165e+01,8.327165e+01,8.327165e+01,8.327165e+01,8.327165e+01,8.327165e+01,8.327165e+01,8.327165e+01,8.327165e+01,8.327165e+01,8.327165e+01,8.366602e+01,8.355070e+01,8.355070e+01,8.355070e+01,8.355070e+01,8.355070e+01,8.355070e+01,8.355070e+01,8.377165e+01,8.377165e+01,8.377165e+01,8.377165e+01,8.408815e+01,8.408815e+01,8.408815e+01,8.408815e+01,8.408815e+01,8.408815e+01,8.408815e+01,8.449960e+01,8.449960e+01,8.449960e+01,8.449960e+01,8.483372e+01,8.483372e+01,8.483372e+01,8.520522e+01,8.520522e+01,8.520522e+01,8.520522e+01,8.520522e+01,8.520522e+01,8.520522e+01,8.547140e+01,8.547140e+01,8.547140e+01,8.547140e+01,8.547140e+01,8.547140e+01,8.547140e+01,8.547140e+01,8.547140e+01,8.547140e+01,8.547140e+01,8.547140e+01,8.547140e+01,8.547140e+01,8.547140e+01,8.508148e+01,8.506244e+01,8.508148e+01,8.508148e+01,8.469062e+01,8.477650e+01,8.477650e+01,8.455693e+01,8.438489e+01,8.428922e+01,8.389641e+01,8.395396e+01,8.383884e+01,8.361798e+01,8.327165e+01,8.287630e+01,8.261541e+01,8.221841e+01,8.189813e+01,8.139213e+01,8.104086e+01,8.057124e+01,8.021810e+01,7.986415e+01,7.920323e+01,7.874782e+01,7.811192e+01,7.771313e+01,7.695253e+01,7.671155e+01,7.590545e+01,7.547037e+01,7.475937e+01,7.401425e+01,7.356332e+01,7.277083e+01,7.217104e+01,7.167278e+01,7.124583e+01,7.056635e+01,7.015712e+01,6.943021e+01,6.858275e+01,6.793313e+01,6.753763e+01,6.664635e+01,6.625800e+01,6.559747e+01,6.486831e+01,6.438734e+01,6.345340e+01,6.251300e+01,6.206818e+01,6.155481e+01,6.107314e+01,6.025142e+01,5.929954e+01,5.845523e+01,5.801955e+01,5.720157e+01,5.671526e+01,5.595900e+01,5.490445e+01,5.419653e+01,5.363921e+01,5.313909e+01,5.234913e+01,5.131221e+01,5.087556e+01,5.009545e+01,4.928571e+01,4.874289e+01,4.793649e+01,4.740005e+01,4.678581e+01,4.618103e+01,4.566199e+01,4.511517e+01,4.446329e+01,4.393660e+01,4.344630e+01,4.310964e+01,4.268092e+01,4.214605e+01,4.173996e+01,4.127974e+01,4.097630e+01,4.045991e+01,3.990114e+01,3.972763e+01,3.931279e+01,3.888294e+01,3.845144e+01,3.816735e+01,3.765144e+01,3.741986e+01,3.720145e+01,3.673590e+01,3.646112e+01,3.646112e+01,3.589566e+01,3.606146e+01,3.606146e+01,3.606146e+01,3.606146e+01,3.606146e+01,3.662607e+01,3.646112e+01,3.646112e+01,3.646112e+01,3.646112e+01,3.646112e+01,3.695523e+01,3.695523e+01,3.695523e+01,3.695523e+01,3.695523e+01,3.740622e+01,3.740622e+01,3.740622e+01,3.740622e+01,3.740622e+01,3.740622e+01,3.796399e+01,3.782821e+01,3.782821e+01,3.782821e+01,3.782821e+01,3.782821e+01,3.782821e+01,3.782821e+01,3.782821e+01,3.782821e+01,3.782821e+01,3.782821e+01,3.782821e+01,3.838387e+01,3.838387e+01,3.826213e+01,3.826213e+01,3.826213e+01,3.881563e+01,3.881563e+01,3.881563e+01,3.881563e+01,3.881563e+01,3.939320e+01,3.939320e+01,3.939320e+01,3.939320e+01,3.939320e+01,3.994115e+01,3.986113e+01,3.991448e+01,3.991448e+01,3.991448e+01,3.991448e+01,3.991448e+01,4.045991e+01,4.030054e+01,4.030054e+01,4.030054e+01,4.030054e+01,4.030054e+01,4.030054e+01,4.030054e+01,4.030054e+01,4.030054e+01,4.030054e+01,4.030054e+01,4.030054e+01,4.030054e+01,3.975434e+01,3.991448e+01,4.022078e+01,3.984778e+01,3.968755e+01,3.968755e+01,3.968755e+01,3.968755e+01,3.968755e+01,3.968755e+01,3.968755e+01,3.968755e+01,3.968755e+01,3.968755e+01,3.968755e+01,3.913836e+01,3.917863e+01,3.920548e+01,3.920548e+01,3.920548e+01,3.920548e+01,3.920548e+01,3.920548e+01,3.920548e+01,3.920548e+01,3.920548e+01,3.882909e+01,3.882909e+01,3.882909e+01,3.882909e+01,3.882909e+01,3.882909e+01,3.882909e+01,3.882909e+01,3.882909e+01,3.882909e+01,3.882909e+01,3.882909e+01,3.882909e+01,3.882909e+01,3.841090e+01,3.841090e+01,3.841090e+01,3.841090e+01,3.841090e+01,3.841090e+01,3.841090e+01,3.841090e+01,3.841090e+01,3.841090e+01,3.841090e+01,3.841090e+01,3.841090e+01,3.841090e+01,3.841090e+01,3.841090e+01,3.841090e+01,3.804538e+01,3.804538e+01,3.804538e+01,3.804538e+01,3.804538e+01,3.804538e+01,3.804538e+01,3.804538e+01,3.804538e+01,3.804538e+01,3.804538e+01,3.804538e+01,3.804538e+01,3.804538e+01,3.804538e+01,3.804538e+01,3.804538e+01,3.804538e+01,3.771946e+01,3.771946e+01,3.771946e+01,3.771946e+01,3.771946e+01,3.771946e+01,3.771946e+01,3.771946e+01,3.771946e+01,3.771946e+01,3.771946e+01,3.771946e+01,3.771946e+01,3.771946e+01,3.771946e+01,3.771946e+01,3.771946e+01,3.771946e+01,3.771946e+01,3.716046e+01,3.724244e+01,3.740622e+01,3.740622e+01,3.740622e+01
3.588183e+01,3.588183e+01,3.588183e+01,3.588183e+01,3.588183e+01,3.588183e+01,3.588183e+01,3.644736e+01,3.636478e+01,3.630970e+01,3.630970e+01,3.630970e+01,3.687303e+01,3.670845e+01,3.637855e+01,3.676334e+01,3.732436e+01,3.716046e+01,3.733801e+01,3.739258e+01,3.739258e+01,3.739258e+01,3.739258e+01,3.797756e+01,3.797756e+01,3.797756e+01,3.797756e+01,3.797756e+01,3.797756e+01,3.797756e+01,3.797756e+01,3.797756e+01,3.853247e+01,3.841090e+01,3.864043e+01,3.870784e+01,3.870784e+01,3.870784e+01,3.915179e+01,3.915179e+01,3.970091e+01,3.972763e+01,3.988781e+01,4.011433e+01,4.024737e+01,4.064555e+01,4.098951e+01,4.098951e+01,4.152981e+01,4.106874e+01,4.138510e+01,4.156924e+01,4.156924e+01,4.156924e+01,4.156924e+01,4.156924e+01,4.156924e+01,4.210681e+01,4.202830e+01,4.197593e+01,4.197593e+01,4.197593e+01,4.197593e+01,4.197593e+01,4.197593e+01,4.197593e+01,4.197593e+01,4.197593e+01,4.197593e+01,4.197593e+01,4.197593e+01,4.197593e+01,4.143774e+01,4.156924e+01,4.156924e+01,4.156924e+01,4.102913e+01,4.110833e+01,4.112152e+01,4.112152e+01,4.057928e+01,4.057928e+01,4.048645e+01,4.048645e+01,4.048645e+01,4.048645e+01,4.048645e+01,3.994115e+01,4.010102e+01,4.010102e+01,4.010102e+01,4.010102e+01,4.064555e+01,4.083089e+01,4.110833e+01,4.137194e+01,4.160866e+01,4.209373e+01,4.249856e+01,4.301883e+01,4.325219e+01,4.370461e+01,4.419382e+01,4.470657e+01,4.515340e+01,4.558584e+01,4.604200e+01,4.645860e+01,4.689887e+01,4.748754e+01,4.806091e+01,4.859442e+01,4.890352e+01,4.971579e+01,5.021767e+01,5.068100e+01,5.159038e+01,5.224102e+01,5.276867e+01,5.365110e+01,5.410184e+01,5.488091e+01,5.536249e+01,5.611061e+01,5.655275e+01,5.739790e+01,5.781266e+01,5.838654e+01,5.888947e+01,5.976500e+01,6.007064e+01,6.046579e+01,6.109558e+01,6.197904e+01,6.249079e+01,6.310013e+01,6.368473e+01,6.444209e+01,6.481374e+01,6.567342e+01,6.636598e+01,6.722687e+01,6.776224e+01,6.839137e+01,6.933512e+01,6.997837e+01,7.069204e+01,7.145426e+01,7.226427e+01,7.271922e+01,7.348118e+01,7.406541e+01,7.467789e+01,7.517622e+01,7.609729e+01,7.656073e+01,7.698263e+01,7.776304e+01,7.826120e+01,7.890638e+01,7.938107e+01,8.001173e+01,8.065941e+01,8.110922e+01,8.183984e+01,8.227657e+01,8.277007e+01,8.335831e+01,8.383884e+01,8.455693e+01,8.490047e+01,8.535737e+01,8.572765e+01,8.647511e+01,8.694640e+01,8.729427e+01,8.762266e+01,8.796909e+01,8.853865e+01,8.853865e+01,8.882734e+01,8.882734e+01,8.940321e+01,8.918053e+01,8.930119e+01,8.943102e+01,8.961633e+01,8.961633e+01,8.961633e+01,8.961633e+01,8.961633e+01,8.991238e+01,8.991238e+01,8.991238e+01,8.991238e+01,8.991238e+01,8.991238e+01,8.991238e+01,8.953297e+01,8.991238e+01,8.969039e+01,8.969039e+01,8.969039e+01,8.969039e+01,8.969039e+01,8.969039e+01,8.969039e+01,8.969039e+01,8.969039e+01,8.931046e+01,8.942175e+01,8.964410e+01,8.937539e+01,8.926407e+01,8.926407e+01,8.926407e+01,8.926407e+01,8.926407e+01,8.926407e+01,8.926407e+01,8.926407e+01,8.926407e+01,8.926407e+01,8.926407e+01,8.899474e+01,8.899474e+01,8.899474e+01,8.899474e+01,8.899474e+01,8.899474e+01,8.861320e+01,8.863184e+01,8.863184e+01,8.863184e+01,8.863184e+01,8.863184e+01,8.822144e+01,8.822144e+01,8.822144e+01,8.822144e+01,8.822144e+01,8.822144e+01,8.822144e+01,8.822144e+01,8.816540e+01,8.794103e+01,8.794103e+01,8.774446e+01,8.774446e+01,8.774446e+01,8.730366e+01,8.730366e+01,8.730366e+01,8.730366e+01,8.691815e+01,8.691815e+01,8.691815e+01,8.691815e+01,8.691815e+01,8.691815e+01,8.655060e+01,8.655060e+01,8.655060e+01,8.617275e+01,8.635234e+01,8.612546e+01,8.601190e+01,8.601190e+01,8.601190e+01,8.590773e+01,8.556635e+01,8.556635e+01,8.556635e+01,8.517667e+01,8.529082e+01,8.529082e+01,8.492906e+01,8.492906e+01,8.492906e+01,8.492906e+01,8.453783e+01,8.443269e+01,8.443269e+01,8.443269e+01,8.443269e+01,8.404024e+01,8.404024e+01,8.404024e+01,8.404024e+01,8.404024e+01,8.404024e+01,8.404024e+01,8.394437e+01,8.371404e+01,8.371404e+01,8.371404e+01,8.371404e+01,8.371404e+01,8.371404e+01,8.331980e+01,8.371404e+01,8.343529e+01,8.371404e+01,8.348338e+01,8.336794e+01,8.336794e+01,8.336794e+01,8.336794e+01,8.336794e+01,8.336794e+01,8.336794e+01,8.336794e+01,8.336794e+01,8.336794e+01,8.336794e+01,8.336794e+01,8.336794e+01,8.336794e+01,8.336794e+01,8.336794e+01,8.336794e+01,8.336794e+01,8.336794e+01,8.336794e+01,8.376205e+01,8.364680e+01,8.364680e+01,8.364680e+01,8.364680e+01,8.364680e+01,8.364680e+01,8.364680e+01,8.404024e+01,8.396355e+01,8.396355e+01,8.396355e+01,8.396355e+01,8.396355e+01,8.435619e+01,8.435619e+01,8.437532e+01,8.437532e+01,8.437532e+01,8.476696e+01,8.470971e+01,8.470971e+01,8.470971e+01,8.481465e+01,8.504339e+01,8.504339e+01,8.504339e+01,8.504339e+01,8.504339e+01,8.543340e+01,8.545239e+01,8.545239e+01,8.545239e+01,8.545239e+01,8.545239e+01,8.545239e+01,8.545239e+01,8.545239e+01,8.545239e+01,8.545239e+01,8.545239e+01,8.545239e+01,8.545239e+01,8.545239e+01,8.506244e+01,8.515764e+01,8.515764e+01,8.515764e+01,8.476696e+01,8.478604e+01,8.478604e+01,8.478604e+01,8.455693e+01,8.416478e+01,8.416478e+01,8.401148e+01,8.401148e+01,8.361798e+01,8.345453e+01,8.324276e+01,8.291492e+01,8.256705e+01,8.218932e+01,8.186899e+01,8.136288e+01,8.101154e+01,8.054185e+01,8.018864e+01,7.943044e+01,7.912413e+01,7.870815e+01,7.807209e+01,7.767319e+01,7.699266e+01,7.666129e+01,7.586503e+01,7.542983e+01,7.471864e+01,7.439239e+01,7.365567e+01,7.283274e+01,7.220213e+01,7.167278e+01,7.121455e+01,7.053492e+01,7.012560e+01,6.939852e+01,6.855087e+01,6.790110e+01,6.750552e+01,6.661404e+01,6.622559e+01,6.556490e+01,6.483557e+01,6.435449e+01,6.342032e+01,6.293422e+01,6.217952e+01,6.164424e+01,6.067980e+01,6.016106e+01,5.926542e+01,5.842089e+01,5.798509e+01,5.716690e+01,5.668045e+01,5.592399e+01,5.535077e+01,5.431479e+01,5.372237e+01,5.269685e+01,5.225304e+01,5.177145e+01,5.099701e+01,5.018102e+01,4.933494e+01,4.875525e+01,4.791159e+01,4.736254e+01,4.674810e+01,4.614313e+01,4.562392e+01,4.507692e+01,4.442484e+01,4.389796e+01,4.349801e+01,4.304479e+01,4.264187e+01,4.219834e+01,4.167433e+01,4.133244e+01,4.091023e+01,4.042009e+01,4.006107e+01,3.971427e+01,3.925914e+01,3.882909e+01,3.895021e+01,3.831625e+01,3.796399e+01,3.756976e+01,3.713311e+01,3.690044e+01,3.690044e+01,3.646112e+01,3.606146e+01,3.606146e+01,3.606146e+01,3.606146e+01,3.606146e+01,3.606146e+01,3.662607e+01,3.662607e+01,3.662607e+01,3.662607e+01,3.662607e+01,3.662607e+01,3.662607e+01,3.695523e+01,3.695523e+01,3.695523e+01,3.695523e+01,3.740622e+01,3.740622e+01,3.740622e+01,3.740622e+01,3.740622e+01,3.796399e+01,3.782821e+01,3.782821e+01,3.782821e+01,3.782821e+01,3.782821e+01,3.782821e+01,3.838387e+01,3.805894e+01,3.805894e+01,3.805894e+01,3.805894e+01,3.805894e+01,3.805894e+01,3.805894e+01,3.805894e+01,3.861345e+01,3.845144e+01,3.866740e+01,3.864043e+01,3.864043e+01,3.864043e+01,3.919206e+01,3.919206e+01,3.921890e+01,3.921890e+01,3.921890e+01,3.976770e+01,3.976770e+01,3.976770e+01,3.976770e+01,3.976770e+01,3.976770e+01,4.031383e+01,4.015426e+01,4.036697e+01,4.032712e+01,4.032712e+01,4.032712e+01,4.032712e+01,4.032712e+01,4.032712e+01,4.032712e+01,4.032712e+01,4.032712e+01,4.032712e+01,4.032712e+01,4.032712e+01,3.978105e+01,3.986113e+01,3.988781e+01,4.008770e+01,4.010102e+01,3.994115e+01,3.994115e+01,3.994115e+01,3.994115e+01,3.994115e+01,3.994115e+01,3.939320e+01,3.955385e+01,3.955385e+01,3.955385e+01,3.955385e+01,3.955385e+01,3.955385e+01,3.917863e+01,3.917863e+01,3.917863e+01,3.917863e+01,3.917863e+01,3.917863e+01,3.917863e+01,3.917863e+01,3.917863e+01,3.862694e+01,3.874828e+01,3.874828e+01,3.874828e+01,3.874828e+01,3.874828e+01,3.874828e+01,3.874828e+01,3.874828e+01,3.874828e+01,3.874828e+01,3.874828e+01,3.874828e+01,3.874828e+01,3.874828e+01,3.874828e+01,3.874828e+01,3.874828e+01,3.841090e+01,3.841090e+01,3.841090e+01,3.841090e+01,3.841090e+01,3.841090e+01,3.841090e+01,3.841090e+01,3.841090e+01,3.841090e+01,3.841090e+01,3.841090e+01,3.841090e+01,3.785538e+01,3.797756e+01,3.797756e+01,3.797756e+01,3.797756e+01,3.797756e+01,3.797756e+01,3.797756e+01,3.797756e+01,3.797756e+01,3.797756e+01,3.797756e+01,3.797756e+01,3.797756e+01,3.797756e+01,3.797756e+01,3.797756e+01,3.797756e+01,3.797756e+01,3.797756e+01,3.797756e+01,3.797756e+01,3.797756e+01,3.797756e+01,3.741986e+01,3.758338e+01,3.758338e+01,3.758338e+01,3.758338e+01,3.758338e+01,3.758338e+01,3.758338e+01,3.758338e+01,3.758338e+01,3.758338e+01,3.758338e+01,3.758338e+01,3.758338e+01,3.758338e+01,3.758338e+01,3.758338e+01,3.758338e+01,3.758338e+01
3.588183e+01,3.588183e+01,3.588183e+01,3.588183e+01,3.588183e+01,3.588183e+01,3.588183e+01,3.644736e+01,3.644736e+01,3.644736e+01,3.644736e+01,3.644736e+01,3.644736e+01,3.644736e+01,3.644736e+01,3.676334e+01,3.716046e+01,3.716046e+01,3.716046e+01,3.716046e+01,3.716046e+01,3.771946e+01,3.771946e+01,3.780103e+01,3.780103e+01,3.780103e+01,3.780103e+01,3.780103e+01,3.835683e+01,3.819444e+01,3.819444e+01,3.819444e+01,3.819444e+01,3.819444e+01,3.864043e+01,3.864043e+01,3.864043e+01,3.919206e+01,3.905777e+01,3.927256e+01,3.954047e+01,3.954047e+01,4.043336e+01,4.011433e+01,4.042009e+01,4.068529e+01,4.089701e+01,4.110833e+01,4.160866e+01,4.147721e+01,4.145090e+01,4.145090e+01,4.145090e+01,4.145090e+01,4.145090e+01,4.145090e+01,4.145090e+01,4.210681e+01,4.210681e+01,4.210681e+01,4.210681e+01,4.210681e+01,4.210681e+01,4.210681e+01,4.210681e+01,4.156924e+01,4.172684e+01,4.172684e+01,4.172684e+01,4.172684e+01,4.172684e+01,4.172684e+01,4.172684e+01,4.172684e+01,4.172684e+01,4.172684e+01,4.102913e+01,4.102913e+01,4.102913e+01,4.102913e+01,4.102913e+01,4.057928e+01,4.057928e+01,4.057928e+01,4.003443e+01,4.035369e+01,4.014095e+01,4.011433e+01,4.011433e+01,4.011433e+01,4.011433e+01,4.011433e+01,4.011433e+01,4.083089e+01,4.101593e+01,4.137194e+01,4.181867e+01,4.204139e+01,4.256372e+01,4.286300e+01,4.330399e+01,4.321333e+01,4.406528e+01,4.460420e+01,4.507692e+01,4.553505e+01,4.601670e+01,4.645860e+01,4.692398e+01,4.751253e+01,4.808577e+01,4.854489e+01,4.896524e+01,4.974032e+01,5.024210e+01,5.070533e+01,5.161454e+01,5.226505e+01,5.279260e+01,5.367486e+01,5.412552e+01,5.490445e+01,5.538594e+01,5.613392e+01,5.657598e+01,5.742097e+01,5.783566e+01,5.840944e+01,5.891229e+01,5.971967e+01,6.012716e+01,6.048833e+01,6.111802e+01,6.200133e+01,6.251300e+01,6.312224e+01,6.370675e+01,6.446397e+01,6.483557e+01,6.569512e+01,6.638757e+01,6.724832e+01,6.778361e+01,6.841264e+01,6.935626e+01,6.999941e+01,7.071297e+01,7.147509e+01,7.228498e+01,7.273987e+01,7.350172e+01,7.366592e+01,7.456580e+01,7.549063e+01,7.615781e+01,7.658085e+01,7.741335e+01,7.784286e+01,7.829104e+01,7.893609e+01,7.941070e+01,8.004123e+01,8.068878e+01,8.113851e+01,8.186899e+01,8.230564e+01,8.279905e+01,8.338718e+01,8.386763e+01,8.458559e+01,8.492906e+01,8.538589e+01,8.575610e+01,8.650342e+01,8.697462e+01,8.732244e+01,8.765077e+01,8.799715e+01,8.842677e+01,8.854797e+01,8.876220e+01,8.929191e+01,8.934757e+01,8.924551e+01,8.924551e+01,8.924551e+01,8.961633e+01,8.961633e+01,8.961633e+01,8.961633e+01,8.961633e+01,8.991238e+01,8.991238e+01,8.991238e+01,8.991238e+01,8.991238e+01,8.991238e+01,8.991238e+01,8.991238e+01,8.991238e+01,8.991238e+01,8.991238e+01,8.991238e+01,8.969039e+01,8.969039e+01,8.969039e+01,8.969039e+01,8.969039e+01,8.969039e+01,8.969039e+01,8.969039e+01,8.969039e+01,8.937539e+01,8.937539e+01,8.937539e+01,8.937539e+01,8.937539e+01,8.937539e+01,8.937539e+01,8.937539e+01,8.937539e+01,8.937539e+01,8.899474e+01,8.897614e+01,8.899474e+01,8.899474e+01,8.899474e+01,8.899474e+01,8.899474e+01,8.899474e+01,8.899474e+01,8.863184e+01,8.863184e+01,8.863184e+01,8.863184e+01,8.863184e+01,8.863184e+01,8.822144e+01,8.860388e+01,8.838012e+01,8.838012e+01,8.838012e+01,8.799715e+01,8.810934e+01,8.798780e+01,8.800650e+01,8.788490e+01,8.781001e+01,8.781001e+01,8.781001e+01,8.768826e+01,8.746323e+01,8.746323e+01,8.707811e+01,8.704049e+01,8.704049e+01,8.704049e+01,8.704049e+01,8.704049e+01,8.704049e+01,8.655060e+01,8.655060e+01,8.655060e+01,8.617275e+01,8.622948e+01,8.619167e+01,8.619167e+01,8.619167e+01,8.580350e+01,8.580350e+01,8.568023e+01,8.568023e+01,8.568023e+01,8.568023e+01,8.529082e+01,8.551888e+01,8.527180e+01,8.504339e+01,8.504339e+01,8.504339e+01,8.504339e+01,8.482419e+01,8.459514e+01,8.459514e+01,8.459514e+01,8.459514e+01,8.404024e+01,8.404024e+01,8.404024e+01,8.404024e+01,8.404024e+01,8.404024e+01,8.404024e+01,8.404024e+01,8.371404e+01,8.371404e+01,8.371404e+01,8.371404e+01,8.371404e+01,8.371404e+01,8.371404e+01,8.371404e+01,8.331980e+01,8.340643e+01,8.340643e+01,8.340643e+01,8.340643e+01,8.340643e+01,8.340643e+01,8.340643e+01,8.340643e+01,8.340643e+01,8.340643e+01,8.340643e+01,8.340643e+01,8.340643e+01,8.340643e+01,8.340643e+01,8.340643e+01,8.340643e+01,8.340643e+01,8.340643e+01,8.340643e+01,8.340643e+01,8.340643e+01,8.340643e+01,8.340643e+01,8.340643e+01,8.364680e+01,8.364680e+01,8.364680e+01,8.364680e+01,8.404024e+01,8.404024e+01,8.404024e+01,8.404024e+01,8.404024e+01,8.404024e+01,8.404024e+01,8.435619e+01,8.435619e+01,8.435619e+01,8.474788e+01,8.467152e+01,8.467152e+01,8.467152e+01,8.467152e+01,8.467152e+01,8.504339e+01,8.504339e+01,8.504339e+01,8.504339e+01,8.543340e+01,8.533836e+01,8.533836e+01,8.533836e+01,8.533836e+01,8.533836e+01,8.572765e+01,8.561381e+01,8.561381e+01,8.561381e+01,8.561381e+01,8.522424e+01,8.533836e+01,8.533836e+01,8.533836e+01,8.533836e+01,8.533836e+01,8.494812e+01,8.506244e+01,8.491000e+01,8.489094e+01,8.449960e+01,8.461424e+01,8.449004e+01,8.432750e+01,8.428922e+01,8.428922e+01,8.401148e+01,8.385803e+01,8.373325e+01,8.344491e+01,8.315604e+01,8.288596e+01,8.253802e+01,8.216022e+01,8.183984e+01,8.133364e+01,8.098223e+01,8.051244e+01,8.015917e+01,7.946992e+01,7.907467e+01,7.867840e+01,7.804221e+01,7.764324e+01,7.696256e+01,7.663113e+01,7.583471e+01,7.539942e+01,7.475937e+01,7.434135e+01,7.362489e+01,7.280179e+01,7.217104e+01,7.164159e+01,7.118324e+01,7.050347e+01,7.009406e+01,6.936683e+01,6.851898e+01,6.786906e+01,6.747339e+01,6.702289e+01,6.633360e+01,6.520616e+01,6.474822e+01,6.432163e+01,6.338723e+01,6.290101e+01,6.214613e+01,6.161071e+01,6.110681e+01,6.027400e+01,5.935639e+01,5.848957e+01,5.803103e+01,5.719001e+01,5.668045e+01,5.590064e+01,5.532732e+01,5.429115e+01,5.369862e+01,5.316295e+01,5.238515e+01,5.138484e+01,5.092415e+01,5.015657e+01,4.931033e+01,4.873052e+01,4.839618e+01,4.750004e+01,4.686120e+01,4.623154e+01,4.568736e+01,4.511517e+01,4.443766e+01,4.396235e+01,4.344630e+01,4.309667e+01,4.257675e+01,4.217220e+01,4.172684e+01,4.134560e+01,4.080443e+01,4.047318e+01,4.007439e+01,3.960735e+01,3.931279e+01,3.952709e+01,3.897711e+01,3.839738e+01,3.800470e+01,3.756976e+01,3.724244e+01,3.690044e+01,3.672218e+01,3.641985e+01,3.617186e+01,3.617186e+01,3.617186e+01,3.617186e+01,3.617186e+01,3.617186e+01,3.662607e+01,3.662607e+01,3.662607e+01,3.662607e+01,3.662607e+01,3.662607e+01,3.718779e+01,3.706473e+01,3.706473e+01,3.706473e+01,3.706473e+01,3.706473e+01,3.740622e+01,3.740622e+01,3.740622e+01,3.796399e+01,3.782821e+01,3.782821e+01,3.782821e+01,3.782821e+01,3.782821e+01,3.782821e+01,3.838387e+01,3.830272e+01,3.816735e+01,3.816735e+01,3.816735e+01,3.816735e+01,3.816735e+01,3.816735e+01,3.816735e+01,3.816735e+01,3.861345e+01,3.861345e+01,3.861345e+01,3.861345e+01,3.916521e+01,3.908464e+01,3.905777e+01,3.905777e+01,3.905777e+01,3.960735e+01,3.960735e+01,3.959398e+01,3.959398e+01,3.959398e+01,3.959398e+01,4.014095e+01,4.014095e+01,4.014095e+01,4.014095e+01,4.014095e+01,4.014095e+01,4.014095e+01,4.014095e+01,4.014095e+01,4.068529e+01,4.052624e+01,4.052624e+01,4.052624e+01,3.998114e+01,4.014095e+01,4.014095e+01,4.014095e+01,4.014095e+01,4.014095e+01,4.014095e+01,4.014095e+01,4.014095e+01,4.014095e+01,3.959398e+01,3.975434e+01,3.975434e+01,3.975434e+01,3.975434e+01,3.975434e+01,3.975434e+01,3.975434e+01,3.975434e+01,3.975434e+01,3.920548e+01,3.917863e+01,3.920548e+01,3.920548e+01,3.920548e+01,3.920548e+01,3.920548e+01,3.920548e+01,3.920548e+01,3.920548e+01,3.920548e+01,3.920548e+01,3.920548e+01,3.920548e+01,3.874828e+01,3.874828e+01,3.874828e+01,3.874828e+01,3.874828e+01,3.874828e+01,3.874828e+01,3.874828e+01,3.874828e+01,3.874828e+01,3.874828e+01,3.874828e+01,3.874828e+01,3.874828e+01,3.819444e+01,3.831625e+01,3.831625e+01,3.831625e+01,3.831625e+01,3.831625e+01,3.831625e+01,3.831625e+01,3.831625e+01,3.831625e+01,3.831625e+01,3.831625e+01,3.831625e+01,3.831625e+01,3.831625e+01,3.831625e+01,3.831625e+01,3.831625e+01,3.831625e+01,3.797756e+01,3.797756e+01,3.797756e+01,3.797756e+01,3.797756e+01,3.797756e+01,3.797756e+01,3.797756e+01,3.797756e+01,3.797756e+01,3.797756e+01,3.797756e+01,3.797756e+01,3.797756e+01,3.797756e+01,3.797756e+01,3.797756e+01,3.797756e+01,3.797756e+01,3.797756e+01,3.758338e+01,3.758338e+01,3.758338e+01,3.758338e+01,3.758338e+01,3.758338e+01,3.758338e+01,3.758338e+01,3.758338e+01,3.758338e+01,3.758338e+01,3.758338e+01,3.758338e+01,3.758338e+01,3.758338e+01,3.758338e+01,3.758338e+01,3.758338e+01
3.588183e+01,3.588183e+01,3.588183e+01,3.588183e+01,3.588183e+01,3.644736e+01,3.636478e+01,3.630970e+01,3.630970e+01,3.630970e+01,3.630970e+01,3.630970e+01,3.630970e+01,3.687303e+01,3.690044e+01,3.702368e+01,3.705105e+01,3.705105e+01,3.705105e+01,3.705105e+01,3.761061e+01,3.758338e+01,3.758338e+01,3.758338e+01,3.758338e+01,3.758338e+01,3.814026e+01,3.814026e+01,3.818090e+01,3.818090e+01,3.818090e+01,3.818090e+01,3.818090e+01,3.873480e+01,3.859996e+01,3.859996e+01,3.859996e+01,3.919206e+01,3.919206e+01,3.919206e+01,3.954047e+01,3.975434e+01,4.010102e+01,4.015426e+01,4.031383e+01,4.068529e+01,4.122703e+01,4.122703e+01,4.145090e+01,4.145090e+01,4.145090e+01,4.145090e+01,4.145090e+01,4.145090e+01,4.198902e+01,4.167433e+01,4.188422e+01,4.197593e+01,4.197593e+01,4.197593e+01,4.197593e+01,4.197593e+01,4.197593e+01,4.197593e+01,4.197593e+01,4.197593e+01,4.197593e+01,4.197593e+01,4.197593e+01,4.143774e+01,4.159552e+01,4.159552e+01,4.159552e+01,4.159552e+01,4.159552e+01,4.159552e+01,4.102913e+01,4.102913e+01,4.102913e+01,4.102913e+01,4.048645e+01,4.061905e+01,4.061905e+01,4.061905e+01,4.061905e+01,4.007439e+01,4.023407e+01,4.023407e+01,4.023407e+01,4.023407e+01,4.023407e+01,4.023407e+01,4.023407e+01,4.083089e+01,4.118748e+01,4.149036e+01,4.166120e+01,4.209373e+01,4.251160e+01,4.239423e+01,4.291497e+01,4.378199e+01,4.364009e+01,4.454018e+01,4.503866e+01,4.552234e+01,4.602935e+01,4.648381e+01,4.694908e+01,4.753751e+01,4.811063e+01,4.856965e+01,4.898993e+01,4.976484e+01,5.026652e+01,5.072967e+01,5.163869e+01,5.228908e+01,5.281653e+01,5.369862e+01,5.414919e+01,5.492798e+01,5.540938e+01,5.615722e+01,5.707438e+01,5.751324e+01,5.834072e+01,5.850101e+01,5.895790e+01,5.976500e+01,6.008194e+01,6.054467e+01,6.116289e+01,6.158835e+01,6.241304e+01,6.305591e+01,6.367373e+01,6.446397e+01,6.486831e+01,6.572765e+01,6.641994e+01,6.728049e+01,6.781566e+01,6.844455e+01,6.938796e+01,7.003097e+01,7.074438e+01,7.150632e+01,7.231605e+01,7.277083e+01,7.337844e+01,7.412677e+01,7.464733e+01,7.510514e+01,7.605692e+01,7.650036e+01,7.735332e+01,7.780296e+01,7.827115e+01,7.893609e+01,7.943044e+01,8.006089e+01,8.070836e+01,8.115804e+01,8.188842e+01,8.232502e+01,8.281837e+01,8.340643e+01,8.388682e+01,8.460469e+01,8.494812e+01,8.540489e+01,8.577506e+01,8.652229e+01,8.699345e+01,8.734122e+01,8.766952e+01,8.801585e+01,8.831480e+01,8.855729e+01,8.884595e+01,8.918053e+01,8.918053e+01,8.918053e+01,8.956076e+01,8.950517e+01,8.949590e+01,8.987541e+01,8.976443e+01,8.976443e+01,8.976443e+01,8.976443e+01,8.976443e+01,9.014332e+01,9.003251e+01,9.003251e+01,8.965337e+01,8.976443e+01,8.976443e+01,8.976443e+01,8.976443e+01,8.976443e+01,8.976443e+01,8.976443e+01,8.976443e+01,8.976443e+01,8.976443e+01,8.976443e+01,8.976443e+01,8.976443e+01,8.976443e+01,8.938467e+01,8.946810e+01,8.946810e+01,8.946810e+01,8.946810e+01,8.946810e+01,8.946810e+01,8.946810e+01,8.946810e+01,8.908766e+01,8.908766e+01,8.911552e+01,8.911552e+01,8.911552e+01,8.911552e+01,8.911552e+01,8.911552e+01,8.911552e+01,8.911552e+01,8.873427e+01,8.875289e+01,8.875289e+01,8.875289e+01,8.875289e+01,8.875289e+01,8.837079e+01,8.835213e+01,8.837079e+01,8.838945e+01,8.838945e+01,8.838945e+01,8.838945e+01,8.810934e+01,8.810934e+01,8.810934e+01,8.810934e+01,8.810934e+01,8.781001e+01,8.781001e+01,8.742570e+01,8.744447e+01,8.766952e+01,8.739754e+01,8.751952e+01,8.729427e+01,8.718153e+01,8.718153e+01,8.718153e+01,8.679573e+01,8.667321e+01,8.667321e+01,8.667321e+01,8.667321e+01,8.622948e+01,8.622948e+01,8.622948e+01,8.622948e+01,8.622948e+01,8.619167e+01,8.584141e+01,8.584141e+01,8.584141e+01,8.584141e+01,8.568023e+01,8.520522e+01,8.511956e+01,8.511956e+01,8.511956e+01,8.511956e+01,8.511956e+01,8.482419e+01,8.467152e+01,8.467152e+01,8.467152e+01,8.467152e+01,8.467152e+01,8.443269e+01,8.420308e+01,8.420308e+01,8.420308e+01,8.381005e+01,8.392519e+01,8.377165e+01,8.383884e+01,8.383884e+01,8.383884e+01,8.383884e+01,8.344491e+01,8.356031e+01,8.356031e+01,8.356031e+01,8.356031e+01,8.356031e+01,8.356031e+01,8.356031e+01,8.316568e+01,8.328129e+01,8.328129e+01,8.328129e+01,8.328129e+01,8.328129e+01,8.328129e+01,8.328129e+01,8.328129e+01,8.328129e+01,8.328129e+01,8.328129e+01,8.367562e+01,8.356031e+01,8.356031e+01,8.356031e+01,8.356031e+01,8.356031e+01,8.356031e+01,8.356031e+01,8.356031e+01,8.356031e+01,8.356031e+01,8.356031e+01,8.395396e+01,8.395396e+01,8.391560e+01,8.391560e+01,8.391560e+01,8.391560e+01,8.391560e+01,8.430836e+01,8.430836e+01,8.423180e+01,8.423180e+01,8.462379e+01,8.462379e+01,8.462379e+01,8.462379e+01,8.462379e+01,8.462379e+01,8.501482e+01,8.494812e+01,8.494812e+01,8.494812e+01,8.533836e+01,8.530984e+01,8.530984e+01,8.530984e+01,8.530984e+01,8.569920e+01,8.564227e+01,8.560432e+01,8.560432e+01,8.560432e+01,8.560432e+01,8.560432e+01,8.522424e+01,8.522424e+01,8.522424e+01,8.522424e+01,8.522424e+01,8.522424e+01,8.522424e+01,8.522424e+01,8.491000e+01,8.473833e+01,8.461424e+01,8.461424e+01,8.461424e+01,8.461424e+01,8.428922e+01,8.416478e+01,8.408815e+01,8.385803e+01,8.360837e+01,8.341605e+01,8.312713e+01,8.279905e+01,8.251867e+01,8.214082e+01,8.182040e+01,8.131414e+01,8.096268e+01,8.049284e+01,8.013952e+01,7.945018e+01,7.905488e+01,7.865855e+01,7.802229e+01,7.762326e+01,7.694250e+01,7.661102e+01,7.581449e+01,7.537914e+01,7.473901e+01,7.432092e+01,7.360437e+01,7.320363e+01,7.228498e+01,7.173516e+01,7.125626e+01,7.055588e+01,7.012560e+01,6.937740e+01,6.850835e+01,6.828493e+01,6.759114e+01,6.668944e+01,6.633360e+01,6.530409e+01,6.482465e+01,6.437640e+01,6.387172e+01,6.307802e+01,6.231301e+01,6.176709e+01,6.079230e+01,6.020625e+01,5.933365e+01,5.846668e+01,5.800806e+01,5.716690e+01,5.665725e+01,5.587729e+01,5.530386e+01,5.426750e+01,5.367486e+01,5.313909e+01,5.236114e+01,5.136063e+01,5.089986e+01,5.013213e+01,4.928571e+01,4.877997e+01,4.833416e+01,4.747505e+01,4.683607e+01,4.620629e+01,4.566199e+01,4.508967e+01,4.441201e+01,4.393660e+01,4.349801e+01,4.303181e+01,4.262885e+01,4.210681e+01,4.177932e+01,4.127974e+01,4.085734e+01,4.048645e+01,3.996781e+01,3.966082e+01,3.947355e+01,3.876175e+01,3.865392e+01,3.838387e+01,3.796399e+01,3.752890e+01,3.720145e+01,3.700999e+01,3.665354e+01,3.652988e+01,3.652988e+01,3.617186e+01,3.617186e+01,3.617186e+01,3.617186e+01,3.617186e+01,3.662607e+01,3.662607e+01,3.662607e+01,3.662607e+01,3.662607e+01,3.662607e+01,3.718779e+01,3.718779e+01,3.718779e+01,3.718779e+01,3.718779e+01,3.718779e+01,3.718779e+01,3.774666e+01,3.774666e+01,3.778744e+01,3.778744e+01,3.778744e+01,3.778744e+01,3.778744e+01,3.778744e+01,3.834330e+01,3.824860e+01,3.824860e+01,3.824860e+01,3.824860e+01,3.824860e+01,3.824860e+01,3.824860e+01,3.824860e+01,3.824860e+01,3.824860e+01,3.824860e+01,3.824860e+01,3.861345e+01,3.884256e+01,3.900400e+01,3.900400e+01,3.900400e+01,3.900400e+01,3.900400e+01,3.960735e+01,3.960735e+01,3.960735e+01,3.960735e+01,3.960735e+01,3.960735e+01,4.014095e+01,4.014095e+01,4.014095e+01,4.014095e+01,4.068529e+01,4.036697e+01,4.036697e+01,4.036697e+01,4.036697e+01,4.036697e+01,4.036697e+01,4.036697e+01,4.036697e+01,4.036697e+01,4.036697e+01,4.036697e+01,4.036697e+01,4.036697e+01,4.036697e+01,3.982109e+01,3.998114e+01,3.998114e+01,3.998114e+01,3.998114e+01,3.998114e+01,3.998114e+01,3.998114e+01,3.943338e+01,3.959398e+01,3.959398e+01,3.959398e+01,3.959398e+01,3.959398e+01,3.959398e+01,3.959398e+01,3.959398e+01,3.959398e+01,3.959398e+01,3.920548e+01,3.920548e+01,3.920548e+01,3.920548e+01,3.920548e+01,3.920548e+01,3.920548e+01,3.920548e+01,3.920548e+01,3.920548e+01,3.920548e+01,3.920548e+01,3.874828e+01,3.874828e+01,3.874828e+01,3.874828e+01,3.874828e+01,3.874828e+01,3.874828e+01,3.874828e+01,3.874828e+01,3.874828e+01,3.874828e+01,3.874828e+01,3.831625e+01,3.831625e+01,3.831625e+01,3.831625e+01,3.831625e+01,3.831625e+01,3.831625e+01,3.831625e+01,3.831625e+01,3.831625e+01,3.831625e+01,3.831625e+01,3.831625e+01,3.831625e+01,3.831625e+01,3.831625e+01,3.831625e+01,3.831625e+01,3.831625e+01,3.797756e+01,3.797756e+01,3.797756e+01,3.797756e+01,3.797756e+01,3.797756e+01,3.797756e+01,3.797756e+01,3.797756e+01,3.797756e+01,3.797756e+01,3.797756e+01,3.797756e+01,3.797756e+01,3.797756e+01,3.797756e+01,3.797756e+01,3.797756e+01,3.797756e+01,3.758338e+01,3.758338e+01,3.758338e+01,3.758338e+01,3.758338e+01,3.758338e+01,3.758338e+01,3.758338e+01,3.758338e+01,3.758338e+01,3.758338e+01,3.758338e+01,3.758338e+01,3.758338e+01,3.758338e+01,3.758338e+01,3.758338e+01,3.758338e+01
3.588183e+01,3.588183e+01,3.588183e+01,3.588183e+01,3.588183e+01,3.588183e+01,3.588183e+01,3.630970e+01,3.630970e+01,3.630970e+01,3.630970e+01,3.630970e+01,3.630970e+01,3.687303e+01,3.687303e+01,3.687303e+01,3.687303e+01,3.687303e+01,3.743349e+01,3.743349e+01,3.743349e+01,3.743349e+01,3.799113e+01,3.782821e+01,3.782821e+01,3.782821e+01,3.782821e+01,3.782821e+01,3.818090e+01,3.818090e+01,3.818090e+01,3.818090e+01,3.818090e+01,3.818090e+01,3.818090e+01,3.859996e+01,3.882909e+01,3.847846e+01,3.935300e+01,3.952709e+01,3.951371e+01,3.990114e+01,3.999446e+01,4.053951e+01,4.056602e+01,4.080443e+01,4.106874e+01,4.106874e+01,4.145090e+01,4.145090e+01,4.145090e+01,4.145090e+01,4.145090e+01,4.145090e+01,4.198902e+01,4.177932e+01,4.177932e+01,4.177932e+01,4.177932e+01,4.177932e+01,4.177932e+01,4.177932e+01,4.177932e+01,4.177932e+01,4.177932e+01,4.177932e+01,4.177932e+01,4.177932e+01,4.177932e+01,4.177932e+01,4.177932e+01,4.177932e+01,4.177932e+01,4.124021e+01,4.139826e+01,4.117429e+01,4.120066e+01,4.120066e+01,4.120066e+01,4.065880e+01,4.065880e+01,4.065880e+01,4.065880e+01,4.011433e+01,4.019417e+01,4.024737e+01,4.024737e+01,4.024737e+01,4.024737e+01,4.024737e+01,4.024737e+01,4.024737e+01,4.024737e+01,4.028725e+01,4.081766e+01,4.109513e+01,4.162180e+01,4.200212e+01,4.231591e+01,4.253766e+01,4.294094e+01,4.362718e+01,4.384644e+01,4.456579e+01,4.506417e+01,4.554774e+01,4.605464e+01,4.650900e+01,4.697418e+01,4.756248e+01,4.813549e+01,4.859442e+01,4.901460e+01,4.978936e+01,5.029094e+01,5.075399e+01,5.166284e+01,5.231310e+01,5.284045e+01,5.372237e+01,5.417286e+01,5.495150e+01,5.591232e+01,5.625040e+01,5.710908e+01,5.754782e+01,5.820317e+01,5.902630e+01,5.911744e+01,5.971967e+01,6.013846e+01,6.103947e+01,6.125257e+01,6.163306e+01,6.245747e+01,6.310013e+01,6.371775e+01,6.450774e+01,6.535847e+01,6.581438e+01,6.647388e+01,6.733411e+01,6.786906e+01,6.849772e+01,6.944077e+01,7.008354e+01,7.079669e+01,7.155836e+01,7.236780e+01,7.282242e+01,7.342982e+01,7.417789e+01,7.469827e+01,7.521683e+01,7.596606e+01,7.687225e+01,7.743336e+01,7.786280e+01,7.833081e+01,7.899550e+01,7.948965e+01,8.011987e+01,8.076709e+01,8.121659e+01,8.194670e+01,8.238314e+01,8.287630e+01,8.346415e+01,8.394437e+01,8.466198e+01,8.500529e+01,8.546190e+01,8.622003e+01,8.659777e+01,8.667321e+01,8.728487e+01,8.766952e+01,8.797845e+01,8.830547e+01,8.895755e+01,8.872496e+01,8.894826e+01,8.944029e+01,8.944029e+01,8.944029e+01,8.944029e+01,8.944029e+01,8.949590e+01,8.971815e+01,8.971815e+01,8.971815e+01,8.971815e+01,9.009715e+01,9.005098e+01,9.005098e+01,9.005098e+01,9.005098e+01,8.976443e+01,8.976443e+01,8.976443e+01,8.976443e+01,8.976443e+01,8.976443e+01,8.976443e+01,8.976443e+01,8.976443e+01,8.976443e+01,8.976443e+01,8.976443e+01,8.976443e+01,8.976443e+01,8.976443e+01,8.946810e+01,8.946810e+01,8.946810e+01,8.946810e+01,8.946810e+01,8.946810e+01,8.946810e+01,8.946810e+01,8.946810e+01,8.946810e+01,8.946810e+01,8.911552e+01,8.911552e+01,8.911552e+01,8.911552e+01,8.911552e+01,8.911552e+01,8.911552e+01,8.911552e+01,8.875289e+01,8.875289e+01,8.875289e+01,8.875289e+01,8.875289e+01,8.875289e+01,8.873427e+01,8.851069e+01,8.851069e+01,8.851069e+01,8.851069e+01,8.851069e+01,8.851069e+01,8.810934e+01,8.810934e+01,8.810934e+01,8.810934e+01,8.810934e+01,8.781001e+01,8.792233e+01,8.789425e+01,8.780065e+01,8.760391e+01,8.752890e+01,8.737878e+01,8.737878e+01,8.718153e+01,8.701227e+01,8.691815e+01,8.691815e+01,8.691815e+01,8.691815e+01,8.667321e+01,8.635234e+01,8.635234e+01,8.635234e+01,8.635234e+01,8.635234e+01,8.596456e+01,8.596456e+01,8.596456e+01,8.596456e+01,8.557584e+01,8.557584e+01,8.532885e+01,8.532885e+01,8.532885e+01,8.532885e+01,8.511956e+01,8.499577e+01,8.490047e+01,8.490047e+01,8.467152e+01,8.467152e+01,8.427966e+01,8.430836e+01,8.422223e+01,8.422223e+01,8.422223e+01,8.422223e+01,8.422223e+01,8.392519e+01,8.392519e+01,8.392519e+01,8.392519e+01,8.392519e+01,8.353147e+01,8.356992e+01,8.356992e+01,8.356992e+01,8.356992e+01,8.356992e+01,8.356992e+01,8.356992e+01,8.356992e+01,8.356992e+01,8.328129e+01,8.328129e+01,8.328129e+01,8.328129e+01,8.328129e+01,8.328129e+01,8.328129e+01,8.328129e+01,8.328129e+01,8.328129e+01,8.328129e+01,8.328129e+01,8.328129e+01,8.328129e+01,8.328129e+01,8.356031e+01,8.356031e+01,8.356031e+01,8.356031e+01,8.356031e+01,8.356031e+01,8.356031e+01,8.356031e+01,8.395396e+01,8.395396e+01,8.395396e+01,8.395396e+01,8.395396e+01,8.395396e+01,8.395396e+01,8.395396e+01,8.430836e+01,8.430836e+01,8.430836e+01,8.430836e+01,8.462379e+01,8.462379e+01,8.462379e+01,8.462379e+01,8.462379e+01,8.501482e+01,8.501482e+01,8.501482e+01,8.501482e+01,8.501482e+01,8.530984e+01,8.530984e+01,8.530984e+01,8.530984e+01,8.530984e+01,8.530984e+01,8.530984e+01,8.530984e+01,8.530984e+01,8.530984e+01,8.530984e+01,8.530984e+01,8.530984e+01,8.530984e+01,8.530984e+01,8.530984e+01,8.530984e+01,8.491953e+01,8.491953e+01,8.503387e+01,8.473833e+01,8.473833e+01,8.473833e+01,8.473833e+01,8.434663e+01,8.441357e+01,8.416478e+01,8.396355e+01,8.381965e+01,8.368523e+01,8.336794e+01,8.304035e+01,8.283768e+01,8.247028e+01,8.208261e+01,8.176206e+01,8.165507e+01,8.103108e+01,8.050264e+01,8.009039e+01,7.939095e+01,7.899550e+01,7.859901e+01,7.837057e+01,7.769317e+01,7.696256e+01,7.658085e+01,7.576393e+01,7.574371e+01,7.482045e+01,7.436176e+01,7.360437e+01,7.316246e+01,7.224356e+01,7.169358e+01,7.121455e+01,7.051395e+01,7.008354e+01,6.933512e+01,6.855087e+01,6.823168e+01,6.754833e+01,6.664635e+01,6.621478e+01,6.540195e+01,6.487922e+01,6.438734e+01,6.383874e+01,6.303379e+01,6.226853e+01,6.172243e+01,6.074731e+01,6.016106e+01,5.928816e+01,5.842089e+01,5.796211e+01,5.712065e+01,5.661081e+01,5.583058e+01,5.525694e+01,5.422019e+01,5.362733e+01,5.309135e+01,5.231310e+01,5.180764e+01,5.100914e+01,5.020545e+01,4.932264e+01,4.877997e+01,4.829693e+01,4.743756e+01,4.679838e+01,4.616840e+01,4.562392e+01,4.505142e+01,4.437354e+01,4.389796e+01,4.345923e+01,4.308371e+01,4.256372e+01,4.215912e+01,4.171371e+01,4.133244e+01,4.085734e+01,4.036697e+01,4.002111e+01,3.982109e+01,3.939320e+01,3.893676e+01,3.893676e+01,3.838387e+01,3.790970e+01,3.747440e+01,3.731071e+01,3.694154e+01,3.676334e+01,3.619944e+01,3.617186e+01,3.619944e+01,3.619944e+01,3.619944e+01,3.619944e+01,3.619944e+01,3.619944e+01,3.662607e+01,3.662607e+01,3.662607e+01,3.662607e+01,3.662607e+01,3.718779e+01,3.718779e+01,3.718779e+01,3.718779e+01,3.718779e+01,3.718779e+01,3.774666e+01,3.761061e+01,3.761061e+01,3.761061e+01,3.761061e+01,3.816735e+01,3.799113e+01,3.799113e+01,3.799113e+01,3.799113e+01,3.799113e+01,3.799113e+01,3.799113e+01,3.799113e+01,3.799113e+01,3.799113e+01,3.799113e+01,3.799113e+01,3.854597e+01,3.837035e+01,3.837035e+01,3.837035e+01,3.837035e+01,3.884256e+01,3.884256e+01,3.884256e+01,3.884256e+01,3.884256e+01,3.939320e+01,3.943338e+01,3.943338e+01,3.943338e+01,3.998114e+01,3.980775e+01,4.004775e+01,4.000779e+01,4.000779e+01,4.000779e+01,4.055276e+01,4.055276e+01,4.047318e+01,4.047318e+01,4.047318e+01,4.047318e+01,4.047318e+01,4.047318e+01,4.047318e+01,4.047318e+01,4.047318e+01,4.047318e+01,4.047318e+01,3.992781e+01,4.024737e+01,4.000779e+01,3.999446e+01,3.999446e+01,3.999446e+01,3.999446e+01,3.999446e+01,3.999446e+01,3.999446e+01,3.999446e+01,3.999446e+01,3.959398e+01,3.959398e+01,3.959398e+01,3.959398e+01,3.959398e+01,3.959398e+01,3.959398e+01,3.959398e+01,3.959398e+01,3.959398e+01,3.920548e+01,3.920548e+01,3.920548e+01,3.920548e+01,3.920548e+01,3.920548e+01,3.920548e+01,3.920548e+01,3.920548e+01,3.920548e+01,3.865392e+01,3.873480e+01,3.886948e+01,3.886948e+01,3.886948e+01,3.886948e+01,3.886948e+01,3.886948e+01,3.886948e+01,3.886948e+01,3.886948e+01,3.831625e+01,3.849196e+01,3.831625e+01,3.834330e+01,3.834330e+01,3.834330e+01,3.834330e+01,3.834330e+01,3.834330e+01,3.834330e+01,3.834330e+01,3.834330e+01,3.834330e+01,3.834330e+01,3.834330e+01,3.834330e+01,3.834330e+01,3.834330e+01,3.834330e+01,3.834330e+01,3.834330e+01,3.834330e+01,3.834330e+01,3.797756e+01,3.797756e+01,3.797756e+01,3.797756e+01,3.797756e+01,3.797756e+01,3.797756e+01,3.797756e+01,3.797756e+01,3.797756e+01,3.797756e+01,3.797756e+01,3.797756e+01,3.797756e+01,3.797756e+01,3.797756e+01,3.797756e+01,3.797756e+01,3.758338e+01,3.758338e+01,3.758338e+01,3.758338e+01,3.758338e+01,3.758338e+01,3.758338e+01,3.758338e+01,3.758338e+01,3.758338e+01,3.758338e+01,3.758338e+01,3.758338e+01,3.758338e+01,3.758338e+01,3.758338e+01,3.758338e+01,3.758338e+01
3.588183e+01,3.588183e+01,3.588183e+01,3.588183e+01,3.588183e+01,3.588183e+01,3.644736e+01,3.632347e+01,3.632347e+01,3.632347e+01,3.632347e+01,3.632347e+01,3.632347e+01,3.632347e+01,3.687303e+01,3.687303e+01,3.687303e+01,3.687303e+01,3.687303e+01,3.743349e+01,3.743349e+01,3.743349e+01,3.799113e+01,3.799113e+01,3.799113e+01,3.799113e+01,3.799113e+01,3.799113e+01,3.799113e+01,3.799113e+01,3.799113e+01,3.799113e+01,3.854597e+01,3.837035e+01,3.854597e+01,3.857297e+01,3.862694e+01,3.920548e+01,3.921890e+01,3.921890e+01,3.951371e+01,3.979440e+01,4.012764e+01,4.036697e+01,4.036697e+01,4.080443e+01,4.134560e+01,4.137194e+01,4.142458e+01,4.142458e+01,4.142458e+01,4.142458e+01,4.142458e+01,4.142458e+01,4.142458e+01,4.177932e+01,4.177932e+01,4.177932e+01,4.177932e+01,4.177932e+01,4.177932e+01,4.177932e+01,4.177932e+01,4.177932e+01,4.177932e+01,4.177932e+01,4.231591e+01,4.200212e+01,4.200212e+01,4.200212e+01,4.146405e+01,4.163493e+01,4.139826e+01,4.141142e+01,4.141142e+01,4.141142e+01,4.141142e+01,4.087056e+01,4.087056e+01,4.083089e+01,4.083089e+01,4.028725e+01,4.028725e+01,4.028725e+01,4.028725e+01,4.028725e+01,3.974099e+01,4.006107e+01,4.006107e+01,4.006107e+01,4.006107e+01,4.006107e+01,4.006107e+01,4.060579e+01,4.083089e+01,4.121385e+01,4.156924e+01,4.200212e+01,4.274598e+01,4.270695e+01,4.305776e+01,4.345923e+01,4.391084e+01,4.460420e+01,4.510242e+01,4.558584e+01,4.609257e+01,4.654679e+01,4.701182e+01,4.759994e+01,4.817276e+01,4.863155e+01,4.905161e+01,4.982613e+01,5.032756e+01,5.128799e+01,5.175939e+01,5.236114e+01,5.288828e+01,5.376987e+01,5.470427e+01,5.504556e+01,5.586562e+01,5.630860e+01,5.716690e+01,5.760544e+01,5.826050e+01,5.887806e+01,5.917437e+01,5.977634e+01,6.019495e+01,6.089347e+01,6.130859e+01,6.214613e+01,6.254630e+01,6.361868e+01,6.380575e+01,6.458430e+01,6.543456e+01,6.589022e+01,6.654937e+01,6.740912e+01,6.794380e+01,6.857212e+01,6.951468e+01,7.015712e+01,7.086990e+01,7.163119e+01,7.244022e+01,7.289462e+01,7.350172e+01,7.424942e+01,7.476955e+01,7.528786e+01,7.603674e+01,7.653055e+01,7.737334e+01,7.786280e+01,7.839045e+01,7.905488e+01,7.954884e+01,8.017882e+01,8.082579e+01,8.127512e+01,8.200497e+01,8.244124e+01,8.293423e+01,8.352185e+01,8.400189e+01,8.471925e+01,8.506244e+01,8.551888e+01,8.627675e+01,8.647511e+01,8.710632e+01,8.736000e+01,8.772573e+01,8.803455e+01,8.836146e+01,8.872496e+01,8.876220e+01,8.903191e+01,8.931974e+01,8.969965e+01,8.957928e+01,8.957928e+01,8.957928e+01,8.957928e+01,8.995860e+01,8.983842e+01,8.983842e+01,8.983842e+01,8.983842e+01,8.983842e+01,8.983842e+01,8.983842e+01,8.983842e+01,8.983842e+01,8.983842e+01,8.983842e+01,8.983842e+01,8.983842e+01,8.983842e+01,8.983842e+01,8.983842e+01,8.983842e+01,8.983842e+01,8.983842e+01,8.983842e+01,8.983842e+01,8.983842e+01,8.945883e+01,8.954223e+01,8.954223e+01,8.954223e+01,8.954223e+01,8.954223e+01,8.954223e+01,8.954223e+01,8.954223e+01,8.916196e+01,8.938467e+01,8.920838e+01,8.923623e+01,8.923623e+01,8.923623e+01,8.923623e+01,8.923623e+01,8.923623e+01,8.923623e+01,8.885526e+01,8.887386e+01,8.887386e+01,8.887386e+01,8.887386e+01,8.887386e+01,8.887386e+01,8.849204e+01,8.851069e+01,8.851069e+01,8.851069e+01,8.851069e+01,8.851069e+01,8.851069e+01,8.851069e+01,8.810934e+01,8.810934e+01,8.810934e+01,8.810934e+01,8.781001e+01,8.781001e+01,8.781001e+01,8.781001e+01,8.781001e+01,8.752890e+01,8.752890e+01,8.714393e+01,8.754765e+01,8.715333e+01,8.715333e+01,8.691815e+01,8.691815e+01,8.691815e+01,8.691815e+01,8.673920e+01,8.651286e+01,8.651286e+01,8.612546e+01,8.612546e+01,8.608762e+01,8.608762e+01,8.569920e+01,8.569920e+01,8.569920e+01,8.557584e+01,8.539539e+01,8.539539e+01,8.539539e+01,8.500529e+01,8.509100e+01,8.509100e+01,8.509100e+01,8.509100e+01,8.467152e+01,8.449004e+01,8.440401e+01,8.440401e+01,8.440401e+01,8.440401e+01,8.440401e+01,8.440401e+01,8.401148e+01,8.395396e+01,8.395396e+01,8.395396e+01,8.395396e+01,8.395396e+01,8.395396e+01,8.395396e+01,8.356992e+01,8.356992e+01,8.356992e+01,8.356992e+01,8.356992e+01,8.356992e+01,8.356992e+01,8.356992e+01,8.356992e+01,8.356992e+01,8.328129e+01,8.328129e+01,8.328129e+01,8.328129e+01,8.328129e+01,8.328129e+01,8.328129e+01,8.328129e+01,8.328129e+01,8.328129e+01,8.328129e+01,8.367562e+01,8.364680e+01,8.356031e+01,8.356031e+01,8.356031e+01,8.356031e+01,8.356031e+01,8.356031e+01,8.356031e+01,8.356031e+01,8.356031e+01,8.395396e+01,8.395396e+01,8.395396e+01,8.395396e+01,8.395396e+01,8.395396e+01,8.395396e+01,8.430836e+01,8.430836e+01,8.430836e+01,8.430836e+01,8.430836e+01,8.462379e+01,8.462379e+01,8.462379e+01,8.462379e+01,8.501482e+01,8.501482e+01,8.501482e+01,8.501482e+01,8.501482e+01,8.501482e+01,8.501482e+01,8.530984e+01,8.530984e+01,8.530984e+01,8.530984e+01,8.530984e+01,8.530984e+01,8.530984e+01,8.530984e+01,8.530984e+01,8.530984e+01,8.530984e+01,8.530984e+01,8.530984e+01,8.530984e+01,8.491953e+01,8.501482e+01,8.501482e+01,8.462379e+01,8.470971e+01,8.470971e+01,8.470971e+01,8.470971e+01,8.434663e+01,8.428922e+01,8.412646e+01,8.403065e+01,8.381965e+01,8.350262e+01,8.331017e+01,8.307893e+01,8.278939e+01,8.241219e+01,8.242188e+01,8.204379e+01,8.167453e+01,8.139213e+01,8.059084e+01,8.012969e+01,7.978539e+01,7.911423e+01,7.875773e+01,7.803225e+01,7.761327e+01,7.692243e+01,7.654061e+01,7.589534e+01,7.526757e+01,7.473901e+01,7.432092e+01,7.398355e+01,7.325507e+01,7.230569e+01,7.172477e+01,7.121455e+01,7.048251e+01,7.048251e+01,6.944077e+01,6.869957e+01,6.783703e+01,6.746268e+01,6.705511e+01,6.632280e+01,6.548888e+01,6.494467e+01,6.443114e+01,6.386073e+01,6.303379e+01,6.224628e+01,6.170009e+01,6.118531e+01,6.028529e+01,5.940186e+01,5.852389e+01,5.805400e+01,5.720157e+01,5.668045e+01,5.588897e+01,5.530386e+01,5.425567e+01,5.365110e+01,5.310329e+01,5.231310e+01,5.179558e+01,5.099701e+01,5.019323e+01,4.931033e+01,4.876761e+01,4.828452e+01,4.742506e+01,4.678581e+01,4.615576e+01,4.561123e+01,4.503866e+01,4.436071e+01,4.388509e+01,4.351093e+01,4.299288e+01,4.261583e+01,4.206756e+01,4.176620e+01,4.124021e+01,4.084412e+01,4.042009e+01,4.016756e+01,3.979440e+01,3.924573e+01,3.911150e+01,3.884256e+01,3.837035e+01,3.796399e+01,3.762422e+01,3.728341e+01,3.703736e+01,3.658486e+01,3.637855e+01,3.637855e+01,3.637855e+01,3.637855e+01,3.637855e+01,3.637855e+01,3.637855e+01,3.637855e+01,3.637855e+01,3.637855e+01,3.637855e+01,3.694154e+01,3.694154e+01,3.700999e+01,3.700999e+01,3.700999e+01,3.700999e+01,3.700999e+01,3.756976e+01,3.756976e+01,3.756976e+01,3.756976e+01,3.756976e+01,3.756976e+01,3.816735e+01,3.816735e+01,3.816735e+01,3.816735e+01,3.816735e+01,3.816735e+01,3.816735e+01,3.816735e+01,3.816735e+01,3.816735e+01,3.816735e+01,3.816735e+01,3.816735e+01,3.816735e+01,3.816735e+01,3.872132e+01,3.854597e+01,3.881563e+01,3.870784e+01,3.870784e+01,3.925914e+01,3.908464e+01,3.935300e+01,3.925914e+01,3.925914e+01,3.980775e+01,3.980775e+01,3.980775e+01,3.980775e+01,3.980775e+01,3.980775e+01,4.035369e+01,4.035369e+01,4.038025e+01,4.038025e+01,4.038025e+01,4.038025e+01,4.038025e+01,4.038025e+01,4.038025e+01,4.038025e+01,4.038025e+01,4.038025e+01,4.038025e+01,4.038025e+01,4.038025e+01,4.038025e+01,4.038025e+01,4.038025e+01,4.038025e+01,3.999446e+01,3.999446e+01,3.999446e+01,3.999446e+01,3.999446e+01,3.999446e+01,3.999446e+01,3.999446e+01,3.999446e+01,3.959398e+01,3.959398e+01,3.959398e+01,3.959398e+01,3.959398e+01,3.959398e+01,3.959398e+01,3.959398e+01,3.959398e+01,3.959398e+01,3.920548e+01,3.920548e+01,3.920548e+01,3.920548e+01,3.920548e+01,3.920548e+01,3.920548e+01,3.920548e+01,3.920548e+01,3.920548e+01,3.873480e+01,3.873480e+01,3.873480e+01,3.873480e+01,3.873480e+01,3.873480e+01,3.873480e+01,3.873480e+01,3.873480e+01,3.873480e+01,3.873480e+01,3.873480e+01,3.873480e+01,3.873480e+01,3.873480e+01,3.873480e+01,3.873480e+01,3.873480e+01,3.873480e+01,3.834330e+01,3.834330e+01,3.834330e+01,3.834330e+01,3.834330e+01,3.834330e+01,3.834330e+01,3.834330e+01,3.834330e+01,3.834330e+01,3.834330e+01,3.834330e+01,3.834330e+01,3.834330e+01,3.834330e+01,3.834330e+01,3.834330e+01,3.797756e+01,3.797756e+01,3.797756e+01,3.797756e+01,3.797756e+01,3.797756e+01,3.797756e+01,3.797756e+01,3.797756e+01,3.797756e+01,3.797756e+01,3.797756e+01,3.797756e+01,3.797756e+01,3.797756e+01,3.797756e+01,3.797756e+01,3.797756e+01,3.797756e+01,3.797756e+01,3.797756e+01,3.797756e+01,3.758338e+01,3.758338e+01,3.758338e+01,3.758338e+01,3.758338e+01,3.758338e+01,3.758338e+01,3.758338e+01,3.758338e+01,3.758338e+01,3.758338e+01
3.588183e+01,3.588183e+01,3.588183e+01,3.588183e+01,3.588183e+01,3.588183e+01,3.588183e+01,3.632347e+01,3.632347e+01,3.632347e+01,3.632347e+01,3.632347e+01,3.632347e+01,3.688674e+01,3.674962e+01,3.674962e+01,3.674962e+01,3.674962e+01,3.731071e+01,3.725610e+01,3.725610e+01,3.725610e+01,3.743349e+01,3.776026e+01,3.776026e+01,3.831625e+01,3.814026e+01,3.814026e+01,3.814026e+01,3.814026e+01,3.814026e+01,3.814026e+01,3.814026e+01,3.814026e+01,3.854597e+01,3.909807e+01,3.901744e+01,3.903089e+01,3.958060e+01,3.960735e+01,3.968755e+01,3.984778e+01,4.003443e+01,4.036697e+01,4.063230e+01,4.081766e+01,4.117429e+01,4.117429e+01,4.117429e+01,4.171371e+01,4.154295e+01,4.154295e+01,4.154295e+01,4.154295e+01,4.154295e+01,4.154295e+01,4.154295e+01,4.154295e+01,4.154295e+01,4.154295e+01,4.154295e+01,4.208064e+01,4.191043e+01,4.191043e+01,4.191043e+01,4.191043e+01,4.191043e+01,4.191043e+01,4.191043e+01,4.191043e+01,4.146405e+01,4.146405e+01,4.146405e+01,4.146405e+01,4.146405e+01,4.146405e+01,4.092345e+01,4.100272e+01,4.100272e+01,4.045991e+01,4.045991e+01,4.045991e+01,4.045991e+01,4.045991e+01,3.991448e+01,3.991448e+01,3.987447e+01,3.996781e+01,3.996781e+01,3.996781e+01,3.996781e+01,3.996781e+01,4.051298e+01,4.047318e+01,4.087056e+01,4.126657e+01,4.171371e+01,4.201521e+01,4.257675e+01,4.274598e+01,4.310964e+01,4.360136e+01,4.392372e+01,4.461700e+01,4.511517e+01,4.559853e+01,4.610521e+01,4.655938e+01,4.702436e+01,4.761242e+01,4.818519e+01,4.864392e+01,4.906394e+01,4.983839e+01,5.033977e+01,5.130010e+01,5.177145e+01,5.237314e+01,5.290023e+01,5.378174e+01,5.465713e+01,5.512780e+01,5.587729e+01,5.632023e+01,5.717846e+01,5.761696e+01,5.827196e+01,5.883242e+01,5.925404e+01,5.978767e+01,6.066854e+01,6.098334e+01,6.133100e+01,6.216839e+01,6.266833e+01,6.354157e+01,6.394864e+01,6.460617e+01,6.545629e+01,6.591188e+01,6.657092e+01,6.743055e+01,6.796514e+01,6.859337e+01,6.953579e+01,7.017814e+01,7.089082e+01,7.165199e+01,7.246090e+01,7.291524e+01,7.352225e+01,7.426985e+01,7.478991e+01,7.530815e+01,7.605692e+01,7.696256e+01,7.745336e+01,7.789272e+01,7.842027e+01,7.908456e+01,7.957843e+01,8.020828e+01,8.085514e+01,8.130438e+01,8.203409e+01,8.247028e+01,8.296317e+01,8.355070e+01,8.403065e+01,8.474788e+01,8.509100e+01,8.554736e+01,8.623894e+01,8.654117e+01,8.706870e+01,8.742570e+01,8.775383e+01,8.806260e+01,8.838945e+01,8.860388e+01,8.914339e+01,8.922695e+01,8.947737e+01,8.919910e+01,8.942175e+01,8.942175e+01,8.980143e+01,8.980143e+01,8.983842e+01,8.983842e+01,8.983842e+01,8.983842e+01,8.983842e+01,9.021714e+01,8.999556e+01,8.999556e+01,8.999556e+01,8.999556e+01,8.999556e+01,8.999556e+01,8.999556e+01,8.999556e+01,8.999556e+01,8.999556e+01,8.999556e+01,8.999556e+01,8.961633e+01,8.973666e+01,8.973666e+01,8.973666e+01,8.973666e+01,8.973666e+01,8.973666e+01,8.973666e+01,8.973666e+01,8.973666e+01,8.973666e+01,8.954223e+01,8.954223e+01,8.954223e+01,8.954223e+01,8.916196e+01,8.928263e+01,8.928263e+01,8.928263e+01,8.928263e+01,8.928263e+01,8.928263e+01,8.928263e+01,8.890176e+01,8.894826e+01,8.894826e+01,8.894826e+01,8.894826e+01,8.894826e+01,8.894826e+01,8.894826e+01,8.887386e+01,8.865046e+01,8.865046e+01,8.865046e+01,8.865046e+01,8.865046e+01,8.826813e+01,8.865046e+01,8.838012e+01,8.825879e+01,8.825879e+01,8.825879e+01,8.781001e+01,8.781001e+01,8.781001e+01,8.781001e+01,8.781001e+01,8.752890e+01,8.772573e+01,8.758516e+01,8.750076e+01,8.728487e+01,8.715333e+01,8.698404e+01,8.698404e+01,8.698404e+01,8.698404e+01,8.673920e+01,8.657890e+01,8.639957e+01,8.625784e+01,8.625784e+01,8.625784e+01,8.625784e+01,8.608762e+01,8.586036e+01,8.586036e+01,8.586036e+01,8.586036e+01,8.539539e+01,8.560432e+01,8.532885e+01,8.549039e+01,8.527180e+01,8.527180e+01,8.488140e+01,8.479558e+01,8.479558e+01,8.479558e+01,8.479558e+01,8.440401e+01,8.440401e+01,8.440401e+01,8.440401e+01,8.401148e+01,8.401148e+01,8.401148e+01,8.401148e+01,8.401148e+01,8.401148e+01,8.401148e+01,8.401148e+01,8.396355e+01,8.374285e+01,8.374285e+01,8.334868e+01,8.347377e+01,8.347377e+01,8.347377e+01,8.347377e+01,8.347377e+01,8.347377e+01,8.347377e+01,8.347377e+01,8.347377e+01,8.347377e+01,8.347377e+01,8.347377e+01,8.347377e+01,8.347377e+01,8.347377e+01,8.347377e+01,8.347377e+01,8.347377e+01,8.347377e+01,8.347377e+01,8.347377e+01,8.347377e+01,8.347377e+01,8.386763e+01,8.374285e+01,8.374285e+01,8.374285e+01,8.374285e+01,8.374285e+01,8.374285e+01,8.374285e+01,8.374285e+01,8.395396e+01,8.395396e+01,8.395396e+01,8.395396e+01,8.430836e+01,8.430836e+01,8.430836e+01,8.430836e+01,8.430836e+01,8.462379e+01,8.462379e+01,8.462379e+01,8.501482e+01,8.501482e+01,8.501482e+01,8.501482e+01,8.501482e+01,8.501482e+01,8.501482e+01,8.530984e+01,8.530984e+01,8.530984e+01,8.530984e+01,8.530984e+01,8.530984e+01,8.530984e+01,8.530984e+01,8.530984e+01,8.530984e+01,8.530984e+01,8.530984e+01,8.530984e+01,8.530984e+01,8.491953e+01,8.491953e+01,8.491953e+01,8.491953e+01,8.470971e+01,8.470971e+01,8.470971e+01,8.431793e+01,8.441357e+01,8.402106e+01,8.414562e+01,8.391560e+01,8.371404e+01,8.363720e+01,8.331017e+01,8.304035e+01,8.307893e+01,8.242188e+01,8.224749e+01,8.201467e+01,8.171344e+01,8.133364e+01,8.056145e+01,8.010021e+01,7.975584e+01,7.908456e+01,7.872798e+01,7.800236e+01,7.758331e+01,7.730328e+01,7.664118e+01,7.597615e+01,7.532844e+01,7.477973e+01,7.434135e+01,7.356332e+01,7.323449e+01,7.239884e+01,7.178712e+01,7.124583e+01,7.066063e+01,6.970455e+01,6.946189e+01,6.868896e+01,6.824233e+01,6.756974e+01,6.670020e+01,6.623640e+01,6.545629e+01,6.491195e+01,6.439829e+01,6.382775e+01,6.300061e+01,6.221291e+01,6.166658e+01,6.115167e+01,6.025142e+01,5.936776e+01,5.848957e+01,5.801955e+01,5.716690e+01,5.664564e+01,5.585394e+01,5.526867e+01,5.470427e+01,5.376987e+01,5.319873e+01,5.238515e+01,5.134853e+01,5.089986e+01,5.015657e+01,4.927340e+01,4.873052e+01,4.824728e+01,4.738755e+01,4.674810e+01,4.611785e+01,4.557314e+01,4.500039e+01,4.432222e+01,4.393660e+01,4.343337e+01,4.304479e+01,4.253766e+01,4.211989e+01,4.168746e+01,4.129292e+01,4.084412e+01,4.051298e+01,4.007439e+01,3.966082e+01,3.943338e+01,3.943338e+01,3.884256e+01,3.842442e+01,3.796399e+01,3.756976e+01,3.737894e+01,3.688674e+01,3.677706e+01,3.677706e+01,3.637855e+01,3.637855e+01,3.637855e+01,3.637855e+01,3.637855e+01,3.637855e+01,3.637855e+01,3.637855e+01,3.637855e+01,3.637855e+01,3.694154e+01,3.694154e+01,3.694154e+01,3.694154e+01,3.694154e+01,3.694154e+01,3.750165e+01,3.743349e+01,3.743349e+01,3.799113e+01,3.781462e+01,3.781462e+01,3.781462e+01,3.781462e+01,3.781462e+01,3.816735e+01,3.816735e+01,3.816735e+01,3.816735e+01,3.816735e+01,3.816735e+01,3.816735e+01,3.816735e+01,3.816735e+01,3.816735e+01,3.816735e+01,3.872132e+01,3.864043e+01,3.858646e+01,3.858646e+01,3.858646e+01,3.858646e+01,3.913836e+01,3.908464e+01,3.908464e+01,3.908464e+01,3.963409e+01,3.962072e+01,3.963409e+01,3.963409e+01,3.963409e+01,4.018087e+01,4.000779e+01,4.024737e+01,4.022078e+01,4.022078e+01,4.022078e+01,4.022078e+01,4.076473e+01,4.059254e+01,4.059254e+01,4.059254e+01,4.059254e+01,4.059254e+01,4.059254e+01,4.059254e+01,4.059254e+01,4.059254e+01,4.059254e+01,4.004775e+01,4.022078e+01,4.022078e+01,4.022078e+01,4.022078e+01,4.022078e+01,4.022078e+01,3.967419e+01,3.984778e+01,3.984778e+01,3.984778e+01,3.984778e+01,3.984778e+01,3.984778e+01,3.984778e+01,3.984778e+01,3.984778e+01,3.929938e+01,3.947355e+01,3.947355e+01,3.947355e+01,3.947355e+01,3.947355e+01,3.947355e+01,3.947355e+01,3.947355e+01,3.947355e+01,3.947355e+01,3.892331e+01,3.909807e+01,3.909807e+01,3.909807e+01,3.909807e+01,3.909807e+01,3.909807e+01,3.909807e+01,3.909807e+01,3.909807e+01,3.909807e+01,3.873480e+01,3.873480e+01,3.873480e+01,3.873480e+01,3.873480e+01,3.873480e+01,3.873480e+01,3.873480e+01,3.873480e+01,3.873480e+01,3.873480e+01,3.873480e+01,3.818090e+01,3.830272e+01,3.830272e+01,3.830272e+01,3.830272e+01,3.830272e+01,3.830272e+01,3.830272e+01,3.830272e+01,3.830272e+01,3.830272e+01,3.830272e+01,3.830272e+01,3.830272e+01,3.830272e+01,3.830272e+01,3.830272e+01,3.830272e+01,3.830272e+01,3.830272e+01,3.797756e+01,3.797756e+01,3.797756e+01,3.797756e+01,3.797756e+01,3.797756e+01,3.797756e+01,3.797756e+01,3.797756e+01,3.797756e+01,3.797756e+01,3.797756e+01,3.797756e+01,3.797756e+01,3.797756e+01,3.797756e+01,3.797756e+01,3.797756e+01,3.797756e+01,3.797756e+01,3.797756e+01,3.797756e+01,3.797756e+01,3.758338e+01,3.758338e+01,3.758338e+01,3.758338e+01,3.758338e+01,3.758338e+01,3.758338e+01,3.758338e+01
3.588183e+01,3.588183e+01,3.588183e+01,3.588183e+01,3.588183e+01,3.588183e+01,3.588183e+01,3.588183e+01,3.632347e+01,3.632347e+01,3.632347e+01,3.632347e+01,3.632347e+01,3.688674e+01,3.688674e+01,3.688674e+01,3.688674e+01,3.688674e+01,3.688674e+01,3.725610e+01,3.725610e+01,3.781462e+01,3.777385e+01,3.773306e+01,3.797756e+01,3.812671e+01,3.812671e+01,3.812671e+01,3.812671e+01,3.812671e+01,3.812671e+01,3.812671e+01,3.868088e+01,3.864043e+01,3.828920e+01,3.865392e+01,3.896367e+01,3.921890e+01,3.884256e+01,3.917863e+01,3.943338e+01,3.984778e+01,4.022078e+01,4.027396e+01,4.027396e+01,4.081766e+01,4.108194e+01,4.108194e+01,4.162180e+01,4.158238e+01,4.158238e+01,4.158238e+01,4.158238e+01,4.158238e+01,4.158238e+01,4.158238e+01,4.158238e+01,4.158238e+01,4.158238e+01,4.158238e+01,4.158238e+01,4.158238e+01,4.158238e+01,4.158238e+01,4.158238e+01,4.158238e+01,4.158238e+01,4.158238e+01,4.158238e+01,4.158238e+01,4.158238e+01,4.158238e+01,4.158238e+01,4.158238e+01,4.104234e+01,4.159552e+01,4.124021e+01,4.106874e+01,4.083089e+01,4.064555e+01,4.064555e+01,4.064555e+01,4.010102e+01,4.012764e+01,4.008770e+01,4.008770e+01,4.008770e+01,4.008770e+01,4.008770e+01,4.008770e+01,4.008770e+01,4.008770e+01,4.008770e+01,4.047318e+01,4.092345e+01,4.139826e+01,4.166120e+01,4.209373e+01,4.239423e+01,4.274598e+01,4.323924e+01,4.354969e+01,4.400096e+01,4.465540e+01,4.515340e+01,4.563661e+01,4.614313e+01,4.659715e+01,4.706199e+01,4.764986e+01,4.822245e+01,4.868105e+01,4.910093e+01,4.987514e+01,5.037637e+01,5.133643e+01,5.180764e+01,5.240915e+01,5.293609e+01,5.381735e+01,5.469249e+01,5.516303e+01,5.591232e+01,5.683121e+01,5.727090e+01,5.766304e+01,5.831780e+01,5.887806e+01,5.929954e+01,5.983298e+01,6.062352e+01,6.098334e+01,6.144295e+01,6.221291e+01,6.271268e+01,6.358564e+01,6.399257e+01,6.464989e+01,6.549974e+01,6.595519e+01,6.661404e+01,6.747339e+01,6.800783e+01,6.863586e+01,6.957800e+01,7.022015e+01,7.093262e+01,7.169358e+01,7.207775e+01,7.282242e+01,7.347091e+01,7.425964e+01,7.482045e+01,7.534872e+01,7.609729e+01,7.659090e+01,7.736333e+01,7.783288e+01,7.839045e+01,7.908456e+01,8.001173e+01,8.028683e+01,8.089426e+01,8.134339e+01,8.207291e+01,8.250900e+01,8.300177e+01,8.358915e+01,8.406898e+01,8.478604e+01,8.512908e+01,8.558533e+01,8.620113e+01,8.659777e+01,8.710632e+01,8.746323e+01,8.779129e+01,8.809999e+01,8.835213e+01,8.865977e+01,8.901333e+01,8.922695e+01,8.939394e+01,8.928263e+01,8.973666e+01,8.968114e+01,8.968114e+01,8.968114e+01,8.968114e+01,8.968114e+01,9.006022e+01,8.994012e+01,9.010638e+01,9.012486e+01,9.005098e+01,9.005098e+01,9.005098e+01,9.005098e+01,9.005098e+01,9.005098e+01,9.005098e+01,9.005098e+01,8.967188e+01,8.988465e+01,8.988465e+01,8.988465e+01,8.988465e+01,8.988465e+01,8.988465e+01,8.988465e+01,8.988465e+01,8.950517e+01,8.962559e+01,8.962559e+01,8.962559e+01,8.962559e+01,8.962559e+01,8.962559e+01,8.962559e+01,8.962559e+01,8.962559e+01,8.954223e+01,8.932902e+01,8.932902e+01,8.932902e+01,8.932902e+01,8.932902e+01,8.932902e+01,8.932902e+01,8.932902e+01,8.894826e+01,8.894826e+01,8.894826e+01,8.894826e+01,8.894826e+01,8.894826e+01,8.894826e+01,8.894826e+01,8.894826e+01,8.865046e+01,8.865046e+01,8.865046e+01,8.865046e+01,8.865046e+01,8.826813e+01,8.835213e+01,8.835213e+01,8.835213e+01,8.796909e+01,8.831480e+01,8.809999e+01,8.797845e+01,8.797845e+01,8.797845e+01,8.797845e+01,8.797845e+01,8.758516e+01,8.736938e+01,8.734122e+01,8.734122e+01,8.734122e+01,8.734122e+01,8.698404e+01,8.685224e+01,8.679573e+01,8.679573e+01,8.679573e+01,8.679573e+01,8.625784e+01,8.625784e+01,8.625784e+01,8.625784e+01,8.625784e+01,8.625784e+01,8.586036e+01,8.568971e+01,8.563279e+01,8.559483e+01,8.538589e+01,8.535737e+01,8.532885e+01,8.515764e+01,8.501482e+01,8.501482e+01,8.479558e+01,8.479558e+01,8.479558e+01,8.440401e+01,8.440401e+01,8.440401e+01,8.440401e+01,8.440401e+01,8.401148e+01,8.401148e+01,8.401148e+01,8.401148e+01,8.401148e+01,8.401148e+01,8.401148e+01,8.361798e+01,8.370444e+01,8.353147e+01,8.347377e+01,8.347377e+01,8.347377e+01,8.386763e+01,8.364680e+01,8.364680e+01,8.364680e+01,8.364680e+01,8.325240e+01,8.337756e+01,8.337756e+01,8.337756e+01,8.337756e+01,8.337756e+01,8.337756e+01,8.337756e+01,8.337756e+01,8.337756e+01,8.337756e+01,8.337756e+01,8.377165e+01,8.364680e+01,8.364680e+01,8.364680e+01,8.364680e+01,8.364680e+01,8.364680e+01,8.364680e+01,8.404024e+01,8.391560e+01,8.391560e+01,8.391560e+01,8.391560e+01,8.391560e+01,8.391560e+01,8.430836e+01,8.425095e+01,8.418393e+01,8.418393e+01,8.418393e+01,8.457603e+01,8.455693e+01,8.449960e+01,8.449960e+01,8.489094e+01,8.489094e+01,8.489094e+01,8.489094e+01,8.489094e+01,8.528131e+01,8.515764e+01,8.529082e+01,8.528131e+01,8.528131e+01,8.528131e+01,8.528131e+01,8.528131e+01,8.528131e+01,8.528131e+01,8.528131e+01,8.528131e+01,8.528131e+01,8.528131e+01,8.528131e+01,8.528131e+01,8.528131e+01,8.491953e+01,8.491953e+01,8.491953e+01,8.491953e+01,8.470971e+01,8.470971e+01,8.470971e+01,8.431793e+01,8.424137e+01,8.415520e+01,8.402106e+01,8.387722e+01,8.377165e+01,8.352185e+01,8.334868e+01,8.313677e+01,8.296317e+01,8.255737e+01,8.224749e+01,8.197584e+01,8.121659e+01,8.073773e+01,8.047323e+01,8.006089e+01,7.971643e+01,7.904498e+01,7.868832e+01,7.837057e+01,7.781293e+01,7.692243e+01,7.655067e+01,7.593575e+01,7.528786e+01,7.473901e+01,7.430050e+01,7.402448e+01,7.300800e+01,7.233675e+01,7.174555e+01,7.120411e+01,7.061874e+01,6.974671e+01,6.938796e+01,6.864648e+01,6.819972e+01,6.752692e+01,6.665713e+01,6.619317e+01,6.585773e+01,6.501009e+01,6.446397e+01,6.386073e+01,6.300061e+01,6.217952e+01,6.163306e+01,6.111802e+01,6.021754e+01,5.933365e+01,5.892369e+01,5.813434e+01,5.725935e+01,5.671526e+01,5.590064e+01,5.529213e+01,5.470427e+01,5.374612e+01,5.317488e+01,5.236114e+01,5.132432e+01,5.087556e+01,5.013213e+01,4.924878e+01,4.870578e+01,4.822245e+01,4.736254e+01,4.672296e+01,4.609257e+01,4.554774e+01,4.549694e+01,4.464260e+01,4.398809e+01,4.353678e+01,4.300586e+01,4.258978e+01,4.256372e+01,4.194973e+01,4.142458e+01,4.102913e+01,4.056602e+01,4.018087e+01,3.984778e+01,3.943338e+01,3.919206e+01,3.889640e+01,3.834330e+01,3.801826e+01,3.770586e+01,3.726975e+01,3.707841e+01,3.677706e+01,3.658486e+01,3.646112e+01,3.646112e+01,3.589566e+01,3.621323e+01,3.621323e+01,3.621323e+01,3.621323e+01,3.621323e+01,3.677706e+01,3.674962e+01,3.676334e+01,3.676334e+01,3.676334e+01,3.732436e+01,3.714679e+01,3.739258e+01,3.736530e+01,3.736530e+01,3.736530e+01,3.799113e+01,3.799113e+01,3.799113e+01,3.799113e+01,3.799113e+01,3.799113e+01,3.799113e+01,3.799113e+01,3.799113e+01,3.854597e+01,3.837035e+01,3.837035e+01,3.837035e+01,3.837035e+01,3.837035e+01,3.837035e+01,3.837035e+01,3.837035e+01,3.837035e+01,3.837035e+01,3.892331e+01,3.874828e+01,3.899056e+01,3.896367e+01,3.896367e+01,3.951371e+01,3.948694e+01,3.946016e+01,3.946016e+01,3.946016e+01,3.946016e+01,4.000779e+01,4.000779e+01,4.000779e+01,4.000779e+01,4.000779e+01,4.055276e+01,4.038025e+01,4.061905e+01,4.059254e+01,4.059254e+01,4.059254e+01,4.059254e+01,4.059254e+01,4.059254e+01,4.059254e+01,4.059254e+01,4.059254e+01,4.059254e+01,4.059254e+01,4.059254e+01,4.022078e+01,4.022078e+01,4.022078e+01,4.022078e+01,4.022078e+01,4.022078e+01,4.022078e+01,4.022078e+01,4.022078e+01,4.022078e+01,3.984778e+01,3.984778e+01,3.984778e+01,3.984778e+01,3.984778e+01,3.984778e+01,3.984778e+01,3.947355e+01,3.947355e+01,3.947355e+01,3.947355e+01,3.947355e+01,3.947355e+01,3.947355e+01,3.947355e+01,3.947355e+01,3.892331e+01,3.905777e+01,3.905777e+01,3.905777e+01,3.905777e+01,3.905777e+01,3.905777e+01,3.905777e+01,3.905777e+01,3.905777e+01,3.905777e+01,3.905777e+01,3.905777e+01,3.905777e+01,3.905777e+01,3.873480e+01,3.873480e+01,3.873480e+01,3.873480e+01,3.873480e+01,3.873480e+01,3.873480e+01,3.873480e+01,3.873480e+01,3.873480e+01,3.830272e+01,3.830272e+01,3.830272e+01,3.830272e+01,3.830272e+01,3.830272e+01,3.830272e+01,3.830272e+01,3.830272e+01,3.830272e+01,3.830272e+01,3.830272e+01,3.830272e+01,3.830272e+01,3.830272e+01,3.830272e+01,3.830272e+01,3.830272e+01,3.830272e+01,3.830272e+01,3.830272e+01,3.830272e+01,3.797756e+01,3.797756e+01,3.797756e+01,3.797756e+01,3.797756e+01,3.797756e+01,3.797756e+01,3.797756e+01,3.797756e+01,3.797756e+01,3.797756e+01,3.797756e+01,3.797756e+01,3.797756e+01,3.797756e+01,3.797756e+01,3.797756e+01,3.797756e+01,3.797756e+01,3.797756e+01,3.797756e+01,3.758338e+01,3.758338e+01,3.758338e+01,3.758338e+01,3.758338e+01,3.758338e+01,3.758338e+01
3.588183e+01,3.588183e+01,3.588183e+01,3.588183e+01,3.588183e+01,3.588183e+01,3.588183e+01,3.588183e+01,3.632347e+01,3.632347e+01,3.632347e+01,3.632347e+01,3.632347e+01,3.688674e+01,3.688674e+01,3.688674e+01,3.688674e+01,3.688674e+01,3.688674e+01,3.725610e+01,3.750165e+01,3.762422e+01,3.762422e+01,3.762422e+01,3.762422e+01,3.812671e+01,3.812671e+01,3.812671e+01,3.812671e+01,3.812671e+01,3.812671e+01,3.812671e+01,3.812671e+01,3.864043e+01,3.896367e+01,3.853247e+01,3.876175e+01,3.882909e+01,3.943338e+01,3.931279e+01,3.962072e+01,3.990114e+01,4.014095e+01,4.068529e+01,4.065880e+01,4.118748e+01,4.101593e+01,4.125339e+01,4.143774e+01,4.143774e+01,4.143774e+01,4.143774e+01,4.143774e+01,4.197593e+01,4.180556e+01,4.180556e+01,4.180556e+01,4.180556e+01,4.180556e+01,4.180556e+01,4.180556e+01,4.180556e+01,4.180556e+01,4.180556e+01,4.180556e+01,4.180556e+01,4.180556e+01,4.180556e+01,4.180556e+01,4.180556e+01,4.180556e+01,4.126657e+01,4.143774e+01,4.120066e+01,4.122703e+01,4.126657e+01,4.127974e+01,4.073826e+01,4.091023e+01,4.091023e+01,4.091023e+01,4.036697e+01,4.027396e+01,4.027396e+01,4.027396e+01,4.027396e+01,4.027396e+01,3.972763e+01,3.990114e+01,3.990114e+01,3.990114e+01,4.044664e+01,4.047318e+01,4.069854e+01,4.094987e+01,4.121385e+01,4.171371e+01,4.204139e+01,4.239423e+01,4.287599e+01,4.318742e+01,4.362718e+01,4.402669e+01,4.468099e+01,4.517888e+01,4.566199e+01,4.616840e+01,4.662232e+01,4.708706e+01,4.767481e+01,4.824728e+01,4.870578e+01,4.912558e+01,4.989964e+01,5.040077e+01,5.136063e+01,5.183175e+01,5.243315e+01,5.344893e+01,5.392411e+01,5.472784e+01,5.519825e+01,5.594733e+01,5.686598e+01,5.730555e+01,5.769758e+01,5.835218e+01,5.891229e+01,5.933365e+01,5.986696e+01,6.057847e+01,6.105070e+01,6.147652e+01,6.224628e+01,6.274594e+01,6.361868e+01,6.402551e+01,6.468268e+01,6.553233e+01,6.598767e+01,6.664635e+01,6.750552e+01,6.803983e+01,6.866772e+01,6.960965e+01,7.025166e+01,7.096397e+01,7.172477e+01,7.253328e+01,7.291524e+01,7.393237e+01,7.435155e+01,7.487132e+01,7.539942e+01,7.614773e+01,7.664118e+01,7.741335e+01,7.788274e+01,7.884694e+01,7.910435e+01,7.955871e+01,8.049284e+01,8.095291e+01,8.140188e+01,8.213113e+01,8.256705e+01,8.305964e+01,8.364680e+01,8.412646e+01,8.484326e+01,8.518619e+01,8.564227e+01,8.625784e+01,8.665435e+01,8.716273e+01,8.751952e+01,8.784746e+01,8.806260e+01,8.840811e+01,8.871565e+01,8.897614e+01,8.913410e+01,8.913410e+01,8.951443e+01,8.961633e+01,8.961633e+01,8.961633e+01,8.961633e+01,8.999556e+01,8.994012e+01,8.994012e+01,8.994012e+01,8.994012e+01,8.994012e+01,8.994012e+01,8.994012e+01,8.994012e+01,8.994012e+01,8.994012e+01,8.994012e+01,8.994012e+01,8.994012e+01,8.994012e+01,8.994012e+01,8.994012e+01,8.994012e+01,8.994012e+01,8.994012e+01,8.994012e+01,8.994012e+01,8.994012e+01,8.994012e+01,8.962559e+01,8.962559e+01,8.962559e+01,8.962559e+01,8.962559e+01,8.962559e+01,8.962559e+01,8.962559e+01,8.962559e+01,8.924551e+01,8.927335e+01,8.927335e+01,8.927335e+01,8.927335e+01,8.927335e+01,8.927335e+01,8.927335e+01,8.927335e+01,8.927335e+01,8.894826e+01,8.932902e+01,8.911552e+01,8.873427e+01,8.885526e+01,8.885526e+01,8.885526e+01,8.885526e+01,8.885526e+01,8.885526e+01,8.885526e+01,8.865046e+01,8.848272e+01,8.839878e+01,8.839878e+01,8.839878e+01,8.839878e+01,8.839878e+01,8.801585e+01,8.804391e+01,8.804391e+01,8.804391e+01,8.766015e+01,8.787553e+01,8.770699e+01,8.757578e+01,8.742570e+01,8.742570e+01,8.742570e+01,8.742570e+01,8.742570e+01,8.698404e+01,8.698404e+01,8.698404e+01,8.698404e+01,8.698404e+01,8.659777e+01,8.638068e+01,8.638068e+01,8.638068e+01,8.599297e+01,8.611600e+01,8.594562e+01,8.595509e+01,8.595509e+01,8.563279e+01,8.546190e+01,8.544289e+01,8.544289e+01,8.544289e+01,8.544289e+01,8.501482e+01,8.488140e+01,8.485280e+01,8.485280e+01,8.485280e+01,8.485280e+01,8.440401e+01,8.440401e+01,8.440401e+01,8.440401e+01,8.440401e+01,8.401148e+01,8.401148e+01,8.401148e+01,8.401148e+01,8.401148e+01,8.401148e+01,8.401148e+01,8.370444e+01,8.370444e+01,8.370444e+01,8.370444e+01,8.370444e+01,8.370444e+01,8.370444e+01,8.331017e+01,8.353147e+01,8.335831e+01,8.337756e+01,8.337756e+01,8.337756e+01,8.337756e+01,8.337756e+01,8.337756e+01,8.337756e+01,8.337756e+01,8.337756e+01,8.337756e+01,8.337756e+01,8.377165e+01,8.367562e+01,8.367562e+01,8.367562e+01,8.367562e+01,8.367562e+01,8.367562e+01,8.367562e+01,8.367562e+01,8.367562e+01,8.391560e+01,8.391560e+01,8.391560e+01,8.391560e+01,8.391560e+01,8.391560e+01,8.430836e+01,8.430836e+01,8.430836e+01,8.430836e+01,8.430836e+01,8.430836e+01,8.455693e+01,8.455693e+01,8.455693e+01,8.455693e+01,8.489094e+01,8.489094e+01,8.489094e+01,8.528131e+01,8.518619e+01,8.518619e+01,8.518619e+01,8.518619e+01,8.518619e+01,8.518619e+01,8.518619e+01,8.518619e+01,8.518619e+01,8.518619e+01,8.518619e+01,8.518619e+01,8.518619e+01,8.518619e+01,8.518619e+01,8.518619e+01,8.518619e+01,8.518619e+01,8.518619e+01,8.491953e+01,8.478604e+01,8.476696e+01,8.437532e+01,8.443269e+01,8.444225e+01,8.444225e+01,8.415520e+01,8.376205e+01,8.388682e+01,8.364680e+01,8.357954e+01,8.327165e+01,8.319460e+01,8.284734e+01,8.259607e+01,8.224749e+01,8.187870e+01,8.155773e+01,8.094314e+01,8.047323e+01,8.001173e+01,7.966716e+01,7.940083e+01,7.849973e+01,7.827115e+01,7.777302e+01,7.729327e+01,7.664118e+01,7.599635e+01,7.531830e+01,7.473901e+01,7.434135e+01,7.357358e+01,7.302860e+01,7.232639e+01,7.213995e+01,7.130840e+01,7.070251e+01,6.980993e+01,6.943021e+01,6.866772e+01,6.819972e+01,6.750552e+01,6.707659e+01,6.645232e+01,6.544543e+01,6.491195e+01,6.445303e+01,6.384974e+01,6.298954e+01,6.216839e+01,6.162189e+01,6.110681e+01,6.020625e+01,5.932228e+01,5.891229e+01,5.812287e+01,5.724780e+01,5.670366e+01,5.588897e+01,5.528040e+01,5.469249e+01,5.373425e+01,5.316295e+01,5.234913e+01,5.180764e+01,5.102128e+01,5.027873e+01,4.939645e+01,4.885411e+01,4.837137e+01,4.751253e+01,4.687376e+01,4.624417e+01,4.587748e+01,4.496211e+01,4.452737e+01,4.398809e+01,4.353678e+01,4.305776e+01,4.271996e+01,4.245945e+01,4.194973e+01,4.147721e+01,4.094987e+01,4.061905e+01,4.018087e+01,3.979440e+01,3.951371e+01,3.908464e+01,3.876175e+01,3.839738e+01,3.801826e+01,3.765144e+01,3.790970e+01,3.746076e+01,3.662607e+01,3.662607e+01,3.606146e+01,3.608907e+01,3.603384e+01,3.611667e+01,3.611667e+01,3.611667e+01,3.611667e+01,3.668100e+01,3.663980e+01,3.663980e+01,3.663980e+01,3.663980e+01,3.720145e+01,3.714679e+01,3.714679e+01,3.714679e+01,3.714679e+01,3.770586e+01,3.767866e+01,3.781462e+01,3.781462e+01,3.781462e+01,3.781462e+01,3.781462e+01,3.781462e+01,3.837035e+01,3.819444e+01,3.843793e+01,3.841090e+01,3.841090e+01,3.841090e+01,3.841090e+01,3.841090e+01,3.841090e+01,3.841090e+01,3.841090e+01,3.841090e+01,3.841090e+01,3.841090e+01,3.892331e+01,3.892331e+01,3.892331e+01,3.892331e+01,3.892331e+01,3.892331e+01,3.892331e+01,3.946016e+01,3.946016e+01,3.946016e+01,4.000779e+01,3.987447e+01,3.987447e+01,3.987447e+01,4.042009e+01,4.039353e+01,4.038025e+01,4.038025e+01,4.038025e+01,4.038025e+01,4.038025e+01,4.038025e+01,4.038025e+01,4.038025e+01,4.092345e+01,4.075150e+01,4.075150e+01,4.075150e+01,4.020747e+01,4.038025e+01,4.019417e+01,4.023407e+01,4.023407e+01,4.023407e+01,4.023407e+01,4.023407e+01,4.023407e+01,4.023407e+01,4.023407e+01,3.968755e+01,4.027396e+01,3.999446e+01,3.999446e+01,3.999446e+01,3.999446e+01,3.999446e+01,3.999446e+01,3.944677e+01,3.948694e+01,3.948694e+01,3.948694e+01,3.948694e+01,3.948694e+01,3.948694e+01,3.948694e+01,3.948694e+01,3.893676e+01,3.905777e+01,3.905777e+01,3.905777e+01,3.905777e+01,3.905777e+01,3.905777e+01,3.905777e+01,3.905777e+01,3.905777e+01,3.905777e+01,3.905777e+01,3.905777e+01,3.905777e+01,3.905777e+01,3.905777e+01,3.905777e+01,3.873480e+01,3.873480e+01,3.873480e+01,3.873480e+01,3.873480e+01,3.873480e+01,3.873480e+01,3.873480e+01,3.873480e+01,3.830272e+01,3.830272e+01,3.830272e+01,3.830272e+01,3.830272e+01,3.830272e+01,3.830272e+01,3.830272e+01,3.830272e+01,3.830272e+01,3.830272e+01,3.830272e+01,3.830272e+01,3.830272e+01,3.830272e+01,3.830272e+01,3.830272e+01,3.830272e+01,3.830272e+01,3.830272e+01,3.830272e+01,3.774666e+01,3.786896e+01,3.786896e+01,3.786896e+01,3.786896e+01,3.786896e+01,3.786896e+01,3.786896e+01,3.786896e+01,3.786896e+01,3.786896e+01,3.786896e+01,3.786896e+01,3.786896e+01,3.786896e+01,3.786896e+01,3.786896e+01,3.786896e+01,3.786896e+01,3.786896e+01,3.786896e+01,3.786896e+01,3.786896e+01,3.786896e+01,3.786896e+01,3.786896e+01,3.758338e+01,3.758338e+01,3.758338e+01
3.588183e+01,3.588183e+01,3.588183e+01,3.588183e+01,3.588183e+01,3.588183e+01,3.588183e+01,3.644736e+01,3.632347e+01,3.632347e+01,3.632347e+01,3.632347e+01,3.632347e+01,3.688674e+01,3.688674e+01,3.688674e+01,3.688674e+01,3.688674e+01,3.744713e+01,3.732436e+01,3.732436e+01,3.762422e+01,3.762422e+01,3.762422e+01,3.762422e+01,3.812671e+01,3.812671e+01,3.812671e+01,3.812671e+01,3.812671e+01,3.812671e+01,3.812671e+01,3.868088e+01,3.873480e+01,3.827567e+01,3.895021e+01,3.877522e+01,3.907120e+01,3.924573e+01,3.943338e+01,3.967419e+01,3.980775e+01,4.028725e+01,3.995448e+01,4.049971e+01,4.083089e+01,4.100272e+01,4.100272e+01,4.143774e+01,4.143774e+01,4.143774e+01,4.143774e+01,4.197593e+01,4.184489e+01,4.184489e+01,4.184489e+01,4.184489e+01,4.184489e+01,4.184489e+01,4.184489e+01,4.184489e+01,4.184489e+01,4.184489e+01,4.184489e+01,4.184489e+01,4.184489e+01,4.184489e+01,4.184489e+01,4.184489e+01,4.130609e+01,4.138510e+01,4.143774e+01,4.143774e+01,4.143774e+01,4.089701e+01,4.110833e+01,4.088379e+01,4.091023e+01,4.091023e+01,4.091023e+01,4.036697e+01,4.049971e+01,4.049971e+01,4.049971e+01,3.995448e+01,4.012764e+01,3.988781e+01,3.990114e+01,3.990114e+01,3.990114e+01,3.990114e+01,3.990114e+01,4.047318e+01,4.047318e+01,4.094987e+01,4.091023e+01,4.135877e+01,4.175309e+01,4.239423e+01,4.282401e+01,4.326514e+01,4.357553e+01,4.410386e+01,4.468099e+01,4.517888e+01,4.566199e+01,4.616840e+01,4.662232e+01,4.708706e+01,4.767481e+01,4.824728e+01,4.870578e+01,4.962989e+01,5.000982e+01,5.091201e+01,5.146951e+01,5.185587e+01,5.294804e+01,5.355600e+01,5.394782e+01,5.475140e+01,5.522173e+01,5.597067e+01,5.688915e+01,5.732864e+01,5.772060e+01,5.837508e+01,5.893510e+01,5.935639e+01,5.988961e+01,6.060099e+01,6.107314e+01,6.195675e+01,6.234636e+01,6.277918e+01,6.365171e+01,6.405845e+01,6.516261e+01,6.563003e+01,6.603096e+01,6.668944e+01,6.754833e+01,6.851898e+01,6.919766e+01,6.971510e+01,7.030416e+01,7.101621e+01,7.177673e+01,7.258495e+01,7.302860e+01,7.384019e+01,7.431071e+01,7.529801e+01,7.591555e+01,7.625864e+01,7.670149e+01,7.747336e+01,7.799239e+01,7.878748e+01,7.914391e+01,7.966716e+01,8.040459e+01,8.092358e+01,8.143111e+01,8.218932e+01,8.262508e+01,8.311749e+01,8.370444e+01,8.418393e+01,8.490047e+01,8.524327e+01,8.569920e+01,8.592668e+01,8.658833e+01,8.714393e+01,8.754765e+01,8.781001e+01,8.811868e+01,8.845474e+01,8.867841e+01,8.925479e+01,8.913410e+01,8.929191e+01,8.937539e+01,8.961633e+01,8.961633e+01,8.999556e+01,8.994012e+01,8.990314e+01,8.990314e+01,8.990314e+01,8.990314e+01,8.990314e+01,8.990314e+01,8.990314e+01,8.990314e+01,8.990314e+01,8.990314e+01,8.990314e+01,8.990314e+01,8.990314e+01,8.990314e+01,8.990314e+01,8.990314e+01,8.990314e+01,8.990314e+01,8.990314e+01,8.990314e+01,8.990314e+01,8.990314e+01,8.990314e+01,8.990314e+01,8.990314e+01,8.962559e+01,8.962559e+01,8.962559e+01,8.962559e+01,8.962559e+01,8.962559e+01,8.962559e+01,8.962559e+01,8.924551e+01,8.924551e+01,8.924551e+01,8.924551e+01,8.924551e+01,8.924551e+01,8.924551e+01,8.924551e+01,8.924551e+01,8.924551e+01,8.924551e+01,8.924551e+01,8.924551e+01,8.873427e+01,8.911552e+01,8.899474e+01,8.899474e+01,8.899474e+01,8.899474e+01,8.899474e+01,8.861320e+01,8.864115e+01,8.864115e+01,8.864115e+01,8.864115e+01,8.864115e+01,8.864115e+01,8.839878e+01,8.815605e+01,8.815605e+01,8.815605e+01,8.815605e+01,8.815605e+01,8.815605e+01,8.770699e+01,8.770699e+01,8.770699e+01,8.770699e+01,8.742570e+01,8.742570e+01,8.742570e+01,8.742570e+01,8.742570e+01,8.698404e+01,8.698404e+01,8.698404e+01,8.659777e+01,8.643734e+01,8.643734e+01,8.643734e+01,8.643734e+01,8.643734e+01,8.594562e+01,8.594562e+01,8.594562e+01,8.563279e+01,8.563279e+01,8.563279e+01,8.563279e+01,8.524327e+01,8.526229e+01,8.515764e+01,8.515764e+01,8.515764e+01,8.515764e+01,8.485280e+01,8.469062e+01,8.454738e+01,8.454738e+01,8.454738e+01,8.454738e+01,8.415520e+01,8.413605e+01,8.413605e+01,8.413605e+01,8.413605e+01,8.413605e+01,8.374285e+01,8.372365e+01,8.373325e+01,8.373325e+01,8.373325e+01,8.373325e+01,8.373325e+01,8.373325e+01,8.373325e+01,8.373325e+01,8.353147e+01,8.353147e+01,8.353147e+01,8.353147e+01,8.353147e+01,8.353147e+01,8.353147e+01,8.353147e+01,8.353147e+01,8.353147e+01,8.353147e+01,8.353147e+01,8.353147e+01,8.353147e+01,8.353147e+01,8.353147e+01,8.353147e+01,8.353147e+01,8.353147e+01,8.392519e+01,8.380045e+01,8.380045e+01,8.380045e+01,8.380045e+01,8.380045e+01,8.380045e+01,8.380045e+01,8.419350e+01,8.417435e+01,8.418393e+01,8.418393e+01,8.418393e+01,8.457603e+01,8.445181e+01,8.458559e+01,8.455693e+01,8.455693e+01,8.455693e+01,8.455693e+01,8.455693e+01,8.489094e+01,8.505292e+01,8.513860e+01,8.513860e+01,8.513860e+01,8.513860e+01,8.513860e+01,8.513860e+01,8.513860e+01,8.513860e+01,8.552837e+01,8.530984e+01,8.530984e+01,8.530984e+01,8.530984e+01,8.530984e+01,8.530984e+01,8.530984e+01,8.491953e+01,8.504339e+01,8.504339e+01,8.504339e+01,8.465244e+01,8.477650e+01,8.460469e+01,8.451871e+01,8.451871e+01,8.451871e+01,8.412646e+01,8.399231e+01,8.390601e+01,8.377165e+01,8.370444e+01,8.350262e+01,8.332943e+01,8.308857e+01,8.288596e+01,8.253802e+01,8.219901e+01,8.183012e+01,8.150905e+01,8.129463e+01,8.055165e+01,8.005106e+01,7.974599e+01,7.938107e+01,7.853946e+01,7.821146e+01,7.773310e+01,7.725323e+01,7.660096e+01,7.595596e+01,7.569312e+01,7.483063e+01,7.440260e+01,7.360437e+01,7.302860e+01,7.248158e+01,7.169358e+01,7.119368e+01,7.067110e+01,6.977833e+01,6.939852e+01,6.863586e+01,6.816776e+01,6.747339e+01,6.704437e+01,6.633360e+01,6.554318e+01,6.497738e+01,6.448586e+01,6.384974e+01,6.340929e+01,6.227965e+01,6.171126e+01,6.117410e+01,6.025142e+01,5.934502e+01,5.891229e+01,5.809991e+01,5.722469e+01,5.668045e+01,5.586562e+01,5.525694e+01,5.466891e+01,5.371050e+01,5.313909e+01,5.232511e+01,5.178352e+01,5.099701e+01,5.025431e+01,4.937185e+01,4.882941e+01,4.834657e+01,4.748754e+01,4.684864e+01,4.629466e+01,4.580146e+01,4.493658e+01,4.450174e+01,4.448893e+01,4.367881e+01,4.325219e+01,4.299288e+01,4.236813e+01,4.192353e+01,4.145090e+01,4.100272e+01,4.053951e+01,4.023407e+01,3.979440e+01,3.946016e+01,3.903089e+01,3.870784e+01,3.834330e+01,3.796399e+01,3.773306e+01,3.766505e+01,3.743349e+01,3.683191e+01,3.658486e+01,3.626836e+01,3.626836e+01,3.626836e+01,3.626836e+01,3.626836e+01,3.626836e+01,3.626836e+01,3.626836e+01,3.663980e+01,3.663980e+01,3.663980e+01,3.663980e+01,3.720145e+01,3.720145e+01,3.720145e+01,3.720145e+01,3.720145e+01,3.770586e+01,3.770586e+01,3.770586e+01,3.770586e+01,3.770586e+01,3.770586e+01,3.826213e+01,3.818090e+01,3.819444e+01,3.819444e+01,3.819444e+01,3.819444e+01,3.819444e+01,3.819444e+01,3.819444e+01,3.819444e+01,3.819444e+01,3.819444e+01,3.819444e+01,3.819444e+01,3.874828e+01,3.872132e+01,3.874828e+01,3.874828e+01,3.874828e+01,3.929938e+01,3.912493e+01,3.912493e+01,3.912493e+01,3.912493e+01,3.946016e+01,3.970091e+01,3.980775e+01,3.980775e+01,3.980775e+01,4.035369e+01,4.028725e+01,4.028725e+01,4.028725e+01,4.028725e+01,4.028725e+01,4.028725e+01,4.083089e+01,4.052624e+01,4.052624e+01,4.052624e+01,4.052624e+01,4.052624e+01,4.052624e+01,4.052624e+01,4.052624e+01,4.052624e+01,4.052624e+01,4.052624e+01,4.052624e+01,4.023407e+01,4.023407e+01,4.023407e+01,4.023407e+01,4.023407e+01,3.968755e+01,3.980775e+01,3.994115e+01,3.998114e+01,3.998114e+01,3.998114e+01,3.998114e+01,3.998114e+01,3.943338e+01,3.956723e+01,3.956723e+01,3.956723e+01,3.956723e+01,3.956723e+01,3.956723e+01,3.956723e+01,3.956723e+01,3.956723e+01,3.956723e+01,3.956723e+01,3.905777e+01,3.905777e+01,3.905777e+01,3.905777e+01,3.905777e+01,3.905777e+01,3.905777e+01,3.905777e+01,3.905777e+01,3.905777e+01,3.905777e+01,3.905777e+01,3.905777e+01,3.905777e+01,3.905777e+01,3.873480e+01,3.873480e+01,3.873480e+01,3.873480e+01,3.873480e+01,3.873480e+01,3.873480e+01,3.873480e+01,3.873480e+01,3.830272e+01,3.830272e+01,3.830272e+01,3.830272e+01,3.830272e+01,3.830272e+01,3.830272e+01,3.830272e+01,3.830272e+01,3.830272e+01,3.830272e+01,3.830272e+01,3.830272e+01,3.830272e+01,3.830272e+01,3.830272e+01,3.830272e+01,3.830272e+01,3.830272e+01,3.830272e+01,3.830272e+01,3.774666e+01,3.830272e+01,3.812671e+01,3.812671e+01,3.812671e+01,3.812671e+01,3.812671e+01,3.812671e+01,3.812671e+01,3.812671e+01,3.812671e+01,3.812671e+01,3.812671e+01,3.756976e+01,3.774666e+01,3.774666e+01,3.774666e+01,3.774666e+01,3.774666e+01,3.774666e+01,3.774666e+01,3.774666e+01,3.774666e+01,3.774666e+01,3.774666e+01,3.774666e+01,3.774666e+01,3.774666e+01,3.774666e+01
3.588183e+01,3.588183e+01,3.588183e+01,3.588183e+01,3.588183e+01,3.588183e+01,3.588183e+01,3.644736e+01,3.644736e+01,3.644736e+01,3.644736e+01,3.644736e+01,3.644736e+01,3.644736e+01,3.644736e+01,3.688674e+01,3.688674e+01,3.688674e+01,3.744713e+01,3.744713e+01,3.744713e+01,3.744713e+01,3.744713e+01,3.800470e+01,3.797756e+01,3.795042e+01,3.795042e+01,3.795042e+01,3.795042e+01,3.850547e+01,3.832978e+01,3.801826e+01,3.837035e+01,3.845144e+01,3.846495e+01,3.874828e+01,3.893676e+01,3.899056e+01,3.899056e+01,3.943338e+01,3.998114e+01,3.995448e+01,3.995448e+01,4.057928e+01,4.063230e+01,4.075150e+01,4.129292e+01,4.126657e+01,4.124021e+01,4.177932e+01,4.160866e+01,4.184489e+01,4.180556e+01,4.180556e+01,4.180556e+01,4.180556e+01,4.180556e+01,4.180556e+01,4.180556e+01,4.180556e+01,4.180556e+01,4.180556e+01,4.180556e+01,4.180556e+01,4.180556e+01,4.180556e+01,4.180556e+01,4.180556e+01,4.180556e+01,4.130609e+01,4.130609e+01,4.130609e+01,4.130609e+01,4.130609e+01,4.130609e+01,4.076473e+01,4.093666e+01,4.093666e+01,4.093666e+01,4.093666e+01,4.036697e+01,4.036697e+01,4.036697e+01,4.036697e+01,4.036697e+01,3.982109e+01,3.999446e+01,3.999446e+01,3.999446e+01,3.999446e+01,3.999446e+01,3.999446e+01,3.999446e+01,4.047318e+01,4.075150e+01,4.098951e+01,4.130609e+01,4.183178e+01,4.242032e+01,4.285000e+01,4.321333e+01,4.365300e+01,4.412957e+01,4.470657e+01,4.468099e+01,4.552234e+01,4.604200e+01,4.650900e+01,4.698673e+01,4.758746e+01,4.817276e+01,4.864392e+01,4.951937e+01,5.002206e+01,5.092415e+01,5.142113e+01,5.192817e+01,5.295999e+01,5.356789e+01,5.395967e+01,5.476318e+01,5.523347e+01,5.598234e+01,5.690074e+01,5.734018e+01,5.773211e+01,5.838654e+01,5.894650e+01,5.936776e+01,5.990093e+01,6.061226e+01,6.108437e+01,6.196789e+01,6.235748e+01,6.279026e+01,6.366272e+01,6.462804e+01,6.514083e+01,6.561917e+01,6.603096e+01,6.670020e+01,6.755904e+01,6.809315e+01,6.907066e+01,6.958855e+01,7.060826e+01,7.107887e+01,7.178712e+01,7.217104e+01,7.332705e+01,7.390165e+01,7.401425e+01,7.500352e+01,7.577405e+01,7.611747e+01,7.697260e+01,7.753334e+01,7.800236e+01,7.879739e+01,7.915380e+01,7.967702e+01,8.041439e+01,8.093336e+01,8.144086e+01,8.219901e+01,8.263475e+01,8.312713e+01,8.371404e+01,8.419350e+01,8.491000e+01,8.525278e+01,8.566125e+01,8.598350e+01,8.659777e+01,8.715333e+01,8.751014e+01,8.786618e+01,8.812802e+01,8.841743e+01,8.873427e+01,8.911552e+01,8.911552e+01,8.911552e+01,8.937539e+01,8.956076e+01,8.972741e+01,8.985692e+01,8.985692e+01,8.985692e+01,9.023560e+01,9.002327e+01,9.002327e+01,9.002327e+01,9.002327e+01,9.002327e+01,9.002327e+01,9.002327e+01,9.002327e+01,9.002327e+01,9.002327e+01,9.002327e+01,9.002327e+01,9.002327e+01,9.002327e+01,9.002327e+01,9.002327e+01,9.002327e+01,9.002327e+01,9.002327e+01,8.964410e+01,8.976443e+01,8.976443e+01,8.976443e+01,8.976443e+01,8.976443e+01,8.976443e+01,8.976443e+01,8.976443e+01,8.976443e+01,8.938467e+01,8.940321e+01,8.936612e+01,8.936612e+01,8.936612e+01,8.936612e+01,8.936612e+01,8.936612e+01,8.936612e+01,8.936612e+01,8.936612e+01,8.936612e+01,8.898544e+01,8.910624e+01,8.893896e+01,8.919910e+01,8.910624e+01,8.910624e+01,8.872496e+01,8.884595e+01,8.884595e+01,8.884595e+01,8.884595e+01,8.884595e+01,8.884595e+01,8.884595e+01,8.864115e+01,8.825879e+01,8.829613e+01,8.822144e+01,8.821210e+01,8.821210e+01,8.821210e+01,8.821210e+01,8.821210e+01,8.821210e+01,8.809064e+01,8.787553e+01,8.749138e+01,8.785682e+01,8.763203e+01,8.751014e+01,8.751014e+01,8.712512e+01,8.714393e+01,8.710632e+01,8.710632e+01,8.672034e+01,8.672034e+01,8.672034e+01,8.672034e+01,8.643734e+01,8.643734e+01,8.643734e+01,8.643734e+01,8.594562e+01,8.577506e+01,8.577506e+01,8.577506e+01,8.577506e+01,8.538589e+01,8.536687e+01,8.536687e+01,8.536687e+01,8.536687e+01,8.515764e+01,8.502434e+01,8.491000e+01,8.491000e+01,8.454738e+01,8.454738e+01,8.454738e+01,8.454738e+01,8.454738e+01,8.413605e+01,8.413605e+01,8.413605e+01,8.413605e+01,8.413605e+01,8.413605e+01,8.411689e+01,8.389641e+01,8.389641e+01,8.389641e+01,8.389641e+01,8.389641e+01,8.350262e+01,8.362759e+01,8.349300e+01,8.352185e+01,8.352185e+01,8.352185e+01,8.352185e+01,8.352185e+01,8.352185e+01,8.352185e+01,8.352185e+01,8.352185e+01,8.352185e+01,8.352185e+01,8.352185e+01,8.352185e+01,8.352185e+01,8.352185e+01,8.352185e+01,8.352185e+01,8.352185e+01,8.391560e+01,8.382925e+01,8.382925e+01,8.382925e+01,8.382925e+01,8.382925e+01,8.382925e+01,8.382925e+01,8.382925e+01,8.419350e+01,8.419350e+01,8.419350e+01,8.419350e+01,8.419350e+01,8.419350e+01,8.419350e+01,8.458559e+01,8.458559e+01,8.458559e+01,8.458559e+01,8.458559e+01,8.497671e+01,8.488140e+01,8.488140e+01,8.488140e+01,8.488140e+01,8.488140e+01,8.513860e+01,8.513860e+01,8.513860e+01,8.513860e+01,8.513860e+01,8.513860e+01,8.513860e+01,8.513860e+01,8.513860e+01,8.513860e+01,8.513860e+01,8.513860e+01,8.513860e+01,8.513860e+01,8.513860e+01,8.513860e+01,8.513860e+01,8.465244e+01,8.465244e+01,8.465244e+01,8.465244e+01,8.426051e+01,8.427966e+01,8.425095e+01,8.399231e+01,8.399231e+01,8.399231e+01,8.370444e+01,8.356031e+01,8.325240e+01,8.305000e+01,8.278939e+01,8.252835e+01,8.218932e+01,8.182040e+01,8.154800e+01,8.123611e+01,8.054185e+01,8.009039e+01,7.968687e+01,7.937120e+01,7.852953e+01,7.820151e+01,7.772311e+01,7.724322e+01,7.659090e+01,7.599635e+01,7.563241e+01,7.482045e+01,7.439239e+01,7.359411e+01,7.301830e+01,7.247124e+01,7.168318e+01,7.118324e+01,7.066063e+01,6.976779e+01,6.938796e+01,6.862524e+01,6.815710e+01,6.746268e+01,6.703363e+01,6.632280e+01,6.553233e+01,6.496648e+01,6.447492e+01,6.383874e+01,6.328792e+01,6.237970e+01,6.180058e+01,6.079230e+01,6.012716e+01,5.932228e+01,5.888947e+01,5.807696e+01,5.720157e+01,5.665725e+01,5.584226e+01,5.523347e+01,5.464534e+01,5.368674e+01,5.311523e+01,5.230109e+01,5.175939e+01,5.097273e+01,5.022988e+01,4.985064e+01,4.895290e+01,4.845816e+01,4.758746e+01,4.693653e+01,4.637035e+01,4.586481e+01,4.550964e+01,4.500039e+01,4.446329e+01,4.367881e+01,4.344630e+01,4.295393e+01,4.236813e+01,4.192353e+01,4.145090e+01,4.100272e+01,4.059254e+01,4.015426e+01,3.984778e+01,3.946016e+01,3.897711e+01,3.865392e+01,3.828920e+01,3.804538e+01,3.773306e+01,3.717413e+01,3.725610e+01,3.647488e+01,3.646112e+01,3.635102e+01,3.635102e+01,3.635102e+01,3.635102e+01,3.635102e+01,3.635102e+01,3.635102e+01,3.635102e+01,3.663980e+01,3.663980e+01,3.663980e+01,3.663980e+01,3.720145e+01,3.720145e+01,3.720145e+01,3.776026e+01,3.767866e+01,3.756976e+01,3.756976e+01,3.756976e+01,3.812671e+01,3.795042e+01,3.819444e+01,3.812671e+01,3.812671e+01,3.812671e+01,3.812671e+01,3.812671e+01,3.812671e+01,3.812671e+01,3.868088e+01,3.837035e+01,3.837035e+01,3.837035e+01,3.837035e+01,3.837035e+01,3.837035e+01,3.837035e+01,3.872132e+01,3.872132e+01,3.872132e+01,3.927256e+01,3.916521e+01,3.916521e+01,3.916521e+01,3.916521e+01,3.971427e+01,3.958060e+01,3.958060e+01,3.958060e+01,4.012764e+01,4.010102e+01,4.018087e+01,4.018087e+01,4.018087e+01,4.072502e+01,4.042009e+01,4.042009e+01,4.042009e+01,4.042009e+01,4.096309e+01,4.065880e+01,4.065880e+01,4.065880e+01,4.065880e+01,4.065880e+01,4.065880e+01,4.065880e+01,4.065880e+01,4.065880e+01,4.065880e+01,4.065880e+01,4.023407e+01,4.023407e+01,4.023407e+01,4.023407e+01,4.023407e+01,4.023407e+01,4.023407e+01,4.023407e+01,3.968755e+01,3.986113e+01,3.986113e+01,3.986113e+01,3.986113e+01,3.986113e+01,3.986113e+01,3.986113e+01,3.956723e+01,3.956723e+01,3.956723e+01,3.956723e+01,3.956723e+01,3.956723e+01,3.956723e+01,3.956723e+01,3.956723e+01,3.905777e+01,3.905777e+01,3.905777e+01,3.905777e+01,3.905777e+01,3.905777e+01,3.905777e+01,3.905777e+01,3.905777e+01,3.905777e+01,3.905777e+01,3.905777e+01,3.905777e+01,3.905777e+01,3.905777e+01,3.873480e+01,3.873480e+01,3.873480e+01,3.873480e+01,3.873480e+01,3.873480e+01,3.873480e+01,3.873480e+01,3.873480e+01,3.873480e+01,3.873480e+01,3.873480e+01,3.873480e+01,3.830272e+01,3.830272e+01,3.830272e+01,3.830272e+01,3.830272e+01,3.830272e+01,3.830272e+01,3.830272e+01,3.830272e+01,3.830272e+01,3.830272e+01,3.830272e+01,3.830272e+01,3.830272e+01,3.830272e+01,3.830272e+01,3.830272e+01,3.830272e+01,3.830272e+01,3.774666e+01,3.792327e+01,3.792327e+01,3.792327e+01,3.792327e+01,3.792327e+01,3.792327e+01,3.792327e+01,3.792327e+01,3.792327e+01,3.792327e+01,3.792327e+01,3.792327e+01,3.792327e+01,3.792327e+01,3.792327e+01,3.792327e+01,3.792327e+01,3.792327e+01,3.792327e+01,3.792327e+01,3.792327e+01,3.736530e+01,3.754252e+01,3.754252e+01,3.754252e+01,3.754252e+01
3.588183e+01,3.588183e+01,3.588183e+01,3.588183e+01,3.588183e+01,3.588183e+01,3.588183e+01,3.644736e+01,3.644736e+01,3.644736e+01,3.644736e+01,3.644736e+01,3.644736e+01,3.644736e+01,3.644736e+01,3.688674e+01,3.688674e+01,3.744713e+01,3.731071e+01,3.731071e+01,3.731071e+01,3.731071e+01,3.786896e+01,3.782821e+01,3.782821e+01,3.782821e+01,3.782821e+01,3.838387e+01,3.835683e+01,3.832978e+01,3.814026e+01,3.816735e+01,3.828920e+01,3.828920e+01,3.884256e+01,3.880216e+01,3.880216e+01,3.935300e+01,3.932619e+01,3.951371e+01,3.979440e+01,3.979440e+01,4.034040e+01,4.040681e+01,4.094987e+01,4.092345e+01,4.110833e+01,4.110833e+01,4.164807e+01,4.160866e+01,4.160866e+01,4.160866e+01,4.160866e+01,4.160866e+01,4.160866e+01,4.160866e+01,4.160866e+01,4.160866e+01,4.160866e+01,4.160866e+01,4.160866e+01,4.160866e+01,4.160866e+01,4.160866e+01,4.160866e+01,4.160866e+01,4.160866e+01,4.160866e+01,4.160866e+01,4.160866e+01,4.160866e+01,4.130609e+01,4.130609e+01,4.130609e+01,4.130609e+01,4.076473e+01,4.076473e+01,4.076473e+01,4.076473e+01,4.076473e+01,4.076473e+01,4.036697e+01,4.036697e+01,4.036697e+01,4.036697e+01,3.982109e+01,3.982109e+01,3.982109e+01,3.982109e+01,3.982109e+01,3.982109e+01,4.036697e+01,4.034040e+01,4.048645e+01,4.067204e+01,4.109513e+01,4.143774e+01,4.236813e+01,4.256372e+01,4.279800e+01,4.329104e+01,4.366590e+01,4.414242e+01,4.452737e+01,4.528075e+01,4.566199e+01,4.605464e+01,4.652160e+01,4.751253e+01,4.772470e+01,4.819761e+01,4.917488e+01,4.965444e+01,5.005876e+01,5.096059e+01,5.145742e+01,5.245715e+01,5.309135e+01,5.360356e+01,5.399523e+01,5.479851e+01,5.526867e+01,5.601733e+01,5.693549e+01,5.737481e+01,5.776664e+01,5.842089e+01,5.898071e+01,5.940186e+01,5.993489e+01,6.064603e+01,6.111802e+01,6.200133e+01,6.239082e+01,6.282350e+01,6.369574e+01,6.421203e+01,6.504279e+01,6.555405e+01,6.644153e+01,6.681861e+01,6.759114e+01,6.821038e+01,6.897533e+01,6.960965e+01,7.051395e+01,7.101621e+01,7.175595e+01,7.267792e+01,7.330649e+01,7.373771e+01,7.437197e+01,7.498319e+01,7.578416e+01,7.614773e+01,7.700269e+01,7.756332e+01,7.844014e+01,7.890638e+01,7.919335e+01,8.011987e+01,8.052225e+01,8.098223e+01,8.148956e+01,8.224749e+01,8.268309e+01,8.317532e+01,8.376205e+01,8.424137e+01,8.495765e+01,8.530033e+01,8.570868e+01,8.641846e+01,8.670149e+01,8.720972e+01,8.756641e+01,8.821210e+01,8.828680e+01,8.851069e+01,8.879012e+01,8.898544e+01,8.936612e+01,8.937539e+01,8.934757e+01,8.956076e+01,8.994012e+01,8.981992e+01,9.019869e+01,9.014332e+01,9.014332e+01,9.007869e+01,9.007869e+01,9.007869e+01,9.007869e+01,9.007869e+01,9.007869e+01,9.007869e+01,9.007869e+01,9.007869e+01,9.007869e+01,9.007869e+01,9.007869e+01,9.007869e+01,9.007869e+01,9.007869e+01,9.007869e+01,8.969965e+01,8.991238e+01,8.974592e+01,8.976443e+01,8.976443e+01,8.976443e+01,8.976443e+01,8.976443e+01,8.976443e+01,8.976443e+01,8.976443e+01,8.976443e+01,8.976443e+01,8.976443e+01,8.976443e+01,8.976443e+01,8.936612e+01,8.936612e+01,8.936612e+01,8.936612e+01,8.936612e+01,8.936612e+01,8.936612e+01,8.936612e+01,8.936612e+01,8.936612e+01,8.910624e+01,8.906908e+01,8.914339e+01,8.914339e+01,8.914339e+01,8.914339e+01,8.914339e+01,8.884595e+01,8.884595e+01,8.884595e+01,8.884595e+01,8.884595e+01,8.884595e+01,8.884595e+01,8.884595e+01,8.867841e+01,8.877151e+01,8.854797e+01,8.833347e+01,8.833347e+01,8.833347e+01,8.795039e+01,8.807195e+01,8.794103e+01,8.778192e+01,8.781001e+01,8.780065e+01,8.768826e+01,8.768826e+01,8.768826e+01,8.751014e+01,8.729427e+01,8.729427e+01,8.729427e+01,8.710632e+01,8.688991e+01,8.688991e+01,8.650342e+01,8.646566e+01,8.646566e+01,8.646566e+01,8.646566e+01,8.633344e+01,8.594562e+01,8.594562e+01,8.594562e+01,8.594562e+01,8.577506e+01,8.553787e+01,8.553787e+01,8.553787e+01,8.514812e+01,8.517667e+01,8.517667e+01,8.491000e+01,8.473833e+01,8.468107e+01,8.468107e+01,8.468107e+01,8.468107e+01,8.428922e+01,8.426051e+01,8.426051e+01,8.426051e+01,8.426051e+01,8.426051e+01,8.386763e+01,8.385803e+01,8.388682e+01,8.388682e+01,8.388682e+01,8.388682e+01,8.349300e+01,8.358915e+01,8.358915e+01,8.358915e+01,8.358915e+01,8.358915e+01,8.358915e+01,8.358915e+01,8.358915e+01,8.358915e+01,8.358915e+01,8.358915e+01,8.358915e+01,8.358915e+01,8.358915e+01,8.358915e+01,8.358915e+01,8.358915e+01,8.358915e+01,8.358915e+01,8.358915e+01,8.358915e+01,8.358915e+01,8.358915e+01,8.358915e+01,8.382925e+01,8.382925e+01,8.382925e+01,8.382925e+01,8.382925e+01,8.382925e+01,8.382925e+01,8.419350e+01,8.419350e+01,8.419350e+01,8.419350e+01,8.419350e+01,8.419350e+01,8.419350e+01,8.458559e+01,8.458559e+01,8.458559e+01,8.458559e+01,8.497671e+01,8.497671e+01,8.497671e+01,8.497671e+01,8.497671e+01,8.497671e+01,8.497671e+01,8.536687e+01,8.524327e+01,8.524327e+01,8.524327e+01,8.524327e+01,8.524327e+01,8.524327e+01,8.524327e+01,8.524327e+01,8.524327e+01,8.524327e+01,8.524327e+01,8.524327e+01,8.485280e+01,8.497671e+01,8.480511e+01,8.474788e+01,8.474788e+01,8.474788e+01,8.474788e+01,8.465244e+01,8.443269e+01,8.427009e+01,8.406898e+01,8.406898e+01,8.367562e+01,8.377165e+01,8.349300e+01,8.321386e+01,8.301141e+01,8.275074e+01,8.282803e+01,8.234440e+01,8.200497e+01,8.129463e+01,8.107016e+01,8.048304e+01,8.003139e+01,7.971643e+01,7.930206e+01,7.846994e+01,7.814179e+01,7.766322e+01,7.718312e+01,7.653055e+01,7.593575e+01,7.557166e+01,7.475937e+01,7.433113e+01,7.395284e+01,7.308010e+01,7.248158e+01,7.206738e+01,7.126669e+01,7.069204e+01,7.017814e+01,6.949357e+01,6.868896e+01,6.817841e+01,6.744126e+01,6.699065e+01,6.627960e+01,6.593354e+01,6.505368e+01,6.452962e+01,6.386073e+01,6.327688e+01,6.234636e+01,6.176709e+01,6.121895e+01,6.022884e+01,5.940186e+01,5.894650e+01,5.811139e+01,5.768607e+01,5.680803e+01,5.598234e+01,5.536249e+01,5.476318e+01,5.379361e+01,5.321066e+01,5.238515e+01,5.183175e+01,5.103342e+01,5.032756e+01,4.982613e+01,4.894056e+01,4.844577e+01,4.757497e+01,4.692398e+01,4.635774e+01,4.590280e+01,4.542068e+01,4.498763e+01,4.445048e+01,4.385932e+01,4.339457e+01,4.294094e+01,4.235508e+01,4.191043e+01,4.143774e+01,4.104234e+01,4.049971e+01,4.019417e+01,3.982109e+01,3.987447e+01,3.944677e+01,3.895021e+01,3.859996e+01,3.824860e+01,3.781462e+01,3.744713e+01,3.720145e+01,3.666727e+01,3.666727e+01,3.666727e+01,3.635102e+01,3.635102e+01,3.635102e+01,3.635102e+01,3.635102e+01,3.635102e+01,3.635102e+01,3.635102e+01,3.663980e+01,3.663980e+01,3.720145e+01,3.706473e+01,3.706473e+01,3.706473e+01,3.720145e+01,3.751528e+01,3.751528e+01,3.807250e+01,3.799113e+01,3.795042e+01,3.795042e+01,3.795042e+01,3.795042e+01,3.795042e+01,3.850547e+01,3.832978e+01,3.832978e+01,3.832978e+01,3.832978e+01,3.832978e+01,3.832978e+01,3.832978e+01,3.832978e+01,3.832978e+01,3.832978e+01,3.888294e+01,3.882909e+01,3.869437e+01,3.869437e+01,3.924573e+01,3.913836e+01,3.913836e+01,3.968755e+01,3.937980e+01,3.962072e+01,3.958060e+01,3.958060e+01,3.958060e+01,4.012764e+01,3.999446e+01,3.999446e+01,3.999446e+01,3.999446e+01,3.999446e+01,4.072502e+01,4.049971e+01,4.049971e+01,4.049971e+01,4.049971e+01,4.096309e+01,4.073826e+01,4.073826e+01,4.073826e+01,4.073826e+01,4.073826e+01,4.073826e+01,4.073826e+01,4.073826e+01,4.073826e+01,4.073826e+01,4.019417e+01,4.032712e+01,4.032712e+01,4.032712e+01,4.032712e+01,4.032712e+01,4.032712e+01,4.032712e+01,4.032712e+01,4.023407e+01,3.992781e+01,3.992781e+01,3.992781e+01,3.992781e+01,3.992781e+01,3.992781e+01,3.992781e+01,3.956723e+01,3.956723e+01,3.956723e+01,3.956723e+01,3.956723e+01,3.956723e+01,3.956723e+01,3.956723e+01,3.956723e+01,3.905777e+01,3.905777e+01,3.905777e+01,3.905777e+01,3.905777e+01,3.905777e+01,3.905777e+01,3.905777e+01,3.905777e+01,3.905777e+01,3.905777e+01,3.905777e+01,3.905777e+01,3.905777e+01,3.905777e+01,3.873480e+01,3.873480e+01,3.873480e+01,3.873480e+01,3.873480e+01,3.873480e+01,3.873480e+01,3.873480e+01,3.873480e+01,3.873480e+01,3.873480e+01,3.873480e+01,3.873480e+01,3.873480e+01,3.873480e+01,3.873480e+01,3.830272e+01,3.830272e+01,3.830272e+01,3.830272e+01,3.830272e+01,3.830272e+01,3.830272e+01,3.830272e+01,3.830272e+01,3.830272e+01,3.830272e+01,3.830272e+01,3.830272e+01,3.830272e+01,3.830272e+01,3.830272e+01,3.830272e+01,3.792327e+01,3.792327e+01,3.792327e+01,3.792327e+01,3.792327e+01,3.792327e+01,3.792327e+01,3.792327e+01,3.792327e+01,3.792327e+01,3.792327e+01,3.792327e+01,3.792327e+01,3.792327e+01,3.792327e+01,3.792327e+01,3.792327e+01,3.792327e+01,3.792327e+01,3.792327e+01,3.792327e+01,3.792327e+01,3.792327e+01,3.754252e+01,3.754252e+01,3.754252e+01
3.588183e+01,3.588183e+01,3.588183e+01,3.588183e+01,3.588183e+01,3.588183e+01,3.588183e+01,3.644736e+01,3.644736e+01,3.644736e+01,3.644736e+01,3.644736e+01,3.644736e+01,3.644736e+01,3.644736e+01,3.688674e+01,3.713311e+01,3.725610e+01,3.725610e+01,3.725610e+01,3.725610e+01,3.781462e+01,3.773306e+01,3.773306e+01,3.773306e+01,3.773306e+01,3.773306e+01,3.782821e+01,3.814026e+01,3.814026e+01,3.814026e+01,3.814026e+01,3.814026e+01,3.814026e+01,3.884256e+01,3.884256e+01,3.884256e+01,3.935300e+01,3.935300e+01,3.935300e+01,3.979440e+01,4.003443e+01,4.015426e+01,4.045991e+01,4.130609e+01,4.110833e+01,4.110833e+01,4.110833e+01,4.164807e+01,4.164807e+01,4.164807e+01,4.164807e+01,4.164807e+01,4.164807e+01,4.164807e+01,4.164807e+01,4.164807e+01,4.164807e+01,4.164807e+01,4.164807e+01,4.164807e+01,4.164807e+01,4.164807e+01,4.164807e+01,4.164807e+01,4.164807e+01,4.164807e+01,4.164807e+01,4.164807e+01,4.164807e+01,4.164807e+01,4.130609e+01,4.130609e+01,4.130609e+01,4.076473e+01,4.089701e+01,4.089701e+01,4.089701e+01,4.089701e+01,4.089701e+01,4.089701e+01,4.036697e+01,4.036697e+01,4.036697e+01,4.036697e+01,3.982109e+01,3.982109e+01,3.982109e+01,3.982109e+01,3.982109e+01,3.982109e+01,4.036697e+01,4.036697e+01,4.036697e+01,4.067204e+01,4.116110e+01,4.155610e+01,4.219834e+01,4.256372e+01,4.303181e+01,4.325219e+01,4.374331e+01,4.410386e+01,4.460420e+01,4.524256e+01,4.568736e+01,4.616840e+01,4.704945e+01,4.738755e+01,4.782441e+01,4.873052e+01,4.931033e+01,4.969125e+01,5.009545e+01,5.099701e+01,5.149369e+01,5.249313e+01,5.312716e+01,5.363921e+01,5.403078e+01,5.483384e+01,5.530386e+01,5.605232e+01,5.649466e+01,5.727090e+01,5.816876e+01,5.854677e+01,5.901490e+01,5.990093e+01,6.005933e+01,6.069106e+01,6.116289e+01,6.204590e+01,6.243526e+01,6.286780e+01,6.373976e+01,6.425588e+01,6.508637e+01,6.559747e+01,6.648467e+01,6.686164e+01,6.763393e+01,6.825298e+01,6.901771e+01,6.965184e+01,7.055588e+01,7.105799e+01,7.179751e+01,7.271922e+01,7.334761e+01,7.377871e+01,7.441280e+01,7.502385e+01,7.582460e+01,7.618807e+01,7.704280e+01,7.760329e+01,7.807209e+01,7.868832e+01,7.940083e+01,8.008055e+01,8.051244e+01,8.100178e+01,8.151878e+01,8.227657e+01,8.271209e+01,8.320422e+01,8.379086e+01,8.427009e+01,8.498624e+01,8.532885e+01,8.573713e+01,8.639012e+01,8.675804e+01,8.723791e+01,8.759454e+01,8.809064e+01,8.829613e+01,8.855729e+01,8.883665e+01,8.906908e+01,8.924551e+01,8.962559e+01,8.960707e+01,8.976443e+01,8.981992e+01,8.998632e+01,9.007869e+01,9.007869e+01,9.007869e+01,9.007869e+01,9.007869e+01,9.007869e+01,9.007869e+01,9.007869e+01,9.007869e+01,9.007869e+01,9.007869e+01,9.007869e+01,9.007869e+01,9.007869e+01,9.007869e+01,9.007869e+01,9.007869e+01,9.007869e+01,9.007869e+01,9.007869e+01,9.007869e+01,9.007869e+01,9.007869e+01,9.007869e+01,8.976443e+01,8.976443e+01,8.976443e+01,8.976443e+01,8.976443e+01,8.976443e+01,8.976443e+01,8.976443e+01,8.976443e+01,8.976443e+01,8.976443e+01,8.936612e+01,8.936612e+01,8.936612e+01,8.936612e+01,8.936612e+01,8.936612e+01,8.936612e+01,8.936612e+01,8.936612e+01,8.936612e+01,8.936612e+01,8.936612e+01,8.936612e+01,8.914339e+01,8.914339e+01,8.914339e+01,8.914339e+01,8.914339e+01,8.914339e+01,8.914339e+01,8.884595e+01,8.884595e+01,8.884595e+01,8.884595e+01,8.884595e+01,8.884595e+01,8.846407e+01,8.877151e+01,8.856661e+01,8.844542e+01,8.827746e+01,8.807195e+01,8.807195e+01,8.807195e+01,8.807195e+01,8.807195e+01,8.780065e+01,8.780065e+01,8.780065e+01,8.741632e+01,8.779129e+01,8.720033e+01,8.720033e+01,8.720033e+01,8.720033e+01,8.720033e+01,8.720033e+01,8.688991e+01,8.663550e+01,8.663550e+01,8.663550e+01,8.663550e+01,8.633344e+01,8.606869e+01,8.606869e+01,8.606869e+01,8.568023e+01,8.568023e+01,8.559483e+01,8.559483e+01,8.559483e+01,8.553787e+01,8.531934e+01,8.518619e+01,8.497671e+01,8.497671e+01,8.468107e+01,8.468107e+01,8.468107e+01,8.468107e+01,8.468107e+01,8.426051e+01,8.426051e+01,8.426051e+01,8.426051e+01,8.426051e+01,8.426051e+01,8.385803e+01,8.385803e+01,8.385803e+01,8.385803e+01,8.385803e+01,8.385803e+01,8.385803e+01,8.385803e+01,8.385803e+01,8.385803e+01,8.385803e+01,8.358915e+01,8.358915e+01,8.358915e+01,8.358915e+01,8.358915e+01,8.358915e+01,8.358915e+01,8.358915e+01,8.358915e+01,8.358915e+01,8.358915e+01,8.358915e+01,8.358915e+01,8.358915e+01,8.358915e+01,8.358915e+01,8.358915e+01,8.358915e+01,8.358915e+01,8.358915e+01,8.358915e+01,8.382925e+01,8.382925e+01,8.382925e+01,8.382925e+01,8.382925e+01,8.419350e+01,8.419350e+01,8.419350e+01,8.419350e+01,8.419350e+01,8.419350e+01,8.419350e+01,8.458559e+01,8.458559e+01,8.458559e+01,8.458559e+01,8.497671e+01,8.497671e+01,8.497671e+01,8.497671e+01,8.497671e+01,8.497671e+01,8.536687e+01,8.527180e+01,8.527180e+01,8.527180e+01,8.527180e+01,8.527180e+01,8.527180e+01,8.527180e+01,8.527180e+01,8.527180e+01,8.527180e+01,8.527180e+01,8.527180e+01,8.488140e+01,8.494812e+01,8.494812e+01,8.494812e+01,8.494812e+01,8.474788e+01,8.474788e+01,8.435619e+01,8.439445e+01,8.442313e+01,8.413605e+01,8.412646e+01,8.395396e+01,8.380045e+01,8.366602e+01,8.344491e+01,8.316568e+01,8.296317e+01,8.280871e+01,8.265409e+01,8.231533e+01,8.197584e+01,8.132389e+01,8.101154e+01,8.045362e+01,8.006089e+01,7.965730e+01,7.927242e+01,7.884694e+01,7.823135e+01,7.772311e+01,7.721317e+01,7.653055e+01,7.590545e+01,7.554128e+01,7.472882e+01,7.430050e+01,7.350172e+01,7.296678e+01,7.244022e+01,7.202589e+01,7.122498e+01,7.065015e+01,7.013610e+01,6.945133e+01,6.864648e+01,6.813579e+01,6.739841e+01,6.694766e+01,6.631200e+01,6.542369e+01,6.493376e+01,6.448586e+01,6.381675e+01,6.323272e+01,6.275702e+01,6.185637e+01,6.127499e+01,6.025142e+01,5.939049e+01,5.891229e+01,5.807696e+01,5.765152e+01,5.677325e+01,5.594733e+01,5.532732e+01,5.472784e+01,5.375800e+01,5.317488e+01,5.234913e+01,5.179558e+01,5.099701e+01,5.029094e+01,4.978936e+01,4.890352e+01,4.840858e+01,4.753751e+01,4.688631e+01,4.631990e+01,4.586481e+01,4.538253e+01,4.494934e+01,4.441201e+01,4.382066e+01,4.335576e+01,4.290198e+01,4.231591e+01,4.187111e+01,4.147721e+01,4.149036e+01,4.075150e+01,4.038025e+01,4.008770e+01,3.935300e+01,3.916521e+01,3.893676e+01,3.853247e+01,3.818090e+01,3.774666e+01,3.752890e+01,3.703736e+01,3.684562e+01,3.628214e+01,3.628214e+01,3.632347e+01,3.632347e+01,3.632347e+01,3.632347e+01,3.632347e+01,3.632347e+01,3.632347e+01,3.632347e+01,3.663980e+01,3.688674e+01,3.702368e+01,3.702368e+01,3.702368e+01,3.702368e+01,3.758338e+01,3.754252e+01,3.778744e+01,3.789612e+01,3.789612e+01,3.789612e+01,3.789612e+01,3.789612e+01,3.789612e+01,3.845144e+01,3.837035e+01,3.837035e+01,3.837035e+01,3.837035e+01,3.837035e+01,3.837035e+01,3.837035e+01,3.837035e+01,3.837035e+01,3.837035e+01,3.837035e+01,3.837035e+01,3.882909e+01,3.882909e+01,3.882909e+01,3.882909e+01,3.913836e+01,3.937980e+01,3.935300e+01,3.939320e+01,3.939320e+01,3.939320e+01,3.994115e+01,3.991448e+01,3.995448e+01,3.995448e+01,3.995448e+01,3.995448e+01,4.049971e+01,4.042009e+01,4.055276e+01,4.055276e+01,4.055276e+01,4.055276e+01,4.055276e+01,4.096309e+01,4.096309e+01,4.096309e+01,4.096309e+01,4.096309e+01,4.096309e+01,4.042009e+01,4.059254e+01,4.059254e+01,4.059254e+01,4.059254e+01,4.059254e+01,4.059254e+01,4.059254e+01,4.004775e+01,4.022078e+01,4.022078e+01,4.022078e+01,4.022078e+01,4.022078e+01,4.022078e+01,4.022078e+01,3.992781e+01,3.992781e+01,3.992781e+01,3.992781e+01,3.992781e+01,3.992781e+01,3.992781e+01,3.992781e+01,3.956723e+01,3.956723e+01,3.956723e+01,3.956723e+01,3.956723e+01,3.956723e+01,3.956723e+01,3.956723e+01,3.905777e+01,3.905777e+01,3.905777e+01,3.905777e+01,3.905777e+01,3.905777e+01,3.905777e+01,3.905777e+01,3.905777e+01,3.905777e+01,3.905777e+01,3.905777e+01,3.905777e+01,3.905777e+01,3.905777e+01,3.905777e+01,3.873480e+01,3.873480e+01,3.873480e+01,3.873480e+01,3.873480e+01,3.873480e+01,3.873480e+01,3.873480e+01,3.873480e+01,3.873480e+01,3.873480e+01,3.873480e+01,3.873480e+01,3.873480e+01,3.830272e+01,3.830272e+01,3.830272e+01,3.830272e+01,3.830272e+01,3.830272e+01,3.830272e+01,3.830272e+01,3.830272e+01,3.830272e+01,3.830272e+01,3.830272e+01,3.830272e+01,3.830272e+01,3.830272e+01,3.830272e+01,3.830272e+01,3.830272e+01,3.792327e+01,3.792327e+01,3.792327e+01,3.792327e+01,3.792327e+01,3.792327e+01,3.792327e+01,3.792327e+01,3.792327e+01,3.792327e+01,3.792327e+01,3.792327e+01,3.792327e+01,3.792327e+01,3.792327e+01,3.792327e+01,3.792327e+01,3.792327e+01,3.792327e+01,3.792327e+01,3.792327e+01,3.792327e+01,3.754252e+01,3.754252e+01,3.754252e+01
3.588183e+01,3.588183e+01,3.588183e+01,3.588183e+01,3.588183e+01,3.588183e+01,3.588183e+01,3.644736e+01,3.644736e+01,3.644736e+01,3.644736e+01,3.644736e+01,3.644736e+01,3.644736e+01,3.700999e+01,3.687303e+01,3.687303e+01,3.725610e+01,3.725610e+01,3.725610e+01,3.725610e+01,3.781462e+01,3.781462e+01,3.781462e+01,3.781462e+01,3.781462e+01,3.837035e+01,3.831625e+01,3.818090e+01,3.818090e+01,3.818090e+01,3.818090e+01,3.818090e+01,3.818090e+01,3.884256e+01,3.884256e+01,3.884256e+01,3.935300e+01,3.935300e+01,3.990114e+01,3.976770e+01,3.976770e+01,4.015426e+01,4.057928e+01,4.059254e+01,4.089701e+01,4.143774e+01,4.141142e+01,4.147721e+01,4.147721e+01,4.147721e+01,4.147721e+01,4.147721e+01,4.201521e+01,4.184489e+01,4.184489e+01,4.184489e+01,4.184489e+01,4.184489e+01,4.184489e+01,4.184489e+01,4.184489e+01,4.184489e+01,4.184489e+01,4.184489e+01,4.184489e+01,4.184489e+01,4.130609e+01,4.147721e+01,4.147721e+01,4.147721e+01,4.147721e+01,4.147721e+01,4.093666e+01,4.093666e+01,4.093666e+01,4.093666e+01,4.093666e+01,4.093666e+01,4.039353e+01,4.047318e+01,4.053951e+01,4.053951e+01,3.999446e+01,4.002111e+01,3.999446e+01,3.999446e+01,3.999446e+01,3.999446e+01,3.999446e+01,3.999446e+01,3.999446e+01,3.999446e+01,4.036697e+01,4.079120e+01,4.112152e+01,4.163493e+01,4.215912e+01,4.264187e+01,4.285000e+01,4.330399e+01,4.370461e+01,4.418097e+01,4.464260e+01,4.528075e+01,4.572541e+01,4.620629e+01,4.701182e+01,4.746255e+01,4.786179e+01,4.876761e+01,4.927340e+01,4.976484e+01,5.063231e+01,5.113046e+01,5.154205e+01,5.204859e+01,5.303166e+01,5.357978e+01,5.400708e+01,5.484560e+01,5.533904e+01,5.608730e+01,5.700495e+01,5.739790e+01,5.774362e+01,5.845523e+01,5.895790e+01,5.968565e+01,6.004802e+01,6.071356e+01,6.119653e+01,6.207932e+01,6.246858e+01,6.290101e+01,6.377276e+01,6.428876e+01,6.511905e+01,6.563003e+01,6.651702e+01,6.689391e+01,6.766602e+01,6.828493e+01,6.904948e+01,7.011508e+01,7.067110e+01,7.109975e+01,7.183907e+01,7.276051e+01,7.338872e+01,7.381970e+01,7.487132e+01,7.513560e+01,7.587513e+01,7.665124e+01,7.715306e+01,7.766322e+01,7.813184e+01,7.874782e+01,7.946004e+01,8.013952e+01,8.057124e+01,8.106039e+01,8.157721e+01,8.233471e+01,8.277007e+01,8.326202e+01,8.384844e+01,8.432750e+01,8.504339e+01,8.538589e+01,8.579402e+01,8.644678e+01,8.681457e+01,8.729427e+01,8.765077e+01,8.806260e+01,8.831480e+01,8.860388e+01,8.888316e+01,8.901333e+01,8.935684e+01,8.949590e+01,8.987541e+01,8.975517e+01,8.975517e+01,8.975517e+01,9.007869e+01,9.007869e+01,9.007869e+01,9.007869e+01,9.007869e+01,9.007869e+01,9.007869e+01,9.007869e+01,9.007869e+01,9.007869e+01,9.007869e+01,9.007869e+01,9.007869e+01,9.007869e+01,9.007869e+01,9.007869e+01,9.007869e+01,9.007869e+01,9.007869e+01,9.007869e+01,9.007869e+01,9.007869e+01,9.007869e+01,8.969965e+01,8.979218e+01,8.979218e+01,8.979218e+01,8.979218e+01,8.979218e+01,8.979218e+01,8.979218e+01,8.979218e+01,8.979218e+01,8.979218e+01,8.979218e+01,8.979218e+01,8.974592e+01,8.953297e+01,8.953297e+01,8.953297e+01,8.953297e+01,8.953297e+01,8.953297e+01,8.953297e+01,8.915268e+01,8.927335e+01,8.927335e+01,8.927335e+01,8.927335e+01,8.927335e+01,8.927335e+01,8.927335e+01,8.889246e+01,8.901333e+01,8.887386e+01,8.887386e+01,8.887386e+01,8.887386e+01,8.887386e+01,8.887386e+01,8.887386e+01,8.884595e+01,8.879012e+01,8.864115e+01,8.844542e+01,8.813737e+01,8.812802e+01,8.812802e+01,8.812802e+01,8.812802e+01,8.812802e+01,8.812802e+01,8.812802e+01,8.780065e+01,8.773510e+01,8.770699e+01,8.771636e+01,8.750076e+01,8.737878e+01,8.737878e+01,8.699345e+01,8.701227e+01,8.691815e+01,8.672034e+01,8.672034e+01,8.672034e+01,8.672034e+01,8.633344e+01,8.651286e+01,8.629565e+01,8.603083e+01,8.581298e+01,8.581298e+01,8.581298e+01,8.581298e+01,8.559483e+01,8.539539e+01,8.537638e+01,8.510052e+01,8.503387e+01,8.489094e+01,8.512908e+01,8.491000e+01,8.478604e+01,8.478604e+01,8.439445e+01,8.438489e+01,8.438489e+01,8.438489e+01,8.438489e+01,8.438489e+01,8.438489e+01,8.425095e+01,8.403065e+01,8.403065e+01,8.403065e+01,8.403065e+01,8.403065e+01,8.403065e+01,8.363720e+01,8.376205e+01,8.376205e+01,8.376205e+01,8.376205e+01,8.376205e+01,8.376205e+01,8.376205e+01,8.336794e+01,8.349300e+01,8.349300e+01,8.349300e+01,8.349300e+01,8.349300e+01,8.349300e+01,8.349300e+01,8.349300e+01,8.349300e+01,8.388682e+01,8.376205e+01,8.376205e+01,8.376205e+01,8.376205e+01,8.376205e+01,8.376205e+01,8.376205e+01,8.376205e+01,8.376205e+01,8.415520e+01,8.409773e+01,8.406898e+01,8.406898e+01,8.406898e+01,8.446137e+01,8.433706e+01,8.433706e+01,8.433706e+01,8.433706e+01,8.458559e+01,8.458559e+01,8.458559e+01,8.497671e+01,8.497671e+01,8.497671e+01,8.497671e+01,8.497671e+01,8.536687e+01,8.527180e+01,8.527180e+01,8.527180e+01,8.527180e+01,8.527180e+01,8.527180e+01,8.527180e+01,8.527180e+01,8.527180e+01,8.527180e+01,8.527180e+01,8.527180e+01,8.527180e+01,8.488140e+01,8.488140e+01,8.488140e+01,8.488140e+01,8.488140e+01,8.449004e+01,8.450916e+01,8.448049e+01,8.448049e+01,8.408815e+01,8.418393e+01,8.418393e+01,8.418393e+01,8.380045e+01,8.352185e+01,8.339680e+01,8.311749e+01,8.303071e+01,8.280871e+01,8.247996e+01,8.225718e+01,8.191756e+01,8.135314e+01,8.095291e+01,8.079645e+01,8.011987e+01,7.966716e+01,7.923289e+01,7.879739e+01,7.818160e+01,7.767319e+01,7.716309e+01,7.648023e+01,7.585492e+01,7.549063e+01,7.467789e+01,7.424942e+01,7.387093e+01,7.303890e+01,7.246090e+01,7.199477e+01,7.117281e+01,7.059779e+01,7.008354e+01,6.939852e+01,6.859337e+01,6.808248e+01,6.734483e+01,6.689391e+01,6.625800e+01,6.536934e+01,6.487922e+01,6.443114e+01,6.376176e+01,6.317749e+01,6.270160e+01,6.180058e+01,6.121895e+01,6.019495e+01,5.979900e+01,5.899211e+01,5.811139e+01,5.764000e+01,5.672686e+01,5.590064e+01,5.528040e+01,5.468070e+01,5.371050e+01,5.312716e+01,5.230109e+01,5.174733e+01,5.094844e+01,5.024210e+01,4.974032e+01,4.885411e+01,4.835897e+01,4.748754e+01,4.683607e+01,4.678581e+01,4.596609e+01,4.544611e+01,4.497487e+01,4.439919e+01,4.378199e+01,4.331693e+01,4.286300e+01,4.227673e+01,4.191043e+01,4.160866e+01,4.137194e+01,4.079120e+01,4.035369e+01,3.996781e+01,3.954047e+01,3.916521e+01,3.873480e+01,3.846495e+01,3.811316e+01,3.784180e+01,3.737894e+01,3.666727e+01,3.669473e+01,3.647488e+01,3.647488e+01,3.590948e+01,3.608907e+01,3.608907e+01,3.608907e+01,3.608907e+01,3.608907e+01,3.665354e+01,3.665354e+01,3.661234e+01,3.661234e+01,3.702368e+01,3.702368e+01,3.702368e+01,3.758338e+01,3.744713e+01,3.744713e+01,3.744713e+01,3.789612e+01,3.789612e+01,3.789612e+01,3.789612e+01,3.845144e+01,3.837035e+01,3.831625e+01,3.831625e+01,3.831625e+01,3.831625e+01,3.831625e+01,3.831625e+01,3.831625e+01,3.831625e+01,3.831625e+01,3.886948e+01,3.855947e+01,3.855947e+01,3.855947e+01,3.855947e+01,3.855947e+01,3.855947e+01,3.911150e+01,3.909807e+01,3.909807e+01,3.964746e+01,3.947355e+01,3.947355e+01,3.947355e+01,3.947355e+01,3.991448e+01,3.991448e+01,3.991448e+01,3.991448e+01,4.045991e+01,4.036697e+01,4.036697e+01,4.091023e+01,4.073826e+01,4.073826e+01,4.073826e+01,4.073826e+01,4.073826e+01,4.073826e+01,4.073826e+01,4.073826e+01,4.073826e+01,4.073826e+01,4.073826e+01,4.073826e+01,4.073826e+01,4.073826e+01,4.073826e+01,4.073826e+01,4.073826e+01,4.073826e+01,4.059254e+01,4.028725e+01,4.028725e+01,4.028725e+01,4.028725e+01,4.028725e+01,4.028725e+01,3.974099e+01,3.987447e+01,3.987447e+01,3.987447e+01,3.987447e+01,3.987447e+01,3.987447e+01,3.987447e+01,3.987447e+01,3.987447e+01,3.987447e+01,3.987447e+01,3.956723e+01,3.956723e+01,3.956723e+01,3.956723e+01,3.956723e+01,3.956723e+01,3.905777e+01,3.905777e+01,3.905777e+01,3.905777e+01,3.905777e+01,3.905777e+01,3.905777e+01,3.905777e+01,3.905777e+01,3.905777e+01,3.905777e+01,3.905777e+01,3.905777e+01,3.905777e+01,3.905777e+01,3.905777e+01,3.905777e+01,3.905777e+01,3.873480e+01,3.873480e+01,3.873480e+01,3.873480e+01,3.873480e+01,3.873480e+01,3.873480e+01,3.873480e+01,3.873480e+01,3.873480e+01,3.873480e+01,3.873480e+01,3.873480e+01,3.873480e+01,3.830272e+01,3.830272e+01,3.830272e+01,3.830272e+01,3.830272e+01,3.830272e+01,3.830272e+01,3.830272e+01,3.830272e+01,3.830272e+01,3.830272e+01,3.830272e+01,3.830272e+01,3.830272e+01,3.830272e+01,3.830272e+01,3.830272e+01,3.830272e+01,3.792327e+01,3.792327e+01,3.792327e+01,3.792327e+01,3.792327e+01,3.792327e+01,3.792327e+01,3.792327e+01,3.792327e+01,3.792327e+01,3.792327e+01,3.792327e+01,3.792327e+01,3.792327e+01,3.792327e+01,3.792327e+01,3.792327e+01,3.792327e+01,3.792327e+01,3.754252e+01,3.754252e+01,3.754252e+01
3.588183e+01,3.588183e+01,3.588183e+01,3.588183e+01,3.588183e+01,3.588183e+01,3.588183e+01,3.588183e+01,3.644736e+01,3.644736e+01,3.644736e+01,3.644736e+01,3.644736e+01,3.700999e+01,3.687303e+01,3.687303e+01,3.687303e+01,3.725610e+01,3.725610e+01,3.725610e+01,3.725610e+01,3.781462e+01,3.781462e+01,3.781462e+01,3.781462e+01,3.781462e+01,3.837035e+01,3.837035e+01,3.837035e+01,3.837035e+01,3.837035e+01,3.837035e+01,3.837035e+01,3.837035e+01,3.884256e+01,3.884256e+01,3.884256e+01,3.935300e+01,3.959398e+01,3.916521e+01,4.002111e+01,4.022078e+01,4.031383e+01,4.048645e+01,4.124021e+01,4.088379e+01,4.124021e+01,4.124021e+01,4.177932e+01,4.160866e+01,4.160866e+01,4.160866e+01,4.160866e+01,4.160866e+01,4.160866e+01,4.160866e+01,4.160866e+01,4.160866e+01,4.160866e+01,4.160866e+01,4.160866e+01,4.160866e+01,4.160866e+01,4.160866e+01,4.160866e+01,4.160866e+01,4.160866e+01,4.160866e+01,4.160866e+01,4.160866e+01,4.106874e+01,4.124021e+01,4.100272e+01,4.106874e+01,4.106874e+01,4.106874e+01,4.106874e+01,4.106874e+01,4.052624e+01,4.056602e+01,4.056602e+01,4.056602e+01,4.056602e+01,4.053951e+01,4.022078e+01,4.022078e+01,4.022078e+01,3.967419e+01,3.984778e+01,3.984778e+01,3.984778e+01,3.984778e+01,4.039353e+01,4.047318e+01,4.085734e+01,4.124021e+01,4.167433e+01,4.219834e+01,4.245945e+01,4.290198e+01,4.326514e+01,4.378199e+01,4.421951e+01,4.468099e+01,4.531893e+01,4.576344e+01,4.676068e+01,4.714972e+01,4.742506e+01,4.793649e+01,4.881705e+01,4.932264e+01,4.981388e+01,5.018102e+01,5.103342e+01,5.148160e+01,5.202452e+01,5.304360e+01,5.361544e+01,5.404263e+01,5.488091e+01,5.537421e+01,5.612226e+01,5.656437e+01,5.713221e+01,5.773211e+01,5.846668e+01,5.898071e+01,5.965163e+01,6.011586e+01,6.073606e+01,6.121895e+01,6.210159e+01,6.249079e+01,6.292315e+01,6.379476e+01,6.431068e+01,6.514083e+01,6.565173e+01,6.653859e+01,6.691541e+01,6.768741e+01,6.874203e+01,6.907066e+01,7.002045e+01,7.060826e+01,7.149591e+01,7.195326e+01,7.237814e+01,7.330649e+01,7.386068e+01,7.439239e+01,7.534872e+01,7.593575e+01,7.626873e+01,7.706286e+01,7.759329e+01,7.848981e+01,7.885684e+01,7.948965e+01,8.016899e+01,8.060064e+01,8.108969e+01,8.200497e+01,8.244124e+01,8.280871e+01,8.330054e+01,8.388682e+01,8.436576e+01,8.469062e+01,8.530984e+01,8.574661e+01,8.642789e+01,8.682399e+01,8.732244e+01,8.767889e+01,8.803455e+01,8.833347e+01,8.865046e+01,8.881804e+01,8.911552e+01,8.922695e+01,8.953297e+01,8.974592e+01,8.974592e+01,8.974592e+01,8.974592e+01,9.007869e+01,9.007869e+01,9.007869e+01,9.007869e+01,9.007869e+01,9.007869e+01,9.007869e+01,9.007869e+01,9.007869e+01,9.007869e+01,9.007869e+01,9.007869e+01,9.045686e+01,9.023560e+01,9.023560e+01,9.023560e+01,9.023560e+01,9.023560e+01,9.023560e+01,8.985692e+01,8.997708e+01,8.997708e+01,8.997708e+01,8.997708e+01,8.997708e+01,8.997708e+01,8.997708e+01,8.997708e+01,8.997708e+01,8.997708e+01,8.997708e+01,8.997708e+01,8.959781e+01,8.971815e+01,8.971815e+01,8.971815e+01,8.971815e+01,8.971815e+01,8.971815e+01,8.933829e+01,8.945883e+01,8.945883e+01,8.945883e+01,8.945883e+01,8.945883e+01,8.945883e+01,8.945883e+01,8.945883e+01,8.945883e+01,8.907837e+01,8.919910e+01,8.903191e+01,8.901333e+01,8.901333e+01,8.901333e+01,8.901333e+01,8.901333e+01,8.901333e+01,8.901333e+01,8.901333e+01,8.863184e+01,8.875289e+01,8.875289e+01,8.875289e+01,8.844542e+01,8.865046e+01,8.841743e+01,8.829613e+01,8.829613e+01,8.829613e+01,8.829613e+01,8.791296e+01,8.793168e+01,8.753828e+01,8.766015e+01,8.766015e+01,8.766015e+01,8.727548e+01,8.739754e+01,8.722851e+01,8.713453e+01,8.713453e+01,8.713453e+01,8.713453e+01,8.672034e+01,8.672034e+01,8.672034e+01,8.633344e+01,8.636179e+01,8.663550e+01,8.624839e+01,8.603083e+01,8.590773e+01,8.590773e+01,8.590773e+01,8.559483e+01,8.546190e+01,8.529082e+01,8.516715e+01,8.516715e+01,8.516715e+01,8.516715e+01,8.516715e+01,8.478604e+01,8.461424e+01,8.453783e+01,8.453783e+01,8.453783e+01,8.453783e+01,8.453783e+01,8.414562e+01,8.427009e+01,8.409773e+01,8.409773e+01,8.409773e+01,8.409773e+01,8.370444e+01,8.393478e+01,8.376205e+01,8.375246e+01,8.375246e+01,8.375246e+01,8.375246e+01,8.375246e+01,8.375246e+01,8.375246e+01,8.375246e+01,8.375246e+01,8.375246e+01,8.375246e+01,8.375246e+01,8.375246e+01,8.375246e+01,8.375246e+01,8.375246e+01,8.375246e+01,8.375246e+01,8.375246e+01,8.375246e+01,8.375246e+01,8.375246e+01,8.375246e+01,8.375246e+01,8.375246e+01,8.375246e+01,8.375246e+01,8.375246e+01,8.376205e+01,8.399231e+01,8.399231e+01,8.399231e+01,8.438489e+01,8.436576e+01,8.436576e+01,8.436576e+01,8.436576e+01,8.436576e+01,8.458559e+01,8.458559e+01,8.458559e+01,8.497671e+01,8.497671e+01,8.497671e+01,8.497671e+01,8.497671e+01,8.497671e+01,8.527180e+01,8.527180e+01,8.527180e+01,8.527180e+01,8.527180e+01,8.527180e+01,8.527180e+01,8.527180e+01,8.527180e+01,8.527180e+01,8.488140e+01,8.511005e+01,8.493859e+01,8.497671e+01,8.497671e+01,8.497671e+01,8.497671e+01,8.497671e+01,8.449004e+01,8.449004e+01,8.449004e+01,8.449004e+01,8.408815e+01,8.408815e+01,8.408815e+01,8.408815e+01,8.380045e+01,8.358915e+01,8.331017e+01,8.318496e+01,8.294388e+01,8.272176e+01,8.250900e+01,8.219901e+01,8.188842e+01,8.132389e+01,8.109946e+01,8.076709e+01,8.009039e+01,7.963759e+01,7.920323e+01,7.876765e+01,7.815174e+01,7.764324e+01,7.713302e+01,7.645004e+01,7.582460e+01,7.546024e+01,7.506450e+01,7.434135e+01,7.351199e+01,7.292554e+01,7.242987e+01,7.196365e+01,7.114151e+01,7.056635e+01,7.005200e+01,6.936683e+01,6.856149e+01,6.805049e+01,6.731266e+01,6.686164e+01,6.622559e+01,6.533672e+01,6.484648e+01,6.439829e+01,6.372875e+01,6.314434e+01,6.221291e+01,6.213499e+01,6.138699e+01,6.031915e+01,5.941322e+01,5.887806e+01,5.805400e+01,5.758240e+01,5.666885e+01,5.584226e+01,5.522173e+01,5.462175e+01,5.413736e+01,5.321066e+01,5.232511e+01,5.171112e+01,5.088771e+01,5.068100e+01,4.982613e+01,4.889117e+01,4.834657e+01,4.794894e+01,4.722488e+01,4.682351e+01,4.596609e+01,4.540797e+01,4.493658e+01,4.436071e+01,4.374331e+01,4.327810e+01,4.282401e+01,4.231591e+01,4.189733e+01,4.170059e+01,4.122703e+01,4.075150e+01,4.039353e+01,3.995448e+01,3.948694e+01,3.911150e+01,3.882909e+01,3.834330e+01,3.820798e+01,3.769226e+01,3.733801e+01,3.743349e+01,3.654363e+01,3.654363e+01,3.597859e+01,3.604765e+01,3.604765e+01,3.604765e+01,3.604765e+01,3.604765e+01,3.604765e+01,3.604765e+01,3.665354e+01,3.665354e+01,3.665354e+01,3.702368e+01,3.702368e+01,3.758338e+01,3.744713e+01,3.744713e+01,3.744713e+01,3.744713e+01,3.789612e+01,3.789612e+01,3.789612e+01,3.789612e+01,3.845144e+01,3.845144e+01,3.845144e+01,3.845144e+01,3.845144e+01,3.845144e+01,3.845144e+01,3.845144e+01,3.845144e+01,3.845144e+01,3.845144e+01,3.845144e+01,3.845144e+01,3.845144e+01,3.900400e+01,3.866740e+01,3.921890e+01,3.913836e+01,3.900400e+01,3.900400e+01,3.955385e+01,3.896367e+01,3.929938e+01,3.929938e+01,3.984778e+01,3.982109e+01,3.975434e+01,3.975434e+01,4.030054e+01,4.027396e+01,4.030054e+01,4.030054e+01,4.084412e+01,4.077797e+01,4.077797e+01,4.077797e+01,4.077797e+01,4.077797e+01,4.077797e+01,4.077797e+01,4.077797e+01,4.077797e+01,4.077797e+01,4.077797e+01,4.077797e+01,4.077797e+01,4.077797e+01,4.077797e+01,4.077797e+01,4.077797e+01,4.077797e+01,4.023407e+01,4.028725e+01,4.032712e+01,4.032712e+01,4.032712e+01,4.032712e+01,4.032712e+01,3.978105e+01,3.987447e+01,3.987447e+01,3.987447e+01,3.987447e+01,3.987447e+01,3.987447e+01,3.987447e+01,3.987447e+01,3.987447e+01,3.987447e+01,3.987447e+01,3.987447e+01,3.956723e+01,3.956723e+01,3.956723e+01,3.956723e+01,3.956723e+01,3.956723e+01,3.956723e+01,3.905777e+01,3.905777e+01,3.905777e+01,3.905777e+01,3.905777e+01,3.905777e+01,3.905777e+01,3.905777e+01,3.905777e+01,3.905777e+01,3.905777e+01,3.905777e+01,3.905777e+01,3.905777e+01,3.905777e+01,3.905777e+01,3.905777e+01,3.905777e+01,3.905777e+01,3.905777e+01,3.873480e+01,3.873480e+01,3.873480e+01,3.873480e+01,3.873480e+01,3.873480e+01,3.873480e+01,3.873480e+01,3.873480e+01,3.873480e+01,3.873480e+01,3.830272e+01,3.830272e+01,3.830272e+01,3.830272e+01,3.830272e+01,3.830272e+01,3.830272e+01,3.830272e+01,3.830272e+01,3.830272e+01,3.830272e+01,3.830272e+01,3.830272e+01,3.830272e+01,3.830272e+01,3.830272e+01,3.830272e+01,3.774666e+01,3.788254e+01,3.788254e+01,3.788254e+01,3.788254e+01,3.788254e+01,3.788254e+01,3.788254e+01,3.788254e+01,3.788254e+01,3.788254e+01,3.788254e+01,3.788254e+01,3.788254e+01,3.788254e+01,3.788254e+01,3.788254e+01,3.788254e+01,3.788254e+01,3.788254e+01,3.788254e+01,3.788254e+01,3.788254e+01
3.588183e+01,3.588183e+01,3.588183e+01,3.588183e+01,3.588183e+01,3.588183e+01,3.588183e+01,3.588183e+01,3.588183e+01,3.644736e+01,3.644736e+01,3.644736e+01,3.644736e+01,3.700999e+01,3.700999e+01,3.700999e+01,3.700999e+01,3.700999e+01,3.756976e+01,3.739258e+01,3.763783e+01,3.765144e+01,3.765144e+01,3.765144e+01,3.820798e+01,3.818090e+01,3.820798e+01,3.820798e+01,3.820798e+01,3.820798e+01,3.876175e+01,3.858646e+01,3.858646e+01,3.858646e+01,3.858646e+01,3.913836e+01,3.911150e+01,3.913836e+01,3.916521e+01,3.980775e+01,3.988781e+01,4.022078e+01,4.022078e+01,4.076473e+01,4.056602e+01,4.124021e+01,4.120066e+01,4.143774e+01,4.156924e+01,4.156924e+01,4.156924e+01,4.156924e+01,4.156924e+01,4.156924e+01,4.156924e+01,4.156924e+01,4.156924e+01,4.156924e+01,4.156924e+01,4.156924e+01,4.156924e+01,4.156924e+01,4.156924e+01,4.156924e+01,4.156924e+01,4.156924e+01,4.156924e+01,4.156924e+01,4.102913e+01,4.110833e+01,4.120066e+01,4.120066e+01,4.120066e+01,4.120066e+01,4.120066e+01,4.120066e+01,4.065880e+01,4.068529e+01,4.068529e+01,4.068529e+01,4.068529e+01,4.014095e+01,4.031383e+01,4.010102e+01,4.023407e+01,4.023407e+01,3.968755e+01,3.980775e+01,3.980775e+01,3.980775e+01,3.980775e+01,3.980775e+01,4.039353e+01,4.068529e+01,4.091023e+01,4.135877e+01,4.171371e+01,4.198902e+01,4.248552e+01,4.286300e+01,4.334282e+01,4.382066e+01,4.478329e+01,4.491105e+01,4.536982e+01,4.633251e+01,4.681095e+01,4.719983e+01,4.753751e+01,4.799871e+01,4.887882e+01,4.938415e+01,4.977710e+01,5.025431e+01,5.109408e+01,5.154205e+01,5.208469e+01,5.310329e+01,5.367486e+01,5.410184e+01,5.493974e+01,5.543281e+01,5.618052e+01,5.662242e+01,5.766304e+01,5.831780e+01,5.859252e+01,5.904910e+01,5.971967e+01,6.018366e+01,6.080355e+01,6.128619e+01,6.171126e+01,6.242415e+01,6.336517e+01,6.391568e+01,6.437640e+01,6.520616e+01,6.571681e+01,6.660326e+01,6.697990e+01,6.781566e+01,6.866772e+01,6.909184e+01,7.008354e+01,7.067110e+01,7.155836e+01,7.201552e+01,7.286368e+01,7.341955e+01,7.393237e+01,7.451482e+01,7.525742e+01,7.591555e+01,7.673164e+01,7.717310e+01,7.767319e+01,7.856924e+01,7.893609e+01,7.956857e+01,8.024757e+01,8.067899e+01,8.120683e+01,8.191756e+01,8.243156e+01,8.287630e+01,8.337756e+01,8.396355e+01,8.444225e+01,8.515764e+01,8.541439e+01,8.583193e+01,8.651286e+01,8.690874e+01,8.740694e+01,8.776319e+01,8.800650e+01,8.838945e+01,8.888316e+01,8.888316e+01,8.905050e+01,8.932902e+01,8.950517e+01,8.965337e+01,8.965337e+01,9.003251e+01,9.001404e+01,8.996784e+01,8.996784e+01,8.996784e+01,9.034627e+01,9.022637e+01,9.022637e+01,9.022637e+01,9.022637e+01,9.022637e+01,9.022637e+01,9.022637e+01,9.022637e+01,9.022637e+01,9.022637e+01,9.022637e+01,9.022637e+01,9.022637e+01,9.022637e+01,9.022637e+01,9.022637e+01,9.022637e+01,9.022637e+01,9.022637e+01,9.022637e+01,9.022637e+01,8.997708e+01,8.997708e+01,8.997708e+01,8.997708e+01,8.997708e+01,8.997708e+01,8.997708e+01,8.959781e+01,8.959781e+01,8.959781e+01,8.959781e+01,8.959781e+01,8.959781e+01,8.959781e+01,8.959781e+01,8.959781e+01,8.959781e+01,8.959781e+01,8.959781e+01,8.959781e+01,8.959781e+01,8.921767e+01,8.933829e+01,8.955150e+01,8.931046e+01,8.918982e+01,8.918982e+01,8.918982e+01,8.918982e+01,8.918982e+01,8.918982e+01,8.918982e+01,8.918982e+01,8.880873e+01,8.920838e+01,8.892966e+01,8.880873e+01,8.880873e+01,8.880873e+01,8.844542e+01,8.854797e+01,8.848272e+01,8.848272e+01,8.848272e+01,8.809999e+01,8.811868e+01,8.805325e+01,8.827746e+01,8.821210e+01,8.797845e+01,8.774446e+01,8.758516e+01,8.741632e+01,8.741632e+01,8.741632e+01,8.713453e+01,8.713453e+01,8.713453e+01,8.713453e+01,8.710632e+01,8.687108e+01,8.671092e+01,8.647511e+01,8.662606e+01,8.617275e+01,8.613492e+01,8.609708e+01,8.609708e+01,8.570868e+01,8.572765e+01,8.573713e+01,8.573713e+01,8.529082e+01,8.529082e+01,8.529082e+01,8.529082e+01,8.490047e+01,8.491953e+01,8.490047e+01,8.490047e+01,8.490047e+01,8.453783e+01,8.453783e+01,8.453783e+01,8.414562e+01,8.424137e+01,8.424137e+01,8.424137e+01,8.463334e+01,8.400189e+01,8.383884e+01,8.381005e+01,8.386763e+01,8.386763e+01,8.386763e+01,8.386763e+01,8.386763e+01,8.386763e+01,8.386763e+01,8.386763e+01,8.386763e+01,8.386763e+01,8.386763e+01,8.386763e+01,8.347377e+01,8.359875e+01,8.359875e+01,8.359875e+01,8.359875e+01,8.359875e+01,8.359875e+01,8.359875e+01,8.359875e+01,8.359875e+01,8.359875e+01,8.399231e+01,8.386763e+01,8.386763e+01,8.386763e+01,8.386763e+01,8.386763e+01,8.386763e+01,8.386763e+01,8.386763e+01,8.426051e+01,8.424137e+01,8.427009e+01,8.427009e+01,8.427009e+01,8.427009e+01,8.427009e+01,8.466198e+01,8.463334e+01,8.463334e+01,8.463334e+01,8.463334e+01,8.497671e+01,8.497671e+01,8.497671e+01,8.497671e+01,8.536687e+01,8.527180e+01,8.527180e+01,8.527180e+01,8.527180e+01,8.527180e+01,8.527180e+01,8.527180e+01,8.527180e+01,8.527180e+01,8.527180e+01,8.527180e+01,8.488140e+01,8.500529e+01,8.500529e+01,8.500529e+01,8.500529e+01,8.500529e+01,8.461424e+01,8.458559e+01,8.458559e+01,8.458559e+01,8.419350e+01,8.420308e+01,8.420308e+01,8.381005e+01,8.381005e+01,8.374285e+01,8.355070e+01,8.337756e+01,8.309821e+01,8.290527e+01,8.307893e+01,8.274108e+01,8.238314e+01,8.198555e+01,8.145060e+01,8.073773e+01,8.063003e+01,8.000190e+01,7.954884e+01,7.911423e+01,7.867840e+01,7.806213e+01,7.755332e+01,7.704280e+01,7.677183e+01,7.599635e+01,7.554128e+01,7.463715e+01,7.422899e+01,7.384019e+01,7.310069e+01,7.251260e+01,7.195326e+01,7.104755e+01,7.047202e+01,6.995733e+01,6.927170e+01,6.890114e+01,6.823168e+01,6.740912e+01,6.687240e+01,6.614993e+01,6.569512e+01,6.489013e+01,6.436544e+01,6.365171e+01,6.306696e+01,6.237970e+01,6.165541e+01,6.136459e+01,6.042068e+01,5.943594e+01,5.882100e+01,5.797360e+01,5.750171e+01,5.706281e+01,5.590064e+01,5.520999e+01,5.455098e+01,5.406631e+01,5.313909e+01,5.225304e+01,5.163869e+01,5.106982e+01,5.065665e+01,4.975258e+01,4.881705e+01,4.838377e+01,4.786179e+01,4.726244e+01,4.673553e+01,4.589014e+01,4.533165e+01,4.485996e+01,4.428371e+01,4.419382e+01,4.335576e+01,4.282401e+01,4.235508e+01,4.202830e+01,4.160866e+01,4.114791e+01,4.079120e+01,4.030054e+01,3.987447e+01,3.952709e+01,3.911150e+01,3.869437e+01,3.854597e+01,3.818090e+01,3.773306e+01,3.747440e+01,3.668100e+01,3.668100e+01,3.643361e+01,3.618565e+01,3.618565e+01,3.618565e+01,3.618565e+01,3.618565e+01,3.618565e+01,3.618565e+01,3.618565e+01,3.665354e+01,3.665354e+01,3.665354e+01,3.702368e+01,3.726975e+01,3.737894e+01,3.737894e+01,3.737894e+01,3.793685e+01,3.785538e+01,3.773306e+01,3.773306e+01,3.828920e+01,3.826213e+01,3.828920e+01,3.828920e+01,3.828920e+01,3.828920e+01,3.828920e+01,3.828920e+01,3.884256e+01,3.866740e+01,3.866740e+01,3.866740e+01,3.866740e+01,3.866740e+01,3.866740e+01,3.866740e+01,3.866740e+01,3.866740e+01,3.866740e+01,3.913836e+01,3.913836e+01,3.913836e+01,3.913836e+01,3.968755e+01,3.955385e+01,3.979440e+01,3.971427e+01,3.971427e+01,3.971427e+01,4.026067e+01,4.016756e+01,4.016756e+01,4.016756e+01,4.071178e+01,4.068529e+01,4.068529e+01,4.068529e+01,4.068529e+01,4.068529e+01,4.068529e+01,4.068529e+01,4.068529e+01,4.068529e+01,4.068529e+01,4.068529e+01,4.068529e+01,4.068529e+01,4.068529e+01,4.068529e+01,4.068529e+01,4.068529e+01,4.068529e+01,4.068529e+01,4.068529e+01,4.028725e+01,4.028725e+01,4.028725e+01,4.028725e+01,4.028725e+01,4.028725e+01,4.028725e+01,4.028725e+01,4.028725e+01,4.028725e+01,3.987447e+01,3.987447e+01,3.987447e+01,3.987447e+01,3.987447e+01,3.987447e+01,3.987447e+01,3.987447e+01,3.932619e+01,3.946016e+01,3.946016e+01,3.946016e+01,3.946016e+01,3.946016e+01,3.946016e+01,3.946016e+01,3.946016e+01,3.946016e+01,3.946016e+01,3.946016e+01,3.946016e+01,3.905777e+01,3.905777e+01,3.905777e+01,3.905777e+01,3.905777e+01,3.905777e+01,3.905777e+01,3.905777e+01,3.905777e+01,3.905777e+01,3.905777e+01,3.905777e+01,3.905777e+01,3.905777e+01,3.905777e+01,3.873480e+01,3.873480e+01,3.873480e+01,3.873480e+01,3.873480e+01,3.873480e+01,3.873480e+01,3.873480e+01,3.873480e+01,3.873480e+01,3.873480e+01,3.873480e+01,3.830272e+01,3.830272e+01,3.830272e+01,3.830272e+01,3.830272e+01,3.830272e+01,3.830272e+01,3.830272e+01,3.830272e+01,3.830272e+01,3.830272e+01,3.830272e+01,3.830272e+01,3.830272e+01,3.774666e+01,3.782821e+01,3.788254e+01,3.788254e+01,3.788254e+01,3.788254e+01,3.788254e+01,3.788254e+01,3.788254e+01,3.788254e+01,3.788254e+01,3.788254e+01,3.788254e+01,3.788254e+01,3.788254e+01,3.788254e+01,3.788254e+01,3.788254e+01,3.788254e+01,3.788254e+01,3.788254e+01,3.788254e+01,3.788254e+01,3.788254e+01,3.788254e+01
3.588183e+01,3.588183e+01,3.588183e+01,3.588183e+01,3.588183e+01,3.588183e+01,3.588183e+01,3.588183e+01,3.644736e+01,3.630970e+01,3.630970e+01,3.630970e+01,3.687303e+01,3.684562e+01,3.684562e+01,3.684562e+01,3.684562e+01,3.740622e+01,3.740622e+01,3.740622e+01,3.740622e+01,3.740622e+01,3.796399e+01,3.793685e+01,3.804538e+01,3.804538e+01,3.804538e+01,3.804538e+01,3.804538e+01,3.804538e+01,3.804538e+01,3.804538e+01,3.858646e+01,3.858646e+01,3.858646e+01,3.858646e+01,3.911150e+01,3.911150e+01,3.966082e+01,3.967419e+01,3.996781e+01,4.012764e+01,4.036697e+01,4.056602e+01,4.134560e+01,4.121385e+01,4.121385e+01,4.121385e+01,4.121385e+01,4.121385e+01,4.156924e+01,4.156924e+01,4.156924e+01,4.156924e+01,4.156924e+01,4.156924e+01,4.156924e+01,4.156924e+01,4.156924e+01,4.156924e+01,4.156924e+01,4.156924e+01,4.156924e+01,4.156924e+01,4.156924e+01,4.156924e+01,4.156924e+01,4.156924e+01,4.156924e+01,4.156924e+01,4.120066e+01,4.120066e+01,4.120066e+01,4.120066e+01,4.065880e+01,4.073826e+01,4.079120e+01,4.079120e+01,4.079120e+01,4.024737e+01,4.032712e+01,4.030054e+01,4.030054e+01,4.030054e+01,4.030054e+01,3.975434e+01,3.982109e+01,3.982109e+01,3.982109e+01,3.982109e+01,3.982109e+01,3.982109e+01,4.039353e+01,4.059254e+01,4.106874e+01,4.131926e+01,4.171371e+01,4.211989e+01,4.244640e+01,4.295393e+01,4.342044e+01,4.389796e+01,4.459140e+01,4.496211e+01,4.596609e+01,4.647121e+01,4.677325e+01,4.719983e+01,4.766233e+01,4.808577e+01,4.896524e+01,4.934724e+01,4.986289e+01,5.033977e+01,5.117896e+01,5.162661e+01,5.216889e+01,5.318681e+01,5.375800e+01,5.418470e+01,5.502205e+01,5.551480e+01,5.626204e+01,5.670366e+01,5.774362e+01,5.828342e+01,5.867253e+01,5.912883e+01,5.979900e+01,6.026271e+01,6.088224e+01,6.136459e+01,6.224628e+01,6.254630e+01,6.345340e+01,6.400356e+01,6.446397e+01,6.529321e+01,6.580354e+01,6.668944e+01,6.750552e+01,6.793313e+01,6.876326e+01,6.921882e+01,6.998889e+01,7.067110e+01,7.122498e+01,7.183907e+01,7.277083e+01,7.340927e+01,7.400402e+01,7.459638e+01,7.533858e+01,7.599635e+01,7.639970e+01,7.713302e+01,7.770315e+01,7.863871e+01,7.900539e+01,7.963759e+01,8.031628e+01,8.074751e+01,8.127512e+01,8.198555e+01,8.249932e+01,8.294388e+01,8.344491e+01,8.403065e+01,8.450916e+01,8.512908e+01,8.548090e+01,8.589826e+01,8.657890e+01,8.697462e+01,8.747262e+01,8.773510e+01,8.807195e+01,8.845474e+01,8.874358e+01,8.912482e+01,8.912482e+01,8.926407e+01,8.950517e+01,8.988465e+01,8.986617e+01,8.992163e+01,8.992163e+01,8.992163e+01,8.992163e+01,8.992163e+01,8.992163e+01,9.022637e+01,9.022637e+01,9.022637e+01,9.022637e+01,9.022637e+01,9.022637e+01,9.022637e+01,9.022637e+01,9.022637e+01,9.022637e+01,9.022637e+01,9.022637e+01,9.022637e+01,9.022637e+01,9.022637e+01,9.022637e+01,9.022637e+01,9.022637e+01,9.022637e+01,9.022637e+01,9.022637e+01,9.022637e+01,8.997708e+01,8.997708e+01,8.997708e+01,8.997708e+01,8.997708e+01,8.997708e+01,8.997708e+01,8.959781e+01,8.959781e+01,8.959781e+01,8.959781e+01,8.959781e+01,8.959781e+01,8.959781e+01,8.959781e+01,8.959781e+01,8.959781e+01,8.959781e+01,8.959781e+01,8.959781e+01,8.921767e+01,8.948664e+01,8.944956e+01,8.937539e+01,8.937539e+01,8.899474e+01,8.911552e+01,8.911552e+01,8.911552e+01,8.911552e+01,8.911552e+01,8.911552e+01,8.911552e+01,8.911552e+01,8.911552e+01,8.880873e+01,8.880873e+01,8.880873e+01,8.880873e+01,8.880873e+01,8.848272e+01,8.848272e+01,8.848272e+01,8.848272e+01,8.811868e+01,8.820276e+01,8.821210e+01,8.806260e+01,8.795039e+01,8.781001e+01,8.781001e+01,8.741632e+01,8.741632e+01,8.741632e+01,8.741632e+01,8.713453e+01,8.713453e+01,8.713453e+01,8.674862e+01,8.684283e+01,8.656004e+01,8.654117e+01,8.644678e+01,8.631455e+01,8.631455e+01,8.631455e+01,8.631455e+01,8.609708e+01,8.585088e+01,8.585088e+01,8.585088e+01,8.568023e+01,8.543340e+01,8.543340e+01,8.504339e+01,8.501482e+01,8.501482e+01,8.501482e+01,8.501482e+01,8.462379e+01,8.465244e+01,8.465244e+01,8.465244e+01,8.453783e+01,8.428922e+01,8.428922e+01,8.428922e+01,8.428922e+01,8.428922e+01,8.423180e+01,8.395396e+01,8.395396e+01,8.395396e+01,8.395396e+01,8.395396e+01,8.395396e+01,8.395396e+01,8.395396e+01,8.395396e+01,8.395396e+01,8.356031e+01,8.368523e+01,8.389641e+01,8.364680e+01,8.364680e+01,8.364680e+01,8.364680e+01,8.364680e+01,8.364680e+01,8.364680e+01,8.404024e+01,8.379086e+01,8.379086e+01,8.379086e+01,8.379086e+01,8.379086e+01,8.379086e+01,8.379086e+01,8.379086e+01,8.379086e+01,8.379086e+01,8.418393e+01,8.412646e+01,8.414562e+01,8.414562e+01,8.414562e+01,8.414562e+01,8.453783e+01,8.441357e+01,8.458559e+01,8.456648e+01,8.456648e+01,8.456648e+01,8.495765e+01,8.490047e+01,8.486234e+01,8.486234e+01,8.486234e+01,8.525278e+01,8.525278e+01,8.525278e+01,8.525278e+01,8.525278e+01,8.525278e+01,8.525278e+01,8.525278e+01,8.525278e+01,8.525278e+01,8.525278e+01,8.486234e+01,8.530984e+01,8.506244e+01,8.506244e+01,8.506244e+01,8.506244e+01,8.467152e+01,8.473833e+01,8.472879e+01,8.472879e+01,8.433706e+01,8.435619e+01,8.430836e+01,8.430836e+01,8.430836e+01,8.381005e+01,8.381005e+01,8.381005e+01,8.355070e+01,8.361798e+01,8.333906e+01,8.302106e+01,8.290527e+01,8.267342e+01,8.231533e+01,8.191756e+01,8.138239e+01,8.128488e+01,8.077687e+01,8.008055e+01,7.955871e+01,7.905488e+01,7.860894e+01,7.799239e+01,7.748335e+01,7.707288e+01,7.670149e+01,7.592565e+01,7.547037e+01,7.498319e+01,7.428007e+01,7.382995e+01,7.303890e+01,7.245056e+01,7.189098e+01,7.141260e+01,7.053492e+01,6.995733e+01,6.920824e+01,6.883752e+01,6.816776e+01,6.778361e+01,6.693691e+01,6.616074e+01,6.565173e+01,6.483557e+01,6.431068e+01,6.359665e+01,6.301167e+01,6.232413e+01,6.168892e+01,6.128619e+01,6.036429e+01,5.984431e+01,5.890088e+01,5.800806e+01,5.749018e+01,5.692390e+01,5.600567e+01,5.526867e+01,5.456278e+01,5.403078e+01,5.309135e+01,5.269685e+01,5.173526e+01,5.113046e+01,5.068100e+01,4.974032e+01,4.928571e+01,4.849534e+01,4.794894e+01,4.732501e+01,4.677325e+01,4.590280e+01,4.531893e+01,4.483441e+01,4.448893e+01,4.416813e+01,4.332988e+01,4.332988e+01,4.266791e+01,4.227673e+01,4.172684e+01,4.130609e+01,4.081766e+01,4.036697e+01,3.990114e+01,3.951371e+01,3.907120e+01,3.878869e+01,3.843793e+01,3.804538e+01,3.739258e+01,3.741986e+01,3.688674e+01,3.688674e+01,3.643361e+01,3.643361e+01,3.643361e+01,3.586800e+01,3.604765e+01,3.604765e+01,3.604765e+01,3.604765e+01,3.661234e+01,3.648863e+01,3.648863e+01,3.705105e+01,3.700999e+01,3.700999e+01,3.700999e+01,3.737894e+01,3.762422e+01,3.773306e+01,3.773306e+01,3.773306e+01,3.773306e+01,3.828920e+01,3.828920e+01,3.828920e+01,3.828920e+01,3.828920e+01,3.828920e+01,3.828920e+01,3.828920e+01,3.884256e+01,3.884256e+01,3.884256e+01,3.884256e+01,3.884256e+01,3.884256e+01,3.884256e+01,3.884256e+01,3.884256e+01,3.884256e+01,3.884256e+01,3.884256e+01,3.884256e+01,3.913836e+01,3.937980e+01,3.948694e+01,3.948694e+01,3.948694e+01,3.948694e+01,4.003443e+01,4.000779e+01,4.010102e+01,4.010102e+01,4.010102e+01,4.064555e+01,4.057928e+01,4.057928e+01,4.057928e+01,4.057928e+01,4.112152e+01,4.077797e+01,4.077797e+01,4.077797e+01,4.077797e+01,4.077797e+01,4.077797e+01,4.077797e+01,4.077797e+01,4.077797e+01,4.077797e+01,4.077797e+01,4.077797e+01,4.077797e+01,4.077797e+01,4.077797e+01,4.077797e+01,4.028725e+01,4.028725e+01,4.028725e+01,4.028725e+01,4.028725e+01,4.028725e+01,4.028725e+01,4.028725e+01,4.028725e+01,4.028725e+01,3.987447e+01,3.987447e+01,3.987447e+01,3.987447e+01,3.987447e+01,3.987447e+01,3.987447e+01,3.987447e+01,3.987447e+01,3.987447e+01,3.987447e+01,3.946016e+01,3.946016e+01,3.946016e+01,3.946016e+01,3.946016e+01,3.946016e+01,3.946016e+01,3.946016e+01,3.946016e+01,3.946016e+01,3.946016e+01,3.905777e+01,3.905777e+01,3.905777e+01,3.905777e+01,3.905777e+01,3.905777e+01,3.905777e+01,3.905777e+01,3.905777e+01,3.905777e+01,3.905777e+01,3.905777e+01,3.905777e+01,3.905777e+01,3.905777e+01,3.873480e+01,3.873480e+01,3.873480e+01,3.873480e+01,3.873480e+01,3.873480e+01,3.873480e+01,3.873480e+01,3.873480e+01,3.873480e+01,3.873480e+01,3.830272e+01,3.830272e+01,3.830272e+01,3.830272e+01,3.830272e+01,3.830272e+01,3.830272e+01,3.830272e+01,3.830272e+01,3.830272e+01,3.830272e+01,3.830272e+01,3.830272e+01,3.830272e+01,3.830272e+01,3.830272e+01,3.830272e+01,3.830272e+01,3.830272e+01,3.830272e+01,3.830272e+01,3.830272e+01,3.830272e+01,3.788254e+01,3.788254e+01,3.788254e+01,3.788254e+01,3.788254e+01,3.788254e+01,3.788254e+01,3.788254e+01,3.788254e+01,3.788254e+01,3.788254e+01,3.788254e+01,3.788254e+01,3.788254e+01,3.732436e+01,3.767866e+01
3.588183e+01,3.588183e+01,3.588183e+01,3.588183e+01,3.588183e+01,3.588183e+01,3.588183e+01,3.588183e+01,3.644736e+01,3.644736e+01,3.644736e+01,3.644736e+01,3.644736e+01,3.684562e+01,3.684562e+01,3.684562e+01,3.684562e+01,3.740622e+01,3.740622e+01,3.740622e+01,3.740622e+01,3.740622e+01,3.796399e+01,3.796399e+01,3.796399e+01,3.796399e+01,3.796399e+01,3.796399e+01,3.851897e+01,3.816735e+01,3.816735e+01,3.816735e+01,3.858646e+01,3.858646e+01,3.858646e+01,3.858646e+01,3.911150e+01,3.935300e+01,3.946016e+01,3.967419e+01,3.987447e+01,3.987447e+01,3.987447e+01,4.056602e+01,4.114791e+01,4.114791e+01,4.114791e+01,4.114791e+01,4.168746e+01,4.163493e+01,4.159552e+01,4.159552e+01,4.159552e+01,4.159552e+01,4.159552e+01,4.159552e+01,4.159552e+01,4.159552e+01,4.159552e+01,4.159552e+01,4.159552e+01,4.159552e+01,4.159552e+01,4.159552e+01,4.159552e+01,4.159552e+01,4.159552e+01,4.159552e+01,4.159552e+01,4.105554e+01,4.118748e+01,4.118748e+01,4.118748e+01,4.118748e+01,4.065880e+01,4.065880e+01,4.065880e+01,4.065880e+01,4.065880e+01,4.065880e+01,4.065880e+01,4.030054e+01,4.030054e+01,4.030054e+01,3.975434e+01,3.988781e+01,3.988781e+01,3.988781e+01,3.988781e+01,3.988781e+01,3.988781e+01,3.988781e+01,4.039353e+01,4.083089e+01,4.087056e+01,4.131926e+01,4.175309e+01,4.215912e+01,4.310964e+01,4.325219e+01,4.349801e+01,4.391084e+01,4.455298e+01,4.506417e+01,4.597874e+01,4.643340e+01,4.687376e+01,4.721236e+01,4.767481e+01,4.809820e+01,4.892821e+01,4.944563e+01,4.987514e+01,5.035197e+01,5.119107e+01,5.163869e+01,5.218092e+01,5.319873e+01,5.328218e+01,5.453918e+01,5.509256e+01,5.552652e+01,5.627368e+01,5.671526e+01,5.728245e+01,5.816876e+01,5.855821e+01,5.901490e+01,5.968565e+01,6.014976e+01,6.076981e+01,6.171126e+01,6.225740e+01,6.266833e+01,6.346442e+01,6.401453e+01,6.447492e+01,6.530409e+01,6.581438e+01,6.670020e+01,6.751622e+01,6.794380e+01,6.877386e+01,6.922939e+01,6.999941e+01,7.068157e+01,7.123540e+01,7.184945e+01,7.278115e+01,7.341955e+01,7.401425e+01,7.460657e+01,7.534872e+01,7.600645e+01,7.640977e+01,7.755332e+01,7.772311e+01,7.854939e+01,7.893609e+01,7.958829e+01,8.028683e+01,8.073773e+01,8.128488e+01,8.200497e+01,8.251867e+01,8.296317e+01,8.346415e+01,8.404982e+01,8.452827e+01,8.514812e+01,8.549989e+01,8.591721e+01,8.659777e+01,8.699345e+01,8.744447e+01,8.781001e+01,8.809064e+01,8.842677e+01,8.881804e+01,8.898544e+01,8.936612e+01,8.936612e+01,8.960707e+01,8.974592e+01,8.974592e+01,9.012486e+01,9.000480e+01,9.000480e+01,9.000480e+01,9.000480e+01,9.000480e+01,9.022637e+01,9.022637e+01,9.022637e+01,9.022637e+01,9.022637e+01,9.022637e+01,9.022637e+01,9.022637e+01,9.022637e+01,9.022637e+01,9.022637e+01,9.022637e+01,9.022637e+01,9.022637e+01,9.022637e+01,9.022637e+01,9.022637e+01,9.022637e+01,9.022637e+01,9.022637e+01,9.022637e+01,9.022637e+01,9.022637e+01,8.997708e+01,8.997708e+01,8.997708e+01,8.997708e+01,8.997708e+01,8.997708e+01,8.959781e+01,8.959781e+01,8.959781e+01,8.959781e+01,8.959781e+01,8.959781e+01,8.959781e+01,8.959781e+01,8.959781e+01,8.959781e+01,8.959781e+01,8.959781e+01,8.959781e+01,8.959781e+01,8.959781e+01,8.959781e+01,8.937539e+01,8.958855e+01,8.931046e+01,8.906908e+01,8.944956e+01,8.920838e+01,8.920838e+01,8.920838e+01,8.920838e+01,8.882734e+01,8.894826e+01,8.879012e+01,8.888316e+01,8.888316e+01,8.888316e+01,8.888316e+01,8.888316e+01,8.848272e+01,8.848272e+01,8.848272e+01,8.848272e+01,8.848272e+01,8.848272e+01,8.821210e+01,8.821210e+01,8.795039e+01,8.795039e+01,8.795039e+01,8.780065e+01,8.755703e+01,8.755703e+01,8.755703e+01,8.755703e+01,8.751952e+01,8.713453e+01,8.688991e+01,8.674862e+01,8.662606e+01,8.662606e+01,8.662606e+01,8.662606e+01,8.631455e+01,8.631455e+01,8.592668e+01,8.586036e+01,8.587931e+01,8.587931e+01,8.587931e+01,8.568023e+01,8.549989e+01,8.533836e+01,8.518619e+01,8.518619e+01,8.518619e+01,8.479558e+01,8.481465e+01,8.473833e+01,8.473833e+01,8.473833e+01,8.473833e+01,8.453783e+01,8.435619e+01,8.435619e+01,8.435619e+01,8.435619e+01,8.435619e+01,8.396355e+01,8.398272e+01,8.398272e+01,8.398272e+01,8.398272e+01,8.398272e+01,8.398272e+01,8.398272e+01,8.398272e+01,8.398272e+01,8.398272e+01,8.398272e+01,8.398272e+01,8.358915e+01,8.361798e+01,8.361798e+01,8.401148e+01,8.376205e+01,8.376205e+01,8.376205e+01,8.376205e+01,8.376205e+01,8.376205e+01,8.376205e+01,8.376205e+01,8.376205e+01,8.376205e+01,8.376205e+01,8.376205e+01,8.376205e+01,8.376205e+01,8.415520e+01,8.408815e+01,8.408815e+01,8.408815e+01,8.408815e+01,8.408815e+01,8.408815e+01,8.453783e+01,8.453783e+01,8.453783e+01,8.453783e+01,8.453783e+01,8.453783e+01,8.453783e+01,8.490047e+01,8.490047e+01,8.490047e+01,8.490047e+01,8.490047e+01,8.525278e+01,8.525278e+01,8.525278e+01,8.525278e+01,8.525278e+01,8.525278e+01,8.525278e+01,8.525278e+01,8.525278e+01,8.525278e+01,8.525278e+01,8.525278e+01,8.486234e+01,8.498624e+01,8.498624e+01,8.498624e+01,8.498624e+01,8.498624e+01,8.472879e+01,8.456648e+01,8.448049e+01,8.448049e+01,8.448049e+01,8.408815e+01,8.410731e+01,8.392519e+01,8.392519e+01,8.392519e+01,8.355070e+01,8.347377e+01,8.323313e+01,8.316568e+01,8.290527e+01,8.256705e+01,8.229595e+01,8.189813e+01,8.152853e+01,8.086491e+01,8.066920e+01,8.006089e+01,7.953898e+01,7.903509e+01,7.858909e+01,7.797247e+01,7.746336e+01,7.705283e+01,7.668140e+01,7.590545e+01,7.545010e+01,7.496286e+01,7.425964e+01,7.380946e+01,7.301830e+01,7.242987e+01,7.187022e+01,7.139176e+01,7.051395e+01,6.993628e+01,6.918708e+01,6.881631e+01,6.814645e+01,6.776224e+01,6.691541e+01,6.613912e+01,6.563003e+01,6.481374e+01,6.428876e+01,6.357462e+01,6.298954e+01,6.230189e+01,6.166658e+01,6.080355e+01,6.024013e+01,5.981033e+01,5.886665e+01,5.797360e+01,5.745558e+01,5.688915e+01,5.597067e+01,5.571371e+01,5.465713e+01,5.410184e+01,5.313909e+01,5.272079e+01,5.173526e+01,5.110621e+01,5.065665e+01,4.971579e+01,4.926109e+01,4.847055e+01,4.792405e+01,4.729998e+01,4.674810e+01,4.587748e+01,4.581414e+01,4.514066e+01,4.473215e+01,4.374331e+01,4.345923e+01,4.322629e+01,4.270695e+01,4.215912e+01,4.176620e+01,4.118748e+01,4.080443e+01,4.035369e+01,3.994115e+01,3.994115e+01,3.900400e+01,3.874828e+01,3.839738e+01,3.845144e+01,3.795042e+01,3.739258e+01,3.709209e+01,3.684562e+01,3.607527e+01,3.625458e+01,3.600622e+01,3.603384e+01,3.603384e+01,3.603384e+01,3.603384e+01,3.603384e+01,3.603384e+01,3.648863e+01,3.673590e+01,3.685933e+01,3.685933e+01,3.741986e+01,3.741986e+01,3.737894e+01,3.737894e+01,3.737894e+01,3.773306e+01,3.773306e+01,3.828920e+01,3.815381e+01,3.815381e+01,3.815381e+01,3.815381e+01,3.870784e+01,3.853247e+01,3.853247e+01,3.853247e+01,3.853247e+01,3.853247e+01,3.853247e+01,3.853247e+01,3.853247e+01,3.853247e+01,3.853247e+01,3.853247e+01,3.884256e+01,3.884256e+01,3.884256e+01,3.939320e+01,3.878869e+01,3.954047e+01,3.936640e+01,3.936640e+01,3.936640e+01,3.991448e+01,3.988781e+01,3.987447e+01,3.987447e+01,3.987447e+01,4.042009e+01,4.039353e+01,4.048645e+01,4.048645e+01,4.048645e+01,4.102913e+01,4.093666e+01,4.097630e+01,4.085734e+01,4.085734e+01,4.085734e+01,4.085734e+01,4.085734e+01,4.085734e+01,4.085734e+01,4.085734e+01,4.085734e+01,4.085734e+01,4.085734e+01,4.085734e+01,4.085734e+01,4.085734e+01,4.085734e+01,4.031383e+01,4.042009e+01,4.042009e+01,4.042009e+01,4.042009e+01,4.042009e+01,4.042009e+01,4.042009e+01,4.042009e+01,3.987447e+01,3.987447e+01,3.991448e+01,3.991448e+01,3.991448e+01,3.991448e+01,3.991448e+01,3.991448e+01,3.991448e+01,3.991448e+01,3.991448e+01,3.991448e+01,3.991448e+01,3.991448e+01,3.946016e+01,3.946016e+01,3.946016e+01,3.946016e+01,3.946016e+01,3.946016e+01,3.946016e+01,3.946016e+01,3.946016e+01,3.946016e+01,3.905777e+01,3.905777e+01,3.905777e+01,3.905777e+01,3.905777e+01,3.905777e+01,3.905777e+01,3.905777e+01,3.905777e+01,3.905777e+01,3.905777e+01,3.905777e+01,3.905777e+01,3.905777e+01,3.905777e+01,3.873480e+01,3.873480e+01,3.873480e+01,3.873480e+01,3.873480e+01,3.873480e+01,3.873480e+01,3.873480e+01,3.873480e+01,3.873480e+01,3.873480e+01,3.830272e+01,3.830272e+01,3.830272e+01,3.830272e+01,3.830272e+01,3.830272e+01,3.830272e+01,3.830272e+01,3.830272e+01,3.830272e+01,3.830272e+01,3.830272e+01,3.830272e+01,3.830272e+01,3.830272e+01,3.830272e+01,3.830272e+01,3.830272e+01,3.830272e+01,3.830272e+01,3.830272e+01,3.774666e+01,3.781462e+01,3.795042e+01,3.795042e+01,3.795042e+01,3.795042e+01,3.795042e+01,3.795042e+01,3.795042e+01,3.795042e+01,3.795042e+01,3.795042e+01,3.795042e+01,3.795042e+01,3.795042e+01,3.795042e+01,3.795042e+01,3.739258e+01
3.588183e+01,3.588183e+01,3.588183e+01,3.588183e+01,3.588183e+01,3.588183e+01,3.644736e+01,3.635102e+01,3.630970e+01,3.630970e+01,3.630970e+01,3.630970e+01,3.687303e+01,3.683191e+01,3.683191e+01,3.683191e+01,3.683191e+01,3.740622e+01,3.740622e+01,3.740622e+01,3.740622e+01,3.740622e+01,3.796399e+01,3.796399e+01,3.796399e+01,3.796399e+01,3.796399e+01,3.796399e+01,3.851897e+01,3.824860e+01,3.824860e+01,3.824860e+01,3.858646e+01,3.858646e+01,3.858646e+01,3.858646e+01,3.911150e+01,3.911150e+01,3.946016e+01,3.946016e+01,3.987447e+01,3.987447e+01,4.042009e+01,4.071178e+01,4.096309e+01,4.096309e+01,4.096309e+01,4.150351e+01,4.152981e+01,4.152981e+01,4.152981e+01,4.152981e+01,4.152981e+01,4.152981e+01,4.152981e+01,4.152981e+01,4.152981e+01,4.152981e+01,4.152981e+01,4.152981e+01,4.152981e+01,4.152981e+01,4.152981e+01,4.152981e+01,4.152981e+01,4.152981e+01,4.152981e+01,4.152981e+01,4.152981e+01,4.105554e+01,4.105554e+01,4.105554e+01,4.105554e+01,4.105554e+01,4.105554e+01,4.105554e+01,4.105554e+01,4.065880e+01,4.065880e+01,4.065880e+01,4.065880e+01,4.030054e+01,4.030054e+01,4.030054e+01,3.975434e+01,3.975434e+01,3.975434e+01,3.975434e+01,3.975434e+01,3.975434e+01,3.975434e+01,4.030054e+01,4.047318e+01,4.064555e+01,4.092345e+01,4.133244e+01,4.171371e+01,4.226367e+01,4.292796e+01,4.325219e+01,4.369171e+01,4.405242e+01,4.456579e+01,4.559853e+01,4.611785e+01,4.645860e+01,4.683607e+01,4.731250e+01,4.769976e+01,4.812306e+01,4.895290e+01,4.947022e+01,4.989964e+01,5.037637e+01,5.121531e+01,5.166284e+01,5.220496e+01,5.303166e+01,5.373425e+01,5.451558e+01,5.509256e+01,5.554993e+01,5.629696e+01,5.673846e+01,5.730555e+01,5.819170e+01,5.858108e+01,5.903770e+01,5.970833e+01,6.017236e+01,6.079230e+01,6.127499e+01,6.215726e+01,6.259069e+01,6.340929e+01,6.398159e+01,6.446397e+01,6.531496e+01,6.583605e+01,6.672174e+01,6.753763e+01,6.796514e+01,6.879509e+01,6.925055e+01,7.002045e+01,7.070251e+01,7.168318e+01,7.238849e+01,7.290493e+01,7.345036e+01,7.404495e+01,7.463715e+01,7.537914e+01,7.603674e+01,7.653055e+01,7.748335e+01,7.824130e+01,7.826120e+01,7.920323e+01,8.005106e+01,8.039478e+01,8.116779e+01,8.139213e+01,8.204379e+01,8.255737e+01,8.300177e+01,8.350262e+01,8.408815e+01,8.456648e+01,8.518619e+01,8.553787e+01,8.595509e+01,8.663550e+01,8.703108e+01,8.748200e+01,8.778192e+01,8.816540e+01,8.846407e+01,8.868771e+01,8.903191e+01,8.923623e+01,8.937539e+01,8.955150e+01,8.955150e+01,8.974592e+01,8.999556e+01,8.999556e+01,8.999556e+01,8.999556e+01,8.999556e+01,9.037392e+01,9.028172e+01,9.028172e+01,9.028172e+01,9.028172e+01,9.028172e+01,9.028172e+01,9.028172e+01,9.028172e+01,9.028172e+01,9.028172e+01,9.028172e+01,9.028172e+01,9.028172e+01,9.028172e+01,9.028172e+01,9.028172e+01,9.028172e+01,9.028172e+01,9.028172e+01,8.990314e+01,9.014332e+01,9.014332e+01,9.014332e+01,9.014332e+01,9.014332e+01,8.976443e+01,8.988465e+01,8.988465e+01,8.988465e+01,8.988465e+01,8.988465e+01,8.988465e+01,8.988465e+01,8.959781e+01,8.959781e+01,8.959781e+01,8.959781e+01,8.959781e+01,8.959781e+01,8.959781e+01,8.959781e+01,8.959781e+01,8.959781e+01,8.959781e+01,8.959781e+01,8.959781e+01,8.921767e+01,8.953297e+01,8.931974e+01,8.934757e+01,8.926407e+01,8.926407e+01,8.926407e+01,8.888316e+01,8.892036e+01,8.892036e+01,8.892036e+01,8.892036e+01,8.892036e+01,8.892036e+01,8.892036e+01,8.892036e+01,8.848272e+01,8.848272e+01,8.848272e+01,8.848272e+01,8.848272e+01,8.848272e+01,8.848272e+01,8.821210e+01,8.800650e+01,8.800650e+01,8.800650e+01,8.780065e+01,8.761328e+01,8.761328e+01,8.761328e+01,8.722851e+01,8.729427e+01,8.712512e+01,8.694640e+01,8.694640e+01,8.694640e+01,8.662606e+01,8.662606e+01,8.662606e+01,8.631455e+01,8.613492e+01,8.605923e+01,8.605923e+01,8.605923e+01,8.567074e+01,8.567074e+01,8.569920e+01,8.569920e+01,8.533836e+01,8.533836e+01,8.533836e+01,8.533836e+01,8.518619e+01,8.493859e+01,8.493859e+01,8.473833e+01,8.473833e+01,8.473833e+01,8.473833e+01,8.435619e+01,8.435619e+01,8.435619e+01,8.435619e+01,8.435619e+01,8.435619e+01,8.398272e+01,8.398272e+01,8.398272e+01,8.398272e+01,8.398272e+01,8.398272e+01,8.398272e+01,8.398272e+01,8.398272e+01,8.398272e+01,8.358915e+01,8.404982e+01,8.379086e+01,8.366602e+01,8.384844e+01,8.390601e+01,8.381965e+01,8.381965e+01,8.381965e+01,8.381965e+01,8.381965e+01,8.381965e+01,8.381965e+01,8.381965e+01,8.381965e+01,8.381965e+01,8.381965e+01,8.381965e+01,8.381965e+01,8.381965e+01,8.415520e+01,8.415520e+01,8.415520e+01,8.415520e+01,8.415520e+01,8.415520e+01,8.415520e+01,8.453783e+01,8.453783e+01,8.453783e+01,8.453783e+01,8.453783e+01,8.453783e+01,8.453783e+01,8.490047e+01,8.490047e+01,8.490047e+01,8.490047e+01,8.490047e+01,8.490047e+01,8.525278e+01,8.525278e+01,8.525278e+01,8.525278e+01,8.525278e+01,8.525278e+01,8.525278e+01,8.525278e+01,8.525278e+01,8.525278e+01,8.525278e+01,8.525278e+01,8.498624e+01,8.498624e+01,8.459514e+01,8.484326e+01,8.470016e+01,8.472879e+01,8.472879e+01,8.472879e+01,8.448049e+01,8.429879e+01,8.422223e+01,8.422223e+01,8.392519e+01,8.392519e+01,8.392519e+01,8.355070e+01,8.332943e+01,8.329092e+01,8.307893e+01,8.279905e+01,8.259607e+01,8.221841e+01,8.185927e+01,8.148956e+01,8.100178e+01,8.062023e+01,8.002157e+01,7.949952e+01,7.899550e+01,7.854939e+01,7.793259e+01,7.742336e+01,7.701272e+01,7.664118e+01,7.586503e+01,7.540956e+01,7.492219e+01,7.421877e+01,7.376846e+01,7.297708e+01,7.238849e+01,7.182867e+01,7.135008e+01,7.047202e+01,6.989417e+01,6.957800e+01,6.889054e+01,6.818907e+01,6.777293e+01,6.733411e+01,6.623640e+01,6.569512e+01,6.484648e+01,6.428876e+01,6.399257e+01,6.307802e+01,6.236859e+01,6.171126e+01,6.082603e+01,6.024013e+01,5.978767e+01,5.884383e+01,5.842089e+01,5.755935e+01,5.698180e+01,5.609895e+01,5.523347e+01,5.452738e+01,5.409000e+01,5.361544e+01,5.284045e+01,5.185587e+01,5.122743e+01,5.077832e+01,4.983839e+01,4.938415e+01,4.859442e+01,4.804847e+01,4.742506e+01,4.687376e+01,4.618103e+01,4.576344e+01,4.517888e+01,4.462980e+01,4.378199e+01,4.357553e+01,4.309667e+01,4.270695e+01,4.219834e+01,4.166120e+01,4.122703e+01,4.069854e+01,4.039353e+01,4.006107e+01,3.980775e+01,3.919206e+01,3.873480e+01,3.847846e+01,3.822152e+01,3.795042e+01,3.743349e+01,3.721512e+01,3.670845e+01,3.626836e+01,3.626836e+01,3.626836e+01,3.626836e+01,3.626836e+01,3.626836e+01,3.626836e+01,3.626836e+01,3.626836e+01,3.683191e+01,3.665354e+01,3.665354e+01,3.721512e+01,3.725610e+01,3.725610e+01,3.725610e+01,3.781462e+01,3.781462e+01,3.777385e+01,3.803182e+01,3.812671e+01,3.812671e+01,3.812671e+01,3.812671e+01,3.868088e+01,3.857297e+01,3.857297e+01,3.857297e+01,3.857297e+01,3.857297e+01,3.857297e+01,3.857297e+01,3.857297e+01,3.857297e+01,3.857297e+01,3.857297e+01,3.912493e+01,3.899056e+01,3.899056e+01,3.899056e+01,3.899056e+01,3.954047e+01,3.940659e+01,3.940659e+01,3.940659e+01,3.940659e+01,3.991448e+01,3.991448e+01,3.991448e+01,3.991448e+01,3.991448e+01,4.042009e+01,4.042009e+01,4.042009e+01,4.042009e+01,4.096309e+01,4.089701e+01,4.089701e+01,4.089701e+01,4.089701e+01,4.089701e+01,4.089701e+01,4.089701e+01,4.089701e+01,4.089701e+01,4.089701e+01,4.089701e+01,4.089701e+01,4.089701e+01,4.089701e+01,4.089701e+01,4.089701e+01,4.089701e+01,4.035369e+01,4.044664e+01,4.044664e+01,4.044664e+01,4.044664e+01,4.044664e+01,4.044664e+01,4.044664e+01,4.044664e+01,4.044664e+01,4.044664e+01,4.042009e+01,4.007439e+01,4.007439e+01,4.007439e+01,4.007439e+01,3.952709e+01,3.970091e+01,3.970091e+01,3.970091e+01,3.970091e+01,3.970091e+01,3.970091e+01,3.970091e+01,3.970091e+01,3.970091e+01,3.970091e+01,3.915179e+01,3.932619e+01,3.932619e+01,3.932619e+01,3.932619e+01,3.932619e+01,3.932619e+01,3.932619e+01,3.932619e+01,3.932619e+01,3.932619e+01,3.932619e+01,3.877522e+01,3.895021e+01,3.895021e+01,3.895021e+01,3.895021e+01,3.895021e+01,3.895021e+01,3.895021e+01,3.895021e+01,3.895021e+01,3.839738e+01,3.857297e+01,3.857297e+01,3.857297e+01,3.857297e+01,3.857297e+01,3.857297e+01,3.857297e+01,3.857297e+01,3.857297e+01,3.857297e+01,3.857297e+01,3.857297e+01,3.857297e+01,3.857297e+01,3.857297e+01,3.857297e+01,3.857297e+01,3.857297e+01,3.857297e+01,3.801826e+01,3.819444e+01,3.819444e+01,3.819444e+01,3.819444e+01,3.819444e+01,3.819444e+01,3.819444e+01,3.819444e+01,3.819444e+01,3.819444e+01,3.819444e+01,3.819444e+01,3.819444e+01,3.819444e+01,3.819444e+01,3.819444e+01,3.819444e+01,3.819444e+01,3.763783e+01,3.781462e+01,3.781462e+01,3.781462e+01,3.781462e+01,3.781462e+01,3.781462e+01,3.781462e+01,3.781462e+01,3.781462e+01,3.781462e+01
3.588183e+01,3.588183e+01,3.588183e+01,3.588183e+01,3.588183e+01,3.588183e+01,3.588183e+01,3.588183e+01,3.630970e+01,3.630970e+01,3.630970e+01,3.687303e+01,3.673590e+01,3.673590e+01,3.673590e+01,3.729706e+01,3.720145e+01,3.724244e+01,3.724244e+01,3.724244e+01,3.780103e+01,3.777385e+01,3.780103e+01,3.780103e+01,3.835683e+01,3.818090e+01,3.818090e+01,3.818090e+01,3.818090e+01,3.818090e+01,3.873480e+01,3.866740e+01,3.862694e+01,3.862694e+01,3.862694e+01,3.862694e+01,3.911150e+01,3.931279e+01,3.937980e+01,3.958060e+01,3.979440e+01,4.004775e+01,4.038025e+01,4.059254e+01,4.059254e+01,4.096309e+01,4.121385e+01,4.131926e+01,4.131926e+01,4.131926e+01,4.131926e+01,4.131926e+01,4.131926e+01,4.131926e+01,4.131926e+01,4.131926e+01,4.131926e+01,4.131926e+01,4.131926e+01,4.131926e+01,4.131926e+01,4.185801e+01,4.168746e+01,4.168746e+01,4.168746e+01,4.114791e+01,4.131926e+01,4.131926e+01,4.131926e+01,4.131926e+01,4.131926e+01,4.131926e+01,4.077797e+01,4.094987e+01,4.094987e+01,4.094987e+01,4.094987e+01,4.094987e+01,4.065880e+01,4.065880e+01,4.011433e+01,4.024737e+01,4.024737e+01,4.024737e+01,3.975434e+01,3.975434e+01,3.975434e+01,3.975434e+01,3.975434e+01,3.975434e+01,3.975434e+01,4.030054e+01,4.030054e+01,4.064555e+01,4.096309e+01,4.137194e+01,4.185801e+01,4.279800e+01,4.297990e+01,4.339457e+01,4.365300e+01,4.415527e+01,4.510242e+01,4.521709e+01,4.570004e+01,4.620629e+01,4.672296e+01,4.716225e+01,4.819761e+01,4.833416e+01,4.897758e+01,4.949480e+01,4.992413e+01,5.040077e+01,5.123954e+01,5.168699e+01,5.222900e+01,5.305554e+01,5.375800e+01,5.453918e+01,5.511606e+01,5.557334e+01,5.632023e+01,5.723624e+01,5.743251e+01,5.822610e+01,5.861538e+01,5.907188e+01,5.974234e+01,6.020625e+01,6.082603e+01,6.130859e+01,6.219065e+01,6.262397e+01,6.344238e+01,6.401453e+01,6.449680e+01,6.534760e+01,6.586856e+01,6.675404e+01,6.756974e+01,6.799715e+01,6.882691e+01,6.928227e+01,7.005200e+01,7.082807e+01,7.158958e+01,7.232639e+01,7.287399e+01,7.345036e+01,7.407564e+01,7.466771e+01,7.540956e+01,7.606701e+01,7.665124e+01,7.739335e+01,7.801232e+01,7.844014e+01,7.911423e+01,7.999207e+01,8.036534e+01,8.110922e+01,8.145060e+01,8.207291e+01,8.258640e+01,8.303071e+01,8.353147e+01,8.411689e+01,8.459514e+01,8.521473e+01,8.556635e+01,8.598350e+01,8.666378e+01,8.705930e+01,8.745386e+01,8.786618e+01,8.813737e+01,8.846407e+01,8.879942e+01,8.900403e+01,8.953297e+01,8.941248e+01,8.941248e+01,8.979218e+01,8.984767e+01,8.994936e+01,8.994936e+01,8.994936e+01,9.032783e+01,9.026327e+01,9.026327e+01,9.026327e+01,9.026327e+01,9.026327e+01,9.026327e+01,9.026327e+01,9.026327e+01,9.026327e+01,9.026327e+01,9.026327e+01,9.026327e+01,9.026327e+01,9.026327e+01,9.026327e+01,9.026327e+01,9.026327e+01,9.026327e+01,9.026327e+01,9.026327e+01,9.026327e+01,8.990314e+01,9.009715e+01,9.009715e+01,9.009715e+01,9.009715e+01,9.009715e+01,9.009715e+01,9.009715e+01,9.009715e+01,8.988465e+01,8.988465e+01,8.988465e+01,8.988465e+01,8.988465e+01,8.959781e+01,8.959781e+01,8.959781e+01,8.959781e+01,8.959781e+01,8.959781e+01,8.959781e+01,8.959781e+01,8.959781e+01,8.959781e+01,8.959781e+01,8.959781e+01,8.959781e+01,8.921767e+01,8.930119e+01,8.932902e+01,8.932902e+01,8.932902e+01,8.932902e+01,8.932902e+01,8.932902e+01,8.932902e+01,8.892036e+01,8.892036e+01,8.892036e+01,8.892036e+01,8.892036e+01,8.853865e+01,8.860388e+01,8.895755e+01,8.871565e+01,8.859457e+01,8.859457e+01,8.859457e+01,8.859457e+01,8.859457e+01,8.821210e+01,8.805325e+01,8.805325e+01,8.805325e+01,8.780065e+01,8.780065e+01,8.780065e+01,8.741632e+01,8.734122e+01,8.734122e+01,8.734122e+01,8.734122e+01,8.734122e+01,8.694640e+01,8.675804e+01,8.675804e+01,8.675804e+01,8.670149e+01,8.627675e+01,8.627675e+01,8.627675e+01,8.605923e+01,8.580350e+01,8.580350e+01,8.580350e+01,8.580350e+01,8.572765e+01,8.548090e+01,8.509100e+01,8.521473e+01,8.504339e+01,8.498624e+01,8.484326e+01,8.478604e+01,8.478604e+01,8.478604e+01,8.478604e+01,8.435619e+01,8.435619e+01,8.435619e+01,8.435619e+01,8.435619e+01,8.435619e+01,8.435619e+01,8.398272e+01,8.398272e+01,8.398272e+01,8.398272e+01,8.398272e+01,8.398272e+01,8.398272e+01,8.398272e+01,8.398272e+01,8.398272e+01,8.398272e+01,8.358915e+01,8.371404e+01,8.371404e+01,8.371404e+01,8.371404e+01,8.371404e+01,8.410731e+01,8.398272e+01,8.398272e+01,8.398272e+01,8.398272e+01,8.398272e+01,8.398272e+01,8.398272e+01,8.398272e+01,8.398272e+01,8.398272e+01,8.398272e+01,8.398272e+01,8.398272e+01,8.398272e+01,8.398272e+01,8.437532e+01,8.425095e+01,8.443269e+01,8.442313e+01,8.442313e+01,8.442313e+01,8.442313e+01,8.481465e+01,8.469062e+01,8.487186e+01,8.480511e+01,8.519570e+01,8.507196e+01,8.507196e+01,8.507196e+01,8.507196e+01,8.507196e+01,8.507196e+01,8.507196e+01,8.507196e+01,8.507196e+01,8.507196e+01,8.546190e+01,8.533836e+01,8.494812e+01,8.507196e+01,8.507196e+01,8.507196e+01,8.507196e+01,8.507196e+01,8.507196e+01,8.484326e+01,8.484326e+01,8.445181e+01,8.457603e+01,8.443269e+01,8.446137e+01,8.446137e+01,8.422223e+01,8.407857e+01,8.397313e+01,8.397313e+01,8.357954e+01,8.351224e+01,8.337756e+01,8.319460e+01,8.305000e+01,8.277007e+01,8.247996e+01,8.218932e+01,8.183012e+01,8.146034e+01,8.097246e+01,8.059084e+01,7.999207e+01,7.946992e+01,7.896580e+01,7.851960e+01,7.790269e+01,7.739335e+01,7.698263e+01,7.661102e+01,7.624857e+01,7.549063e+01,7.497303e+01,7.423920e+01,7.375821e+01,7.294617e+01,7.235744e+01,7.179751e+01,7.131882e+01,7.044056e+01,6.992576e+01,6.948301e+01,6.885873e+01,6.815710e+01,6.730194e+01,6.684013e+01,6.625800e+01,6.567342e+01,6.480282e+01,6.432163e+01,6.389370e+01,6.303379e+01,6.232413e+01,6.166658e+01,6.124137e+01,6.031915e+01,5.983298e+01,5.885524e+01,5.839799e+01,5.752477e+01,5.694707e+01,5.606398e+01,5.567863e+01,5.462175e+01,5.416103e+01,5.317488e+01,5.270882e+01,5.181969e+01,5.119107e+01,5.074183e+01,4.980162e+01,4.934724e+01,4.855727e+01,4.801115e+01,4.738755e+01,4.683607e+01,4.614313e+01,4.572541e+01,4.514066e+01,4.459140e+01,4.396235e+01,4.351093e+01,4.313557e+01,4.258978e+01,4.215912e+01,4.162180e+01,4.118748e+01,4.073826e+01,4.039353e+01,4.012764e+01,3.962072e+01,3.915179e+01,3.892331e+01,3.847846e+01,3.847846e+01,3.795042e+01,3.762422e+01,3.714679e+01,3.674962e+01,3.637855e+01,3.637855e+01,3.637855e+01,3.637855e+01,3.581266e+01,3.617186e+01,3.617186e+01,3.617186e+01,3.617186e+01,3.683191e+01,3.683191e+01,3.683191e+01,3.683191e+01,3.725610e+01,3.725610e+01,3.725610e+01,3.781462e+01,3.781462e+01,3.781462e+01,3.781462e+01,3.781462e+01,3.812671e+01,3.812671e+01,3.868088e+01,3.854597e+01,3.854597e+01,3.854597e+01,3.854597e+01,3.854597e+01,3.854597e+01,3.854597e+01,3.854597e+01,3.854597e+01,3.854597e+01,3.854597e+01,3.854597e+01,3.854597e+01,3.899056e+01,3.899056e+01,3.899056e+01,3.899056e+01,3.954047e+01,3.954047e+01,3.954047e+01,3.954047e+01,3.954047e+01,3.954047e+01,3.991448e+01,3.991448e+01,3.991448e+01,4.045991e+01,4.032712e+01,4.032712e+01,4.032712e+01,4.087056e+01,4.083089e+01,4.083089e+01,4.083089e+01,4.083089e+01,4.083089e+01,4.137194e+01,4.102913e+01,4.102913e+01,4.102913e+01,4.102913e+01,4.102913e+01,4.102913e+01,4.102913e+01,4.102913e+01,4.102913e+01,4.048645e+01,4.065880e+01,4.094987e+01,4.059254e+01,4.059254e+01,4.059254e+01,4.059254e+01,4.059254e+01,4.059254e+01,4.059254e+01,4.004775e+01,4.022078e+01,4.022078e+01,4.022078e+01,4.022078e+01,4.022078e+01,4.022078e+01,4.022078e+01,4.022078e+01,4.007439e+01,3.972763e+01,3.972763e+01,3.972763e+01,3.972763e+01,3.972763e+01,3.972763e+01,3.972763e+01,3.972763e+01,3.972763e+01,3.917863e+01,3.928597e+01,3.928597e+01,3.928597e+01,3.928597e+01,3.928597e+01,3.928597e+01,3.928597e+01,3.928597e+01,3.928597e+01,3.928597e+01,3.928597e+01,3.928597e+01,3.928597e+01,3.895021e+01,3.895021e+01,3.895021e+01,3.895021e+01,3.895021e+01,3.895021e+01,3.895021e+01,3.895021e+01,3.895021e+01,3.895021e+01,3.895021e+01,3.895021e+01,3.895021e+01,3.895021e+01,3.895021e+01,3.857297e+01,3.857297e+01,3.857297e+01,3.857297e+01,3.857297e+01,3.857297e+01,3.857297e+01,3.857297e+01,3.857297e+01,3.857297e+01,3.857297e+01,3.857297e+01,3.857297e+01,3.857297e+01,3.801826e+01,3.801826e+01,3.801826e+01,3.857297e+01,3.839738e+01,3.839738e+01,3.839738e+01,3.839738e+01,3.839738e+01,3.839738e+01,3.839738e+01,3.839738e+01,3.784180e+01,3.801826e+01,3.801826e+01,3.801826e+01,3.801826e+01,3.801826e+01,3.801826e+01,3.801826e+01,3.801826e+01,3.801826e+01,3.801826e+01,3.801826e+01,3.801826e+01,3.801826e+01,3.801826e+01,3.801826e+01,3.801826e+01,3.801826e+01
3.588183e+01,3.588183e+01,3.588183e+01,3.588183e+01,3.588183e+01,3.588183e+01,3.588183e+01,3.644736e+01,3.630970e+01,3.630970e+01,3.630970e+01,3.687303e+01,3.687303e+01,3.687303e+01,3.687303e+01,3.687303e+01,3.720145e+01,3.720145e+01,3.720145e+01,3.776026e+01,3.766505e+01,3.766505e+01,3.766505e+01,3.822152e+01,3.819444e+01,3.819444e+01,3.819444e+01,3.819444e+01,3.819444e+01,3.819444e+01,3.819444e+01,3.819444e+01,3.862694e+01,3.862694e+01,3.862694e+01,3.917863e+01,3.904433e+01,3.959398e+01,3.941999e+01,3.941999e+01,3.979440e+01,4.024737e+01,4.031383e+01,4.113472e+01,4.106874e+01,4.093666e+01,4.121385e+01,4.121385e+01,4.121385e+01,4.175309e+01,4.141142e+01,4.141142e+01,4.141142e+01,4.141142e+01,4.141142e+01,4.141142e+01,4.141142e+01,4.141142e+01,4.141142e+01,4.141142e+01,4.141142e+01,4.141142e+01,4.141142e+01,4.141142e+01,4.141142e+01,4.141142e+01,4.141142e+01,4.141142e+01,4.141142e+01,4.141142e+01,4.087056e+01,4.096309e+01,4.093666e+01,4.093666e+01,4.093666e+01,4.093666e+01,4.093666e+01,4.039353e+01,4.052624e+01,4.028725e+01,4.027396e+01,4.027396e+01,4.027396e+01,4.027396e+01,3.975434e+01,3.975434e+01,3.975434e+01,3.975434e+01,3.975434e+01,3.975434e+01,3.975434e+01,4.030054e+01,4.049971e+01,4.068529e+01,4.100272e+01,4.152981e+01,4.189733e+01,4.261583e+01,4.299288e+01,4.332988e+01,4.382066e+01,4.419382e+01,4.492382e+01,4.526802e+01,4.573809e+01,4.624417e+01,4.676068e+01,4.719983e+01,4.802359e+01,4.838377e+01,4.901460e+01,4.953165e+01,4.996087e+01,5.043736e+01,5.127588e+01,5.172319e+01,5.275670e+01,5.318681e+01,5.380548e+01,5.458637e+01,5.516303e+01,5.562015e+01,5.636677e+01,5.707438e+01,5.747865e+01,5.827196e+01,5.866111e+01,5.911744e+01,5.978767e+01,6.025142e+01,6.087100e+01,6.135340e+01,6.223516e+01,6.266833e+01,6.348647e+01,6.405845e+01,6.454057e+01,6.539108e+01,6.591188e+01,6.679709e+01,6.761254e+01,6.803983e+01,6.886933e+01,6.932455e+01,7.009406e+01,7.086990e+01,7.163119e+01,7.236780e+01,7.249193e+01,7.337844e+01,7.403472e+01,7.465752e+01,7.542983e+01,7.609729e+01,7.709293e+01,7.750335e+01,7.805217e+01,7.847987e+01,7.915380e+01,8.003139e+01,8.040459e+01,8.114827e+01,8.148956e+01,8.211172e+01,8.262508e+01,8.306928e+01,8.356992e+01,8.415520e+01,8.463334e+01,8.525278e+01,8.560432e+01,8.602137e+01,8.670149e+01,8.709692e+01,8.749138e+01,8.783810e+01,8.822144e+01,8.850137e+01,8.915268e+01,8.928263e+01,8.942175e+01,8.942175e+01,8.980143e+01,8.970890e+01,9.008792e+01,8.996784e+01,8.996784e+01,8.996784e+01,9.032783e+01,9.032783e+01,9.032783e+01,9.032783e+01,9.032783e+01,9.032783e+01,9.032783e+01,9.032783e+01,9.032783e+01,9.032783e+01,9.032783e+01,9.032783e+01,9.032783e+01,9.032783e+01,9.032783e+01,9.032783e+01,9.032783e+01,9.032783e+01,9.032783e+01,9.032783e+01,9.032783e+01,9.032783e+01,9.032783e+01,9.009715e+01,9.009715e+01,9.009715e+01,9.009715e+01,9.009715e+01,9.009715e+01,9.009715e+01,9.009715e+01,8.988465e+01,8.988465e+01,8.988465e+01,8.988465e+01,8.988465e+01,8.988465e+01,8.988465e+01,8.988465e+01,8.988465e+01,8.959781e+01,8.959781e+01,8.959781e+01,8.959781e+01,8.959781e+01,8.959781e+01,8.959781e+01,8.959781e+01,8.959781e+01,8.959781e+01,8.959781e+01,8.959781e+01,8.932902e+01,8.932902e+01,8.932902e+01,8.932902e+01,8.932902e+01,8.932902e+01,8.932902e+01,8.892036e+01,8.892036e+01,8.892036e+01,8.892036e+01,8.892036e+01,8.892036e+01,8.892036e+01,8.871565e+01,8.871565e+01,8.871565e+01,8.871565e+01,8.833347e+01,8.835213e+01,8.832413e+01,8.832413e+01,8.832413e+01,8.805325e+01,8.784746e+01,8.784746e+01,8.784746e+01,8.741632e+01,8.741632e+01,8.741632e+01,8.741632e+01,8.741632e+01,8.703108e+01,8.704049e+01,8.704049e+01,8.704049e+01,8.675804e+01,8.653173e+01,8.640901e+01,8.640901e+01,8.602137e+01,8.635234e+01,8.609708e+01,8.597403e+01,8.597403e+01,8.597403e+01,8.572765e+01,8.536687e+01,8.522424e+01,8.522424e+01,8.522424e+01,8.522424e+01,8.522424e+01,8.478604e+01,8.478604e+01,8.478604e+01,8.478604e+01,8.435619e+01,8.435619e+01,8.435619e+01,8.435619e+01,8.435619e+01,8.435619e+01,8.435619e+01,8.435619e+01,8.435619e+01,8.398272e+01,8.398272e+01,8.398272e+01,8.398272e+01,8.398272e+01,8.398272e+01,8.398272e+01,8.398272e+01,8.398272e+01,8.398272e+01,8.398272e+01,8.398272e+01,8.398272e+01,8.398272e+01,8.398272e+01,8.398272e+01,8.398272e+01,8.398272e+01,8.398272e+01,8.398272e+01,8.398272e+01,8.398272e+01,8.398272e+01,8.398272e+01,8.398272e+01,8.398272e+01,8.398272e+01,8.398272e+01,8.437532e+01,8.412646e+01,8.429879e+01,8.427966e+01,8.427966e+01,8.427966e+01,8.427966e+01,8.467152e+01,8.454738e+01,8.471925e+01,8.470016e+01,8.470016e+01,8.509100e+01,8.500529e+01,8.508148e+01,8.508148e+01,8.508148e+01,8.508148e+01,8.508148e+01,8.508148e+01,8.508148e+01,8.508148e+01,8.547140e+01,8.522424e+01,8.539539e+01,8.536687e+01,8.516715e+01,8.508148e+01,8.508148e+01,8.508148e+01,8.508148e+01,8.469062e+01,8.493859e+01,8.479558e+01,8.482419e+01,8.465244e+01,8.458559e+01,8.458559e+01,8.458559e+01,8.419350e+01,8.419350e+01,8.422223e+01,8.422223e+01,8.397313e+01,8.380045e+01,8.371404e+01,8.371404e+01,8.371404e+01,8.319460e+01,8.290527e+01,8.274108e+01,8.245092e+01,8.207291e+01,8.179123e+01,8.142136e+01,8.093336e+01,8.055165e+01,7.995272e+01,7.943044e+01,7.933170e+01,7.858909e+01,7.794257e+01,7.740335e+01,7.696256e+01,7.658085e+01,7.621832e+01,7.546024e+01,7.494253e+01,7.420855e+01,7.372746e+01,7.333733e+01,7.244022e+01,7.184945e+01,7.133966e+01,7.085944e+01,7.003097e+01,6.956745e+01,6.892234e+01,6.819972e+01,6.732338e+01,6.684013e+01,6.623640e+01,6.565173e+01,6.478098e+01,6.429971e+01,6.387172e+01,6.301167e+01,6.230189e+01,6.164424e+01,6.121895e+01,6.029658e+01,5.981033e+01,5.883242e+01,5.837508e+01,5.750171e+01,5.692390e+01,5.604066e+01,5.565525e+01,5.459817e+01,5.413736e+01,5.315102e+01,5.268488e+01,5.179558e+01,5.116683e+01,5.071750e+01,4.977710e+01,4.932264e+01,4.853250e+01,4.798627e+01,4.736254e+01,4.681095e+01,4.611785e+01,4.570004e+01,4.511517e+01,4.456579e+01,4.393660e+01,4.353678e+01,4.300586e+01,4.256372e+01,4.213297e+01,4.159552e+01,4.116110e+01,4.076473e+01,4.048645e+01,3.998114e+01,3.959398e+01,3.933960e+01,3.886948e+01,3.866740e+01,3.842442e+01,3.797756e+01,3.748802e+01,3.717413e+01,3.673590e+01,3.644736e+01,3.644736e+01,3.588183e+01,3.597859e+01,3.596477e+01,3.610287e+01,3.610287e+01,3.610287e+01,3.610287e+01,3.626836e+01,3.662607e+01,3.718779e+01,3.718779e+01,3.721512e+01,3.721512e+01,3.777385e+01,3.767866e+01,3.767866e+01,3.767866e+01,3.823506e+01,3.823506e+01,3.819444e+01,3.843793e+01,3.851897e+01,3.851897e+01,3.851897e+01,3.851897e+01,3.851897e+01,3.851897e+01,3.851897e+01,3.851897e+01,3.851897e+01,3.851897e+01,3.907120e+01,3.872132e+01,3.872132e+01,3.872132e+01,3.872132e+01,3.872132e+01,3.927256e+01,3.924573e+01,3.935300e+01,3.935300e+01,3.935300e+01,3.990114e+01,3.972763e+01,3.992781e+01,3.988781e+01,3.988781e+01,4.043336e+01,4.032712e+01,4.032712e+01,4.032712e+01,4.032712e+01,4.087056e+01,4.087056e+01,4.087056e+01,4.087056e+01,4.087056e+01,4.087056e+01,4.137194e+01,4.109513e+01,4.109513e+01,4.109513e+01,4.109513e+01,4.109513e+01,4.109513e+01,4.109513e+01,4.109513e+01,4.055276e+01,4.061905e+01,4.085734e+01,4.080443e+01,4.065880e+01,4.065880e+01,4.065880e+01,4.065880e+01,4.065880e+01,4.065880e+01,4.065880e+01,4.059254e+01,4.024737e+01,4.024737e+01,4.024737e+01,4.024737e+01,4.024737e+01,4.024737e+01,4.024737e+01,4.024737e+01,4.024737e+01,3.972763e+01,3.972763e+01,3.972763e+01,3.972763e+01,3.972763e+01,3.972763e+01,3.972763e+01,3.972763e+01,3.972763e+01,3.972763e+01,3.972763e+01,3.972763e+01,3.972763e+01,3.928597e+01,3.928597e+01,3.928597e+01,3.928597e+01,3.928597e+01,3.928597e+01,3.928597e+01,3.928597e+01,3.928597e+01,3.928597e+01,3.895021e+01,3.895021e+01,3.895021e+01,3.895021e+01,3.895021e+01,3.895021e+01,3.895021e+01,3.895021e+01,3.895021e+01,3.895021e+01,3.895021e+01,3.895021e+01,3.895021e+01,3.895021e+01,3.895021e+01,3.857297e+01,3.857297e+01,3.857297e+01,3.857297e+01,3.857297e+01,3.857297e+01,3.857297e+01,3.857297e+01,3.857297e+01,3.857297e+01,3.857297e+01,3.857297e+01,3.857297e+01,3.857297e+01,3.857297e+01,3.801826e+01,3.826213e+01,3.838387e+01,3.838387e+01,3.838387e+01,3.838387e+01,3.838387e+01,3.838387e+01,3.838387e+01,3.838387e+01,3.838387e+01,3.838387e+01,3.801826e+01,3.801826e+01,3.801826e+01,3.801826e+01,3.801826e+01,3.801826e+01,3.801826e+01,3.801826e+01,3.801826e+01,3.801826e+01,3.801826e+01,3.801826e+01,3.801826e+01,3.801826e+01,3.801826e+01,3.801826e+01,3.801826e+01
3.588183e+01,3.588183e+01,3.588183e+01,3.588183e+01,3.588183e+01,3.644736e+01,3.635102e+01,3.630970e+01,3.630970e+01,3.630970e+01,3.630970e+01,3.687303e+01,3.687303e+01,3.687303e+01,3.687303e+01,3.743349e+01,3.729706e+01,3.729706e+01,3.729706e+01,3.776026e+01,3.776026e+01,3.776026e+01,3.831625e+01,3.818090e+01,3.818090e+01,3.818090e+01,3.818090e+01,3.818090e+01,3.818090e+01,3.818090e+01,3.873480e+01,3.866740e+01,3.853247e+01,3.853247e+01,3.908464e+01,3.904433e+01,3.928597e+01,3.940659e+01,3.940659e+01,3.995448e+01,4.014095e+01,4.008770e+01,4.039353e+01,4.040681e+01,4.075150e+01,4.085734e+01,4.106874e+01,4.160866e+01,4.158238e+01,4.160866e+01,4.147721e+01,4.147721e+01,4.147721e+01,4.147721e+01,4.147721e+01,4.147721e+01,4.147721e+01,4.147721e+01,4.147721e+01,4.147721e+01,4.147721e+01,4.147721e+01,4.147721e+01,4.147721e+01,4.147721e+01,4.147721e+01,4.147721e+01,4.147721e+01,4.093666e+01,4.102913e+01,4.102913e+01,4.102913e+01,4.102913e+01,4.102913e+01,4.102913e+01,4.102913e+01,4.102913e+01,4.039353e+01,4.039353e+01,4.039353e+01,4.039353e+01,4.039353e+01,3.984778e+01,3.987447e+01,3.991448e+01,3.991448e+01,3.991448e+01,3.991448e+01,3.991448e+01,3.991448e+01,3.991448e+01,3.991448e+01,4.049971e+01,4.088379e+01,4.116110e+01,4.204139e+01,4.222448e+01,4.262885e+01,4.303181e+01,4.348509e+01,4.380777e+01,4.433505e+01,4.491105e+01,4.540797e+01,4.576344e+01,4.678581e+01,4.692398e+01,4.723740e+01,4.801115e+01,4.852011e+01,4.854489e+01,4.943334e+01,4.988739e+01,5.088771e+01,5.140903e+01,5.175939e+01,5.279260e+01,5.322258e+01,5.384108e+01,5.462175e+01,5.519825e+01,5.565525e+01,5.640166e+01,5.710908e+01,5.751324e+01,5.830635e+01,5.869538e+01,5.961760e+01,5.991225e+01,6.029658e+01,6.091595e+01,6.139818e+01,6.227965e+01,6.271268e+01,6.353056e+01,6.410235e+01,6.458430e+01,6.543456e+01,6.595519e+01,6.684013e+01,6.765533e+01,6.808248e+01,6.891174e+01,6.936683e+01,7.013610e+01,7.091172e+01,7.167278e+01,7.221249e+01,7.294617e+01,7.349145e+01,7.407564e+01,7.469827e+01,7.547037e+01,7.621832e+01,7.700269e+01,7.745336e+01,7.804221e+01,7.891628e+01,7.926254e+01,8.008055e+01,8.045362e+01,8.119707e+01,8.153826e+01,8.216022e+01,8.267342e+01,8.351224e+01,8.367562e+01,8.421265e+01,8.469062e+01,8.530984e+01,8.566125e+01,8.607816e+01,8.675804e+01,8.715333e+01,8.754765e+01,8.789425e+01,8.821210e+01,8.860388e+01,8.901333e+01,8.901333e+01,8.942175e+01,8.959781e+01,8.966262e+01,8.983842e+01,8.994936e+01,8.994936e+01,9.032783e+01,9.026327e+01,9.021714e+01,9.021714e+01,9.021714e+01,9.021714e+01,9.021714e+01,9.021714e+01,9.021714e+01,9.021714e+01,9.021714e+01,9.021714e+01,9.021714e+01,9.021714e+01,9.021714e+01,9.021714e+01,9.021714e+01,9.021714e+01,9.059500e+01,9.047529e+01,9.047529e+01,9.009715e+01,9.021714e+01,9.021714e+01,9.021714e+01,9.021714e+01,9.021714e+01,8.983842e+01,8.995860e+01,8.995860e+01,8.995860e+01,8.995860e+01,8.995860e+01,8.995860e+01,8.995860e+01,8.995860e+01,8.995860e+01,8.995860e+01,8.995860e+01,8.995860e+01,8.957928e+01,8.962559e+01,8.962559e+01,8.962559e+01,8.962559e+01,8.962559e+01,8.962559e+01,8.962559e+01,8.962559e+01,8.962559e+01,8.962559e+01,8.962559e+01,8.924551e+01,8.929191e+01,8.938467e+01,8.938467e+01,8.938467e+01,8.938467e+01,8.938467e+01,8.938467e+01,8.938467e+01,8.938467e+01,8.892036e+01,8.930119e+01,8.905979e+01,8.905979e+01,8.905979e+01,8.867841e+01,8.870634e+01,8.870634e+01,8.870634e+01,8.870634e+01,8.833347e+01,8.833347e+01,8.833347e+01,8.833347e+01,8.833347e+01,8.805325e+01,8.789425e+01,8.789425e+01,8.789425e+01,8.780065e+01,8.755703e+01,8.755703e+01,8.755703e+01,8.717213e+01,8.714393e+01,8.714393e+01,8.714393e+01,8.675804e+01,8.671092e+01,8.657890e+01,8.657890e+01,8.657890e+01,8.640901e+01,8.596456e+01,8.605923e+01,8.605923e+01,8.605923e+01,8.567074e+01,8.589826e+01,8.568023e+01,8.529082e+01,8.529082e+01,8.529082e+01,8.529082e+01,8.490047e+01,8.488140e+01,8.488140e+01,8.488140e+01,8.488140e+01,8.474788e+01,8.449960e+01,8.449960e+01,8.449960e+01,8.449960e+01,8.449960e+01,8.449960e+01,8.449960e+01,8.410731e+01,8.409773e+01,8.409773e+01,8.409773e+01,8.409773e+01,8.409773e+01,8.409773e+01,8.409773e+01,8.409773e+01,8.409773e+01,8.409773e+01,8.409773e+01,8.409773e+01,8.370444e+01,8.382925e+01,8.382925e+01,8.382925e+01,8.382925e+01,8.382925e+01,8.382925e+01,8.382925e+01,8.382925e+01,8.382925e+01,8.382925e+01,8.382925e+01,8.382925e+01,8.422223e+01,8.409773e+01,8.427966e+01,8.427009e+01,8.417435e+01,8.417435e+01,8.456648e+01,8.444225e+01,8.444225e+01,8.444225e+01,8.444225e+01,8.444225e+01,8.471925e+01,8.471925e+01,8.471925e+01,8.509100e+01,8.509100e+01,8.509100e+01,8.509100e+01,8.509100e+01,8.509100e+01,8.509100e+01,8.509100e+01,8.509100e+01,8.509100e+01,8.509100e+01,8.509100e+01,8.509100e+01,8.509100e+01,8.509100e+01,8.509100e+01,8.509100e+01,8.509100e+01,8.509100e+01,8.509100e+01,8.509100e+01,8.479558e+01,8.479558e+01,8.479558e+01,8.479558e+01,8.479558e+01,8.458559e+01,8.433706e+01,8.433706e+01,8.433706e+01,8.394437e+01,8.397313e+01,8.397313e+01,8.371404e+01,8.371404e+01,8.331980e+01,8.315604e+01,8.295352e+01,8.264442e+01,8.233471e+01,8.208261e+01,8.168426e+01,8.136288e+01,8.087469e+01,8.049284e+01,7.989368e+01,7.957843e+01,7.929218e+01,7.852953e+01,7.829104e+01,7.745336e+01,7.696256e+01,7.653055e+01,7.616790e+01,7.540956e+01,7.489167e+01,7.415745e+01,7.367618e+01,7.328592e+01,7.238849e+01,7.179751e+01,7.128754e+01,7.080715e+01,6.997837e+01,6.951468e+01,6.886933e+01,6.814645e+01,6.726977e+01,6.678633e+01,6.618236e+01,6.559747e+01,6.472638e+01,6.424492e+01,6.381675e+01,6.295635e+01,6.224628e+01,6.158835e+01,6.116289e+01,6.024013e+01,5.975367e+01,5.877534e+01,5.831780e+01,5.744405e+01,5.686598e+01,5.598234e+01,5.559675e+01,5.453918e+01,5.407816e+01,5.357978e+01,5.275670e+01,5.181969e+01,5.114259e+01,5.066883e+01,4.972805e+01,4.927340e+01,4.848294e+01,4.793649e+01,4.731250e+01,4.676068e+01,4.606729e+01,4.564930e+01,4.506417e+01,4.451455e+01,4.394947e+01,4.339457e+01,4.295393e+01,4.251160e+01,4.208064e+01,4.154295e+01,4.117429e+01,4.073826e+01,4.032712e+01,3.999446e+01,3.967419e+01,3.916521e+01,3.851897e+01,3.869437e+01,3.819444e+01,3.792327e+01,3.750165e+01,3.714679e+01,3.669473e+01,3.651613e+01,3.625458e+01,3.607527e+01,3.607527e+01,3.607527e+01,3.607527e+01,3.607527e+01,3.607527e+01,3.663980e+01,3.657112e+01,3.685933e+01,3.699631e+01,3.699631e+01,3.699631e+01,3.755614e+01,3.761061e+01,3.761061e+01,3.761061e+01,3.816735e+01,3.809961e+01,3.809961e+01,3.809961e+01,3.843793e+01,3.843793e+01,3.843793e+01,3.843793e+01,3.843793e+01,3.843793e+01,3.843793e+01,3.843793e+01,3.899056e+01,3.864043e+01,3.834330e+01,3.855947e+01,3.869437e+01,3.869437e+01,3.869437e+01,3.869437e+01,3.924573e+01,3.913836e+01,3.913836e+01,3.913836e+01,3.968755e+01,3.966082e+01,3.974099e+01,3.974099e+01,3.974099e+01,4.028725e+01,4.026067e+01,4.027396e+01,4.027396e+01,4.027396e+01,4.027396e+01,4.027396e+01,4.087056e+01,4.087056e+01,4.087056e+01,4.087056e+01,4.087056e+01,4.087056e+01,4.137194e+01,4.116110e+01,4.116110e+01,4.116110e+01,4.116110e+01,4.116110e+01,4.116110e+01,4.116110e+01,4.116110e+01,4.109513e+01,4.075150e+01,4.075150e+01,4.075150e+01,4.075150e+01,4.075150e+01,4.020747e+01,4.055276e+01,4.055276e+01,4.055276e+01,4.055276e+01,4.055276e+01,4.055276e+01,4.024737e+01,4.024737e+01,4.024737e+01,4.024737e+01,4.024737e+01,4.024737e+01,4.024737e+01,3.970091e+01,3.983444e+01,3.983444e+01,3.983444e+01,3.983444e+01,3.983444e+01,3.983444e+01,3.983444e+01,3.983444e+01,3.983444e+01,3.983444e+01,3.983444e+01,3.928597e+01,3.937980e+01,3.944677e+01,3.944677e+01,3.944677e+01,3.944677e+01,3.944677e+01,3.944677e+01,3.944677e+01,3.944677e+01,3.944677e+01,3.889640e+01,3.893676e+01,3.893676e+01,3.893676e+01,3.893676e+01,3.893676e+01,3.893676e+01,3.893676e+01,3.893676e+01,3.893676e+01,3.893676e+01,3.893676e+01,3.893676e+01,3.893676e+01,3.893676e+01,3.893676e+01,3.893676e+01,3.893676e+01,3.857297e+01,3.857297e+01,3.857297e+01,3.857297e+01,3.857297e+01,3.857297e+01,3.857297e+01,3.857297e+01,3.857297e+01,3.857297e+01,3.857297e+01,3.857297e+01,3.857297e+01,3.857297e+01,3.857297e+01,3.801826e+01,3.819444e+01,3.819444e+01,3.819444e+01,3.819444e+01,3.819444e+01,3.819444e+01,3.819444e+01,3.819444e+01,3.819444e+01,3.819444e+01,3.819444e+01,3.819444e+01,3.819444e+01,3.819444e+01,3.819444e+01,3.819444e+01,3.819444e+01,3.819444e+01,3.819444e+01,3.819444e+01,3.819444e+01,3.763783e+01,3.781462e+01,3.781462e+01,3.781462e+01,3.781462e+01
3.588183e+01,3.588183e+01,3.588183e+01,3.588183e+01,3.588183e+01,3.644736e+01,3.644736e+01,3.588183e+01,3.606146e+01,3.662607e+01,3.659860e+01,3.670845e+01,3.670845e+01,3.670845e+01,3.726975e+01,3.726975e+01,3.726975e+01,3.726975e+01,3.782821e+01,3.769226e+01,3.769226e+01,3.824860e+01,3.818090e+01,3.818090e+01,3.818090e+01,3.818090e+01,3.818090e+01,3.818090e+01,3.818090e+01,3.818090e+01,3.873480e+01,3.873480e+01,3.873480e+01,3.873480e+01,3.873480e+01,3.873480e+01,3.928597e+01,3.928597e+01,3.928597e+01,3.995448e+01,3.995448e+01,3.995448e+01,4.039353e+01,4.114791e+01,4.101593e+01,4.101593e+01,4.155610e+01,4.147721e+01,4.147721e+01,4.147721e+01,4.147721e+01,4.147721e+01,4.147721e+01,4.147721e+01,4.147721e+01,4.147721e+01,4.147721e+01,4.147721e+01,4.147721e+01,4.147721e+01,4.147721e+01,4.147721e+01,4.147721e+01,4.147721e+01,4.147721e+01,4.147721e+01,4.147721e+01,4.147721e+01,4.093666e+01,4.093666e+01,4.093666e+01,4.093666e+01,4.093666e+01,4.093666e+01,4.093666e+01,4.093666e+01,4.093666e+01,4.039353e+01,4.039353e+01,4.039353e+01,4.039353e+01,4.039353e+01,3.984778e+01,3.984778e+01,3.984778e+01,3.984778e+01,3.984778e+01,3.984778e+01,3.984778e+01,3.984778e+01,3.984778e+01,3.984778e+01,4.049971e+01,4.092345e+01,4.131926e+01,4.185801e+01,4.225061e+01,4.266791e+01,4.318742e+01,4.347216e+01,4.394947e+01,4.438637e+01,4.496211e+01,4.539525e+01,4.590280e+01,4.609257e+01,4.698673e+01,4.738755e+01,4.806091e+01,4.834657e+01,4.859442e+01,4.948251e+01,4.993638e+01,5.093630e+01,5.139693e+01,5.189202e+01,5.234913e+01,5.313909e+01,5.379361e+01,5.460996e+01,5.522173e+01,5.569033e+01,5.643654e+01,5.714378e+01,5.754782e+01,5.834072e+01,5.872966e+01,5.914022e+01,5.975367e+01,6.017236e+01,6.082603e+01,6.134220e+01,6.225740e+01,6.272377e+01,6.356361e+01,6.413526e+01,6.461710e+01,6.546716e+01,6.643073e+01,6.695841e+01,6.769810e+01,6.812513e+01,6.895413e+01,6.984153e+01,7.025166e+01,7.096397e+01,7.172477e+01,7.226427e+01,7.299770e+01,7.354279e+01,7.412677e+01,7.474919e+01,7.552103e+01,7.626873e+01,7.705283e+01,7.750335e+01,7.809201e+01,7.896580e+01,7.931194e+01,8.012969e+01,8.050264e+01,8.124586e+01,8.158694e+01,8.220871e+01,8.272176e+01,8.337756e+01,8.371404e+01,8.426051e+01,8.473833e+01,8.535737e+01,8.570868e+01,8.612546e+01,8.641846e+01,8.709692e+01,8.752890e+01,8.791296e+01,8.824945e+01,8.864115e+01,8.888316e+01,8.905050e+01,8.929191e+01,8.959781e+01,8.959781e+01,8.983842e+01,8.983842e+01,8.983842e+01,9.032783e+01,9.032783e+01,9.032783e+01,9.032783e+01,9.032783e+01,9.032783e+01,9.032783e+01,9.032783e+01,9.032783e+01,9.032783e+01,9.032783e+01,9.032783e+01,9.032783e+01,9.032783e+01,9.032783e+01,9.032783e+01,9.032783e+01,9.032783e+01,9.032783e+01,9.032783e+01,9.032783e+01,9.032783e+01,9.032783e+01,9.032783e+01,9.032783e+01,9.032783e+01,8.994936e+01,8.994936e+01,8.994936e+01,8.994936e+01,8.994936e+01,8.994936e+01,8.994936e+01,8.994936e+01,8.994936e+01,8.994936e+01,8.994936e+01,8.994936e+01,8.994936e+01,8.994936e+01,8.957928e+01,8.957928e+01,8.957928e+01,8.957928e+01,8.957928e+01,8.957928e+01,8.957928e+01,8.957928e+01,8.957928e+01,8.957928e+01,8.957928e+01,8.957928e+01,8.957928e+01,8.957928e+01,8.957928e+01,8.957928e+01,8.938467e+01,8.938467e+01,8.938467e+01,8.938467e+01,8.938467e+01,8.938467e+01,8.930119e+01,8.885526e+01,8.894826e+01,8.894826e+01,8.894826e+01,8.894826e+01,8.894826e+01,8.894826e+01,8.870634e+01,8.853865e+01,8.846407e+01,8.846407e+01,8.846407e+01,8.846407e+01,8.808130e+01,8.808130e+01,8.808130e+01,8.808130e+01,8.769762e+01,8.769762e+01,8.760391e+01,8.760391e+01,8.760391e+01,8.755703e+01,8.728487e+01,8.728487e+01,8.689932e+01,8.687108e+01,8.687108e+01,8.657890e+01,8.657890e+01,8.657890e+01,8.619167e+01,8.646566e+01,8.622003e+01,8.622003e+01,8.583193e+01,8.577506e+01,8.579402e+01,8.556635e+01,8.542390e+01,8.542390e+01,8.542390e+01,8.542390e+01,8.529082e+01,8.502434e+01,8.502434e+01,8.502434e+01,8.463334e+01,8.463334e+01,8.454738e+01,8.454738e+01,8.454738e+01,8.454738e+01,8.454738e+01,8.454738e+01,8.415520e+01,8.420308e+01,8.420308e+01,8.420308e+01,8.420308e+01,8.420308e+01,8.420308e+01,8.420308e+01,8.420308e+01,8.420308e+01,8.420308e+01,8.420308e+01,8.420308e+01,8.381005e+01,8.382925e+01,8.422223e+01,8.397313e+01,8.397313e+01,8.397313e+01,8.397313e+01,8.397313e+01,8.397313e+01,8.397313e+01,8.397313e+01,8.397313e+01,8.397313e+01,8.397313e+01,8.397313e+01,8.397313e+01,8.427966e+01,8.427966e+01,8.427966e+01,8.427966e+01,8.427966e+01,8.427966e+01,8.427966e+01,8.467152e+01,8.454738e+01,8.470016e+01,8.469062e+01,8.469062e+01,8.508148e+01,8.499577e+01,8.499577e+01,8.499577e+01,8.499577e+01,8.538589e+01,8.526229e+01,8.526229e+01,8.526229e+01,8.526229e+01,8.526229e+01,8.526229e+01,8.526229e+01,8.526229e+01,8.526229e+01,8.526229e+01,8.526229e+01,8.487186e+01,8.499577e+01,8.499577e+01,8.499577e+01,8.499577e+01,8.499577e+01,8.499577e+01,8.499577e+01,8.479558e+01,8.464288e+01,8.455693e+01,8.438489e+01,8.438489e+01,8.399231e+01,8.404024e+01,8.404024e+01,8.404024e+01,8.371404e+01,8.354108e+01,8.345453e+01,8.313677e+01,8.292457e+01,8.261541e+01,8.230564e+01,8.196613e+01,8.164534e+01,8.172317e+01,8.094314e+01,8.052225e+01,7.994288e+01,7.959815e+01,7.919335e+01,7.854939e+01,7.819155e+01,7.782291e+01,7.703278e+01,7.657079e+01,7.617799e+01,7.538928e+01,7.486115e+01,7.412677e+01,7.364541e+01,7.325507e+01,7.235744e+01,7.176634e+01,7.125626e+01,7.077576e+01,6.994680e+01,6.948301e+01,6.883752e+01,6.811447e+01,6.767671e+01,6.687240e+01,6.624720e+01,6.564088e+01,6.519527e+01,6.438734e+01,6.394864e+01,6.307802e+01,6.235748e+01,6.168892e+01,6.125257e+01,6.031915e+01,5.982166e+01,5.883242e+01,5.836363e+01,5.747865e+01,5.688915e+01,5.599400e+01,5.559675e+01,5.452738e+01,5.406631e+01,5.356789e+01,5.274473e+01,5.180764e+01,5.113046e+01,5.065665e+01,4.971579e+01,4.926109e+01,4.847055e+01,4.792405e+01,4.729998e+01,4.674810e+01,4.605464e+01,4.563661e+01,4.505142e+01,4.450174e+01,4.393660e+01,4.338164e+01,4.294094e+01,4.249856e+01,4.206756e+01,4.156924e+01,4.104234e+01,4.076473e+01,4.031383e+01,3.995448e+01,3.951371e+01,3.915179e+01,3.870784e+01,3.846495e+01,3.838387e+01,3.789612e+01,3.746076e+01,3.698262e+01,3.688674e+01,3.651613e+01,3.651613e+01,3.607527e+01,3.607527e+01,3.607527e+01,3.607527e+01,3.607527e+01,3.607527e+01,3.663980e+01,3.679078e+01,3.679078e+01,3.679078e+01,3.735165e+01,3.732436e+01,3.737894e+01,3.737894e+01,3.793685e+01,3.790970e+01,3.799113e+01,3.799113e+01,3.799113e+01,3.799113e+01,3.843793e+01,3.843793e+01,3.843793e+01,3.843793e+01,3.843793e+01,3.899056e+01,3.864043e+01,3.888294e+01,3.888294e+01,3.859996e+01,3.896367e+01,3.861345e+01,3.916521e+01,3.881563e+01,3.881563e+01,3.881563e+01,3.924573e+01,3.924573e+01,3.924573e+01,3.924573e+01,3.968755e+01,3.968755e+01,3.968755e+01,3.968755e+01,4.023407e+01,4.015426e+01,4.015426e+01,4.015426e+01,4.015426e+01,4.069854e+01,4.052624e+01,4.076473e+01,4.073826e+01,4.073826e+01,4.073826e+01,4.127974e+01,4.110833e+01,4.134560e+01,4.124021e+01,4.124021e+01,4.124021e+01,4.124021e+01,4.124021e+01,4.124021e+01,4.124021e+01,4.124021e+01,4.124021e+01,4.124021e+01,4.075150e+01,4.075150e+01,4.075150e+01,4.075150e+01,4.075150e+01,4.075150e+01,4.075150e+01,4.020747e+01,4.038025e+01,4.038025e+01,4.038025e+01,4.038025e+01,4.038025e+01,4.038025e+01,4.038025e+01,3.983444e+01,4.000779e+01,4.055276e+01,4.018087e+01,3.988781e+01,3.988781e+01,3.988781e+01,3.988781e+01,3.988781e+01,3.988781e+01,3.988781e+01,3.988781e+01,3.988781e+01,3.988781e+01,3.988781e+01,3.988781e+01,3.928597e+01,3.928597e+01,3.928597e+01,3.928597e+01,3.928597e+01,3.928597e+01,3.928597e+01,3.928597e+01,3.928597e+01,3.928597e+01,3.928597e+01,3.928597e+01,3.928597e+01,3.928597e+01,3.928597e+01,3.893676e+01,3.893676e+01,3.893676e+01,3.893676e+01,3.893676e+01,3.893676e+01,3.893676e+01,3.893676e+01,3.893676e+01,3.893676e+01,3.893676e+01,3.893676e+01,3.893676e+01,3.893676e+01,3.893676e+01,3.857297e+01,3.857297e+01,3.857297e+01,3.857297e+01,3.857297e+01,3.857297e+01,3.857297e+01,3.857297e+01,3.857297e+01,3.857297e+01,3.857297e+01,3.857297e+01,3.857297e+01,3.857297e+01,3.857297e+01,3.857297e+01,3.857297e+01,3.819444e+01,3.819444e+01,3.819444e+01,3.819444e+01,3.819444e+01,3.819444e+01,3.819444e+01,3.819444e+01,3.819444e+01,3.819444e+01,3.819444e+01,3.819444e+01,3.819444e+01,3.819444e+01,3.819444e+01,3.819444e+01,3.819444e+01,3.819444e+01,3.819444e+01,3.819444e+01,3.781462e+01,3.781462e+01,3.781462e+01,3.781462e+01
3.588183e+01,3.588183e+01,3.588183e+01,3.588183e+01,3.588183e+01,3.644736e+01,3.619944e+01,3.663980e+01,3.654363e+01,3.648863e+01,3.648863e+01,3.648863e+01,3.648863e+01,3.705105e+01,3.709209e+01,3.709209e+01,3.709209e+01,3.765144e+01,3.765144e+01,3.765144e+01,3.765144e+01,3.824860e+01,3.824860e+01,3.769226e+01,3.804538e+01,3.804538e+01,3.804538e+01,3.804538e+01,3.859996e+01,3.857297e+01,3.855947e+01,3.855947e+01,3.855947e+01,3.855947e+01,3.911150e+01,3.908464e+01,3.911150e+01,3.911150e+01,3.966082e+01,3.978105e+01,3.978105e+01,4.032712e+01,4.048645e+01,4.094987e+01,4.094987e+01,4.094987e+01,4.155610e+01,4.155610e+01,4.155610e+01,4.155610e+01,4.155610e+01,4.155610e+01,4.155610e+01,4.155610e+01,4.155610e+01,4.155610e+01,4.155610e+01,4.155610e+01,4.155610e+01,4.155610e+01,4.155610e+01,4.155610e+01,4.155610e+01,4.155610e+01,4.155610e+01,4.155610e+01,4.155610e+01,4.101593e+01,4.106874e+01,4.106874e+01,4.106874e+01,4.106874e+01,4.106874e+01,4.106874e+01,4.052624e+01,4.069854e+01,4.045991e+01,4.052624e+01,4.052624e+01,4.052624e+01,3.998114e+01,4.000779e+01,4.002111e+01,4.002111e+01,4.002111e+01,3.947355e+01,3.964746e+01,3.964746e+01,3.964746e+01,3.964746e+01,4.019417e+01,4.016756e+01,4.051298e+01,4.096309e+01,4.147721e+01,4.183178e+01,4.226367e+01,4.282401e+01,4.316150e+01,4.360136e+01,4.396235e+01,4.439919e+01,4.497487e+01,4.540797e+01,4.623154e+01,4.620629e+01,4.696163e+01,4.751253e+01,4.803603e+01,4.824728e+01,4.871815e+01,4.949480e+01,4.994862e+01,5.094844e+01,5.140903e+01,5.190408e+01,5.285241e+01,5.327027e+01,5.381735e+01,5.463354e+01,5.524520e+01,5.571371e+01,5.645979e+01,5.716690e+01,5.757087e+01,5.836363e+01,5.875250e+01,5.916299e+01,5.977634e+01,6.065729e+01,6.094965e+01,6.183406e+01,6.237970e+01,6.276810e+01,6.360767e+01,6.417914e+01,6.510816e+01,6.558661e+01,6.604178e+01,6.689391e+01,6.767671e+01,6.814645e+01,6.899652e+01,6.945133e+01,7.017814e+01,7.093262e+01,7.173516e+01,7.230569e+01,7.303890e+01,7.358385e+01,7.416766e+01,7.478991e+01,7.556154e+01,7.630904e+01,7.709293e+01,7.754333e+01,7.813184e+01,7.900539e+01,7.935145e+01,8.016899e+01,8.054185e+01,8.128488e+01,8.162588e+01,8.224749e+01,8.276041e+01,8.341605e+01,8.414562e+01,8.436576e+01,8.478604e+01,8.540489e+01,8.575610e+01,8.610654e+01,8.651286e+01,8.714393e+01,8.757578e+01,8.795974e+01,8.829613e+01,8.862252e+01,8.880873e+01,8.912482e+01,8.940321e+01,8.946810e+01,8.961633e+01,8.978293e+01,8.978293e+01,9.016177e+01,9.023560e+01,9.023560e+01,9.023560e+01,9.023560e+01,9.023560e+01,9.023560e+01,9.023560e+01,9.023560e+01,9.023560e+01,9.023560e+01,9.023560e+01,9.061341e+01,9.049371e+01,9.049371e+01,9.049371e+01,9.049371e+01,9.049371e+01,9.049371e+01,9.049371e+01,9.049371e+01,9.049371e+01,9.011562e+01,9.023560e+01,9.023560e+01,9.023560e+01,9.023560e+01,9.023560e+01,9.023560e+01,9.023560e+01,9.023560e+01,9.023560e+01,8.994936e+01,8.994936e+01,8.994936e+01,8.994936e+01,8.994936e+01,8.994936e+01,8.994936e+01,8.994936e+01,8.994936e+01,8.994936e+01,8.994936e+01,8.957928e+01,8.957928e+01,8.957928e+01,8.957928e+01,8.957928e+01,8.957928e+01,8.957928e+01,8.957928e+01,8.957928e+01,8.957928e+01,8.957928e+01,8.919910e+01,8.944029e+01,8.929191e+01,8.931974e+01,8.931974e+01,8.931974e+01,8.931974e+01,8.931974e+01,8.931974e+01,8.931974e+01,8.931974e+01,8.856661e+01,8.880873e+01,8.880873e+01,8.880873e+01,8.880873e+01,8.880873e+01,8.880873e+01,8.853865e+01,8.853865e+01,8.853865e+01,8.853865e+01,8.853865e+01,8.846407e+01,8.822144e+01,8.783810e+01,8.785682e+01,8.781937e+01,8.781937e+01,8.781937e+01,8.760391e+01,8.760391e+01,8.760391e+01,8.728487e+01,8.711572e+01,8.703108e+01,8.703108e+01,8.664493e+01,8.660720e+01,8.660720e+01,8.660720e+01,8.660720e+01,8.622003e+01,8.624839e+01,8.607816e+01,8.596456e+01,8.596456e+01,8.557584e+01,8.559483e+01,8.559483e+01,8.559483e+01,8.520522e+01,8.532885e+01,8.513860e+01,8.508148e+01,8.508148e+01,8.508148e+01,8.508148e+01,8.463334e+01,8.463334e+01,8.463334e+01,8.463334e+01,8.463334e+01,8.463334e+01,8.463334e+01,8.454738e+01,8.429879e+01,8.429879e+01,8.429879e+01,8.429879e+01,8.429879e+01,8.429879e+01,8.429879e+01,8.429879e+01,8.429879e+01,8.429879e+01,8.390601e+01,8.392519e+01,8.393478e+01,8.410731e+01,8.411689e+01,8.403065e+01,8.403065e+01,8.403065e+01,8.403065e+01,8.403065e+01,8.403065e+01,8.403065e+01,8.403065e+01,8.403065e+01,8.403065e+01,8.403065e+01,8.403065e+01,8.403065e+01,8.427966e+01,8.427966e+01,8.427966e+01,8.427966e+01,8.427966e+01,8.427966e+01,8.427966e+01,8.427966e+01,8.427966e+01,8.470016e+01,8.470016e+01,8.470016e+01,8.470016e+01,8.470016e+01,8.499577e+01,8.499577e+01,8.499577e+01,8.538589e+01,8.538589e+01,8.538589e+01,8.538589e+01,8.538589e+01,8.538589e+01,8.538589e+01,8.538589e+01,8.538589e+01,8.538589e+01,8.538589e+01,8.538589e+01,8.538589e+01,8.499577e+01,8.499577e+01,8.499577e+01,8.499577e+01,8.499577e+01,8.499577e+01,8.499577e+01,8.499577e+01,8.464288e+01,8.464288e+01,8.464288e+01,8.464288e+01,8.438489e+01,8.413605e+01,8.413605e+01,8.374285e+01,8.383884e+01,8.354108e+01,8.328129e+01,8.315604e+01,8.291492e+01,8.258640e+01,8.218932e+01,8.231533e+01,8.193699e+01,8.126537e+01,8.083558e+01,8.048304e+01,7.990352e+01,7.955871e+01,7.915380e+01,7.850967e+01,7.815174e+01,7.778300e+01,7.699266e+01,7.653055e+01,7.613764e+01,7.534872e+01,7.482045e+01,7.408587e+01,7.360437e+01,7.321391e+01,7.231605e+01,7.172477e+01,7.121455e+01,7.073391e+01,6.990470e+01,6.944077e+01,6.879509e+01,6.807182e+01,6.763393e+01,6.682937e+01,6.620398e+01,6.559747e+01,6.515173e+01,6.434354e+01,6.390469e+01,6.303379e+01,6.231301e+01,6.164424e+01,6.120774e+01,6.027400e+01,5.977634e+01,5.878675e+01,5.831780e+01,5.743251e+01,5.684280e+01,5.594733e+01,5.554993e+01,5.448017e+01,5.401893e+01,5.352032e+01,5.269685e+01,5.175939e+01,5.108195e+01,5.060796e+01,4.966671e+01,4.921183e+01,4.842097e+01,4.787424e+01,4.724992e+01,4.669781e+01,4.600405e+01,4.558584e+01,4.500039e+01,4.445048e+01,4.388509e+01,4.332988e+01,4.288898e+01,4.244640e+01,4.201521e+01,4.151666e+01,4.106874e+01,4.117429e+01,4.022078e+01,4.034040e+01,3.992781e+01,3.927256e+01,3.901744e+01,3.859996e+01,3.827567e+01,3.792327e+01,3.733801e+01,3.717413e+01,3.685933e+01,3.659860e+01,3.637855e+01,3.615807e+01,3.615807e+01,3.615807e+01,3.615807e+01,3.672218e+01,3.662607e+01,3.650238e+01,3.650238e+01,3.679078e+01,3.703736e+01,3.716046e+01,3.716046e+01,3.771946e+01,3.769226e+01,3.776026e+01,3.776026e+01,3.776026e+01,3.831625e+01,3.814026e+01,3.838387e+01,3.826213e+01,3.826213e+01,3.881563e+01,3.864043e+01,3.888294e+01,3.888294e+01,3.872132e+01,3.872132e+01,3.872132e+01,3.872132e+01,3.872132e+01,3.872132e+01,3.872132e+01,3.872132e+01,3.872132e+01,3.872132e+01,3.924573e+01,3.924573e+01,3.924573e+01,3.924573e+01,3.968755e+01,3.968755e+01,3.968755e+01,3.968755e+01,3.968755e+01,4.015426e+01,4.015426e+01,4.015426e+01,4.069854e+01,4.056602e+01,4.056602e+01,4.056602e+01,4.056602e+01,4.110833e+01,4.108194e+01,4.110833e+01,4.110833e+01,4.110833e+01,4.110833e+01,4.110833e+01,4.110833e+01,4.110833e+01,4.110833e+01,4.110833e+01,4.110833e+01,4.110833e+01,4.110833e+01,4.110833e+01,4.110833e+01,4.075150e+01,4.075150e+01,4.075150e+01,4.075150e+01,4.075150e+01,4.075150e+01,4.075150e+01,4.075150e+01,4.075150e+01,4.075150e+01,4.038025e+01,4.038025e+01,4.038025e+01,4.038025e+01,4.038025e+01,4.038025e+01,4.038025e+01,4.038025e+01,4.038025e+01,3.988781e+01,3.988781e+01,3.988781e+01,3.988781e+01,3.988781e+01,3.988781e+01,3.988781e+01,3.988781e+01,3.988781e+01,3.988781e+01,3.988781e+01,3.988781e+01,3.928597e+01,3.928597e+01,3.928597e+01,3.928597e+01,3.928597e+01,3.928597e+01,3.928597e+01,3.928597e+01,3.928597e+01,3.928597e+01,3.928597e+01,3.928597e+01,3.928597e+01,3.928597e+01,3.928597e+01,3.893676e+01,3.893676e+01,3.893676e+01,3.893676e+01,3.893676e+01,3.893676e+01,3.893676e+01,3.893676e+01,3.893676e+01,3.893676e+01,3.893676e+01,3.893676e+01,3.893676e+01,3.893676e+01,3.893676e+01,3.857297e+01,3.857297e+01,3.857297e+01,3.857297e+01,3.857297e+01,3.857297e+01,3.857297e+01,3.857297e+01,3.857297e+01,3.857297e+01,3.857297e+01,3.857297e+01,3.857297e+01,3.857297e+01,3.857297e+01,3.857297e+01,3.857297e+01,3.857297e+01,3.819444e+01,3.819444e+01,3.819444e+01,3.819444e+01,3.819444e+01,3.819444e+01,3.819444e+01,3.819444e+01,3.819444e+01,3.819444e+01,3.819444e+01,3.819444e+01,3.819444e+01,3.819444e+01,3.819444e+01,3.819444e+01,3.819444e+01,3.819444e+01,3.819444e+01,3.781462e+01,3.781462e+01,3.781462e+01
3.588183e+01,3.588183e+01,3.588183e+01,3.644736e+01,3.635102e+01,3.630970e+01,3.641985e+01,3.655737e+01,3.655737e+01,3.655737e+01,3.655737e+01,3.655737e+01,3.655737e+01,3.705105e+01,3.705105e+01,3.705105e+01,3.705105e+01,3.705105e+01,3.765144e+01,3.765144e+01,3.765144e+01,3.824860e+01,3.800470e+01,3.803182e+01,3.800470e+01,3.855947e+01,3.820798e+01,3.845144e+01,3.842442e+01,3.842442e+01,3.842442e+01,3.842442e+01,3.897711e+01,3.895021e+01,3.893676e+01,3.893676e+01,3.948694e+01,3.946016e+01,3.948694e+01,3.978105e+01,4.002111e+01,4.068529e+01,4.065880e+01,4.077797e+01,4.077797e+01,4.131926e+01,4.138510e+01,4.138510e+01,4.138510e+01,4.138510e+01,4.138510e+01,4.138510e+01,4.138510e+01,4.138510e+01,4.138510e+01,4.138510e+01,4.138510e+01,4.138510e+01,4.138510e+01,4.138510e+01,4.138510e+01,4.138510e+01,4.138510e+01,4.138510e+01,4.138510e+01,4.138510e+01,4.138510e+01,4.138510e+01,4.138510e+01,4.106874e+01,4.106874e+01,4.106874e+01,4.106874e+01,4.106874e+01,4.052624e+01,4.052624e+01,4.052624e+01,4.052624e+01,4.052624e+01,4.052624e+01,3.998114e+01,3.998114e+01,3.998114e+01,3.998114e+01,3.998114e+01,3.998114e+01,3.964746e+01,3.964746e+01,3.964746e+01,3.964746e+01,4.019417e+01,4.038025e+01,4.065880e+01,4.101593e+01,4.145090e+01,4.194973e+01,4.231591e+01,4.279800e+01,4.327810e+01,4.357553e+01,4.407814e+01,4.445048e+01,4.450174e+01,4.531893e+01,4.597874e+01,4.620629e+01,4.701182e+01,4.704945e+01,4.816034e+01,4.847055e+01,4.875525e+01,4.953165e+01,4.998534e+01,5.048612e+01,5.131221e+01,5.183175e+01,5.280457e+01,5.324643e+01,5.381735e+01,5.465713e+01,5.526867e+01,5.573709e+01,5.648304e+01,5.719001e+01,5.759392e+01,5.791615e+01,5.864968e+01,5.907188e+01,5.969699e+01,6.055594e+01,6.097211e+01,6.184522e+01,6.239082e+01,6.277918e+01,6.361868e+01,6.419010e+01,6.511905e+01,6.559747e+01,6.605260e+01,6.690466e+01,6.768741e+01,6.815710e+01,6.900711e+01,6.946189e+01,7.018864e+01,7.094308e+01,7.174555e+01,7.231605e+01,7.304920e+01,7.359411e+01,7.417789e+01,7.521683e+01,7.567289e+01,7.632919e+01,7.711298e+01,7.756332e+01,7.815174e+01,7.902519e+01,7.937120e+01,8.018864e+01,8.056145e+01,8.130438e+01,8.164534e+01,8.226688e+01,8.277973e+01,8.343529e+01,8.412646e+01,8.445181e+01,8.480511e+01,8.542390e+01,8.577506e+01,8.651286e+01,8.661663e+01,8.717213e+01,8.760391e+01,8.798780e+01,8.832413e+01,8.888316e+01,8.886456e+01,8.910624e+01,8.932902e+01,8.970890e+01,8.996784e+01,9.010638e+01,9.004175e+01,9.004175e+01,9.023560e+01,9.023560e+01,9.023560e+01,9.023560e+01,9.023560e+01,9.023560e+01,9.023560e+01,9.023560e+01,9.061341e+01,9.037392e+01,9.053976e+01,9.052134e+01,9.052134e+01,9.052134e+01,9.052134e+01,9.052134e+01,9.052134e+01,9.052134e+01,9.052134e+01,9.052134e+01,9.052134e+01,9.052134e+01,9.023560e+01,9.023560e+01,9.023560e+01,9.023560e+01,9.023560e+01,9.023560e+01,9.023560e+01,9.023560e+01,8.985692e+01,8.994936e+01,8.994936e+01,8.994936e+01,8.994936e+01,8.994936e+01,8.994936e+01,8.994936e+01,8.994936e+01,8.994936e+01,8.994936e+01,8.994936e+01,8.957928e+01,8.957928e+01,8.957928e+01,8.957928e+01,8.957928e+01,8.957928e+01,8.957928e+01,8.957928e+01,8.957928e+01,8.957928e+01,8.957928e+01,8.957928e+01,8.957928e+01,8.929191e+01,8.929191e+01,8.929191e+01,8.929191e+01,8.929191e+01,8.929191e+01,8.929191e+01,8.929191e+01,8.929191e+01,8.894826e+01,8.923623e+01,8.899474e+01,8.899474e+01,8.899474e+01,8.861320e+01,8.861320e+01,8.856661e+01,8.856661e+01,8.856661e+01,8.856661e+01,8.856661e+01,8.818408e+01,8.802521e+01,8.795974e+01,8.795974e+01,8.795974e+01,8.795974e+01,8.757578e+01,8.760391e+01,8.760391e+01,8.760391e+01,8.760391e+01,8.711572e+01,8.711572e+01,8.711572e+01,8.703108e+01,8.674862e+01,8.674862e+01,8.674862e+01,8.636179e+01,8.634290e+01,8.634290e+01,8.634290e+01,8.596456e+01,8.618221e+01,8.589826e+01,8.565176e+01,8.565176e+01,8.526229e+01,8.530033e+01,8.530033e+01,8.530033e+01,8.530033e+01,8.508148e+01,8.508148e+01,8.508148e+01,8.502434e+01,8.477650e+01,8.477650e+01,8.477650e+01,8.438489e+01,8.450916e+01,8.450916e+01,8.450916e+01,8.450916e+01,8.450916e+01,8.429879e+01,8.429879e+01,8.429879e+01,8.429879e+01,8.429879e+01,8.429879e+01,8.429879e+01,8.429879e+01,8.390601e+01,8.429879e+01,8.404982e+01,8.404982e+01,8.404982e+01,8.404982e+01,8.404982e+01,8.404982e+01,8.404982e+01,8.404982e+01,8.404982e+01,8.404982e+01,8.404982e+01,8.404982e+01,8.404982e+01,8.404982e+01,8.444225e+01,8.439445e+01,8.430836e+01,8.430836e+01,8.430836e+01,8.430836e+01,8.430836e+01,8.430836e+01,8.430836e+01,8.470016e+01,8.463334e+01,8.460469e+01,8.460469e+01,8.460469e+01,8.460469e+01,8.499577e+01,8.496718e+01,8.496718e+01,8.496718e+01,8.499577e+01,8.524327e+01,8.524327e+01,8.524327e+01,8.524327e+01,8.524327e+01,8.524327e+01,8.524327e+01,8.524327e+01,8.524327e+01,8.524327e+01,8.524327e+01,8.485280e+01,8.494812e+01,8.494812e+01,8.494812e+01,8.494812e+01,8.494812e+01,8.455693e+01,8.480511e+01,8.463334e+01,8.433706e+01,8.446137e+01,8.446137e+01,8.446137e+01,8.406898e+01,8.415520e+01,8.398272e+01,8.386763e+01,8.371404e+01,8.351224e+01,8.333906e+01,8.305964e+01,8.320422e+01,8.272176e+01,8.245092e+01,8.216992e+01,8.190785e+01,8.123611e+01,8.080623e+01,8.045362e+01,7.987399e+01,7.952911e+01,7.912413e+01,7.888657e+01,7.823135e+01,7.742336e+01,7.688229e+01,7.649030e+01,7.609729e+01,7.530815e+01,7.477973e+01,7.446381e+01,7.367618e+01,7.325507e+01,7.232639e+01,7.170398e+01,7.118324e+01,7.070251e+01,6.987312e+01,6.940909e+01,6.876326e+01,6.803983e+01,6.760184e+01,6.679709e+01,6.617155e+01,6.556490e+01,6.511905e+01,6.431068e+01,6.387172e+01,6.300061e+01,6.227965e+01,6.206818e+01,6.083728e+01,6.014976e+01,5.975367e+01,5.876392e+01,5.829488e+01,5.740944e+01,5.681963e+01,5.592399e+01,5.552652e+01,5.445656e+01,5.399523e+01,5.349652e+01,5.267290e+01,5.173526e+01,5.105769e+01,5.058360e+01,4.964217e+01,4.918720e+01,4.839618e+01,4.784933e+01,4.722488e+01,4.667265e+01,4.597874e+01,4.556044e+01,4.497487e+01,4.442484e+01,4.385932e+01,4.383355e+01,4.299288e+01,4.252463e+01,4.206756e+01,4.154295e+01,4.126657e+01,4.102913e+01,4.039353e+01,4.018087e+01,3.979440e+01,3.944677e+01,3.897711e+01,3.855947e+01,3.823506e+01,3.778744e+01,3.751528e+01,3.713311e+01,3.694154e+01,3.659860e+01,3.659860e+01,3.659860e+01,3.615807e+01,3.615807e+01,3.615807e+01,3.615807e+01,3.662607e+01,3.662607e+01,3.662607e+01,3.718779e+01,3.700999e+01,3.700999e+01,3.756976e+01,3.754252e+01,3.754252e+01,3.754252e+01,3.754252e+01,3.809961e+01,3.814026e+01,3.814026e+01,3.814026e+01,3.869437e+01,3.866740e+01,3.864043e+01,3.864043e+01,3.864043e+01,3.864043e+01,3.864043e+01,3.864043e+01,3.864043e+01,3.864043e+01,3.864043e+01,3.864043e+01,3.864043e+01,3.864043e+01,3.919206e+01,3.909807e+01,3.907120e+01,3.907120e+01,3.907120e+01,3.962072e+01,3.951371e+01,3.951371e+01,3.951371e+01,3.951371e+01,3.951371e+01,4.015426e+01,4.015426e+01,4.015426e+01,4.069854e+01,4.069854e+01,4.069854e+01,4.069854e+01,4.069854e+01,4.069854e+01,4.069854e+01,4.110833e+01,4.110833e+01,4.110833e+01,4.110833e+01,4.110833e+01,4.110833e+01,4.110833e+01,4.110833e+01,4.110833e+01,4.110833e+01,4.110833e+01,4.110833e+01,4.110833e+01,4.110833e+01,4.075150e+01,4.075150e+01,4.075150e+01,4.075150e+01,4.075150e+01,4.075150e+01,4.075150e+01,4.075150e+01,4.075150e+01,4.075150e+01,4.038025e+01,4.038025e+01,4.038025e+01,4.038025e+01,4.038025e+01,4.038025e+01,4.038025e+01,4.038025e+01,4.038025e+01,3.988781e+01,3.988781e+01,3.988781e+01,3.988781e+01,3.988781e+01,3.988781e+01,3.988781e+01,3.988781e+01,3.988781e+01,3.988781e+01,3.988781e+01,3.988781e+01,3.983444e+01,3.948694e+01,3.948694e+01,3.948694e+01,3.948694e+01,3.948694e+01,3.948694e+01,3.948694e+01,3.948694e+01,3.948694e+01,3.948694e+01,3.948694e+01,3.893676e+01,3.911150e+01,3.889640e+01,3.893676e+01,3.893676e+01,3.893676e+01,3.893676e+01,3.893676e+01,3.893676e+01,3.893676e+01,3.893676e+01,3.893676e+01,3.893676e+01,3.893676e+01,3.893676e+01,3.893676e+01,3.893676e+01,3.893676e+01,3.893676e+01,3.857297e+01,3.857297e+01,3.857297e+01,3.857297e+01,3.857297e+01,3.857297e+01,3.857297e+01,3.857297e+01,3.857297e+01,3.857297e+01,3.857297e+01,3.857297e+01,3.857297e+01,3.857297e+01,3.857297e+01,3.857297e+01,3.857297e+01,3.857297e+01,3.857297e+01,3.857297e+01,3.857297e+01,3.819444e+01,3.819444e+01,3.819444e+01,3.819444e+01,3.819444e+01,3.819444e+01,3.819444e+01,3.819444e+01,3.819444e+01,3.819444e+01,3.819444e+01,3.819444e+01,3.819444e+01,3.819444e+01,3.763783e+01,3.776026e+01,3.776026e+01,3.776026e+01
3.588183e+01,3.588183e+01,3.588183e+01,3.644736e+01,3.644736e+01,3.644736e+01,3.644736e+01,3.644736e+01,3.644736e+01,3.644736e+01,3.644736e+01,3.644736e+01,3.700999e+01,3.692784e+01,3.692784e+01,3.692784e+01,3.748802e+01,3.746076e+01,3.747440e+01,3.747440e+01,3.803182e+01,3.807250e+01,3.807250e+01,3.807250e+01,3.807250e+01,3.807250e+01,3.807250e+01,3.845144e+01,3.845144e+01,3.845144e+01,3.845144e+01,3.845144e+01,3.897711e+01,3.897711e+01,3.897711e+01,3.897711e+01,3.897711e+01,3.946016e+01,3.970091e+01,4.024737e+01,4.015426e+01,4.051298e+01,4.051298e+01,4.105554e+01,4.102913e+01,4.114791e+01,4.114791e+01,4.114791e+01,4.114791e+01,4.114791e+01,4.168746e+01,4.151666e+01,4.151666e+01,4.151666e+01,4.151666e+01,4.151666e+01,4.151666e+01,4.151666e+01,4.151666e+01,4.151666e+01,4.151666e+01,4.151666e+01,4.151666e+01,4.151666e+01,4.151666e+01,4.151666e+01,4.151666e+01,4.097630e+01,4.097630e+01,4.101593e+01,4.101593e+01,4.101593e+01,4.101593e+01,4.101593e+01,4.052624e+01,4.052624e+01,4.052624e+01,4.052624e+01,4.052624e+01,3.998114e+01,4.010102e+01,4.010102e+01,4.010102e+01,3.955385e+01,3.972763e+01,3.951371e+01,3.963409e+01,3.963409e+01,3.963409e+01,3.963409e+01,4.019417e+01,4.059254e+01,4.069854e+01,4.114791e+01,4.147721e+01,4.192353e+01,4.242032e+01,4.282401e+01,4.325219e+01,4.367881e+01,4.405242e+01,4.436071e+01,4.464260e+01,4.534438e+01,4.581414e+01,4.626942e+01,4.684864e+01,4.711213e+01,4.813549e+01,4.848294e+01,4.887882e+01,4.955622e+01,5.000982e+01,5.051050e+01,5.133643e+01,5.185587e+01,5.282849e+01,5.327027e+01,5.384108e+01,5.468070e+01,5.529213e+01,5.576047e+01,5.650628e+01,5.721313e+01,5.757087e+01,5.847812e+01,5.877534e+01,5.909467e+01,5.971967e+01,6.057847e+01,6.099457e+01,6.186753e+01,6.241304e+01,6.280134e+01,6.364070e+01,6.421203e+01,6.514083e+01,6.561917e+01,6.651702e+01,6.702289e+01,6.771948e+01,6.818907e+01,6.903889e+01,6.949357e+01,7.022015e+01,7.097443e+01,7.177673e+01,7.234710e+01,7.308010e+01,7.362489e+01,7.430050e+01,7.512545e+01,7.561216e+01,7.629896e+01,7.711298e+01,7.759329e+01,7.818160e+01,7.905488e+01,7.940083e+01,8.021810e+01,8.059084e+01,8.133364e+01,8.167453e+01,8.229595e+01,8.280871e+01,8.346415e+01,8.415520e+01,8.448049e+01,8.483372e+01,8.545239e+01,8.619167e+01,8.642789e+01,8.670149e+01,8.720972e+01,8.764140e+01,8.802521e+01,8.836146e+01,8.876220e+01,8.891106e+01,8.913410e+01,8.943102e+01,8.969039e+01,8.990314e+01,8.990314e+01,8.990314e+01,9.028172e+01,9.025404e+01,9.025404e+01,9.025404e+01,9.025404e+01,9.025404e+01,9.025404e+01,9.063182e+01,9.056738e+01,9.053976e+01,9.042001e+01,9.042001e+01,9.042001e+01,9.042001e+01,9.042001e+01,9.042001e+01,9.042001e+01,9.042001e+01,9.042001e+01,9.042001e+01,9.042001e+01,9.042001e+01,9.042001e+01,9.042001e+01,9.042001e+01,9.042001e+01,9.042001e+01,9.004175e+01,9.016177e+01,9.016177e+01,9.016177e+01,9.016177e+01,9.016177e+01,9.016177e+01,9.016177e+01,9.016177e+01,9.016177e+01,9.016177e+01,9.016177e+01,8.994936e+01,8.994936e+01,8.994936e+01,8.994936e+01,8.994936e+01,8.994936e+01,8.994936e+01,8.994936e+01,8.957928e+01,8.957928e+01,8.957928e+01,8.957928e+01,8.957928e+01,8.957928e+01,8.957928e+01,8.957928e+01,8.957928e+01,8.957928e+01,8.957928e+01,8.929191e+01,8.929191e+01,8.929191e+01,8.929191e+01,8.929191e+01,8.929191e+01,8.929191e+01,8.929191e+01,8.891106e+01,8.899474e+01,8.899474e+01,8.899474e+01,8.899474e+01,8.861320e+01,8.861320e+01,8.861320e+01,8.861320e+01,8.861320e+01,8.861320e+01,8.818408e+01,8.818408e+01,8.818408e+01,8.818408e+01,8.818408e+01,8.818408e+01,8.795974e+01,8.771636e+01,8.771636e+01,8.733183e+01,8.735061e+01,8.723791e+01,8.723791e+01,8.723791e+01,8.723791e+01,8.674862e+01,8.674862e+01,8.674862e+01,8.636179e+01,8.636179e+01,8.636179e+01,8.636179e+01,8.636179e+01,8.597403e+01,8.585088e+01,8.569920e+01,8.552837e+01,8.538589e+01,8.538589e+01,8.538589e+01,8.538589e+01,8.538589e+01,8.508148e+01,8.508148e+01,8.508148e+01,8.508148e+01,8.508148e+01,8.477650e+01,8.460469e+01,8.450916e+01,8.450916e+01,8.450916e+01,8.450916e+01,8.450916e+01,8.450916e+01,8.429879e+01,8.429879e+01,8.429879e+01,8.429879e+01,8.429879e+01,8.429879e+01,8.429879e+01,8.429879e+01,8.429879e+01,8.429879e+01,8.429879e+01,8.404982e+01,8.404982e+01,8.404982e+01,8.404982e+01,8.404982e+01,8.404982e+01,8.404982e+01,8.404982e+01,8.404982e+01,8.404982e+01,8.404982e+01,8.404982e+01,8.404982e+01,8.444225e+01,8.444225e+01,8.444225e+01,8.444225e+01,8.444225e+01,8.444225e+01,8.444225e+01,8.444225e+01,8.444225e+01,8.444225e+01,8.444225e+01,8.483372e+01,8.470971e+01,8.470971e+01,8.470971e+01,8.499577e+01,8.499577e+01,8.499577e+01,8.538589e+01,8.533836e+01,8.525278e+01,8.525278e+01,8.525278e+01,8.525278e+01,8.525278e+01,8.525278e+01,8.525278e+01,8.525278e+01,8.525278e+01,8.525278e+01,8.525278e+01,8.525278e+01,8.525278e+01,8.525278e+01,8.525278e+01,8.494812e+01,8.477650e+01,8.479558e+01,8.477650e+01,8.487186e+01,8.457603e+01,8.484326e+01,8.459514e+01,8.442313e+01,8.419350e+01,8.419350e+01,8.419350e+01,8.386763e+01,8.356031e+01,8.356031e+01,8.323313e+01,8.310785e+01,8.303071e+01,8.274108e+01,8.244124e+01,8.214082e+01,8.180096e+01,8.119707e+01,8.076709e+01,8.041439e+01,7.983462e+01,7.948965e+01,7.914391e+01,7.879739e+01,7.819155e+01,7.738335e+01,7.684212e+01,7.645004e+01,7.605692e+01,7.526757e+01,7.480009e+01,7.437197e+01,7.363515e+01,7.321391e+01,7.270890e+01,7.176634e+01,7.121455e+01,7.070251e+01,6.984153e+01,6.937740e+01,6.873141e+01,6.800783e+01,6.756974e+01,6.676480e+01,6.613912e+01,6.553233e+01,6.508637e+01,6.427780e+01,6.383874e+01,6.342032e+01,6.263506e+01,6.195675e+01,6.093842e+01,6.022884e+01,5.934502e+01,5.910606e+01,5.798509e+01,5.732864e+01,5.678485e+01,5.588897e+01,5.549139e+01,5.442113e+01,5.395967e+01,5.346083e+01,5.263697e+01,5.169905e+01,5.102128e+01,5.054705e+01,4.960534e+01,4.915023e+01,4.835897e+01,4.781195e+01,4.718731e+01,4.663491e+01,4.594078e+01,4.552234e+01,4.493658e+01,4.438637e+01,4.402669e+01,4.376910e+01,4.295393e+01,4.248552e+01,4.202830e+01,4.156924e+01,4.135877e+01,4.088379e+01,4.056602e+01,4.014095e+01,3.975434e+01,3.929938e+01,3.900400e+01,3.854597e+01,3.864043e+01,3.778744e+01,3.729706e+01,3.720145e+01,3.679078e+01,3.666727e+01,3.666727e+01,3.666727e+01,3.615807e+01,3.615807e+01,3.615807e+01,3.615807e+01,3.615807e+01,3.662607e+01,3.687303e+01,3.700999e+01,3.700999e+01,3.700999e+01,3.700999e+01,3.754252e+01,3.754252e+01,3.754252e+01,3.809961e+01,3.797756e+01,3.797756e+01,3.853247e+01,3.850547e+01,3.851897e+01,3.851897e+01,3.851897e+01,3.851897e+01,3.907120e+01,3.890985e+01,3.890985e+01,3.890985e+01,3.890985e+01,3.890985e+01,3.890985e+01,3.890985e+01,3.890985e+01,3.890985e+01,3.890985e+01,3.890985e+01,3.890985e+01,3.890985e+01,3.946016e+01,3.944677e+01,3.944677e+01,3.944677e+01,3.999446e+01,3.964746e+01,3.988781e+01,3.998114e+01,4.052624e+01,4.049971e+01,4.052624e+01,4.052624e+01,4.052624e+01,4.052624e+01,4.106874e+01,4.091023e+01,4.112152e+01,4.108194e+01,4.108194e+01,4.108194e+01,4.108194e+01,4.108194e+01,4.108194e+01,4.108194e+01,4.108194e+01,4.108194e+01,4.108194e+01,4.108194e+01,4.108194e+01,4.108194e+01,4.108194e+01,4.108194e+01,4.108194e+01,4.108194e+01,4.108194e+01,4.075150e+01,4.075150e+01,4.075150e+01,4.075150e+01,4.075150e+01,4.075150e+01,4.075150e+01,4.075150e+01,4.038025e+01,4.038025e+01,4.038025e+01,4.038025e+01,4.038025e+01,4.038025e+01,4.038025e+01,3.988781e+01,3.988781e+01,3.988781e+01,3.988781e+01,3.988781e+01,3.988781e+01,3.988781e+01,3.988781e+01,3.988781e+01,3.988781e+01,3.988781e+01,3.988781e+01,3.933960e+01,3.946016e+01,3.946016e+01,3.946016e+01,3.946016e+01,3.946016e+01,3.946016e+01,3.946016e+01,3.946016e+01,3.946016e+01,3.946016e+01,3.946016e+01,3.946016e+01,3.946016e+01,3.889640e+01,3.889640e+01,3.889640e+01,3.889640e+01,3.889640e+01,3.889640e+01,3.889640e+01,3.889640e+01,3.889640e+01,3.889640e+01,3.889640e+01,3.889640e+01,3.889640e+01,3.889640e+01,3.889640e+01,3.889640e+01,3.889640e+01,3.889640e+01,3.889640e+01,3.889640e+01,3.889640e+01,3.889640e+01,3.889640e+01,3.857297e+01,3.857297e+01,3.857297e+01,3.857297e+01,3.857297e+01,3.857297e+01,3.857297e+01,3.857297e+01,3.857297e+01,3.857297e+01,3.857297e+01,3.857297e+01,3.857297e+01,3.857297e+01,3.857297e+01,3.857297e+01,3.819444e+01,3.819444e+01,3.819444e+01,3.819444e+01,3.819444e+01,3.819444e+01,3.819444e+01,3.819444e+01,3.819444e+01,3.819444e+01,3.819444e+01,3.819444e+01,3.819444e+01,3.819444e+01,3.819444e+01,3.819444e+01,3.819444e+01
3.588183e+01,3.644736e+01,3.635102e+01,3.632347e+01,3.632347e+01,3.632347e+01,3.632347e+01,3.632347e+01,3.632347e+01,3.688674e+01,3.672218e+01,3.696893e+01,3.688674e+01,3.688674e+01,3.688674e+01,3.744713e+01,3.736530e+01,3.736530e+01,3.736530e+01,3.792327e+01,3.790970e+01,3.790970e+01,3.790970e+01,3.846495e+01,3.830272e+01,3.830272e+01,3.830272e+01,3.830272e+01,3.830272e+01,3.830272e+01,3.885602e+01,3.882909e+01,3.880216e+01,3.880216e+01,3.880216e+01,3.880216e+01,3.935300e+01,3.928597e+01,3.976770e+01,4.007439e+01,4.028725e+01,4.044664e+01,4.068529e+01,4.088379e+01,4.088379e+01,4.142458e+01,4.126657e+01,4.126657e+01,4.126657e+01,4.126657e+01,4.126657e+01,4.126657e+01,4.126657e+01,4.126657e+01,4.180556e+01,4.164807e+01,4.164807e+01,4.164807e+01,4.164807e+01,4.164807e+01,4.164807e+01,4.164807e+01,4.164807e+01,4.164807e+01,4.110833e+01,4.126657e+01,4.102913e+01,4.109513e+01,4.109513e+01,4.109513e+01,4.109513e+01,4.109513e+01,4.055276e+01,4.064555e+01,4.069854e+01,4.069854e+01,4.015426e+01,4.031383e+01,4.061905e+01,4.024737e+01,4.024737e+01,4.024737e+01,3.970091e+01,3.972763e+01,3.972763e+01,3.972763e+01,3.972763e+01,3.972763e+01,3.972763e+01,3.972763e+01,4.019417e+01,4.052624e+01,4.085734e+01,4.112152e+01,4.158238e+01,4.196283e+01,4.239423e+01,4.292796e+01,4.329104e+01,4.365300e+01,4.406528e+01,4.439919e+01,4.477051e+01,4.538253e+01,4.585214e+01,4.630728e+01,4.682351e+01,4.721236e+01,4.811063e+01,4.798627e+01,4.873052e+01,4.944563e+01,4.993638e+01,5.097273e+01,5.145742e+01,5.190408e+01,5.287632e+01,5.331794e+01,5.388853e+01,5.472784e+01,5.533904e+01,5.580721e+01,5.655275e+01,5.719001e+01,5.766304e+01,5.845523e+01,5.877534e+01,5.967431e+01,6.029658e+01,6.070231e+01,6.103947e+01,6.191214e+01,6.245747e+01,6.284565e+01,6.368473e+01,6.425588e+01,6.473730e+01,6.555405e+01,6.649545e+01,6.704437e+01,6.776224e+01,6.823168e+01,6.908125e+01,6.953579e+01,7.026216e+01,7.101621e+01,7.181829e+01,7.238849e+01,7.312129e+01,7.366592e+01,7.434135e+01,7.516607e+01,7.606701e+01,7.640977e+01,7.716309e+01,7.764324e+01,7.863871e+01,7.916369e+01,7.986415e+01,8.032610e+01,8.064961e+01,8.139213e+01,8.213113e+01,8.240251e+01,8.287630e+01,8.353147e+01,8.422223e+01,8.454738e+01,8.490047e+01,8.551888e+01,8.617275e+01,8.642789e+01,8.680515e+01,8.727548e+01,8.770699e+01,8.809064e+01,8.842677e+01,8.864115e+01,8.893896e+01,8.953297e+01,8.958855e+01,8.971815e+01,8.985692e+01,8.985692e+01,9.023560e+01,9.019869e+01,9.019869e+01,9.019869e+01,9.057659e+01,9.033704e+01,9.033704e+01,9.033704e+01,9.063182e+01,9.063182e+01,9.063182e+01,9.063182e+01,9.063182e+01,9.063182e+01,9.063182e+01,9.063182e+01,9.063182e+01,9.063182e+01,9.042001e+01,9.042001e+01,9.042001e+01,9.042001e+01,9.042001e+01,9.042001e+01,9.042001e+01,9.042001e+01,9.042001e+01,9.042001e+01,9.042001e+01,9.042001e+01,9.016177e+01,9.016177e+01,9.016177e+01,9.016177e+01,9.016177e+01,9.016177e+01,9.016177e+01,9.016177e+01,9.016177e+01,9.016177e+01,9.016177e+01,8.994936e+01,8.994936e+01,8.994936e+01,8.994936e+01,8.994936e+01,8.957002e+01,8.963485e+01,8.966262e+01,8.966262e+01,8.966262e+01,8.966262e+01,8.966262e+01,8.966262e+01,8.966262e+01,8.966262e+01,8.966262e+01,8.966262e+01,8.966262e+01,8.929191e+01,8.929191e+01,8.929191e+01,8.929191e+01,8.929191e+01,8.929191e+01,8.929191e+01,8.929191e+01,8.891106e+01,8.891106e+01,8.891106e+01,8.891106e+01,8.891106e+01,8.861320e+01,8.861320e+01,8.861320e+01,8.861320e+01,8.861320e+01,8.861320e+01,8.818408e+01,8.818408e+01,8.818408e+01,8.818408e+01,8.818408e+01,8.818408e+01,8.795974e+01,8.776319e+01,8.760391e+01,8.745386e+01,8.745386e+01,8.745386e+01,8.723791e+01,8.723791e+01,8.723791e+01,8.674862e+01,8.674862e+01,8.674862e+01,8.674862e+01,8.674862e+01,8.636179e+01,8.636179e+01,8.636179e+01,8.597403e+01,8.597403e+01,8.597403e+01,8.597403e+01,8.577506e+01,8.552837e+01,8.552837e+01,8.552837e+01,8.552837e+01,8.508148e+01,8.508148e+01,8.508148e+01,8.508148e+01,8.508148e+01,8.477650e+01,8.477650e+01,8.477650e+01,8.477650e+01,8.477650e+01,8.450916e+01,8.450916e+01,8.450916e+01,8.450916e+01,8.450916e+01,8.450916e+01,8.429879e+01,8.429879e+01,8.429879e+01,8.429879e+01,8.429879e+01,8.429879e+01,8.429879e+01,8.429879e+01,8.429879e+01,8.429879e+01,8.429879e+01,8.429879e+01,8.429879e+01,8.429879e+01,8.429879e+01,8.429879e+01,8.429879e+01,8.429879e+01,8.429879e+01,8.429879e+01,8.429879e+01,8.429879e+01,8.429879e+01,8.429879e+01,8.429879e+01,8.429879e+01,8.429879e+01,8.429879e+01,8.429879e+01,8.469062e+01,8.457603e+01,8.473833e+01,8.470971e+01,8.510052e+01,8.485280e+01,8.500529e+01,8.497671e+01,8.497671e+01,8.497671e+01,8.538589e+01,8.499577e+01,8.524327e+01,8.524327e+01,8.524327e+01,8.524327e+01,8.524327e+01,8.524327e+01,8.524327e+01,8.524327e+01,8.524327e+01,8.524327e+01,8.524327e+01,8.524327e+01,8.524327e+01,8.524327e+01,8.485280e+01,8.493859e+01,8.493859e+01,8.493859e+01,8.493859e+01,8.454738e+01,8.464288e+01,8.434663e+01,8.443269e+01,8.427009e+01,8.424137e+01,8.384844e+01,8.391560e+01,8.385803e+01,8.360837e+01,8.344491e+01,8.335831e+01,8.335831e+01,8.303071e+01,8.271209e+01,8.241219e+01,8.243156e+01,8.192728e+01,8.125562e+01,8.075730e+01,8.034572e+01,8.016899e+01,7.951925e+01,7.911423e+01,7.873790e+01,7.813184e+01,7.732330e+01,7.719314e+01,7.649030e+01,7.604683e+01,7.563241e+01,7.485098e+01,7.438218e+01,7.360437e+01,7.317275e+01,7.266759e+01,7.172477e+01,7.117281e+01,7.066063e+01,6.979940e+01,6.933512e+01,6.868896e+01,6.796514e+01,6.752692e+01,6.716248e+01,6.620398e+01,6.555405e+01,6.506458e+01,6.423396e+01,6.379476e+01,6.337620e+01,6.259069e+01,6.191214e+01,6.089347e+01,6.018366e+01,5.936776e+01,5.903770e+01,5.808844e+01,5.738636e+01,5.679644e+01,5.585394e+01,5.544453e+01,5.485738e+01,5.403078e+01,5.349652e+01,5.263697e+01,5.166284e+01,5.098487e+01,5.051050e+01,5.007099e+01,4.923647e+01,4.842097e+01,4.784933e+01,4.719983e+01,4.662232e+01,4.591546e+01,4.549694e+01,4.491105e+01,4.441201e+01,4.411671e+01,4.364009e+01,4.292796e+01,4.245945e+01,4.200212e+01,4.173996e+01,4.130609e+01,4.091023e+01,4.055276e+01,4.010102e+01,3.962072e+01,3.932619e+01,3.889640e+01,3.872132e+01,3.849196e+01,3.776026e+01,3.747440e+01,3.716046e+01,3.685933e+01,3.685933e+01,3.629592e+01,3.632347e+01,3.633725e+01,3.633725e+01,3.633725e+01,3.633725e+01,3.633725e+01,3.633725e+01,3.687303e+01,3.687303e+01,3.687303e+01,3.743349e+01,3.740622e+01,3.736530e+01,3.736530e+01,3.792327e+01,3.792327e+01,3.792327e+01,3.847846e+01,3.841090e+01,3.841090e+01,3.841090e+01,3.896367e+01,3.861345e+01,3.884256e+01,3.889640e+01,3.889640e+01,3.889640e+01,3.889640e+01,3.889640e+01,3.889640e+01,3.889640e+01,3.889640e+01,3.889640e+01,3.889640e+01,3.889640e+01,3.889640e+01,3.944677e+01,3.935300e+01,3.933960e+01,3.933960e+01,3.988781e+01,3.979440e+01,3.984778e+01,4.026067e+01,3.991448e+01,4.020747e+01,4.035369e+01,4.035369e+01,4.035369e+01,4.089701e+01,4.073826e+01,4.096309e+01,4.094987e+01,4.094987e+01,4.149036e+01,4.129292e+01,4.129292e+01,4.129292e+01,4.129292e+01,4.129292e+01,4.129292e+01,4.129292e+01,4.129292e+01,4.129292e+01,4.129292e+01,4.129292e+01,4.129292e+01,4.129292e+01,4.129292e+01,4.129292e+01,4.075150e+01,4.091023e+01,4.069854e+01,4.073826e+01,4.073826e+01,4.073826e+01,4.073826e+01,4.073826e+01,4.073826e+01,4.073826e+01,4.073826e+01,4.038025e+01,4.038025e+01,4.038025e+01,4.038025e+01,4.038025e+01,4.038025e+01,4.038025e+01,4.038025e+01,3.988781e+01,3.988781e+01,3.988781e+01,3.988781e+01,3.988781e+01,3.988781e+01,3.988781e+01,3.988781e+01,3.988781e+01,3.988781e+01,3.988781e+01,3.988781e+01,3.946016e+01,3.946016e+01,3.946016e+01,3.946016e+01,3.946016e+01,3.946016e+01,3.946016e+01,3.946016e+01,3.946016e+01,3.946016e+01,3.946016e+01,3.946016e+01,3.946016e+01,3.889640e+01,3.889640e+01,3.944677e+01,3.909807e+01,3.909807e+01,3.909807e+01,3.909807e+01,3.909807e+01,3.909807e+01,3.909807e+01,3.909807e+01,3.909807e+01,3.909807e+01,3.854597e+01,3.870784e+01,3.870784e+01,3.870784e+01,3.870784e+01,3.870784e+01,3.870784e+01,3.870784e+01,3.870784e+01,3.870784e+01,3.870784e+01,3.870784e+01,3.870784e+01,3.870784e+01,3.870784e+01,3.870784e+01,3.870784e+01,3.870784e+01,3.870784e+01,3.815381e+01,3.831625e+01,3.831625e+01,3.831625e+01,3.831625e+01,3.831625e+01,3.831625e+01,3.831625e+01,3.831625e+01,3.831625e+01,3.831625e+01,3.831625e+01,3.831625e+01,3.831625e+01,3.831625e+01,3.831625e+01,3.831625e+01,3.831625e+01,3.776026e+01,3.792327e+01,3.792327e+01,3.792327e+01,3.792327e+01,3.792327e+01
3.611667e+01,3.626836e+01,3.626836e+01,3.626836e+01,3.626836e+01,3.626836e+01,3.626836e+01,3.626836e+01,3.683191e+01,3.676334e+01,3.676334e+01,3.676334e+01,3.676334e+01,3.732436e+01,3.729706e+01,3.726975e+01,3.726975e+01,3.726975e+01,3.782821e+01,3.780103e+01,3.780103e+01,3.835683e+01,3.826213e+01,3.828920e+01,3.828920e+01,3.828920e+01,3.828920e+01,3.828920e+01,3.828920e+01,3.828920e+01,3.885602e+01,3.885602e+01,3.885602e+01,3.885602e+01,3.885602e+01,3.940659e+01,3.928597e+01,3.951371e+01,3.974099e+01,3.996781e+01,3.996781e+01,4.044664e+01,4.044664e+01,4.044664e+01,4.088379e+01,4.125339e+01,4.125339e+01,4.125339e+01,4.125339e+01,4.125339e+01,4.125339e+01,4.125339e+01,4.125339e+01,4.125339e+01,4.125339e+01,4.125339e+01,4.125339e+01,4.125339e+01,4.125339e+01,4.125339e+01,4.125339e+01,4.125339e+01,4.125339e+01,4.125339e+01,4.125339e+01,4.125339e+01,4.125339e+01,4.125339e+01,4.125339e+01,4.125339e+01,4.071178e+01,4.073826e+01,4.072502e+01,4.072502e+01,4.072502e+01,4.018087e+01,4.027396e+01,4.052624e+01,4.045991e+01,4.032712e+01,3.978105e+01,3.987447e+01,3.987447e+01,3.987447e+01,3.987447e+01,3.932619e+01,3.948694e+01,3.948694e+01,3.948694e+01,4.003443e+01,4.020747e+01,4.056602e+01,4.077797e+01,4.126657e+01,4.155610e+01,4.206756e+01,4.242032e+01,4.290198e+01,4.330399e+01,4.369171e+01,4.410386e+01,4.443766e+01,4.489828e+01,4.540797e+01,4.587748e+01,4.633251e+01,4.679838e+01,4.731250e+01,4.794894e+01,4.866867e+01,4.886647e+01,4.947022e+01,5.046174e+01,5.060796e+01,5.130010e+01,5.178352e+01,5.279260e+01,5.327027e+01,5.387667e+01,5.475140e+01,5.537421e+01,5.584226e+01,5.658759e+01,5.722469e+01,5.769758e+01,5.843234e+01,5.886665e+01,5.924266e+01,6.021754e+01,6.060099e+01,6.105070e+01,6.147652e+01,6.236859e+01,6.276810e+01,6.361868e+01,6.420107e+01,6.514083e+01,6.566257e+01,6.651702e+01,6.706586e+01,6.778361e+01,6.825298e+01,6.910242e+01,6.998889e+01,7.036713e+01,7.104755e+01,7.184945e+01,7.241953e+01,7.315217e+01,7.369669e+01,7.437197e+01,7.519653e+01,7.609729e+01,7.643997e+01,7.719314e+01,7.776304e+01,7.854939e+01,7.910435e+01,7.983462e+01,8.032610e+01,8.107993e+01,8.148956e+01,8.211172e+01,8.247996e+01,8.331017e+01,8.362759e+01,8.427009e+01,8.459514e+01,8.494812e+01,8.556635e+01,8.615384e+01,8.650342e+01,8.685224e+01,8.732244e+01,8.775383e+01,8.813737e+01,8.840811e+01,8.903191e+01,8.916196e+01,8.941248e+01,8.941248e+01,8.971815e+01,8.971815e+01,9.009715e+01,9.011562e+01,9.011562e+01,9.011562e+01,9.011562e+01,9.019869e+01,9.065943e+01,9.042001e+01,9.056738e+01,9.060421e+01,9.060421e+01,9.060421e+01,9.060421e+01,9.060421e+01,9.060421e+01,9.060421e+01,9.060421e+01,9.060421e+01,9.060421e+01,9.060421e+01,9.060421e+01,9.060421e+01,9.060421e+01,9.060421e+01,9.060421e+01,9.022637e+01,9.033704e+01,9.033704e+01,9.033704e+01,9.033704e+01,9.033704e+01,9.033704e+01,9.033704e+01,9.033704e+01,8.995860e+01,9.006945e+01,9.006945e+01,9.006945e+01,9.006945e+01,9.006945e+01,9.006945e+01,9.006945e+01,9.006945e+01,9.006945e+01,9.006945e+01,8.969039e+01,8.970890e+01,8.969039e+01,8.969039e+01,8.969039e+01,8.969039e+01,8.969039e+01,8.969039e+01,8.969039e+01,8.969039e+01,8.969039e+01,8.969039e+01,8.931046e+01,8.955150e+01,8.938467e+01,8.941248e+01,8.941248e+01,8.941248e+01,8.941248e+01,8.941248e+01,8.941248e+01,8.941248e+01,8.903191e+01,8.903191e+01,8.903191e+01,8.903191e+01,8.903191e+01,8.865046e+01,8.902262e+01,8.878082e+01,8.878082e+01,8.839878e+01,8.851069e+01,8.872496e+01,8.841743e+01,8.830547e+01,8.830547e+01,8.792233e+01,8.803455e+01,8.788490e+01,8.783810e+01,8.781937e+01,8.781937e+01,8.745386e+01,8.745386e+01,8.745386e+01,8.745386e+01,8.723791e+01,8.707811e+01,8.687108e+01,8.687108e+01,8.687108e+01,8.648454e+01,8.650342e+01,8.648454e+01,8.648454e+01,8.609708e+01,8.609708e+01,8.609708e+01,8.609708e+01,8.570868e+01,8.566125e+01,8.558533e+01,8.558533e+01,8.558533e+01,8.519570e+01,8.516715e+01,8.516715e+01,8.516715e+01,8.516715e+01,8.516715e+01,8.477650e+01,8.477650e+01,8.477650e+01,8.477650e+01,8.477650e+01,8.477650e+01,8.450916e+01,8.450916e+01,8.450916e+01,8.450916e+01,8.450916e+01,8.450916e+01,8.450916e+01,8.450916e+01,8.429879e+01,8.429879e+01,8.429879e+01,8.429879e+01,8.429879e+01,8.429879e+01,8.429879e+01,8.429879e+01,8.429879e+01,8.429879e+01,8.429879e+01,8.429879e+01,8.429879e+01,8.429879e+01,8.429879e+01,8.429879e+01,8.429879e+01,8.429879e+01,8.429879e+01,8.429879e+01,8.429879e+01,8.469062e+01,8.444225e+01,8.444225e+01,8.444225e+01,8.483372e+01,8.474788e+01,8.474788e+01,8.474788e+01,8.474788e+01,8.474788e+01,8.474788e+01,8.474788e+01,8.497671e+01,8.497671e+01,8.497671e+01,8.497671e+01,8.497671e+01,8.524327e+01,8.524327e+01,8.524327e+01,8.524327e+01,8.524327e+01,8.524327e+01,8.524327e+01,8.524327e+01,8.524327e+01,8.524327e+01,8.524327e+01,8.524327e+01,8.524327e+01,8.524327e+01,8.485280e+01,8.524327e+01,8.473833e+01,8.486234e+01,8.470016e+01,8.467152e+01,8.451871e+01,8.440401e+01,8.479558e+01,8.438489e+01,8.419350e+01,8.397313e+01,8.397313e+01,8.397313e+01,8.360837e+01,8.360837e+01,8.335831e+01,8.319460e+01,8.298248e+01,8.273141e+01,8.248964e+01,8.192728e+01,8.183012e+01,8.120683e+01,8.070836e+01,8.047323e+01,8.011987e+01,7.946992e+01,7.906477e+01,7.868832e+01,7.808205e+01,7.745336e+01,7.714304e+01,7.643997e+01,7.599635e+01,7.558179e+01,7.480009e+01,7.433113e+01,7.355305e+01,7.312129e+01,7.261595e+01,7.209849e+01,7.122498e+01,7.067110e+01,7.019915e+01,6.940909e+01,6.872080e+01,6.795448e+01,6.748410e+01,6.711954e+01,6.616074e+01,6.595519e+01,6.512994e+01,6.426684e+01,6.379476e+01,6.288994e+01,6.247969e+01,6.186753e+01,6.084852e+01,6.013846e+01,5.939049e+01,5.894650e+01,5.804251e+01,5.781266e+01,5.686598e+01,5.588897e+01,5.544453e+01,5.482206e+01,5.399523e+01,5.346083e+01,5.260102e+01,5.162661e+01,5.094844e+01,5.047393e+01,5.003429e+01,4.919952e+01,4.838377e+01,4.781195e+01,4.716225e+01,4.658456e+01,4.587748e+01,4.545882e+01,4.487273e+01,4.443766e+01,4.401382e+01,4.360136e+01,4.288898e+01,4.242032e+01,4.217220e+01,4.167433e+01,4.133244e+01,4.088379e+01,4.042009e+01,4.006107e+01,3.964746e+01,3.929938e+01,3.897711e+01,3.897711e+01,3.849196e+01,3.778744e+01,3.744713e+01,3.710577e+01,3.694154e+01,3.669473e+01,3.647488e+01,3.647488e+01,3.647488e+01,3.647488e+01,3.647488e+01,3.647488e+01,3.647488e+01,3.647488e+01,3.647488e+01,3.687303e+01,3.711944e+01,3.725610e+01,3.725610e+01,3.781462e+01,3.771946e+01,3.774666e+01,3.774666e+01,3.830272e+01,3.830272e+01,3.830272e+01,3.830272e+01,3.830272e+01,3.841090e+01,3.853247e+01,3.884256e+01,3.884256e+01,3.884256e+01,3.884256e+01,3.884256e+01,3.884256e+01,3.884256e+01,3.884256e+01,3.884256e+01,3.884256e+01,3.884256e+01,3.939320e+01,3.929938e+01,3.927256e+01,3.927256e+01,3.927256e+01,3.982109e+01,3.976770e+01,3.976770e+01,3.976770e+01,4.026067e+01,4.007439e+01,4.012764e+01,4.012764e+01,4.067204e+01,4.064555e+01,4.072502e+01,4.072502e+01,4.072502e+01,4.126657e+01,4.124021e+01,4.131926e+01,4.131926e+01,4.131926e+01,4.131926e+01,4.131926e+01,4.131926e+01,4.131926e+01,4.131926e+01,4.131926e+01,4.131926e+01,4.131926e+01,4.131926e+01,4.131926e+01,4.131926e+01,4.131926e+01,4.077797e+01,4.087056e+01,4.087056e+01,4.087056e+01,4.087056e+01,4.087056e+01,4.087056e+01,4.087056e+01,4.032712e+01,4.049971e+01,4.049971e+01,4.049971e+01,4.049971e+01,4.049971e+01,4.049971e+01,4.049971e+01,3.995448e+01,4.012764e+01,4.012764e+01,4.012764e+01,4.012764e+01,4.012764e+01,4.012764e+01,4.012764e+01,4.012764e+01,4.012764e+01,4.012764e+01,3.958060e+01,3.975434e+01,3.975434e+01,3.975434e+01,3.975434e+01,3.975434e+01,3.975434e+01,3.975434e+01,3.975434e+01,3.946016e+01,3.946016e+01,3.946016e+01,3.946016e+01,3.946016e+01,3.946016e+01,3.946016e+01,3.946016e+01,3.946016e+01,3.889640e+01,3.913836e+01,3.911150e+01,3.913836e+01,3.913836e+01,3.913836e+01,3.913836e+01,3.913836e+01,3.913836e+01,3.913836e+01,3.913836e+01,3.913836e+01,3.913836e+01,3.913836e+01,3.870784e+01,3.870784e+01,3.870784e+01,3.870784e+01,3.870784e+01,3.870784e+01,3.870784e+01,3.870784e+01,3.870784e+01,3.870784e+01,3.870784e+01,3.870784e+01,3.870784e+01,3.870784e+01,3.870784e+01,3.870784e+01,3.870784e+01,3.870784e+01,3.870784e+01,3.831625e+01,3.831625e+01,3.831625e+01,3.831625e+01,3.831625e+01,3.831625e+01,3.831625e+01,3.831625e+01,3.831625e+01,3.831625e+01,3.831625e+01,3.831625e+01,3.831625e+01,3.831625e+01,3.831625e+01,3.831625e+01,3.831625e+01,3.831625e+01,3.792327e+01,3.792327e+01,3.792327e+01,3.792327e+01,3.792327e+01
3.611667e+01,3.611667e+01,3.668100e+01,3.650238e+01,3.650238e+01,3.650238e+01,3.650238e+01,3.650238e+01,3.650238e+01,3.650238e+01,3.650238e+01,3.706473e+01,3.703736e+01,3.714679e+01,3.714679e+01,3.714679e+01,3.714679e+01,3.770586e+01,3.765144e+01,3.765144e+01,3.765144e+01,3.835683e+01,3.835683e+01,3.835683e+01,3.835683e+01,3.835683e+01,3.835683e+01,3.835683e+01,3.835683e+01,3.835683e+01,3.885602e+01,3.885602e+01,3.885602e+01,3.885602e+01,3.885602e+01,3.940659e+01,3.940659e+01,3.940659e+01,3.974099e+01,3.974099e+01,4.028725e+01,4.027396e+01,4.081766e+01,4.079120e+01,4.089701e+01,4.117429e+01,4.117429e+01,4.117429e+01,4.117429e+01,4.117429e+01,4.117429e+01,4.117429e+01,4.171371e+01,4.137194e+01,4.137194e+01,4.137194e+01,4.137194e+01,4.137194e+01,4.137194e+01,4.137194e+01,4.137194e+01,4.137194e+01,4.137194e+01,4.137194e+01,4.137194e+01,4.137194e+01,4.137194e+01,4.083089e+01,4.100272e+01,4.076473e+01,4.083089e+01,4.083089e+01,4.083089e+01,4.028725e+01,4.038025e+01,4.035369e+01,4.035369e+01,4.035369e+01,4.035369e+01,4.035369e+01,3.978105e+01,3.978105e+01,3.978105e+01,3.978105e+01,3.978105e+01,3.978105e+01,3.978105e+01,3.978105e+01,3.978105e+01,3.978105e+01,4.020747e+01,4.048645e+01,4.093666e+01,4.124021e+01,4.166120e+01,4.204139e+01,4.252463e+01,4.287599e+01,4.332988e+01,4.374331e+01,4.415527e+01,4.456579e+01,4.493658e+01,4.544611e+01,4.591546e+01,4.637035e+01,4.683607e+01,4.735003e+01,4.798627e+01,4.850772e+01,4.892821e+01,4.950708e+01,5.030315e+01,5.066883e+01,5.133643e+01,5.181969e+01,5.282849e+01,5.330602e+01,5.391225e+01,5.478674e+01,5.540938e+01,5.587729e+01,5.662242e+01,5.725935e+01,5.820317e+01,5.854677e+01,5.891229e+01,5.975367e+01,6.033044e+01,6.065729e+01,6.110681e+01,6.199018e+01,6.247969e+01,6.283457e+01,6.368473e+01,6.426684e+01,6.520616e+01,6.572765e+01,6.658170e+01,6.713028e+01,6.784771e+01,6.831687e+01,6.916592e+01,6.962020e+01,7.032516e+01,7.105799e+01,7.190137e+01,7.247124e+01,7.320363e+01,7.374796e+01,7.442300e+01,7.524728e+01,7.573359e+01,7.680196e+01,7.729327e+01,7.780296e+01,7.858909e+01,7.914391e+01,7.987399e+01,8.036534e+01,8.111898e+01,8.152853e+01,8.215053e+01,8.251867e+01,8.334868e+01,8.366602e+01,8.430836e+01,8.463334e+01,8.498624e+01,8.560432e+01,8.619167e+01,8.654117e+01,8.688991e+01,8.736000e+01,8.779129e+01,8.811868e+01,8.886456e+01,8.894826e+01,8.922695e+01,8.935684e+01,8.952370e+01,8.959781e+01,8.976443e+01,8.997708e+01,9.035548e+01,9.023560e+01,9.023560e+01,9.023560e+01,9.023560e+01,9.023560e+01,9.061341e+01,9.049371e+01,9.049371e+01,9.049371e+01,9.049371e+01,9.049371e+01,9.049371e+01,9.049371e+01,9.049371e+01,9.049371e+01,9.049371e+01,9.049371e+01,9.049371e+01,9.049371e+01,9.049371e+01,9.049371e+01,9.049371e+01,9.049371e+01,9.049371e+01,9.049371e+01,9.049371e+01,9.011562e+01,9.023560e+01,9.023560e+01,9.023560e+01,9.023560e+01,9.023560e+01,9.023560e+01,9.023560e+01,8.985692e+01,8.997708e+01,8.997708e+01,8.997708e+01,8.997708e+01,8.997708e+01,8.997708e+01,8.997708e+01,8.997708e+01,8.997708e+01,8.997708e+01,8.969039e+01,8.969039e+01,8.969039e+01,8.969039e+01,8.969039e+01,8.969039e+01,8.969039e+01,8.969039e+01,8.969039e+01,8.969039e+01,8.969039e+01,8.931046e+01,8.943102e+01,8.943102e+01,8.943102e+01,8.943102e+01,8.943102e+01,8.943102e+01,8.943102e+01,8.905050e+01,8.911552e+01,8.911552e+01,8.911552e+01,8.911552e+01,8.911552e+01,8.911552e+01,8.873427e+01,8.876220e+01,8.859457e+01,8.852001e+01,8.866909e+01,8.859457e+01,8.853865e+01,8.830547e+01,8.813737e+01,8.804391e+01,8.804391e+01,8.804391e+01,8.804391e+01,8.804391e+01,8.781937e+01,8.757578e+01,8.757578e+01,8.757578e+01,8.719093e+01,8.721912e+01,8.731305e+01,8.710632e+01,8.698404e+01,8.681457e+01,8.660720e+01,8.660720e+01,8.660720e+01,8.660720e+01,8.648454e+01,8.623894e+01,8.623894e+01,8.585088e+01,8.583193e+01,8.583193e+01,8.583193e+01,8.558533e+01,8.541439e+01,8.531934e+01,8.531934e+01,8.531934e+01,8.531934e+01,8.492906e+01,8.494812e+01,8.490047e+01,8.490047e+01,8.490047e+01,8.490047e+01,8.450916e+01,8.450916e+01,8.453783e+01,8.453783e+01,8.453783e+01,8.453783e+01,8.453783e+01,8.453783e+01,8.453783e+01,8.453783e+01,8.453783e+01,8.429879e+01,8.429879e+01,8.429879e+01,8.429879e+01,8.429879e+01,8.429879e+01,8.429879e+01,8.429879e+01,8.429879e+01,8.429879e+01,8.429879e+01,8.429879e+01,8.429879e+01,8.429879e+01,8.429879e+01,8.429879e+01,8.429879e+01,8.429879e+01,8.429879e+01,8.429879e+01,8.429879e+01,8.469062e+01,8.456648e+01,8.473833e+01,8.470971e+01,8.470971e+01,8.470971e+01,8.470971e+01,8.470971e+01,8.510052e+01,8.485280e+01,8.499577e+01,8.496718e+01,8.496718e+01,8.535737e+01,8.511005e+01,8.525278e+01,8.522424e+01,8.561381e+01,8.536687e+01,8.536687e+01,8.536687e+01,8.536687e+01,8.536687e+01,8.536687e+01,8.536687e+01,8.536687e+01,8.536687e+01,8.536687e+01,8.536687e+01,8.536687e+01,8.524327e+01,8.515764e+01,8.486234e+01,8.486234e+01,8.486234e+01,8.447093e+01,8.459514e+01,8.465244e+01,8.427009e+01,8.435619e+01,8.444225e+01,8.422223e+01,8.409773e+01,8.392519e+01,8.373325e+01,8.359875e+01,8.341605e+01,8.311749e+01,8.294388e+01,8.269276e+01,8.238314e+01,8.205350e+01,8.178151e+01,8.116779e+01,8.072794e+01,8.038496e+01,8.008055e+01,7.943044e+01,7.902519e+01,7.864864e+01,7.804221e+01,7.747336e+01,7.705283e+01,7.681200e+01,7.604683e+01,7.560204e+01,7.478991e+01,7.430050e+01,7.352225e+01,7.309040e+01,7.258495e+01,7.206738e+01,7.119368e+01,7.063969e+01,7.016763e+01,6.937740e+01,6.868896e+01,6.835944e+01,6.754833e+01,6.716248e+01,6.634440e+01,6.594437e+01,6.510816e+01,6.469360e+01,6.387172e+01,6.294529e+01,6.251300e+01,6.187868e+01,6.129739e+01,6.022884e+01,5.947002e+01,5.901490e+01,5.826050e+01,5.735173e+01,5.675006e+01,5.587729e+01,5.543281e+01,5.481029e+01,5.398338e+01,5.344893e+01,5.258904e+01,5.161454e+01,5.093630e+01,5.046174e+01,5.002206e+01,4.918720e+01,4.837137e+01,4.779949e+01,4.714972e+01,4.657197e+01,4.638297e+01,4.556044e+01,4.497487e+01,4.454018e+01,4.414242e+01,4.358844e+01,4.342044e+01,4.287599e+01,4.209373e+01,4.170059e+01,4.121385e+01,4.089701e+01,4.045991e+01,4.004775e+01,3.959398e+01,3.924573e+01,3.905777e+01,3.880216e+01,3.850547e+01,3.782821e+01,3.799113e+01,3.754252e+01,3.720145e+01,3.669473e+01,3.669473e+01,3.613047e+01,3.630970e+01,3.630970e+01,3.630970e+01,3.630970e+01,3.687303e+01,3.669473e+01,3.688674e+01,3.684562e+01,3.740622e+01,3.722878e+01,3.748802e+01,3.763783e+01,3.763783e+01,3.763783e+01,3.763783e+01,3.830272e+01,3.830272e+01,3.830272e+01,3.830272e+01,3.830272e+01,3.885602e+01,3.878869e+01,3.876175e+01,3.876175e+01,3.876175e+01,3.876175e+01,3.876175e+01,3.876175e+01,3.876175e+01,3.876175e+01,3.876175e+01,3.876175e+01,3.876175e+01,3.939320e+01,3.939320e+01,3.939320e+01,3.939320e+01,3.939320e+01,3.939320e+01,3.939320e+01,3.976770e+01,4.002111e+01,4.008770e+01,4.008770e+01,4.008770e+01,4.008770e+01,4.067204e+01,4.067204e+01,4.067204e+01,4.067204e+01,4.067204e+01,4.126657e+01,4.126657e+01,4.126657e+01,4.126657e+01,4.126657e+01,4.126657e+01,4.126657e+01,4.126657e+01,4.126657e+01,4.126657e+01,4.126657e+01,4.126657e+01,4.126657e+01,4.126657e+01,4.126657e+01,4.126657e+01,4.126657e+01,4.126657e+01,4.087056e+01,4.087056e+01,4.087056e+01,4.087056e+01,4.087056e+01,4.087056e+01,4.087056e+01,4.087056e+01,4.087056e+01,4.087056e+01,4.087056e+01,4.087056e+01,4.049971e+01,4.049971e+01,4.049971e+01,4.049971e+01,4.049971e+01,4.049971e+01,4.049971e+01,4.049971e+01,4.012764e+01,4.012764e+01,4.012764e+01,4.012764e+01,4.012764e+01,4.012764e+01,4.012764e+01,3.975434e+01,3.975434e+01,3.975434e+01,3.975434e+01,3.975434e+01,3.975434e+01,3.975434e+01,3.975434e+01,3.975434e+01,3.975434e+01,3.975434e+01,3.975434e+01,3.975434e+01,3.946016e+01,3.946016e+01,3.946016e+01,3.946016e+01,3.944677e+01,3.909807e+01,3.909807e+01,3.909807e+01,3.909807e+01,3.909807e+01,3.909807e+01,3.909807e+01,3.909807e+01,3.909807e+01,3.909807e+01,3.909807e+01,3.909807e+01,3.909807e+01,3.909807e+01,3.870784e+01,3.870784e+01,3.870784e+01,3.870784e+01,3.870784e+01,3.870784e+01,3.870784e+01,3.870784e+01,3.870784e+01,3.870784e+01,3.870784e+01,3.870784e+01,3.870784e+01,3.870784e+01,3.870784e+01,3.870784e+01,3.870784e+01,3.870784e+01,3.870784e+01,3.831625e+01,3.831625e+01,3.831625e+01,3.831625e+01,3.831625e+01,3.831625e+01,3.831625e+01,3.831625e+01,3.831625e+01,3.831625e+01,3.831625e+01,3.831625e+01,3.831625e+01,3.831625e+01,3.831625e+01,3.831625e+01,3.776026e+01,3.788254e+01,3.788254e+01,3.788254e+01,3.788254e+01,3.788254e+01
3.611667e+01,3.668100e+01,3.655737e+01,3.655737e+01,3.655737e+01,3.655737e+01,3.655737e+01,3.655737e+01,3.655737e+01,3.655737e+01,3.655737e+01,3.706473e+01,3.706473e+01,3.706473e+01,3.762422e+01,3.726975e+01,3.752890e+01,3.752890e+01,3.752890e+01,3.808606e+01,3.805894e+01,3.818090e+01,3.818090e+01,3.818090e+01,3.818090e+01,3.818090e+01,3.873480e+01,3.855947e+01,3.855947e+01,3.855947e+01,3.855947e+01,3.855947e+01,3.855947e+01,3.885602e+01,3.911150e+01,3.923232e+01,3.923232e+01,3.978105e+01,3.974099e+01,3.999446e+01,4.011433e+01,4.036697e+01,4.064555e+01,4.064555e+01,4.064555e+01,4.117429e+01,4.117429e+01,4.117429e+01,4.117429e+01,4.117429e+01,4.117429e+01,4.171371e+01,4.160866e+01,4.145090e+01,4.145090e+01,4.145090e+01,4.145090e+01,4.145090e+01,4.145090e+01,4.145090e+01,4.145090e+01,4.145090e+01,4.145090e+01,4.145090e+01,4.145090e+01,4.091023e+01,4.100272e+01,4.100272e+01,4.100272e+01,4.100272e+01,4.100272e+01,4.100272e+01,4.045991e+01,4.045991e+01,4.045991e+01,4.045991e+01,4.045991e+01,4.045991e+01,4.045991e+01,3.991448e+01,3.990114e+01,3.990114e+01,3.990114e+01,3.990114e+01,3.990114e+01,3.935300e+01,3.952709e+01,3.952709e+01,4.007439e+01,4.007439e+01,4.027396e+01,4.063230e+01,4.091023e+01,4.126657e+01,4.171371e+01,4.218526e+01,4.303181e+01,4.321333e+01,4.334282e+01,4.326514e+01,4.384644e+01,4.432222e+01,4.483441e+01,4.533165e+01,4.578879e+01,4.623154e+01,4.668523e+01,4.718731e+01,4.781195e+01,4.832175e+01,4.923647e+01,5.009545e+01,5.035197e+01,5.080264e+01,5.133643e+01,5.181969e+01,5.282849e+01,5.330602e+01,5.439751e+01,5.490445e+01,5.542110e+01,5.588897e+01,5.663403e+01,5.727090e+01,5.772060e+01,5.821464e+01,5.883242e+01,5.968565e+01,6.024013e+01,6.069106e+01,6.111802e+01,6.200133e+01,6.245747e+01,6.293422e+01,6.369574e+01,6.427780e+01,6.521704e+01,6.573850e+01,6.614993e+01,6.704437e+01,6.776224e+01,6.866772e+01,6.927170e+01,7.006252e+01,7.043008e+01,7.107887e+01,7.192213e+01,7.249193e+01,7.322421e+01,7.376846e+01,7.444341e+01,7.526757e+01,7.585492e+01,7.671155e+01,7.763326e+01,7.790269e+01,7.861887e+01,7.917358e+01,7.990352e+01,8.039478e+01,8.074751e+01,8.147009e+01,8.211172e+01,8.249932e+01,8.334868e+01,8.368523e+01,8.432750e+01,8.465244e+01,8.500529e+01,8.562330e+01,8.621058e+01,8.656004e+01,8.729427e+01,8.745386e+01,8.781937e+01,8.814671e+01,8.874358e+01,8.895755e+01,8.917125e+01,8.955150e+01,8.943102e+01,8.981068e+01,8.981068e+01,9.007869e+01,9.023560e+01,9.023560e+01,9.023560e+01,9.023560e+01,9.023560e+01,9.061341e+01,9.053056e+01,9.053056e+01,9.053056e+01,9.053056e+01,9.053056e+01,9.053056e+01,9.053056e+01,9.053056e+01,9.053056e+01,9.053056e+01,9.053056e+01,9.053056e+01,9.053056e+01,9.053056e+01,9.053056e+01,9.053056e+01,9.053056e+01,9.053056e+01,9.053056e+01,9.015254e+01,9.021714e+01,9.023560e+01,9.023560e+01,9.023560e+01,9.023560e+01,9.023560e+01,9.023560e+01,9.023560e+01,9.023560e+01,9.023560e+01,9.023560e+01,9.023560e+01,8.997708e+01,8.997708e+01,8.997708e+01,8.997708e+01,8.997708e+01,8.997708e+01,8.997708e+01,8.997708e+01,8.969039e+01,8.969039e+01,8.969039e+01,8.969039e+01,8.969039e+01,8.969039e+01,8.969039e+01,8.969039e+01,8.969039e+01,8.969039e+01,8.969039e+01,8.969039e+01,8.943102e+01,8.943102e+01,8.943102e+01,8.943102e+01,8.943102e+01,8.943102e+01,8.943102e+01,8.943102e+01,8.911552e+01,8.911552e+01,8.911552e+01,8.911552e+01,8.873427e+01,8.879942e+01,8.881804e+01,8.881804e+01,8.881804e+01,8.881804e+01,8.881804e+01,8.881804e+01,8.853865e+01,8.836146e+01,8.836146e+01,8.836146e+01,8.804391e+01,8.804391e+01,8.804391e+01,8.804391e+01,8.804391e+01,8.757578e+01,8.757578e+01,8.757578e+01,8.757578e+01,8.721912e+01,8.718153e+01,8.716273e+01,8.716273e+01,8.716273e+01,8.699345e+01,8.674862e+01,8.674862e+01,8.636179e+01,8.636179e+01,8.629565e+01,8.611600e+01,8.597403e+01,8.597403e+01,8.597403e+01,8.558533e+01,8.561381e+01,8.561381e+01,8.561381e+01,8.561381e+01,8.561381e+01,8.531934e+01,8.505292e+01,8.505292e+01,8.505292e+01,8.505292e+01,8.505292e+01,8.466198e+01,8.463334e+01,8.463334e+01,8.463334e+01,8.463334e+01,8.463334e+01,8.463334e+01,8.463334e+01,8.463334e+01,8.463334e+01,8.463334e+01,8.424137e+01,8.427009e+01,8.427009e+01,8.427009e+01,8.427009e+01,8.427009e+01,8.466198e+01,8.441357e+01,8.441357e+01,8.441357e+01,8.441357e+01,8.441357e+01,8.441357e+01,8.441357e+01,8.441357e+01,8.441357e+01,8.441357e+01,8.441357e+01,8.441357e+01,8.441357e+01,8.441357e+01,8.441357e+01,8.469062e+01,8.469062e+01,8.469062e+01,8.469062e+01,8.469062e+01,8.469062e+01,8.508148e+01,8.501482e+01,8.499577e+01,8.491000e+01,8.491000e+01,8.491000e+01,8.530033e+01,8.528131e+01,8.555686e+01,8.530984e+01,8.546190e+01,8.550938e+01,8.542390e+01,8.542390e+01,8.542390e+01,8.542390e+01,8.542390e+01,8.542390e+01,8.542390e+01,8.542390e+01,8.542390e+01,8.542390e+01,8.542390e+01,8.503387e+01,8.528131e+01,8.506244e+01,8.491953e+01,8.491953e+01,8.491953e+01,8.486234e+01,8.461424e+01,8.447093e+01,8.439445e+01,8.439445e+01,8.439445e+01,8.400189e+01,8.373325e+01,8.398272e+01,8.373325e+01,8.373325e+01,8.341605e+01,8.317532e+01,8.286665e+01,8.266376e+01,8.227657e+01,8.207291e+01,8.209232e+01,8.131414e+01,8.084536e+01,8.052225e+01,8.011987e+01,7.944031e+01,7.900539e+01,7.861887e+01,7.801232e+01,7.744336e+01,7.707288e+01,7.673164e+01,7.601654e+01,7.557166e+01,7.475937e+01,7.426985e+01,7.349145e+01,7.305950e+01,7.255395e+01,7.203626e+01,7.116238e+01,7.060826e+01,7.013610e+01,6.934570e+01,6.871019e+01,6.827428e+01,6.751622e+01,6.713028e+01,6.631200e+01,6.591188e+01,6.507548e+01,6.466083e+01,6.383874e+01,6.291208e+01,6.247969e+01,6.184522e+01,6.116289e+01,6.033044e+01,5.953815e+01,5.904910e+01,5.826050e+01,5.778965e+01,5.681963e+01,5.592399e+01,5.545625e+01,5.481029e+01,5.395967e+01,5.342512e+01,5.256507e+01,5.159038e+01,5.091201e+01,5.043736e+01,4.999758e+01,4.916256e+01,4.834657e+01,4.777457e+01,4.712466e+01,4.673553e+01,4.630728e+01,4.553505e+01,4.494934e+01,4.456579e+01,4.403955e+01,4.375620e+01,4.334282e+01,4.285000e+01,4.211989e+01,4.159552e+01,4.124021e+01,4.079120e+01,4.048645e+01,3.994115e+01,3.962072e+01,3.935300e+01,3.905777e+01,3.861345e+01,3.837035e+01,3.800470e+01,3.774666e+01,3.756976e+01,3.709209e+01,3.687303e+01,3.661234e+01,3.630970e+01,3.630970e+01,3.630970e+01,3.630970e+01,3.630970e+01,3.630970e+01,3.669473e+01,3.725610e+01,3.718779e+01,3.722878e+01,3.722878e+01,3.722878e+01,3.763783e+01,3.763783e+01,3.763783e+01,3.819444e+01,3.818090e+01,3.818090e+01,3.873480e+01,3.857297e+01,3.827567e+01,3.865392e+01,3.865392e+01,3.865392e+01,3.865392e+01,3.865392e+01,3.865392e+01,3.865392e+01,3.920548e+01,3.885602e+01,3.885602e+01,3.885602e+01,3.885602e+01,3.940659e+01,3.928597e+01,3.928597e+01,3.928597e+01,3.928597e+01,3.983444e+01,3.948694e+01,3.967419e+01,3.972763e+01,3.972763e+01,4.008770e+01,4.008770e+01,4.008770e+01,4.063230e+01,4.055276e+01,4.055276e+01,4.055276e+01,4.109513e+01,4.106874e+01,4.109513e+01,4.109513e+01,4.109513e+01,4.109513e+01,4.163493e+01,4.147721e+01,4.147721e+01,4.147721e+01,4.147721e+01,4.147721e+01,4.147721e+01,4.147721e+01,4.147721e+01,4.147721e+01,4.093666e+01,4.109513e+01,4.109513e+01,4.109513e+01,4.109513e+01,4.109513e+01,4.109513e+01,4.109513e+01,4.109513e+01,4.109513e+01,4.055276e+01,4.071178e+01,4.071178e+01,4.071178e+01,4.071178e+01,4.071178e+01,4.016756e+01,4.032712e+01,4.032712e+01,4.032712e+01,4.032712e+01,4.032712e+01,4.032712e+01,4.032712e+01,4.032712e+01,4.032712e+01,4.032712e+01,3.978105e+01,3.994115e+01,3.994115e+01,3.994115e+01,3.994115e+01,3.994115e+01,3.994115e+01,3.994115e+01,3.994115e+01,3.994115e+01,3.939320e+01,3.955385e+01,3.955385e+01,3.955385e+01,3.955385e+01,3.955385e+01,3.955385e+01,3.955385e+01,3.955385e+01,3.955385e+01,3.955385e+01,3.900400e+01,3.912493e+01,3.912493e+01,3.912493e+01,3.912493e+01,3.912493e+01,3.912493e+01,3.912493e+01,3.912493e+01,3.912493e+01,3.912493e+01,3.912493e+01,3.912493e+01,3.912493e+01,3.912493e+01,3.912493e+01,3.912493e+01,3.870784e+01,3.870784e+01,3.870784e+01,3.870784e+01,3.870784e+01,3.870784e+01,3.870784e+01,3.870784e+01,3.870784e+01,3.870784e+01,3.870784e+01,3.870784e+01,3.870784e+01,3.870784e+01,3.870784e+01,3.815381e+01,3.822152e+01,3.834330e+01,3.834330e+01,3.834330e+01,3.834330e+01,3.834330e+01,3.834330e+01,3.834330e+01,3.834330e+01,3.834330e+01,3.834330e+01,3.834330e+01,3.834330e+01,3.834330e+01,3.834330e+01,3.834330e+01,3.834330e+01,3.776026e+01,3.776026e+01,3.831625e+01,3.815381e+01,3.815381e+01,3.815381e+01
3.636478e+01,3.650238e+01,3.650238e+01,3.650238e+01,3.650238e+01,3.650238e+01,3.650238e+01,3.650238e+01,3.650238e+01,3.650238e+01,3.706473e+01,3.694154e+01,3.694154e+01,3.694154e+01,3.706473e+01,3.774666e+01,3.739258e+01,3.739258e+01,3.795042e+01,3.790970e+01,3.790970e+01,3.790970e+01,3.790970e+01,3.846495e+01,3.830272e+01,3.854597e+01,3.855947e+01,3.855947e+01,3.855947e+01,3.855947e+01,3.855947e+01,3.855947e+01,3.855947e+01,3.885602e+01,3.940659e+01,3.924573e+01,3.948694e+01,3.960735e+01,3.960735e+01,3.999446e+01,3.999446e+01,4.036697e+01,4.056602e+01,4.056602e+01,4.110833e+01,4.105554e+01,4.105554e+01,4.105554e+01,4.105554e+01,4.105554e+01,4.159552e+01,4.154295e+01,4.154295e+01,4.154295e+01,4.154295e+01,4.154295e+01,4.154295e+01,4.154295e+01,4.154295e+01,4.154295e+01,4.154295e+01,4.154295e+01,4.100272e+01,4.134560e+01,4.110833e+01,4.108194e+01,4.108194e+01,4.108194e+01,4.108194e+01,4.108194e+01,4.108194e+01,4.053951e+01,4.057928e+01,4.057928e+01,4.057928e+01,4.057928e+01,4.003443e+01,4.019417e+01,3.995448e+01,4.003443e+01,3.948694e+01,3.964746e+01,3.964746e+01,3.964746e+01,3.964746e+01,3.964746e+01,3.964746e+01,3.964746e+01,3.964746e+01,4.007439e+01,3.991448e+01,4.034040e+01,4.068529e+01,4.117429e+01,4.164807e+01,4.214605e+01,4.228979e+01,4.281101e+01,4.309667e+01,4.385932e+01,4.398809e+01,4.434788e+01,4.485996e+01,4.535710e+01,4.581414e+01,4.625679e+01,4.671038e+01,4.721236e+01,4.783687e+01,4.834657e+01,4.926109e+01,5.007099e+01,4.994862e+01,5.079048e+01,5.134853e+01,5.184381e+01,5.285241e+01,5.344893e+01,5.429115e+01,5.482206e+01,5.536249e+01,5.585394e+01,5.662242e+01,5.728245e+01,5.821464e+01,5.879817e+01,5.895790e+01,5.971967e+01,6.027400e+01,6.072482e+01,6.115167e+01,6.203476e+01,6.249079e+01,6.296742e+01,6.372875e+01,6.431068e+01,6.524969e+01,6.577103e+01,6.618236e+01,6.707659e+01,6.779430e+01,6.869957e+01,6.930341e+01,7.009406e+01,7.046153e+01,7.111019e+01,7.195326e+01,7.252294e+01,7.325507e+01,7.421877e+01,7.455560e+01,7.530815e+01,7.630904e+01,7.674169e+01,7.756332e+01,7.793259e+01,7.866847e+01,7.962773e+01,8.001173e+01,8.045362e+01,8.080623e+01,8.152853e+01,8.216992e+01,8.255737e+01,8.340643e+01,8.374285e+01,8.438489e+01,8.470971e+01,8.545239e+01,8.572765e+01,8.627675e+01,8.662606e+01,8.716273e+01,8.750076e+01,8.788490e+01,8.821210e+01,8.872496e+01,8.896685e+01,8.926407e+01,8.942175e+01,8.959781e+01,8.968114e+01,8.981068e+01,9.002327e+01,9.002327e+01,9.023560e+01,9.023560e+01,9.023560e+01,9.061341e+01,9.053056e+01,9.053056e+01,9.053056e+01,9.053056e+01,9.053056e+01,9.053056e+01,9.053056e+01,9.053056e+01,9.053056e+01,9.053056e+01,9.053056e+01,9.053056e+01,9.053056e+01,9.053056e+01,9.053056e+01,9.053056e+01,9.053056e+01,9.053056e+01,9.053056e+01,9.053056e+01,9.053056e+01,9.053056e+01,9.053056e+01,9.053056e+01,9.053056e+01,9.023560e+01,9.023560e+01,9.023560e+01,9.023560e+01,9.023560e+01,9.023560e+01,9.023560e+01,9.023560e+01,9.023560e+01,8.997708e+01,8.997708e+01,8.997708e+01,8.997708e+01,8.997708e+01,8.997708e+01,8.997708e+01,8.997708e+01,8.997708e+01,8.969039e+01,8.969039e+01,8.969039e+01,8.969039e+01,8.969039e+01,8.969039e+01,8.969039e+01,8.969039e+01,8.969039e+01,8.969039e+01,8.943102e+01,8.943102e+01,8.943102e+01,8.943102e+01,8.943102e+01,8.943102e+01,8.943102e+01,8.943102e+01,8.911552e+01,8.911552e+01,8.911552e+01,8.911552e+01,8.911552e+01,8.911552e+01,8.881804e+01,8.881804e+01,8.881804e+01,8.881804e+01,8.843609e+01,8.848272e+01,8.857593e+01,8.836146e+01,8.836146e+01,8.836146e+01,8.804391e+01,8.804391e+01,8.804391e+01,8.804391e+01,8.766015e+01,8.766015e+01,8.766015e+01,8.766015e+01,8.727548e+01,8.734122e+01,8.734122e+01,8.734122e+01,8.695580e+01,8.706870e+01,8.686166e+01,8.680515e+01,8.662606e+01,8.649398e+01,8.649398e+01,8.649398e+01,8.649398e+01,8.597403e+01,8.597403e+01,8.597403e+01,8.597403e+01,8.561381e+01,8.561381e+01,8.561381e+01,8.561381e+01,8.561381e+01,8.561381e+01,8.544289e+01,8.519570e+01,8.519570e+01,8.519570e+01,8.480511e+01,8.478604e+01,8.478604e+01,8.478604e+01,8.478604e+01,8.478604e+01,8.478604e+01,8.478604e+01,8.439445e+01,8.450916e+01,8.450916e+01,8.450916e+01,8.450916e+01,8.450916e+01,8.450916e+01,8.450916e+01,8.450916e+01,8.450916e+01,8.450916e+01,8.450916e+01,8.450916e+01,8.450916e+01,8.450916e+01,8.450916e+01,8.450916e+01,8.450916e+01,8.450916e+01,8.450916e+01,8.450916e+01,8.450916e+01,8.450916e+01,8.450916e+01,8.450916e+01,8.450916e+01,8.450916e+01,8.450916e+01,8.450916e+01,8.490047e+01,8.478604e+01,8.496718e+01,8.495765e+01,8.495765e+01,8.495765e+01,8.495765e+01,8.495765e+01,8.534786e+01,8.526229e+01,8.539539e+01,8.544289e+01,8.536687e+01,8.536687e+01,8.536687e+01,8.536687e+01,8.575610e+01,8.550938e+01,8.550938e+01,8.550938e+01,8.550938e+01,8.511956e+01,8.523376e+01,8.523376e+01,8.523376e+01,8.523376e+01,8.523376e+01,8.523376e+01,8.523376e+01,8.491953e+01,8.491953e+01,8.491953e+01,8.491953e+01,8.491953e+01,8.447093e+01,8.447093e+01,8.447093e+01,8.407857e+01,8.396355e+01,8.384844e+01,8.386763e+01,8.379086e+01,8.360837e+01,8.343529e+01,8.316568e+01,8.283768e+01,8.256705e+01,8.269276e+01,8.241219e+01,8.201467e+01,8.124586e+01,8.077687e+01,8.045362e+01,8.005106e+01,7.937120e+01,7.893609e+01,7.854939e+01,7.794257e+01,7.778300e+01,7.709293e+01,7.668140e+01,7.594585e+01,7.550076e+01,7.468809e+01,7.419833e+01,7.341955e+01,7.298739e+01,7.248158e+01,7.196365e+01,7.108932e+01,7.053492e+01,7.006252e+01,6.927170e+01,6.863586e+01,6.819972e+01,6.744126e+01,6.705511e+01,6.623640e+01,6.583605e+01,6.499918e+01,6.458430e+01,6.376176e+01,6.328792e+01,6.250189e+01,6.180058e+01,6.109558e+01,6.026271e+01,5.947002e+01,5.898071e+01,5.819170e+01,5.772060e+01,5.675006e+01,5.585394e+01,5.538594e+01,5.473962e+01,5.388853e+01,5.335367e+01,5.249313e+01,5.151787e+01,5.133643e+01,5.047393e+01,4.997311e+01,4.910093e+01,4.828452e+01,4.771223e+01,4.716225e+01,4.664749e+01,4.624417e+01,4.547152e+01,4.498763e+01,4.447611e+01,4.407814e+01,4.375620e+01,4.321333e+01,4.278500e+01,4.258978e+01,4.187111e+01,4.176620e+01,4.112152e+01,4.053951e+01,4.003443e+01,3.979440e+01,3.933960e+01,3.892331e+01,3.880216e+01,3.837035e+01,3.808606e+01,3.774666e+01,3.731071e+01,3.728341e+01,3.687303e+01,3.641985e+01,3.639232e+01,3.639232e+01,3.639232e+01,3.639232e+01,3.639232e+01,3.639232e+01,3.669473e+01,3.706473e+01,3.706473e+01,3.706473e+01,3.706473e+01,3.762422e+01,3.759700e+01,3.759700e+01,3.759700e+01,3.819444e+01,3.819444e+01,3.819444e+01,3.819444e+01,3.857297e+01,3.843793e+01,3.857297e+01,3.857297e+01,3.912493e+01,3.877522e+01,3.877522e+01,3.877522e+01,3.877522e+01,3.877522e+01,3.877522e+01,3.877522e+01,3.932619e+01,3.923232e+01,3.923232e+01,3.923232e+01,3.923232e+01,3.923232e+01,3.923232e+01,3.928597e+01,3.941999e+01,3.996781e+01,3.980775e+01,3.999446e+01,4.000779e+01,4.000779e+01,4.055276e+01,4.051298e+01,4.051298e+01,4.051298e+01,4.105554e+01,4.097630e+01,4.097630e+01,4.097630e+01,4.097630e+01,4.151666e+01,4.149036e+01,4.146405e+01,4.146405e+01,4.146405e+01,4.146405e+01,4.146405e+01,4.146405e+01,4.146405e+01,4.146405e+01,4.146405e+01,4.146405e+01,4.146405e+01,4.146405e+01,4.109513e+01,4.109513e+01,4.109513e+01,4.109513e+01,4.109513e+01,4.109513e+01,4.109513e+01,4.109513e+01,4.055276e+01,4.055276e+01,4.055276e+01,4.055276e+01,4.055276e+01,4.055276e+01,4.055276e+01,4.055276e+01,4.055276e+01,4.055276e+01,4.000779e+01,4.016756e+01,4.016756e+01,4.016756e+01,4.016756e+01,4.016756e+01,4.016756e+01,4.016756e+01,4.016756e+01,4.016756e+01,3.962072e+01,3.978105e+01,3.978105e+01,3.978105e+01,3.978105e+01,3.978105e+01,3.978105e+01,3.978105e+01,3.978105e+01,3.978105e+01,3.978105e+01,3.978105e+01,3.978105e+01,3.923232e+01,3.939320e+01,3.939320e+01,3.939320e+01,3.939320e+01,3.939320e+01,3.939320e+01,3.939320e+01,3.939320e+01,3.939320e+01,3.884256e+01,3.900400e+01,3.900400e+01,3.900400e+01,3.900400e+01,3.900400e+01,3.900400e+01,3.900400e+01,3.900400e+01,3.900400e+01,3.900400e+01,3.900400e+01,3.900400e+01,3.900400e+01,3.900400e+01,3.900400e+01,3.900400e+01,3.900400e+01,3.870784e+01,3.870784e+01,3.870784e+01,3.870784e+01,3.870784e+01,3.870784e+01,3.870784e+01,3.870784e+01,3.870784e+01,3.870784e+01,3.870784e+01,3.870784e+01,3.870784e+01,3.870784e+01,3.870784e+01,3.870784e+01,3.834330e+01,3.834330e+01,3.834330e+01,3.834330e+01,3.834330e+01,3.834330e+01,3.834330e+01,3.834330e+01,3.834330e+01,3.834330e+01,3.834330e+01,3.834330e+01,3.834330e+01,3.834330e+01,3.778744e+01,3.795042e+01,3.795042e+01
3.692784e+01,3.657112e+01,3.657112e+01,3.657112e+01,3.657112e+01,3.657112e+01,3.657112e+01,3.657112e+01,3.657112e+01,3.657112e+01,3.706473e+01,3.706473e+01,3.706473e+01,3.706473e+01,3.762422e+01,3.763783e+01,3.747440e+01,3.773306e+01,3.777385e+01,3.777385e+01,3.832978e+01,3.816735e+01,3.842442e+01,3.834330e+01,3.834330e+01,3.834330e+01,3.889640e+01,3.873480e+01,3.873480e+01,3.873480e+01,3.873480e+01,3.873480e+01,3.873480e+01,3.873480e+01,3.885602e+01,3.920548e+01,3.920548e+01,3.960735e+01,3.979440e+01,3.991448e+01,4.010102e+01,4.028725e+01,4.056602e+01,4.081766e+01,4.092345e+01,4.092345e+01,4.146405e+01,4.130609e+01,4.130609e+01,4.130609e+01,4.130609e+01,4.130609e+01,4.130609e+01,4.130609e+01,4.130609e+01,4.130609e+01,4.130609e+01,4.130609e+01,4.130609e+01,4.130609e+01,4.130609e+01,4.130609e+01,4.130609e+01,4.130609e+01,4.130609e+01,4.130609e+01,4.130609e+01,4.076473e+01,4.092345e+01,4.092345e+01,4.092345e+01,4.092345e+01,4.057928e+01,4.057928e+01,4.057928e+01,4.057928e+01,4.003443e+01,4.003443e+01,4.003443e+01,4.003443e+01,3.948694e+01,3.948694e+01,3.948694e+01,3.948694e+01,3.948694e+01,3.948694e+01,3.948694e+01,3.948694e+01,3.948694e+01,4.007439e+01,4.010102e+01,4.038025e+01,4.081766e+01,4.122703e+01,4.170059e+01,4.196283e+01,4.235508e+01,4.277200e+01,4.318742e+01,4.367881e+01,4.398809e+01,4.447611e+01,4.491105e+01,4.540797e+01,4.586481e+01,4.630728e+01,4.676068e+01,4.726244e+01,4.788669e+01,4.839618e+01,4.880469e+01,4.969125e+01,5.004652e+01,5.083910e+01,5.139693e+01,5.189202e+01,5.290023e+01,5.349652e+01,5.433843e+01,5.486914e+01,5.540938e+01,5.637840e+01,5.675006e+01,5.734018e+01,5.827196e+01,5.863824e+01,5.901490e+01,5.977634e+01,6.033044e+01,6.078106e+01,6.120774e+01,6.209045e+01,6.254630e+01,6.302273e+01,6.378376e+01,6.436544e+01,6.530409e+01,6.582522e+01,6.667867e+01,6.719468e+01,6.785839e+01,6.876326e+01,6.936683e+01,6.972564e+01,7.043008e+01,7.113107e+01,7.200515e+01,7.257462e+01,7.337844e+01,7.412677e+01,7.493236e+01,7.533858e+01,7.621832e+01,7.671155e+01,7.759329e+01,7.799239e+01,7.878748e+01,7.953898e+01,7.998222e+01,8.048304e+01,8.126537e+01,8.163560e+01,8.223779e+01,8.262508e+01,8.347377e+01,8.381005e+01,8.445181e+01,8.477650e+01,8.542390e+01,8.579402e+01,8.634290e+01,8.669206e+01,8.722851e+01,8.756641e+01,8.795039e+01,8.827746e+01,8.869703e+01,8.896685e+01,8.920838e+01,8.942175e+01,8.980143e+01,8.969039e+01,8.994012e+01,8.996784e+01,9.009715e+01,9.018024e+01,9.018024e+01,9.055817e+01,9.053056e+01,9.053056e+01,9.053056e+01,9.053056e+01,9.053056e+01,9.053056e+01,9.053056e+01,9.053056e+01,9.053056e+01,9.053056e+01,9.053056e+01,9.053056e+01,9.053056e+01,9.053056e+01,9.053056e+01,9.053056e+01,9.053056e+01,9.053056e+01,9.053056e+01,9.053056e+01,9.053056e+01,9.053056e+01,9.053056e+01,9.015254e+01,9.039236e+01,9.026327e+01,9.026327e+01,9.026327e+01,9.026327e+01,9.026327e+01,9.026327e+01,9.026327e+01,9.026327e+01,9.026327e+01,9.026327e+01,8.997708e+01,8.997708e+01,8.997708e+01,8.997708e+01,8.997708e+01,8.997708e+01,8.997708e+01,8.997708e+01,8.997708e+01,8.997708e+01,8.997708e+01,8.969039e+01,8.969039e+01,8.969039e+01,8.969039e+01,8.969039e+01,8.969039e+01,8.969039e+01,8.931046e+01,8.940321e+01,8.940321e+01,8.940321e+01,8.940321e+01,8.940321e+01,8.940321e+01,8.940321e+01,8.940321e+01,8.940321e+01,8.911552e+01,8.911552e+01,8.911552e+01,8.911552e+01,8.911552e+01,8.881804e+01,8.881804e+01,8.881804e+01,8.881804e+01,8.881804e+01,8.848272e+01,8.844542e+01,8.841743e+01,8.841743e+01,8.841743e+01,8.804391e+01,8.804391e+01,8.804391e+01,8.804391e+01,8.766015e+01,8.766015e+01,8.766015e+01,8.766015e+01,8.727548e+01,8.727548e+01,8.727548e+01,8.727548e+01,8.727548e+01,8.706870e+01,8.691815e+01,8.691815e+01,8.662606e+01,8.662606e+01,8.662606e+01,8.662606e+01,8.623894e+01,8.609708e+01,8.609708e+01,8.609708e+01,8.570868e+01,8.573713e+01,8.573713e+01,8.573713e+01,8.573713e+01,8.534786e+01,8.546190e+01,8.530984e+01,8.525278e+01,8.525278e+01,8.525278e+01,8.519570e+01,8.492906e+01,8.492906e+01,8.492906e+01,8.453783e+01,8.465244e+01,8.465244e+01,8.465244e+01,8.465244e+01,8.465244e+01,8.465244e+01,8.465244e+01,8.465244e+01,8.465244e+01,8.465244e+01,8.465244e+01,8.465244e+01,8.465244e+01,8.465244e+01,8.465244e+01,8.465244e+01,8.465244e+01,8.426051e+01,8.437532e+01,8.437532e+01,8.437532e+01,8.437532e+01,8.437532e+01,8.437532e+01,8.437532e+01,8.437532e+01,8.437532e+01,8.476696e+01,8.465244e+01,8.465244e+01,8.465244e+01,8.504339e+01,8.495765e+01,8.495765e+01,8.495765e+01,8.495765e+01,8.495765e+01,8.495765e+01,8.495765e+01,8.534786e+01,8.526229e+01,8.526229e+01,8.526229e+01,8.526229e+01,8.526229e+01,8.565176e+01,8.553787e+01,8.571816e+01,8.568023e+01,8.556635e+01,8.556635e+01,8.556635e+01,8.556635e+01,8.556635e+01,8.556635e+01,8.523376e+01,8.523376e+01,8.523376e+01,8.523376e+01,8.523376e+01,8.523376e+01,8.523376e+01,8.491953e+01,8.491953e+01,8.491953e+01,8.491953e+01,8.447093e+01,8.447093e+01,8.447093e+01,8.407857e+01,8.407857e+01,8.407857e+01,8.386763e+01,8.386763e+01,8.360837e+01,8.330054e+01,8.306928e+01,8.286665e+01,8.265409e+01,8.255737e+01,8.231533e+01,8.194670e+01,8.157721e+01,8.119707e+01,8.057124e+01,8.011004e+01,7.937120e+01,7.887666e+01,7.848981e+01,7.808205e+01,7.773310e+01,7.703278e+01,7.662107e+01,7.588524e+01,7.543996e+01,7.504418e+01,7.423920e+01,7.382995e+01,7.308010e+01,7.252294e+01,7.195326e+01,7.146468e+01,7.058731e+01,7.007303e+01,6.923997e+01,6.859337e+01,6.815710e+01,6.739841e+01,6.701214e+01,6.619317e+01,6.579271e+01,6.495557e+01,6.454057e+01,6.371775e+01,6.324376e+01,6.245747e+01,6.175593e+01,6.105070e+01,6.021754e+01,5.988961e+01,5.904910e+01,5.822610e+01,5.772060e+01,5.671526e+01,5.629696e+01,5.546796e+01,5.479851e+01,5.392411e+01,5.336558e+01,5.248114e+01,5.168699e+01,5.127588e+01,5.044955e+01,4.994862e+01,4.907627e+01,4.876761e+01,4.781195e+01,4.723740e+01,4.676068e+01,4.623154e+01,4.544611e+01,4.496211e+01,4.451455e+01,4.407814e+01,4.362718e+01,4.318742e+01,4.296691e+01,4.252463e+01,4.205447e+01,4.170059e+01,4.109513e+01,4.051298e+01,4.022078e+01,3.972763e+01,3.937980e+01,3.904433e+01,3.873480e+01,3.832978e+01,3.804538e+01,3.770586e+01,3.739258e+01,3.717413e+01,3.673590e+01,3.661234e+01,3.661234e+01,3.661234e+01,3.661234e+01,3.661234e+01,3.661234e+01,3.661234e+01,3.661234e+01,3.661234e+01,3.706473e+01,3.706473e+01,3.706473e+01,3.762422e+01,3.762422e+01,3.762422e+01,3.818090e+01,3.807250e+01,3.807250e+01,3.862694e+01,3.862694e+01,3.858646e+01,3.858646e+01,3.858646e+01,3.858646e+01,3.858646e+01,3.913836e+01,3.897711e+01,3.897711e+01,3.897711e+01,3.897711e+01,3.897711e+01,3.897711e+01,3.897711e+01,3.897711e+01,3.897711e+01,3.952709e+01,3.936640e+01,3.936640e+01,3.936640e+01,3.936640e+01,3.991448e+01,3.984778e+01,3.984778e+01,3.984778e+01,4.039353e+01,4.036697e+01,4.038025e+01,4.038025e+01,4.038025e+01,4.092345e+01,4.088379e+01,4.088379e+01,4.088379e+01,4.088379e+01,4.142458e+01,4.139826e+01,4.139826e+01,4.139826e+01,4.139826e+01,4.139826e+01,4.139826e+01,4.139826e+01,4.139826e+01,4.139826e+01,4.139826e+01,4.139826e+01,4.139826e+01,4.139826e+01,4.139826e+01,4.139826e+01,4.139826e+01,4.109513e+01,4.109513e+01,4.109513e+01,4.109513e+01,4.109513e+01,4.109513e+01,4.055276e+01,4.055276e+01,4.055276e+01,4.055276e+01,4.055276e+01,4.055276e+01,4.055276e+01,4.055276e+01,4.055276e+01,4.055276e+01,4.000779e+01,4.000779e+01,4.000779e+01,4.000779e+01,4.000779e+01,4.000779e+01,4.000779e+01,4.000779e+01,4.000779e+01,4.000779e+01,4.000779e+01,4.000779e+01,4.000779e+01,4.000779e+01,4.000779e+01,4.000779e+01,4.000779e+01,3.946016e+01,3.962072e+01,3.962072e+01,3.962072e+01,3.962072e+01,3.962072e+01,3.962072e+01,3.962072e+01,3.962072e+01,3.962072e+01,3.962072e+01,3.907120e+01,3.923232e+01,3.923232e+01,3.923232e+01,3.923232e+01,3.923232e+01,3.923232e+01,3.923232e+01,3.923232e+01,3.923232e+01,3.923232e+01,3.868088e+01,3.884256e+01,3.884256e+01,3.884256e+01,3.884256e+01,3.884256e+01,3.884256e+01,3.884256e+01,3.884256e+01,3.884256e+01,3.884256e+01,3.884256e+01,3.884256e+01,3.884256e+01,3.884256e+01,3.884256e+01,3.884256e+01,3.884256e+01,3.828920e+01,3.845144e+01,3.845144e+01,3.845144e+01,3.845144e+01,3.845144e+01,3.845144e+01,3.845144e+01,3.845144e+01,3.845144e+01,3.845144e+01,3.845144e+01,3.845144e+01,3.845144e+01,3.845144e+01,3.845144e+01,3.845144e+01,3.845144e+01,3.789612e+01,3.824860e+01,3.824860e+01,3.824860e+01,3.824860e+01,3.824860e+01,3.824860e+01,3.824860e+01,3.795042e+01
3.681820e+01,3.665354e+01,3.665354e+01,3.665354e+01,3.665354e+01,3.665354e+01,3.665354e+01,3.665354e+01,3.665354e+01,3.665354e+01,3.665354e+01,3.706473e+01,3.706473e+01,3.706473e+01,3.706473e+01,3.763783e+01,3.763783e+01,3.763783e+01,3.763783e+01,3.763783e+01,3.777385e+01,3.812671e+01,3.812671e+01,3.868088e+01,3.851897e+01,3.877522e+01,3.872132e+01,3.872132e+01,3.872132e+01,3.872132e+01,3.872132e+01,3.872132e+01,3.872132e+01,3.872132e+01,3.927256e+01,3.923232e+01,3.941999e+01,3.952709e+01,4.007439e+01,3.991448e+01,4.045991e+01,4.045991e+01,4.048645e+01,4.081766e+01,4.081766e+01,4.081766e+01,4.146405e+01,4.146405e+01,4.146405e+01,4.146405e+01,4.146405e+01,4.146405e+01,4.146405e+01,4.146405e+01,4.146405e+01,4.146405e+01,4.146405e+01,4.146405e+01,4.146405e+01,4.146405e+01,4.146405e+01,4.092345e+01,4.108194e+01,4.108194e+01,4.108194e+01,4.108194e+01,4.108194e+01,4.108194e+01,4.108194e+01,4.108194e+01,4.053951e+01,4.053951e+01,4.057928e+01,4.057928e+01,4.057928e+01,4.003443e+01,4.015426e+01,4.015426e+01,4.015426e+01,4.015426e+01,4.003443e+01,3.968755e+01,3.968755e+01,3.968755e+01,3.968755e+01,3.968755e+01,3.968755e+01,3.968755e+01,3.968755e+01,4.007439e+01,4.028725e+01,4.051298e+01,4.077797e+01,4.131926e+01,4.151666e+01,4.196283e+01,4.239423e+01,4.281101e+01,4.331693e+01,4.364009e+01,4.407814e+01,4.450174e+01,4.493658e+01,4.543340e+01,4.589014e+01,4.633251e+01,4.678581e+01,4.728747e+01,4.791159e+01,4.842097e+01,4.882941e+01,4.915023e+01,5.035197e+01,5.093630e+01,5.142113e+01,5.191612e+01,5.243315e+01,5.340131e+01,5.425567e+01,5.479851e+01,5.535077e+01,5.628532e+01,5.677325e+01,5.735173e+01,5.823757e+01,5.871824e+01,5.949274e+01,5.990093e+01,6.035300e+01,6.080355e+01,6.123016e+01,6.211273e+01,6.256849e+01,6.304485e+01,6.380575e+01,6.483557e+01,6.542369e+01,6.585773e+01,6.671098e+01,6.722687e+01,6.789043e+01,6.879509e+01,6.939852e+01,6.975726e+01,7.046153e+01,7.116238e+01,7.203626e+01,7.260562e+01,7.340927e+01,7.415745e+01,7.496286e+01,7.578416e+01,7.632919e+01,7.675174e+01,7.763326e+01,7.803225e+01,7.882712e+01,7.957843e+01,8.002157e+01,8.052225e+01,8.130438e+01,8.167453e+01,8.227657e+01,8.266376e+01,8.351224e+01,8.384844e+01,8.449004e+01,8.481465e+01,8.546190e+01,8.583193e+01,8.638068e+01,8.672977e+01,8.726609e+01,8.760391e+01,8.798780e+01,8.831480e+01,8.866909e+01,8.896685e+01,8.923623e+01,8.951443e+01,8.967188e+01,8.980143e+01,8.988465e+01,9.026327e+01,9.015254e+01,9.015254e+01,9.015254e+01,9.055817e+01,9.055817e+01,9.055817e+01,9.055817e+01,9.055817e+01,9.055817e+01,9.055817e+01,9.055817e+01,9.055817e+01,9.055817e+01,9.055817e+01,9.055817e+01,9.055817e+01,9.055817e+01,9.055817e+01,9.055817e+01,9.055817e+01,9.055817e+01,9.055817e+01,9.055817e+01,9.055817e+01,9.018024e+01,9.042001e+01,9.062262e+01,9.047529e+01,9.038314e+01,9.038314e+01,9.038314e+01,9.038314e+01,9.000480e+01,9.011562e+01,9.011562e+01,9.011562e+01,9.011562e+01,9.011562e+01,9.011562e+01,9.011562e+01,9.011562e+01,9.011562e+01,9.011562e+01,9.011562e+01,9.011562e+01,9.011562e+01,8.973666e+01,8.984767e+01,8.984767e+01,8.984767e+01,8.984767e+01,8.984767e+01,8.984767e+01,8.984767e+01,8.946810e+01,8.957928e+01,8.978293e+01,8.953297e+01,8.942175e+01,8.942175e+01,8.942175e+01,8.942175e+01,8.942175e+01,8.942175e+01,8.942175e+01,8.904121e+01,8.908766e+01,8.918053e+01,8.918053e+01,8.918053e+01,8.918053e+01,8.918053e+01,8.881804e+01,8.881804e+01,8.881804e+01,8.881804e+01,8.881804e+01,8.848272e+01,8.848272e+01,8.848272e+01,8.848272e+01,8.809999e+01,8.812802e+01,8.812802e+01,8.812802e+01,8.812802e+01,8.804391e+01,8.780065e+01,8.780065e+01,8.780065e+01,8.766015e+01,8.741632e+01,8.741632e+01,8.741632e+01,8.703108e+01,8.705930e+01,8.705930e+01,8.705930e+01,8.662606e+01,8.662606e+01,8.662606e+01,8.662606e+01,8.623894e+01,8.623894e+01,8.623894e+01,8.623894e+01,8.609708e+01,8.585088e+01,8.585088e+01,8.585088e+01,8.585088e+01,8.573713e+01,8.549039e+01,8.549039e+01,8.549039e+01,8.525278e+01,8.525278e+01,8.525278e+01,8.525278e+01,8.492906e+01,8.475742e+01,8.467152e+01,8.467152e+01,8.467152e+01,8.467152e+01,8.467152e+01,8.467152e+01,8.467152e+01,8.467152e+01,8.467152e+01,8.467152e+01,8.467152e+01,8.467152e+01,8.467152e+01,8.467152e+01,8.467152e+01,8.467152e+01,8.467152e+01,8.467152e+01,8.467152e+01,8.467152e+01,8.467152e+01,8.467152e+01,8.467152e+01,8.467152e+01,8.467152e+01,8.467152e+01,8.467152e+01,8.467152e+01,8.467152e+01,8.467152e+01,8.467152e+01,8.467152e+01,8.504339e+01,8.504339e+01,8.504339e+01,8.504339e+01,8.504339e+01,8.504339e+01,8.504339e+01,8.543340e+01,8.534786e+01,8.534786e+01,8.534786e+01,8.534786e+01,8.534786e+01,8.534786e+01,8.534786e+01,8.534786e+01,8.571816e+01,8.571816e+01,8.532885e+01,8.544289e+01,8.544289e+01,8.544289e+01,8.544289e+01,8.544289e+01,8.544289e+01,8.544289e+01,8.544289e+01,8.544289e+01,8.544289e+01,8.523376e+01,8.506244e+01,8.505292e+01,8.505292e+01,8.505292e+01,8.466198e+01,8.459514e+01,8.420308e+01,8.422223e+01,8.420308e+01,8.420308e+01,8.381005e+01,8.383884e+01,8.370444e+01,8.357954e+01,8.327165e+01,8.304035e+01,8.283768e+01,8.271209e+01,8.247996e+01,8.221841e+01,8.190785e+01,8.153826e+01,8.115804e+01,8.053205e+01,8.007072e+01,7.973614e+01,7.893609e+01,7.851960e+01,7.808205e+01,7.770315e+01,7.700269e+01,7.659090e+01,7.585492e+01,7.540956e+01,7.501369e+01,7.420855e+01,7.379921e+01,7.304920e+01,7.249193e+01,7.192213e+01,7.143343e+01,7.055588e+01,7.004148e+01,6.964129e+01,6.866772e+01,6.821038e+01,6.743055e+01,6.702289e+01,6.662481e+01,6.589022e+01,6.503189e+01,6.459524e+01,6.375076e+01,6.325480e+01,6.244637e+01,6.173360e+01,6.102825e+01,6.025142e+01,5.981033e+01,5.902630e+01,5.820317e+01,5.769758e+01,5.669206e+01,5.627368e+01,5.544453e+01,5.477496e+01,5.390039e+01,5.334176e+01,5.245715e+01,5.215687e+01,5.137273e+01,5.053487e+01,5.002206e+01,4.918720e+01,4.875525e+01,4.779949e+01,4.773717e+01,4.687376e+01,4.634513e+01,4.556044e+01,4.507692e+01,4.462980e+01,4.419382e+01,4.374331e+01,4.348509e+01,4.288898e+01,4.252463e+01,4.209373e+01,4.160866e+01,4.109513e+01,4.109513e+01,4.042009e+01,3.998114e+01,3.959398e+01,3.921890e+01,3.886948e+01,3.842442e+01,3.809961e+01,3.771946e+01,3.748802e+01,3.707841e+01,3.681820e+01,3.681820e+01,3.681820e+01,3.625458e+01,3.641985e+01,3.641985e+01,3.698262e+01,3.681820e+01,3.681820e+01,3.681820e+01,3.681820e+01,3.737894e+01,3.735165e+01,3.744713e+01,3.800470e+01,3.797756e+01,3.800470e+01,3.800470e+01,3.800470e+01,3.862694e+01,3.862694e+01,3.862694e+01,3.862694e+01,3.862694e+01,3.862694e+01,3.862694e+01,3.913836e+01,3.913836e+01,3.913836e+01,3.913836e+01,3.913836e+01,3.913836e+01,3.913836e+01,3.913836e+01,3.913836e+01,3.913836e+01,3.913836e+01,3.968755e+01,3.952709e+01,3.952709e+01,3.952709e+01,3.991448e+01,3.991448e+01,3.991448e+01,3.991448e+01,4.039353e+01,4.039353e+01,4.039353e+01,4.039353e+01,4.039353e+01,4.092345e+01,4.092345e+01,4.092345e+01,4.092345e+01,4.146405e+01,4.134560e+01,4.134560e+01,4.134560e+01,4.134560e+01,4.134560e+01,4.134560e+01,4.134560e+01,4.134560e+01,4.134560e+01,4.134560e+01,4.134560e+01,4.134560e+01,4.134560e+01,4.134560e+01,4.134560e+01,4.134560e+01,4.134560e+01,4.134560e+01,4.134560e+01,4.134560e+01,4.080443e+01,4.096309e+01,4.072502e+01,4.072502e+01,4.072502e+01,4.072502e+01,4.072502e+01,4.072502e+01,4.072502e+01,4.072502e+01,4.072502e+01,4.072502e+01,4.072502e+01,4.055276e+01,4.020747e+01,4.020747e+01,4.020747e+01,4.020747e+01,4.020747e+01,4.020747e+01,4.020747e+01,4.020747e+01,4.020747e+01,4.020747e+01,4.020747e+01,4.020747e+01,3.966082e+01,3.982109e+01,3.982109e+01,3.982109e+01,3.982109e+01,3.982109e+01,3.982109e+01,3.982109e+01,3.982109e+01,3.982109e+01,3.927256e+01,3.943338e+01,3.943338e+01,3.943338e+01,3.943338e+01,3.943338e+01,3.943338e+01,3.943338e+01,3.943338e+01,3.943338e+01,3.943338e+01,3.888294e+01,3.904433e+01,3.904433e+01,3.904433e+01,3.904433e+01,3.904433e+01,3.904433e+01,3.904433e+01,3.904433e+01,3.904433e+01,3.904433e+01,3.904433e+01,3.904433e+01,3.904433e+01,3.904433e+01,3.904433e+01,3.904433e+01,3.904433e+01,3.849196e+01,3.865392e+01,3.865392e+01,3.865392e+01,3.865392e+01,3.865392e+01,3.865392e+01,3.865392e+01,3.865392e+01,3.865392e+01,3.865392e+01,3.865392e+01,3.865392e+01,3.865392e+01,3.809961e+01,3.826213e+01,3.826213e+01,3.826213e+01,3.826213e+01,3.826213e+01,3.826213e+01,3.826213e+01,3.826213e+01,3.826213e+01,3.826213e+01,3.826213e+01,3.826213e+01,3.826213e+01,3.826213e+01,3.826213e+01,3.826213e+01,3.826213e+01
3.681820e+01,3.681820e+01,3.681820e+01,3.681820e+01,3.681820e+01,3.625458e+01,3.641985e+01,3.698262e+01,3.681820e+01,3.681820e+01,3.681820e+01,3.737894e+01,3.721512e+01,3.721512e+01,3.721512e+01,3.763783e+01,3.763783e+01,3.763783e+01,3.819444e+01,3.784180e+01,3.803182e+01,3.804538e+01,3.828920e+01,3.849196e+01,3.849196e+01,3.849196e+01,3.849196e+01,3.849196e+01,3.849196e+01,3.849196e+01,3.849196e+01,3.904433e+01,3.888294e+01,3.912493e+01,3.909807e+01,3.964746e+01,3.948694e+01,3.976770e+01,3.988781e+01,4.012764e+01,4.027396e+01,4.027396e+01,4.081766e+01,4.077797e+01,4.077797e+01,4.131926e+01,4.134560e+01,4.134560e+01,4.134560e+01,4.134560e+01,4.134560e+01,4.134560e+01,4.134560e+01,4.134560e+01,4.134560e+01,4.134560e+01,4.134560e+01,4.134560e+01,4.134560e+01,4.134560e+01,4.134560e+01,4.134560e+01,4.134560e+01,4.134560e+01,4.134560e+01,4.080443e+01,4.096309e+01,4.096309e+01,4.096309e+01,4.096309e+01,4.096309e+01,4.096309e+01,4.057928e+01,4.057928e+01,4.057928e+01,4.003443e+01,4.057928e+01,3.987447e+01,4.004775e+01,4.004775e+01,4.004775e+01,3.968755e+01,3.968755e+01,3.968755e+01,3.968755e+01,3.968755e+01,3.968755e+01,3.968755e+01,3.968755e+01,4.007439e+01,4.061905e+01,4.044664e+01,4.094987e+01,4.113472e+01,4.156924e+01,4.196283e+01,4.234202e+01,4.288898e+01,4.326514e+01,4.371751e+01,4.407814e+01,4.450174e+01,4.493658e+01,4.543340e+01,4.589014e+01,4.633251e+01,4.678581e+01,4.728747e+01,4.791159e+01,4.842097e+01,4.928571e+01,4.978936e+01,5.032756e+01,5.091201e+01,5.139693e+01,5.189202e+01,5.290023e+01,5.353221e+01,5.426750e+01,5.481029e+01,5.536249e+01,5.629696e+01,5.678485e+01,5.736327e+01,5.824903e+01,5.872966e+01,5.903770e+01,5.979900e+01,6.025142e+01,6.070231e+01,6.158835e+01,6.220178e+01,6.257959e+01,6.305591e+01,6.393765e+01,6.473730e+01,6.533672e+01,6.578187e+01,6.664635e+01,6.717322e+01,6.784771e+01,6.876326e+01,6.937740e+01,7.017814e+01,7.057684e+01,7.118324e+01,7.205701e+01,7.304920e+01,7.352225e+01,7.418811e+01,7.499336e+01,7.581449e+01,7.635941e+01,7.719314e+01,7.774308e+01,7.847987e+01,7.893609e+01,7.962773e+01,8.007072e+01,8.057124e+01,8.135314e+01,8.172317e+01,8.232502e+01,8.271209e+01,8.356031e+01,8.389641e+01,8.453783e+01,8.486234e+01,8.550938e+01,8.587931e+01,8.642789e+01,8.677689e+01,8.731305e+01,8.765077e+01,8.803455e+01,8.836146e+01,8.864115e+01,8.896685e+01,8.926407e+01,8.945883e+01,8.967188e+01,9.005098e+01,9.003251e+01,9.013409e+01,9.013409e+01,9.013409e+01,9.051213e+01,9.047529e+01,9.047529e+01,9.047529e+01,9.047529e+01,9.047529e+01,9.047529e+01,9.047529e+01,9.047529e+01,9.085256e+01,9.073303e+01,9.073303e+01,9.073303e+01,9.073303e+01,9.073303e+01,9.073303e+01,9.073303e+01,9.073303e+01,9.035548e+01,9.047529e+01,9.085256e+01,9.058580e+01,9.043843e+01,9.048450e+01,9.056738e+01,9.056738e+01,9.056738e+01,9.056738e+01,9.056738e+01,9.018946e+01,9.050292e+01,9.026327e+01,9.026327e+01,9.026327e+01,9.026327e+01,9.026327e+01,9.026327e+01,8.988465e+01,9.000480e+01,9.000480e+01,9.000480e+01,9.000480e+01,9.000480e+01,9.000480e+01,9.000480e+01,9.000480e+01,9.000480e+01,9.000480e+01,8.962559e+01,8.974592e+01,8.974592e+01,8.974592e+01,8.974592e+01,8.974592e+01,8.974592e+01,8.974592e+01,8.942175e+01,8.942175e+01,8.942175e+01,8.942175e+01,8.942175e+01,8.942175e+01,8.942175e+01,8.942175e+01,8.908766e+01,8.908766e+01,8.908766e+01,8.908766e+01,8.908766e+01,8.908766e+01,8.881804e+01,8.881804e+01,8.881804e+01,8.881804e+01,8.843609e+01,8.852001e+01,8.852001e+01,8.852001e+01,8.852001e+01,8.848272e+01,8.824011e+01,8.824011e+01,8.824011e+01,8.785682e+01,8.785682e+01,8.785682e+01,8.785682e+01,8.785682e+01,8.766015e+01,8.747262e+01,8.747262e+01,8.747262e+01,8.703108e+01,8.703108e+01,8.703108e+01,8.703108e+01,8.662606e+01,8.662606e+01,8.662606e+01,8.662606e+01,8.623894e+01,8.623894e+01,8.623894e+01,8.623894e+01,8.585088e+01,8.587931e+01,8.587931e+01,8.587931e+01,8.587931e+01,8.549039e+01,8.551888e+01,8.551888e+01,8.551888e+01,8.551888e+01,8.525278e+01,8.525278e+01,8.525278e+01,8.525278e+01,8.525278e+01,8.506244e+01,8.481465e+01,8.481465e+01,8.481465e+01,8.481465e+01,8.481465e+01,8.481465e+01,8.481465e+01,8.481465e+01,8.481465e+01,8.481465e+01,8.481465e+01,8.481465e+01,8.481465e+01,8.442313e+01,8.454738e+01,8.454738e+01,8.454738e+01,8.454738e+01,8.454738e+01,8.454738e+01,8.454738e+01,8.454738e+01,8.454738e+01,8.493859e+01,8.481465e+01,8.481465e+01,8.481465e+01,8.481465e+01,8.481465e+01,8.481465e+01,8.481465e+01,8.481465e+01,8.481465e+01,8.481465e+01,8.504339e+01,8.504339e+01,8.504339e+01,8.504339e+01,8.504339e+01,8.504339e+01,8.534786e+01,8.534786e+01,8.534786e+01,8.534786e+01,8.573713e+01,8.549039e+01,8.566125e+01,8.563279e+01,8.546190e+01,8.546190e+01,8.546190e+01,8.546190e+01,8.546190e+01,8.546190e+01,8.546190e+01,8.546190e+01,8.546190e+01,8.546190e+01,8.546190e+01,8.507196e+01,8.516715e+01,8.516715e+01,8.477650e+01,8.490047e+01,8.472879e+01,8.474788e+01,8.450916e+01,8.433706e+01,8.433706e+01,8.433706e+01,8.394437e+01,8.394437e+01,8.394437e+01,8.394437e+01,8.357954e+01,8.324276e+01,8.340643e+01,8.312713e+01,8.252835e+01,8.245092e+01,8.218932e+01,8.181068e+01,8.148956e+01,8.110922e+01,8.048304e+01,8.002157e+01,7.968687e+01,7.888657e+01,7.846994e+01,7.803225e+01,7.765323e+01,7.695253e+01,7.654061e+01,7.580437e+01,7.535886e+01,7.496286e+01,7.415745e+01,7.374796e+01,7.299770e+01,7.244022e+01,7.187022e+01,7.138135e+01,7.093262e+01,7.009406e+01,6.956745e+01,6.876326e+01,6.826363e+01,6.744126e+01,6.699065e+01,6.658170e+01,6.584689e+01,6.543456e+01,6.466083e+01,6.377276e+01,6.323272e+01,6.240193e+01,6.168892e+01,6.098334e+01,6.066854e+01,5.987828e+01,5.906049e+01,5.820317e+01,5.766304e+01,5.665725e+01,5.623875e+01,5.540938e+01,5.473962e+01,5.386481e+01,5.330602e+01,5.249313e+01,5.207266e+01,5.133643e+01,5.049831e+01,4.998534e+01,4.915023e+01,4.871815e+01,4.797383e+01,4.717478e+01,4.673553e+01,4.630728e+01,4.604200e+01,4.516614e+01,4.469378e+01,4.423236e+01,4.396235e+01,4.345923e+01,4.292796e+01,4.243336e+01,4.206756e+01,4.158238e+01,4.127974e+01,4.102913e+01,4.039353e+01,4.002111e+01,3.959398e+01,3.917863e+01,3.873480e+01,3.846495e+01,3.809961e+01,3.780103e+01,3.737894e+01,3.716046e+01,3.681820e+01,3.681820e+01,3.625458e+01,3.694154e+01,3.658486e+01,3.684562e+01,3.679078e+01,3.679078e+01,3.679078e+01,3.679078e+01,3.679078e+01,3.737894e+01,3.737894e+01,3.737894e+01,3.800470e+01,3.744713e+01,3.782821e+01,3.782821e+01,3.838387e+01,3.843793e+01,3.843793e+01,3.843793e+01,3.843793e+01,3.899056e+01,3.881563e+01,3.907120e+01,3.900400e+01,3.900400e+01,3.900400e+01,3.900400e+01,3.900400e+01,3.900400e+01,3.900400e+01,3.900400e+01,3.900400e+01,3.900400e+01,3.955385e+01,3.950032e+01,3.950032e+01,3.950032e+01,3.950032e+01,3.991448e+01,3.991448e+01,3.991448e+01,3.991448e+01,4.039353e+01,4.039353e+01,4.039353e+01,4.039353e+01,4.039353e+01,4.092345e+01,4.092345e+01,4.092345e+01,4.092345e+01,4.146405e+01,4.146405e+01,4.146405e+01,4.146405e+01,4.146405e+01,4.146405e+01,4.146405e+01,4.146405e+01,4.146405e+01,4.146405e+01,4.146405e+01,4.146405e+01,4.146405e+01,4.146405e+01,4.146405e+01,4.146405e+01,4.146405e+01,4.146405e+01,4.092345e+01,4.109513e+01,4.138510e+01,4.102913e+01,4.102913e+01,4.102913e+01,4.102913e+01,4.102913e+01,4.072502e+01,4.072502e+01,4.072502e+01,4.072502e+01,4.072502e+01,4.072502e+01,4.072502e+01,4.072502e+01,4.072502e+01,4.020747e+01,4.020747e+01,4.020747e+01,4.020747e+01,4.020747e+01,4.020747e+01,4.020747e+01,4.020747e+01,4.020747e+01,4.020747e+01,4.020747e+01,4.020747e+01,4.020747e+01,3.982109e+01,3.982109e+01,3.982109e+01,3.982109e+01,3.982109e+01,3.982109e+01,3.982109e+01,3.982109e+01,3.982109e+01,3.927256e+01,3.927256e+01,3.927256e+01,3.982109e+01,3.964746e+01,3.964746e+01,3.909807e+01,3.927256e+01,3.927256e+01,3.927256e+01,3.927256e+01,3.927256e+01,3.927256e+01,3.927256e+01,3.927256e+01,3.927256e+01,3.927256e+01,3.927256e+01,3.927256e+01,3.872132e+01,3.889640e+01,3.889640e+01,3.889640e+01,3.889640e+01,3.889640e+01,3.889640e+01,3.889640e+01,3.889640e+01,3.889640e+01,3.889640e+01,3.889640e+01,3.889640e+01,3.889640e+01,3.889640e+01,3.889640e+01,3.889640e+01,3.889640e+01,3.889640e+01,3.834330e+01,3.851897e+01,3.851897e+01,3.851897e+01,3.851897e+01,3.851897e+01,3.851897e+01,3.851897e+01,3.851897e+01,3.851897e+01,3.851897e+01,3.851897e+01,3.851897e+01,3.851897e+01,3.851897e+01,3.851897e+01,3.851897e+01,3.796399e+01,3.814026e+01,3.814026e+01,3.814026e+01,3.814026e+01,3.814026e+01
3.681820e+01,3.681820e+01,3.681820e+01,3.681820e+01,3.681820e+01,3.681820e+01,3.681820e+01,3.681820e+01,3.681820e+01,3.681820e+01,3.681820e+01,3.737894e+01,3.737894e+01,3.737894e+01,3.737894e+01,3.737894e+01,3.793685e+01,3.790970e+01,3.785538e+01,3.788254e+01,3.788254e+01,3.843793e+01,3.826213e+01,3.826213e+01,3.826213e+01,3.881563e+01,3.864043e+01,3.864043e+01,3.864043e+01,3.864043e+01,3.864043e+01,3.864043e+01,3.919206e+01,3.901744e+01,3.925914e+01,3.946016e+01,3.964746e+01,3.968755e+01,3.968755e+01,4.012764e+01,4.012764e+01,4.067204e+01,4.063230e+01,4.063230e+01,4.117429e+01,4.113472e+01,4.113472e+01,4.113472e+01,4.113472e+01,4.113472e+01,4.113472e+01,4.113472e+01,4.113472e+01,4.167433e+01,4.150351e+01,4.150351e+01,4.150351e+01,4.150351e+01,4.150351e+01,4.150351e+01,4.150351e+01,4.096309e+01,4.113472e+01,4.113472e+01,4.113472e+01,4.113472e+01,4.113472e+01,4.113472e+01,4.113472e+01,4.059254e+01,4.076473e+01,4.057928e+01,4.061905e+01,4.061905e+01,4.007439e+01,4.015426e+01,4.012764e+01,4.000779e+01,4.000779e+01,4.000779e+01,4.000779e+01,3.968755e+01,3.968755e+01,3.968755e+01,3.968755e+01,3.968755e+01,3.968755e+01,3.968755e+01,4.023407e+01,3.987447e+01,4.023407e+01,4.061905e+01,4.076473e+01,4.118748e+01,4.152981e+01,4.196283e+01,4.247248e+01,4.285000e+01,4.335576e+01,4.367881e+01,4.416813e+01,4.452737e+01,4.496211e+01,4.545882e+01,4.591546e+01,4.635774e+01,4.681095e+01,4.731250e+01,4.793649e+01,4.844577e+01,4.931033e+01,4.981388e+01,5.035197e+01,5.093630e+01,5.142113e+01,5.191612e+01,5.292414e+01,5.355600e+01,5.429115e+01,5.483384e+01,5.538594e+01,5.632023e+01,5.680803e+01,5.738636e+01,5.780116e+01,5.845523e+01,5.900351e+01,5.977634e+01,6.024013e+01,6.070231e+01,6.159953e+01,6.221291e+01,6.259069e+01,6.306696e+01,6.394864e+01,6.474822e+01,6.534760e+01,6.579271e+01,6.665713e+01,6.718394e+01,6.785839e+01,6.877386e+01,6.938796e+01,7.018864e+01,7.101621e+01,7.129797e+01,7.218140e+01,7.295647e+01,7.387093e+01,7.430050e+01,7.502385e+01,7.584481e+01,7.638963e+01,7.722318e+01,7.777302e+01,7.850967e+01,7.896580e+01,7.965730e+01,8.010021e+01,8.060064e+01,8.138239e+01,8.215053e+01,8.243156e+01,8.314641e+01,8.366602e+01,8.433706e+01,8.464288e+01,8.491953e+01,8.556635e+01,8.593615e+01,8.648454e+01,8.683340e+01,8.736938e+01,8.770699e+01,8.809064e+01,8.833347e+01,8.870634e+01,8.893896e+01,8.926407e+01,8.948664e+01,8.976443e+01,8.992163e+01,8.992163e+01,9.013409e+01,9.013409e+01,9.051213e+01,9.042001e+01,9.042001e+01,9.042001e+01,9.042001e+01,9.042001e+01,9.079741e+01,9.055817e+01,9.055817e+01,9.055817e+01,9.055817e+01,9.055817e+01,9.055817e+01,9.055817e+01,9.055817e+01,9.055817e+01,9.055817e+01,9.055817e+01,9.055817e+01,9.055817e+01,9.055817e+01,9.055817e+01,9.055817e+01,9.055817e+01,9.055817e+01,9.055817e+01,9.055817e+01,9.055817e+01,9.018024e+01,9.062262e+01,9.018024e+01,9.026327e+01,9.029094e+01,9.029094e+01,9.029094e+01,9.029094e+01,9.029094e+01,8.991238e+01,8.997708e+01,8.997708e+01,8.997708e+01,8.997708e+01,8.997708e+01,8.997708e+01,8.997708e+01,8.997708e+01,8.997708e+01,8.959781e+01,8.967188e+01,8.971815e+01,8.971815e+01,8.971815e+01,8.971815e+01,8.971815e+01,8.971815e+01,8.971815e+01,8.971815e+01,8.942175e+01,8.942175e+01,8.942175e+01,8.942175e+01,8.942175e+01,8.942175e+01,8.942175e+01,8.942175e+01,8.908766e+01,8.908766e+01,8.908766e+01,8.908766e+01,8.908766e+01,8.908766e+01,8.881804e+01,8.881804e+01,8.881804e+01,8.881804e+01,8.843609e+01,8.881804e+01,8.869703e+01,8.831480e+01,8.843609e+01,8.830547e+01,8.791296e+01,8.815605e+01,8.798780e+01,8.798780e+01,8.798780e+01,8.798780e+01,8.760391e+01,8.760391e+01,8.763203e+01,8.763203e+01,8.724730e+01,8.726609e+01,8.716273e+01,8.716273e+01,8.716273e+01,8.677689e+01,8.675804e+01,8.675804e+01,8.675804e+01,8.637123e+01,8.637123e+01,8.637123e+01,8.637123e+01,8.637123e+01,8.623894e+01,8.599297e+01,8.599297e+01,8.599297e+01,8.560432e+01,8.562330e+01,8.562330e+01,8.562330e+01,8.562330e+01,8.523376e+01,8.526229e+01,8.526229e+01,8.526229e+01,8.526229e+01,8.526229e+01,8.506244e+01,8.486234e+01,8.486234e+01,8.486234e+01,8.486234e+01,8.486234e+01,8.486234e+01,8.486234e+01,8.486234e+01,8.486234e+01,8.486234e+01,8.486234e+01,8.486234e+01,8.486234e+01,8.481465e+01,8.456648e+01,8.456648e+01,8.456648e+01,8.456648e+01,8.456648e+01,8.456648e+01,8.456648e+01,8.456648e+01,8.456648e+01,8.456648e+01,8.456648e+01,8.481465e+01,8.481465e+01,8.481465e+01,8.481465e+01,8.481465e+01,8.481465e+01,8.481465e+01,8.481465e+01,8.520522e+01,8.511005e+01,8.511005e+01,8.511005e+01,8.511005e+01,8.511005e+01,8.549989e+01,8.540489e+01,8.540489e+01,8.540489e+01,8.540489e+01,8.573713e+01,8.553787e+01,8.553787e+01,8.553787e+01,8.553787e+01,8.553787e+01,8.553787e+01,8.553787e+01,8.553787e+01,8.553787e+01,8.553787e+01,8.553787e+01,8.553787e+01,8.553787e+01,8.514812e+01,8.516715e+01,8.516715e+01,8.516715e+01,8.477650e+01,8.477650e+01,8.477650e+01,8.477650e+01,8.450916e+01,8.450916e+01,8.450916e+01,8.411689e+01,8.407857e+01,8.407857e+01,8.368523e+01,8.370444e+01,8.350262e+01,8.337756e+01,8.327165e+01,8.303071e+01,8.266376e+01,8.245092e+01,8.209232e+01,8.175234e+01,8.143111e+01,8.105062e+01,8.042420e+01,7.996255e+01,7.962773e+01,7.882712e+01,7.841033e+01,7.797247e+01,7.759329e+01,7.689232e+01,7.648023e+01,7.574371e+01,7.529801e+01,7.490184e+01,7.409609e+01,7.368644e+01,7.293586e+01,7.237814e+01,7.180790e+01,7.131882e+01,7.086990e+01,7.003097e+01,6.950413e+01,6.869957e+01,6.819972e+01,6.781566e+01,6.703363e+01,6.657092e+01,6.579271e+01,6.538021e+01,6.460617e+01,6.371775e+01,6.317749e+01,6.234636e+01,6.163306e+01,6.101702e+01,6.058973e+01,5.982166e+01,5.900351e+01,5.814582e+01,5.760544e+01,5.707438e+01,5.629696e+01,5.540938e+01,5.468070e+01,5.429115e+01,5.336558e+01,5.250512e+01,5.203656e+01,5.128799e+01,5.044955e+01,4.993638e+01,4.960534e+01,4.879233e+01,4.801115e+01,4.768728e+01,4.686120e+01,4.647121e+01,4.556044e+01,4.554774e+01,4.485996e+01,4.443766e+01,4.402669e+01,4.348509e+01,4.291497e+01,4.247248e+01,4.196283e+01,4.162180e+01,4.138510e+01,4.089701e+01,4.043336e+01,4.002111e+01,3.955385e+01,3.903089e+01,3.892331e+01,3.846495e+01,3.805894e+01,3.776026e+01,3.744713e+01,3.703736e+01,3.688674e+01,3.663980e+01,3.670845e+01,3.626836e+01,3.640608e+01,3.640608e+01,3.640608e+01,3.679078e+01,3.679078e+01,3.679078e+01,3.735165e+01,3.724244e+01,3.724244e+01,3.780103e+01,3.780103e+01,3.778744e+01,3.778744e+01,3.803182e+01,3.819444e+01,3.819444e+01,3.874828e+01,3.857297e+01,3.881563e+01,3.880216e+01,3.880216e+01,3.880216e+01,3.880216e+01,3.880216e+01,3.935300e+01,3.917863e+01,3.917863e+01,3.917863e+01,3.917863e+01,3.917863e+01,3.917863e+01,3.917863e+01,3.917863e+01,3.950032e+01,3.950032e+01,3.950032e+01,3.950032e+01,3.991448e+01,3.991448e+01,3.991448e+01,3.991448e+01,4.039353e+01,4.039353e+01,4.039353e+01,4.039353e+01,4.039353e+01,4.039353e+01,4.092345e+01,4.092345e+01,4.146405e+01,4.133244e+01,4.133244e+01,4.133244e+01,4.133244e+01,4.133244e+01,4.187111e+01,4.170059e+01,4.170059e+01,4.170059e+01,4.170059e+01,4.170059e+01,4.170059e+01,4.170059e+01,4.170059e+01,4.116110e+01,4.133244e+01,4.133244e+01,4.133244e+01,4.133244e+01,4.133244e+01,4.133244e+01,4.133244e+01,4.102913e+01,4.102913e+01,4.102913e+01,4.102913e+01,4.102913e+01,4.102913e+01,4.072502e+01,4.072502e+01,4.072502e+01,4.072502e+01,4.072502e+01,4.072502e+01,4.072502e+01,4.072502e+01,4.020747e+01,4.075150e+01,4.040681e+01,4.040681e+01,4.040681e+01,4.040681e+01,4.040681e+01,3.986113e+01,4.003443e+01,4.003443e+01,4.003443e+01,4.003443e+01,4.003443e+01,4.003443e+01,4.003443e+01,4.003443e+01,3.948694e+01,3.966082e+01,3.966082e+01,3.966082e+01,3.966082e+01,3.966082e+01,3.966082e+01,3.966082e+01,3.966082e+01,3.966082e+01,3.966082e+01,3.909807e+01,3.909807e+01,3.909807e+01,3.964746e+01,3.947355e+01,3.892331e+01,3.909807e+01,3.909807e+01,3.909807e+01,3.909807e+01,3.909807e+01,3.909807e+01,3.909807e+01,3.909807e+01,3.909807e+01,3.909807e+01,3.909807e+01,3.909807e+01,3.909807e+01,3.909807e+01,3.909807e+01,3.854597e+01,3.872132e+01,3.872132e+01,3.872132e+01,3.872132e+01,3.872132e+01,3.872132e+01,3.872132e+01,3.872132e+01,3.872132e+01,3.872132e+01,3.872132e+01,3.872132e+01,3.872132e+01,3.872132e+01,3.872132e+01,3.872132e+01,3.872132e+01,3.872132e+01,3.872132e+01,3.816735e+01,3.834330e+01,3.834330e+01,3.834330e+01,3.834330e+01,3.834330e+01,3.834330e+01,3.834330e+01,3.834330e+01,3.834330e+01,3.834330e+01,3.834330e+01,3.834330e+01,3.834330e+01
3.681820e+01,3.681820e+01,3.681820e+01,3.681820e+01,3.681820e+01,3.681820e+01,3.681820e+01,3.681820e+01,3.681820e+01,3.681820e+01,3.681820e+01,3.737894e+01,3.737894e+01,3.737894e+01,3.737894e+01,3.737894e+01,3.793685e+01,3.793685e+01,3.793685e+01,3.793685e+01,3.849196e+01,3.835683e+01,3.835683e+01,3.835683e+01,3.835683e+01,3.881563e+01,3.881563e+01,3.881563e+01,3.881563e+01,3.881563e+01,3.881563e+01,3.881563e+01,3.881563e+01,3.936640e+01,3.919206e+01,3.919206e+01,3.964746e+01,3.964746e+01,3.964746e+01,4.012764e+01,4.036697e+01,4.048645e+01,4.048645e+01,4.102913e+01,4.098951e+01,4.098951e+01,4.098951e+01,4.098951e+01,4.152981e+01,4.135877e+01,4.135877e+01,4.135877e+01,4.135877e+01,4.135877e+01,4.135877e+01,4.135877e+01,4.135877e+01,4.135877e+01,4.135877e+01,4.135877e+01,4.135877e+01,4.135877e+01,4.135877e+01,4.135877e+01,4.081766e+01,4.098951e+01,4.098951e+01,4.098951e+01,4.098951e+01,4.059254e+01,4.059254e+01,4.059254e+01,4.059254e+01,4.059254e+01,4.007439e+01,4.061905e+01,4.024737e+01,4.024737e+01,3.970091e+01,3.987447e+01,3.968755e+01,3.972763e+01,3.972763e+01,3.972763e+01,3.972763e+01,3.972763e+01,3.972763e+01,3.972763e+01,4.023407e+01,4.003443e+01,4.027396e+01,4.055276e+01,4.088379e+01,4.122703e+01,4.167433e+01,4.200212e+01,4.243336e+01,4.295393e+01,4.331693e+01,4.325219e+01,4.393660e+01,4.442484e+01,4.489828e+01,4.543340e+01,4.592812e+01,4.639558e+01,4.684864e+01,4.735003e+01,4.797383e+01,4.848294e+01,4.884176e+01,4.972805e+01,5.029094e+01,5.089986e+01,5.140903e+01,5.192817e+01,5.294804e+01,5.357978e+01,5.431479e+01,5.485738e+01,5.540938e+01,5.634350e+01,5.683121e+01,5.740944e+01,5.829488e+01,5.856964e+01,5.950409e+01,5.988961e+01,6.028529e+01,6.074731e+01,6.164424e+01,6.225740e+01,6.263506e+01,6.356361e+01,6.405845e+01,6.479190e+01,6.539108e+01,6.583605e+01,6.670020e+01,6.722687e+01,6.790110e+01,6.881631e+01,6.943021e+01,7.023066e+01,7.098487e+01,7.137093e+01,7.222285e+01,7.299770e+01,7.349145e+01,7.423920e+01,7.499336e+01,7.584481e+01,7.641983e+01,7.725323e+01,7.780296e+01,7.853946e+01,7.899550e+01,7.968687e+01,8.012969e+01,8.063003e+01,8.141162e+01,8.212142e+01,8.249932e+01,8.317532e+01,8.369483e+01,8.430836e+01,8.464288e+01,8.501482e+01,8.559483e+01,8.596456e+01,8.651286e+01,8.686166e+01,8.739754e+01,8.773510e+01,8.806260e+01,8.839878e+01,8.867841e+01,8.900403e+01,8.923623e+01,8.948664e+01,8.971815e+01,8.992163e+01,9.005098e+01,9.008792e+01,9.025404e+01,9.038314e+01,9.038314e+01,9.038314e+01,9.038314e+01,9.038314e+01,9.076063e+01,9.071464e+01,9.060421e+01,9.060421e+01,9.060421e+01,9.060421e+01,9.060421e+01,9.060421e+01,9.060421e+01,9.060421e+01,9.060421e+01,9.060421e+01,9.060421e+01,9.060421e+01,9.060421e+01,9.060421e+01,9.060421e+01,9.060421e+01,9.060421e+01,9.060421e+01,9.060421e+01,9.060421e+01,9.060421e+01,9.060421e+01,9.060421e+01,9.018024e+01,9.055817e+01,9.043843e+01,9.043843e+01,9.043843e+01,9.006022e+01,9.007869e+01,9.004175e+01,9.004175e+01,9.004175e+01,9.004175e+01,9.004175e+01,9.004175e+01,9.004175e+01,9.004175e+01,9.004175e+01,9.004175e+01,9.004175e+01,8.967188e+01,8.967188e+01,8.967188e+01,8.967188e+01,8.967188e+01,8.967188e+01,8.967188e+01,8.967188e+01,8.929191e+01,8.938467e+01,8.938467e+01,8.938467e+01,8.938467e+01,8.938467e+01,8.938467e+01,8.938467e+01,8.938467e+01,8.908766e+01,8.908766e+01,8.908766e+01,8.908766e+01,8.908766e+01,8.908766e+01,8.881804e+01,8.881804e+01,8.881804e+01,8.881804e+01,8.881804e+01,8.843609e+01,8.851069e+01,8.844542e+01,8.844542e+01,8.844542e+01,8.829613e+01,8.820276e+01,8.798780e+01,8.798780e+01,8.798780e+01,8.798780e+01,8.760391e+01,8.760391e+01,8.760391e+01,8.760391e+01,8.724730e+01,8.724730e+01,8.724730e+01,8.724730e+01,8.686166e+01,8.690874e+01,8.690874e+01,8.690874e+01,8.690874e+01,8.675804e+01,8.651286e+01,8.651286e+01,8.651286e+01,8.651286e+01,8.623894e+01,8.604030e+01,8.604030e+01,8.604030e+01,8.560432e+01,8.599297e+01,8.574661e+01,8.535737e+01,8.537638e+01,8.536687e+01,8.536687e+01,8.536687e+01,8.536687e+01,8.536687e+01,8.536687e+01,8.536687e+01,8.525278e+01,8.500529e+01,8.500529e+01,8.500529e+01,8.500529e+01,8.500529e+01,8.461424e+01,8.512908e+01,8.499577e+01,8.499577e+01,8.499577e+01,8.499577e+01,8.499577e+01,8.460469e+01,8.459514e+01,8.459514e+01,8.459514e+01,8.459514e+01,8.459514e+01,8.498624e+01,8.473833e+01,8.473833e+01,8.473833e+01,8.473833e+01,8.473833e+01,8.473833e+01,8.473833e+01,8.512908e+01,8.488140e+01,8.488140e+01,8.488140e+01,8.527180e+01,8.519570e+01,8.511005e+01,8.511005e+01,8.511005e+01,8.511005e+01,8.549989e+01,8.542390e+01,8.540489e+01,8.540489e+01,8.540489e+01,8.579402e+01,8.571816e+01,8.565176e+01,8.558533e+01,8.558533e+01,8.558533e+01,8.558533e+01,8.558533e+01,8.558533e+01,8.558533e+01,8.558533e+01,8.558533e+01,8.558533e+01,8.558533e+01,8.558533e+01,8.519570e+01,8.524327e+01,8.524327e+01,8.524327e+01,8.524327e+01,8.524327e+01,8.524327e+01,8.477650e+01,8.464288e+01,8.455693e+01,8.455693e+01,8.455693e+01,8.411689e+01,8.411689e+01,8.411689e+01,8.407857e+01,8.388682e+01,8.373325e+01,8.347377e+01,8.323313e+01,8.293423e+01,8.269276e+01,8.277973e+01,8.212142e+01,8.175234e+01,8.140188e+01,8.102132e+01,8.039478e+01,7.993304e+01,7.959815e+01,7.879739e+01,7.838052e+01,7.794257e+01,7.756332e+01,7.686221e+01,7.645004e+01,7.612756e+01,7.536900e+01,7.494253e+01,7.410632e+01,7.366592e+01,7.290493e+01,7.234710e+01,7.177673e+01,7.128754e+01,7.083853e+01,6.999941e+01,6.947245e+01,6.866772e+01,6.816776e+01,6.778361e+01,6.700140e+01,6.653859e+01,6.576019e+01,6.534760e+01,6.457337e+01,6.413526e+01,6.325480e+01,6.240193e+01,6.166658e+01,6.102825e+01,6.057847e+01,5.979900e+01,5.898071e+01,5.859252e+01,5.769758e+01,5.668045e+01,5.618052e+01,5.538594e+01,5.465713e+01,5.426750e+01,5.334176e+01,5.248114e+01,5.201248e+01,5.126377e+01,5.092415e+01,4.972805e+01,4.948251e+01,4.877997e+01,4.804847e+01,4.759994e+01,4.689887e+01,4.638297e+01,4.573809e+01,4.549694e+01,4.484719e+01,4.447611e+01,4.393660e+01,4.347216e+01,4.290198e+01,4.245945e+01,4.200212e+01,4.172684e+01,4.125339e+01,4.088379e+01,4.047318e+01,3.992781e+01,3.954047e+01,3.921890e+01,3.886948e+01,3.850547e+01,3.805894e+01,3.771946e+01,3.740622e+01,3.710577e+01,3.710577e+01,3.663980e+01,3.651613e+01,3.690044e+01,3.654363e+01,3.654363e+01,3.654363e+01,3.654363e+01,3.710577e+01,3.707841e+01,3.716046e+01,3.716046e+01,3.771946e+01,3.766505e+01,3.766505e+01,3.766505e+01,3.822152e+01,3.803182e+01,3.803182e+01,3.858646e+01,3.855947e+01,3.855947e+01,3.855947e+01,3.855947e+01,3.911150e+01,3.892331e+01,3.892331e+01,3.892331e+01,3.935300e+01,3.935300e+01,3.935300e+01,3.935300e+01,3.935300e+01,3.935300e+01,3.935300e+01,3.935300e+01,3.935300e+01,3.935300e+01,3.935300e+01,3.990114e+01,3.990114e+01,3.987447e+01,3.987447e+01,3.987447e+01,4.042009e+01,4.028725e+01,4.028725e+01,4.028725e+01,4.028725e+01,4.083089e+01,4.072502e+01,4.073826e+01,4.097630e+01,4.127974e+01,4.127974e+01,4.127974e+01,4.127974e+01,4.127974e+01,4.181867e+01,4.173996e+01,4.173996e+01,4.173996e+01,4.173996e+01,4.173996e+01,4.173996e+01,4.173996e+01,4.173996e+01,4.173996e+01,4.116110e+01,4.116110e+01,4.116110e+01,4.116110e+01,4.116110e+01,4.116110e+01,4.116110e+01,4.116110e+01,4.116110e+01,4.116110e+01,4.116110e+01,4.061905e+01,4.080443e+01,4.116110e+01,4.092345e+01,4.092345e+01,4.092345e+01,4.038025e+01,4.056602e+01,4.056602e+01,4.056602e+01,4.056602e+01,4.056602e+01,4.056602e+01,4.056602e+01,4.056602e+01,4.056602e+01,4.002111e+01,4.004775e+01,4.004775e+01,4.004775e+01,4.004775e+01,4.004775e+01,4.004775e+01,4.004775e+01,4.004775e+01,4.004775e+01,3.950032e+01,3.962072e+01,3.962072e+01,3.962072e+01,3.962072e+01,3.962072e+01,3.962072e+01,3.962072e+01,3.962072e+01,3.962072e+01,3.962072e+01,3.962072e+01,3.962072e+01,3.962072e+01,3.909807e+01,3.946016e+01,3.921890e+01,3.911150e+01,3.911150e+01,3.911150e+01,3.911150e+01,3.911150e+01,3.911150e+01,3.911150e+01,3.911150e+01,3.911150e+01,3.911150e+01,3.911150e+01,3.911150e+01,3.911150e+01,3.911150e+01,3.911150e+01,3.911150e+01,3.911150e+01,3.911150e+01,3.872132e+01,3.872132e+01,3.872132e+01,3.872132e+01,3.872132e+01,3.872132e+01,3.872132e+01,3.872132e+01,3.872132e+01,3.872132e+01,3.872132e+01,3.872132e+01,3.872132e+01,3.872132e+01,3.872132e+01,3.872132e+01,3.872132e+01,3.872132e+01,3.872132e+01,3.872132e+01,3.872132e+01,3.834330e+01,3.834330e+01,3.834330e+01,3.834330e+01,3.834330e+01,3.834330e+01,3.834330e+01,3.834330e+01,3.834330e+01,3.834330e+01,3.834330e+01
3.681820e+01,3.681820e+01,3.681820e+01,3.681820e+01,3.681820e+01,3.681820e+01,3.681820e+01,3.681820e+01,3.681820e+01,3.681820e+01,3.681820e+01,3.737894e+01,3.737894e+01,3.737894e+01,3.737894e+01,3.737894e+01,3.737894e+01,3.793685e+01,3.793685e+01,3.793685e+01,3.849196e+01,3.849196e+01,3.849196e+01,3.849196e+01,3.849196e+01,3.849196e+01,3.849196e+01,3.849196e+01,3.849196e+01,3.881563e+01,3.881563e+01,3.881563e+01,3.881563e+01,3.936640e+01,3.936640e+01,3.936640e+01,3.936640e+01,3.936640e+01,3.964746e+01,3.994115e+01,4.036697e+01,4.036697e+01,4.036697e+01,4.102913e+01,4.102913e+01,4.102913e+01,4.102913e+01,4.102913e+01,4.152981e+01,4.152981e+01,4.152981e+01,4.152981e+01,4.152981e+01,4.152981e+01,4.152981e+01,4.152981e+01,4.152981e+01,4.152981e+01,4.098951e+01,4.117429e+01,4.117429e+01,4.117429e+01,4.117429e+01,4.117429e+01,4.117429e+01,4.063230e+01,4.081766e+01,4.081766e+01,4.081766e+01,4.081766e+01,4.027396e+01,4.045991e+01,4.045991e+01,4.045991e+01,4.045991e+01,4.045991e+01,3.991448e+01,3.994115e+01,3.988781e+01,3.988781e+01,3.988781e+01,3.933960e+01,3.952709e+01,3.952709e+01,3.952709e+01,3.952709e+01,3.952709e+01,3.952709e+01,4.023407e+01,4.023407e+01,4.023407e+01,4.055276e+01,4.092345e+01,4.135877e+01,4.163493e+01,4.209373e+01,4.244640e+01,4.291497e+01,4.321333e+01,4.344630e+01,4.394947e+01,4.443766e+01,4.491105e+01,4.544611e+01,4.594078e+01,4.640818e+01,4.686120e+01,4.736254e+01,4.798627e+01,4.844577e+01,4.892821e+01,4.974032e+01,5.030315e+01,5.091201e+01,5.142113e+01,5.194022e+01,5.295999e+01,5.359167e+01,5.432661e+01,5.486914e+01,5.542110e+01,5.635514e+01,5.684280e+01,5.742097e+01,5.826050e+01,5.864968e+01,5.951545e+01,5.990093e+01,6.029658e+01,6.075856e+01,6.165541e+01,6.226853e+01,6.264616e+01,6.357462e+01,6.406942e+01,6.480282e+01,6.540195e+01,6.584689e+01,6.671098e+01,6.723759e+01,6.791177e+01,6.882691e+01,6.944077e+01,7.024117e+01,7.099532e+01,7.138135e+01,7.223320e+01,7.300800e+01,7.350172e+01,7.466771e+01,7.509498e+01,7.586503e+01,7.643997e+01,7.727325e+01,7.782291e+01,7.855931e+01,7.901529e+01,7.970658e+01,8.055165e+01,8.072794e+01,8.144086e+01,8.215053e+01,8.252835e+01,8.320422e+01,8.372365e+01,8.433706e+01,8.467152e+01,8.504339e+01,8.562330e+01,8.599297e+01,8.654117e+01,8.688991e+01,8.742570e+01,8.776319e+01,8.847340e+01,8.851069e+01,8.877151e+01,8.935684e+01,8.941248e+01,8.989390e+01,8.994936e+01,8.992163e+01,8.992163e+01,8.992163e+01,9.025404e+01,9.025404e+01,9.063182e+01,9.050292e+01,9.050292e+01,9.050292e+01,9.050292e+01,9.050292e+01,9.050292e+01,9.050292e+01,9.050292e+01,9.050292e+01,9.050292e+01,9.050292e+01,9.050292e+01,9.050292e+01,9.088013e+01,9.075143e+01,9.075143e+01,9.075143e+01,9.037392e+01,9.050292e+01,9.050292e+01,9.050292e+01,9.050292e+01,9.050292e+01,9.050292e+01,9.050292e+01,9.050292e+01,9.050292e+01,9.050292e+01,9.050292e+01,9.050292e+01,9.012486e+01,9.036470e+01,9.019869e+01,9.018946e+01,9.018946e+01,9.018946e+01,9.018946e+01,9.018946e+01,9.018946e+01,9.018946e+01,9.018946e+01,9.018946e+01,8.981068e+01,8.994012e+01,8.994012e+01,8.994012e+01,8.994012e+01,8.994012e+01,8.967188e+01,8.967188e+01,8.967188e+01,8.967188e+01,8.967188e+01,8.967188e+01,8.967188e+01,8.938467e+01,8.938467e+01,8.938467e+01,8.938467e+01,8.938467e+01,8.938467e+01,8.938467e+01,8.938467e+01,8.908766e+01,8.908766e+01,8.908766e+01,8.908766e+01,8.908766e+01,8.908766e+01,8.881804e+01,8.881804e+01,8.881804e+01,8.881804e+01,8.881804e+01,8.843609e+01,8.843609e+01,8.843609e+01,8.843609e+01,8.843609e+01,8.843609e+01,8.820276e+01,8.803455e+01,8.803455e+01,8.803455e+01,8.765077e+01,8.769762e+01,8.769762e+01,8.769762e+01,8.769762e+01,8.724730e+01,8.724730e+01,8.724730e+01,8.724730e+01,8.724730e+01,8.690874e+01,8.690874e+01,8.690874e+01,8.690874e+01,8.652229e+01,8.654117e+01,8.654117e+01,8.654117e+01,8.654117e+01,8.623894e+01,8.608762e+01,8.608762e+01,8.608762e+01,8.608762e+01,8.569920e+01,8.592668e+01,8.567074e+01,8.542390e+01,8.542390e+01,8.542390e+01,8.542390e+01,8.542390e+01,8.542390e+01,8.503387e+01,8.528131e+01,8.512908e+01,8.505292e+01,8.505292e+01,8.505292e+01,8.505292e+01,8.505292e+01,8.461424e+01,8.499577e+01,8.499577e+01,8.499577e+01,8.499577e+01,8.499577e+01,8.499577e+01,8.499577e+01,8.459514e+01,8.498624e+01,8.473833e+01,8.473833e+01,8.473833e+01,8.473833e+01,8.473833e+01,8.473833e+01,8.473833e+01,8.473833e+01,8.512908e+01,8.488140e+01,8.505292e+01,8.504339e+01,8.492906e+01,8.492906e+01,8.492906e+01,8.492906e+01,8.492906e+01,8.531934e+01,8.518619e+01,8.518619e+01,8.518619e+01,8.518619e+01,8.542390e+01,8.542390e+01,8.542390e+01,8.542390e+01,8.542390e+01,8.542390e+01,8.565176e+01,8.565176e+01,8.565176e+01,8.565176e+01,8.565176e+01,8.565176e+01,8.565176e+01,8.565176e+01,8.565176e+01,8.565176e+01,8.565176e+01,8.565176e+01,8.526229e+01,8.529082e+01,8.529082e+01,8.529082e+01,8.529082e+01,8.529082e+01,8.529082e+01,8.490047e+01,8.487186e+01,8.487186e+01,8.487186e+01,8.455693e+01,8.438489e+01,8.425095e+01,8.425095e+01,8.385803e+01,8.399231e+01,8.359875e+01,8.359875e+01,8.343529e+01,8.319460e+01,8.289561e+01,8.274108e+01,8.260574e+01,8.208261e+01,8.171344e+01,8.136288e+01,8.098223e+01,8.035553e+01,8.029665e+01,7.965730e+01,7.882712e+01,7.878748e+01,7.804221e+01,7.764324e+01,7.692243e+01,7.653055e+01,7.610738e+01,7.534872e+01,7.492219e+01,7.450462e+01,7.374796e+01,7.297708e+01,7.240919e+01,7.182867e+01,7.132924e+01,7.086990e+01,7.002045e+01,6.948301e+01,6.866772e+01,6.815710e+01,6.777293e+01,6.699065e+01,6.652781e+01,6.574934e+01,6.533672e+01,6.456244e+01,6.412429e+01,6.324376e+01,6.239082e+01,6.165541e+01,6.101702e+01,6.056720e+01,5.978767e+01,5.896931e+01,5.858108e+01,5.768607e+01,5.714378e+01,5.628532e+01,5.549139e+01,5.476318e+01,5.437388e+01,5.344893e+01,5.258904e+01,5.212078e+01,5.139693e+01,5.096059e+01,4.985064e+01,4.938415e+01,4.877997e+01,4.804847e+01,4.759994e+01,4.689887e+01,4.638297e+01,4.591546e+01,4.544611e+01,4.487273e+01,4.437354e+01,4.393660e+01,4.347216e+01,4.290198e+01,4.245945e+01,4.256372e+01,4.191043e+01,4.147721e+01,4.105554e+01,4.051298e+01,4.055276e+01,3.999446e+01,3.950032e+01,3.908464e+01,3.858646e+01,3.819444e+01,3.780103e+01,3.743349e+01,3.720145e+01,3.695523e+01,3.683191e+01,3.688674e+01,3.683191e+01,3.661234e+01,3.661234e+01,3.661234e+01,3.661234e+01,3.710577e+01,3.710577e+01,3.710577e+01,3.710577e+01,3.771946e+01,3.771946e+01,3.771946e+01,3.771946e+01,3.822152e+01,3.822152e+01,3.822152e+01,3.822152e+01,3.855947e+01,3.855947e+01,3.855947e+01,3.855947e+01,3.911150e+01,3.911150e+01,3.911150e+01,3.911150e+01,3.911150e+01,3.911150e+01,3.911150e+01,3.911150e+01,3.911150e+01,3.911150e+01,3.911150e+01,3.911150e+01,3.911150e+01,3.966082e+01,3.963409e+01,3.971427e+01,3.971427e+01,3.971427e+01,4.026067e+01,4.023407e+01,4.023407e+01,4.023407e+01,4.023407e+01,4.023407e+01,4.077797e+01,4.069854e+01,4.124021e+01,4.089701e+01,4.114791e+01,4.121385e+01,4.121385e+01,4.121385e+01,4.175309e+01,4.164807e+01,4.163493e+01,4.163493e+01,4.163493e+01,4.163493e+01,4.163493e+01,4.163493e+01,4.163493e+01,4.163493e+01,4.163493e+01,4.163493e+01,4.163493e+01,4.163493e+01,4.163493e+01,4.116110e+01,4.116110e+01,4.116110e+01,4.116110e+01,4.116110e+01,4.116110e+01,4.116110e+01,4.116110e+01,4.116110e+01,4.080443e+01,4.109513e+01,4.055276e+01,4.073826e+01,4.104234e+01,4.068529e+01,4.049971e+01,4.049971e+01,4.049971e+01,4.049971e+01,4.049971e+01,4.049971e+01,4.049971e+01,4.049971e+01,4.049971e+01,4.049971e+01,4.049971e+01,4.004775e+01,4.004775e+01,4.004775e+01,4.004775e+01,4.004775e+01,4.004775e+01,4.004775e+01,4.004775e+01,4.004775e+01,4.004775e+01,4.004775e+01,3.962072e+01,3.962072e+01,3.962072e+01,3.962072e+01,3.962072e+01,3.962072e+01,3.962072e+01,3.962072e+01,3.962072e+01,3.962072e+01,3.962072e+01,3.909807e+01,3.939320e+01,3.939320e+01,3.939320e+01,3.939320e+01,3.939320e+01,3.939320e+01,3.939320e+01,3.939320e+01,3.939320e+01,3.939320e+01,3.939320e+01,3.911150e+01,3.911150e+01,3.911150e+01,3.911150e+01,3.911150e+01,3.911150e+01,3.911150e+01,3.911150e+01,3.911150e+01,3.911150e+01,3.911150e+01,3.872132e+01,3.872132e+01,3.872132e+01,3.872132e+01,3.872132e+01,3.872132e+01,3.872132e+01,3.872132e+01,3.872132e+01,3.872132e+01,3.872132e+01,3.872132e+01,3.872132e+01,3.816735e+01,3.851897e+01,3.851897e+01,3.851897e+01,3.851897e+01,3.851897e+01,3.851897e+01,3.851897e+01,3.851897e+01,3.851897e+01,3.796399e+01,3.815381e+01,3.815381e+01,3.815381e+01,3.815381e+01,3.815381e+01,3.815381e+01
3.681820e+01,3.681820e+01,3.681820e+01,3.681820e+01,3.681820e+01,3.681820e+01,3.681820e+01,3.681820e+01,3.681820e+01,3.681820e+01,3.681820e+01,3.681820e+01,3.737894e+01,3.737894e+01,3.737894e+01,3.793685e+01,3.782821e+01,3.780103e+01,3.780103e+01,3.835683e+01,3.830272e+01,3.830272e+01,3.830272e+01,3.885602e+01,3.866740e+01,3.866740e+01,3.866740e+01,3.866740e+01,3.866740e+01,3.866740e+01,3.866740e+01,3.921890e+01,3.919206e+01,3.917863e+01,3.917863e+01,3.917863e+01,3.917863e+01,3.972763e+01,3.979440e+01,3.999446e+01,4.030054e+01,4.030054e+01,4.030054e+01,4.102913e+01,4.102913e+01,4.102913e+01,4.102913e+01,4.102913e+01,4.102913e+01,4.102913e+01,4.152981e+01,4.152981e+01,4.152981e+01,4.152981e+01,4.152981e+01,4.152981e+01,4.152981e+01,4.152981e+01,4.152981e+01,4.117429e+01,4.117429e+01,4.117429e+01,4.117429e+01,4.117429e+01,4.117429e+01,4.117429e+01,4.081766e+01,4.081766e+01,4.081766e+01,4.081766e+01,4.081766e+01,4.045991e+01,4.045991e+01,4.045991e+01,3.991448e+01,4.002111e+01,4.004775e+01,4.004775e+01,4.004775e+01,4.004775e+01,4.004775e+01,3.933960e+01,3.988781e+01,3.970091e+01,3.970091e+01,3.970091e+01,3.970091e+01,4.024737e+01,4.011433e+01,4.011433e+01,4.065880e+01,4.072502e+01,4.105554e+01,4.130609e+01,4.171371e+01,4.204139e+01,4.252463e+01,4.286300e+01,4.309667e+01,4.354969e+01,4.394947e+01,4.443766e+01,4.491105e+01,4.544611e+01,4.594078e+01,4.640818e+01,4.686120e+01,4.736254e+01,4.798627e+01,4.844577e+01,4.892821e+01,4.974032e+01,5.030315e+01,5.091201e+01,5.142113e+01,5.194022e+01,5.295999e+01,5.359167e+01,5.432661e+01,5.486914e+01,5.542110e+01,5.635514e+01,5.684280e+01,5.789315e+01,5.790465e+01,5.895790e+01,5.914022e+01,5.987828e+01,6.028529e+01,6.075856e+01,6.166658e+01,6.227965e+01,6.265725e+01,6.358564e+01,6.408040e+01,6.481374e+01,6.541282e+01,6.585773e+01,6.672174e+01,6.768741e+01,6.800783e+01,6.884812e+01,6.946189e+01,7.026216e+01,7.101621e+01,7.182867e+01,7.232639e+01,7.303890e+01,7.362489e+01,7.457599e+01,7.503402e+01,7.583471e+01,7.643997e+01,7.730328e+01,7.785283e+01,7.858909e+01,7.904498e+01,7.973614e+01,8.041439e+01,8.075730e+01,8.147009e+01,8.217962e+01,8.255737e+01,8.323313e+01,8.375246e+01,8.397313e+01,8.460469e+01,8.538589e+01,8.570868e+01,8.602137e+01,8.656947e+01,8.691815e+01,8.745386e+01,8.779129e+01,8.834280e+01,8.850137e+01,8.885526e+01,8.922695e+01,8.944029e+01,8.976443e+01,8.976443e+01,9.014332e+01,9.001404e+01,9.017101e+01,9.050292e+01,9.048450e+01,9.051213e+01,9.051213e+01,9.051213e+01,9.051213e+01,9.051213e+01,9.088933e+01,9.065023e+01,9.065023e+01,9.065023e+01,9.065023e+01,9.065023e+01,9.065023e+01,9.065023e+01,9.065023e+01,9.065023e+01,9.065023e+01,9.065023e+01,9.065023e+01,9.065023e+01,9.065023e+01,9.065023e+01,9.065023e+01,9.065023e+01,9.065023e+01,9.065023e+01,9.027249e+01,9.040157e+01,9.040157e+01,9.040157e+01,9.040157e+01,9.040157e+01,9.012486e+01,9.031860e+01,9.031860e+01,9.031860e+01,9.031860e+01,9.031860e+01,8.994012e+01,9.006945e+01,9.006945e+01,9.006945e+01,9.006945e+01,9.006945e+01,9.006945e+01,9.006945e+01,9.006945e+01,8.969039e+01,8.981992e+01,8.969965e+01,8.969965e+01,8.969965e+01,8.969965e+01,8.969965e+01,8.969965e+01,8.969965e+01,8.969965e+01,8.969965e+01,8.938467e+01,8.938467e+01,8.938467e+01,8.938467e+01,8.938467e+01,8.938467e+01,8.938467e+01,8.938467e+01,8.908766e+01,8.908766e+01,8.908766e+01,8.908766e+01,8.908766e+01,8.881804e+01,8.881804e+01,8.881804e+01,8.881804e+01,8.881804e+01,8.843609e+01,8.881804e+01,8.857593e+01,8.819342e+01,8.832413e+01,8.820276e+01,8.823077e+01,8.803455e+01,8.803455e+01,8.803455e+01,8.765077e+01,8.765077e+01,8.765077e+01,8.765077e+01,8.765077e+01,8.763203e+01,8.738816e+01,8.738816e+01,8.738816e+01,8.700285e+01,8.703108e+01,8.703108e+01,8.703108e+01,8.664493e+01,8.664493e+01,8.664493e+01,8.664493e+01,8.625784e+01,8.625784e+01,8.626730e+01,8.626730e+01,8.626730e+01,8.626730e+01,8.587931e+01,8.580350e+01,8.581298e+01,8.563279e+01,8.586036e+01,8.561381e+01,8.561381e+01,8.561381e+01,8.561381e+01,8.522424e+01,8.513860e+01,8.522424e+01,8.522424e+01,8.522424e+01,8.522424e+01,8.483372e+01,8.496718e+01,8.480511e+01,8.475742e+01,8.486234e+01,8.486234e+01,8.486234e+01,8.486234e+01,8.486234e+01,8.486234e+01,8.486234e+01,8.486234e+01,8.486234e+01,8.486234e+01,8.486234e+01,8.486234e+01,8.486234e+01,8.486234e+01,8.486234e+01,8.486234e+01,8.486234e+01,8.486234e+01,8.486234e+01,8.486234e+01,8.486234e+01,8.525278e+01,8.500529e+01,8.539539e+01,8.514812e+01,8.512908e+01,8.519570e+01,8.558533e+01,8.533836e+01,8.533836e+01,8.533836e+01,8.533836e+01,8.533836e+01,8.533836e+01,8.533836e+01,8.572765e+01,8.572765e+01,8.569920e+01,8.569920e+01,8.569920e+01,8.569920e+01,8.569920e+01,8.569920e+01,8.569920e+01,8.569920e+01,8.569920e+01,8.569920e+01,8.569920e+01,8.569920e+01,8.569920e+01,8.569920e+01,8.529082e+01,8.529082e+01,8.529082e+01,8.529082e+01,8.529082e+01,8.490047e+01,8.490047e+01,8.490047e+01,8.450916e+01,8.460469e+01,8.460469e+01,8.425095e+01,8.408815e+01,8.399231e+01,8.382925e+01,8.373325e+01,8.373325e+01,8.343529e+01,8.315604e+01,8.295352e+01,8.274108e+01,8.244124e+01,8.205350e+01,8.168426e+01,8.133364e+01,8.095291e+01,8.049284e+01,7.986415e+01,7.956857e+01,7.896580e+01,7.874782e+01,7.801232e+01,7.761327e+01,7.689232e+01,7.650036e+01,7.607710e+01,7.531830e+01,7.489167e+01,7.405518e+01,7.365567e+01,7.293586e+01,7.236780e+01,7.178712e+01,7.128754e+01,7.082807e+01,6.997837e+01,6.944077e+01,6.906007e+01,6.822103e+01,6.780498e+01,6.699065e+01,6.649545e+01,6.571681e+01,6.530409e+01,6.452962e+01,6.409137e+01,6.321062e+01,6.235748e+01,6.207932e+01,6.109558e+01,6.062352e+01,5.982166e+01,5.898071e+01,5.856964e+01,5.766304e+01,5.712065e+01,5.626204e+01,5.546796e+01,5.473962e+01,5.435025e+01,5.342512e+01,5.256507e+01,5.209673e+01,5.137273e+01,5.093630e+01,5.032756e+01,4.948251e+01,4.886647e+01,4.812306e+01,4.766233e+01,4.746255e+01,4.655938e+01,4.609257e+01,4.562392e+01,4.505142e+01,4.455298e+01,4.411671e+01,4.365300e+01,4.308371e+01,4.228979e+01,4.215912e+01,4.180556e+01,4.152981e+01,4.097630e+01,4.068529e+01,4.044664e+01,3.999446e+01,3.955385e+01,3.900400e+01,3.864043e+01,3.819444e+01,3.774666e+01,3.751528e+01,3.751528e+01,3.695523e+01,3.639232e+01,3.663980e+01,3.663980e+01,3.663980e+01,3.663980e+01,3.663980e+01,3.663980e+01,3.710577e+01,3.710577e+01,3.710577e+01,3.766505e+01,3.758338e+01,3.758338e+01,3.814026e+01,3.811316e+01,3.804538e+01,3.804538e+01,3.804538e+01,3.859996e+01,3.855947e+01,3.855947e+01,3.855947e+01,3.855947e+01,3.911150e+01,3.911150e+01,3.911150e+01,3.911150e+01,3.911150e+01,3.911150e+01,3.911150e+01,3.911150e+01,3.911150e+01,3.911150e+01,3.911150e+01,3.966082e+01,3.955385e+01,3.952709e+01,3.952709e+01,3.952709e+01,3.952709e+01,4.007439e+01,4.008770e+01,4.008770e+01,4.008770e+01,4.063230e+01,4.044664e+01,4.068529e+01,4.064555e+01,4.088379e+01,4.091023e+01,4.093666e+01,4.147721e+01,4.129292e+01,4.129292e+01,4.129292e+01,4.129292e+01,4.164807e+01,4.164807e+01,4.164807e+01,4.164807e+01,4.164807e+01,4.164807e+01,4.164807e+01,4.164807e+01,4.164807e+01,4.164807e+01,4.164807e+01,4.164807e+01,4.164807e+01,4.164807e+01,4.116110e+01,4.116110e+01,4.116110e+01,4.116110e+01,4.116110e+01,4.116110e+01,4.116110e+01,4.116110e+01,4.116110e+01,4.116110e+01,4.116110e+01,4.109513e+01,4.102913e+01,4.097630e+01,4.076473e+01,4.076473e+01,4.076473e+01,4.076473e+01,4.076473e+01,4.076473e+01,4.022078e+01,4.040681e+01,4.040681e+01,4.040681e+01,4.040681e+01,4.040681e+01,4.040681e+01,4.040681e+01,4.040681e+01,4.040681e+01,4.004775e+01,4.004775e+01,4.004775e+01,4.004775e+01,4.004775e+01,4.004775e+01,4.004775e+01,4.004775e+01,4.004775e+01,3.962072e+01,3.962072e+01,3.962072e+01,3.962072e+01,3.962072e+01,3.962072e+01,3.962072e+01,3.962072e+01,3.962072e+01,3.962072e+01,3.962072e+01,3.962072e+01,3.907120e+01,3.925914e+01,3.925914e+01,3.925914e+01,3.925914e+01,3.925914e+01,3.925914e+01,3.925914e+01,3.925914e+01,3.870784e+01,3.889640e+01,3.889640e+01,3.889640e+01,3.889640e+01,3.889640e+01,3.889640e+01,3.889640e+01,3.889640e+01,3.889640e+01,3.889640e+01,3.889640e+01,3.889640e+01,3.889640e+01,3.889640e+01,3.889640e+01,3.889640e+01,3.889640e+01,3.889640e+01,3.889640e+01,3.889640e+01,3.834330e+01,3.853247e+01,3.828920e+01,3.831625e+01,3.843793e+01,3.843793e+01,3.843793e+01,3.843793e+01,3.843793e+01,3.843793e+01,3.843793e+01,3.843793e+01,3.843793e+01,3.843793e+01,3.843793e+01,3.843793e+01,3.815381e+01,3.815381e+01,3.815381e+01,3.815381e+01
3.681820e+01,3.681820e+01,3.681820e+01,3.681820e+01,3.681820e+01,3.681820e+01,3.681820e+01,3.681820e+01,3.681820e+01,3.681820e+01,3.681820e+01,3.737894e+01,3.724244e+01,3.724244e+01,3.724244e+01,3.793685e+01,3.793685e+01,3.793685e+01,3.793685e+01,3.835683e+01,3.835683e+01,3.835683e+01,3.835683e+01,3.885602e+01,3.885602e+01,3.885602e+01,3.885602e+01,3.885602e+01,3.885602e+01,3.885602e+01,3.885602e+01,3.885602e+01,3.885602e+01,3.917863e+01,3.917863e+01,3.917863e+01,3.972763e+01,3.959398e+01,3.959398e+01,3.999446e+01,4.022078e+01,4.022078e+01,4.076473e+01,4.089701e+01,4.089701e+01,4.089701e+01,4.143774e+01,4.125339e+01,4.125339e+01,4.125339e+01,4.125339e+01,4.125339e+01,4.125339e+01,4.125339e+01,4.152981e+01,4.152981e+01,4.152981e+01,4.152981e+01,4.152981e+01,4.117429e+01,4.117429e+01,4.117429e+01,4.117429e+01,4.117429e+01,4.117429e+01,4.117429e+01,4.117429e+01,4.081766e+01,4.081766e+01,4.081766e+01,4.081766e+01,4.045991e+01,4.045991e+01,4.045991e+01,4.045991e+01,4.045991e+01,4.004775e+01,4.004775e+01,4.004775e+01,4.004775e+01,4.004775e+01,3.988781e+01,3.975434e+01,3.975434e+01,3.975434e+01,3.975434e+01,4.030054e+01,4.016756e+01,4.016756e+01,4.016756e+01,4.065880e+01,4.035369e+01,4.068529e+01,4.105554e+01,4.151666e+01,4.197593e+01,4.240727e+01,4.266791e+01,4.313557e+01,4.349801e+01,4.402669e+01,4.443766e+01,4.491105e+01,4.544611e+01,4.594078e+01,4.640818e+01,4.686120e+01,4.736254e+01,4.798627e+01,4.844577e+01,4.892821e+01,4.974032e+01,5.030315e+01,5.091201e+01,5.142113e+01,5.243315e+01,5.306748e+01,5.360356e+01,5.433843e+01,5.488091e+01,5.543281e+01,5.636677e+01,5.685439e+01,5.774362e+01,5.836363e+01,5.894650e+01,5.933365e+01,5.988961e+01,6.029658e+01,6.076981e+01,6.167775e+01,6.229077e+01,6.266833e+01,6.359665e+01,6.409137e+01,6.482465e+01,6.542369e+01,6.586856e+01,6.673251e+01,6.764463e+01,6.807182e+01,6.885873e+01,6.947245e+01,7.027267e+01,7.102666e+01,7.183907e+01,7.233675e+01,7.304920e+01,7.374796e+01,7.448421e+01,7.536900e+01,7.592565e+01,7.646011e+01,7.732330e+01,7.787277e+01,7.860894e+01,7.906477e+01,7.975584e+01,8.043401e+01,8.077687e+01,8.148956e+01,8.219901e+01,8.257672e+01,8.325240e+01,8.371404e+01,8.403065e+01,8.462379e+01,8.540489e+01,8.572765e+01,8.604030e+01,8.658833e+01,8.693698e+01,8.747262e+01,8.781001e+01,8.822144e+01,8.854797e+01,8.887386e+01,8.918982e+01,8.949590e+01,8.964410e+01,8.981068e+01,9.002327e+01,9.040157e+01,9.032783e+01,9.038314e+01,9.038314e+01,9.038314e+01,9.038314e+01,9.038314e+01,9.076063e+01,9.074223e+01,9.078821e+01,9.070544e+01,9.070544e+01,9.070544e+01,9.070544e+01,9.070544e+01,9.070544e+01,9.070544e+01,9.070544e+01,9.070544e+01,9.070544e+01,9.070544e+01,9.070544e+01,9.070544e+01,9.070544e+01,9.070544e+01,9.070544e+01,9.070544e+01,9.070544e+01,9.032783e+01,9.036470e+01,9.036470e+01,9.036470e+01,9.036470e+01,9.036470e+01,9.036470e+01,9.036470e+01,9.036470e+01,9.036470e+01,9.036470e+01,8.998632e+01,9.006022e+01,9.006022e+01,9.006022e+01,9.006022e+01,9.006022e+01,9.006022e+01,9.006022e+01,9.006022e+01,9.006022e+01,9.006022e+01,8.969039e+01,8.969039e+01,8.969039e+01,8.969039e+01,8.969039e+01,8.969039e+01,8.969039e+01,8.969039e+01,8.969039e+01,8.969039e+01,8.969039e+01,8.938467e+01,8.938467e+01,8.938467e+01,8.938467e+01,8.938467e+01,8.938467e+01,8.938467e+01,8.938467e+01,8.938467e+01,8.938467e+01,8.908766e+01,8.908766e+01,8.908766e+01,8.881804e+01,8.881804e+01,8.881804e+01,8.881804e+01,8.843609e+01,8.852001e+01,8.858525e+01,8.842677e+01,8.831480e+01,8.831480e+01,8.831480e+01,8.831480e+01,8.803455e+01,8.803455e+01,8.803455e+01,8.765077e+01,8.765077e+01,8.765077e+01,8.765077e+01,8.765077e+01,8.765077e+01,8.738816e+01,8.738816e+01,8.738816e+01,8.738816e+01,8.703108e+01,8.703108e+01,8.703108e+01,8.703108e+01,8.664493e+01,8.664493e+01,8.664493e+01,8.664493e+01,8.625784e+01,8.625784e+01,8.625784e+01,8.625784e+01,8.625784e+01,8.625784e+01,8.580350e+01,8.580350e+01,8.580350e+01,8.580350e+01,8.580350e+01,8.541439e+01,8.554736e+01,8.537638e+01,8.534786e+01,8.534786e+01,8.534786e+01,8.534786e+01,8.534786e+01,8.534786e+01,8.522424e+01,8.497671e+01,8.497671e+01,8.497671e+01,8.497671e+01,8.497671e+01,8.497671e+01,8.497671e+01,8.497671e+01,8.497671e+01,8.497671e+01,8.497671e+01,8.497671e+01,8.497671e+01,8.497671e+01,8.497671e+01,8.497671e+01,8.497671e+01,8.497671e+01,8.497671e+01,8.497671e+01,8.497671e+01,8.497671e+01,8.497671e+01,8.497671e+01,8.497671e+01,8.497671e+01,8.500529e+01,8.510052e+01,8.510052e+01,8.510052e+01,8.519570e+01,8.529082e+01,8.529082e+01,8.529082e+01,8.568023e+01,8.543340e+01,8.543340e+01,8.543340e+01,8.572765e+01,8.572765e+01,8.572765e+01,8.572765e+01,8.572765e+01,8.572765e+01,8.572765e+01,8.572765e+01,8.572765e+01,8.572765e+01,8.572765e+01,8.572765e+01,8.572765e+01,8.572765e+01,8.572765e+01,8.572765e+01,8.529082e+01,8.529082e+01,8.529082e+01,8.529082e+01,8.490047e+01,8.499577e+01,8.499577e+01,8.499577e+01,8.450916e+01,8.450916e+01,8.450916e+01,8.450916e+01,8.408815e+01,8.408815e+01,8.382925e+01,8.382925e+01,8.382925e+01,8.343529e+01,8.311749e+01,8.291492e+01,8.270242e+01,8.234440e+01,8.203409e+01,8.166479e+01,8.131414e+01,8.093336e+01,8.047323e+01,7.990352e+01,7.950938e+01,7.900539e+01,7.868832e+01,7.799239e+01,7.759329e+01,7.687225e+01,7.648023e+01,7.605692e+01,7.529801e+01,7.487132e+01,7.403472e+01,7.363515e+01,7.291524e+01,7.234710e+01,7.176634e+01,7.126669e+01,7.080715e+01,6.995733e+01,6.941965e+01,6.903889e+01,6.819972e+01,6.778361e+01,6.696915e+01,6.647388e+01,6.613912e+01,6.539108e+01,6.460617e+01,6.415720e+01,6.326584e+01,6.291208e+01,6.185637e+01,6.108437e+01,6.061226e+01,5.981033e+01,5.943594e+01,5.867253e+01,5.776664e+01,5.722469e+01,5.636677e+01,5.557334e+01,5.484560e+01,5.445656e+01,5.353221e+01,5.316295e+01,5.232511e+01,5.161454e+01,5.069316e+01,5.032756e+01,4.948251e+01,4.886647e+01,4.812306e+01,4.782441e+01,4.740005e+01,4.655938e+01,4.609257e+01,4.562392e+01,4.505142e+01,4.455298e+01,4.411671e+01,4.365300e+01,4.361427e+01,4.274598e+01,4.235508e+01,4.194973e+01,4.154295e+01,4.104234e+01,4.083089e+01,4.035369e+01,3.999446e+01,3.955385e+01,3.905777e+01,3.855947e+01,3.819444e+01,3.792327e+01,3.792327e+01,3.751528e+01,3.751528e+01,3.687303e+01,3.707841e+01,3.688674e+01,3.688674e+01,3.688674e+01,3.688674e+01,3.688674e+01,3.688674e+01,3.744713e+01,3.741986e+01,3.748802e+01,3.748802e+01,3.748802e+01,3.758338e+01,3.793685e+01,3.793685e+01,3.849196e+01,3.838387e+01,3.842442e+01,3.842442e+01,3.842442e+01,3.897711e+01,3.895021e+01,3.893676e+01,3.893676e+01,3.893676e+01,3.893676e+01,3.948694e+01,3.929938e+01,3.929938e+01,3.929938e+01,3.929938e+01,3.929938e+01,3.929938e+01,3.929938e+01,3.984778e+01,3.963409e+01,3.963409e+01,3.963409e+01,3.963409e+01,3.963409e+01,4.008770e+01,4.008770e+01,4.008770e+01,4.063230e+01,4.063230e+01,4.063230e+01,4.063230e+01,4.063230e+01,4.063230e+01,4.093666e+01,4.130609e+01,4.130609e+01,4.130609e+01,4.130609e+01,4.130609e+01,4.164807e+01,4.164807e+01,4.164807e+01,4.164807e+01,4.164807e+01,4.164807e+01,4.164807e+01,4.164807e+01,4.164807e+01,4.164807e+01,4.164807e+01,4.164807e+01,4.164807e+01,4.164807e+01,4.116110e+01,4.116110e+01,4.116110e+01,4.116110e+01,4.116110e+01,4.116110e+01,4.116110e+01,4.116110e+01,4.116110e+01,4.116110e+01,4.116110e+01,4.116110e+01,4.061905e+01,4.080443e+01,4.080443e+01,4.080443e+01,4.080443e+01,4.080443e+01,4.080443e+01,4.026067e+01,4.035369e+01,4.035369e+01,4.035369e+01,4.035369e+01,4.035369e+01,4.035369e+01,4.035369e+01,4.035369e+01,4.035369e+01,4.035369e+01,4.004775e+01,4.004775e+01,4.004775e+01,4.004775e+01,4.004775e+01,4.004775e+01,4.004775e+01,4.004775e+01,3.950032e+01,3.963409e+01,3.963409e+01,3.963409e+01,3.963409e+01,3.963409e+01,3.963409e+01,3.963409e+01,3.963409e+01,3.963409e+01,3.963409e+01,3.963409e+01,3.963409e+01,3.907120e+01,3.907120e+01,3.907120e+01,3.907120e+01,3.907120e+01,3.907120e+01,3.907120e+01,3.907120e+01,3.907120e+01,3.907120e+01,3.907120e+01,3.907120e+01,3.907120e+01,3.907120e+01,3.907120e+01,3.907120e+01,3.907120e+01,3.907120e+01,3.907120e+01,3.907120e+01,3.907120e+01,3.907120e+01,3.851897e+01,3.870784e+01,3.870784e+01,3.870784e+01,3.870784e+01,3.870784e+01,3.870784e+01,3.870784e+01,3.870784e+01,3.870784e+01,3.870784e+01,3.870784e+01,3.870784e+01,3.870784e+01,3.870784e+01,3.870784e+01,3.870784e+01,3.870784e+01,3.870784e+01,3.815381e+01,3.834330e+01,3.834330e+01,3.834330e+01,3.834330e+01,3.834330e+01,3.834330e+01,3.834330e+01,3.834330e+01
3.681820e+01,3.681820e+01,3.681820e+01,3.681820e+01,3.681820e+01,3.681820e+01,3.681820e+01,3.681820e+01,3.681820e+01,3.681820e+01,3.681820e+01,3.737894e+01,3.737894e+01,3.737894e+01,3.737894e+01,3.793685e+01,3.793685e+01,3.793685e+01,3.793685e+01,3.793685e+01,3.835683e+01,3.835683e+01,3.835683e+01,3.835683e+01,3.885602e+01,3.885602e+01,3.885602e+01,3.885602e+01,3.885602e+01,3.885602e+01,3.885602e+01,3.885602e+01,3.885602e+01,3.917863e+01,3.917863e+01,3.972763e+01,3.959398e+01,3.959398e+01,4.014095e+01,4.000779e+01,4.000779e+01,4.055276e+01,4.059254e+01,4.089701e+01,4.089701e+01,4.089701e+01,4.089701e+01,4.125339e+01,4.125339e+01,4.125339e+01,4.125339e+01,4.125339e+01,4.179244e+01,4.118748e+01,4.138510e+01,4.138510e+01,4.138510e+01,4.138510e+01,4.138510e+01,4.138510e+01,4.138510e+01,4.138510e+01,4.084412e+01,4.102913e+01,4.102913e+01,4.102913e+01,4.102913e+01,4.102913e+01,4.048645e+01,4.067204e+01,4.051298e+01,4.049971e+01,4.049971e+01,4.049971e+01,3.995448e+01,4.003443e+01,4.007439e+01,4.007439e+01,4.007439e+01,4.007439e+01,4.007439e+01,3.952709e+01,3.971427e+01,3.971427e+01,3.971427e+01,3.971427e+01,3.971427e+01,4.016756e+01,4.016756e+01,4.016756e+01,4.016756e+01,4.071178e+01,4.077797e+01,4.118748e+01,4.150351e+01,4.194973e+01,4.221141e+01,4.270695e+01,4.308371e+01,4.357553e+01,4.397522e+01,4.451455e+01,4.489828e+01,4.542068e+01,4.590280e+01,4.635774e+01,4.731250e+01,4.747505e+01,4.798627e+01,4.844577e+01,4.892821e+01,4.974032e+01,5.030315e+01,5.091201e+01,5.191612e+01,5.204859e+01,5.290023e+01,5.393596e+01,5.394782e+01,5.485738e+01,5.542110e+01,5.636677e+01,5.686598e+01,5.775513e+01,5.837508e+01,5.895790e+01,5.934502e+01,5.990093e+01,6.030787e+01,6.078106e+01,6.168892e+01,6.230189e+01,6.267942e+01,6.360767e+01,6.410235e+01,6.483557e+01,6.543456e+01,6.632280e+01,6.682937e+01,6.766602e+01,6.809315e+01,6.887994e+01,6.949357e+01,7.029366e+01,7.104755e+01,7.185983e+01,7.235744e+01,7.306980e+01,7.376846e+01,7.450462e+01,7.538928e+01,7.594585e+01,7.689232e+01,7.741335e+01,7.790269e+01,7.863871e+01,7.909445e+01,7.978539e+01,8.046342e+01,8.120683e+01,8.157721e+01,8.223779e+01,8.261541e+01,8.329092e+01,8.375246e+01,8.406898e+01,8.466198e+01,8.544289e+01,8.576558e+01,8.607816e+01,8.662606e+01,8.697462e+01,8.751014e+01,8.784746e+01,8.825879e+01,8.858525e+01,8.929191e+01,8.937539e+01,8.937539e+01,8.964410e+01,8.992163e+01,9.011562e+01,9.028172e+01,9.028172e+01,9.028172e+01,9.028172e+01,9.028172e+01,9.065943e+01,9.064103e+01,9.064103e+01,9.064103e+01,9.064103e+01,9.064103e+01,9.064103e+01,9.064103e+01,9.064103e+01,9.064103e+01,9.064103e+01,9.064103e+01,9.064103e+01,9.064103e+01,9.064103e+01,9.064103e+01,9.064103e+01,9.064103e+01,9.064103e+01,9.064103e+01,9.064103e+01,9.064103e+01,9.064103e+01,9.064103e+01,9.064103e+01,9.064103e+01,9.064103e+01,9.064103e+01,9.036470e+01,9.036470e+01,8.998632e+01,9.022637e+01,9.022637e+01,9.022637e+01,9.022637e+01,9.022637e+01,9.022637e+01,9.022637e+01,9.022637e+01,9.022637e+01,9.022637e+01,8.984767e+01,8.997708e+01,8.997708e+01,8.997708e+01,8.997708e+01,8.997708e+01,8.997708e+01,8.969039e+01,8.969039e+01,8.969039e+01,8.969039e+01,8.969039e+01,8.969039e+01,8.969039e+01,8.931046e+01,8.940321e+01,8.940321e+01,8.940321e+01,8.940321e+01,8.940321e+01,8.940321e+01,8.940321e+01,8.902262e+01,8.926407e+01,8.915268e+01,8.911552e+01,8.911552e+01,8.911552e+01,8.881804e+01,8.881804e+01,8.881804e+01,8.881804e+01,8.843609e+01,8.843609e+01,8.843609e+01,8.843609e+01,8.843609e+01,8.843609e+01,8.805325e+01,8.805325e+01,8.806260e+01,8.806260e+01,8.806260e+01,8.803455e+01,8.779129e+01,8.779129e+01,8.779129e+01,8.740694e+01,8.740694e+01,8.741632e+01,8.741632e+01,8.741632e+01,8.741632e+01,8.703108e+01,8.703108e+01,8.703108e+01,8.703108e+01,8.664493e+01,8.664493e+01,8.664493e+01,8.664493e+01,8.664493e+01,8.664493e+01,8.625784e+01,8.625784e+01,8.625784e+01,8.625784e+01,8.619167e+01,8.594562e+01,8.594562e+01,8.594562e+01,8.594562e+01,8.580350e+01,8.555686e+01,8.555686e+01,8.555686e+01,8.555686e+01,8.555686e+01,8.534786e+01,8.534786e+01,8.534786e+01,8.495765e+01,8.537638e+01,8.512908e+01,8.512908e+01,8.512908e+01,8.512908e+01,8.512908e+01,8.512908e+01,8.512908e+01,8.512908e+01,8.512908e+01,8.512908e+01,8.512908e+01,8.512908e+01,8.512908e+01,8.512908e+01,8.512908e+01,8.512908e+01,8.512908e+01,8.512908e+01,8.512908e+01,8.512908e+01,8.512908e+01,8.512908e+01,8.512908e+01,8.512908e+01,8.512908e+01,8.512908e+01,8.512908e+01,8.512908e+01,8.551888e+01,8.527180e+01,8.527180e+01,8.566125e+01,8.558533e+01,8.557584e+01,8.549039e+01,8.549039e+01,8.587931e+01,8.578454e+01,8.578454e+01,8.578454e+01,8.578454e+01,8.578454e+01,8.578454e+01,8.578454e+01,8.578454e+01,8.578454e+01,8.578454e+01,8.578454e+01,8.578454e+01,8.578454e+01,8.578454e+01,8.578454e+01,8.578454e+01,8.568023e+01,8.543340e+01,8.543340e+01,8.543340e+01,8.529082e+01,8.504339e+01,8.504339e+01,8.465244e+01,8.460469e+01,8.460469e+01,8.460469e+01,8.421265e+01,8.421265e+01,8.409773e+01,8.389641e+01,8.389641e+01,8.389641e+01,8.343529e+01,8.315604e+01,8.291492e+01,8.260574e+01,8.238314e+01,8.237345e+01,8.170371e+01,8.130438e+01,8.128488e+01,8.052225e+01,7.991336e+01,7.947978e+01,7.904498e+01,7.863871e+01,7.795253e+01,7.755332e+01,7.724322e+01,7.654061e+01,7.608720e+01,7.529801e+01,7.484080e+01,7.400402e+01,7.360437e+01,7.330649e+01,7.241953e+01,7.180790e+01,7.127711e+01,7.078623e+01,6.992576e+01,6.938796e+01,6.900711e+01,6.816776e+01,6.775155e+01,6.693691e+01,6.651702e+01,6.564088e+01,6.529321e+01,6.457337e+01,6.412429e+01,6.330999e+01,6.286780e+01,6.195675e+01,6.115167e+01,6.064603e+01,5.981033e+01,5.940186e+01,5.863824e+01,5.773211e+01,5.719001e+01,5.633187e+01,5.553822e+01,5.529213e+01,5.453918e+01,5.366298e+01,5.317488e+01,5.231310e+01,5.159038e+01,5.074183e+01,5.025431e+01,4.945792e+01,4.884176e+01,4.817276e+01,4.774963e+01,4.737504e+01,4.653419e+01,4.606729e+01,4.559853e+01,4.502591e+01,4.452737e+01,4.409100e+01,4.382066e+01,4.354969e+01,4.279800e+01,4.235508e+01,4.189733e+01,4.141142e+01,4.121385e+01,4.076473e+01,4.040681e+01,3.991448e+01,3.952709e+01,3.903089e+01,3.861345e+01,3.832978e+01,3.832978e+01,3.792327e+01,3.759700e+01,3.735165e+01,3.705105e+01,3.648863e+01,3.684562e+01,3.684562e+01,3.684562e+01,3.684562e+01,3.684562e+01,3.740622e+01,3.731071e+01,3.786896e+01,3.751528e+01,3.751528e+01,3.751528e+01,3.807250e+01,3.793685e+01,3.818090e+01,3.831625e+01,3.831625e+01,3.831625e+01,3.886948e+01,3.876175e+01,3.880216e+01,3.880216e+01,3.880216e+01,3.935300e+01,3.916521e+01,3.940659e+01,3.935300e+01,3.935300e+01,3.935300e+01,3.935300e+01,3.935300e+01,3.935300e+01,3.935300e+01,3.935300e+01,3.935300e+01,3.963409e+01,3.963409e+01,3.963409e+01,3.963409e+01,4.018087e+01,4.004775e+01,4.004775e+01,4.004775e+01,4.008770e+01,4.043336e+01,4.097630e+01,4.079120e+01,4.079120e+01,4.079120e+01,4.133244e+01,4.129292e+01,4.129292e+01,4.129292e+01,4.129292e+01,4.129292e+01,4.164807e+01,4.164807e+01,4.164807e+01,4.164807e+01,4.164807e+01,4.164807e+01,4.164807e+01,4.164807e+01,4.164807e+01,4.164807e+01,4.164807e+01,4.164807e+01,4.164807e+01,4.164807e+01,4.116110e+01,4.116110e+01,4.116110e+01,4.116110e+01,4.116110e+01,4.116110e+01,4.116110e+01,4.116110e+01,4.116110e+01,4.116110e+01,4.116110e+01,4.116110e+01,4.061905e+01,4.061905e+01,4.116110e+01,4.097630e+01,4.043336e+01,4.061905e+01,4.038025e+01,4.043336e+01,4.043336e+01,4.043336e+01,4.043336e+01,4.043336e+01,4.043336e+01,4.043336e+01,4.043336e+01,4.043336e+01,4.043336e+01,4.043336e+01,4.004775e+01,4.004775e+01,4.004775e+01,4.004775e+01,4.004775e+01,4.004775e+01,4.004775e+01,4.004775e+01,4.004775e+01,4.004775e+01,4.004775e+01,4.004775e+01,4.004775e+01,4.004775e+01,3.963409e+01,3.963409e+01,3.963409e+01,3.963409e+01,3.963409e+01,3.963409e+01,3.963409e+01,3.963409e+01,3.907120e+01,3.962072e+01,3.927256e+01,3.927256e+01,3.927256e+01,3.927256e+01,3.927256e+01,3.927256e+01,3.927256e+01,3.927256e+01,3.927256e+01,3.927256e+01,3.927256e+01,3.927256e+01,3.927256e+01,3.872132e+01,3.890985e+01,3.890985e+01,3.890985e+01,3.890985e+01,3.890985e+01,3.890985e+01,3.890985e+01,3.890985e+01,3.890985e+01,3.890985e+01,3.890985e+01,3.890985e+01,3.890985e+01,3.890985e+01,3.835683e+01,3.854597e+01,3.854597e+01,3.854597e+01,3.854597e+01,3.854597e+01,3.854597e+01,3.854597e+01,3.854597e+01,3.854597e+01,3.854597e+01,3.854597e+01,3.854597e+01,3.799113e+01,3.818090e+01,3.818090e+01,3.818090e+01,3.818090e+01,3.818090e+01
3.681820e+01,3.681820e+01,3.681820e+01,3.681820e+01,3.681820e+01,3.681820e+01,3.681820e+01,3.681820e+01,3.681820e+01,3.681820e+01,3.681820e+01,3.737894e+01,3.737894e+01,3.737894e+01,3.737894e+01,3.793685e+01,3.793685e+01,3.793685e+01,3.793685e+01,3.793685e+01,3.835683e+01,3.835683e+01,3.835683e+01,3.835683e+01,3.885602e+01,3.885602e+01,3.885602e+01,3.885602e+01,3.885602e+01,3.885602e+01,3.885602e+01,3.885602e+01,3.885602e+01,3.917863e+01,3.941999e+01,3.955385e+01,3.955385e+01,3.955385e+01,4.014095e+01,4.014095e+01,4.014095e+01,4.055276e+01,4.075150e+01,4.081766e+01,4.081766e+01,4.081766e+01,4.135877e+01,4.122703e+01,4.122703e+01,4.122703e+01,4.122703e+01,4.122703e+01,4.122703e+01,4.122703e+01,4.122703e+01,4.122703e+01,4.122703e+01,4.122703e+01,4.122703e+01,4.122703e+01,4.122703e+01,4.122703e+01,4.122703e+01,4.122703e+01,4.122703e+01,4.068529e+01,4.087056e+01,4.063230e+01,4.065880e+01,4.065880e+01,4.065880e+01,4.065880e+01,4.065880e+01,4.011433e+01,4.012764e+01,4.012764e+01,4.012764e+01,4.012764e+01,4.012764e+01,3.958060e+01,3.968755e+01,3.970091e+01,3.970091e+01,3.970091e+01,4.024737e+01,3.990114e+01,4.014095e+01,3.999446e+01,3.999446e+01,4.053951e+01,4.051298e+01,4.053951e+01,4.130609e+01,4.138510e+01,4.163493e+01,4.177932e+01,4.227673e+01,4.265489e+01,4.316150e+01,4.352386e+01,4.405242e+01,4.446329e+01,4.497487e+01,4.544611e+01,4.592812e+01,4.638297e+01,4.714972e+01,4.753751e+01,4.801115e+01,4.847055e+01,4.895290e+01,4.976484e+01,5.032756e+01,5.093630e+01,5.175939e+01,5.210876e+01,5.292414e+01,5.378174e+01,5.400708e+01,5.488091e+01,5.544453e+01,5.639003e+01,5.688915e+01,5.777814e+01,5.839799e+01,5.898071e+01,5.936776e+01,5.992357e+01,6.033044e+01,6.080355e+01,6.171126e+01,6.232413e+01,6.270160e+01,6.362969e+01,6.412429e+01,6.485740e+01,6.545629e+01,6.634440e+01,6.685088e+01,6.768741e+01,6.811447e+01,6.890114e+01,6.951468e+01,7.031466e+01,7.106844e+01,7.188060e+01,7.237814e+01,7.309040e+01,7.378896e+01,7.494253e+01,7.548050e+01,7.606701e+01,7.680196e+01,7.735332e+01,7.787277e+01,7.863871e+01,7.912413e+01,7.981493e+01,8.049284e+01,8.123611e+01,8.160641e+01,8.226688e+01,8.264442e+01,8.331980e+01,8.378126e+01,8.449004e+01,8.474788e+01,8.548090e+01,8.580350e+01,8.611600e+01,8.666378e+01,8.739754e+01,8.759454e+01,8.789425e+01,8.830547e+01,8.863184e+01,8.917125e+01,8.917125e+01,8.937539e+01,8.968114e+01,8.995860e+01,9.006022e+01,9.006022e+01,9.028172e+01,9.028172e+01,9.028172e+01,9.065943e+01,9.056738e+01,9.056738e+01,9.056738e+01,9.056738e+01,9.056738e+01,9.094445e+01,9.070544e+01,9.070544e+01,9.070544e+01,9.070544e+01,9.070544e+01,9.070544e+01,9.070544e+01,9.070544e+01,9.070544e+01,9.070544e+01,9.070544e+01,9.070544e+01,9.070544e+01,9.070544e+01,9.070544e+01,9.070544e+01,9.070544e+01,9.070544e+01,9.070544e+01,9.032783e+01,9.056738e+01,9.044765e+01,9.039236e+01,9.022637e+01,9.021714e+01,9.019869e+01,9.019869e+01,9.019869e+01,9.019869e+01,9.019869e+01,9.019869e+01,9.019869e+01,9.019869e+01,8.981992e+01,8.989390e+01,8.994012e+01,8.994012e+01,8.994012e+01,8.994012e+01,8.994012e+01,8.994012e+01,8.994012e+01,8.994012e+01,8.969039e+01,8.969039e+01,8.969039e+01,8.969039e+01,8.969039e+01,8.969039e+01,8.931046e+01,8.969039e+01,8.956076e+01,8.956076e+01,8.918053e+01,8.931046e+01,8.931046e+01,8.931046e+01,8.931046e+01,8.931046e+01,8.892966e+01,8.905979e+01,8.905979e+01,8.905979e+01,8.905979e+01,8.881804e+01,8.881804e+01,8.881804e+01,8.881804e+01,8.843609e+01,8.843609e+01,8.843609e+01,8.843609e+01,8.843609e+01,8.805325e+01,8.805325e+01,8.805325e+01,8.805325e+01,8.805325e+01,8.805325e+01,8.805325e+01,8.805325e+01,8.779129e+01,8.752890e+01,8.752890e+01,8.752890e+01,8.752890e+01,8.714393e+01,8.716273e+01,8.715333e+01,8.715333e+01,8.715333e+01,8.715333e+01,8.703108e+01,8.678631e+01,8.678631e+01,8.678631e+01,8.639957e+01,8.641846e+01,8.638068e+01,8.638068e+01,8.638068e+01,8.638068e+01,8.638068e+01,8.594562e+01,8.594562e+01,8.594562e+01,8.594562e+01,8.555686e+01,8.558533e+01,8.558533e+01,8.558533e+01,8.558533e+01,8.558533e+01,8.558533e+01,8.558533e+01,8.534786e+01,8.527180e+01,8.529082e+01,8.518619e+01,8.518619e+01,8.518619e+01,8.518619e+01,8.518619e+01,8.518619e+01,8.518619e+01,8.518619e+01,8.518619e+01,8.518619e+01,8.518619e+01,8.518619e+01,8.518619e+01,8.518619e+01,8.518619e+01,8.518619e+01,8.518619e+01,8.518619e+01,8.518619e+01,8.518619e+01,8.518619e+01,8.518619e+01,8.518619e+01,8.518619e+01,8.518619e+01,8.557584e+01,8.532885e+01,8.530984e+01,8.567074e+01,8.548090e+01,8.546190e+01,8.553787e+01,8.553787e+01,8.553787e+01,8.553787e+01,8.592668e+01,8.583193e+01,8.583193e+01,8.583193e+01,8.583193e+01,8.583193e+01,8.583193e+01,8.583193e+01,8.583193e+01,8.583193e+01,8.583193e+01,8.583193e+01,8.583193e+01,8.583193e+01,8.583193e+01,8.583193e+01,8.583193e+01,8.583193e+01,8.544289e+01,8.546190e+01,8.546190e+01,8.546190e+01,8.507196e+01,8.507196e+01,8.490047e+01,8.477650e+01,8.477650e+01,8.477650e+01,8.438489e+01,8.433706e+01,8.433706e+01,8.409773e+01,8.395396e+01,8.395396e+01,8.356031e+01,8.339680e+01,8.311749e+01,8.287630e+01,8.296317e+01,8.226688e+01,8.209232e+01,8.163560e+01,8.143111e+01,8.123611e+01,8.047323e+01,7.986415e+01,7.943044e+01,7.899550e+01,7.858909e+01,7.790269e+01,7.759329e+01,7.718312e+01,7.649030e+01,7.603674e+01,7.524728e+01,7.478991e+01,7.437197e+01,7.380946e+01,7.298739e+01,7.234710e+01,7.176634e+01,7.123540e+01,7.074438e+01,7.031466e+01,6.945133e+01,6.903889e+01,6.816776e+01,6.771948e+01,6.690466e+01,6.648467e+01,6.568427e+01,6.521704e+01,6.454057e+01,6.409137e+01,6.327688e+01,6.283457e+01,6.192329e+01,6.111802e+01,6.061226e+01,5.977634e+01,5.936776e+01,5.860395e+01,5.769758e+01,5.715534e+01,5.629696e+01,5.606398e+01,5.498678e+01,5.445656e+01,5.362733e+01,5.313909e+01,5.227707e+01,5.155413e+01,5.070533e+01,5.021767e+01,4.992413e+01,4.892821e+01,4.822245e+01,4.786179e+01,4.735003e+01,4.649640e+01,4.654679e+01,4.568736e+01,4.508967e+01,4.456579e+01,4.419382e+01,4.388509e+01,4.347216e+01,4.277200e+01,4.232896e+01,4.240727e+01,4.184489e+01,4.110833e+01,4.083089e+01,4.032712e+01,3.998114e+01,3.944677e+01,3.909807e+01,3.919206e+01,3.878869e+01,3.796399e+01,3.785538e+01,3.711944e+01,3.720145e+01,3.690044e+01,3.681820e+01,3.680449e+01,3.680449e+01,3.680449e+01,3.680449e+01,3.736530e+01,3.726975e+01,3.751528e+01,3.754252e+01,3.755614e+01,3.755614e+01,3.811316e+01,3.797756e+01,3.797756e+01,3.797756e+01,3.831625e+01,3.831625e+01,3.831625e+01,3.886948e+01,3.886948e+01,3.886948e+01,3.886948e+01,3.886948e+01,3.886948e+01,3.916521e+01,3.916521e+01,3.916521e+01,3.916521e+01,3.916521e+01,3.916521e+01,3.916521e+01,3.916521e+01,3.971427e+01,3.952709e+01,3.970091e+01,3.966082e+01,3.966082e+01,3.966082e+01,3.966082e+01,4.018087e+01,4.018087e+01,4.018087e+01,4.018087e+01,4.018087e+01,4.072502e+01,4.080443e+01,4.080443e+01,4.080443e+01,4.134560e+01,4.121385e+01,4.121385e+01,4.175309e+01,4.141142e+01,4.141142e+01,4.141142e+01,4.194973e+01,4.176620e+01,4.176620e+01,4.176620e+01,4.176620e+01,4.176620e+01,4.176620e+01,4.176620e+01,4.176620e+01,4.176620e+01,4.176620e+01,4.176620e+01,4.122703e+01,4.125339e+01,4.133244e+01,4.133244e+01,4.133244e+01,4.133244e+01,4.133244e+01,4.133244e+01,4.133244e+01,4.133244e+01,4.133244e+01,4.133244e+01,4.079120e+01,4.081766e+01,4.079120e+01,4.102913e+01,4.098951e+01,4.073826e+01,4.060579e+01,4.060579e+01,4.060579e+01,4.060579e+01,4.060579e+01,4.060579e+01,4.060579e+01,4.060579e+01,4.006107e+01,4.024737e+01,4.024737e+01,4.024737e+01,4.024737e+01,4.024737e+01,4.024737e+01,4.024737e+01,4.024737e+01,4.024737e+01,4.024737e+01,4.024737e+01,4.024737e+01,3.970091e+01,3.988781e+01,3.988781e+01,3.988781e+01,3.988781e+01,3.988781e+01,3.988781e+01,3.988781e+01,3.988781e+01,3.933960e+01,3.952709e+01,3.952709e+01,3.952709e+01,3.952709e+01,3.952709e+01,3.952709e+01,3.952709e+01,3.952709e+01,3.952709e+01,3.952709e+01,3.952709e+01,3.897711e+01,3.916521e+01,3.916521e+01,3.916521e+01,3.916521e+01,3.916521e+01,3.916521e+01,3.916521e+01,3.916521e+01,3.916521e+01,3.916521e+01,3.916521e+01,3.916521e+01,3.916521e+01,3.861345e+01,3.880216e+01,3.880216e+01,3.880216e+01,3.880216e+01,3.880216e+01,3.880216e+01,3.880216e+01,3.880216e+01,3.880216e+01,3.880216e+01,3.880216e+01,3.880216e+01,3.880216e+01,3.880216e+01,3.880216e+01,3.880216e+01,3.880216e+01,3.880216e+01,3.824860e+01,3.843793e+01,3.843793e+01,3.843793e+01,3.843793e+01,3.843793e+01,3.843793e+01,3.843793e+01,3.843793e+01,3.843793e+01
3.681820e+01,3.681820e+01,3.681820e+01,3.681820e+01,3.681820e+01,3.681820e+01,3.681820e+01,3.681820e+01,3.681820e+01,3.681820e+01,3.681820e+01,3.737894e+01,3.737894e+01,3.737894e+01,3.737894e+01,3.793685e+01,3.793685e+01,3.793685e+01,3.793685e+01,3.793685e+01,3.835683e+01,3.835683e+01,3.835683e+01,3.835683e+01,3.885602e+01,3.885602e+01,3.885602e+01,3.885602e+01,3.885602e+01,3.885602e+01,3.885602e+01,3.885602e+01,3.885602e+01,3.917863e+01,3.917863e+01,3.917863e+01,3.955385e+01,3.979440e+01,3.996781e+01,3.996781e+01,4.051298e+01,4.051298e+01,4.051298e+01,4.081766e+01,4.135877e+01,4.125339e+01,4.122703e+01,4.122703e+01,4.122703e+01,4.122703e+01,4.122703e+01,4.122703e+01,4.122703e+01,4.122703e+01,4.122703e+01,4.122703e+01,4.122703e+01,4.122703e+01,4.122703e+01,4.122703e+01,4.122703e+01,4.122703e+01,4.122703e+01,4.122703e+01,4.068529e+01,4.081766e+01,4.081766e+01,4.081766e+01,4.081766e+01,4.081766e+01,4.027396e+01,4.045991e+01,4.022078e+01,4.024737e+01,4.024737e+01,4.024737e+01,3.970091e+01,3.988781e+01,4.019417e+01,3.982109e+01,3.982109e+01,3.982109e+01,3.982109e+01,3.982109e+01,3.982109e+01,3.982109e+01,4.014095e+01,4.014095e+01,4.014095e+01,4.053951e+01,4.053951e+01,4.053951e+01,4.076473e+01,4.118748e+01,4.163493e+01,4.201521e+01,4.274598e+01,4.291497e+01,4.310964e+01,4.361427e+01,4.400096e+01,4.455298e+01,4.498763e+01,4.545882e+01,4.594078e+01,4.639558e+01,4.709959e+01,4.762490e+01,4.802359e+01,4.848294e+01,4.896524e+01,4.977710e+01,5.033977e+01,5.094844e+01,5.171112e+01,5.219294e+01,5.293609e+01,5.362733e+01,5.455098e+01,5.498678e+01,5.545625e+01,5.640166e+01,5.690074e+01,5.778965e+01,5.840944e+01,5.899211e+01,5.937912e+01,5.993489e+01,6.034172e+01,6.081479e+01,6.172243e+01,6.233524e+01,6.271268e+01,6.364070e+01,6.413526e+01,6.486831e+01,6.546716e+01,6.635519e+01,6.686164e+01,6.769810e+01,6.856149e+01,6.899652e+01,6.953579e+01,7.033565e+01,7.108932e+01,7.190137e+01,7.239884e+01,7.311099e+01,7.391189e+01,7.485098e+01,7.540956e+01,7.601654e+01,7.677183e+01,7.734332e+01,7.788274e+01,7.865855e+01,7.954884e+01,7.990352e+01,8.052225e+01,8.126537e+01,8.163560e+01,8.229595e+01,8.267342e+01,8.334868e+01,8.381005e+01,8.445181e+01,8.481465e+01,8.550938e+01,8.583193e+01,8.614438e+01,8.669206e+01,8.736000e+01,8.757578e+01,8.797845e+01,8.833347e+01,8.865977e+01,8.905050e+01,8.917125e+01,8.947737e+01,8.964410e+01,8.987541e+01,9.025404e+01,9.025404e+01,9.025404e+01,9.063182e+01,9.055817e+01,9.053976e+01,9.053976e+01,9.053976e+01,9.053976e+01,9.053976e+01,9.091689e+01,9.086176e+01,9.075143e+01,9.075143e+01,9.075143e+01,9.075143e+01,9.075143e+01,9.075143e+01,9.075143e+01,9.075143e+01,9.075143e+01,9.075143e+01,9.075143e+01,9.075143e+01,9.075143e+01,9.075143e+01,9.075143e+01,9.037392e+01,9.061341e+01,9.061341e+01,9.061341e+01,9.061341e+01,9.061341e+01,9.061341e+01,9.061341e+01,9.061341e+01,9.061341e+01,9.057659e+01,9.033704e+01,9.033704e+01,8.995860e+01,9.008792e+01,9.008792e+01,9.008792e+01,9.008792e+01,9.008792e+01,9.008792e+01,9.008792e+01,9.008792e+01,9.008792e+01,9.008792e+01,8.970890e+01,8.983842e+01,8.983842e+01,8.983842e+01,8.983842e+01,8.983842e+01,8.945883e+01,8.958855e+01,8.958855e+01,8.958855e+01,8.958855e+01,8.958855e+01,8.958855e+01,8.920838e+01,8.927335e+01,8.927335e+01,8.927335e+01,8.927335e+01,8.927335e+01,8.927335e+01,8.892966e+01,8.892966e+01,8.892966e+01,8.892966e+01,8.892966e+01,8.892966e+01,8.892966e+01,8.854797e+01,8.856661e+01,8.855729e+01,8.855729e+01,8.855729e+01,8.855729e+01,8.855729e+01,8.805325e+01,8.805325e+01,8.805325e+01,8.805325e+01,8.805325e+01,8.805325e+01,8.805325e+01,8.766952e+01,8.761328e+01,8.757578e+01,8.757578e+01,8.757578e+01,8.757578e+01,8.752890e+01,8.728487e+01,8.728487e+01,8.689932e+01,8.703108e+01,8.703108e+01,8.703108e+01,8.703108e+01,8.678631e+01,8.661663e+01,8.652229e+01,8.652229e+01,8.652229e+01,8.652229e+01,8.613492e+01,8.626730e+01,8.609708e+01,8.606869e+01,8.606869e+01,8.606869e+01,8.606869e+01,8.594562e+01,8.569920e+01,8.569920e+01,8.569920e+01,8.569920e+01,8.569920e+01,8.569920e+01,8.530984e+01,8.533836e+01,8.533836e+01,8.533836e+01,8.533836e+01,8.533836e+01,8.533836e+01,8.533836e+01,8.533836e+01,8.533836e+01,8.533836e+01,8.533836e+01,8.533836e+01,8.533836e+01,8.533836e+01,8.533836e+01,8.533836e+01,8.494812e+01,8.508148e+01,8.508148e+01,8.508148e+01,8.508148e+01,8.508148e+01,8.508148e+01,8.508148e+01,8.547140e+01,8.533836e+01,8.533836e+01,8.533836e+01,8.533836e+01,8.533836e+01,8.533836e+01,8.533836e+01,8.572765e+01,8.557584e+01,8.557584e+01,8.596456e+01,8.571816e+01,8.588879e+01,8.583193e+01,8.583193e+01,8.583193e+01,8.583193e+01,8.583193e+01,8.583193e+01,8.583193e+01,8.583193e+01,8.583193e+01,8.583193e+01,8.583193e+01,8.583193e+01,8.583193e+01,8.583193e+01,8.583193e+01,8.583193e+01,8.583193e+01,8.583193e+01,8.544289e+01,8.544289e+01,8.544289e+01,8.544289e+01,8.507196e+01,8.507196e+01,8.507196e+01,8.507196e+01,8.477650e+01,8.460469e+01,8.450916e+01,8.450916e+01,8.411689e+01,8.412646e+01,8.412646e+01,8.373325e+01,8.368523e+01,8.339680e+01,8.349300e+01,8.316568e+01,8.248964e+01,8.236377e+01,8.201467e+01,8.167453e+01,8.151878e+01,8.114827e+01,8.044382e+01,7.983462e+01,7.940083e+01,7.896580e+01,7.855931e+01,7.794257e+01,7.752335e+01,7.715306e+01,7.646011e+01,7.600645e+01,7.521683e+01,7.475937e+01,7.434135e+01,7.377871e+01,7.295647e+01,7.231605e+01,7.173516e+01,7.120411e+01,7.071297e+01,7.028316e+01,6.941965e+01,6.900711e+01,6.813579e+01,6.768741e+01,6.687240e+01,6.645232e+01,6.565173e+01,6.518439e+01,6.450774e+01,6.405845e+01,6.324376e+01,6.280134e+01,6.188984e+01,6.108437e+01,6.057847e+01,5.974234e+01,5.933365e+01,5.856964e+01,5.766304e+01,5.712065e+01,5.644817e+01,5.558504e+01,5.501030e+01,5.444475e+01,5.359167e+01,5.310329e+01,5.224102e+01,5.151787e+01,5.066883e+01,5.026652e+01,4.983839e+01,4.889117e+01,4.827211e+01,4.777457e+01,4.731250e+01,4.666007e+01,4.643340e+01,4.564930e+01,4.505142e+01,4.461700e+01,4.423236e+01,4.391084e+01,4.335576e+01,4.326514e+01,4.274598e+01,4.235508e+01,4.180556e+01,4.116110e+01,4.073826e+01,4.038025e+01,3.988781e+01,3.950032e+01,3.921890e+01,3.904433e+01,3.864043e+01,3.814026e+01,3.778744e+01,3.785538e+01,3.758338e+01,3.672218e+01,3.672218e+01,3.672218e+01,3.672218e+01,3.672218e+01,3.672218e+01,3.736530e+01,3.680449e+01,3.740622e+01,3.740622e+01,3.740622e+01,3.796399e+01,3.793685e+01,3.793685e+01,3.793685e+01,3.793685e+01,3.831625e+01,3.831625e+01,3.831625e+01,3.886948e+01,3.886948e+01,3.886948e+01,3.886948e+01,3.886948e+01,3.941999e+01,3.928597e+01,3.928597e+01,3.928597e+01,3.928597e+01,3.928597e+01,3.928597e+01,3.928597e+01,3.928597e+01,3.928597e+01,3.983444e+01,3.964746e+01,3.964746e+01,3.964746e+01,3.964746e+01,3.964746e+01,4.018087e+01,4.018087e+01,4.018087e+01,4.072502e+01,4.061905e+01,4.059254e+01,4.059254e+01,4.113472e+01,4.110833e+01,4.117429e+01,4.117429e+01,4.117429e+01,4.117429e+01,4.171371e+01,4.152981e+01,4.176620e+01,4.177932e+01,4.177932e+01,4.177932e+01,4.177932e+01,4.177932e+01,4.177932e+01,4.177932e+01,4.177932e+01,4.177932e+01,4.177932e+01,4.177932e+01,4.177932e+01,4.177932e+01,4.125339e+01,4.125339e+01,4.125339e+01,4.125339e+01,4.125339e+01,4.125339e+01,4.125339e+01,4.125339e+01,4.125339e+01,4.125339e+01,4.125339e+01,4.125339e+01,4.081766e+01,4.081766e+01,4.081766e+01,4.081766e+01,4.081766e+01,4.081766e+01,4.081766e+01,4.081766e+01,4.027396e+01,4.045991e+01,4.045991e+01,4.045991e+01,4.045991e+01,4.045991e+01,4.045991e+01,4.045991e+01,4.045991e+01,4.045991e+01,4.045991e+01,3.991448e+01,4.010102e+01,4.010102e+01,4.010102e+01,4.010102e+01,4.010102e+01,4.010102e+01,4.010102e+01,4.010102e+01,4.010102e+01,4.010102e+01,4.010102e+01,4.010102e+01,3.955385e+01,3.974099e+01,3.950032e+01,3.951371e+01,3.951371e+01,3.951371e+01,3.951371e+01,3.951371e+01,3.951371e+01,3.951371e+01,3.951371e+01,3.951371e+01,3.951371e+01,3.951371e+01,3.951371e+01,3.951371e+01,3.951371e+01,3.916521e+01,3.916521e+01,3.916521e+01,3.916521e+01,3.916521e+01,3.916521e+01,3.916521e+01,3.916521e+01,3.916521e+01,3.916521e+01,3.916521e+01,3.916521e+01,3.916521e+01,3.880216e+01,3.880216e+01,3.880216e+01,3.880216e+01,3.880216e+01,3.880216e+01,3.880216e+01,3.880216e+01,3.880216e+01,3.880216e+01,3.880216e+01,3.880216e+01,3.880216e+01,3.880216e+01,3.880216e+01,3.880216e+01,3.880216e+01,3.880216e+01,3.824860e+01,3.824860e+01,3.824860e+01,3.824860e+01,3.824860e+01,3.824860e+01,3.824860e+01,3.824860e+01,3.824860e+01,3.824860e+01
3.681820e+01,3.681820e+01,3.681820e+01,3.681820e+01,3.681820e+01,3.681820e+01,3.681820e+01,3.681820e+01,3.681820e+01,3.681820e+01,3.681820e+01,3.737894e+01,3.737894e+01,3.737894e+01,3.737894e+01,3.737894e+01,3.793685e+01,3.793685e+01,3.793685e+01,3.793685e+01,3.793685e+01,3.835683e+01,3.835683e+01,3.835683e+01,3.885602e+01,3.885602e+01,3.885602e+01,3.885602e+01,3.885602e+01,3.885602e+01,3.885602e+01,3.885602e+01,3.885602e+01,3.917863e+01,3.917863e+01,3.972763e+01,3.959398e+01,3.959398e+01,3.959398e+01,3.996781e+01,4.034040e+01,4.034040e+01,4.088379e+01,4.109513e+01,4.118748e+01,4.118748e+01,4.118748e+01,4.118748e+01,4.118748e+01,4.118748e+01,4.118748e+01,4.118748e+01,4.118748e+01,4.118748e+01,4.172684e+01,4.138510e+01,4.138510e+01,4.138510e+01,4.138510e+01,4.138510e+01,4.138510e+01,4.084412e+01,4.102913e+01,4.133244e+01,4.096309e+01,4.077797e+01,4.077797e+01,4.077797e+01,4.077797e+01,4.077797e+01,4.027396e+01,4.027396e+01,4.027396e+01,4.027396e+01,4.027396e+01,4.027396e+01,3.970091e+01,4.006107e+01,4.003443e+01,3.988781e+01,3.988781e+01,3.988781e+01,3.988781e+01,3.988781e+01,3.988781e+01,3.988781e+01,3.988781e+01,4.043336e+01,4.043336e+01,4.049971e+01,4.049971e+01,4.104234e+01,4.096309e+01,4.133244e+01,4.158238e+01,4.210681e+01,4.257675e+01,4.257675e+01,4.310964e+01,4.356261e+01,4.409100e+01,4.459140e+01,4.502591e+01,4.549694e+01,4.597874e+01,4.643340e+01,4.713719e+01,4.757497e+01,4.811063e+01,4.852011e+01,4.900227e+01,4.981388e+01,5.037637e+01,5.098487e+01,5.174733e+01,5.222900e+01,5.297194e+01,5.366298e+01,5.458637e+01,5.502205e+01,5.597067e+01,5.650628e+01,5.694707e+01,5.783566e+01,5.845523e+01,5.903770e+01,5.942458e+01,5.998016e+01,6.038685e+01,6.085976e+01,6.176709e+01,6.237970e+01,6.275702e+01,6.368473e+01,6.417914e+01,6.491195e+01,6.551060e+01,6.639836e+01,6.690466e+01,6.774086e+01,6.860400e+01,6.903889e+01,7.000993e+01,7.043008e+01,7.114151e+01,7.195326e+01,7.245056e+01,7.316246e+01,7.403472e+01,7.475937e+01,7.536900e+01,7.602663e+01,7.682204e+01,7.739335e+01,7.834075e+01,7.874782e+01,7.960802e+01,7.996255e+01,8.058105e+01,8.132389e+01,8.169398e+01,8.235408e+01,8.273141e+01,8.340643e+01,8.386763e+01,8.450916e+01,8.487186e+01,8.556635e+01,8.588879e+01,8.620113e+01,8.674862e+01,8.732244e+01,8.764140e+01,8.803455e+01,8.838945e+01,8.871565e+01,8.931046e+01,8.929191e+01,8.935684e+01,8.964410e+01,8.997708e+01,9.013409e+01,9.013409e+01,9.013409e+01,9.025404e+01,9.049371e+01,9.049371e+01,9.049371e+01,9.049371e+01,9.087095e+01,9.079741e+01,9.079741e+01,9.079741e+01,9.079741e+01,9.079741e+01,9.079741e+01,9.079741e+01,9.079741e+01,9.079741e+01,9.079741e+01,9.079741e+01,9.079741e+01,9.079741e+01,9.079741e+01,9.079741e+01,9.079741e+01,9.079741e+01,9.079741e+01,9.079741e+01,9.042001e+01,9.054897e+01,9.054897e+01,9.054897e+01,9.054897e+01,9.054897e+01,9.054897e+01,9.017101e+01,9.041079e+01,9.041079e+01,9.038314e+01,9.022637e+01,9.007869e+01,9.007869e+01,9.007869e+01,9.007869e+01,9.007869e+01,9.007869e+01,9.007869e+01,9.007869e+01,9.007869e+01,9.007869e+01,8.969965e+01,8.979218e+01,8.979218e+01,8.979218e+01,8.979218e+01,8.979218e+01,8.979218e+01,8.979218e+01,8.979218e+01,8.979218e+01,8.979218e+01,8.958855e+01,8.958855e+01,8.958855e+01,8.920838e+01,8.920838e+01,8.920838e+01,8.920838e+01,8.920838e+01,8.920838e+01,8.920838e+01,8.920838e+01,8.920838e+01,8.920838e+01,8.892966e+01,8.892966e+01,8.892966e+01,8.892966e+01,8.854797e+01,8.854797e+01,8.854797e+01,8.854797e+01,8.854797e+01,8.854797e+01,8.816540e+01,8.814671e+01,8.814671e+01,8.814671e+01,8.776319e+01,8.789425e+01,8.789425e+01,8.789425e+01,8.789425e+01,8.789425e+01,8.757578e+01,8.757578e+01,8.757578e+01,8.757578e+01,8.719093e+01,8.728487e+01,8.712512e+01,8.702168e+01,8.702168e+01,8.702168e+01,8.702168e+01,8.702168e+01,8.702168e+01,8.661663e+01,8.661663e+01,8.661663e+01,8.661663e+01,8.622948e+01,8.625784e+01,8.625784e+01,8.625784e+01,8.625784e+01,8.625784e+01,8.625784e+01,8.586983e+01,8.586983e+01,8.574661e+01,8.574661e+01,8.574661e+01,8.574661e+01,8.535737e+01,8.543340e+01,8.543340e+01,8.543340e+01,8.543340e+01,8.543340e+01,8.543340e+01,8.543340e+01,8.543340e+01,8.543340e+01,8.543340e+01,8.543340e+01,8.543340e+01,8.543340e+01,8.543340e+01,8.543340e+01,8.543340e+01,8.543340e+01,8.543340e+01,8.543340e+01,8.543340e+01,8.508148e+01,8.547140e+01,8.561381e+01,8.537638e+01,8.524327e+01,8.540489e+01,8.537638e+01,8.537638e+01,8.537638e+01,8.537638e+01,8.576558e+01,8.552837e+01,8.552837e+01,8.552837e+01,8.552837e+01,8.552837e+01,8.552837e+01,8.596456e+01,8.576558e+01,8.576558e+01,8.576558e+01,8.576558e+01,8.615384e+01,8.591721e+01,8.591721e+01,8.591721e+01,8.591721e+01,8.591721e+01,8.591721e+01,8.591721e+01,8.591721e+01,8.591721e+01,8.591721e+01,8.591721e+01,8.591721e+01,8.591721e+01,8.552837e+01,8.554736e+01,8.556635e+01,8.556635e+01,8.556635e+01,8.556635e+01,8.507196e+01,8.507196e+01,8.507196e+01,8.507196e+01,8.507196e+01,8.460469e+01,8.460469e+01,8.421265e+01,8.424137e+01,8.424137e+01,8.384844e+01,8.385803e+01,8.368523e+01,8.344491e+01,8.332943e+01,8.310785e+01,8.261541e+01,8.232502e+01,8.195641e+01,8.180096e+01,8.147983e+01,8.108969e+01,8.038496e+01,8.017882e+01,7.944031e+01,7.894599e+01,7.849973e+01,7.788274e+01,7.746336e+01,7.709293e+01,7.639970e+01,7.594585e+01,7.515591e+01,7.511530e+01,7.438218e+01,7.376846e+01,7.290493e+01,7.268825e+01,7.178712e+01,7.121455e+01,7.068157e+01,7.024117e+01,6.937740e+01,6.896473e+01,6.852961e+01,6.775155e+01,6.734483e+01,6.659248e+01,6.577103e+01,6.528233e+01,6.458430e+01,6.411332e+01,6.327688e+01,6.281242e+01,6.187868e+01,6.152127e+01,6.066854e+01,5.982166e+01,5.940186e+01,5.862682e+01,5.770909e+01,5.715534e+01,5.647142e+01,5.559675e+01,5.501030e+01,5.443294e+01,5.357978e+01,5.309135e+01,5.222900e+01,5.150578e+01,5.115471e+01,5.037637e+01,4.994862e+01,4.900227e+01,4.838377e+01,4.788669e+01,4.742506e+01,4.642079e+01,4.620629e+01,4.564930e+01,4.505142e+01,4.466819e+01,4.427088e+01,4.380777e+01,4.351093e+01,4.320038e+01,4.279800e+01,4.226367e+01,4.180556e+01,4.121385e+01,4.077797e+01,4.081766e+01,4.011433e+01,3.971427e+01,3.950032e+01,3.920548e+01,3.865392e+01,3.876175e+01,3.828920e+01,3.739258e+01,3.750165e+01,3.688674e+01,3.688674e+01,3.688674e+01,3.688674e+01,3.688674e+01,3.688674e+01,3.688674e+01,3.688674e+01,3.740622e+01,3.740622e+01,3.740622e+01,3.796399e+01,3.796399e+01,3.796399e+01,3.796399e+01,3.796399e+01,3.831625e+01,3.831625e+01,3.886948e+01,3.873480e+01,3.873480e+01,3.873480e+01,3.928597e+01,3.925914e+01,3.924573e+01,3.924573e+01,3.924573e+01,3.924573e+01,3.924573e+01,3.924573e+01,3.924573e+01,3.924573e+01,3.924573e+01,3.979440e+01,3.970091e+01,3.970091e+01,3.970091e+01,3.970091e+01,3.970091e+01,4.024737e+01,4.011433e+01,4.011433e+01,4.011433e+01,4.072502e+01,4.072502e+01,4.072502e+01,4.072502e+01,4.072502e+01,4.110833e+01,4.110833e+01,4.110833e+01,4.110833e+01,4.164807e+01,4.158238e+01,4.158238e+01,4.158238e+01,4.158238e+01,4.158238e+01,4.211989e+01,4.193663e+01,4.193663e+01,4.193663e+01,4.193663e+01,4.193663e+01,4.193663e+01,4.193663e+01,4.193663e+01,4.139826e+01,4.142458e+01,4.142458e+01,4.142458e+01,4.142458e+01,4.142458e+01,4.142458e+01,4.142458e+01,4.142458e+01,4.142458e+01,4.088379e+01,4.106874e+01,4.106874e+01,4.106874e+01,4.106874e+01,4.106874e+01,4.106874e+01,4.106874e+01,4.052624e+01,4.071178e+01,4.071178e+01,4.071178e+01,4.071178e+01,4.071178e+01,4.071178e+01,4.071178e+01,4.071178e+01,4.016756e+01,4.035369e+01,4.035369e+01,4.035369e+01,4.035369e+01,4.035369e+01,4.035369e+01,4.035369e+01,4.035369e+01,4.035369e+01,4.035369e+01,3.980775e+01,3.999446e+01,3.999446e+01,3.999446e+01,3.999446e+01,3.999446e+01,3.999446e+01,3.999446e+01,3.999446e+01,3.999446e+01,3.950032e+01,3.950032e+01,4.004775e+01,3.970091e+01,3.970091e+01,3.970091e+01,3.970091e+01,3.970091e+01,3.970091e+01,3.970091e+01,3.915179e+01,3.933960e+01,3.933960e+01,3.933960e+01,3.933960e+01,3.933960e+01,3.933960e+01,3.933960e+01,3.933960e+01,3.933960e+01,3.933960e+01,3.933960e+01,3.933960e+01,3.878869e+01,3.897711e+01,3.897711e+01,3.897711e+01,3.897711e+01,3.897711e+01,3.897711e+01,3.897711e+01,3.897711e+01,3.897711e+01,3.897711e+01,3.897711e+01,3.897711e+01,3.897711e+01,3.897711e+01,3.897711e+01,3.842442e+01,3.861345e+01,3.861345e+01,3.861345e+01,3.861345e+01,3.861345e+01,3.861345e+01,3.861345e+01,3.861345e+01,3.861345e+01,3.861345e+01,3.861345e+01,3.824860e+01,3.824860e+01,3.824860e+01,3.824860e+01,3.824860e+01
3.681820e+01,3.681820e+01,3.681820e+01,3.681820e+01,3.681820e+01,3.681820e+01,3.681820e+01,3.681820e+01,3.681820e+01,3.681820e+01,3.681820e+01,3.737894e+01,3.737894e+01,3.737894e+01,3.737894e+01,3.737894e+01,3.793685e+01,3.793685e+01,3.793685e+01,3.793685e+01,3.793685e+01,3.835683e+01,3.835683e+01,3.835683e+01,3.835683e+01,3.885602e+01,3.885602e+01,3.885602e+01,3.885602e+01,3.885602e+01,3.885602e+01,3.885602e+01,3.885602e+01,3.917863e+01,3.940659e+01,3.956723e+01,3.956723e+01,3.956723e+01,4.011433e+01,4.019417e+01,4.027396e+01,4.049971e+01,4.072502e+01,4.072502e+01,4.118748e+01,4.118748e+01,4.118748e+01,4.118748e+01,4.118748e+01,4.118748e+01,4.118748e+01,4.118748e+01,4.118748e+01,4.118748e+01,4.118748e+01,4.118748e+01,4.118748e+01,4.118748e+01,4.118748e+01,4.118748e+01,4.118748e+01,4.118748e+01,4.118748e+01,4.118748e+01,4.064555e+01,4.083089e+01,4.083089e+01,4.083089e+01,4.083089e+01,4.083089e+01,4.027396e+01,4.027396e+01,4.027396e+01,4.027396e+01,4.027396e+01,3.972763e+01,3.982109e+01,3.999446e+01,3.999446e+01,3.999446e+01,3.944677e+01,3.979440e+01,3.979440e+01,3.979440e+01,3.979440e+01,3.979440e+01,4.034040e+01,4.030054e+01,4.030054e+01,4.030054e+01,4.030054e+01,4.049971e+01,4.130609e+01,4.129292e+01,4.176620e+01,4.210681e+01,4.242032e+01,4.317446e+01,4.329104e+01,4.356261e+01,4.409100e+01,4.459140e+01,4.502591e+01,4.549694e+01,4.597874e+01,4.643340e+01,4.713719e+01,4.757497e+01,4.811063e+01,4.852011e+01,4.900227e+01,4.981388e+01,5.037637e+01,5.098487e+01,5.174733e+01,5.222900e+01,5.297194e+01,5.366298e+01,5.458637e+01,5.502205e+01,5.597067e+01,5.650628e+01,5.694707e+01,5.783566e+01,5.798509e+01,5.892369e+01,5.929954e+01,5.984431e+01,6.024013e+01,6.116289e+01,6.184522e+01,6.237970e+01,6.321062e+01,6.333207e+01,6.402551e+01,6.477007e+01,6.582522e+01,6.647388e+01,6.692616e+01,6.776224e+01,6.862524e+01,6.916592e+01,6.991523e+01,7.078623e+01,7.122498e+01,7.198440e+01,7.290493e+01,7.324478e+01,7.407564e+01,7.480009e+01,7.540956e+01,7.606701e+01,7.686221e+01,7.792263e+01,7.832087e+01,7.876765e+01,7.964745e+01,8.000190e+01,8.062023e+01,8.136288e+01,8.173289e+01,8.239282e+01,8.316568e+01,8.348338e+01,8.391560e+01,8.455693e+01,8.491953e+01,8.522424e+01,8.584141e+01,8.619167e+01,8.677689e+01,8.736000e+01,8.767889e+01,8.807195e+01,8.842677e+01,8.875289e+01,8.919910e+01,8.957928e+01,8.957928e+01,8.979218e+01,8.986617e+01,9.013409e+01,9.013409e+01,9.051213e+01,9.045686e+01,9.046607e+01,9.046607e+01,9.046607e+01,9.084338e+01,9.077901e+01,9.077901e+01,9.077901e+01,9.077901e+01,9.077901e+01,9.077901e+01,9.077901e+01,9.077901e+01,9.077901e+01,9.077901e+01,9.077901e+01,9.077901e+01,9.077901e+01,9.115561e+01,9.091689e+01,9.091689e+01,9.091689e+01,9.091689e+01,9.053976e+01,9.093526e+01,9.066863e+01,9.053976e+01,9.053976e+01,9.053976e+01,9.053976e+01,9.053976e+01,9.091689e+01,9.033704e+01,9.036470e+01,9.036470e+01,9.036470e+01,9.036470e+01,9.036470e+01,9.007869e+01,9.007869e+01,9.007869e+01,9.007869e+01,9.007869e+01,9.007869e+01,9.007869e+01,9.007869e+01,9.007869e+01,9.007869e+01,8.979218e+01,8.979218e+01,8.979218e+01,8.979218e+01,8.979218e+01,8.979218e+01,8.979218e+01,8.979218e+01,8.979218e+01,8.979218e+01,8.958855e+01,8.958855e+01,8.958855e+01,8.958855e+01,8.920838e+01,8.920838e+01,8.920838e+01,8.920838e+01,8.920838e+01,8.920838e+01,8.920838e+01,8.920838e+01,8.920838e+01,8.892966e+01,8.854797e+01,8.879012e+01,8.862252e+01,8.864115e+01,8.864115e+01,8.864115e+01,8.864115e+01,8.825879e+01,8.827746e+01,8.828680e+01,8.828680e+01,8.828680e+01,8.828680e+01,8.814671e+01,8.790361e+01,8.790361e+01,8.790361e+01,8.790361e+01,8.790361e+01,8.757578e+01,8.757578e+01,8.757578e+01,8.757578e+01,8.719093e+01,8.719093e+01,8.719093e+01,8.719093e+01,8.719093e+01,8.719093e+01,8.680515e+01,8.693698e+01,8.676746e+01,8.673920e+01,8.673920e+01,8.673920e+01,8.635234e+01,8.635234e+01,8.635234e+01,8.635234e+01,8.635234e+01,8.635234e+01,8.596456e+01,8.598350e+01,8.599297e+01,8.599297e+01,8.599297e+01,8.599297e+01,8.599297e+01,8.574661e+01,8.586036e+01,8.561381e+01,8.561381e+01,8.561381e+01,8.561381e+01,8.561381e+01,8.561381e+01,8.522424e+01,8.535737e+01,8.535737e+01,8.535737e+01,8.535737e+01,8.535737e+01,8.535737e+01,8.535737e+01,8.535737e+01,8.535737e+01,8.535737e+01,8.535737e+01,8.535737e+01,8.535737e+01,8.535737e+01,8.535737e+01,8.535737e+01,8.535737e+01,8.535737e+01,8.535737e+01,8.535737e+01,8.574661e+01,8.549989e+01,8.567074e+01,8.566125e+01,8.557584e+01,8.557584e+01,8.557584e+01,8.557584e+01,8.557584e+01,8.596456e+01,8.587931e+01,8.581298e+01,8.581298e+01,8.581298e+01,8.581298e+01,8.615384e+01,8.596456e+01,8.596456e+01,8.596456e+01,8.596456e+01,8.596456e+01,8.596456e+01,8.596456e+01,8.596456e+01,8.596456e+01,8.596456e+01,8.596456e+01,8.596456e+01,8.596456e+01,8.596456e+01,8.554736e+01,8.554736e+01,8.554736e+01,8.554736e+01,8.554736e+01,8.546190e+01,8.521473e+01,8.521473e+01,8.521473e+01,8.482419e+01,8.472879e+01,8.455693e+01,8.432750e+01,8.432750e+01,8.393478e+01,8.397313e+01,8.397313e+01,8.368523e+01,8.349300e+01,8.325240e+01,8.300177e+01,8.266376e+01,8.266376e+01,8.223779e+01,8.179123e+01,8.144086e+01,8.105062e+01,8.043401e+01,8.012969e+01,7.940083e+01,7.890638e+01,7.846001e+01,7.784286e+01,7.742336e+01,7.705283e+01,7.635941e+01,7.590545e+01,7.527772e+01,7.505434e+01,7.434135e+01,7.372746e+01,7.295647e+01,7.263661e+01,7.174555e+01,7.117281e+01,7.063969e+01,7.019915e+01,6.933512e+01,6.892234e+01,6.848709e+01,6.770879e+01,6.730194e+01,6.654937e+01,6.572765e+01,6.523881e+01,6.454057e+01,6.406942e+01,6.368473e+01,6.287887e+01,6.200133e+01,6.153245e+01,6.064603e+01,5.978767e+01,5.936776e+01,5.859252e+01,5.814582e+01,5.723624e+01,5.652952e+01,5.563185e+01,5.502205e+01,5.442113e+01,5.355600e+01,5.306748e+01,5.220496e+01,5.156621e+01,5.109408e+01,5.035197e+01,4.992413e+01,4.897758e+01,4.835897e+01,4.786179e+01,4.740005e+01,4.657197e+01,4.613049e+01,4.562392e+01,4.511517e+01,4.471936e+01,4.419382e+01,4.387220e+01,4.356261e+01,4.323924e+01,4.270695e+01,4.223754e+01,4.177932e+01,4.118748e+01,4.093666e+01,4.069854e+01,4.018087e+01,3.984778e+01,3.946016e+01,3.907120e+01,3.881563e+01,3.857297e+01,3.826213e+01,3.755614e+01,3.731071e+01,3.705105e+01,3.705105e+01,3.705105e+01,3.705105e+01,3.705105e+01,3.705105e+01,3.705105e+01,3.705105e+01,3.740622e+01,3.740622e+01,3.740622e+01,3.796399e+01,3.796399e+01,3.796399e+01,3.796399e+01,3.796399e+01,3.831625e+01,3.855947e+01,3.870784e+01,3.870784e+01,3.870784e+01,3.870784e+01,3.928597e+01,3.928597e+01,3.928597e+01,3.928597e+01,3.928597e+01,3.928597e+01,3.928597e+01,3.928597e+01,3.928597e+01,3.928597e+01,3.928597e+01,3.928597e+01,3.970091e+01,3.970091e+01,3.970091e+01,3.970091e+01,3.970091e+01,4.024737e+01,4.024737e+01,4.024737e+01,4.024737e+01,4.024737e+01,4.072502e+01,4.072502e+01,4.072502e+01,4.072502e+01,4.110833e+01,4.110833e+01,4.110833e+01,4.164807e+01,4.151666e+01,4.151666e+01,4.151666e+01,4.151666e+01,4.205447e+01,4.194973e+01,4.194973e+01,4.194973e+01,4.194973e+01,4.194973e+01,4.194973e+01,4.194973e+01,4.194973e+01,4.194973e+01,4.194973e+01,4.193663e+01,4.159552e+01,4.159552e+01,4.159552e+01,4.159552e+01,4.159552e+01,4.159552e+01,4.105554e+01,4.124021e+01,4.100272e+01,4.105554e+01,4.105554e+01,4.105554e+01,4.105554e+01,4.105554e+01,4.105554e+01,4.105554e+01,4.105554e+01,4.105554e+01,4.105554e+01,4.071178e+01,4.071178e+01,4.071178e+01,4.071178e+01,4.071178e+01,4.071178e+01,4.071178e+01,4.071178e+01,4.071178e+01,4.035369e+01,4.035369e+01,4.035369e+01,4.035369e+01,4.035369e+01,4.035369e+01,4.035369e+01,4.035369e+01,4.035369e+01,4.035369e+01,4.035369e+01,3.999446e+01,3.999446e+01,3.999446e+01,3.999446e+01,3.999446e+01,3.999446e+01,3.999446e+01,3.999446e+01,3.999446e+01,3.999446e+01,3.944677e+01,3.958060e+01,3.958060e+01,3.958060e+01,3.958060e+01,3.958060e+01,3.958060e+01,3.958060e+01,3.958060e+01,3.958060e+01,3.958060e+01,3.958060e+01,3.958060e+01,3.903089e+01,3.921890e+01,3.921890e+01,3.921890e+01,3.921890e+01,3.921890e+01,3.921890e+01,3.921890e+01,3.921890e+01,3.921890e+01,3.921890e+01,3.866740e+01,3.885602e+01,3.885602e+01,3.885602e+01,3.885602e+01,3.885602e+01,3.885602e+01,3.885602e+01,3.885602e+01,3.885602e+01,3.885602e+01,3.885602e+01,3.885602e+01,3.885602e+01,3.885602e+01,3.885602e+01,3.885602e+01,3.830272e+01,3.849196e+01,3.849196e+01,3.849196e+01,3.849196e+01,3.849196e+01,3.849196e+01,3.849196e+01,3.849196e+01,3.849196e+01,3.849196e+01,3.849196e+01,3.849196e+01
3.681820e+01,3.681820e+01,3.625458e+01,3.661234e+01,3.661234e+01,3.661234e+01,3.661234e+01,3.661234e+01,3.717413e+01,3.698262e+01,3.722878e+01,3.720145e+01,3.720145e+01,3.720145e+01,3.720145e+01,3.776026e+01,3.776026e+01,3.776026e+01,3.776026e+01,3.831625e+01,3.831625e+01,3.831625e+01,3.831625e+01,3.886948e+01,3.876175e+01,3.868088e+01,3.868088e+01,3.868088e+01,3.868088e+01,3.868088e+01,3.868088e+01,3.868088e+01,3.923232e+01,3.919206e+01,3.919206e+01,3.919206e+01,3.956723e+01,3.980775e+01,3.995448e+01,3.995448e+01,3.995448e+01,4.049971e+01,4.049971e+01,4.104234e+01,4.101593e+01,4.101593e+01,4.101593e+01,4.155610e+01,4.137194e+01,4.137194e+01,4.137194e+01,4.137194e+01,4.137194e+01,4.137194e+01,4.137194e+01,4.137194e+01,4.137194e+01,4.137194e+01,4.137194e+01,4.137194e+01,4.083089e+01,4.101593e+01,4.101593e+01,4.101593e+01,4.101593e+01,4.101593e+01,4.101593e+01,4.047318e+01,4.065880e+01,4.042009e+01,4.044664e+01,4.044664e+01,4.044664e+01,3.990114e+01,3.992781e+01,3.990114e+01,3.990114e+01,3.990114e+01,3.990114e+01,3.990114e+01,3.990114e+01,3.990114e+01,3.990114e+01,3.990114e+01,3.990114e+01,3.990114e+01,3.990114e+01,4.030054e+01,4.030054e+01,4.030054e+01,4.030054e+01,4.084412e+01,4.113472e+01,4.137194e+01,4.170059e+01,4.205447e+01,4.249856e+01,4.301883e+01,4.330399e+01,4.369171e+01,4.411671e+01,4.461700e+01,4.505142e+01,4.552234e+01,4.600405e+01,4.645860e+01,4.716225e+01,4.759994e+01,4.813549e+01,4.854489e+01,4.902694e+01,4.983839e+01,5.040077e+01,5.100914e+01,5.177145e+01,5.225304e+01,5.299583e+01,5.368674e+01,5.460996e+01,5.504556e+01,5.599400e+01,5.652952e+01,5.744405e+01,5.772060e+01,5.854677e+01,5.901490e+01,5.933365e+01,5.987828e+01,6.027400e+01,6.119653e+01,6.187868e+01,6.241304e+01,6.307802e+01,6.340929e+01,6.405845e+01,6.491195e+01,6.572765e+01,6.640916e+01,6.689391e+01,6.776224e+01,6.865710e+01,6.919766e+01,6.994680e+01,7.081761e+01,7.125626e+01,7.201552e+01,7.293586e+01,7.327563e+01,7.410632e+01,7.483063e+01,7.585492e+01,7.656073e+01,7.689232e+01,7.783288e+01,7.827115e+01,7.875773e+01,7.967702e+01,8.044382e+01,8.070836e+01,8.141162e+01,8.178151e+01,8.244124e+01,8.321386e+01,8.353147e+01,8.396355e+01,8.460469e+01,8.487186e+01,8.527180e+01,8.588879e+01,8.623894e+01,8.682399e+01,8.740694e+01,8.772573e+01,8.811868e+01,8.847340e+01,8.879942e+01,8.924551e+01,8.946810e+01,8.958855e+01,8.974592e+01,8.994012e+01,9.008792e+01,9.026327e+01,9.040157e+01,9.040157e+01,9.077901e+01,9.053976e+01,9.071464e+01,9.072383e+01,9.072383e+01,9.072383e+01,9.072383e+01,9.072383e+01,9.072383e+01,9.072383e+01,9.072383e+01,9.072383e+01,9.072383e+01,9.072383e+01,9.072383e+01,9.072383e+01,9.072383e+01,9.072383e+01,9.072383e+01,9.072383e+01,9.072383e+01,9.072383e+01,9.072383e+01,9.072383e+01,9.072383e+01,9.072383e+01,9.034627e+01,9.047529e+01,9.047529e+01,9.047529e+01,9.047529e+01,9.047529e+01,9.047529e+01,9.047529e+01,9.009715e+01,9.022637e+01,9.010638e+01,9.010638e+01,9.010638e+01,9.010638e+01,9.010638e+01,9.010638e+01,9.010638e+01,9.010638e+01,9.010638e+01,9.010638e+01,8.972741e+01,8.981992e+01,8.981992e+01,8.981992e+01,8.981992e+01,8.981992e+01,8.981992e+01,8.981992e+01,8.981992e+01,8.981992e+01,8.981992e+01,8.958855e+01,8.958855e+01,8.958855e+01,8.920838e+01,8.930119e+01,8.930119e+01,8.930119e+01,8.930119e+01,8.930119e+01,8.930119e+01,8.892036e+01,8.905050e+01,8.892966e+01,8.916196e+01,8.897614e+01,8.888316e+01,8.862252e+01,8.862252e+01,8.862252e+01,8.862252e+01,8.862252e+01,8.862252e+01,8.827746e+01,8.827746e+01,8.827746e+01,8.827746e+01,8.827746e+01,8.789425e+01,8.792233e+01,8.792233e+01,8.792233e+01,8.792233e+01,8.792233e+01,8.757578e+01,8.757578e+01,8.757578e+01,8.757578e+01,8.757578e+01,8.719093e+01,8.719093e+01,8.719093e+01,8.719093e+01,8.719093e+01,8.680515e+01,8.680515e+01,8.680515e+01,8.680515e+01,8.680515e+01,8.680515e+01,8.635234e+01,8.673920e+01,8.649398e+01,8.649398e+01,8.649398e+01,8.610654e+01,8.608762e+01,8.608762e+01,8.608762e+01,8.608762e+01,8.608762e+01,8.608762e+01,8.608762e+01,8.608762e+01,8.586036e+01,8.566125e+01,8.566125e+01,8.566125e+01,8.566125e+01,8.566125e+01,8.566125e+01,8.561381e+01,8.536687e+01,8.536687e+01,8.536687e+01,8.575610e+01,8.550938e+01,8.550938e+01,8.550938e+01,8.550938e+01,8.550938e+01,8.550938e+01,8.550938e+01,8.550938e+01,8.550938e+01,8.550938e+01,8.550938e+01,8.550938e+01,8.550938e+01,8.550938e+01,8.550938e+01,8.550938e+01,8.550938e+01,8.550938e+01,8.550938e+01,8.550938e+01,8.550938e+01,8.589826e+01,8.565176e+01,8.604030e+01,8.596456e+01,8.586983e+01,8.586983e+01,8.586983e+01,8.586983e+01,8.586983e+01,8.586983e+01,8.615384e+01,8.615384e+01,8.615384e+01,8.615384e+01,8.615384e+01,8.615384e+01,8.615384e+01,8.615384e+01,8.615384e+01,8.615384e+01,8.615384e+01,8.615384e+01,8.576558e+01,8.589826e+01,8.571816e+01,8.567074e+01,8.567074e+01,8.567074e+01,8.567074e+01,8.528131e+01,8.528131e+01,8.526229e+01,8.526229e+01,8.487186e+01,8.491953e+01,8.491953e+01,8.455693e+01,8.437532e+01,8.458559e+01,8.428922e+01,8.404024e+01,8.391560e+01,8.373325e+01,8.341605e+01,8.324276e+01,8.290527e+01,8.277973e+01,8.260574e+01,8.218932e+01,8.174261e+01,8.139213e+01,8.100178e+01,8.048304e+01,8.008055e+01,7.935145e+01,7.926254e+01,7.850967e+01,7.785283e+01,7.780296e+01,7.712300e+01,7.639970e+01,7.591555e+01,7.533858e+01,7.501369e+01,7.431071e+01,7.369669e+01,7.300800e+01,7.258495e+01,7.213995e+01,7.124583e+01,7.069204e+01,7.023066e+01,6.977833e+01,6.903889e+01,6.815710e+01,6.763393e+01,6.728049e+01,6.652781e+01,6.570597e+01,6.521704e+01,6.451868e+01,6.404747e+01,6.366272e+01,6.285672e+01,6.197904e+01,6.151008e+01,6.062352e+01,5.976500e+01,5.934502e+01,5.856964e+01,5.765152e+01,5.713221e+01,5.649466e+01,5.559675e+01,5.498678e+01,5.438569e+01,5.352032e+01,5.303166e+01,5.216889e+01,5.152996e+01,5.105769e+01,5.031536e+01,4.988739e+01,4.894056e+01,4.832175e+01,4.782441e+01,4.736254e+01,4.704945e+01,4.621892e+01,4.568736e+01,4.524256e+01,4.471936e+01,4.425804e+01,4.392372e+01,4.360136e+01,4.314854e+01,4.268092e+01,4.221141e+01,4.228979e+01,4.162180e+01,4.102913e+01,4.055276e+01,4.024737e+01,3.990114e+01,3.950032e+01,3.917863e+01,3.917863e+01,3.857297e+01,3.812671e+01,3.771946e+01,3.731071e+01,3.731071e+01,3.731071e+01,3.674962e+01,3.694154e+01,3.694154e+01,3.694154e+01,3.694154e+01,3.750165e+01,3.736530e+01,3.736530e+01,3.736530e+01,3.796399e+01,3.796399e+01,3.796399e+01,3.796399e+01,3.851897e+01,3.838387e+01,3.838387e+01,3.870784e+01,3.870784e+01,3.870784e+01,3.870784e+01,3.928597e+01,3.928597e+01,3.928597e+01,3.928597e+01,3.928597e+01,3.928597e+01,3.928597e+01,3.928597e+01,3.928597e+01,3.928597e+01,3.928597e+01,3.983444e+01,3.970091e+01,3.970091e+01,3.970091e+01,3.970091e+01,3.970091e+01,4.024737e+01,4.024737e+01,4.024737e+01,4.024737e+01,4.024737e+01,4.072502e+01,4.072502e+01,4.072502e+01,4.072502e+01,4.072502e+01,4.110833e+01,4.134560e+01,4.149036e+01,4.149036e+01,4.149036e+01,4.202830e+01,4.192353e+01,4.188422e+01,4.188422e+01,4.188422e+01,4.188422e+01,4.188422e+01,4.188422e+01,4.188422e+01,4.188422e+01,4.188422e+01,4.188422e+01,4.188422e+01,4.188422e+01,4.188422e+01,4.159552e+01,4.159552e+01,4.159552e+01,4.159552e+01,4.159552e+01,4.105554e+01,4.105554e+01,4.105554e+01,4.105554e+01,4.105554e+01,4.105554e+01,4.105554e+01,4.105554e+01,4.105554e+01,4.105554e+01,4.105554e+01,4.105554e+01,4.105554e+01,4.105554e+01,4.105554e+01,4.071178e+01,4.071178e+01,4.071178e+01,4.071178e+01,4.071178e+01,4.071178e+01,4.071178e+01,4.035369e+01,4.035369e+01,4.035369e+01,4.035369e+01,4.035369e+01,4.035369e+01,4.035369e+01,4.035369e+01,4.035369e+01,4.035369e+01,3.980775e+01,3.994115e+01,3.994115e+01,3.994115e+01,3.994115e+01,3.994115e+01,3.994115e+01,3.994115e+01,3.994115e+01,3.994115e+01,3.994115e+01,3.994115e+01,3.994115e+01,3.958060e+01,3.958060e+01,3.958060e+01,3.958060e+01,3.958060e+01,3.958060e+01,3.958060e+01,3.958060e+01,3.958060e+01,3.958060e+01,3.958060e+01,3.903089e+01,3.903089e+01,3.903089e+01,3.903089e+01,3.903089e+01,3.903089e+01,3.903089e+01,3.903089e+01,3.903089e+01,3.903089e+01,3.903089e+01,3.903089e+01,3.903089e+01,3.903089e+01,3.903089e+01,3.903089e+01,3.903089e+01,3.903089e+01,3.903089e+01,3.903089e+01,3.903089e+01,3.903089e+01,3.903089e+01,3.847846e+01,3.866740e+01,3.866740e+01,3.866740e+01,3.866740e+01,3.866740e+01,3.866740e+01,3.866740e+01,3.866740e+01,3.866740e+01,3.866740e+01,3.866740e+01,3.866740e+01,3.866740e+01,3.866740e+01,3.811316e+01,3.830272e+01,3.830272e+01
3.625458e+01,3.636478e+01,3.637855e+01,3.654363e+01,3.654363e+01,3.654363e+01,3.654363e+01,3.654363e+01,3.661234e+01,3.696893e+01,3.696893e+01,3.696893e+01,3.696893e+01,3.752890e+01,3.750165e+01,3.758338e+01,3.758338e+01,3.814026e+01,3.811316e+01,3.814026e+01,3.814026e+01,3.814026e+01,3.869437e+01,3.869437e+01,3.869437e+01,3.869437e+01,3.869437e+01,3.869437e+01,3.869437e+01,3.869437e+01,3.869437e+01,3.869437e+01,3.923232e+01,3.923232e+01,3.923232e+01,3.923232e+01,3.956723e+01,4.011433e+01,3.992781e+01,3.992781e+01,4.047318e+01,4.036697e+01,4.060579e+01,4.088379e+01,4.088379e+01,4.088379e+01,4.088379e+01,4.155610e+01,4.101593e+01,4.120066e+01,4.120066e+01,4.120066e+01,4.120066e+01,4.120066e+01,4.120066e+01,4.120066e+01,4.120066e+01,4.120066e+01,4.120066e+01,4.120066e+01,4.120066e+01,4.120066e+01,4.120066e+01,4.120066e+01,4.065880e+01,4.084412e+01,4.060579e+01,4.064555e+01,4.064555e+01,4.064555e+01,4.010102e+01,4.028725e+01,4.059254e+01,4.020747e+01,4.002111e+01,4.002111e+01,4.002111e+01,4.002111e+01,3.947355e+01,3.966082e+01,3.966082e+01,3.966082e+01,3.966082e+01,4.020747e+01,4.002111e+01,4.002111e+01,4.002111e+01,4.002111e+01,4.002111e+01,4.030054e+01,4.053951e+01,4.077797e+01,4.100272e+01,4.141142e+01,4.171371e+01,4.218526e+01,4.251160e+01,4.295393e+01,4.325219e+01,4.376910e+01,4.412957e+01,4.462980e+01,4.506417e+01,4.553505e+01,4.601670e+01,4.647121e+01,4.717478e+01,4.761242e+01,4.814791e+01,4.855727e+01,4.903927e+01,4.985064e+01,5.041297e+01,5.102128e+01,5.178352e+01,5.226505e+01,5.300777e+01,5.369862e+01,5.413736e+01,5.542110e+01,5.607564e+01,5.652952e+01,5.738636e+01,5.777814e+01,5.807696e+01,5.872966e+01,5.928816e+01,5.982166e+01,6.066854e+01,6.129739e+01,6.187868e+01,6.241304e+01,6.302273e+01,6.346442e+01,6.405845e+01,6.491195e+01,6.572765e+01,6.640916e+01,6.733411e+01,6.785839e+01,6.866772e+01,6.920824e+01,6.995733e+01,7.082807e+01,7.169358e+01,7.210886e+01,7.295647e+01,7.371720e+01,7.419833e+01,7.496286e+01,7.576393e+01,7.650036e+01,7.696256e+01,7.774308e+01,7.821146e+01,7.882712e+01,7.958829e+01,8.030647e+01,8.107016e+01,8.149931e+01,8.181068e+01,8.247028e+01,8.324276e+01,8.356031e+01,8.399231e+01,8.455693e+01,8.492906e+01,8.568971e+01,8.597403e+01,8.665435e+01,8.690874e+01,8.744447e+01,8.776319e+01,8.815605e+01,8.851069e+01,8.883665e+01,8.919910e+01,8.937539e+01,8.958855e+01,8.986617e+01,8.989390e+01,9.008792e+01,9.046607e+01,9.071464e+01,9.064103e+01,9.067783e+01,9.058580e+01,9.058580e+01,9.058580e+01,9.058580e+01,9.096282e+01,9.083418e+01,9.083418e+01,9.083418e+01,9.083418e+01,9.083418e+01,9.083418e+01,9.083418e+01,9.083418e+01,9.083418e+01,9.083418e+01,9.083418e+01,9.083418e+01,9.083418e+01,9.083418e+01,9.083418e+01,9.083418e+01,9.083418e+01,9.045686e+01,9.058580e+01,9.079741e+01,9.053056e+01,9.053056e+01,9.053056e+01,9.053056e+01,9.053056e+01,9.053056e+01,9.053056e+01,9.053056e+01,9.009715e+01,9.009715e+01,9.009715e+01,9.009715e+01,9.009715e+01,9.009715e+01,9.009715e+01,9.009715e+01,9.009715e+01,9.009715e+01,9.009715e+01,8.971815e+01,8.981068e+01,8.981068e+01,8.981068e+01,8.981068e+01,8.981068e+01,8.981068e+01,8.981068e+01,8.981068e+01,8.943102e+01,8.967188e+01,8.955150e+01,8.957928e+01,8.957928e+01,8.957928e+01,8.920838e+01,8.958855e+01,8.945883e+01,8.907837e+01,8.920838e+01,8.920838e+01,8.920838e+01,8.920838e+01,8.882734e+01,8.891106e+01,8.909695e+01,8.909695e+01,8.850137e+01,8.859457e+01,8.859457e+01,8.859457e+01,8.859457e+01,8.859457e+01,8.859457e+01,8.827746e+01,8.827746e+01,8.827746e+01,8.827746e+01,8.827746e+01,8.789425e+01,8.827746e+01,8.803455e+01,8.803455e+01,8.803455e+01,8.765077e+01,8.769762e+01,8.769762e+01,8.769762e+01,8.769762e+01,8.731305e+01,8.731305e+01,8.731305e+01,8.731305e+01,8.731305e+01,8.692757e+01,8.692757e+01,8.692757e+01,8.692757e+01,8.692757e+01,8.692757e+01,8.692757e+01,8.673920e+01,8.665435e+01,8.654117e+01,8.654117e+01,8.654117e+01,8.654117e+01,8.647511e+01,8.622948e+01,8.622948e+01,8.622948e+01,8.584141e+01,8.597403e+01,8.597403e+01,8.597403e+01,8.597403e+01,8.566125e+01,8.566125e+01,8.566125e+01,8.566125e+01,8.566125e+01,8.566125e+01,8.566125e+01,8.566125e+01,8.566125e+01,8.566125e+01,8.566125e+01,8.566125e+01,8.566125e+01,8.566125e+01,8.566125e+01,8.566125e+01,8.527180e+01,8.579402e+01,8.527180e+01,8.541439e+01,8.541439e+01,8.541439e+01,8.541439e+01,8.541439e+01,8.541439e+01,8.541439e+01,8.541439e+01,8.580350e+01,8.566125e+01,8.566125e+01,8.566125e+01,8.566125e+01,8.566125e+01,8.566125e+01,8.566125e+01,8.596456e+01,8.596456e+01,8.596456e+01,8.596456e+01,8.596456e+01,8.596456e+01,8.596456e+01,8.596456e+01,8.635234e+01,8.621058e+01,8.621058e+01,8.621058e+01,8.621058e+01,8.621058e+01,8.621058e+01,8.621058e+01,8.621058e+01,8.621058e+01,8.621058e+01,8.621058e+01,8.589826e+01,8.589826e+01,8.589826e+01,8.589826e+01,8.567074e+01,8.550938e+01,8.539539e+01,8.539539e+01,8.539539e+01,8.539539e+01,8.487186e+01,8.487186e+01,8.487186e+01,8.487186e+01,8.437532e+01,8.447093e+01,8.427966e+01,8.408815e+01,8.369483e+01,8.371404e+01,8.353147e+01,8.319460e+01,8.302106e+01,8.277973e+01,8.244124e+01,8.215053e+01,8.210202e+01,8.144086e+01,8.102132e+01,8.047323e+01,8.005106e+01,7.946992e+01,7.921312e+01,7.847987e+01,7.797247e+01,7.734332e+01,7.703278e+01,7.636948e+01,7.588524e+01,7.538928e+01,7.495269e+01,7.428007e+01,7.366592e+01,7.297708e+01,7.255395e+01,7.210886e+01,7.121455e+01,7.066063e+01,7.019915e+01,6.974671e+01,6.900711e+01,6.812513e+01,6.760184e+01,6.724832e+01,6.649545e+01,6.611749e+01,6.528233e+01,6.455150e+01,6.404747e+01,6.362969e+01,6.282350e+01,6.194559e+01,6.147652e+01,6.058973e+01,5.973100e+01,5.931091e+01,5.853533e+01,5.808844e+01,5.720157e+01,5.654113e+01,5.562015e+01,5.498678e+01,5.436206e+01,5.349652e+01,5.300777e+01,5.214484e+01,5.150578e+01,5.103342e+01,5.029094e+01,4.986289e+01,4.891587e+01,4.829693e+01,4.779949e+01,4.742506e+01,4.697418e+01,4.619366e+01,4.566199e+01,4.521709e+01,4.469378e+01,4.432222e+01,4.397522e+01,4.351093e+01,4.312261e+01,4.265489e+01,4.236813e+01,4.213297e+01,4.159552e+01,4.100272e+01,4.061905e+01,4.030054e+01,3.994115e+01,3.952709e+01,3.927256e+01,3.903089e+01,3.854597e+01,3.819444e+01,3.777385e+01,3.743349e+01,3.687303e+01,3.746076e+01,3.706473e+01,3.685933e+01,3.685933e+01,3.685933e+01,3.741986e+01,3.736530e+01,3.736530e+01,3.736530e+01,3.736530e+01,3.796399e+01,3.796399e+01,3.796399e+01,3.796399e+01,3.851897e+01,3.851897e+01,3.851897e+01,3.851897e+01,3.907120e+01,3.886948e+01,3.911150e+01,3.911150e+01,3.911150e+01,3.911150e+01,3.911150e+01,3.911150e+01,3.966082e+01,3.946016e+01,3.946016e+01,3.946016e+01,3.946016e+01,3.946016e+01,3.946016e+01,3.946016e+01,4.000779e+01,3.980775e+01,3.980775e+01,3.980775e+01,4.024737e+01,4.024737e+01,4.024737e+01,4.024737e+01,4.024737e+01,4.072502e+01,4.072502e+01,4.072502e+01,4.072502e+01,4.126657e+01,4.113472e+01,4.167433e+01,4.147721e+01,4.147721e+01,4.147721e+01,4.202830e+01,4.202830e+01,4.202830e+01,4.202830e+01,4.202830e+01,4.202830e+01,4.202830e+01,4.202830e+01,4.202830e+01,4.202830e+01,4.202830e+01,4.202830e+01,4.149036e+01,4.168746e+01,4.151666e+01,4.155610e+01,4.155610e+01,4.155610e+01,4.155610e+01,4.155610e+01,4.155610e+01,4.155610e+01,4.155610e+01,4.105554e+01,4.105554e+01,4.105554e+01,4.105554e+01,4.105554e+01,4.105554e+01,4.105554e+01,4.105554e+01,4.105554e+01,4.105554e+01,4.105554e+01,4.105554e+01,4.071178e+01,4.071178e+01,4.071178e+01,4.071178e+01,4.071178e+01,4.071178e+01,4.071178e+01,4.035369e+01,4.035369e+01,4.035369e+01,4.035369e+01,4.035369e+01,4.035369e+01,4.035369e+01,4.035369e+01,4.035369e+01,4.035369e+01,4.035369e+01,3.994115e+01,3.994115e+01,3.994115e+01,3.994115e+01,3.994115e+01,3.994115e+01,3.994115e+01,3.994115e+01,3.994115e+01,3.994115e+01,3.994115e+01,3.994115e+01,3.958060e+01,3.958060e+01,3.958060e+01,3.958060e+01,3.958060e+01,3.958060e+01,3.958060e+01,3.958060e+01,3.958060e+01,3.958060e+01,3.958060e+01,3.903089e+01,3.903089e+01,3.903089e+01,3.958060e+01,3.923232e+01,3.923232e+01,3.923232e+01,3.923232e+01,3.923232e+01,3.923232e+01,3.923232e+01,3.923232e+01,3.923232e+01,3.923232e+01,3.923232e+01,3.923232e+01,3.868088e+01,3.888294e+01,3.888294e+01,3.888294e+01,3.888294e+01,3.888294e+01,3.888294e+01,3.888294e+01,3.888294e+01,3.888294e+01,3.888294e+01,3.888294e+01,3.832978e+01,3.853247e+01,3.853247e+01,3.853247e+01,3.853247e+01,3.853247e+01,3.853247e+01,3.853247e+01,3.853247e+01,3.853247e+01,3.853247e+01,3.853247e+01,3.853247e+01
3.639232e+01,3.639232e+01,3.639232e+01,3.639232e+01,3.639232e+01,3.639232e+01,3.639232e+01,3.639232e+01,3.695523e+01,3.692784e+01,3.692784e+01,3.692784e+01,3.692784e+01,3.752890e+01,3.752890e+01,3.752890e+01,3.752890e+01,3.814026e+01,3.814026e+01,3.814026e+01,3.814026e+01,3.814026e+01,3.869437e+01,3.869437e+01,3.869437e+01,3.869437e+01,3.869437e+01,3.869437e+01,3.869437e+01,3.869437e+01,3.869437e+01,3.869437e+01,3.923232e+01,3.923232e+01,3.923232e+01,3.978105e+01,3.995448e+01,3.994115e+01,3.994115e+01,3.994115e+01,3.994115e+01,4.036697e+01,4.077797e+01,4.081766e+01,4.081766e+01,4.135877e+01,4.125339e+01,4.135877e+01,4.117429e+01,4.117429e+01,4.117429e+01,4.117429e+01,4.117429e+01,4.117429e+01,4.117429e+01,4.117429e+01,4.117429e+01,4.117429e+01,4.117429e+01,4.117429e+01,4.117429e+01,4.117429e+01,4.117429e+01,4.117429e+01,4.065880e+01,4.065880e+01,4.065880e+01,4.065880e+01,4.065880e+01,4.065880e+01,4.065880e+01,4.065880e+01,4.011433e+01,4.024737e+01,3.970091e+01,3.990114e+01,3.990114e+01,3.935300e+01,3.948694e+01,3.948694e+01,4.003443e+01,3.983444e+01,4.007439e+01,4.003443e+01,4.003443e+01,4.003443e+01,4.003443e+01,4.003443e+01,4.003443e+01,4.057928e+01,4.038025e+01,4.038025e+01,4.100272e+01,4.142458e+01,4.185801e+01,4.211989e+01,4.258978e+01,4.288898e+01,4.332988e+01,4.370461e+01,4.420667e+01,4.465540e+01,4.508967e+01,4.556044e+01,4.604200e+01,4.649640e+01,4.719983e+01,4.763738e+01,4.817276e+01,4.858204e+01,4.906394e+01,4.987514e+01,5.043736e+01,5.104555e+01,5.180764e+01,5.228908e+01,5.303166e+01,5.372237e+01,5.429115e+01,5.531559e+01,5.599400e+01,5.647142e+01,5.687757e+01,5.792764e+01,5.820317e+01,5.874108e+01,5.929954e+01,5.983298e+01,6.067980e+01,6.130859e+01,6.188984e+01,6.242415e+01,6.303379e+01,6.392667e+01,6.460617e+01,6.502099e+01,6.574934e+01,6.643073e+01,6.735554e+01,6.787975e+01,6.868896e+01,6.922939e+01,6.997837e+01,7.084899e+01,7.128754e+01,7.203626e+01,7.289462e+01,7.366592e+01,7.415745e+01,7.493236e+01,7.574371e+01,7.649030e+01,7.696256e+01,7.775306e+01,7.862879e+01,7.892619e+01,7.960802e+01,8.032610e+01,8.108969e+01,8.145060e+01,8.186899e+01,8.248964e+01,8.326202e+01,8.357954e+01,8.401148e+01,8.457603e+01,8.533836e+01,8.572765e+01,8.607816e+01,8.660720e+01,8.696522e+01,8.747262e+01,8.779129e+01,8.818408e+01,8.853865e+01,8.886456e+01,8.908766e+01,8.938467e+01,8.959781e+01,8.981992e+01,8.996784e+01,9.018946e+01,9.042001e+01,9.062262e+01,9.062262e+01,9.062262e+01,9.062262e+01,9.062262e+01,9.062262e+01,9.062262e+01,9.062262e+01,9.083418e+01,9.083418e+01,9.083418e+01,9.083418e+01,9.083418e+01,9.083418e+01,9.083418e+01,9.083418e+01,9.083418e+01,9.083418e+01,9.083418e+01,9.083418e+01,9.083418e+01,9.083418e+01,9.083418e+01,9.083418e+01,9.083418e+01,9.083418e+01,9.058580e+01,9.068703e+01,9.057659e+01,9.057659e+01,9.057659e+01,9.057659e+01,9.057659e+01,9.019869e+01,9.043843e+01,9.027249e+01,9.021714e+01,9.021714e+01,9.021714e+01,9.021714e+01,9.021714e+01,9.021714e+01,9.021714e+01,9.021714e+01,8.983842e+01,8.997708e+01,8.981068e+01,8.983842e+01,8.983842e+01,8.983842e+01,8.983842e+01,8.983842e+01,8.983842e+01,8.983842e+01,8.983842e+01,8.983842e+01,8.943102e+01,8.962559e+01,8.962559e+01,8.962559e+01,8.962559e+01,8.962559e+01,8.962559e+01,8.924551e+01,8.931974e+01,8.918982e+01,8.918982e+01,8.918982e+01,8.918982e+01,8.918982e+01,8.918982e+01,8.918982e+01,8.880873e+01,8.883665e+01,8.862252e+01,8.862252e+01,8.862252e+01,8.862252e+01,8.862252e+01,8.862252e+01,8.862252e+01,8.827746e+01,8.827746e+01,8.827746e+01,8.827746e+01,8.827746e+01,8.827746e+01,8.827746e+01,8.803455e+01,8.803455e+01,8.803455e+01,8.765077e+01,8.765077e+01,8.765077e+01,8.765077e+01,8.765077e+01,8.765077e+01,8.731305e+01,8.731305e+01,8.731305e+01,8.731305e+01,8.731305e+01,8.692757e+01,8.692757e+01,8.692757e+01,8.692757e+01,8.692757e+01,8.692757e+01,8.654117e+01,8.668264e+01,8.668264e+01,8.629565e+01,8.643734e+01,8.643734e+01,8.643734e+01,8.643734e+01,8.622948e+01,8.605923e+01,8.595509e+01,8.595509e+01,8.595509e+01,8.595509e+01,8.595509e+01,8.595509e+01,8.566125e+01,8.566125e+01,8.566125e+01,8.566125e+01,8.566125e+01,8.566125e+01,8.566125e+01,8.566125e+01,8.566125e+01,8.566125e+01,8.566125e+01,8.566125e+01,8.566125e+01,8.566125e+01,8.566125e+01,8.566125e+01,8.566125e+01,8.566125e+01,8.566125e+01,8.566125e+01,8.566125e+01,8.566125e+01,8.566125e+01,8.566125e+01,8.566125e+01,8.566125e+01,8.566125e+01,8.566125e+01,8.566125e+01,8.566125e+01,8.566125e+01,8.566125e+01,8.566125e+01,8.604976e+01,8.595509e+01,8.595509e+01,8.595509e+01,8.595509e+01,8.595509e+01,8.634290e+01,8.609708e+01,8.626730e+01,8.622948e+01,8.622948e+01,8.622948e+01,8.622948e+01,8.622948e+01,8.622948e+01,8.622948e+01,8.622948e+01,8.622948e+01,8.622948e+01,8.622948e+01,8.622948e+01,8.589826e+01,8.589826e+01,8.589826e+01,8.589826e+01,8.589826e+01,8.550938e+01,8.550938e+01,8.550938e+01,8.511956e+01,8.514812e+01,8.499577e+01,8.499577e+01,8.460469e+01,8.463334e+01,8.449960e+01,8.449960e+01,8.427966e+01,8.391560e+01,8.381005e+01,8.381005e+01,8.353147e+01,8.331017e+01,8.301141e+01,8.267342e+01,8.248964e+01,8.224749e+01,8.202438e+01,8.141162e+01,8.099200e+01,8.044382e+01,8.002157e+01,7.951925e+01,7.915380e+01,7.845007e+01,7.794257e+01,7.739335e+01,7.697260e+01,7.633926e+01,7.585492e+01,7.535886e+01,7.492219e+01,7.424942e+01,7.363515e+01,7.294617e+01,7.252294e+01,7.207775e+01,7.118324e+01,7.062921e+01,7.016763e+01,6.971510e+01,6.897533e+01,6.852961e+01,6.766602e+01,6.729121e+01,6.651702e+01,6.611749e+01,6.526057e+01,6.452962e+01,6.402551e+01,6.360767e+01,6.280134e+01,6.237970e+01,6.155481e+01,6.064603e+01,6.022884e+01,5.944730e+01,5.866111e+01,5.773211e+01,5.712065e+01,5.651790e+01,5.607564e+01,5.506907e+01,5.443294e+01,5.355600e+01,5.305554e+01,5.218092e+01,5.152996e+01,5.104555e+01,5.029094e+01,4.934724e+01,4.879233e+01,4.827211e+01,4.786179e+01,4.735003e+01,4.694908e+01,4.616840e+01,4.615576e+01,4.530621e+01,4.484719e+01,4.446329e+01,4.397522e+01,4.357553e+01,4.304479e+01,4.271996e+01,4.249856e+01,4.202830e+01,4.158238e+01,4.106874e+01,4.121385e+01,4.072502e+01,4.030054e+01,3.987447e+01,3.941999e+01,3.893676e+01,3.861345e+01,3.826213e+01,3.784180e+01,3.735165e+01,3.732436e+01,3.733801e+01,3.713311e+01,3.713311e+01,3.713311e+01,3.713311e+01,3.713311e+01,3.769226e+01,3.748802e+01,3.748802e+01,3.748802e+01,3.796399e+01,3.796399e+01,3.796399e+01,3.851897e+01,3.838387e+01,3.838387e+01,3.838387e+01,3.893676e+01,3.889640e+01,3.889640e+01,3.889640e+01,3.889640e+01,3.944677e+01,3.924573e+01,3.924573e+01,3.924573e+01,3.966082e+01,3.966082e+01,3.966082e+01,3.966082e+01,3.966082e+01,3.966082e+01,3.966082e+01,3.966082e+01,3.966082e+01,3.966082e+01,4.020747e+01,4.016756e+01,4.007439e+01,4.007439e+01,4.061905e+01,4.042009e+01,4.065880e+01,4.055276e+01,4.109513e+01,4.089701e+01,4.113472e+01,4.109513e+01,4.133244e+01,4.151666e+01,4.151666e+01,4.151666e+01,4.151666e+01,4.151666e+01,4.202830e+01,4.202830e+01,4.202830e+01,4.202830e+01,4.202830e+01,4.202830e+01,4.202830e+01,4.202830e+01,4.202830e+01,4.202830e+01,4.202830e+01,4.202830e+01,4.202830e+01,4.151666e+01,4.151666e+01,4.151666e+01,4.151666e+01,4.151666e+01,4.151666e+01,4.151666e+01,4.151666e+01,4.097630e+01,4.110833e+01,4.110833e+01,4.110833e+01,4.110833e+01,4.110833e+01,4.110833e+01,4.110833e+01,4.110833e+01,4.110833e+01,4.110833e+01,4.110833e+01,4.056602e+01,4.069854e+01,4.069854e+01,4.069854e+01,4.069854e+01,4.069854e+01,4.069854e+01,4.069854e+01,4.069854e+01,4.035369e+01,4.035369e+01,4.035369e+01,4.035369e+01,4.035369e+01,4.035369e+01,4.035369e+01,4.035369e+01,4.035369e+01,4.035369e+01,4.035369e+01,3.994115e+01,3.994115e+01,3.994115e+01,3.994115e+01,3.994115e+01,3.994115e+01,3.994115e+01,3.994115e+01,3.994115e+01,3.994115e+01,3.994115e+01,3.958060e+01,3.958060e+01,3.958060e+01,3.958060e+01,3.958060e+01,3.958060e+01,3.958060e+01,3.958060e+01,3.958060e+01,3.958060e+01,3.958060e+01,3.958060e+01,3.958060e+01,3.958060e+01,3.958060e+01,3.958060e+01,3.923232e+01,3.923232e+01,3.923232e+01,3.923232e+01,3.923232e+01,3.923232e+01,3.923232e+01,3.923232e+01,3.923232e+01,3.923232e+01,3.923232e+01,3.923232e+01,3.888294e+01,3.888294e+01,3.888294e+01,3.888294e+01,3.888294e+01,3.888294e+01,3.888294e+01,3.888294e+01,3.888294e+01,3.888294e+01,3.888294e+01,3.888294e+01,3.888294e+01,3.888294e+01,3.853247e+01,3.853247e+01,3.853247e+01,3.853247e+01,3.853247e+01,3.853247e+01,3.853247e+01,3.853247e+01,3.853247e+01,3.853247e+01
3.639232e+01,3.639232e+01,3.639232e+01,3.639232e+01,3.639232e+01,3.639232e+01,3.639232e+01,3.639232e+01,3.695523e+01,3.695523e+01,3.695523e+01,3.695523e+01,3.695523e+01,3.752890e+01,3.752890e+01,3.752890e+01,3.752890e+01,3.752890e+01,3.814026e+01,3.814026e+01,3.814026e+01,3.814026e+01,3.869437e+01,3.869437e+01,3.869437e+01,3.869437e+01,3.869437e+01,3.869437e+01,3.869437e+01,3.869437e+01,3.869437e+01,3.869437e+01,3.923232e+01,3.923232e+01,3.923232e+01,3.978105e+01,3.978105e+01,3.978105e+01,3.978105e+01,4.032712e+01,4.032712e+01,4.043336e+01,4.071178e+01,4.071178e+01,4.125339e+01,4.122703e+01,4.122703e+01,4.122703e+01,4.122703e+01,4.122703e+01,4.122703e+01,4.122703e+01,4.122703e+01,4.122703e+01,4.122703e+01,4.122703e+01,4.122703e+01,4.122703e+01,4.122703e+01,4.122703e+01,4.122703e+01,4.122703e+01,4.122703e+01,4.068529e+01,4.079120e+01,4.079120e+01,4.079120e+01,4.079120e+01,4.024737e+01,4.044664e+01,4.044664e+01,4.044664e+01,4.044664e+01,3.990114e+01,3.987447e+01,3.987447e+01,3.987447e+01,3.987447e+01,3.987447e+01,3.987447e+01,3.987447e+01,3.987447e+01,3.987447e+01,3.987447e+01,4.042009e+01,4.022078e+01,4.022078e+01,4.022078e+01,4.022078e+01,4.022078e+01,4.076473e+01,4.072502e+01,4.101593e+01,4.102913e+01,4.187111e+01,4.235508e+01,4.252463e+01,4.295393e+01,4.326514e+01,4.376910e+01,4.421951e+01,4.466819e+01,4.510242e+01,4.557314e+01,4.605464e+01,4.650900e+01,4.721236e+01,4.764986e+01,4.818519e+01,4.859442e+01,4.907627e+01,4.988739e+01,5.044955e+01,5.105769e+01,5.181969e+01,5.230109e+01,5.304360e+01,5.373425e+01,5.478674e+01,5.543281e+01,5.601733e+01,5.649466e+01,5.690074e+01,5.787016e+01,5.826050e+01,5.876392e+01,5.932228e+01,5.985564e+01,6.070231e+01,6.133100e+01,6.191214e+01,6.244637e+01,6.305591e+01,6.394864e+01,6.462804e+01,6.504279e+01,6.577103e+01,6.645232e+01,6.737698e+01,6.790110e+01,6.871019e+01,6.925055e+01,6.999941e+01,7.086990e+01,7.173516e+01,7.213995e+01,7.292554e+01,7.369669e+01,7.460657e+01,7.503402e+01,7.578416e+01,7.653055e+01,7.741335e+01,7.785283e+01,7.857916e+01,7.897569e+01,7.964745e+01,8.036534e+01,8.112875e+01,8.148956e+01,8.190785e+01,8.252835e+01,8.330054e+01,8.361798e+01,8.444225e+01,8.467152e+01,8.499577e+01,8.568971e+01,8.607816e+01,8.664493e+01,8.700285e+01,8.751014e+01,8.782874e+01,8.822144e+01,8.857593e+01,8.881804e+01,8.942175e+01,8.947737e+01,8.960707e+01,8.977367e+01,9.004175e+01,9.019869e+01,9.042922e+01,9.057659e+01,9.057659e+01,9.057659e+01,9.057659e+01,9.057659e+01,9.057659e+01,9.095364e+01,9.089851e+01,9.087095e+01,9.087095e+01,9.087095e+01,9.087095e+01,9.087095e+01,9.087095e+01,9.087095e+01,9.087095e+01,9.087095e+01,9.087095e+01,9.087095e+01,9.087095e+01,9.087095e+01,9.087095e+01,9.087095e+01,9.087095e+01,9.087095e+01,9.049371e+01,9.058580e+01,9.058580e+01,9.058580e+01,9.058580e+01,9.058580e+01,9.058580e+01,9.058580e+01,9.058580e+01,9.058580e+01,9.058580e+01,9.021714e+01,9.021714e+01,9.021714e+01,9.021714e+01,9.021714e+01,9.021714e+01,9.021714e+01,9.021714e+01,9.021714e+01,8.997708e+01,8.997708e+01,8.997708e+01,8.997708e+01,8.997708e+01,8.997708e+01,8.997708e+01,8.997708e+01,8.997708e+01,8.959781e+01,8.962559e+01,8.953297e+01,8.957928e+01,8.957928e+01,8.957928e+01,8.957928e+01,8.957928e+01,8.957928e+01,8.924551e+01,8.924551e+01,8.924551e+01,8.924551e+01,8.924551e+01,8.924551e+01,8.924551e+01,8.886456e+01,8.893896e+01,8.892966e+01,8.880873e+01,8.866909e+01,8.866909e+01,8.866909e+01,8.866909e+01,8.866909e+01,8.866909e+01,8.866909e+01,8.827746e+01,8.827746e+01,8.827746e+01,8.827746e+01,8.827746e+01,8.827746e+01,8.789425e+01,8.798780e+01,8.798780e+01,8.798780e+01,8.765077e+01,8.765077e+01,8.765077e+01,8.765077e+01,8.765077e+01,8.765077e+01,8.731305e+01,8.731305e+01,8.731305e+01,8.731305e+01,8.731305e+01,8.731305e+01,8.692757e+01,8.692757e+01,8.692757e+01,8.692757e+01,8.692757e+01,8.692757e+01,8.668264e+01,8.651286e+01,8.640901e+01,8.640901e+01,8.640901e+01,8.640901e+01,8.640901e+01,8.640901e+01,8.605923e+01,8.605923e+01,8.605923e+01,8.605923e+01,8.605923e+01,8.605923e+01,8.605923e+01,8.566125e+01,8.604976e+01,8.580350e+01,8.580350e+01,8.580350e+01,8.580350e+01,8.580350e+01,8.541439e+01,8.555686e+01,8.555686e+01,8.555686e+01,8.555686e+01,8.555686e+01,8.555686e+01,8.555686e+01,8.555686e+01,8.555686e+01,8.555686e+01,8.555686e+01,8.555686e+01,8.555686e+01,8.555686e+01,8.555686e+01,8.555686e+01,8.555686e+01,8.555686e+01,8.594562e+01,8.580350e+01,8.580350e+01,8.580350e+01,8.580350e+01,8.580350e+01,8.580350e+01,8.580350e+01,8.619167e+01,8.604976e+01,8.604976e+01,8.604976e+01,8.604976e+01,8.604976e+01,8.643734e+01,8.619167e+01,8.619167e+01,8.619167e+01,8.619167e+01,8.619167e+01,8.619167e+01,8.619167e+01,8.619167e+01,8.619167e+01,8.619167e+01,8.619167e+01,8.619167e+01,8.619167e+01,8.589826e+01,8.589826e+01,8.589826e+01,8.589826e+01,8.589826e+01,8.550938e+01,8.550938e+01,8.550938e+01,8.511956e+01,8.511956e+01,8.511956e+01,8.472879e+01,8.472879e+01,8.472879e+01,8.449960e+01,8.437532e+01,8.418393e+01,8.403065e+01,8.403065e+01,8.381005e+01,8.352185e+01,8.330054e+01,8.331017e+01,8.267342e+01,8.236377e+01,8.223779e+01,8.193699e+01,8.137263e+01,8.095291e+01,8.040459e+01,7.998222e+01,7.947978e+01,7.911423e+01,7.881721e+01,7.799239e+01,7.740335e+01,7.694250e+01,7.629896e+01,7.581449e+01,7.531830e+01,7.488150e+01,7.420855e+01,7.359411e+01,7.290493e+01,7.248158e+01,7.203626e+01,7.114151e+01,7.058731e+01,7.012560e+01,6.967293e+01,6.893294e+01,6.848709e+01,6.762324e+01,6.724832e+01,6.647388e+01,6.607423e+01,6.521704e+01,6.493376e+01,6.408040e+01,6.317749e+01,6.269051e+01,6.233524e+01,6.151008e+01,6.060099e+01,6.018366e+01,5.940186e+01,5.861538e+01,5.815729e+01,5.717846e+01,5.654113e+01,5.606398e+01,5.503381e+01,5.439751e+01,5.352032e+01,5.301972e+01,5.214484e+01,5.149369e+01,5.100914e+01,5.025431e+01,4.931033e+01,4.926109e+01,4.834657e+01,4.789914e+01,4.745005e+01,4.693653e+01,4.631990e+01,4.556044e+01,4.517888e+01,4.491105e+01,4.441201e+01,4.403955e+01,4.352386e+01,4.310964e+01,4.285000e+01,4.238118e+01,4.198902e+01,4.154295e+01,4.122703e+01,4.097630e+01,4.079120e+01,4.035369e+01,3.980775e+01,3.937980e+01,3.900400e+01,3.866740e+01,3.830272e+01,3.776026e+01,3.807250e+01,3.769226e+01,3.748802e+01,3.748802e+01,3.713311e+01,3.713311e+01,3.713311e+01,3.713311e+01,3.769226e+01,3.769226e+01,3.769226e+01,3.769226e+01,3.769226e+01,3.824860e+01,3.820798e+01,3.834330e+01,3.834330e+01,3.834330e+01,3.889640e+01,3.880216e+01,3.880216e+01,3.880216e+01,3.880216e+01,3.935300e+01,3.931279e+01,3.931279e+01,3.931279e+01,3.931279e+01,3.931279e+01,3.931279e+01,3.931279e+01,3.931279e+01,3.931279e+01,3.931279e+01,3.966082e+01,3.966082e+01,3.966082e+01,3.966082e+01,4.020747e+01,4.020747e+01,4.020747e+01,4.020747e+01,4.020747e+01,4.075150e+01,4.055276e+01,4.080443e+01,4.092345e+01,4.092345e+01,4.092345e+01,4.146405e+01,4.126657e+01,4.126657e+01,4.180556e+01,4.160866e+01,4.160866e+01,4.160866e+01,4.160866e+01,4.202830e+01,4.202830e+01,4.202830e+01,4.202830e+01,4.202830e+01,4.202830e+01,4.202830e+01,4.202830e+01,4.202830e+01,4.202830e+01,4.202830e+01,4.149036e+01,4.162180e+01,4.162180e+01,4.162180e+01,4.162180e+01,4.162180e+01,4.162180e+01,4.162180e+01,4.162180e+01,4.151666e+01,4.117429e+01,4.117429e+01,4.117429e+01,4.117429e+01,4.117429e+01,4.117429e+01,4.117429e+01,4.117429e+01,4.117429e+01,4.117429e+01,4.063230e+01,4.069854e+01,4.069854e+01,4.069854e+01,4.069854e+01,4.069854e+01,4.069854e+01,4.069854e+01,4.069854e+01,4.069854e+01,4.069854e+01,4.069854e+01,4.069854e+01,4.035369e+01,4.035369e+01,4.035369e+01,4.035369e+01,4.035369e+01,4.035369e+01,4.035369e+01,4.035369e+01,3.994115e+01,3.994115e+01,3.994115e+01,3.994115e+01,3.994115e+01,3.994115e+01,3.994115e+01,3.994115e+01,3.994115e+01,3.994115e+01,3.994115e+01,3.994115e+01,3.958060e+01,3.958060e+01,3.958060e+01,3.958060e+01,3.958060e+01,3.958060e+01,3.958060e+01,3.958060e+01,3.958060e+01,3.958060e+01,3.958060e+01,3.958060e+01,3.958060e+01,3.958060e+01,3.958060e+01,3.958060e+01,3.923232e+01,3.923232e+01,3.923232e+01,3.923232e+01,3.923232e+01,3.923232e+01,3.923232e+01,3.923232e+01,3.923232e+01,3.923232e+01,3.923232e+01,3.923232e+01,3.923232e+01,3.923232e+01,3.888294e+01,3.888294e+01,3.888294e+01,3.888294e+01,3.888294e+01,3.888294e+01,3.888294e+01,3.888294e+01,3.888294e+01,3.888294e+01,3.888294e+01,3.888294e+01,3.888294e+01,3.888294e+01,3.853247e+01,3.853247e+01,3.853247e+01,3.853247e+01,3.853247e+01,3.853247e+01,3.853247e+01
3.639232e+01,3.639232e+01,3.639232e+01,3.639232e+01,3.639232e+01,3.639232e+01,3.639232e+01,3.639232e+01,3.695523e+01,3.695523e+01,3.695523e+01,3.695523e+01,3.695523e+01,3.752890e+01,3.752890e+01,3.752890e+01,3.752890e+01,3.752890e+01,3.814026e+01,3.814026e+01,3.814026e+01,3.814026e+01,3.814026e+01,3.869437e+01,3.869437e+01,3.869437e+01,3.869437e+01,3.869437e+01,3.869437e+01,3.869437e+01,3.869437e+01,3.869437e+01,3.923232e+01,3.923232e+01,3.923232e+01,3.978105e+01,3.978105e+01,3.978105e+01,3.978105e+01,4.032712e+01,4.032712e+01,4.032712e+01,4.071178e+01,4.096309e+01,4.108194e+01,4.108194e+01,4.108194e+01,4.108194e+01,4.108194e+01,4.108194e+01,4.108194e+01,4.162180e+01,4.142458e+01,4.142458e+01,4.142458e+01,4.142458e+01,4.142458e+01,4.142458e+01,4.142458e+01,4.088379e+01,4.108194e+01,4.108194e+01,4.108194e+01,4.108194e+01,4.108194e+01,4.108194e+01,4.079120e+01,4.053951e+01,4.042009e+01,4.042009e+01,4.042009e+01,4.042009e+01,4.042009e+01,3.990114e+01,3.990114e+01,3.990114e+01,3.990114e+01,3.990114e+01,3.990114e+01,3.935300e+01,3.970091e+01,3.970091e+01,4.024737e+01,4.020747e+01,4.024737e+01,4.024737e+01,4.024737e+01,4.024737e+01,4.024737e+01,4.024737e+01,4.024737e+01,4.072502e+01,4.094987e+01,4.121385e+01,4.191043e+01,4.218526e+01,4.260281e+01,4.288898e+01,4.331693e+01,4.380777e+01,4.425804e+01,4.470657e+01,4.514066e+01,4.561123e+01,4.609257e+01,4.654679e+01,4.673553e+01,4.757497e+01,4.813549e+01,4.856965e+01,4.907627e+01,4.991189e+01,5.047393e+01,5.108195e+01,5.184381e+01,5.232511e+01,5.306748e+01,5.375800e+01,5.481029e+01,5.545625e+01,5.604066e+01,5.651790e+01,5.739790e+01,5.798509e+01,5.829488e+01,5.879817e+01,5.935639e+01,5.988961e+01,6.073606e+01,6.136459e+01,6.194559e+01,6.247969e+01,6.308908e+01,6.398159e+01,6.466083e+01,6.507548e+01,6.580354e+01,6.648467e+01,6.740912e+01,6.793313e+01,6.874203e+01,6.928227e+01,7.003097e+01,7.090127e+01,7.176634e+01,7.259528e+01,7.302860e+01,7.373771e+01,7.464733e+01,7.507466e+01,7.582460e+01,7.657079e+01,7.745336e+01,7.789272e+01,7.861887e+01,7.901529e+01,8.009039e+01,8.046342e+01,8.117756e+01,8.153826e+01,8.195641e+01,8.257672e+01,8.334868e+01,8.366602e+01,8.439445e+01,8.470971e+01,8.504339e+01,8.573713e+01,8.612546e+01,8.669206e+01,8.704990e+01,8.755703e+01,8.787553e+01,8.826813e+01,8.852933e+01,8.885526e+01,8.930119e+01,8.968114e+01,8.992163e+01,8.986617e+01,9.037392e+01,9.031860e+01,9.039236e+01,9.039236e+01,9.076982e+01,9.063182e+01,9.063182e+01,9.100874e+01,9.093526e+01,9.086176e+01,9.086176e+01,9.086176e+01,9.086176e+01,9.086176e+01,9.086176e+01,9.086176e+01,9.086176e+01,9.086176e+01,9.086176e+01,9.086176e+01,9.086176e+01,9.086176e+01,9.086176e+01,9.086176e+01,9.086176e+01,9.086176e+01,9.086176e+01,9.086176e+01,9.086176e+01,9.086176e+01,9.058580e+01,9.058580e+01,9.058580e+01,9.058580e+01,9.058580e+01,9.058580e+01,9.058580e+01,9.058580e+01,9.020792e+01,9.030016e+01,9.030016e+01,9.030016e+01,9.030016e+01,9.030016e+01,9.030016e+01,9.030016e+01,8.992163e+01,8.992163e+01,8.994936e+01,8.994936e+01,8.994936e+01,8.994936e+01,8.994936e+01,8.994936e+01,8.994936e+01,8.994936e+01,8.994936e+01,8.959781e+01,8.959781e+01,8.959781e+01,8.959781e+01,8.959781e+01,8.959781e+01,8.959781e+01,8.959781e+01,8.921767e+01,8.931046e+01,8.931046e+01,8.931046e+01,8.931046e+01,8.931046e+01,8.892966e+01,8.900403e+01,8.898544e+01,8.898544e+01,8.898544e+01,8.898544e+01,8.898544e+01,8.866909e+01,8.866909e+01,8.866909e+01,8.866909e+01,8.866909e+01,8.828680e+01,8.837079e+01,8.837079e+01,8.837079e+01,8.837079e+01,8.798780e+01,8.839878e+01,8.813737e+01,8.799715e+01,8.799715e+01,8.761328e+01,8.770699e+01,8.770699e+01,8.770699e+01,8.770699e+01,8.770699e+01,8.732244e+01,8.740694e+01,8.740694e+01,8.740694e+01,8.740694e+01,8.740694e+01,8.702168e+01,8.704990e+01,8.704990e+01,8.704990e+01,8.704990e+01,8.704990e+01,8.666378e+01,8.669206e+01,8.669206e+01,8.669206e+01,8.669206e+01,8.640901e+01,8.640901e+01,8.640901e+01,8.640901e+01,8.640901e+01,8.640901e+01,8.605923e+01,8.605923e+01,8.605923e+01,8.605923e+01,8.605923e+01,8.605923e+01,8.605923e+01,8.605923e+01,8.605923e+01,8.605923e+01,8.605923e+01,8.605923e+01,8.605923e+01,8.594562e+01,8.569920e+01,8.569920e+01,8.569920e+01,8.569920e+01,8.569920e+01,8.569920e+01,8.569920e+01,8.608762e+01,8.584141e+01,8.569920e+01,8.569920e+01,8.569920e+01,8.569920e+01,8.569920e+01,8.569920e+01,8.569920e+01,8.569920e+01,8.569920e+01,8.608762e+01,8.594562e+01,8.594562e+01,8.594562e+01,8.594562e+01,8.594562e+01,8.594562e+01,8.594562e+01,8.594562e+01,8.633344e+01,8.619167e+01,8.619167e+01,8.619167e+01,8.619167e+01,8.619167e+01,8.619167e+01,8.619167e+01,8.619167e+01,8.619167e+01,8.657890e+01,8.633344e+01,8.633344e+01,8.633344e+01,8.633344e+01,8.633344e+01,8.633344e+01,8.633344e+01,8.589826e+01,8.628620e+01,8.604030e+01,8.604030e+01,8.565176e+01,8.563279e+01,8.563279e+01,8.563279e+01,8.511956e+01,8.511956e+01,8.511956e+01,8.472879e+01,8.472879e+01,8.472879e+01,8.449960e+01,8.449960e+01,8.418393e+01,8.418393e+01,8.379086e+01,8.374285e+01,8.351224e+01,8.333906e+01,8.315604e+01,8.272176e+01,8.245092e+01,8.219901e+01,8.184955e+01,8.132389e+01,8.090403e+01,8.035553e+01,7.993304e+01,7.943044e+01,7.916369e+01,7.877756e+01,7.794257e+01,7.735332e+01,7.689232e+01,7.666129e+01,7.585492e+01,7.531830e+01,7.484080e+01,7.416766e+01,7.355305e+01,7.286368e+01,7.244022e+01,7.199477e+01,7.109975e+01,7.054539e+01,7.008354e+01,6.963074e+01,6.889054e+01,6.844455e+01,6.758044e+01,6.720541e+01,6.643073e+01,6.603096e+01,6.527145e+01,6.489013e+01,6.448586e+01,6.368473e+01,6.301167e+01,6.242415e+01,6.156599e+01,6.062352e+01,6.017236e+01,5.936776e+01,5.858108e+01,5.812287e+01,5.714378e+01,5.650628e+01,5.602900e+01,5.499854e+01,5.436206e+01,5.348463e+01,5.298389e+01,5.210876e+01,5.145742e+01,5.097273e+01,5.021767e+01,4.997311e+01,4.942104e+01,4.847055e+01,4.798627e+01,4.750004e+01,4.694908e+01,4.629466e+01,4.562392e+01,4.575077e+01,4.508967e+01,4.465540e+01,4.416813e+01,4.318742e+01,4.314854e+01,4.264187e+01,4.243336e+01,4.192353e+01,4.159552e+01,4.133244e+01,4.097630e+01,4.053951e+01,4.031383e+01,3.986113e+01,3.941999e+01,3.958060e+01,3.907120e+01,3.842442e+01,3.820798e+01,3.807250e+01,3.774666e+01,3.718779e+01,3.718779e+01,3.717413e+01,3.717413e+01,3.717413e+01,3.717413e+01,3.717413e+01,3.717413e+01,3.769226e+01,3.769226e+01,3.769226e+01,3.824860e+01,3.824860e+01,3.824860e+01,3.824860e+01,3.880216e+01,3.876175e+01,3.876175e+01,3.876175e+01,3.876175e+01,3.931279e+01,3.921890e+01,3.921890e+01,3.921890e+01,3.976770e+01,3.941999e+01,3.941999e+01,3.941999e+01,3.941999e+01,3.941999e+01,3.941999e+01,3.941999e+01,3.941999e+01,3.996781e+01,3.976770e+01,4.002111e+01,4.003443e+01,4.003443e+01,4.003443e+01,4.003443e+01,4.057928e+01,4.057928e+01,4.057928e+01,4.057928e+01,4.092345e+01,4.092345e+01,4.092345e+01,4.146405e+01,4.146405e+01,4.146405e+01,4.146405e+01,4.200212e+01,4.180556e+01,4.180556e+01,4.180556e+01,4.180556e+01,4.180556e+01,4.180556e+01,4.180556e+01,4.180556e+01,4.180556e+01,4.180556e+01,4.180556e+01,4.180556e+01,4.180556e+01,4.180556e+01,4.180556e+01,4.180556e+01,4.126657e+01,4.146405e+01,4.146405e+01,4.146405e+01,4.146405e+01,4.146405e+01,4.146405e+01,4.146405e+01,4.146405e+01,4.146405e+01,4.117429e+01,4.117429e+01,4.117429e+01,4.117429e+01,4.117429e+01,4.117429e+01,4.117429e+01,4.117429e+01,4.117429e+01,4.117429e+01,4.069854e+01,4.069854e+01,4.069854e+01,4.069854e+01,4.069854e+01,4.069854e+01,4.069854e+01,4.069854e+01,4.069854e+01,4.069854e+01,4.069854e+01,4.069854e+01,4.035369e+01,4.035369e+01,4.035369e+01,4.035369e+01,4.035369e+01,4.035369e+01,4.035369e+01,4.035369e+01,3.994115e+01,3.994115e+01,3.994115e+01,3.994115e+01,3.994115e+01,3.994115e+01,3.994115e+01,3.994115e+01,3.994115e+01,3.994115e+01,3.994115e+01,3.994115e+01,3.994115e+01,3.994115e+01,3.958060e+01,3.958060e+01,3.958060e+01,3.958060e+01,3.958060e+01,3.958060e+01,3.958060e+01,3.958060e+01,3.958060e+01,3.958060e+01,3.958060e+01,3.958060e+01,3.958060e+01,3.958060e+01,3.923232e+01,3.923232e+01,3.923232e+01,3.923232e+01,3.923232e+01,3.923232e+01,3.923232e+01,3.923232e+01,3.923232e+01,3.923232e+01,3.923232e+01,3.923232e+01,3.923232e+01,3.923232e+01,3.888294e+01,3.888294e+01,3.888294e+01,3.888294e+01,3.888294e+01,3.888294e+01,3.888294e+01,3.888294e+01,3.888294e+01,3.888294e+01,3.888294e+01,3.888294e+01,3.888294e+01,3.853247e+01,3.853247e+01,3.853247e+01,3.853247e+01,3.853247e+01,3.853247e+01,3.853247e+01
3.639232e+01,3.639232e+01,3.639232e+01,3.639232e+01,3.639232e+01,3.639232e+01,3.639232e+01,3.695523e+01,3.681820e+01,3.681820e+01,3.681820e+01,3.737894e+01,3.732436e+01,3.735165e+01,3.735165e+01,3.735165e+01,3.790970e+01,3.785538e+01,3.796399e+01,3.796399e+01,3.796399e+01,3.851897e+01,3.846495e+01,3.851897e+01,3.851897e+01,3.851897e+01,3.851897e+01,3.851897e+01,3.851897e+01,3.851897e+01,3.907120e+01,3.901744e+01,3.905777e+01,3.905777e+01,3.905777e+01,3.978105e+01,3.978105e+01,3.978105e+01,3.978105e+01,4.032712e+01,4.032712e+01,4.087056e+01,4.073826e+01,4.127974e+01,4.108194e+01,4.108194e+01,4.108194e+01,4.108194e+01,4.108194e+01,4.108194e+01,4.162180e+01,4.149036e+01,4.149036e+01,4.149036e+01,4.149036e+01,4.149036e+01,4.149036e+01,4.149036e+01,4.094987e+01,4.101593e+01,4.101593e+01,4.101593e+01,4.101593e+01,4.101593e+01,4.101593e+01,4.047318e+01,4.060579e+01,4.060579e+01,4.060579e+01,4.060579e+01,4.006107e+01,4.026067e+01,4.000779e+01,4.007439e+01,4.007439e+01,4.007439e+01,4.007439e+01,4.007439e+01,3.952709e+01,3.950032e+01,3.964746e+01,3.990114e+01,4.006107e+01,4.006107e+01,4.006107e+01,4.006107e+01,4.006107e+01,4.006107e+01,4.060579e+01,4.040681e+01,4.065880e+01,4.055276e+01,4.094987e+01,4.146405e+01,4.185801e+01,4.213297e+01,4.255069e+01,4.295393e+01,4.335576e+01,4.384644e+01,4.429655e+01,4.474494e+01,4.517888e+01,4.564930e+01,4.613049e+01,4.688631e+01,4.735003e+01,4.769976e+01,4.817276e+01,4.860680e+01,4.911326e+01,4.994862e+01,5.051050e+01,5.161454e+01,5.196431e+01,5.237314e+01,5.311523e+01,5.380548e+01,5.437388e+01,5.538594e+01,5.600567e+01,5.651790e+01,5.743251e+01,5.793913e+01,5.835218e+01,5.883242e+01,5.939049e+01,5.992357e+01,6.076981e+01,6.139818e+01,6.197904e+01,6.251300e+01,6.312224e+01,6.401453e+01,6.469360e+01,6.510816e+01,6.583605e+01,6.651702e+01,6.744126e+01,6.796514e+01,6.877386e+01,6.974671e+01,7.013610e+01,7.094308e+01,7.180790e+01,7.263661e+01,7.306980e+01,7.377871e+01,7.468809e+01,7.511530e+01,7.586503e+01,7.661102e+01,7.749335e+01,7.793259e+01,7.865855e+01,7.914391e+01,8.000190e+01,8.041439e+01,8.116779e+01,8.156747e+01,8.239282e+01,8.306928e+01,8.305964e+01,8.394437e+01,8.446137e+01,8.475742e+01,8.548090e+01,8.583193e+01,8.618221e+01,8.674862e+01,8.710632e+01,8.761328e+01,8.793168e+01,8.823077e+01,8.857593e+01,8.891106e+01,8.935684e+01,8.964410e+01,8.984767e+01,9.002327e+01,9.025404e+01,9.025404e+01,9.025404e+01,9.063182e+01,9.065023e+01,9.065023e+01,9.065023e+01,9.065023e+01,9.093526e+01,9.093526e+01,9.093526e+01,9.093526e+01,9.093526e+01,9.093526e+01,9.093526e+01,9.093526e+01,9.093526e+01,9.093526e+01,9.093526e+01,9.093526e+01,9.093526e+01,9.093526e+01,9.093526e+01,9.093526e+01,9.093526e+01,9.093526e+01,9.093526e+01,9.093526e+01,9.055817e+01,9.061341e+01,9.061341e+01,9.061341e+01,9.061341e+01,9.061341e+01,9.061341e+01,9.061341e+01,9.061341e+01,9.061341e+01,9.061341e+01,9.030016e+01,9.030016e+01,9.030016e+01,9.030016e+01,9.030016e+01,9.030016e+01,9.030016e+01,8.992163e+01,8.992163e+01,8.992163e+01,8.992163e+01,8.992163e+01,8.992163e+01,8.992163e+01,8.992163e+01,8.992163e+01,8.992163e+01,8.992163e+01,8.992163e+01,8.959781e+01,8.959781e+01,8.959781e+01,8.959781e+01,8.959781e+01,8.959781e+01,8.959781e+01,8.921767e+01,8.921767e+01,8.921767e+01,8.921767e+01,8.921767e+01,8.921767e+01,8.921767e+01,8.900403e+01,8.900403e+01,8.900403e+01,8.900403e+01,8.900403e+01,8.900403e+01,8.866909e+01,8.866909e+01,8.866909e+01,8.866909e+01,8.866909e+01,8.828680e+01,8.828680e+01,8.828680e+01,8.828680e+01,8.828680e+01,8.828680e+01,8.828680e+01,8.790361e+01,8.804391e+01,8.786618e+01,8.773510e+01,8.773510e+01,8.773510e+01,8.773510e+01,8.773510e+01,8.773510e+01,8.732244e+01,8.732244e+01,8.732244e+01,8.732244e+01,8.732244e+01,8.732244e+01,8.732244e+01,8.704990e+01,8.704990e+01,8.704990e+01,8.704990e+01,8.704990e+01,8.704990e+01,8.669206e+01,8.669206e+01,8.669206e+01,8.669206e+01,8.669206e+01,8.640901e+01,8.640901e+01,8.640901e+01,8.640901e+01,8.640901e+01,8.605923e+01,8.605923e+01,8.605923e+01,8.605923e+01,8.605923e+01,8.605923e+01,8.605923e+01,8.605923e+01,8.605923e+01,8.605923e+01,8.605923e+01,8.605923e+01,8.605923e+01,8.605923e+01,8.605923e+01,8.605923e+01,8.569920e+01,8.569920e+01,8.569920e+01,8.569920e+01,8.569920e+01,8.608762e+01,8.587931e+01,8.587931e+01,8.587931e+01,8.587931e+01,8.587931e+01,8.587931e+01,8.587931e+01,8.587931e+01,8.587931e+01,8.587931e+01,8.587931e+01,8.587931e+01,8.587931e+01,8.587931e+01,8.626730e+01,8.602137e+01,8.602137e+01,8.602137e+01,8.602137e+01,8.602137e+01,8.602137e+01,8.640901e+01,8.626730e+01,8.626730e+01,8.626730e+01,8.626730e+01,8.665435e+01,8.640901e+01,8.638068e+01,8.635234e+01,8.636179e+01,8.636179e+01,8.636179e+01,8.636179e+01,8.636179e+01,8.636179e+01,8.597403e+01,8.598350e+01,8.605923e+01,8.606869e+01,8.588879e+01,8.577506e+01,8.577506e+01,8.538589e+01,8.541439e+01,8.524327e+01,8.524327e+01,8.524327e+01,8.472879e+01,8.472879e+01,8.472879e+01,8.472879e+01,8.449960e+01,8.430836e+01,8.412646e+01,8.391560e+01,8.374285e+01,8.355070e+01,8.333906e+01,8.297282e+01,8.276041e+01,8.248964e+01,8.215053e+01,8.179123e+01,8.126537e+01,8.084536e+01,8.029665e+01,7.987399e+01,7.946992e+01,7.911423e+01,7.871807e+01,7.829104e+01,7.739335e+01,7.697260e+01,7.665124e+01,7.580437e+01,7.526757e+01,7.478991e+01,7.411655e+01,7.350172e+01,7.323449e+01,7.249193e+01,7.200515e+01,7.149591e+01,7.061874e+01,7.012560e+01,6.964129e+01,6.886933e+01,6.841264e+01,6.754833e+01,6.717322e+01,6.639836e+01,6.599850e+01,6.568427e+01,6.496648e+01,6.408040e+01,6.357462e+01,6.297848e+01,6.239082e+01,6.153245e+01,6.058973e+01,6.013846e+01,5.933365e+01,5.854677e+01,5.808844e+01,5.710908e+01,5.647142e+01,5.551480e+01,5.488091e+01,5.431479e+01,5.392411e+01,5.305554e+01,5.214484e+01,5.145742e+01,5.093630e+01,5.037637e+01,4.989964e+01,4.887882e+01,4.834657e+01,4.793649e+01,4.745005e+01,4.689887e+01,4.624417e+01,4.578879e+01,4.502591e+01,4.489828e+01,4.460420e+01,4.411671e+01,4.335576e+01,4.305776e+01,4.281101e+01,4.234202e+01,4.197593e+01,4.170059e+01,4.126657e+01,4.085734e+01,4.071178e+01,4.022078e+01,3.980775e+01,3.959398e+01,3.932619e+01,3.901744e+01,3.859996e+01,3.820798e+01,3.789612e+01,3.762422e+01,3.736530e+01,3.736530e+01,3.736530e+01,3.736530e+01,3.736530e+01,3.736530e+01,3.736530e+01,3.736530e+01,3.736530e+01,3.769226e+01,3.796399e+01,3.807250e+01,3.807250e+01,3.807250e+01,3.862694e+01,3.862694e+01,3.862694e+01,3.862694e+01,3.917863e+01,3.913836e+01,3.913836e+01,3.913836e+01,3.913836e+01,3.968755e+01,3.964746e+01,3.947355e+01,3.947355e+01,3.947355e+01,3.947355e+01,3.947355e+01,3.947355e+01,3.947355e+01,3.947355e+01,3.947355e+01,3.976770e+01,3.976770e+01,3.976770e+01,4.031383e+01,4.011433e+01,4.038025e+01,4.040681e+01,4.040681e+01,4.040681e+01,4.094987e+01,4.091023e+01,4.091023e+01,4.145090e+01,4.133244e+01,4.133244e+01,4.133244e+01,4.133244e+01,4.200212e+01,4.200212e+01,4.200212e+01,4.200212e+01,4.200212e+01,4.200212e+01,4.200212e+01,4.200212e+01,4.200212e+01,4.200212e+01,4.200212e+01,4.200212e+01,4.200212e+01,4.200212e+01,4.200212e+01,4.146405e+01,4.150351e+01,4.143774e+01,4.143774e+01,4.143774e+01,4.143774e+01,4.143774e+01,4.143774e+01,4.143774e+01,4.143774e+01,4.143774e+01,4.143774e+01,4.143774e+01,4.089701e+01,4.109513e+01,4.109513e+01,4.109513e+01,4.109513e+01,4.109513e+01,4.109513e+01,4.109513e+01,4.109513e+01,4.109513e+01,4.069854e+01,4.069854e+01,4.069854e+01,4.069854e+01,4.069854e+01,4.069854e+01,4.069854e+01,4.069854e+01,4.069854e+01,4.069854e+01,4.069854e+01,4.069854e+01,4.035369e+01,4.035369e+01,4.035369e+01,4.035369e+01,4.035369e+01,4.035369e+01,4.035369e+01,4.035369e+01,3.994115e+01,3.994115e+01,3.994115e+01,3.994115e+01,3.994115e+01,3.994115e+01,3.994115e+01,3.994115e+01,3.994115e+01,3.994115e+01,3.994115e+01,3.939320e+01,3.947355e+01,3.960735e+01,3.960735e+01,3.960735e+01,3.960735e+01,3.960735e+01,3.960735e+01,3.960735e+01,3.960735e+01,3.960735e+01,3.960735e+01,3.960735e+01,3.960735e+01,3.905777e+01,3.913836e+01,3.927256e+01,3.927256e+01,3.927256e+01,3.927256e+01,3.927256e+01,3.927256e+01,3.927256e+01,3.927256e+01,3.927256e+01,3.927256e+01,3.927256e+01,3.927256e+01,3.927256e+01,3.872132e+01,3.885602e+01,3.885602e+01,3.885602e+01,3.885602e+01,3.885602e+01,3.885602e+01,3.885602e+01,3.885602e+01,3.885602e+01,3.885602e+01,3.885602e+01,3.885602e+01,3.885602e+01,3.885602e+01,3.853247e+01,3.853247e+01,3.853247e+01,3.853247e+01,3.853247e+01,3.853247e+01
3.639232e+01,3.639232e+01,3.639232e+01,3.639232e+01,3.639232e+01,3.639232e+01,3.639232e+01,3.695523e+01,3.695523e+01,3.695523e+01,3.695523e+01,3.695523e+01,3.695523e+01,3.735165e+01,3.735165e+01,3.735165e+01,3.790970e+01,3.790970e+01,3.790970e+01,3.790970e+01,3.846495e+01,3.838387e+01,3.838387e+01,3.838387e+01,3.838387e+01,3.838387e+01,3.838387e+01,3.838387e+01,3.893676e+01,3.889640e+01,3.889640e+01,3.889640e+01,3.889640e+01,3.889640e+01,3.944677e+01,3.960735e+01,3.960735e+01,3.960735e+01,4.015426e+01,4.015426e+01,4.042009e+01,4.069854e+01,4.096309e+01,4.110833e+01,4.110833e+01,4.110833e+01,4.110833e+01,4.110833e+01,4.110833e+01,4.110833e+01,4.110833e+01,4.110833e+01,4.110833e+01,4.110833e+01,4.110833e+01,4.110833e+01,4.149036e+01,4.122703e+01,4.112152e+01,4.112152e+01,4.112152e+01,4.112152e+01,4.112152e+01,4.112152e+01,4.112152e+01,4.112152e+01,4.060579e+01,4.060579e+01,4.060579e+01,4.006107e+01,4.019417e+01,4.019417e+01,4.019417e+01,4.019417e+01,3.964746e+01,3.984778e+01,3.984778e+01,3.984778e+01,3.984778e+01,3.984778e+01,3.984778e+01,3.984778e+01,3.984778e+01,3.984778e+01,4.039353e+01,4.019417e+01,4.019417e+01,4.019417e+01,4.019417e+01,4.019417e+01,4.019417e+01,4.055276e+01,4.106874e+01,4.141142e+01,4.180556e+01,4.208064e+01,4.249856e+01,4.290198e+01,4.342044e+01,4.389796e+01,4.434788e+01,4.479607e+01,4.522983e+01,4.570004e+01,4.618103e+01,4.693653e+01,4.729998e+01,4.776210e+01,4.822245e+01,4.865630e+01,4.916256e+01,4.999758e+01,5.055924e+01,5.156621e+01,5.202452e+01,5.242115e+01,5.316295e+01,5.385294e+01,5.442113e+01,5.543281e+01,5.605232e+01,5.656437e+01,5.747865e+01,5.798509e+01,5.839799e+01,5.887806e+01,5.943594e+01,5.996884e+01,6.081479e+01,6.144295e+01,6.202362e+01,6.255740e+01,6.316644e+01,6.405845e+01,6.473730e+01,6.515173e+01,6.587939e+01,6.656015e+01,6.748410e+01,6.800783e+01,6.891174e+01,6.965184e+01,7.051395e+01,7.104755e+01,7.185983e+01,7.268825e+01,7.312129e+01,7.382995e+01,7.473901e+01,7.516607e+01,7.591555e+01,7.666129e+01,7.754333e+01,7.798243e+01,7.870815e+01,7.919335e+01,8.005106e+01,8.046342e+01,8.121659e+01,8.161614e+01,8.244124e+01,8.294388e+01,8.347377e+01,8.392519e+01,8.440401e+01,8.478604e+01,8.552837e+01,8.587931e+01,8.622948e+01,8.640901e+01,8.705930e+01,8.760391e+01,8.788490e+01,8.826813e+01,8.861320e+01,8.894826e+01,8.931974e+01,8.960707e+01,8.977367e+01,9.006945e+01,9.021714e+01,9.059500e+01,9.052134e+01,9.051213e+01,9.051213e+01,9.088933e+01,9.075143e+01,9.087095e+01,9.090771e+01,9.090771e+01,9.090771e+01,9.090771e+01,9.090771e+01,9.090771e+01,9.090771e+01,9.090771e+01,9.090771e+01,9.090771e+01,9.090771e+01,9.090771e+01,9.090771e+01,9.090771e+01,9.090771e+01,9.090771e+01,9.090771e+01,9.090771e+01,9.090771e+01,9.090771e+01,9.090771e+01,9.061341e+01,9.061341e+01,9.061341e+01,9.061341e+01,9.061341e+01,9.061341e+01,9.061341e+01,9.061341e+01,9.061341e+01,9.023560e+01,9.032783e+01,9.032783e+01,9.032783e+01,9.032783e+01,9.032783e+01,9.032783e+01,9.032783e+01,8.992163e+01,8.992163e+01,8.992163e+01,8.992163e+01,8.992163e+01,8.992163e+01,8.992163e+01,8.992163e+01,8.992163e+01,8.992163e+01,8.992163e+01,8.992163e+01,8.959781e+01,8.959781e+01,8.959781e+01,8.959781e+01,8.959781e+01,8.959781e+01,8.959781e+01,8.921767e+01,8.921767e+01,8.921767e+01,8.921767e+01,8.921767e+01,8.921767e+01,8.921767e+01,8.921767e+01,8.900403e+01,8.900403e+01,8.900403e+01,8.900403e+01,8.900403e+01,8.866909e+01,8.866909e+01,8.866909e+01,8.866909e+01,8.866909e+01,8.866909e+01,8.828680e+01,8.828680e+01,8.828680e+01,8.828680e+01,8.828680e+01,8.790361e+01,8.799715e+01,8.799715e+01,8.799715e+01,8.799715e+01,8.773510e+01,8.773510e+01,8.773510e+01,8.773510e+01,8.773510e+01,8.770699e+01,8.746323e+01,8.746323e+01,8.746323e+01,8.707811e+01,8.721912e+01,8.709692e+01,8.707811e+01,8.707811e+01,8.707811e+01,8.707811e+01,8.707811e+01,8.669206e+01,8.678631e+01,8.678631e+01,8.678631e+01,8.678631e+01,8.639957e+01,8.681457e+01,8.656947e+01,8.656947e+01,8.656947e+01,8.618221e+01,8.618221e+01,8.618221e+01,8.618221e+01,8.618221e+01,8.618221e+01,8.618221e+01,8.618221e+01,8.618221e+01,8.618221e+01,8.618221e+01,8.618221e+01,8.579402e+01,8.593615e+01,8.593615e+01,8.593615e+01,8.593615e+01,8.593615e+01,8.593615e+01,8.593615e+01,8.593615e+01,8.593615e+01,8.593615e+01,8.593615e+01,8.593615e+01,8.593615e+01,8.593615e+01,8.593615e+01,8.593615e+01,8.593615e+01,8.593615e+01,8.593615e+01,8.593615e+01,8.593615e+01,8.632400e+01,8.607816e+01,8.604976e+01,8.604030e+01,8.605923e+01,8.605923e+01,8.605923e+01,8.644678e+01,8.620113e+01,8.639012e+01,8.631455e+01,8.631455e+01,8.631455e+01,8.631455e+01,8.631455e+01,8.665435e+01,8.644678e+01,8.644678e+01,8.644678e+01,8.644678e+01,8.644678e+01,8.644678e+01,8.644678e+01,8.644678e+01,8.644678e+01,8.636179e+01,8.611600e+01,8.611600e+01,8.611600e+01,8.611600e+01,8.577506e+01,8.558533e+01,8.550938e+01,8.550938e+01,8.550938e+01,8.524327e+01,8.505292e+01,8.485280e+01,8.485280e+01,8.485280e+01,8.485280e+01,8.449960e+01,8.449960e+01,8.412646e+01,8.395396e+01,8.395396e+01,8.355070e+01,8.325240e+01,8.301141e+01,8.279905e+01,8.244124e+01,8.211172e+01,8.175234e+01,8.162588e+01,8.090403e+01,8.032610e+01,7.987399e+01,7.944031e+01,7.908456e+01,7.868832e+01,7.785283e+01,7.729327e+01,7.701272e+01,7.660096e+01,7.576393e+01,7.522698e+01,7.474919e+01,7.407564e+01,7.354279e+01,7.318304e+01,7.245056e+01,7.196365e+01,7.145426e+01,7.057684e+01,7.008354e+01,6.959910e+01,6.882691e+01,6.837009e+01,6.794380e+01,6.723759e+01,6.641994e+01,6.606342e+01,6.565173e+01,6.492286e+01,6.403649e+01,6.353056e+01,6.293422e+01,6.234636e+01,6.148771e+01,6.054467e+01,6.009325e+01,5.928816e+01,5.850101e+01,5.804251e+01,5.706281e+01,5.642492e+01,5.594733e+01,5.495150e+01,5.435025e+01,5.343702e+01,5.293609e+01,5.209673e+01,5.140903e+01,5.088771e+01,4.982613e+01,4.919952e+01,4.924878e+01,4.848294e+01,4.801115e+01,4.746255e+01,4.684864e+01,4.618103e+01,4.572541e+01,4.519162e+01,4.489828e+01,4.448893e+01,4.405242e+01,4.340751e+01,4.316150e+01,4.265489e+01,4.239423e+01,4.202830e+01,4.163493e+01,4.131926e+01,4.096309e+01,4.055276e+01,4.027396e+01,3.991448e+01,3.991448e+01,3.932619e+01,3.901744e+01,3.859996e+01,3.820798e+01,3.795042e+01,3.762422e+01,3.762422e+01,3.762422e+01,3.706473e+01,3.726975e+01,3.726975e+01,3.726975e+01,3.782821e+01,3.747440e+01,3.765144e+01,3.763783e+01,3.763783e+01,3.807250e+01,3.807250e+01,3.807250e+01,3.862694e+01,3.862694e+01,3.862694e+01,3.862694e+01,3.862694e+01,3.913836e+01,3.913836e+01,3.913836e+01,3.913836e+01,3.913836e+01,3.964746e+01,3.964746e+01,3.964746e+01,3.964746e+01,3.964746e+01,3.964746e+01,3.964746e+01,3.964746e+01,3.964746e+01,3.964746e+01,3.964746e+01,3.964746e+01,4.019417e+01,4.014095e+01,4.014095e+01,4.014095e+01,4.068529e+01,4.048645e+01,4.075150e+01,4.077797e+01,4.077797e+01,4.077797e+01,4.145090e+01,4.145090e+01,4.145090e+01,4.145090e+01,4.145090e+01,4.146405e+01,4.180556e+01,4.180556e+01,4.180556e+01,4.180556e+01,4.180556e+01,4.180556e+01,4.180556e+01,4.180556e+01,4.180556e+01,4.234202e+01,4.160866e+01,4.181867e+01,4.181867e+01,4.181867e+01,4.181867e+01,4.181867e+01,4.143774e+01,4.143774e+01,4.143774e+01,4.143774e+01,4.143774e+01,4.143774e+01,4.143774e+01,4.143774e+01,4.143774e+01,4.143774e+01,4.143774e+01,4.089701e+01,4.089701e+01,4.089701e+01,4.089701e+01,4.089701e+01,4.089701e+01,4.089701e+01,4.089701e+01,4.089701e+01,4.089701e+01,4.089701e+01,4.089701e+01,4.089701e+01,4.089701e+01,4.089701e+01,4.089701e+01,4.089701e+01,4.089701e+01,4.089701e+01,4.035369e+01,4.056602e+01,4.039353e+01,4.040681e+01,4.040681e+01,4.040681e+01,4.040681e+01,4.040681e+01,4.040681e+01,4.040681e+01,4.040681e+01,3.994115e+01,3.994115e+01,3.994115e+01,3.994115e+01,3.994115e+01,3.994115e+01,3.994115e+01,3.994115e+01,3.994115e+01,3.994115e+01,3.994115e+01,3.939320e+01,3.994115e+01,3.959398e+01,3.959398e+01,3.959398e+01,3.959398e+01,3.959398e+01,3.959398e+01,3.959398e+01,3.959398e+01,3.959398e+01,3.959398e+01,3.959398e+01,3.959398e+01,3.959398e+01,3.959398e+01,3.959398e+01,3.927256e+01,3.927256e+01,3.927256e+01,3.927256e+01,3.927256e+01,3.927256e+01,3.927256e+01,3.927256e+01,3.927256e+01,3.927256e+01,3.927256e+01,3.927256e+01,3.927256e+01,3.885602e+01,3.885602e+01,3.885602e+01,3.885602e+01,3.885602e+01,3.885602e+01,3.885602e+01,3.885602e+01,3.885602e+01,3.885602e+01,3.885602e+01,3.885602e+01,3.885602e+01,3.885602e+01,3.885602e+01,3.853247e+01,3.853247e+01,3.853247e+01,3.853247e+01,3.853247e+01
3.639232e+01,3.639232e+01,3.639232e+01,3.639232e+01,3.639232e+01,3.639232e+01,3.639232e+01,3.695523e+01,3.695523e+01,3.695523e+01,3.695523e+01,3.695523e+01,3.751528e+01,3.737894e+01,3.737894e+01,3.737894e+01,3.790970e+01,3.790970e+01,3.790970e+01,3.790970e+01,3.790970e+01,3.790970e+01,3.838387e+01,3.838387e+01,3.838387e+01,3.838387e+01,3.838387e+01,3.838387e+01,3.838387e+01,3.838387e+01,3.889640e+01,3.889640e+01,3.889640e+01,3.889640e+01,3.944677e+01,3.944677e+01,3.999446e+01,3.995448e+01,3.998114e+01,3.998114e+01,4.042009e+01,4.064555e+01,4.064555e+01,4.110833e+01,4.110833e+01,4.110833e+01,4.110833e+01,4.110833e+01,4.110833e+01,4.110833e+01,4.110833e+01,4.110833e+01,4.110833e+01,4.110833e+01,4.110833e+01,4.110833e+01,4.110833e+01,4.110833e+01,4.110833e+01,4.110833e+01,4.110833e+01,4.110833e+01,4.110833e+01,4.110833e+01,4.056602e+01,4.067204e+01,4.073826e+01,4.073826e+01,4.019417e+01,4.023407e+01,4.023407e+01,4.023407e+01,4.023407e+01,3.968755e+01,3.978105e+01,3.978105e+01,3.978105e+01,3.978105e+01,3.978105e+01,3.978105e+01,3.978105e+01,3.978105e+01,4.032712e+01,4.022078e+01,4.022078e+01,4.022078e+01,4.022078e+01,4.022078e+01,4.022078e+01,4.022078e+01,4.022078e+01,4.055276e+01,4.101593e+01,4.135877e+01,4.175309e+01,4.202830e+01,4.244640e+01,4.296691e+01,4.348509e+01,4.396235e+01,4.441201e+01,4.485996e+01,4.529348e+01,4.576344e+01,4.624417e+01,4.688631e+01,4.736254e+01,4.782441e+01,4.828452e+01,4.871815e+01,4.972805e+01,5.011990e+01,5.063231e+01,5.163869e+01,5.209673e+01,5.249313e+01,5.323450e+01,5.392411e+01,5.449198e+01,5.550310e+01,5.612226e+01,5.663403e+01,5.754782e+01,5.805400e+01,5.846668e+01,5.894650e+01,5.950409e+01,6.003671e+01,6.088224e+01,6.151008e+01,6.209045e+01,6.262397e+01,6.323272e+01,6.412429e+01,6.480282e+01,6.566257e+01,6.598767e+01,6.663558e+01,6.755904e+01,6.808248e+01,6.898592e+01,6.972564e+01,7.058731e+01,7.112063e+01,7.193251e+01,7.276051e+01,7.319334e+01,7.390165e+01,7.481027e+01,7.523713e+01,7.598625e+01,7.673164e+01,7.761327e+01,7.805217e+01,7.877756e+01,7.926254e+01,8.011987e+01,8.053205e+01,8.128488e+01,8.168426e+01,8.250900e+01,8.301141e+01,8.354108e+01,8.399231e+01,8.486234e+01,8.495765e+01,8.521473e+01,8.586036e+01,8.647511e+01,8.683340e+01,8.715333e+01,8.756641e+01,8.831480e+01,8.840811e+01,8.867841e+01,8.901333e+01,8.928263e+01,8.953297e+01,8.981992e+01,9.003251e+01,9.036470e+01,9.048450e+01,9.048450e+01,9.048450e+01,9.048450e+01,9.088933e+01,9.088933e+01,9.088933e+01,9.088933e+01,9.088933e+01,9.088933e+01,9.088933e+01,9.088933e+01,9.088933e+01,9.088933e+01,9.088933e+01,9.088933e+01,9.088933e+01,9.088933e+01,9.088933e+01,9.088933e+01,9.088933e+01,9.088933e+01,9.088933e+01,9.088933e+01,9.088933e+01,9.088933e+01,9.088933e+01,9.088933e+01,9.088933e+01,9.061341e+01,9.061341e+01,9.061341e+01,9.061341e+01,9.061341e+01,9.061341e+01,9.061341e+01,9.061341e+01,9.061341e+01,9.032783e+01,9.032783e+01,9.032783e+01,8.994936e+01,9.018946e+01,9.018946e+01,9.018946e+01,9.018946e+01,8.992163e+01,8.992163e+01,8.992163e+01,8.992163e+01,8.992163e+01,8.992163e+01,8.992163e+01,8.992163e+01,8.992163e+01,8.992163e+01,8.992163e+01,8.959781e+01,8.959781e+01,8.959781e+01,8.959781e+01,8.959781e+01,8.959781e+01,8.959781e+01,8.959781e+01,8.959781e+01,8.921767e+01,8.921767e+01,8.921767e+01,8.921767e+01,8.921767e+01,8.921767e+01,8.900403e+01,8.900403e+01,8.900403e+01,8.900403e+01,8.862252e+01,8.871565e+01,8.871565e+01,8.871565e+01,8.871565e+01,8.833347e+01,8.840811e+01,8.840811e+01,8.840811e+01,8.802521e+01,8.817474e+01,8.798780e+01,8.802521e+01,8.802521e+01,8.802521e+01,8.802521e+01,8.764140e+01,8.773510e+01,8.773510e+01,8.773510e+01,8.773510e+01,8.773510e+01,8.735061e+01,8.744447e+01,8.744447e+01,8.744447e+01,8.707811e+01,8.707811e+01,8.707811e+01,8.707811e+01,8.707811e+01,8.707811e+01,8.707811e+01,8.707811e+01,8.707811e+01,8.678631e+01,8.678631e+01,8.678631e+01,8.678631e+01,8.678631e+01,8.678631e+01,8.678631e+01,8.656947e+01,8.638068e+01,8.629565e+01,8.629565e+01,8.629565e+01,8.629565e+01,8.629565e+01,8.629565e+01,8.629565e+01,8.629565e+01,8.629565e+01,8.629565e+01,8.629565e+01,8.590773e+01,8.591721e+01,8.591721e+01,8.591721e+01,8.591721e+01,8.591721e+01,8.591721e+01,8.591721e+01,8.591721e+01,8.591721e+01,8.591721e+01,8.591721e+01,8.591721e+01,8.591721e+01,8.591721e+01,8.591721e+01,8.591721e+01,8.591721e+01,8.591721e+01,8.591721e+01,8.591721e+01,8.591721e+01,8.591721e+01,8.632400e+01,8.611600e+01,8.611600e+01,8.611600e+01,8.611600e+01,8.611600e+01,8.611600e+01,8.611600e+01,8.650342e+01,8.635234e+01,8.635234e+01,8.635234e+01,8.635234e+01,8.635234e+01,8.635234e+01,8.665435e+01,8.648454e+01,8.648454e+01,8.648454e+01,8.648454e+01,8.648454e+01,8.648454e+01,8.648454e+01,8.648454e+01,8.648454e+01,8.648454e+01,8.611600e+01,8.611600e+01,8.611600e+01,8.611600e+01,8.577506e+01,8.577506e+01,8.577506e+01,8.550938e+01,8.538589e+01,8.528131e+01,8.535737e+01,8.514812e+01,8.499577e+01,8.499577e+01,8.460469e+01,8.423180e+01,8.425095e+01,8.424137e+01,8.395396e+01,8.376205e+01,8.358915e+01,8.329092e+01,8.305000e+01,8.274108e+01,8.277007e+01,8.214082e+01,8.189813e+01,8.157721e+01,8.083558e+01,8.025739e+01,7.980508e+01,7.937120e+01,7.901529e+01,7.861887e+01,7.778300e+01,7.733331e+01,7.695253e+01,7.653055e+01,7.569312e+01,7.515591e+01,7.467789e+01,7.442300e+01,7.357358e+01,7.315217e+01,7.238849e+01,7.190137e+01,7.139176e+01,7.051395e+01,7.002045e+01,6.953579e+01,6.919766e+01,6.841264e+01,6.793313e+01,6.718394e+01,6.636598e+01,6.600932e+01,6.559747e+01,6.486831e+01,6.443114e+01,6.358564e+01,6.294529e+01,6.185637e+01,6.137579e+01,6.048833e+01,6.003671e+01,5.923128e+01,5.844379e+01,5.798509e+01,5.700495e+01,5.636677e+01,5.588897e+01,5.537421e+01,5.440932e+01,5.344893e+01,5.290023e+01,5.254110e+01,5.148160e+01,5.092415e+01,5.032756e+01,4.962989e+01,4.912558e+01,4.845816e+01,4.798627e+01,4.743756e+01,4.682351e+01,4.615576e+01,4.570004e+01,4.524256e+01,4.494934e+01,4.441201e+01,4.402669e+01,4.356261e+01,4.305776e+01,4.281101e+01,4.238118e+01,4.202830e+01,4.163493e+01,4.131926e+01,4.096309e+01,4.055276e+01,4.027396e+01,3.996781e+01,3.970091e+01,3.937980e+01,3.907120e+01,3.865392e+01,3.831625e+01,3.788254e+01,3.767866e+01,3.767866e+01,3.767866e+01,3.706473e+01,3.762422e+01,3.740622e+01,3.711944e+01,3.735165e+01,3.748802e+01,3.748802e+01,3.804538e+01,3.804538e+01,3.801826e+01,3.801826e+01,3.801826e+01,3.862694e+01,3.862694e+01,3.862694e+01,3.862694e+01,3.862694e+01,3.913836e+01,3.913836e+01,3.913836e+01,3.968755e+01,3.958060e+01,3.951371e+01,3.951371e+01,3.951371e+01,3.951371e+01,3.951371e+01,3.951371e+01,3.951371e+01,3.951371e+01,3.951371e+01,4.006107e+01,3.984778e+01,4.010102e+01,4.006107e+01,4.006107e+01,4.006107e+01,4.006107e+01,4.068529e+01,4.068529e+01,4.068529e+01,4.122703e+01,4.088379e+01,4.113472e+01,4.129292e+01,4.129292e+01,4.129292e+01,4.129292e+01,4.129292e+01,4.183178e+01,4.177932e+01,4.177932e+01,4.177932e+01,4.177932e+01,4.177932e+01,4.177932e+01,4.231591e+01,4.197593e+01,4.222448e+01,4.214605e+01,4.176620e+01,4.176620e+01,4.176620e+01,4.176620e+01,4.176620e+01,4.176620e+01,4.176620e+01,4.176620e+01,4.176620e+01,4.143774e+01,4.143774e+01,4.143774e+01,4.143774e+01,4.143774e+01,4.143774e+01,4.143774e+01,4.089701e+01,4.102913e+01,4.102913e+01,4.102913e+01,4.102913e+01,4.102913e+01,4.102913e+01,4.102913e+01,4.102913e+01,4.102913e+01,4.048645e+01,4.069854e+01,4.069854e+01,4.069854e+01,4.069854e+01,4.069854e+01,4.069854e+01,4.069854e+01,4.069854e+01,4.069854e+01,4.069854e+01,4.069854e+01,4.069854e+01,4.069854e+01,4.069854e+01,4.040681e+01,4.040681e+01,4.040681e+01,4.040681e+01,4.040681e+01,4.040681e+01,4.040681e+01,3.994115e+01,3.994115e+01,3.994115e+01,3.994115e+01,3.994115e+01,3.994115e+01,3.994115e+01,3.994115e+01,3.994115e+01,3.994115e+01,3.994115e+01,3.994115e+01,3.994115e+01,3.994115e+01,3.994115e+01,3.994115e+01,3.959398e+01,3.959398e+01,3.959398e+01,3.959398e+01,3.959398e+01,3.959398e+01,3.959398e+01,3.959398e+01,3.959398e+01,3.959398e+01,3.959398e+01,3.959398e+01,3.927256e+01,3.927256e+01,3.927256e+01,3.927256e+01,3.927256e+01,3.927256e+01,3.927256e+01,3.927256e+01,3.927256e+01,3.927256e+01,3.927256e+01,3.927256e+01,3.927256e+01,3.885602e+01,3.885602e+01,3.885602e+01,3.885602e+01,3.885602e+01,3.885602e+01,3.885602e+01,3.885602e+01,3.885602e+01,3.885602e+01,3.885602e+01,3.885602e+01,3.885602e+01,3.885602e+01,3.853247e+01,3.853247e+01,3.853247e+01,3.853247e+01,3.853247e+01
3.639232e+01,3.639232e+01,3.639232e+01,3.639232e+01,3.639232e+01,3.639232e+01,3.639232e+01,3.695523e+01,3.695523e+01,3.695523e+01,3.695523e+01,3.695523e+01,3.695523e+01,3.737894e+01,3.737894e+01,3.737894e+01,3.737894e+01,3.790970e+01,3.790970e+01,3.790970e+01,3.846495e+01,3.835683e+01,3.824860e+01,3.824860e+01,3.824860e+01,3.824860e+01,3.880216e+01,3.858646e+01,3.858646e+01,3.858646e+01,3.858646e+01,3.889640e+01,3.889640e+01,3.889640e+01,3.944677e+01,3.970091e+01,3.983444e+01,3.983444e+01,3.983444e+01,3.983444e+01,4.042009e+01,4.042009e+01,4.042009e+01,4.110833e+01,4.110833e+01,4.110833e+01,4.110833e+01,4.110833e+01,4.110833e+01,4.110833e+01,4.110833e+01,4.110833e+01,4.110833e+01,4.110833e+01,4.110833e+01,4.110833e+01,4.110833e+01,4.110833e+01,4.110833e+01,4.110833e+01,4.110833e+01,4.110833e+01,4.110833e+01,4.110833e+01,4.056602e+01,4.056602e+01,4.056602e+01,4.056602e+01,4.056602e+01,4.056602e+01,4.023407e+01,4.023407e+01,4.023407e+01,3.968755e+01,4.023407e+01,3.988781e+01,3.988781e+01,3.988781e+01,3.988781e+01,3.988781e+01,3.988781e+01,3.988781e+01,3.988781e+01,4.022078e+01,4.022078e+01,4.022078e+01,4.022078e+01,4.022078e+01,4.022078e+01,4.022078e+01,4.076473e+01,4.093666e+01,4.102913e+01,4.135877e+01,4.175309e+01,4.202830e+01,4.257675e+01,4.299288e+01,4.351093e+01,4.398809e+01,4.443766e+01,4.488551e+01,4.531893e+01,4.578879e+01,4.626942e+01,4.691143e+01,4.738755e+01,4.784933e+01,4.830934e+01,4.874289e+01,4.967898e+01,5.019323e+01,5.065665e+01,5.116683e+01,5.200044e+01,5.240915e+01,5.316295e+01,5.386481e+01,5.444475e+01,5.546796e+01,5.609895e+01,5.662242e+01,5.707438e+01,5.793913e+01,5.835218e+01,5.929954e+01,5.958355e+01,6.004802e+01,6.089347e+01,6.152127e+01,6.210159e+01,6.263506e+01,6.324376e+01,6.413526e+01,6.481374e+01,6.561917e+01,6.605260e+01,6.664635e+01,6.756974e+01,6.852961e+01,6.909184e+01,6.974671e+01,7.060826e+01,7.114151e+01,7.195326e+01,7.278115e+01,7.321391e+01,7.392213e+01,7.483063e+01,7.525742e+01,7.600645e+01,7.675174e+01,7.763326e+01,7.807209e+01,7.879739e+01,7.928230e+01,8.013952e+01,8.055165e+01,8.130438e+01,8.170371e+01,8.252835e+01,8.303071e+01,8.356031e+01,8.401148e+01,8.474788e+01,8.496718e+01,8.569920e+01,8.595509e+01,8.649398e+01,8.685224e+01,8.717213e+01,8.758516e+01,8.820276e+01,8.879942e+01,8.892036e+01,8.902262e+01,8.928263e+01,8.953297e+01,8.981992e+01,9.013409e+01,9.025404e+01,9.048450e+01,9.048450e+01,9.048450e+01,9.048450e+01,9.088933e+01,9.088933e+01,9.088933e+01,9.088933e+01,9.088933e+01,9.088933e+01,9.088933e+01,9.088933e+01,9.088933e+01,9.088933e+01,9.088933e+01,9.088933e+01,9.088933e+01,9.088933e+01,9.088933e+01,9.088933e+01,9.088933e+01,9.088933e+01,9.088933e+01,9.088933e+01,9.088933e+01,9.088933e+01,9.088933e+01,9.088933e+01,9.088933e+01,9.088933e+01,9.088933e+01,9.061341e+01,9.061341e+01,9.061341e+01,9.061341e+01,9.061341e+01,9.061341e+01,9.023560e+01,9.032783e+01,9.032783e+01,9.032783e+01,9.032783e+01,9.032783e+01,9.032783e+01,9.032783e+01,8.994936e+01,8.995860e+01,8.995860e+01,8.995860e+01,8.995860e+01,8.995860e+01,8.995860e+01,8.995860e+01,8.995860e+01,8.995860e+01,8.957928e+01,8.965337e+01,8.970890e+01,8.970890e+01,8.970890e+01,8.970890e+01,8.970890e+01,8.970890e+01,8.932902e+01,8.947737e+01,8.930119e+01,8.932902e+01,8.932902e+01,8.932902e+01,8.932902e+01,8.894826e+01,8.894826e+01,8.898544e+01,8.898544e+01,8.898544e+01,8.898544e+01,8.862252e+01,8.862252e+01,8.862252e+01,8.862252e+01,8.862252e+01,8.862252e+01,8.862252e+01,8.840811e+01,8.823077e+01,8.813737e+01,8.813737e+01,8.813737e+01,8.813737e+01,8.813737e+01,8.813737e+01,8.775383e+01,8.775383e+01,8.775383e+01,8.775383e+01,8.775383e+01,8.775383e+01,8.775383e+01,8.775383e+01,8.744447e+01,8.744447e+01,8.744447e+01,8.744447e+01,8.744447e+01,8.707811e+01,8.707811e+01,8.707811e+01,8.707811e+01,8.707811e+01,8.707811e+01,8.707811e+01,8.707811e+01,8.678631e+01,8.678631e+01,8.678631e+01,8.678631e+01,8.678631e+01,8.639957e+01,8.649398e+01,8.649398e+01,8.649398e+01,8.649398e+01,8.649398e+01,8.649398e+01,8.649398e+01,8.649398e+01,8.629565e+01,8.629565e+01,8.629565e+01,8.629565e+01,8.629565e+01,8.629565e+01,8.629565e+01,8.629565e+01,8.629565e+01,8.591721e+01,8.591721e+01,8.591721e+01,8.591721e+01,8.591721e+01,8.591721e+01,8.591721e+01,8.591721e+01,8.591721e+01,8.591721e+01,8.591721e+01,8.591721e+01,8.630510e+01,8.605923e+01,8.605923e+01,8.605923e+01,8.605923e+01,8.605923e+01,8.605923e+01,8.632400e+01,8.615384e+01,8.615384e+01,8.615384e+01,8.654117e+01,8.629565e+01,8.629565e+01,8.629565e+01,8.629565e+01,8.629565e+01,8.629565e+01,8.629565e+01,8.668264e+01,8.643734e+01,8.656947e+01,8.661663e+01,8.661663e+01,8.661663e+01,8.661663e+01,8.661663e+01,8.661663e+01,8.661663e+01,8.661663e+01,8.661663e+01,8.622948e+01,8.624839e+01,8.622948e+01,8.584141e+01,8.599297e+01,8.620113e+01,8.597403e+01,8.582246e+01,8.568971e+01,8.554736e+01,8.554736e+01,8.528131e+01,8.522424e+01,8.518619e+01,8.479558e+01,8.481465e+01,8.458559e+01,8.434663e+01,8.434663e+01,8.434663e+01,8.395396e+01,8.356031e+01,8.356031e+01,8.329092e+01,8.305000e+01,8.277973e+01,8.259607e+01,8.217962e+01,8.183012e+01,8.155773e+01,8.081601e+01,8.063982e+01,7.988383e+01,7.943044e+01,7.905488e+01,7.863871e+01,7.778300e+01,7.731329e+01,7.693246e+01,7.651042e+01,7.567289e+01,7.555141e+01,7.490184e+01,7.401425e+01,7.347091e+01,7.314188e+01,7.237814e+01,7.189098e+01,7.138135e+01,7.050347e+01,7.000993e+01,6.957800e+01,6.912359e+01,6.840201e+01,6.792245e+01,6.717322e+01,6.679709e+01,6.610668e+01,6.524969e+01,6.479190e+01,6.442019e+01,6.357462e+01,6.280134e+01,6.195675e+01,6.146533e+01,6.056720e+01,6.010455e+01,5.928816e+01,5.848957e+01,5.801955e+01,5.702810e+01,5.637840e+01,5.588897e+01,5.488091e+01,5.477496e+01,5.359167e+01,5.309135e+01,5.210876e+01,5.185587e+01,5.106982e+01,5.044955e+01,4.922415e+01,4.901460e+01,4.842097e+01,4.794894e+01,4.740005e+01,4.678581e+01,4.611785e+01,4.566199e+01,4.581414e+01,4.512791e+01,4.464260e+01,4.410386e+01,4.360136e+01,4.325219e+01,4.275899e+01,4.243336e+01,4.208064e+01,4.168746e+01,4.137194e+01,4.101593e+01,4.060579e+01,4.032712e+01,4.007439e+01,3.962072e+01,3.937980e+01,3.907120e+01,3.865392e+01,3.831625e+01,3.793685e+01,3.793685e+01,3.793685e+01,3.737894e+01,3.726975e+01,3.746076e+01,3.721512e+01,3.773306e+01,3.737894e+01,3.737894e+01,3.737894e+01,3.804538e+01,3.804538e+01,3.804538e+01,3.804538e+01,3.804538e+01,3.862694e+01,3.862694e+01,3.862694e+01,3.917863e+01,3.907120e+01,3.900400e+01,3.900400e+01,3.900400e+01,3.968755e+01,3.968755e+01,3.968755e+01,3.968755e+01,3.968755e+01,3.968755e+01,3.968755e+01,3.968755e+01,3.968755e+01,3.968755e+01,3.968755e+01,3.968755e+01,3.968755e+01,4.010102e+01,4.010102e+01,4.010102e+01,4.010102e+01,4.010102e+01,4.068529e+01,4.068529e+01,4.068529e+01,4.068529e+01,4.122703e+01,4.101593e+01,4.101593e+01,4.129292e+01,4.129292e+01,4.129292e+01,4.129292e+01,4.183178e+01,4.183178e+01,4.183178e+01,4.183178e+01,4.183178e+01,4.183178e+01,4.183178e+01,4.183178e+01,4.183178e+01,4.183178e+01,4.183178e+01,4.183178e+01,4.183178e+01,4.183178e+01,4.183178e+01,4.183178e+01,4.183178e+01,4.183178e+01,4.129292e+01,4.137194e+01,4.142458e+01,4.142458e+01,4.142458e+01,4.142458e+01,4.142458e+01,4.142458e+01,4.142458e+01,4.089701e+01,4.089701e+01,4.089701e+01,4.089701e+01,4.089701e+01,4.089701e+01,4.089701e+01,4.089701e+01,4.089701e+01,4.089701e+01,4.089701e+01,4.089701e+01,4.089701e+01,4.089701e+01,4.089701e+01,4.089701e+01,4.089701e+01,4.089701e+01,4.089701e+01,4.035369e+01,4.056602e+01,4.056602e+01,4.056602e+01,4.056602e+01,4.056602e+01,4.056602e+01,4.002111e+01,4.023407e+01,4.023407e+01,4.023407e+01,4.023407e+01,4.023407e+01,4.023407e+01,4.023407e+01,4.023407e+01,3.994115e+01,3.994115e+01,3.994115e+01,3.994115e+01,3.994115e+01,3.994115e+01,3.994115e+01,3.994115e+01,3.994115e+01,3.994115e+01,3.994115e+01,3.994115e+01,3.994115e+01,3.959398e+01,3.959398e+01,3.959398e+01,3.959398e+01,3.959398e+01,3.959398e+01,3.959398e+01,3.959398e+01,3.959398e+01,3.959398e+01,3.959398e+01,3.959398e+01,3.959398e+01,3.927256e+01,3.927256e+01,3.927256e+01,3.927256e+01,3.927256e+01,3.927256e+01,3.927256e+01,3.927256e+01,3.927256e+01,3.927256e+01,3.927256e+01,3.927256e+01,3.927256e+01,3.927256e+01,3.885602e+01,3.885602e+01,3.885602e+01,3.885602e+01,3.885602e+01,3.885602e+01,3.885602e+01,3.885602e+01,3.885602e+01,3.885602e+01,3.885602e+01,3.885602e+01,3.885602e+01,3.853247e+01,3.853247e+01,3.853247e+01,3.853247e+01
3.639232e+01,3.639232e+01,3.639232e+01,3.639232e+01,3.639232e+01,3.639232e+01,3.639232e+01,3.639232e+01,3.695523e+01,3.695523e+01,3.695523e+01,3.695523e+01,3.751528e+01,3.737894e+01,3.737894e+01,3.737894e+01,3.737894e+01,3.790970e+01,3.790970e+01,3.790970e+01,3.790970e+01,3.790970e+01,3.824860e+01,3.824860e+01,3.824860e+01,3.824860e+01,3.880216e+01,3.880216e+01,3.880216e+01,3.880216e+01,3.880216e+01,3.880216e+01,3.880216e+01,3.935300e+01,3.931279e+01,3.931279e+01,3.983444e+01,3.983444e+01,3.983444e+01,3.983444e+01,4.042009e+01,4.042009e+01,4.096309e+01,4.097630e+01,4.097630e+01,4.097630e+01,4.097630e+01,4.151666e+01,4.130609e+01,4.130609e+01,4.130609e+01,4.130609e+01,4.130609e+01,4.130609e+01,4.130609e+01,4.130609e+01,4.130609e+01,4.130609e+01,4.130609e+01,4.130609e+01,4.076473e+01,4.097630e+01,4.097630e+01,4.097630e+01,4.097630e+01,4.097630e+01,4.097630e+01,4.056602e+01,4.056602e+01,4.056602e+01,4.023407e+01,4.023407e+01,4.023407e+01,4.023407e+01,3.968755e+01,3.982109e+01,3.982109e+01,3.982109e+01,3.982109e+01,3.982109e+01,3.982109e+01,3.982109e+01,4.036697e+01,4.023407e+01,4.023407e+01,4.023407e+01,4.023407e+01,4.023407e+01,4.023407e+01,4.023407e+01,4.076473e+01,4.076473e+01,4.130609e+01,4.142458e+01,4.175309e+01,4.218526e+01,4.252463e+01,4.309667e+01,4.354969e+01,4.402669e+01,4.447611e+01,4.492382e+01,4.535710e+01,4.582681e+01,4.630728e+01,4.694908e+01,4.742506e+01,4.788669e+01,4.834657e+01,4.877997e+01,4.971579e+01,5.022988e+01,5.069316e+01,5.120319e+01,5.203656e+01,5.293609e+01,5.327027e+01,5.391225e+01,5.449198e+01,5.551480e+01,5.614557e+01,5.666885e+01,5.712065e+01,5.798509e+01,5.839799e+01,5.925404e+01,5.967431e+01,6.009325e+01,6.093842e+01,6.156599e+01,6.214613e+01,6.267942e+01,6.328792e+01,6.417914e+01,6.485740e+01,6.566257e+01,6.609586e+01,6.713028e+01,6.766602e+01,6.858275e+01,6.914476e+01,6.979940e+01,7.066063e+01,7.119368e+01,7.200515e+01,7.283274e+01,7.326535e+01,7.397332e+01,7.488150e+01,7.572347e+01,7.609729e+01,7.681200e+01,7.769317e+01,7.813184e+01,7.885684e+01,7.934158e+01,8.019846e+01,8.061044e+01,8.136288e+01,8.176206e+01,8.258640e+01,8.308857e+01,8.361798e+01,8.406898e+01,8.470971e+01,8.504339e+01,8.566125e+01,8.603083e+01,8.655060e+01,8.690874e+01,8.722851e+01,8.764140e+01,8.825879e+01,8.868771e+01,8.892036e+01,8.915268e+01,8.966262e+01,8.971815e+01,8.993087e+01,9.002327e+01,9.027249e+01,9.044765e+01,9.044765e+01,9.044765e+01,9.044765e+01,9.088933e+01,9.088933e+01,9.088933e+01,9.088933e+01,9.088933e+01,9.088933e+01,9.088933e+01,9.088933e+01,9.088933e+01,9.088933e+01,9.088933e+01,9.088933e+01,9.088933e+01,9.088933e+01,9.088933e+01,9.088933e+01,9.088933e+01,9.088933e+01,9.088933e+01,9.088933e+01,9.088933e+01,9.088933e+01,9.088933e+01,9.088933e+01,9.088933e+01,9.088933e+01,9.088933e+01,9.061341e+01,9.061341e+01,9.061341e+01,9.061341e+01,9.061341e+01,9.061341e+01,9.061341e+01,9.032783e+01,9.032783e+01,9.032783e+01,9.032783e+01,9.032783e+01,9.032783e+01,8.994936e+01,9.004175e+01,9.004175e+01,9.004175e+01,9.004175e+01,9.004175e+01,9.004175e+01,9.004175e+01,9.004175e+01,8.966262e+01,8.968114e+01,8.969039e+01,8.969039e+01,8.969039e+01,8.969039e+01,8.969039e+01,8.969039e+01,8.969039e+01,8.969039e+01,8.932902e+01,8.932902e+01,8.932902e+01,8.932902e+01,8.932902e+01,8.932902e+01,8.932902e+01,8.894826e+01,8.894826e+01,8.894826e+01,8.894826e+01,8.894826e+01,8.894826e+01,8.894826e+01,8.862252e+01,8.862252e+01,8.862252e+01,8.862252e+01,8.862252e+01,8.862252e+01,8.840811e+01,8.840811e+01,8.840811e+01,8.840811e+01,8.813737e+01,8.813737e+01,8.813737e+01,8.813737e+01,8.813737e+01,8.813737e+01,8.775383e+01,8.775383e+01,8.775383e+01,8.775383e+01,8.775383e+01,8.775383e+01,8.744447e+01,8.744447e+01,8.744447e+01,8.744447e+01,8.744447e+01,8.744447e+01,8.744447e+01,8.707811e+01,8.707811e+01,8.707811e+01,8.707811e+01,8.707811e+01,8.707811e+01,8.707811e+01,8.707811e+01,8.707811e+01,8.678631e+01,8.660720e+01,8.689932e+01,8.665435e+01,8.665435e+01,8.665435e+01,8.665435e+01,8.665435e+01,8.626730e+01,8.641846e+01,8.628620e+01,8.632400e+01,8.632400e+01,8.632400e+01,8.632400e+01,8.632400e+01,8.632400e+01,8.632400e+01,8.632400e+01,8.632400e+01,8.632400e+01,8.632400e+01,8.632400e+01,8.632400e+01,8.591721e+01,8.630510e+01,8.605923e+01,8.605923e+01,8.605923e+01,8.605923e+01,8.605923e+01,8.605923e+01,8.605923e+01,8.605923e+01,8.605923e+01,8.605923e+01,8.644678e+01,8.620113e+01,8.633344e+01,8.629565e+01,8.629565e+01,8.629565e+01,8.629565e+01,8.629565e+01,8.629565e+01,8.629565e+01,8.629565e+01,8.668264e+01,8.643734e+01,8.643734e+01,8.643734e+01,8.643734e+01,8.682399e+01,8.657890e+01,8.657890e+01,8.657890e+01,8.657890e+01,8.657890e+01,8.657890e+01,8.657890e+01,8.657890e+01,8.657890e+01,8.657890e+01,8.657890e+01,8.624839e+01,8.643734e+01,8.613492e+01,8.613492e+01,8.608762e+01,8.601190e+01,8.601190e+01,8.601190e+01,8.593615e+01,8.573713e+01,8.550938e+01,8.530033e+01,8.509100e+01,8.491000e+01,8.477650e+01,8.457603e+01,8.438489e+01,8.438489e+01,8.438489e+01,8.395396e+01,8.367562e+01,8.354108e+01,8.328129e+01,8.304035e+01,8.281837e+01,8.246060e+01,8.212142e+01,8.186899e+01,8.147983e+01,8.093336e+01,8.058105e+01,7.982478e+01,7.937120e+01,7.899550e+01,7.857916e+01,7.813184e+01,7.735332e+01,7.692243e+01,7.646011e+01,7.579427e+01,7.549063e+01,7.485098e+01,7.396308e+01,7.351199e+01,7.305950e+01,7.232639e+01,7.183907e+01,7.132924e+01,7.088036e+01,7.006252e+01,6.958855e+01,6.909184e+01,6.835944e+01,6.787975e+01,6.713028e+01,6.675404e+01,6.606342e+01,6.520616e+01,6.474822e+01,6.437640e+01,6.353056e+01,6.275702e+01,6.191214e+01,6.142057e+01,6.052214e+01,6.005933e+01,5.924266e+01,5.844379e+01,5.797360e+01,5.698180e+01,5.633187e+01,5.584226e+01,5.502205e+01,5.425567e+01,5.361544e+01,5.306748e+01,5.264894e+01,5.152996e+01,5.098487e+01,5.029094e+01,4.981388e+01,4.910093e+01,4.845816e+01,4.793649e+01,4.735003e+01,4.673553e+01,4.606729e+01,4.581414e+01,4.558584e+01,4.507692e+01,4.459140e+01,4.405242e+01,4.366590e+01,4.316150e+01,4.282401e+01,4.248552e+01,4.211989e+01,4.171371e+01,4.138510e+01,4.101593e+01,4.059254e+01,4.038025e+01,3.988781e+01,3.978105e+01,3.935300e+01,3.905777e+01,3.864043e+01,3.830272e+01,3.799113e+01,3.799113e+01,3.799113e+01,3.737894e+01,3.737894e+01,3.737894e+01,3.737894e+01,3.737894e+01,3.793685e+01,3.758338e+01,3.782821e+01,3.790970e+01,3.790970e+01,3.846495e+01,3.824860e+01,3.849196e+01,3.849196e+01,3.849196e+01,3.904433e+01,3.901744e+01,3.901744e+01,3.901744e+01,3.956723e+01,3.946016e+01,3.955385e+01,3.955385e+01,3.955385e+01,3.955385e+01,3.955385e+01,3.955385e+01,3.955385e+01,3.955385e+01,3.955385e+01,3.955385e+01,3.955385e+01,4.010102e+01,4.010102e+01,4.004775e+01,4.004775e+01,4.004775e+01,4.059254e+01,4.048645e+01,4.052624e+01,4.052624e+01,4.052624e+01,4.052624e+01,4.122703e+01,4.122703e+01,4.122703e+01,4.122703e+01,4.122703e+01,4.122703e+01,4.176620e+01,4.170059e+01,4.170059e+01,4.170059e+01,4.170059e+01,4.223754e+01,4.202830e+01,4.202830e+01,4.202830e+01,4.202830e+01,4.202830e+01,4.202830e+01,4.202830e+01,4.202830e+01,4.202830e+01,4.202830e+01,4.149036e+01,4.170059e+01,4.146405e+01,4.145090e+01,4.145090e+01,4.145090e+01,4.145090e+01,4.145090e+01,4.145090e+01,4.145090e+01,4.145090e+01,4.091023e+01,4.102913e+01,4.102913e+01,4.102913e+01,4.102913e+01,4.102913e+01,4.102913e+01,4.102913e+01,4.102913e+01,4.102913e+01,4.102913e+01,4.102913e+01,4.048645e+01,4.069854e+01,4.069854e+01,4.069854e+01,4.069854e+01,4.069854e+01,4.069854e+01,4.069854e+01,4.069854e+01,4.069854e+01,4.069854e+01,4.069854e+01,4.069854e+01,4.015426e+01,4.018087e+01,4.018087e+01,4.018087e+01,4.018087e+01,4.018087e+01,4.018087e+01,4.018087e+01,4.018087e+01,4.018087e+01,4.018087e+01,4.018087e+01,4.018087e+01,4.018087e+01,3.963409e+01,3.984778e+01,3.984778e+01,3.984778e+01,3.984778e+01,3.984778e+01,3.984778e+01,3.984778e+01,3.984778e+01,3.984778e+01,3.984778e+01,3.984778e+01,3.984778e+01,3.984778e+01,3.984778e+01,3.984778e+01,3.984778e+01,3.929938e+01,3.951371e+01,3.951371e+01,3.951371e+01,3.951371e+01,3.951371e+01,3.951371e+01,3.896367e+01,3.917863e+01,3.917863e+01,3.917863e+01,3.917863e+01,3.917863e+01,3.917863e+01,3.917863e+01,3.917863e+01,3.917863e+01,3.917863e+01,3.917863e+01,3.917863e+01,3.917863e+01,3.917863e+01,3.917863e+01,3.917863e+01,3.917863e+01,3.885602e+01,3.885602e+01,3.885602e+01,3.885602e+01,3.885602e+01,3.885602e+01,3.885602e+01,3.885602e+01,3.885602e+01,3.853247e+01,3.853247e+01,3.853247e+01
3.639232e+01,3.639232e+01,3.639232e+01,3.639232e+01,3.639232e+01,3.639232e+01,3.639232e+01,3.695523e+01,3.681820e+01,3.681820e+01,3.681820e+01,3.681820e+01,3.695523e+01,3.731071e+01,3.731071e+01,3.731071e+01,3.786896e+01,3.777385e+01,3.777385e+01,3.832978e+01,3.811316e+01,3.830272e+01,3.824860e+01,3.824860e+01,3.824860e+01,3.824860e+01,3.824860e+01,3.824860e+01,3.880216e+01,3.880216e+01,3.880216e+01,3.935300e+01,3.924573e+01,3.921890e+01,3.921890e+01,3.976770e+01,3.970091e+01,3.970091e+01,4.024737e+01,4.022078e+01,4.026067e+01,4.049971e+01,4.080443e+01,4.080443e+01,4.080443e+01,4.134560e+01,4.131926e+01,4.135877e+01,4.135877e+01,4.135877e+01,4.135877e+01,4.135877e+01,4.135877e+01,4.135877e+01,4.135877e+01,4.135877e+01,4.135877e+01,4.135877e+01,4.135877e+01,4.081766e+01,4.089701e+01,4.089701e+01,4.089701e+01,4.089701e+01,4.089701e+01,4.089701e+01,4.089701e+01,4.056602e+01,4.056602e+01,4.056602e+01,4.023407e+01,4.023407e+01,4.023407e+01,4.023407e+01,3.968755e+01,3.968755e+01,3.968755e+01,3.968755e+01,3.968755e+01,3.968755e+01,4.023407e+01,4.020747e+01,4.020747e+01,4.020747e+01,4.020747e+01,4.020747e+01,4.020747e+01,4.020747e+01,4.020747e+01,4.020747e+01,4.076473e+01,4.045991e+01,4.142458e+01,4.160866e+01,4.191043e+01,4.211989e+01,4.261583e+01,4.314854e+01,4.360136e+01,4.407814e+01,4.452737e+01,4.497487e+01,4.540797e+01,4.587748e+01,4.635774e+01,4.699928e+01,4.747505e+01,4.793649e+01,4.839618e+01,4.882941e+01,4.976484e+01,5.027873e+01,5.074183e+01,5.174733e+01,5.214484e+01,5.287632e+01,5.335367e+01,5.397153e+01,5.455098e+01,5.557334e+01,5.620382e+01,5.672686e+01,5.717846e+01,5.804251e+01,5.845523e+01,5.931091e+01,5.973100e+01,6.014976e+01,6.099457e+01,6.162189e+01,6.220178e+01,6.273486e+01,6.334310e+01,6.423396e+01,6.491195e+01,6.571681e+01,6.623640e+01,6.703363e+01,6.762324e+01,6.859337e+01,6.919766e+01,6.985206e+01,7.071297e+01,7.124583e+01,7.205701e+01,7.288431e+01,7.331676e+01,7.402448e+01,7.493236e+01,7.577405e+01,7.614773e+01,7.686221e+01,7.774308e+01,7.818160e+01,7.890638e+01,7.979523e+01,8.028683e+01,8.066920e+01,8.142136e+01,8.221841e+01,8.267342e+01,8.315604e+01,8.368523e+01,8.413605e+01,8.477650e+01,8.511005e+01,8.572765e+01,8.609708e+01,8.661663e+01,8.697462e+01,8.729427e+01,8.770699e+01,8.794103e+01,8.852933e+01,8.877151e+01,8.911552e+01,8.951443e+01,8.969965e+01,8.987541e+01,9.009715e+01,9.023560e+01,9.023560e+01,9.023560e+01,9.044765e+01,9.060421e+01,9.077901e+01,9.077901e+01,9.077901e+01,9.115561e+01,9.100874e+01,9.100874e+01,9.100874e+01,9.100874e+01,9.100874e+01,9.100874e+01,9.100874e+01,9.100874e+01,9.100874e+01,9.100874e+01,9.100874e+01,9.100874e+01,9.100874e+01,9.100874e+01,9.100874e+01,9.100874e+01,9.100874e+01,9.100874e+01,9.100874e+01,9.063182e+01,9.077901e+01,9.077901e+01,9.077901e+01,9.077901e+01,9.077901e+01,9.077901e+01,9.077901e+01,9.040157e+01,9.054897e+01,9.042001e+01,9.036470e+01,9.036470e+01,9.036470e+01,9.036470e+01,9.036470e+01,8.998632e+01,9.004175e+01,9.004175e+01,9.004175e+01,9.004175e+01,9.004175e+01,9.004175e+01,9.004175e+01,9.004175e+01,9.004175e+01,9.004175e+01,8.968114e+01,8.968114e+01,8.968114e+01,8.968114e+01,8.968114e+01,8.968114e+01,8.968114e+01,8.968114e+01,8.968114e+01,8.968114e+01,8.968114e+01,8.932902e+01,8.932902e+01,8.932902e+01,8.932902e+01,8.932902e+01,8.932902e+01,8.894826e+01,8.894826e+01,8.894826e+01,8.894826e+01,8.894826e+01,8.894826e+01,8.894826e+01,8.894826e+01,8.862252e+01,8.862252e+01,8.862252e+01,8.862252e+01,8.840811e+01,8.840811e+01,8.840811e+01,8.802521e+01,8.811868e+01,8.811868e+01,8.811868e+01,8.811868e+01,8.811868e+01,8.811868e+01,8.775383e+01,8.775383e+01,8.775383e+01,8.775383e+01,8.775383e+01,8.775383e+01,8.744447e+01,8.744447e+01,8.744447e+01,8.744447e+01,8.744447e+01,8.744447e+01,8.744447e+01,8.707811e+01,8.707811e+01,8.707811e+01,8.707811e+01,8.707811e+01,8.707811e+01,8.707811e+01,8.707811e+01,8.707811e+01,8.707811e+01,8.699345e+01,8.689932e+01,8.669206e+01,8.669206e+01,8.669206e+01,8.669206e+01,8.669206e+01,8.669206e+01,8.669206e+01,8.628620e+01,8.628620e+01,8.667321e+01,8.642789e+01,8.642789e+01,8.642789e+01,8.642789e+01,8.642789e+01,8.642789e+01,8.604030e+01,8.619167e+01,8.619167e+01,8.619167e+01,8.619167e+01,8.619167e+01,8.619167e+01,8.619167e+01,8.619167e+01,8.619167e+01,8.619167e+01,8.619167e+01,8.619167e+01,8.619167e+01,8.619167e+01,8.619167e+01,8.619167e+01,8.619167e+01,8.619167e+01,8.619167e+01,8.619167e+01,8.619167e+01,8.657890e+01,8.642789e+01,8.642789e+01,8.642789e+01,8.642789e+01,8.642789e+01,8.642789e+01,8.642789e+01,8.642789e+01,8.642789e+01,8.681457e+01,8.673920e+01,8.661663e+01,8.661663e+01,8.661663e+01,8.661663e+01,8.661663e+01,8.661663e+01,8.661663e+01,8.661663e+01,8.661663e+01,8.661663e+01,8.661663e+01,8.624839e+01,8.630510e+01,8.617275e+01,8.617275e+01,8.617275e+01,8.617275e+01,8.578454e+01,8.593615e+01,8.580350e+01,8.533836e+01,8.528131e+01,8.523376e+01,8.512908e+01,8.512908e+01,8.477650e+01,8.461424e+01,8.461424e+01,8.461424e+01,8.438489e+01,8.400189e+01,8.376205e+01,8.349300e+01,8.326202e+01,8.302106e+01,8.270242e+01,8.240251e+01,8.216992e+01,8.180096e+01,8.142136e+01,8.087469e+01,8.052225e+01,8.016899e+01,7.941070e+01,7.897569e+01,7.851960e+01,7.807209e+01,7.770315e+01,7.696256e+01,7.645004e+01,7.584481e+01,7.541969e+01,7.480009e+01,7.433113e+01,7.356332e+01,7.306980e+01,7.271922e+01,7.191175e+01,7.136050e+01,7.044056e+01,6.996785e+01,6.954634e+01,6.904948e+01,6.831687e+01,6.783703e+01,6.708733e+01,6.671098e+01,6.602014e+01,6.560832e+01,6.481374e+01,6.440924e+01,6.353056e+01,6.272377e+01,6.187868e+01,6.138699e+01,6.048833e+01,6.002541e+01,5.920852e+01,5.840944e+01,5.793913e+01,5.694707e+01,5.629696e+01,5.580721e+01,5.498678e+01,5.422019e+01,5.357978e+01,5.303166e+01,5.249313e+01,5.163869e+01,5.105769e+01,5.032756e+01,4.981388e+01,4.906394e+01,4.842097e+01,4.789914e+01,4.731250e+01,4.669781e+01,4.673553e+01,4.563661e+01,4.536982e+01,4.503866e+01,4.455298e+01,4.411671e+01,4.357553e+01,4.322629e+01,4.286300e+01,4.249856e+01,4.210681e+01,4.168746e+01,4.135877e+01,4.098951e+01,4.064555e+01,4.020747e+01,4.006107e+01,3.976770e+01,3.932619e+01,3.903089e+01,3.916521e+01,3.865392e+01,3.832978e+01,3.811316e+01,3.788254e+01,3.755614e+01,3.755614e+01,3.755614e+01,3.755614e+01,3.755614e+01,3.755614e+01,3.755614e+01,3.811316e+01,3.789612e+01,3.812671e+01,3.828920e+01,3.828920e+01,3.828920e+01,3.884256e+01,3.881563e+01,3.888294e+01,3.888294e+01,3.888294e+01,3.943338e+01,3.940659e+01,3.940659e+01,3.940659e+01,3.940659e+01,3.940659e+01,3.995448e+01,3.974099e+01,3.974099e+01,3.974099e+01,3.974099e+01,3.974099e+01,3.974099e+01,3.974099e+01,3.974099e+01,3.974099e+01,4.004775e+01,4.004775e+01,4.059254e+01,4.045991e+01,4.045991e+01,4.045991e+01,4.045991e+01,4.100272e+01,4.089701e+01,4.106874e+01,4.106874e+01,4.106874e+01,4.160866e+01,4.139826e+01,4.162180e+01,4.160866e+01,4.160866e+01,4.160866e+01,4.160866e+01,4.160866e+01,4.170059e+01,4.205447e+01,4.205447e+01,4.205447e+01,4.205447e+01,4.205447e+01,4.205447e+01,4.205447e+01,4.151666e+01,4.187111e+01,4.164807e+01,4.164807e+01,4.164807e+01,4.164807e+01,4.110833e+01,4.131926e+01,4.131926e+01,4.131926e+01,4.131926e+01,4.131926e+01,4.131926e+01,4.131926e+01,4.131926e+01,4.131926e+01,4.102913e+01,4.102913e+01,4.102913e+01,4.102913e+01,4.102913e+01,4.102913e+01,4.102913e+01,4.102913e+01,4.102913e+01,4.102913e+01,4.102913e+01,4.102913e+01,4.069854e+01,4.069854e+01,4.069854e+01,4.069854e+01,4.069854e+01,4.069854e+01,4.069854e+01,4.069854e+01,4.069854e+01,4.069854e+01,4.069854e+01,4.015426e+01,4.015426e+01,4.015426e+01,4.015426e+01,4.015426e+01,4.015426e+01,4.015426e+01,4.015426e+01,4.015426e+01,4.015426e+01,4.015426e+01,4.015426e+01,4.015426e+01,4.015426e+01,4.015426e+01,4.015426e+01,4.015426e+01,4.015426e+01,4.015426e+01,4.015426e+01,4.015426e+01,3.984778e+01,3.984778e+01,3.984778e+01,3.984778e+01,3.984778e+01,3.984778e+01,3.984778e+01,3.984778e+01,3.984778e+01,3.929938e+01,3.943338e+01,3.943338e+01,3.943338e+01,3.943338e+01,3.943338e+01,3.943338e+01,3.943338e+01,3.943338e+01,3.943338e+01,3.943338e+01,3.943338e+01,3.943338e+01,3.888294e+01,3.909807e+01,3.909807e+01,3.909807e+01,3.909807e+01,3.909807e+01,3.909807e+01,3.909807e+01,3.909807e+01,3.909807e+01,3.909807e+01,3.909807e+01,3.909807e+01,3.909807e+01,3.909807e+01,3.909807e+01,3.854597e+01,3.876175e+01,3.876175e+01,3.876175e+01,3.876175e+01,3.876175e+01,3.876175e+01,3.876175e+01,3.876175e+01
3.639232e+01,3.639232e+01,3.639232e+01,3.639232e+01,3.639232e+01,3.639232e+01,3.639232e+01,3.639232e+01,3.681820e+01,3.681820e+01,3.681820e+01,3.737894e+01,3.729706e+01,3.725610e+01,3.725610e+01,3.725610e+01,3.786896e+01,3.786896e+01,3.786896e+01,3.786896e+01,3.786896e+01,3.830272e+01,3.830272e+01,3.830272e+01,3.830272e+01,3.830272e+01,3.830272e+01,3.830272e+01,3.830272e+01,3.880216e+01,3.847846e+01,3.892331e+01,3.913836e+01,3.913836e+01,3.913836e+01,3.913836e+01,3.970091e+01,3.991448e+01,4.007439e+01,4.007439e+01,4.061905e+01,4.061905e+01,4.075150e+01,4.129292e+01,4.118748e+01,4.118748e+01,4.118748e+01,4.118748e+01,4.118748e+01,4.118748e+01,4.118748e+01,4.118748e+01,4.118748e+01,4.118748e+01,4.118748e+01,4.118748e+01,4.118748e+01,4.118748e+01,4.118748e+01,4.118748e+01,4.118748e+01,4.118748e+01,4.118748e+01,4.089701e+01,4.089701e+01,4.089701e+01,4.035369e+01,4.048645e+01,4.048645e+01,4.048645e+01,3.994115e+01,4.015426e+01,4.015426e+01,4.015426e+01,4.015426e+01,3.968755e+01,3.968755e+01,3.968755e+01,3.968755e+01,3.968755e+01,4.023407e+01,4.023407e+01,4.023407e+01,4.023407e+01,4.023407e+01,4.023407e+01,4.023407e+01,4.023407e+01,4.023407e+01,4.077797e+01,4.065880e+01,4.064555e+01,4.125339e+01,4.162180e+01,4.185801e+01,4.227673e+01,4.318742e+01,4.330399e+01,4.365300e+01,4.412957e+01,4.457859e+01,4.502591e+01,4.545882e+01,4.592812e+01,4.640818e+01,4.704945e+01,4.752502e+01,4.798627e+01,4.844577e+01,4.887882e+01,4.931033e+01,5.020545e+01,5.071750e+01,5.177145e+01,5.219294e+01,5.292414e+01,5.340131e+01,5.401893e+01,5.508081e+01,5.567863e+01,5.625040e+01,5.677325e+01,5.722469e+01,5.808844e+01,5.850101e+01,5.935639e+01,5.977634e+01,6.019495e+01,6.103947e+01,6.166658e+01,6.224628e+01,6.277918e+01,6.338723e+01,6.427780e+01,6.495557e+01,6.576019e+01,6.627960e+01,6.707659e+01,6.766602e+01,6.863586e+01,6.923997e+01,6.989417e+01,7.075484e+01,7.128754e+01,7.209849e+01,7.292554e+01,7.335789e+01,7.448421e+01,7.502385e+01,7.540956e+01,7.651042e+01,7.695253e+01,7.779298e+01,7.823135e+01,7.895589e+01,7.984447e+01,8.033591e+01,8.071815e+01,8.147009e+01,8.186899e+01,8.263475e+01,8.315604e+01,8.372365e+01,8.417435e+01,8.481465e+01,8.514812e+01,8.537638e+01,8.604976e+01,8.659777e+01,8.698404e+01,8.732244e+01,8.766015e+01,8.800650e+01,8.848272e+01,8.883665e+01,8.914339e+01,8.939394e+01,8.969965e+01,9.000480e+01,9.006022e+01,9.043843e+01,9.029094e+01,9.042001e+01,9.078821e+01,9.091689e+01,9.067783e+01,9.105466e+01,9.103629e+01,9.104547e+01,9.104547e+01,9.104547e+01,9.104547e+01,9.104547e+01,9.104547e+01,9.104547e+01,9.104547e+01,9.104547e+01,9.104547e+01,9.104547e+01,9.104547e+01,9.104547e+01,9.104547e+01,9.104547e+01,9.104547e+01,9.104547e+01,9.104547e+01,9.104547e+01,9.104547e+01,9.063182e+01,9.063182e+01,9.063182e+01,9.063182e+01,9.063182e+01,9.063182e+01,9.063182e+01,9.063182e+01,9.063182e+01,9.063182e+01,9.063182e+01,9.036470e+01,9.036470e+01,9.036470e+01,9.036470e+01,9.036470e+01,9.036470e+01,9.036470e+01,9.036470e+01,9.004175e+01,9.004175e+01,9.004175e+01,9.004175e+01,9.004175e+01,9.004175e+01,9.004175e+01,9.004175e+01,8.968114e+01,8.968114e+01,8.968114e+01,8.968114e+01,8.968114e+01,8.968114e+01,8.968114e+01,8.968114e+01,8.968114e+01,8.968114e+01,8.930119e+01,8.939394e+01,8.939394e+01,8.939394e+01,8.939394e+01,8.939394e+01,8.901333e+01,8.904121e+01,8.904121e+01,8.904121e+01,8.904121e+01,8.865977e+01,8.880873e+01,8.880873e+01,8.880873e+01,8.880873e+01,8.842677e+01,8.857593e+01,8.844542e+01,8.843609e+01,8.843609e+01,8.843609e+01,8.802521e+01,8.840811e+01,8.825879e+01,8.825879e+01,8.787553e+01,8.802521e+01,8.787553e+01,8.786618e+01,8.786618e+01,8.786618e+01,8.786618e+01,8.748200e+01,8.750076e+01,8.755703e+01,8.755703e+01,8.755703e+01,8.755703e+01,8.755703e+01,8.717213e+01,8.719093e+01,8.719093e+01,8.719093e+01,8.719093e+01,8.719093e+01,8.719093e+01,8.719093e+01,8.719093e+01,8.719093e+01,8.680515e+01,8.695580e+01,8.695580e+01,8.695580e+01,8.695580e+01,8.695580e+01,8.669206e+01,8.669206e+01,8.669206e+01,8.669206e+01,8.669206e+01,8.669206e+01,8.669206e+01,8.630510e+01,8.639957e+01,8.639957e+01,8.639957e+01,8.639957e+01,8.639957e+01,8.639957e+01,8.639957e+01,8.639957e+01,8.639957e+01,8.639957e+01,8.639957e+01,8.639957e+01,8.639957e+01,8.639957e+01,8.639957e+01,8.619167e+01,8.619167e+01,8.619167e+01,8.619167e+01,8.619167e+01,8.619167e+01,8.619167e+01,8.619167e+01,8.619167e+01,8.619167e+01,8.657890e+01,8.633344e+01,8.648454e+01,8.646566e+01,8.646566e+01,8.646566e+01,8.646566e+01,8.646566e+01,8.646566e+01,8.685224e+01,8.660720e+01,8.660720e+01,8.660720e+01,8.660720e+01,8.660720e+01,8.660720e+01,8.699345e+01,8.674862e+01,8.674862e+01,8.674862e+01,8.674862e+01,8.674862e+01,8.674862e+01,8.674862e+01,8.674862e+01,8.636179e+01,8.636179e+01,8.636179e+01,8.636179e+01,8.597403e+01,8.612546e+01,8.597403e+01,8.589826e+01,8.589826e+01,8.550938e+01,8.545239e+01,8.545239e+01,8.545239e+01,8.512908e+01,8.497671e+01,8.490047e+01,8.461424e+01,8.461424e+01,8.461424e+01,8.399231e+01,8.395396e+01,8.375246e+01,8.348338e+01,8.325240e+01,8.330054e+01,8.260574e+01,8.239282e+01,8.206320e+01,8.177179e+01,8.139213e+01,8.084536e+01,8.049284e+01,8.013952e+01,7.938107e+01,7.894599e+01,7.848981e+01,7.804221e+01,7.767319e+01,7.693246e+01,7.641983e+01,7.581449e+01,7.538928e+01,7.476955e+01,7.430050e+01,7.353252e+01,7.303890e+01,7.268825e+01,7.188060e+01,7.132924e+01,7.083853e+01,7.003097e+01,6.958855e+01,6.907066e+01,6.831687e+01,6.781566e+01,6.706586e+01,6.668944e+01,6.599850e+01,6.558661e+01,6.479190e+01,6.438734e+01,6.350851e+01,6.270160e+01,6.185637e+01,6.136459e+01,6.046579e+01,6.000278e+01,5.918576e+01,5.838654e+01,5.791615e+01,5.739790e+01,5.637840e+01,5.586562e+01,5.550310e+01,5.436206e+01,5.371050e+01,5.315102e+01,5.260102e+01,5.173526e+01,5.114259e+01,5.040077e+01,4.987514e+01,4.911326e+01,4.845816e+01,4.792405e+01,4.732501e+01,4.687376e+01,4.667265e+01,4.570004e+01,4.542068e+01,4.494934e+01,4.454018e+01,4.410386e+01,4.364009e+01,4.327810e+01,4.290198e+01,4.252463e+01,4.211989e+01,4.168746e+01,4.134560e+01,4.097630e+01,4.049971e+01,4.038025e+01,4.004775e+01,3.962072e+01,3.939320e+01,3.913836e+01,3.895021e+01,3.872132e+01,3.843793e+01,3.811316e+01,3.769226e+01,3.759700e+01,3.759700e+01,3.759700e+01,3.759700e+01,3.759700e+01,3.759700e+01,3.759700e+01,3.811316e+01,3.811316e+01,3.811316e+01,3.811316e+01,3.866740e+01,3.864043e+01,3.868088e+01,3.868088e+01,3.868088e+01,3.868088e+01,3.923232e+01,3.927256e+01,3.927256e+01,3.927256e+01,3.927256e+01,3.982109e+01,3.979440e+01,3.979440e+01,3.979440e+01,3.979440e+01,3.979440e+01,3.979440e+01,3.979440e+01,3.979440e+01,3.979440e+01,3.979440e+01,3.979440e+01,4.034040e+01,4.031383e+01,4.042009e+01,4.042009e+01,4.042009e+01,4.042009e+01,4.096309e+01,4.087056e+01,4.087056e+01,4.087056e+01,4.087056e+01,4.141142e+01,4.145090e+01,4.145090e+01,4.145090e+01,4.145090e+01,4.145090e+01,4.198902e+01,4.177932e+01,4.177932e+01,4.177932e+01,4.177932e+01,4.177932e+01,4.177932e+01,4.177932e+01,4.177932e+01,4.177932e+01,4.177932e+01,4.177932e+01,4.177932e+01,4.177932e+01,4.177932e+01,4.177932e+01,4.177932e+01,4.177932e+01,4.131926e+01,4.131926e+01,4.131926e+01,4.131926e+01,4.131926e+01,4.131926e+01,4.131926e+01,4.131926e+01,4.131926e+01,4.131926e+01,4.102913e+01,4.102913e+01,4.102913e+01,4.102913e+01,4.102913e+01,4.102913e+01,4.102913e+01,4.102913e+01,4.048645e+01,4.083089e+01,4.064555e+01,4.069854e+01,4.069854e+01,4.069854e+01,4.069854e+01,4.069854e+01,4.069854e+01,4.069854e+01,4.069854e+01,4.069854e+01,4.069854e+01,4.069854e+01,4.069854e+01,4.015426e+01,4.015426e+01,4.015426e+01,4.015426e+01,4.015426e+01,4.015426e+01,4.015426e+01,4.015426e+01,4.015426e+01,4.015426e+01,4.015426e+01,4.015426e+01,4.015426e+01,4.015426e+01,4.015426e+01,4.015426e+01,4.015426e+01,4.015426e+01,3.960735e+01,3.968755e+01,3.982109e+01,3.982109e+01,3.982109e+01,3.982109e+01,3.982109e+01,3.982109e+01,3.982109e+01,3.982109e+01,3.982109e+01,3.982109e+01,3.982109e+01,3.943338e+01,3.943338e+01,3.943338e+01,3.943338e+01,3.943338e+01,3.943338e+01,3.943338e+01,3.943338e+01,3.943338e+01,3.943338e+01,3.943338e+01,3.943338e+01,3.943338e+01,3.943338e+01,3.909807e+01,3.909807e+01,3.909807e+01,3.909807e+01,3.909807e+01,3.909807e+01,3.909807e+01,3.909807e+01,3.909807e+01,3.909807e+01,3.909807e+01,3.909807e+01,3.909807e+01,3.909807e+01,3.876175e+01,3.876175e+01,3.876175e+01,3.876175e+01,3.876175e+01,3.876175e+01,3.876175e+01,3.876175e+01
3.639232e+01,3.639232e+01,3.639232e+01,3.639232e+01,3.639232e+01,3.639232e+01,3.639232e+01,3.639232e+01,3.681820e+01,3.681820e+01,3.681820e+01,3.737894e+01,3.737894e+01,3.737894e+01,3.737894e+01,3.737894e+01,3.786896e+01,3.786896e+01,3.786896e+01,3.786896e+01,3.786896e+01,3.786896e+01,3.830272e+01,3.830272e+01,3.830272e+01,3.830272e+01,3.885602e+01,3.850547e+01,3.872132e+01,3.865392e+01,3.866740e+01,3.874828e+01,3.874828e+01,3.913836e+01,3.913836e+01,3.913836e+01,3.970091e+01,3.970091e+01,3.970091e+01,4.007439e+01,4.044664e+01,4.044664e+01,4.075150e+01,4.112152e+01,4.112152e+01,4.112152e+01,4.112152e+01,4.112152e+01,4.112152e+01,4.112152e+01,4.112152e+01,4.112152e+01,4.112152e+01,4.112152e+01,4.112152e+01,4.112152e+01,4.112152e+01,4.112152e+01,4.112152e+01,4.112152e+01,4.112152e+01,4.112152e+01,4.112152e+01,4.057928e+01,4.079120e+01,4.057928e+01,4.051298e+01,4.051298e+01,4.051298e+01,4.051298e+01,3.994115e+01,3.994115e+01,3.994115e+01,3.994115e+01,3.994115e+01,3.994115e+01,3.994115e+01,3.994115e+01,3.994115e+01,3.994115e+01,3.994115e+01,3.994115e+01,4.023407e+01,4.023407e+01,4.023407e+01,4.023407e+01,4.023407e+01,4.023407e+01,4.023407e+01,4.077797e+01,4.077797e+01,4.077797e+01,4.125339e+01,4.158238e+01,4.200212e+01,4.242032e+01,4.301883e+01,4.331693e+01,4.379488e+01,4.414242e+01,4.459140e+01,4.503866e+01,4.547152e+01,4.594078e+01,4.642079e+01,4.706199e+01,4.753751e+01,4.799871e+01,4.845816e+01,4.889117e+01,4.982613e+01,5.031536e+01,5.074183e+01,5.179558e+01,5.221698e+01,5.294804e+01,5.342512e+01,5.404263e+01,5.510431e+01,5.570202e+01,5.627368e+01,5.679644e+01,5.724780e+01,5.811139e+01,5.852389e+01,5.937912e+01,5.979900e+01,6.021754e+01,6.106192e+01,6.168892e+01,6.226853e+01,6.280134e+01,6.340929e+01,6.429971e+01,6.497738e+01,6.578187e+01,6.630120e+01,6.709807e+01,6.768741e+01,6.865710e+01,6.926112e+01,6.991523e+01,7.077576e+01,7.130840e+01,7.211922e+01,7.294617e+01,7.349145e+01,7.439239e+01,7.495269e+01,7.547037e+01,7.641983e+01,7.688229e+01,7.774308e+01,7.820151e+01,7.894599e+01,7.945018e+01,8.025739e+01,8.064961e+01,8.141162e+01,8.221841e+01,8.272176e+01,8.356992e+01,8.381005e+01,8.420308e+01,8.484326e+01,8.510052e+01,8.543340e+01,8.607816e+01,8.662606e+01,8.701227e+01,8.735061e+01,8.768826e+01,8.803455e+01,8.851069e+01,8.886456e+01,8.909695e+01,8.944956e+01,8.972741e+01,8.988465e+01,9.008792e+01,9.031860e+01,9.031860e+01,9.069624e+01,9.067783e+01,9.105466e+01,9.094445e+01,9.094445e+01,9.094445e+01,9.094445e+01,9.094445e+01,9.094445e+01,9.094445e+01,9.094445e+01,9.094445e+01,9.094445e+01,9.094445e+01,9.094445e+01,9.094445e+01,9.094445e+01,9.094445e+01,9.094445e+01,9.094445e+01,9.094445e+01,9.094445e+01,9.094445e+01,9.094445e+01,9.094445e+01,9.094445e+01,9.094445e+01,9.094445e+01,9.094445e+01,9.063182e+01,9.063182e+01,9.063182e+01,9.063182e+01,9.063182e+01,9.063182e+01,9.063182e+01,9.063182e+01,9.036470e+01,9.036470e+01,9.036470e+01,9.036470e+01,9.036470e+01,9.036470e+01,9.036470e+01,9.036470e+01,9.004175e+01,9.004175e+01,9.004175e+01,9.004175e+01,9.004175e+01,9.004175e+01,9.004175e+01,9.004175e+01,8.968114e+01,8.968114e+01,8.968114e+01,8.968114e+01,8.968114e+01,8.968114e+01,8.968114e+01,8.968114e+01,8.968114e+01,8.930119e+01,8.939394e+01,8.939394e+01,8.939394e+01,8.939394e+01,8.939394e+01,8.939394e+01,8.901333e+01,8.901333e+01,8.901333e+01,8.901333e+01,8.901333e+01,8.901333e+01,8.901333e+01,8.880873e+01,8.880873e+01,8.880873e+01,8.842677e+01,8.842677e+01,8.842677e+01,8.842677e+01,8.842677e+01,8.842677e+01,8.842677e+01,8.842677e+01,8.804391e+01,8.806260e+01,8.798780e+01,8.798780e+01,8.798780e+01,8.798780e+01,8.798780e+01,8.798780e+01,8.798780e+01,8.786618e+01,8.762266e+01,8.762266e+01,8.762266e+01,8.762266e+01,8.762266e+01,8.762266e+01,8.717213e+01,8.717213e+01,8.717213e+01,8.717213e+01,8.717213e+01,8.717213e+01,8.717213e+01,8.717213e+01,8.717213e+01,8.717213e+01,8.717213e+01,8.695580e+01,8.695580e+01,8.695580e+01,8.695580e+01,8.695580e+01,8.695580e+01,8.669206e+01,8.669206e+01,8.669206e+01,8.669206e+01,8.669206e+01,8.669206e+01,8.630510e+01,8.669206e+01,8.654117e+01,8.654117e+01,8.654117e+01,8.654117e+01,8.654117e+01,8.654117e+01,8.654117e+01,8.654117e+01,8.654117e+01,8.654117e+01,8.654117e+01,8.654117e+01,8.654117e+01,8.654117e+01,8.619167e+01,8.619167e+01,8.619167e+01,8.619167e+01,8.619167e+01,8.619167e+01,8.657890e+01,8.633344e+01,8.633344e+01,8.633344e+01,8.657890e+01,8.636179e+01,8.636179e+01,8.636179e+01,8.636179e+01,8.674862e+01,8.659777e+01,8.659777e+01,8.659777e+01,8.659777e+01,8.659777e+01,8.659777e+01,8.659777e+01,8.659777e+01,8.698404e+01,8.690874e+01,8.688991e+01,8.677689e+01,8.677689e+01,8.677689e+01,8.677689e+01,8.677689e+01,8.677689e+01,8.677689e+01,8.677689e+01,8.677689e+01,8.636179e+01,8.636179e+01,8.636179e+01,8.636179e+01,8.612546e+01,8.612546e+01,8.612546e+01,8.589826e+01,8.563279e+01,8.563279e+01,8.563279e+01,8.524327e+01,8.524327e+01,8.497671e+01,8.477650e+01,8.464288e+01,8.464288e+01,8.464288e+01,8.438489e+01,8.375246e+01,8.370444e+01,8.347377e+01,8.328129e+01,8.314641e+01,8.265409e+01,8.233471e+01,8.211172e+01,8.171344e+01,8.136288e+01,8.081601e+01,8.046342e+01,8.011004e+01,7.975584e+01,7.900539e+01,7.852953e+01,7.806213e+01,7.767319e+01,7.691239e+01,7.639970e+01,7.579427e+01,7.536900e+01,7.474919e+01,7.428007e+01,7.351199e+01,7.301830e+01,7.266759e+01,7.185983e+01,7.130840e+01,7.081761e+01,7.000993e+01,6.956745e+01,6.904948e+01,6.829558e+01,6.779430e+01,6.748410e+01,6.676480e+01,6.605260e+01,6.561917e+01,6.480282e+01,6.392667e+01,6.340929e+01,6.267942e+01,6.229077e+01,6.144295e+01,6.053341e+01,6.005933e+01,5.923128e+01,5.842089e+01,5.793913e+01,5.693549e+01,5.627368e+01,5.592399e+01,5.498678e+01,5.438569e+01,5.371050e+01,5.312716e+01,5.257705e+01,5.171112e+01,5.111834e+01,5.037637e+01,4.985064e+01,4.908860e+01,4.843337e+01,4.789914e+01,4.729998e+01,4.703690e+01,4.663491e+01,4.628204e+01,4.559853e+01,4.520436e+01,4.465540e+01,4.419382e+01,4.380777e+01,4.343337e+01,4.304479e+01,4.265489e+01,4.210681e+01,4.176620e+01,4.141142e+01,4.089701e+01,4.067204e+01,4.038025e+01,4.003443e+01,3.966082e+01,3.966082e+01,3.913836e+01,3.858646e+01,3.858646e+01,3.842442e+01,3.809961e+01,3.773306e+01,3.773306e+01,3.773306e+01,3.773306e+01,3.773306e+01,3.773306e+01,3.773306e+01,3.773306e+01,3.811316e+01,3.811316e+01,3.811316e+01,3.811316e+01,3.866740e+01,3.866740e+01,3.866740e+01,3.866740e+01,3.866740e+01,3.866740e+01,3.923232e+01,3.923232e+01,3.923232e+01,3.923232e+01,3.978105e+01,3.968755e+01,3.968755e+01,3.968755e+01,3.968755e+01,3.968755e+01,3.968755e+01,3.968755e+01,3.968755e+01,3.968755e+01,3.968755e+01,4.023407e+01,4.012764e+01,4.018087e+01,4.018087e+01,4.018087e+01,4.018087e+01,4.072502e+01,4.069854e+01,4.080443e+01,4.080443e+01,4.080443e+01,4.134560e+01,4.124021e+01,4.125339e+01,4.125339e+01,4.125339e+01,4.125339e+01,4.125339e+01,4.179244e+01,4.183178e+01,4.183178e+01,4.183178e+01,4.183178e+01,4.183178e+01,4.183178e+01,4.183178e+01,4.183178e+01,4.183178e+01,4.183178e+01,4.183178e+01,4.183178e+01,4.183178e+01,4.183178e+01,4.183178e+01,4.183178e+01,4.129292e+01,4.139826e+01,4.147721e+01,4.147721e+01,4.147721e+01,4.147721e+01,4.147721e+01,4.147721e+01,4.147721e+01,4.093666e+01,4.114791e+01,4.097630e+01,4.102913e+01,4.102913e+01,4.102913e+01,4.102913e+01,4.102913e+01,4.102913e+01,4.102913e+01,4.048645e+01,4.060579e+01,4.079120e+01,4.079120e+01,4.079120e+01,4.079120e+01,4.079120e+01,4.079120e+01,4.079120e+01,4.079120e+01,4.079120e+01,4.079120e+01,4.079120e+01,4.079120e+01,4.024737e+01,4.035369e+01,4.031383e+01,4.031383e+01,4.031383e+01,4.031383e+01,4.031383e+01,4.031383e+01,4.031383e+01,4.031383e+01,4.031383e+01,4.031383e+01,4.031383e+01,4.031383e+01,4.031383e+01,3.976770e+01,3.998114e+01,3.998114e+01,3.998114e+01,3.998114e+01,3.998114e+01,3.998114e+01,3.998114e+01,3.998114e+01,3.998114e+01,3.998114e+01,3.998114e+01,3.998114e+01,3.943338e+01,3.964746e+01,3.964746e+01,3.964746e+01,3.964746e+01,3.964746e+01,3.964746e+01,3.964746e+01,3.964746e+01,3.964746e+01,3.909807e+01,3.931279e+01,3.931279e+01,3.931279e+01,3.931279e+01,3.931279e+01,3.931279e+01,3.931279e+01,3.931279e+01,3.931279e+01,3.931279e+01,3.931279e+01,3.931279e+01,3.876175e+01,3.897711e+01,3.897711e+01,3.897711e+01,3.897711e+01,3.897711e+01,3.897711e+01,3.897711e+01,3.897711e+01,3.897711e+01,3.897711e+01,3.897711e+01,3.897711e+01,3.897711e+01,3.842442e+01,3.864043e+01,3.864043e+01,3.864043e+01
3.639232e+01,3.639232e+01,3.639232e+01,3.639232e+01,3.639232e+01,3.639232e+01,3.639232e+01,3.639232e+01,3.681820e+01,3.681820e+01,3.681820e+01,3.737894e+01,3.737894e+01,3.737894e+01,3.737894e+01,3.737894e+01,3.786896e+01,3.786896e+01,3.786896e+01,3.786896e+01,3.786896e+01,3.786896e+01,3.830272e+01,3.830272e+01,3.830272e+01,3.830272e+01,3.830272e+01,3.885602e+01,3.864043e+01,3.864043e+01,3.864043e+01,3.864043e+01,3.919206e+01,3.905777e+01,3.960735e+01,3.950032e+01,3.954047e+01,4.008770e+01,4.008770e+01,4.015426e+01,4.040681e+01,4.057928e+01,4.076473e+01,4.108194e+01,4.108194e+01,4.108194e+01,4.108194e+01,4.108194e+01,4.108194e+01,4.108194e+01,4.108194e+01,4.108194e+01,4.108194e+01,4.108194e+01,4.108194e+01,4.108194e+01,4.108194e+01,4.108194e+01,4.108194e+01,4.108194e+01,4.108194e+01,4.108194e+01,4.108194e+01,4.057928e+01,4.057928e+01,4.057928e+01,4.057928e+01,4.057928e+01,4.057928e+01,4.057928e+01,3.994115e+01,3.994115e+01,3.994115e+01,3.994115e+01,3.994115e+01,3.994115e+01,3.994115e+01,3.994115e+01,3.994115e+01,3.994115e+01,3.994115e+01,3.994115e+01,4.023407e+01,4.023407e+01,4.023407e+01,4.023407e+01,4.023407e+01,4.023407e+01,4.023407e+01,4.077797e+01,4.077797e+01,4.077797e+01,4.125339e+01,4.159552e+01,4.201521e+01,4.256372e+01,4.294094e+01,4.338164e+01,4.371751e+01,4.420667e+01,4.461700e+01,4.506417e+01,4.549694e+01,4.596609e+01,4.644600e+01,4.708706e+01,4.756248e+01,4.802359e+01,4.848294e+01,4.891587e+01,4.985064e+01,5.033977e+01,5.076616e+01,5.181969e+01,5.224102e+01,5.297194e+01,5.344893e+01,5.406631e+01,5.512780e+01,5.572541e+01,5.629696e+01,5.681963e+01,5.774362e+01,5.821464e+01,5.855821e+01,5.941322e+01,5.983298e+01,6.025142e+01,6.109558e+01,6.172243e+01,6.275702e+01,6.290101e+01,6.345340e+01,6.434354e+01,6.502099e+01,6.582522e+01,6.634440e+01,6.714101e+01,6.773017e+01,6.869957e+01,6.930341e+01,6.995733e+01,7.081761e+01,7.135008e+01,7.216068e+01,7.298739e+01,7.353252e+01,7.443320e+01,7.499336e+01,7.560204e+01,7.632919e+01,7.724322e+01,7.783288e+01,7.825125e+01,7.899550e+01,7.949952e+01,8.030647e+01,8.109946e+01,8.149931e+01,8.187870e+01,8.269276e+01,8.348338e+01,8.382925e+01,8.464288e+01,8.488140e+01,8.520522e+01,8.587931e+01,8.616330e+01,8.669206e+01,8.707811e+01,8.741632e+01,8.775383e+01,8.809999e+01,8.857593e+01,8.880873e+01,8.914339e+01,8.939394e+01,8.964410e+01,8.992163e+01,9.009715e+01,9.029094e+01,9.043843e+01,9.057659e+01,9.072383e+01,9.093526e+01,9.093526e+01,9.093526e+01,9.093526e+01,9.093526e+01,9.093526e+01,9.093526e+01,9.093526e+01,9.093526e+01,9.093526e+01,9.093526e+01,9.093526e+01,9.093526e+01,9.093526e+01,9.093526e+01,9.093526e+01,9.093526e+01,9.093526e+01,9.093526e+01,9.093526e+01,9.093526e+01,9.093526e+01,9.093526e+01,9.093526e+01,9.093526e+01,9.093526e+01,9.093526e+01,9.063182e+01,9.063182e+01,9.063182e+01,9.063182e+01,9.063182e+01,9.063182e+01,9.063182e+01,9.063182e+01,9.063182e+01,9.063182e+01,9.036470e+01,9.036470e+01,9.036470e+01,9.036470e+01,9.036470e+01,9.036470e+01,9.004175e+01,9.004175e+01,9.004175e+01,9.004175e+01,9.004175e+01,9.004175e+01,9.004175e+01,9.004175e+01,9.004175e+01,8.968114e+01,8.968114e+01,8.968114e+01,8.968114e+01,8.968114e+01,8.968114e+01,8.968114e+01,8.930119e+01,8.939394e+01,8.939394e+01,8.939394e+01,8.939394e+01,8.939394e+01,8.939394e+01,8.939394e+01,8.939394e+01,8.901333e+01,8.901333e+01,8.901333e+01,8.901333e+01,8.901333e+01,8.901333e+01,8.901333e+01,8.901333e+01,8.880873e+01,8.854797e+01,8.854797e+01,8.854797e+01,8.854797e+01,8.854797e+01,8.854797e+01,8.816540e+01,8.818408e+01,8.815605e+01,8.815605e+01,8.815605e+01,8.815605e+01,8.815605e+01,8.777256e+01,8.792233e+01,8.792233e+01,8.792233e+01,8.792233e+01,8.762266e+01,8.762266e+01,8.762266e+01,8.762266e+01,8.762266e+01,8.723791e+01,8.726609e+01,8.726609e+01,8.726609e+01,8.726609e+01,8.726609e+01,8.726609e+01,8.726609e+01,8.726609e+01,8.726609e+01,8.726609e+01,8.726609e+01,8.695580e+01,8.695580e+01,8.695580e+01,8.695580e+01,8.695580e+01,8.656947e+01,8.666378e+01,8.666378e+01,8.666378e+01,8.666378e+01,8.666378e+01,8.666378e+01,8.666378e+01,8.666378e+01,8.666378e+01,8.666378e+01,8.666378e+01,8.666378e+01,8.666378e+01,8.666378e+01,8.666378e+01,8.627675e+01,8.642789e+01,8.642789e+01,8.642789e+01,8.642789e+01,8.642789e+01,8.642789e+01,8.642789e+01,8.642789e+01,8.642789e+01,8.642789e+01,8.642789e+01,8.642789e+01,8.642789e+01,8.642789e+01,8.642789e+01,8.642789e+01,8.642789e+01,8.642789e+01,8.642789e+01,8.642789e+01,8.681457e+01,8.672034e+01,8.672034e+01,8.672034e+01,8.672034e+01,8.672034e+01,8.672034e+01,8.672034e+01,8.672034e+01,8.672034e+01,8.672034e+01,8.672034e+01,8.672034e+01,8.672034e+01,8.672034e+01,8.710632e+01,8.686166e+01,8.686166e+01,8.686166e+01,8.686166e+01,8.686166e+01,8.647511e+01,8.647511e+01,8.647511e+01,8.647511e+01,8.647511e+01,8.612546e+01,8.612546e+01,8.612546e+01,8.589826e+01,8.566125e+01,8.566125e+01,8.566125e+01,8.524327e+01,8.511956e+01,8.496718e+01,8.480511e+01,8.480511e+01,8.480511e+01,8.441357e+01,8.424137e+01,8.387722e+01,8.370444e+01,8.350262e+01,8.350262e+01,8.314641e+01,8.258640e+01,8.239282e+01,8.206320e+01,8.164534e+01,8.129463e+01,8.114827e+01,8.088448e+01,8.021810e+01,7.939095e+01,7.891628e+01,7.846001e+01,7.799239e+01,7.760329e+01,7.684212e+01,7.632919e+01,7.572347e+01,7.529801e+01,7.467789e+01,7.420855e+01,7.344009e+01,7.294617e+01,7.259528e+01,7.178712e+01,7.123540e+01,7.074438e+01,7.036713e+01,6.958855e+01,6.900711e+01,6.823168e+01,6.785839e+01,6.743055e+01,6.670020e+01,6.598767e+01,6.555405e+01,6.473730e+01,6.431068e+01,6.344238e+01,6.265725e+01,6.223516e+01,6.138699e+01,6.047706e+01,6.000278e+01,5.917437e+01,5.836363e+01,5.788166e+01,5.735173e+01,5.649466e+01,5.601733e+01,5.502205e+01,5.436206e+01,5.365110e+01,5.306748e+01,5.251711e+01,5.165076e+01,5.105769e+01,5.031536e+01,4.978936e+01,4.902694e+01,4.887882e+01,4.794894e+01,4.742506e+01,4.714972e+01,4.673553e+01,4.624417e+01,4.567467e+01,4.514066e+01,4.460420e+01,4.427088e+01,4.387220e+01,4.348509e+01,4.308371e+01,4.255069e+01,4.218526e+01,4.183178e+01,4.133244e+01,4.106874e+01,4.067204e+01,4.036697e+01,4.002111e+01,3.970091e+01,3.948694e+01,3.908464e+01,3.876175e+01,3.876175e+01,3.842442e+01,3.808606e+01,3.777385e+01,3.777385e+01,3.777385e+01,3.777385e+01,3.777385e+01,3.777385e+01,3.777385e+01,3.777385e+01,3.811316e+01,3.811316e+01,3.811316e+01,3.866740e+01,3.853247e+01,3.853247e+01,3.853247e+01,3.853247e+01,3.908464e+01,3.905777e+01,3.907120e+01,3.907120e+01,3.962072e+01,3.959398e+01,3.962072e+01,3.962072e+01,3.962072e+01,3.962072e+01,3.962072e+01,3.962072e+01,3.962072e+01,3.962072e+01,3.962072e+01,3.962072e+01,4.016756e+01,4.010102e+01,4.010102e+01,4.010102e+01,4.010102e+01,4.010102e+01,4.064555e+01,4.059254e+01,4.059254e+01,4.059254e+01,4.113472e+01,4.110833e+01,4.118748e+01,4.118748e+01,4.118748e+01,4.118748e+01,4.118748e+01,4.118748e+01,4.172684e+01,4.166120e+01,4.166120e+01,4.166120e+01,4.166120e+01,4.166120e+01,4.219834e+01,4.198902e+01,4.198902e+01,4.198902e+01,4.198902e+01,4.198902e+01,4.198902e+01,4.198902e+01,4.198902e+01,4.198902e+01,4.145090e+01,4.147721e+01,4.145090e+01,4.145090e+01,4.145090e+01,4.145090e+01,4.145090e+01,4.145090e+01,4.145090e+01,4.145090e+01,4.145090e+01,4.145090e+01,4.114791e+01,4.114791e+01,4.114791e+01,4.114791e+01,4.114791e+01,4.114791e+01,4.114791e+01,4.114791e+01,4.114791e+01,4.102913e+01,4.068529e+01,4.068529e+01,4.068529e+01,4.068529e+01,4.068529e+01,4.068529e+01,4.068529e+01,4.068529e+01,4.068529e+01,4.068529e+01,4.068529e+01,4.068529e+01,4.068529e+01,4.068529e+01,4.068529e+01,4.068529e+01,4.068529e+01,4.068529e+01,4.068529e+01,4.068529e+01,4.031383e+01,4.031383e+01,4.031383e+01,4.031383e+01,4.031383e+01,4.031383e+01,4.031383e+01,4.031383e+01,4.031383e+01,4.031383e+01,3.998114e+01,3.998114e+01,3.998114e+01,3.998114e+01,3.998114e+01,3.998114e+01,3.998114e+01,3.998114e+01,3.998114e+01,3.998114e+01,3.998114e+01,3.943338e+01,3.998114e+01,3.976770e+01,3.976770e+01,3.976770e+01,3.921890e+01,3.943338e+01,3.943338e+01,3.943338e+01,3.943338e+01,3.943338e+01,3.943338e+01,3.943338e+01,3.943338e+01,3.943338e+01,3.943338e+01,3.943338e+01,3.943338e+01,3.943338e+01,3.943338e+01,3.943338e+01,3.943338e+01,3.888294e+01,3.892331e+01,3.892331e+01,3.892331e+01,3.892331e+01,3.892331e+01,3.892331e+01,3.892331e+01,3.892331e+01,3.892331e+01,3.892331e+01,3.892331e+01,3.892331e+01,3.892331e+01,3.892331e+01,3.892331e+01,3.892331e+01,3.892331e+01,3.864043e+01
3.639232e+01,3.639232e+01,3.639232e+01,3.639232e+01,3.639232e+01,3.639232e+01,3.639232e+01,3.639232e+01,3.639232e+01,3.681820e+01,3.703736e+01,3.720145e+01,3.720145e+01,3.720145e+01,3.776026e+01,3.773306e+01,3.770586e+01,3.770586e+01,3.770586e+01,3.826213e+01,3.804538e+01,3.822152e+01,3.824860e+01,3.824860e+01,3.824860e+01,3.824860e+01,3.880216e+01,3.872132e+01,3.872132e+01,3.872132e+01,3.872132e+01,3.872132e+01,3.919206e+01,3.927256e+01,3.943338e+01,3.943338e+01,3.943338e+01,4.008770e+01,4.008770e+01,4.008770e+01,4.040681e+01,4.040681e+01,4.076473e+01,4.104234e+01,4.104234e+01,4.104234e+01,4.104234e+01,4.104234e+01,4.104234e+01,4.104234e+01,4.104234e+01,4.104234e+01,4.104234e+01,4.104234e+01,4.104234e+01,4.104234e+01,4.104234e+01,4.104234e+01,4.104234e+01,4.104234e+01,4.104234e+01,4.104234e+01,4.104234e+01,4.104234e+01,4.057928e+01,4.057928e+01,4.057928e+01,4.057928e+01,4.003443e+01,4.014095e+01,4.007439e+01,4.007439e+01,4.007439e+01,4.007439e+01,4.007439e+01,4.007439e+01,3.952709e+01,3.974099e+01,3.974099e+01,3.974099e+01,4.028725e+01,4.028725e+01,4.023407e+01,4.023407e+01,4.077797e+01,4.043336e+01,4.043336e+01,4.043336e+01,4.043336e+01,4.043336e+01,4.043336e+01,4.077797e+01,4.117429e+01,4.152981e+01,4.209373e+01,4.248552e+01,4.300586e+01,4.330399e+01,4.378199e+01,4.412957e+01,4.468099e+01,4.511517e+01,4.554774e+01,4.601670e+01,4.649640e+01,4.713719e+01,4.761242e+01,4.807334e+01,4.853250e+01,4.896524e+01,4.989964e+01,5.038857e+01,5.081479e+01,5.186792e+01,5.228908e+01,5.301972e+01,5.349652e+01,5.411368e+01,5.517477e+01,5.577216e+01,5.634350e+01,5.686598e+01,5.778965e+01,5.814582e+01,5.861538e+01,5.945866e+01,5.987828e+01,6.075856e+01,6.119653e+01,6.186753e+01,6.221291e+01,6.281242e+01,6.387172e+01,6.444209e+01,6.507548e+01,6.587939e+01,6.639836e+01,6.719468e+01,6.822103e+01,6.879509e+01,6.936683e+01,7.002045e+01,7.088036e+01,7.141260e+01,7.222285e+01,7.304920e+01,7.359411e+01,7.449442e+01,7.505434e+01,7.566277e+01,7.638963e+01,7.730328e+01,7.789272e+01,7.871807e+01,7.908456e+01,7.997239e+01,8.039478e+01,8.117756e+01,8.157721e+01,8.195641e+01,8.277007e+01,8.356031e+01,8.390601e+01,8.458559e+01,8.492906e+01,8.567074e+01,8.591721e+01,8.626730e+01,8.677689e+01,8.716273e+01,8.750076e+01,8.783810e+01,8.818408e+01,8.852001e+01,8.885526e+01,8.908766e+01,8.972741e+01,8.978293e+01,8.989390e+01,9.018946e+01,9.026327e+01,9.064103e+01,9.049371e+01,9.076063e+01,9.090771e+01,9.090771e+01,9.090771e+01,9.090771e+01,9.090771e+01,9.090771e+01,9.128400e+01,9.104547e+01,9.104547e+01,9.104547e+01,9.104547e+01,9.104547e+01,9.104547e+01,9.104547e+01,9.104547e+01,9.104547e+01,9.104547e+01,9.104547e+01,9.104547e+01,9.104547e+01,9.104547e+01,9.104547e+01,9.104547e+01,9.104547e+01,9.104547e+01,9.104547e+01,9.104547e+01,9.100874e+01,9.076982e+01,9.076982e+01,9.076982e+01,9.039236e+01,9.053976e+01,9.053976e+01,9.053976e+01,9.053976e+01,9.053976e+01,9.053976e+01,9.053976e+01,9.016177e+01,9.030939e+01,9.030939e+01,9.030939e+01,9.004175e+01,9.004175e+01,9.004175e+01,9.004175e+01,9.004175e+01,9.004175e+01,9.004175e+01,9.004175e+01,9.004175e+01,8.968114e+01,8.968114e+01,8.968114e+01,8.968114e+01,8.968114e+01,8.968114e+01,8.968114e+01,8.930119e+01,8.930119e+01,8.968114e+01,8.953297e+01,8.953297e+01,8.953297e+01,8.915268e+01,8.930119e+01,8.915268e+01,8.912482e+01,8.912482e+01,8.912482e+01,8.912482e+01,8.912482e+01,8.912482e+01,8.874358e+01,8.874358e+01,8.869703e+01,8.857593e+01,8.857593e+01,8.857593e+01,8.857593e+01,8.857593e+01,8.857593e+01,8.854797e+01,8.830547e+01,8.830547e+01,8.830547e+01,8.792233e+01,8.807195e+01,8.792233e+01,8.788490e+01,8.788490e+01,8.788490e+01,8.788490e+01,8.788490e+01,8.762266e+01,8.762266e+01,8.762266e+01,8.762266e+01,8.762266e+01,8.762266e+01,8.762266e+01,8.762266e+01,8.726609e+01,8.726609e+01,8.726609e+01,8.726609e+01,8.726609e+01,8.726609e+01,8.726609e+01,8.726609e+01,8.726609e+01,8.726609e+01,8.695580e+01,8.695580e+01,8.695580e+01,8.695580e+01,8.695580e+01,8.695580e+01,8.695580e+01,8.695580e+01,8.695580e+01,8.695580e+01,8.666378e+01,8.666378e+01,8.666378e+01,8.666378e+01,8.666378e+01,8.666378e+01,8.666378e+01,8.666378e+01,8.666378e+01,8.666378e+01,8.666378e+01,8.666378e+01,8.666378e+01,8.666378e+01,8.666378e+01,8.666378e+01,8.666378e+01,8.666378e+01,8.666378e+01,8.642789e+01,8.642789e+01,8.642789e+01,8.642789e+01,8.642789e+01,8.642789e+01,8.642789e+01,8.642789e+01,8.642789e+01,8.642789e+01,8.681457e+01,8.673920e+01,8.672034e+01,8.672034e+01,8.672034e+01,8.672034e+01,8.672034e+01,8.672034e+01,8.672034e+01,8.672034e+01,8.672034e+01,8.672034e+01,8.710632e+01,8.686166e+01,8.686166e+01,8.686166e+01,8.686166e+01,8.686166e+01,8.686166e+01,8.686166e+01,8.686166e+01,8.686166e+01,8.686166e+01,8.647511e+01,8.647511e+01,8.647511e+01,8.647511e+01,8.647511e+01,8.612546e+01,8.612546e+01,8.612546e+01,8.612546e+01,8.604976e+01,8.580350e+01,8.565176e+01,8.536687e+01,8.536687e+01,8.496718e+01,8.496718e+01,8.496718e+01,8.457603e+01,8.452827e+01,8.420308e+01,8.400189e+01,8.370444e+01,8.353147e+01,8.337756e+01,8.305964e+01,8.271209e+01,8.236377e+01,8.197584e+01,8.155773e+01,8.142136e+01,8.114827e+01,8.077687e+01,8.012969e+01,7.930206e+01,7.882712e+01,7.837057e+01,7.790269e+01,7.751334e+01,7.716309e+01,7.646011e+01,7.577405e+01,7.526757e+01,7.459638e+01,7.412677e+01,7.377871e+01,7.295647e+01,7.253328e+01,7.213995e+01,7.125626e+01,7.070251e+01,7.030416e+01,6.952524e+01,6.894353e+01,6.860400e+01,6.789043e+01,6.739841e+01,6.663558e+01,6.592271e+01,6.548888e+01,6.467175e+01,6.424492e+01,6.337620e+01,6.259069e+01,6.216839e+01,6.131980e+01,6.087100e+01,6.003671e+01,5.915161e+01,5.877534e+01,5.792764e+01,5.735173e+01,5.644817e+01,5.597067e+01,5.497503e+01,5.431479e+01,5.360356e+01,5.301972e+01,5.246914e+01,5.160246e+01,5.100914e+01,5.076616e+01,4.985064e+01,4.924878e+01,4.839618e+01,4.783687e+01,4.750004e+01,4.708706e+01,4.668523e+01,4.619366e+01,4.562392e+01,4.508967e+01,4.468099e+01,4.432222e+01,4.389796e+01,4.348509e+01,4.294094e+01,4.262885e+01,4.223754e+01,4.173996e+01,4.150351e+01,4.106874e+01,4.064555e+01,4.034040e+01,3.999446e+01,3.974099e+01,3.935300e+01,3.905777e+01,3.880216e+01,3.862694e+01,3.839738e+01,3.805894e+01,3.781462e+01,3.781462e+01,3.781462e+01,3.781462e+01,3.781462e+01,3.781462e+01,3.781462e+01,3.781462e+01,3.811316e+01,3.811316e+01,3.811316e+01,3.866740e+01,3.866740e+01,3.866740e+01,3.866740e+01,3.866740e+01,3.866740e+01,3.866740e+01,3.907120e+01,3.929938e+01,3.944677e+01,3.944677e+01,3.944677e+01,3.944677e+01,3.999446e+01,3.978105e+01,3.978105e+01,3.978105e+01,3.978105e+01,3.978105e+01,3.978105e+01,3.978105e+01,3.978105e+01,4.010102e+01,4.010102e+01,4.010102e+01,4.010102e+01,4.010102e+01,4.010102e+01,4.059254e+01,4.059254e+01,4.059254e+01,4.059254e+01,4.110833e+01,4.110833e+01,4.110833e+01,4.110833e+01,4.110833e+01,4.110833e+01,4.164807e+01,4.159552e+01,4.159552e+01,4.159552e+01,4.159552e+01,4.159552e+01,4.213297e+01,4.206756e+01,4.206756e+01,4.206756e+01,4.206756e+01,4.206756e+01,4.206756e+01,4.206756e+01,4.206756e+01,4.152981e+01,4.163493e+01,4.160866e+01,4.160866e+01,4.160866e+01,4.160866e+01,4.160866e+01,4.160866e+01,4.160866e+01,4.106874e+01,4.127974e+01,4.127974e+01,4.127974e+01,4.127974e+01,4.127974e+01,4.127974e+01,4.073826e+01,4.094987e+01,4.094987e+01,4.094987e+01,4.094987e+01,4.094987e+01,4.094987e+01,4.094987e+01,4.094987e+01,4.094987e+01,4.094987e+01,4.094987e+01,4.094987e+01,4.094987e+01,4.094987e+01,4.094987e+01,4.094987e+01,4.094987e+01,4.094987e+01,4.094987e+01,4.040681e+01,4.061905e+01,4.061905e+01,4.061905e+01,4.061905e+01,4.061905e+01,4.061905e+01,4.061905e+01,4.061905e+01,4.061905e+01,4.031383e+01,4.031383e+01,4.031383e+01,4.031383e+01,4.031383e+01,4.031383e+01,4.031383e+01,4.031383e+01,3.998114e+01,3.998114e+01,3.998114e+01,3.998114e+01,3.998114e+01,3.998114e+01,3.998114e+01,3.998114e+01,3.998114e+01,3.998114e+01,3.998114e+01,3.943338e+01,3.980775e+01,3.980775e+01,3.980775e+01,3.980775e+01,3.980775e+01,3.980775e+01,3.943338e+01,3.943338e+01,3.943338e+01,3.943338e+01,3.943338e+01,3.943338e+01,3.943338e+01,3.943338e+01,3.943338e+01,3.943338e+01,3.943338e+01,3.943338e+01,3.943338e+01,3.943338e+01,3.943338e+01,3.943338e+01,3.943338e+01,3.943338e+01,3.892331e+01,3.892331e+01,3.892331e+01,3.892331e+01,3.892331e+01,3.892331e+01,3.892331e+01,3.892331e+01,3.892331e+01,3.892331e+01,3.892331e+01,3.892331e+01,3.837035e+01,3.872132e+01,3.854597e+01,3.859996e+01
3.639232e+01,3.639232e+01,3.639232e+01,3.639232e+01,3.639232e+01,3.639232e+01,3.639232e+01,3.639232e+01,3.695523e+01,3.681820e+01,3.681820e+01,3.681820e+01,3.720145e+01,3.743349e+01,3.758338e+01,3.758338e+01,3.758338e+01,3.758338e+01,3.758338e+01,3.826213e+01,3.770586e+01,3.809961e+01,3.809961e+01,3.865392e+01,3.843793e+01,3.866740e+01,3.864043e+01,3.864043e+01,3.864043e+01,3.864043e+01,3.864043e+01,3.864043e+01,3.919206e+01,3.919206e+01,3.919206e+01,3.974099e+01,3.971427e+01,3.992781e+01,3.992781e+01,3.992781e+01,4.040681e+01,4.057928e+01,4.079120e+01,4.100272e+01,4.100272e+01,4.100272e+01,4.154295e+01,4.120066e+01,4.120066e+01,4.120066e+01,4.120066e+01,4.120066e+01,4.120066e+01,4.120066e+01,4.120066e+01,4.120066e+01,4.120066e+01,4.120066e+01,4.120066e+01,4.120066e+01,4.120066e+01,4.120066e+01,4.065880e+01,4.068529e+01,4.073826e+01,4.073826e+01,4.073826e+01,4.073826e+01,4.057928e+01,4.023407e+01,4.023407e+01,4.023407e+01,4.023407e+01,3.968755e+01,3.990114e+01,3.967419e+01,3.968755e+01,3.968755e+01,3.968755e+01,3.968755e+01,4.028725e+01,4.028725e+01,4.028725e+01,4.028725e+01,4.028725e+01,4.083089e+01,4.061905e+01,4.061905e+01,4.061905e+01,4.061905e+01,4.061905e+01,4.116110e+01,4.124021e+01,4.167433e+01,4.201521e+01,4.255069e+01,4.292796e+01,4.336870e+01,4.370461e+01,4.419382e+01,4.473215e+01,4.516614e+01,4.559853e+01,4.606729e+01,4.654679e+01,4.718731e+01,4.766233e+01,4.812306e+01,4.858204e+01,4.901460e+01,4.994862e+01,5.043736e+01,5.086341e+01,5.142113e+01,5.222900e+01,5.299583e+01,5.350842e+01,5.414919e+01,5.520999e+01,5.580721e+01,5.637840e+01,5.690074e+01,5.772060e+01,5.820317e+01,5.864968e+01,5.949274e+01,5.991225e+01,6.079230e+01,6.123016e+01,6.180058e+01,6.226853e+01,6.295635e+01,6.377276e+01,6.437640e+01,6.504279e+01,6.587939e+01,6.643073e+01,6.733411e+01,6.812513e+01,6.873141e+01,6.933512e+01,7.002045e+01,7.091172e+01,7.187022e+01,7.231605e+01,7.309040e+01,7.405518e+01,7.458619e+01,7.510514e+01,7.571336e+01,7.643997e+01,7.735332e+01,7.794257e+01,7.876765e+01,7.913402e+01,8.002157e+01,8.044382e+01,8.122635e+01,8.162588e+01,8.200497e+01,8.281837e+01,8.360837e+01,8.395396e+01,8.463334e+01,8.536687e+01,8.570868e+01,8.602137e+01,8.632400e+01,8.683340e+01,8.721912e+01,8.755703e+01,8.789425e+01,8.824011e+01,8.857593e+01,8.918053e+01,8.930119e+01,8.961633e+01,8.999556e+01,8.999556e+01,9.016177e+01,9.039236e+01,9.052134e+01,9.061341e+01,9.073303e+01,9.073303e+01,9.110973e+01,9.096282e+01,9.096282e+01,9.096282e+01,9.096282e+01,9.096282e+01,9.096282e+01,9.096282e+01,9.096282e+01,9.133900e+01,9.119231e+01,9.119231e+01,9.119231e+01,9.119231e+01,9.119231e+01,9.119231e+01,9.119231e+01,9.119231e+01,9.119231e+01,9.119231e+01,9.119231e+01,9.081580e+01,9.096282e+01,9.096282e+01,9.096282e+01,9.096282e+01,9.096282e+01,9.076982e+01,9.076982e+01,9.076982e+01,9.076982e+01,9.076982e+01,9.076982e+01,9.076982e+01,9.053976e+01,9.053976e+01,9.053976e+01,9.053976e+01,9.016177e+01,9.016177e+01,9.016177e+01,9.016177e+01,9.016177e+01,9.016177e+01,9.016177e+01,9.016177e+01,9.016177e+01,9.016177e+01,8.978293e+01,8.993087e+01,8.977367e+01,8.979218e+01,8.979218e+01,8.979218e+01,8.979218e+01,8.979218e+01,8.979218e+01,8.941248e+01,8.941248e+01,8.957002e+01,8.957002e+01,8.957002e+01,8.957002e+01,8.957002e+01,8.953297e+01,8.929191e+01,8.929191e+01,8.929191e+01,8.929191e+01,8.891106e+01,8.905979e+01,8.905979e+01,8.905979e+01,8.874358e+01,8.874358e+01,8.874358e+01,8.874358e+01,8.874358e+01,8.836146e+01,8.851069e+01,8.851069e+01,8.851069e+01,8.851069e+01,8.830547e+01,8.830547e+01,8.792233e+01,8.801585e+01,8.801585e+01,8.801585e+01,8.801585e+01,8.801585e+01,8.763203e+01,8.778192e+01,8.766015e+01,8.766015e+01,8.766015e+01,8.766015e+01,8.766015e+01,8.727548e+01,8.751952e+01,8.751952e+01,8.751952e+01,8.726609e+01,8.726609e+01,8.726609e+01,8.726609e+01,8.726609e+01,8.726609e+01,8.726609e+01,8.726609e+01,8.726609e+01,8.726609e+01,8.695580e+01,8.695580e+01,8.695580e+01,8.695580e+01,8.695580e+01,8.695580e+01,8.695580e+01,8.695580e+01,8.695580e+01,8.695580e+01,8.695580e+01,8.695580e+01,8.695580e+01,8.666378e+01,8.666378e+01,8.666378e+01,8.666378e+01,8.666378e+01,8.666378e+01,8.666378e+01,8.666378e+01,8.666378e+01,8.666378e+01,8.666378e+01,8.666378e+01,8.666378e+01,8.666378e+01,8.666378e+01,8.666378e+01,8.642789e+01,8.642789e+01,8.642789e+01,8.681457e+01,8.656947e+01,8.656947e+01,8.656947e+01,8.656947e+01,8.656947e+01,8.656947e+01,8.656947e+01,8.656947e+01,8.656947e+01,8.656947e+01,8.656947e+01,8.695580e+01,8.680515e+01,8.680515e+01,8.680515e+01,8.680515e+01,8.680515e+01,8.719093e+01,8.710632e+01,8.688991e+01,8.688991e+01,8.688991e+01,8.688991e+01,8.688991e+01,8.688991e+01,8.688991e+01,8.688991e+01,8.688991e+01,8.688991e+01,8.688991e+01,8.647511e+01,8.647511e+01,8.647511e+01,8.647511e+01,8.647511e+01,8.612546e+01,8.612546e+01,8.612546e+01,8.573713e+01,8.583193e+01,8.555686e+01,8.539539e+01,8.523376e+01,8.509100e+01,8.509100e+01,8.509100e+01,8.457603e+01,8.436576e+01,8.425095e+01,8.403065e+01,8.376205e+01,8.376205e+01,8.337756e+01,8.300177e+01,8.265409e+01,8.230564e+01,8.231533e+01,8.183984e+01,8.161614e+01,8.083558e+01,8.070836e+01,8.008055e+01,7.965730e+01,7.886675e+01,7.876765e+01,7.798243e+01,7.755332e+01,7.675174e+01,7.636948e+01,7.572347e+01,7.521683e+01,7.454541e+01,7.407564e+01,7.372746e+01,7.290493e+01,7.248158e+01,7.208812e+01,7.120411e+01,7.065015e+01,7.025166e+01,6.947245e+01,6.899652e+01,6.852961e+01,6.783703e+01,6.734483e+01,6.658170e+01,6.586856e+01,6.543456e+01,6.461710e+01,6.419010e+01,6.332103e+01,6.298954e+01,6.221291e+01,6.131980e+01,6.082603e+01,5.999147e+01,5.910606e+01,5.872966e+01,5.788166e+01,5.730555e+01,5.640166e+01,5.592399e+01,5.540938e+01,5.437388e+01,5.411368e+01,5.315102e+01,5.207266e+01,5.149369e+01,5.116683e+01,5.071750e+01,4.981388e+01,4.921183e+01,4.886647e+01,4.809820e+01,4.748754e+01,4.714972e+01,4.659715e+01,4.615576e+01,4.558584e+01,4.515340e+01,4.471936e+01,4.420667e+01,4.396235e+01,4.339457e+01,4.300586e+01,4.266791e+01,4.211989e+01,4.191043e+01,4.145090e+01,4.113472e+01,4.068529e+01,4.035369e+01,4.004775e+01,3.962072e+01,3.932619e+01,3.909807e+01,3.909807e+01,3.862694e+01,3.822152e+01,3.809961e+01,3.809961e+01,3.809961e+01,3.781462e+01,3.781462e+01,3.781462e+01,3.781462e+01,3.781462e+01,3.781462e+01,3.811316e+01,3.811316e+01,3.866740e+01,3.853247e+01,3.853247e+01,3.853247e+01,3.853247e+01,3.908464e+01,3.886948e+01,3.904433e+01,3.901744e+01,3.929938e+01,3.929938e+01,3.929938e+01,3.984778e+01,3.982109e+01,3.983444e+01,3.983444e+01,3.983444e+01,3.983444e+01,3.983444e+01,3.983444e+01,3.983444e+01,3.983444e+01,3.983444e+01,3.983444e+01,3.983444e+01,4.038025e+01,4.016756e+01,4.016756e+01,4.016756e+01,4.059254e+01,4.059254e+01,4.059254e+01,4.059254e+01,4.110833e+01,4.110833e+01,4.110833e+01,4.110833e+01,4.110833e+01,4.110833e+01,4.164807e+01,4.164807e+01,4.164807e+01,4.164807e+01,4.218526e+01,4.208064e+01,4.200212e+01,4.200212e+01,4.200212e+01,4.200212e+01,4.200212e+01,4.200212e+01,4.200212e+01,4.200212e+01,4.200212e+01,4.200212e+01,4.163493e+01,4.163493e+01,4.163493e+01,4.163493e+01,4.163493e+01,4.163493e+01,4.163493e+01,4.109513e+01,4.120066e+01,4.120066e+01,4.120066e+01,4.120066e+01,4.120066e+01,4.120066e+01,4.120066e+01,4.120066e+01,4.120066e+01,4.120066e+01,4.120066e+01,4.120066e+01,4.065880e+01,4.087056e+01,4.087056e+01,4.087056e+01,4.087056e+01,4.087056e+01,4.087056e+01,4.087056e+01,4.087056e+01,4.087056e+01,4.087056e+01,4.087056e+01,4.087056e+01,4.087056e+01,4.087056e+01,4.040681e+01,4.040681e+01,4.040681e+01,4.040681e+01,4.040681e+01,4.040681e+01,4.040681e+01,4.040681e+01,4.040681e+01,4.040681e+01,4.040681e+01,4.040681e+01,4.040681e+01,4.040681e+01,4.040681e+01,4.040681e+01,4.040681e+01,3.986113e+01,3.999446e+01,3.999446e+01,3.999446e+01,3.999446e+01,3.999446e+01,3.999446e+01,3.999446e+01,3.999446e+01,3.999446e+01,3.999446e+01,3.999446e+01,3.999446e+01,3.944677e+01,3.966082e+01,3.966082e+01,3.966082e+01,3.966082e+01,3.966082e+01,3.966082e+01,3.966082e+01,3.966082e+01,3.966082e+01,3.966082e+01,3.966082e+01,3.966082e+01,3.966082e+01,3.911150e+01,3.932619e+01,3.932619e+01,3.932619e+01,3.932619e+01,3.932619e+01,3.932619e+01,3.932619e+01,3.932619e+01,3.932619e+01,3.932619e+01,3.932619e+01,3.932619e+01,3.932619e+01,3.892331e+01,3.892331e+01,3.892331e+01,3.892331e+01,3.892331e+01,3.892331e+01,3.892331e+01,3.892331e+01,3.892331e+01,3.892331e+01,3.892331e+01,3.892331e+01
3.639232e+01,3.639232e+01,3.639232e+01,3.639232e+01,3.639232e+01,3.639232e+01,3.639232e+01,3.639232e+01,3.695523e+01,3.695523e+01,3.695523e+01,3.695523e+01,3.695523e+01,3.743349e+01,3.743349e+01,3.743349e+01,3.743349e+01,3.799113e+01,3.796399e+01,3.805894e+01,3.803182e+01,3.804538e+01,3.827567e+01,3.847846e+01,3.847846e+01,3.847846e+01,3.847846e+01,3.847846e+01,3.847846e+01,3.847846e+01,3.847846e+01,3.903089e+01,3.903089e+01,3.903089e+01,3.903089e+01,3.974099e+01,3.974099e+01,3.974099e+01,3.974099e+01,4.028725e+01,4.024737e+01,4.057928e+01,4.057928e+01,4.100272e+01,4.100272e+01,4.100272e+01,4.100272e+01,4.100272e+01,4.100272e+01,4.100272e+01,4.154295e+01,4.133244e+01,4.133244e+01,4.133244e+01,4.133244e+01,4.133244e+01,4.133244e+01,4.133244e+01,4.079120e+01,4.100272e+01,4.100272e+01,4.100272e+01,4.100272e+01,4.100272e+01,4.100272e+01,4.045991e+01,4.067204e+01,4.067204e+01,4.012764e+01,4.026067e+01,4.026067e+01,4.026067e+01,3.971427e+01,3.982109e+01,3.982109e+01,3.982109e+01,3.982109e+01,3.982109e+01,3.982109e+01,3.982109e+01,3.982109e+01,4.028725e+01,4.028725e+01,4.028725e+01,4.028725e+01,4.083089e+01,4.083089e+01,4.028725e+01,4.049971e+01,4.049971e+01,4.049971e+01,4.061905e+01,4.124021e+01,4.160866e+01,4.210681e+01,4.248552e+01,4.301883e+01,4.330399e+01,4.379488e+01,4.423236e+01,4.477051e+01,4.520436e+01,4.563661e+01,4.610521e+01,4.658456e+01,4.722488e+01,4.769976e+01,4.816034e+01,4.861917e+01,4.905161e+01,4.948251e+01,5.036417e+01,5.081479e+01,5.189202e+01,5.233712e+01,5.303166e+01,5.354411e+01,5.418470e+01,5.524520e+01,5.584226e+01,5.641329e+01,5.693549e+01,5.775513e+01,5.823757e+01,5.915161e+01,5.912883e+01,6.022884e+01,6.087100e+01,6.127499e+01,6.184522e+01,6.231301e+01,6.300061e+01,6.381675e+01,6.442019e+01,6.508637e+01,6.592271e+01,6.691541e+01,6.741984e+01,6.817841e+01,6.878448e+01,6.938796e+01,7.007303e+01,7.104755e+01,7.177673e+01,7.227463e+01,7.318304e+01,7.396308e+01,7.454541e+01,7.511530e+01,7.576393e+01,7.649030e+01,7.699266e+01,7.790269e+01,7.876765e+01,7.917358e+01,8.006089e+01,8.048304e+01,8.126537e+01,8.166479e+01,8.244124e+01,8.289561e+01,8.326202e+01,8.391560e+01,8.463334e+01,8.540489e+01,8.574661e+01,8.597403e+01,8.639012e+01,8.687108e+01,8.687108e+01,8.751014e+01,8.787553e+01,8.824945e+01,8.898544e+01,8.908766e+01,8.898544e+01,8.959781e+01,8.985692e+01,9.023560e+01,9.023560e+01,9.036470e+01,9.036470e+01,9.061341e+01,9.061341e+01,9.099038e+01,9.099957e+01,9.099957e+01,9.099957e+01,9.099957e+01,9.099957e+01,9.099957e+01,9.137566e+01,9.113726e+01,9.129317e+01,9.124733e+01,9.124733e+01,9.124733e+01,9.124733e+01,9.124733e+01,9.124733e+01,9.124733e+01,9.124733e+01,9.124733e+01,9.124733e+01,9.087095e+01,9.094445e+01,9.092608e+01,9.092608e+01,9.092608e+01,9.092608e+01,9.092608e+01,9.092608e+01,9.092608e+01,9.054897e+01,9.069624e+01,9.069624e+01,9.069624e+01,9.069624e+01,9.069624e+01,9.031860e+01,9.046607e+01,9.046607e+01,9.046607e+01,9.046607e+01,9.046607e+01,9.016177e+01,9.016177e+01,9.016177e+01,9.016177e+01,9.016177e+01,9.016177e+01,9.016177e+01,9.016177e+01,8.978293e+01,8.978293e+01,8.978293e+01,8.978293e+01,8.978293e+01,8.978293e+01,8.978293e+01,8.978293e+01,8.978293e+01,8.978293e+01,8.941248e+01,8.941248e+01,8.941248e+01,8.941248e+01,8.941248e+01,8.941248e+01,8.941248e+01,8.941248e+01,8.903191e+01,8.918053e+01,8.902262e+01,8.902262e+01,8.902262e+01,8.902262e+01,8.902262e+01,8.902262e+01,8.874358e+01,8.874358e+01,8.874358e+01,8.874358e+01,8.874358e+01,8.851069e+01,8.851069e+01,8.851069e+01,8.851069e+01,8.830547e+01,8.814671e+01,8.804391e+01,8.804391e+01,8.804391e+01,8.804391e+01,8.804391e+01,8.804391e+01,8.763203e+01,8.763203e+01,8.763203e+01,8.763203e+01,8.763203e+01,8.763203e+01,8.763203e+01,8.763203e+01,8.763203e+01,8.724730e+01,8.724730e+01,8.728487e+01,8.728487e+01,8.728487e+01,8.728487e+01,8.728487e+01,8.728487e+01,8.728487e+01,8.728487e+01,8.728487e+01,8.728487e+01,8.728487e+01,8.695580e+01,8.695580e+01,8.695580e+01,8.695580e+01,8.695580e+01,8.695580e+01,8.695580e+01,8.695580e+01,8.695580e+01,8.695580e+01,8.695580e+01,8.695580e+01,8.695580e+01,8.666378e+01,8.666378e+01,8.704990e+01,8.680515e+01,8.680515e+01,8.680515e+01,8.680515e+01,8.680515e+01,8.680515e+01,8.680515e+01,8.680515e+01,8.680515e+01,8.680515e+01,8.641846e+01,8.680515e+01,8.659777e+01,8.659777e+01,8.659777e+01,8.659777e+01,8.659777e+01,8.659777e+01,8.659777e+01,8.659777e+01,8.659777e+01,8.659777e+01,8.659777e+01,8.659777e+01,8.659777e+01,8.698404e+01,8.690874e+01,8.686166e+01,8.686166e+01,8.686166e+01,8.686166e+01,8.686166e+01,8.686166e+01,8.686166e+01,8.686166e+01,8.686166e+01,8.686166e+01,8.724730e+01,8.700285e+01,8.700285e+01,8.700285e+01,8.700285e+01,8.700285e+01,8.700285e+01,8.700285e+01,8.661663e+01,8.658833e+01,8.658833e+01,8.658833e+01,8.658833e+01,8.658833e+01,8.612546e+01,8.612546e+01,8.612546e+01,8.573713e+01,8.570868e+01,8.558533e+01,8.558533e+01,8.523376e+01,8.523376e+01,8.523376e+01,8.484326e+01,8.456648e+01,8.439445e+01,8.415520e+01,8.401148e+01,8.379086e+01,8.362759e+01,8.333906e+01,8.296317e+01,8.261541e+01,8.243156e+01,8.226688e+01,8.188842e+01,8.154800e+01,8.096268e+01,8.066920e+01,8.004123e+01,7.961787e+01,7.899550e+01,7.872798e+01,7.794257e+01,7.751334e+01,7.712300e+01,7.641983e+01,7.574371e+01,7.520668e+01,7.493236e+01,7.413699e+01,7.376846e+01,7.334761e+01,7.259528e+01,7.176634e+01,7.155836e+01,7.067110e+01,7.025166e+01,6.945133e+01,6.897533e+01,6.850835e+01,6.781566e+01,6.732338e+01,6.656015e+01,6.629041e+01,6.551060e+01,6.468268e+01,6.424492e+01,6.343135e+01,6.296742e+01,6.220178e+01,6.130859e+01,6.081479e+01,5.998016e+01,5.909467e+01,5.871824e+01,5.787016e+01,5.729400e+01,5.639003e+01,5.591232e+01,5.491621e+01,5.481029e+01,5.417286e+01,5.318681e+01,5.257705e+01,5.179558e+01,5.120319e+01,5.074183e+01,4.982613e+01,4.928571e+01,4.879233e+01,4.808577e+01,4.755000e+01,4.706199e+01,4.658456e+01,4.614313e+01,4.557314e+01,4.514066e+01,4.470657e+01,4.437354e+01,4.391084e+01,4.345923e+01,4.304479e+01,4.255069e+01,4.228979e+01,4.185801e+01,4.151666e+01,4.104234e+01,4.075150e+01,4.039353e+01,4.006107e+01,3.960735e+01,3.936640e+01,3.936640e+01,3.881563e+01,3.861345e+01,3.826213e+01,3.826213e+01,3.770586e+01,3.770586e+01,3.776026e+01,3.776026e+01,3.776026e+01,3.776026e+01,3.776026e+01,3.831625e+01,3.818090e+01,3.841090e+01,3.850547e+01,3.850547e+01,3.850547e+01,3.905777e+01,3.895021e+01,3.892331e+01,3.892331e+01,3.892331e+01,3.892331e+01,3.929938e+01,3.929938e+01,3.929938e+01,3.984778e+01,3.984778e+01,3.984778e+01,3.984778e+01,3.984778e+01,3.984778e+01,3.984778e+01,3.984778e+01,3.984778e+01,3.984778e+01,3.984778e+01,3.984778e+01,4.039353e+01,4.026067e+01,4.026067e+01,4.026067e+01,4.026067e+01,4.026067e+01,4.059254e+01,4.059254e+01,4.059254e+01,4.110833e+01,4.110833e+01,4.110833e+01,4.110833e+01,4.110833e+01,4.110833e+01,4.164807e+01,4.164807e+01,4.164807e+01,4.164807e+01,4.218526e+01,4.218526e+01,4.218526e+01,4.218526e+01,4.218526e+01,4.218526e+01,4.218526e+01,4.164807e+01,4.185801e+01,4.185801e+01,4.185801e+01,4.185801e+01,4.185801e+01,4.185801e+01,4.131926e+01,4.152981e+01,4.152981e+01,4.152981e+01,4.152981e+01,4.152981e+01,4.152981e+01,4.152981e+01,4.120066e+01,4.120066e+01,4.120066e+01,4.120066e+01,4.120066e+01,4.120066e+01,4.120066e+01,4.065880e+01,4.100272e+01,4.077797e+01,4.081766e+01,4.081766e+01,4.081766e+01,4.081766e+01,4.081766e+01,4.081766e+01,4.081766e+01,4.081766e+01,4.081766e+01,4.081766e+01,4.081766e+01,4.081766e+01,4.081766e+01,4.081766e+01,4.081766e+01,4.081766e+01,4.081766e+01,4.081766e+01,4.040681e+01,4.040681e+01,4.040681e+01,4.040681e+01,4.040681e+01,4.040681e+01,4.040681e+01,4.040681e+01,4.040681e+01,4.040681e+01,4.040681e+01,4.040681e+01,4.040681e+01,4.040681e+01,4.040681e+01,4.040681e+01,4.040681e+01,4.040681e+01,3.999446e+01,3.999446e+01,3.999446e+01,3.999446e+01,3.999446e+01,3.999446e+01,3.999446e+01,3.999446e+01,3.999446e+01,3.944677e+01,3.999446e+01,3.978105e+01,3.978105e+01,3.978105e+01,3.978105e+01,3.978105e+01,3.978105e+01,3.978105e+01,3.978105e+01,3.978105e+01,3.923232e+01,3.944677e+01,3.921890e+01,3.924573e+01,3.924573e+01,3.924573e+01,3.924573e+01,3.924573e+01,3.924573e+01,3.924573e+01,3.924573e+01,3.924573e+01,3.924573e+01,3.924573e+01,3.924573e+01,3.924573e+01,3.924573e+01,3.924573e+01,3.924573e+01,3.924573e+01,3.924573e+01,3.924573e+01,3.924573e+01,3.892331e+01,3.892331e+01,3.892331e+01,3.892331e+01,3.892331e+01,3.892331e+01
3.639232e+01,3.639232e+01,3.639232e+01,3.639232e+01,3.639232e+01,3.639232e+01,3.639232e+01,3.639232e+01,3.695523e+01,3.695523e+01,3.695523e+01,3.695523e+01,3.695523e+01,3.695523e+01,3.743349e+01,3.743349e+01,3.743349e+01,3.743349e+01,3.796399e+01,3.796399e+01,3.796399e+01,3.851897e+01,3.816735e+01,3.816735e+01,3.816735e+01,3.847846e+01,3.847846e+01,3.847846e+01,3.847846e+01,3.847846e+01,3.847846e+01,3.903089e+01,3.903089e+01,3.903089e+01,3.903089e+01,3.919206e+01,3.954047e+01,3.954047e+01,4.008770e+01,4.012764e+01,4.030054e+01,4.053951e+01,4.071178e+01,4.096309e+01,4.096309e+01,4.096309e+01,4.096309e+01,4.096309e+01,4.096309e+01,4.096309e+01,4.100272e+01,4.134560e+01,4.134560e+01,4.134560e+01,4.134560e+01,4.134560e+01,4.080443e+01,4.091023e+01,4.094987e+01,4.094987e+01,4.094987e+01,4.094987e+01,4.094987e+01,4.094987e+01,4.094987e+01,4.045991e+01,4.045991e+01,4.045991e+01,4.045991e+01,4.045991e+01,3.991448e+01,3.994115e+01,3.987447e+01,3.987447e+01,3.987447e+01,3.987447e+01,3.987447e+01,3.987447e+01,3.987447e+01,3.987447e+01,3.987447e+01,4.028725e+01,4.028725e+01,4.083089e+01,4.072502e+01,4.069854e+01,4.047318e+01,4.044664e+01,4.044664e+01,4.044664e+01,4.098951e+01,4.088379e+01,4.171371e+01,4.188422e+01,4.211989e+01,4.264187e+01,4.296691e+01,4.340751e+01,4.380777e+01,4.424520e+01,4.478329e+01,4.521709e+01,4.564930e+01,4.611785e+01,4.659715e+01,4.723740e+01,4.771223e+01,4.817276e+01,4.863155e+01,4.906394e+01,4.949480e+01,5.037637e+01,5.082695e+01,5.190408e+01,5.234913e+01,5.304360e+01,5.355600e+01,5.419653e+01,5.525694e+01,5.585394e+01,5.642492e+01,5.694707e+01,5.776664e+01,5.824903e+01,5.900351e+01,5.965163e+01,6.020625e+01,6.085976e+01,6.127499e+01,6.185637e+01,6.277918e+01,6.354157e+01,6.391568e+01,6.444209e+01,6.555405e+01,6.595519e+01,6.681861e+01,6.735554e+01,6.814645e+01,6.878448e+01,6.985206e+01,7.053492e+01,7.102666e+01,7.179751e+01,7.231605e+01,7.322421e+01,7.400402e+01,7.458619e+01,7.515591e+01,7.580437e+01,7.653055e+01,7.744336e+01,7.799239e+01,7.881721e+01,7.922301e+01,8.011004e+01,8.053205e+01,8.131414e+01,8.171344e+01,8.209232e+01,8.285699e+01,8.366602e+01,8.400189e+01,8.468107e+01,8.506244e+01,8.556635e+01,8.590773e+01,8.675804e+01,8.677689e+01,8.732244e+01,8.759454e+01,8.792233e+01,8.829613e+01,8.886456e+01,8.886456e+01,8.924551e+01,8.960707e+01,8.996784e+01,9.011562e+01,9.011562e+01,9.036470e+01,9.048450e+01,9.058580e+01,9.075143e+01,9.087095e+01,9.087095e+01,9.087095e+01,9.124733e+01,9.110055e+01,9.110055e+01,9.110055e+01,9.110055e+01,9.110055e+01,9.110055e+01,9.110055e+01,9.110055e+01,9.110055e+01,9.110055e+01,9.110055e+01,9.110055e+01,9.110055e+01,9.110055e+01,9.110055e+01,9.110055e+01,9.110055e+01,9.110055e+01,9.110055e+01,9.110055e+01,9.110055e+01,9.110055e+01,9.072383e+01,9.087095e+01,9.070544e+01,9.065943e+01,9.065943e+01,9.065943e+01,9.065943e+01,9.065943e+01,9.065943e+01,9.031860e+01,9.031860e+01,9.031860e+01,9.031860e+01,9.031860e+01,9.031860e+01,9.031860e+01,9.031860e+01,9.031860e+01,9.031860e+01,8.994012e+01,9.008792e+01,9.008792e+01,9.008792e+01,9.008792e+01,9.008792e+01,8.978293e+01,8.978293e+01,8.978293e+01,8.978293e+01,8.978293e+01,8.978293e+01,8.978293e+01,8.940321e+01,8.949590e+01,8.949590e+01,8.949590e+01,8.949590e+01,8.949590e+01,8.949590e+01,8.949590e+01,8.911552e+01,8.914339e+01,8.914339e+01,8.914339e+01,8.914339e+01,8.914339e+01,8.914339e+01,8.914339e+01,8.914339e+01,8.874358e+01,8.874358e+01,8.874358e+01,8.874358e+01,8.874358e+01,8.851069e+01,8.851069e+01,8.851069e+01,8.851069e+01,8.830547e+01,8.830547e+01,8.830547e+01,8.830547e+01,8.830547e+01,8.804391e+01,8.804391e+01,8.804391e+01,8.763203e+01,8.763203e+01,8.763203e+01,8.763203e+01,8.763203e+01,8.763203e+01,8.763203e+01,8.763203e+01,8.724730e+01,8.734122e+01,8.734122e+01,8.734122e+01,8.734122e+01,8.734122e+01,8.734122e+01,8.734122e+01,8.734122e+01,8.734122e+01,8.734122e+01,8.734122e+01,8.695580e+01,8.703108e+01,8.706870e+01,8.706870e+01,8.706870e+01,8.706870e+01,8.706870e+01,8.706870e+01,8.706870e+01,8.706870e+01,8.706870e+01,8.706870e+01,8.706870e+01,8.706870e+01,8.706870e+01,8.666378e+01,8.683340e+01,8.682399e+01,8.684283e+01,8.684283e+01,8.684283e+01,8.684283e+01,8.684283e+01,8.684283e+01,8.684283e+01,8.684283e+01,8.684283e+01,8.684283e+01,8.684283e+01,8.684283e+01,8.684283e+01,8.684283e+01,8.684283e+01,8.684283e+01,8.684283e+01,8.659777e+01,8.659777e+01,8.659777e+01,8.659777e+01,8.659777e+01,8.698404e+01,8.673920e+01,8.690874e+01,8.688991e+01,8.688991e+01,8.688991e+01,8.688991e+01,8.688991e+01,8.688991e+01,8.688991e+01,8.688991e+01,8.688991e+01,8.727548e+01,8.703108e+01,8.720033e+01,8.716273e+01,8.703108e+01,8.703108e+01,8.703108e+01,8.703108e+01,8.703108e+01,8.703108e+01,8.703108e+01,8.703108e+01,8.697462e+01,8.672977e+01,8.672977e+01,8.634290e+01,8.636179e+01,8.623894e+01,8.623894e+01,8.585088e+01,8.585088e+01,8.585088e+01,8.585088e+01,8.558533e+01,8.535737e+01,8.535737e+01,8.496718e+01,8.483372e+01,8.459514e+01,8.429879e+01,8.418393e+01,8.391560e+01,8.381965e+01,8.353147e+01,8.322350e+01,8.291492e+01,8.274108e+01,8.243156e+01,8.248964e+01,8.191756e+01,8.152853e+01,8.100178e+01,8.059084e+01,7.999207e+01,7.956857e+01,7.903509e+01,7.864864e+01,7.789272e+01,7.746336e+01,7.707288e+01,7.636948e+01,7.569312e+01,7.524728e+01,7.485098e+01,7.408587e+01,7.371720e+01,7.329620e+01,7.254362e+01,7.190137e+01,7.151673e+01,7.061874e+01,7.019915e+01,6.983099e+01,6.901771e+01,6.849772e+01,6.776224e+01,6.726977e+01,6.660326e+01,6.620398e+01,6.545629e+01,6.462804e+01,6.419010e+01,6.337620e+01,6.291208e+01,6.214613e+01,6.125257e+01,6.075856e+01,5.992357e+01,5.950409e+01,5.876392e+01,5.787016e+01,5.724780e+01,5.634350e+01,5.586562e+01,5.506907e+01,5.427932e+01,5.357978e+01,5.306748e+01,5.252911e+01,5.174733e+01,5.115471e+01,5.069316e+01,4.977710e+01,4.923647e+01,4.874289e+01,4.803603e+01,4.750004e+01,4.701182e+01,4.653419e+01,4.609257e+01,4.552234e+01,4.508967e+01,4.475772e+01,4.427088e+01,4.385932e+01,4.351093e+01,4.294094e+01,4.271996e+01,4.222448e+01,4.191043e+01,4.141142e+01,4.109513e+01,4.077797e+01,4.039353e+01,4.044664e+01,4.010102e+01,3.951371e+01,3.927256e+01,3.899056e+01,3.861345e+01,3.830272e+01,3.805894e+01,3.788254e+01,3.788254e+01,3.788254e+01,3.788254e+01,3.788254e+01,3.788254e+01,3.788254e+01,3.788254e+01,3.788254e+01,3.841090e+01,3.841090e+01,3.896367e+01,3.885602e+01,3.889640e+01,3.889640e+01,3.889640e+01,3.889640e+01,3.889640e+01,3.944677e+01,3.931279e+01,3.931279e+01,3.986113e+01,3.972763e+01,3.972763e+01,3.972763e+01,3.972763e+01,3.972763e+01,3.972763e+01,3.972763e+01,3.972763e+01,3.972763e+01,3.972763e+01,4.027396e+01,4.024737e+01,4.023407e+01,4.023407e+01,4.023407e+01,4.023407e+01,4.023407e+01,4.023407e+01,4.059254e+01,4.059254e+01,4.059254e+01,4.110833e+01,4.110833e+01,4.110833e+01,4.110833e+01,4.110833e+01,4.110833e+01,4.164807e+01,4.164807e+01,4.164807e+01,4.164807e+01,4.164807e+01,4.218526e+01,4.218526e+01,4.218526e+01,4.218526e+01,4.218526e+01,4.218526e+01,4.218526e+01,4.185801e+01,4.185801e+01,4.185801e+01,4.185801e+01,4.185801e+01,4.185801e+01,4.131926e+01,4.131926e+01,4.131926e+01,4.131926e+01,4.131926e+01,4.131926e+01,4.131926e+01,4.131926e+01,4.131926e+01,4.131926e+01,4.131926e+01,4.077797e+01,4.098951e+01,4.098951e+01,4.098951e+01,4.098951e+01,4.098951e+01,4.098951e+01,4.098951e+01,4.098951e+01,4.098951e+01,4.098951e+01,4.098951e+01,4.098951e+01,4.098951e+01,4.044664e+01,4.065880e+01,4.065880e+01,4.065880e+01,4.065880e+01,4.065880e+01,4.065880e+01,4.065880e+01,4.065880e+01,4.065880e+01,4.065880e+01,4.065880e+01,4.065880e+01,4.065880e+01,4.065880e+01,4.065880e+01,4.065880e+01,4.065880e+01,4.065880e+01,4.065880e+01,4.065880e+01,4.011433e+01,4.032712e+01,4.032712e+01,4.032712e+01,4.032712e+01,4.032712e+01,4.032712e+01,4.032712e+01,4.032712e+01,3.999446e+01,3.999446e+01,3.999446e+01,3.999446e+01,3.999446e+01,3.999446e+01,3.999446e+01,3.999446e+01,3.999446e+01,3.999446e+01,3.999446e+01,3.999446e+01,3.999446e+01,3.999446e+01,3.944677e+01,3.966082e+01,3.966082e+01,3.966082e+01,3.966082e+01,3.966082e+01,3.966082e+01,3.966082e+01,3.966082e+01,3.966082e+01,3.966082e+01,3.966082e+01,3.924573e+01,3.924573e+01,3.924573e+01,3.924573e+01,3.924573e+01,3.924573e+01,3.924573e+01,3.924573e+01,3.924573e+01,3.924573e+01,3.924573e+01,3.924573e+01,3.924573e+01,3.924573e+01,3.924573e+01,3.869437e+01,3.882909e+01,3.882909e+01,3.882909e+01,3.882909e+01,3.882909e+01,3.882909e+01
3.639232e+01,3.639232e+01,3.639232e+01,3.639232e+01,3.639232e+01,3.639232e+01,3.639232e+01,3.639232e+01,3.695523e+01,3.695523e+01,3.695523e+01,3.695523e+01,3.695523e+01,3.695523e+01,3.743349e+01,3.743349e+01,3.743349e+01,3.799113e+01,3.785538e+01,3.785538e+01,3.785538e+01,3.796399e+01,3.809961e+01,3.809961e+01,3.865392e+01,3.851897e+01,3.851897e+01,3.851897e+01,3.851897e+01,3.851897e+01,3.851897e+01,3.903089e+01,3.903089e+01,3.903089e+01,3.903089e+01,3.958060e+01,3.952709e+01,3.976770e+01,3.991448e+01,3.991448e+01,4.030054e+01,4.084412e+01,4.063230e+01,4.063230e+01,4.096309e+01,4.096309e+01,4.096309e+01,4.096309e+01,4.096309e+01,4.096309e+01,4.096309e+01,4.134560e+01,4.134560e+01,4.134560e+01,4.134560e+01,4.134560e+01,4.134560e+01,4.091023e+01,4.091023e+01,4.091023e+01,4.091023e+01,4.091023e+01,4.091023e+01,4.091023e+01,4.091023e+01,4.091023e+01,4.045991e+01,4.045991e+01,4.045991e+01,4.045991e+01,3.991448e+01,3.991448e+01,3.991448e+01,3.991448e+01,3.991448e+01,3.991448e+01,3.991448e+01,3.991448e+01,3.991448e+01,3.991448e+01,3.991448e+01,4.028725e+01,4.052624e+01,4.065880e+01,4.065880e+01,4.065880e+01,4.065880e+01,4.065880e+01,4.065880e+01,4.065880e+01,4.065880e+01,4.120066e+01,4.155610e+01,4.155610e+01,4.211989e+01,4.258978e+01,4.305776e+01,4.335576e+01,4.389796e+01,4.429655e+01,4.430939e+01,4.515340e+01,4.562392e+01,4.613049e+01,4.663491e+01,4.727495e+01,4.774963e+01,4.821003e+01,4.866867e+01,4.910093e+01,5.003429e+01,5.049831e+01,5.137273e+01,5.202452e+01,5.240915e+01,5.310329e+01,5.361544e+01,5.425567e+01,5.531559e+01,5.591232e+01,5.648304e+01,5.700495e+01,5.782416e+01,5.830635e+01,5.906049e+01,5.970833e+01,6.026271e+01,6.091595e+01,6.133100e+01,6.191214e+01,6.283457e+01,6.359665e+01,6.397061e+01,6.458430e+01,6.545629e+01,6.635519e+01,6.692616e+01,6.741984e+01,6.821038e+01,6.892234e+01,6.975726e+01,7.050347e+01,7.105799e+01,7.185983e+01,7.237814e+01,7.328592e+01,7.406541e+01,7.464733e+01,7.521683e+01,7.586503e+01,7.659090e+01,7.750335e+01,7.805217e+01,7.887666e+01,7.968687e+01,7.980508e+01,8.042420e+01,8.127512e+01,8.174261e+01,8.255737e+01,8.294388e+01,8.373325e+01,8.406898e+01,8.474788e+01,8.512908e+01,8.563279e+01,8.597403e+01,8.663550e+01,8.682399e+01,8.689932e+01,8.747262e+01,8.786618e+01,8.830547e+01,8.874358e+01,8.891106e+01,8.931046e+01,8.967188e+01,8.984767e+01,9.011562e+01,9.023560e+01,9.033704e+01,9.071464e+01,9.056738e+01,9.094445e+01,9.079741e+01,9.117396e+01,9.110055e+01,9.113726e+01,9.113726e+01,9.113726e+01,9.113726e+01,9.113726e+01,9.113726e+01,9.113726e+01,9.113726e+01,9.113726e+01,9.113726e+01,9.113726e+01,9.113726e+01,9.113726e+01,9.113726e+01,9.113726e+01,9.113726e+01,9.113726e+01,9.113726e+01,9.113726e+01,9.113726e+01,9.113726e+01,9.076063e+01,9.083418e+01,9.083418e+01,9.083418e+01,9.083418e+01,9.083418e+01,9.083418e+01,9.083418e+01,9.083418e+01,9.083418e+01,9.045686e+01,9.042922e+01,9.042922e+01,9.042922e+01,9.042922e+01,9.042922e+01,9.042922e+01,9.042922e+01,9.042922e+01,9.005098e+01,9.006945e+01,9.005098e+01,9.005098e+01,9.005098e+01,9.005098e+01,9.005098e+01,9.005098e+01,9.005098e+01,8.978293e+01,8.978293e+01,8.978293e+01,8.978293e+01,8.978293e+01,8.978293e+01,8.978293e+01,8.949590e+01,8.949590e+01,8.949590e+01,8.949590e+01,8.949590e+01,8.949590e+01,8.949590e+01,8.911552e+01,8.911552e+01,8.911552e+01,8.911552e+01,8.911552e+01,8.911552e+01,8.911552e+01,8.911552e+01,8.911552e+01,8.874358e+01,8.874358e+01,8.874358e+01,8.874358e+01,8.836146e+01,8.845474e+01,8.845474e+01,8.845474e+01,8.845474e+01,8.807195e+01,8.822144e+01,8.822144e+01,8.783810e+01,8.827746e+01,8.807195e+01,8.768826e+01,8.776319e+01,8.774446e+01,8.774446e+01,8.774446e+01,8.774446e+01,8.774446e+01,8.774446e+01,8.774446e+01,8.774446e+01,8.774446e+01,8.734122e+01,8.734122e+01,8.734122e+01,8.734122e+01,8.734122e+01,8.734122e+01,8.734122e+01,8.734122e+01,8.734122e+01,8.734122e+01,8.734122e+01,8.734122e+01,8.734122e+01,8.734122e+01,8.734122e+01,8.706870e+01,8.706870e+01,8.706870e+01,8.706870e+01,8.706870e+01,8.706870e+01,8.706870e+01,8.706870e+01,8.706870e+01,8.706870e+01,8.706870e+01,8.706870e+01,8.706870e+01,8.706870e+01,8.706870e+01,8.684283e+01,8.684283e+01,8.684283e+01,8.684283e+01,8.684283e+01,8.684283e+01,8.684283e+01,8.684283e+01,8.684283e+01,8.684283e+01,8.684283e+01,8.684283e+01,8.684283e+01,8.684283e+01,8.684283e+01,8.684283e+01,8.684283e+01,8.684283e+01,8.684283e+01,8.684283e+01,8.684283e+01,8.684283e+01,8.684283e+01,8.684283e+01,8.684283e+01,8.684283e+01,8.722851e+01,8.698404e+01,8.698404e+01,8.698404e+01,8.698404e+01,8.698404e+01,8.698404e+01,8.698404e+01,8.736938e+01,8.712512e+01,8.712512e+01,8.712512e+01,8.712512e+01,8.712512e+01,8.712512e+01,8.712512e+01,8.712512e+01,8.712512e+01,8.673920e+01,8.673920e+01,8.676746e+01,8.659777e+01,8.646566e+01,8.646566e+01,8.646566e+01,8.646566e+01,8.623894e+01,8.599297e+01,8.560432e+01,8.560432e+01,8.553787e+01,8.538589e+01,8.521473e+01,8.509100e+01,8.483372e+01,8.457603e+01,8.432750e+01,8.448049e+01,8.420308e+01,8.402106e+01,8.368523e+01,8.335831e+01,8.307893e+01,8.278939e+01,8.250900e+01,8.233471e+01,8.184955e+01,8.146034e+01,8.093336e+01,8.052225e+01,7.992320e+01,7.949952e+01,7.896580e+01,7.857916e+01,7.782291e+01,7.739335e+01,7.700269e+01,7.629896e+01,7.603674e+01,7.526757e+01,7.480009e+01,7.443320e+01,7.373771e+01,7.325507e+01,7.248158e+01,7.183907e+01,7.145426e+01,7.055588e+01,7.013610e+01,6.976779e+01,6.895413e+01,6.843391e+01,6.769810e+01,6.720541e+01,6.653859e+01,6.613912e+01,6.539108e+01,6.456244e+01,6.412429e+01,6.376176e+01,6.294529e+01,6.212386e+01,6.165541e+01,6.080355e+01,5.992357e+01,5.945866e+01,5.871824e+01,5.782416e+01,5.720157e+01,5.677325e+01,5.592399e+01,5.508081e+01,5.424385e+01,5.353221e+01,5.301972e+01,5.248114e+01,5.169905e+01,5.110621e+01,5.064448e+01,4.972805e+01,4.918720e+01,4.869342e+01,4.798627e+01,4.745005e+01,4.696163e+01,4.648381e+01,4.604200e+01,4.547152e+01,4.514066e+01,4.466819e+01,4.432222e+01,4.388509e+01,4.392372e+01,4.292796e+01,4.248552e+01,4.227673e+01,4.183178e+01,4.146405e+01,4.112152e+01,4.077797e+01,4.043336e+01,4.028725e+01,3.996781e+01,3.968755e+01,3.928597e+01,3.897711e+01,3.858646e+01,3.834330e+01,3.834330e+01,3.834330e+01,3.788254e+01,3.788254e+01,3.788254e+01,3.788254e+01,3.788254e+01,3.788254e+01,3.788254e+01,3.843793e+01,3.830272e+01,3.854597e+01,3.878869e+01,3.878869e+01,3.878869e+01,3.878869e+01,3.933960e+01,3.899056e+01,3.923232e+01,3.928597e+01,3.928597e+01,3.928597e+01,3.986113e+01,3.931279e+01,3.952709e+01,3.952709e+01,4.007439e+01,3.986113e+01,3.986113e+01,3.986113e+01,3.986113e+01,3.986113e+01,3.986113e+01,3.986113e+01,3.986113e+01,4.023407e+01,4.023407e+01,4.023407e+01,4.023407e+01,4.023407e+01,4.023407e+01,4.059254e+01,4.059254e+01,4.059254e+01,4.110833e+01,4.110833e+01,4.110833e+01,4.110833e+01,4.110833e+01,4.164807e+01,4.151666e+01,4.151666e+01,4.151666e+01,4.205447e+01,4.202830e+01,4.202830e+01,4.202830e+01,4.202830e+01,4.202830e+01,4.202830e+01,4.202830e+01,4.202830e+01,4.202830e+01,4.202830e+01,4.202830e+01,4.149036e+01,4.170059e+01,4.146405e+01,4.147721e+01,4.147721e+01,4.147721e+01,4.147721e+01,4.147721e+01,4.147721e+01,4.147721e+01,4.147721e+01,4.147721e+01,4.093666e+01,4.096309e+01,4.093666e+01,4.093666e+01,4.093666e+01,4.093666e+01,4.093666e+01,4.093666e+01,4.093666e+01,4.093666e+01,4.093666e+01,4.093666e+01,4.093666e+01,4.093666e+01,4.093666e+01,4.093666e+01,4.093666e+01,4.093666e+01,4.093666e+01,4.065880e+01,4.065880e+01,4.065880e+01,4.065880e+01,4.065880e+01,4.065880e+01,4.065880e+01,4.065880e+01,4.065880e+01,4.065880e+01,4.065880e+01,4.065880e+01,4.065880e+01,4.065880e+01,4.065880e+01,4.065880e+01,4.065880e+01,4.065880e+01,4.011433e+01,4.011433e+01,4.011433e+01,4.011433e+01,4.011433e+01,4.011433e+01,4.011433e+01,4.011433e+01,4.011433e+01,4.011433e+01,4.011433e+01,4.011433e+01,4.011433e+01,4.011433e+01,4.011433e+01,4.011433e+01,4.011433e+01,4.011433e+01,3.956723e+01,3.978105e+01,3.978105e+01,3.978105e+01,3.978105e+01,3.978105e+01,3.978105e+01,3.978105e+01,3.978105e+01,3.923232e+01,3.944677e+01,3.944677e+01,3.944677e+01,3.944677e+01,3.944677e+01,3.944677e+01,3.944677e+01,3.944677e+01,3.944677e+01,3.944677e+01,3.944677e+01,3.944677e+01,3.944677e+01,3.944677e+01,3.944677e+01,3.889640e+01,3.911150e+01,3.911150e+01,3.911150e+01,3.911150e+01,3.911150e+01,3.911150e+01,3.911150e+01,3.911150e+01,3.911150e+01,3.911150e+01,3.911150e+01,3.911150e+01,3.911150e+01
3.639232e+01,3.639232e+01,3.639232e+01,3.639232e+01,3.639232e+01,3.639232e+01,3.639232e+01,3.639232e+01,3.639232e+01,3.695523e+01,3.695523e+01,3.695523e+01,3.695523e+01,3.751528e+01,3.737894e+01,3.737894e+01,3.737894e+01,3.743349e+01,3.778744e+01,3.778744e+01,3.834330e+01,3.799113e+01,3.854597e+01,3.843793e+01,3.849196e+01,3.849196e+01,3.849196e+01,3.849196e+01,3.849196e+01,3.849196e+01,3.849196e+01,3.903089e+01,3.903089e+01,3.903089e+01,3.903089e+01,3.958060e+01,3.958060e+01,4.012764e+01,3.991448e+01,4.007439e+01,4.043336e+01,4.067204e+01,4.067204e+01,4.067204e+01,4.067204e+01,4.096309e+01,4.096309e+01,4.096309e+01,4.096309e+01,4.096309e+01,4.096309e+01,4.096309e+01,4.096309e+01,4.096309e+01,4.096309e+01,4.096309e+01,4.096309e+01,4.096309e+01,4.096309e+01,4.096309e+01,4.096309e+01,4.096309e+01,4.096309e+01,4.042009e+01,4.076473e+01,4.052624e+01,4.061905e+01,4.007439e+01,4.028725e+01,4.004775e+01,4.007439e+01,4.007439e+01,4.007439e+01,3.952709e+01,3.974099e+01,3.974099e+01,3.974099e+01,3.974099e+01,3.974099e+01,3.974099e+01,4.028725e+01,4.023407e+01,4.023407e+01,4.065880e+01,4.065880e+01,4.065880e+01,4.065880e+01,4.065880e+01,4.065880e+01,4.065880e+01,4.065880e+01,4.120066e+01,4.151666e+01,4.175309e+01,4.217220e+01,4.264187e+01,4.300586e+01,4.343337e+01,4.384644e+01,4.420667e+01,4.445048e+01,4.520436e+01,4.567467e+01,4.618103e+01,4.668523e+01,4.732501e+01,4.779949e+01,4.825970e+01,4.871815e+01,4.915023e+01,5.008322e+01,5.054705e+01,5.142113e+01,5.197635e+01,5.248114e+01,5.315102e+01,5.366298e+01,5.430297e+01,5.536249e+01,5.595900e+01,5.652952e+01,5.705124e+01,5.787016e+01,5.835218e+01,5.910606e+01,5.975367e+01,6.030787e+01,6.096088e+01,6.137579e+01,6.195675e+01,6.287887e+01,6.364070e+01,6.401453e+01,6.462804e+01,6.549974e+01,6.595519e+01,6.687240e+01,6.739841e+01,6.822103e+01,6.895413e+01,6.978886e+01,7.053492e+01,7.108932e+01,7.189098e+01,7.283274e+01,7.337844e+01,7.410632e+01,7.468809e+01,7.525742e+01,7.590545e+01,7.663113e+01,7.754333e+01,7.809201e+01,7.891628e+01,7.955871e+01,8.025739e+01,8.091381e+01,8.137263e+01,8.178151e+01,8.259607e+01,8.298248e+01,8.337756e+01,8.402106e+01,8.433706e+01,8.541439e+01,8.568971e+01,8.600243e+01,8.651286e+01,8.682399e+01,8.707811e+01,8.750076e+01,8.789425e+01,8.833347e+01,8.862252e+01,8.896685e+01,8.933829e+01,8.955150e+01,8.983842e+01,9.007869e+01,9.007869e+01,9.071464e+01,9.062262e+01,9.074223e+01,9.082499e+01,9.097201e+01,9.105466e+01,9.105466e+01,9.105466e+01,9.105466e+01,9.105466e+01,9.105466e+01,9.105466e+01,9.143063e+01,9.128400e+01,9.128400e+01,9.128400e+01,9.128400e+01,9.128400e+01,9.128400e+01,9.128400e+01,9.128400e+01,9.128400e+01,9.090771e+01,9.105466e+01,9.105466e+01,9.105466e+01,9.105466e+01,9.105466e+01,9.105466e+01,9.105466e+01,9.105466e+01,9.083418e+01,9.083418e+01,9.083418e+01,9.083418e+01,9.083418e+01,9.083418e+01,9.083418e+01,9.045686e+01,9.045686e+01,9.045686e+01,9.045686e+01,9.045686e+01,9.045686e+01,9.045686e+01,9.007869e+01,9.015254e+01,9.016177e+01,9.016177e+01,9.016177e+01,9.016177e+01,9.016177e+01,8.978293e+01,8.993087e+01,8.993087e+01,8.993087e+01,8.993087e+01,8.993087e+01,8.993087e+01,8.993087e+01,8.993087e+01,8.955150e+01,8.955150e+01,8.953297e+01,8.953297e+01,8.953297e+01,8.953297e+01,8.953297e+01,8.953297e+01,8.953297e+01,8.911552e+01,8.911552e+01,8.911552e+01,8.911552e+01,8.911552e+01,8.911552e+01,8.911552e+01,8.911552e+01,8.911552e+01,8.874358e+01,8.874358e+01,8.874358e+01,8.874358e+01,8.874358e+01,8.845474e+01,8.845474e+01,8.845474e+01,8.845474e+01,8.845474e+01,8.822144e+01,8.804391e+01,8.814671e+01,8.819342e+01,8.797845e+01,8.781001e+01,8.781001e+01,8.781001e+01,8.781001e+01,8.781001e+01,8.781001e+01,8.781001e+01,8.781001e+01,8.781001e+01,8.742570e+01,8.750076e+01,8.745386e+01,8.745386e+01,8.745386e+01,8.745386e+01,8.745386e+01,8.706870e+01,8.721912e+01,8.721912e+01,8.721912e+01,8.721912e+01,8.721912e+01,8.721912e+01,8.721912e+01,8.721912e+01,8.721912e+01,8.721912e+01,8.721912e+01,8.721912e+01,8.721912e+01,8.721912e+01,8.721912e+01,8.683340e+01,8.698404e+01,8.698404e+01,8.698404e+01,8.698404e+01,8.698404e+01,8.698404e+01,8.698404e+01,8.698404e+01,8.698404e+01,8.698404e+01,8.698404e+01,8.698404e+01,8.698404e+01,8.698404e+01,8.698404e+01,8.698404e+01,8.698404e+01,8.698404e+01,8.698404e+01,8.698404e+01,8.698404e+01,8.698404e+01,8.698404e+01,8.698404e+01,8.698404e+01,8.698404e+01,8.698404e+01,8.698404e+01,8.698404e+01,8.698404e+01,8.698404e+01,8.698404e+01,8.698404e+01,8.698404e+01,8.698404e+01,8.698404e+01,8.698404e+01,8.698404e+01,8.698404e+01,8.736938e+01,8.712512e+01,8.730366e+01,8.728487e+01,8.715333e+01,8.715333e+01,8.715333e+01,8.715333e+01,8.715333e+01,8.715333e+01,8.715333e+01,8.715333e+01,8.715333e+01,8.673920e+01,8.673920e+01,8.673920e+01,8.673920e+01,8.673920e+01,8.646566e+01,8.646566e+01,8.646566e+01,8.623894e+01,8.589826e+01,8.572765e+01,8.572765e+01,8.533836e+01,8.549039e+01,8.521473e+01,8.497671e+01,8.481465e+01,8.455693e+01,8.435619e+01,8.436576e+01,8.383884e+01,8.391560e+01,8.365641e+01,8.339680e+01,8.309821e+01,8.278939e+01,8.252835e+01,8.216992e+01,8.182040e+01,8.143111e+01,8.090403e+01,8.049284e+01,7.989368e+01,7.946992e+01,7.893609e+01,7.854939e+01,7.779298e+01,7.736333e+01,7.697260e+01,7.633926e+01,7.597615e+01,7.523713e+01,7.476955e+01,7.440260e+01,7.370695e+01,7.322421e+01,7.245056e+01,7.180790e+01,7.142301e+01,7.095353e+01,7.018864e+01,6.979940e+01,6.896473e+01,6.842328e+01,6.767671e+01,6.718394e+01,6.651702e+01,6.611749e+01,6.536934e+01,6.454057e+01,6.410235e+01,6.328792e+01,6.283457e+01,6.209045e+01,6.116289e+01,6.069106e+01,5.987828e+01,5.941322e+01,5.867253e+01,5.777814e+01,5.715534e+01,5.672686e+01,5.587729e+01,5.503381e+01,5.468070e+01,5.357978e+01,5.303166e+01,5.245715e+01,5.166284e+01,5.106982e+01,5.060796e+01,4.969125e+01,4.915023e+01,4.865630e+01,4.794894e+01,4.741256e+01,4.692398e+01,4.644600e+01,4.600405e+01,4.552234e+01,4.506417e+01,4.471936e+01,4.424520e+01,4.405242e+01,4.380777e+01,4.288898e+01,4.265489e+01,4.219834e+01,4.188422e+01,4.149036e+01,4.166120e+01,4.114791e+01,4.079120e+01,4.052624e+01,3.964746e+01,3.958060e+01,3.925914e+01,3.895021e+01,3.861345e+01,3.861345e+01,3.805894e+01,3.808606e+01,3.805894e+01,3.805894e+01,3.805894e+01,3.805894e+01,3.805894e+01,3.805894e+01,3.805894e+01,3.805894e+01,3.861345e+01,3.839738e+01,3.839738e+01,3.878869e+01,3.878869e+01,3.878869e+01,3.933960e+01,3.901744e+01,3.901744e+01,3.956723e+01,3.935300e+01,3.960735e+01,3.966082e+01,3.948694e+01,3.948694e+01,4.003443e+01,3.994115e+01,3.994115e+01,3.994115e+01,3.994115e+01,3.994115e+01,3.994115e+01,3.994115e+01,3.994115e+01,3.994115e+01,3.994115e+01,4.023407e+01,4.023407e+01,4.023407e+01,4.077797e+01,4.068529e+01,4.055276e+01,4.055276e+01,4.055276e+01,4.110833e+01,4.110833e+01,4.110833e+01,4.110833e+01,4.110833e+01,4.164807e+01,4.164807e+01,4.164807e+01,4.164807e+01,4.164807e+01,4.164807e+01,4.202830e+01,4.202830e+01,4.202830e+01,4.202830e+01,4.202830e+01,4.202830e+01,4.202830e+01,4.202830e+01,4.202830e+01,4.149036e+01,4.162180e+01,4.162180e+01,4.162180e+01,4.162180e+01,4.162180e+01,4.162180e+01,4.162180e+01,4.162180e+01,4.162180e+01,4.108194e+01,4.129292e+01,4.104234e+01,4.106874e+01,4.106874e+01,4.106874e+01,4.106874e+01,4.106874e+01,4.106874e+01,4.106874e+01,4.106874e+01,4.106874e+01,4.106874e+01,4.052624e+01,4.073826e+01,4.073826e+01,4.073826e+01,4.073826e+01,4.073826e+01,4.073826e+01,4.073826e+01,4.073826e+01,4.073826e+01,4.073826e+01,4.073826e+01,4.073826e+01,4.073826e+01,4.073826e+01,4.073826e+01,4.073826e+01,4.073826e+01,4.073826e+01,4.073826e+01,4.073826e+01,4.073826e+01,4.073826e+01,4.073826e+01,4.073826e+01,4.019417e+01,4.030054e+01,4.027396e+01,4.027396e+01,4.027396e+01,4.027396e+01,4.027396e+01,4.027396e+01,4.027396e+01,4.027396e+01,4.027396e+01,4.027396e+01,4.027396e+01,4.027396e+01,3.972763e+01,3.994115e+01,3.994115e+01,3.994115e+01,3.994115e+01,3.994115e+01,3.994115e+01,3.994115e+01,3.994115e+01,3.994115e+01,3.994115e+01,3.939320e+01,3.960735e+01,3.960735e+01,3.960735e+01,3.960735e+01,3.960735e+01,3.960735e+01,3.960735e+01,3.960735e+01,3.960735e+01,3.905777e+01,3.927256e+01,3.927256e+01,3.927256e+01,3.927256e+01,3.927256e+01,3.927256e+01,3.927256e+01,3.927256e+01,3.927256e+01,3.927256e+01,3.927256e+01,3.927256e+01,3.927256e+01,3.927256e+01,3.927256e+01,3.927256e+01,3.872132e+01,3.893676e+01,3.893676e+01,3.893676e+01,3.893676e+01,3.893676e+01,3.893676e+01
3.639232e+01,3.639232e+01,3.639232e+01,3.639232e+01,3.639232e+01,3.639232e+01,3.639232e+01,3.639232e+01,3.695523e+01,3.681820e+01,3.681820e+01,3.681820e+01,3.681820e+01,3.695523e+01,3.731071e+01,3.731071e+01,3.786896e+01,3.777385e+01,3.773306e+01,3.799113e+01,3.801826e+01,3.811316e+01,3.837035e+01,3.837035e+01,3.837035e+01,3.837035e+01,3.837035e+01,3.837035e+01,3.837035e+01,3.892331e+01,3.889640e+01,3.886948e+01,3.886948e+01,3.886948e+01,3.941999e+01,3.941999e+01,3.967419e+01,3.995448e+01,3.995448e+01,4.049971e+01,4.044664e+01,4.044664e+01,4.098951e+01,4.077797e+01,4.093666e+01,4.093666e+01,4.093666e+01,4.093666e+01,4.093666e+01,4.093666e+01,4.093666e+01,4.147721e+01,4.113472e+01,4.113472e+01,4.113472e+01,4.113472e+01,4.113472e+01,4.113472e+01,4.113472e+01,4.113472e+01,4.113472e+01,4.113472e+01,4.059254e+01,4.056602e+01,4.073826e+01,4.073826e+01,4.073826e+01,4.007439e+01,4.007439e+01,4.007439e+01,4.007439e+01,4.007439e+01,4.007439e+01,4.007439e+01,3.974099e+01,3.974099e+01,3.974099e+01,3.974099e+01,3.974099e+01,3.974099e+01,4.028725e+01,4.028725e+01,4.083089e+01,4.069854e+01,4.069854e+01,4.069854e+01,4.069854e+01,4.069854e+01,4.069854e+01,4.069854e+01,4.069854e+01,4.120066e+01,4.149036e+01,4.188422e+01,4.230285e+01,4.258978e+01,4.308371e+01,4.338164e+01,4.382066e+01,4.415527e+01,4.464260e+01,4.524256e+01,4.571273e+01,4.621892e+01,4.672296e+01,4.736254e+01,4.783687e+01,4.829693e+01,4.875525e+01,4.918720e+01,5.011990e+01,5.058360e+01,5.145742e+01,5.201248e+01,5.251711e+01,5.318681e+01,5.369862e+01,5.433843e+01,5.539766e+01,5.599400e+01,5.656437e+01,5.708595e+01,5.790465e+01,5.838654e+01,5.914022e+01,5.978767e+01,6.034172e+01,6.099457e+01,6.140937e+01,6.199018e+01,6.291208e+01,6.367373e+01,6.449680e+01,6.473730e+01,6.554318e+01,6.644153e+01,6.697990e+01,6.745197e+01,6.827428e+01,6.900711e+01,6.984153e+01,7.058731e+01,7.114151e+01,7.194289e+01,7.246090e+01,7.334761e+01,7.411655e+01,7.472882e+01,7.529801e+01,7.594585e+01,7.667134e+01,7.758331e+01,7.813184e+01,7.895589e+01,7.959815e+01,8.029665e+01,8.055165e+01,8.133364e+01,8.177179e+01,8.261541e+01,8.301141e+01,8.380045e+01,8.411689e+01,8.485280e+01,8.540489e+01,8.577506e+01,8.642789e+01,8.660720e+01,8.678631e+01,8.713453e+01,8.754765e+01,8.794103e+01,8.867841e+01,8.879942e+01,8.901333e+01,8.930119e+01,8.991238e+01,8.996784e+01,9.006022e+01,9.023560e+01,9.059500e+01,9.059500e+01,9.059500e+01,9.082499e+01,9.120148e+01,9.105466e+01,9.105466e+01,9.105466e+01,9.105466e+01,9.105466e+01,9.105466e+01,9.105466e+01,9.143063e+01,9.143063e+01,9.143063e+01,9.143063e+01,9.143063e+01,9.143063e+01,9.143063e+01,9.105466e+01,9.120148e+01,9.102711e+01,9.101793e+01,9.101793e+01,9.101793e+01,9.101793e+01,9.101793e+01,9.101793e+01,9.101793e+01,9.101793e+01,9.101793e+01,9.101793e+01,9.101793e+01,9.101793e+01,9.064103e+01,9.078821e+01,9.078821e+01,9.078821e+01,9.045686e+01,9.045686e+01,9.045686e+01,9.045686e+01,9.045686e+01,9.045686e+01,9.045686e+01,9.045686e+01,9.015254e+01,9.015254e+01,9.015254e+01,9.015254e+01,9.015254e+01,9.015254e+01,9.015254e+01,9.015254e+01,8.993087e+01,8.993087e+01,8.993087e+01,8.993087e+01,8.993087e+01,8.993087e+01,8.993087e+01,8.955150e+01,8.955150e+01,8.955150e+01,8.955150e+01,8.955150e+01,8.955150e+01,8.955150e+01,8.955150e+01,8.917125e+01,8.920838e+01,8.920838e+01,8.920838e+01,8.920838e+01,8.920838e+01,8.920838e+01,8.882734e+01,8.897614e+01,8.879942e+01,8.883665e+01,8.883665e+01,8.883665e+01,8.845474e+01,8.845474e+01,8.849204e+01,8.849204e+01,8.849204e+01,8.849204e+01,8.849204e+01,8.849204e+01,8.849204e+01,8.814671e+01,8.808130e+01,8.799715e+01,8.799715e+01,8.799715e+01,8.799715e+01,8.761328e+01,8.776319e+01,8.776319e+01,8.776319e+01,8.776319e+01,8.776319e+01,8.776319e+01,8.776319e+01,8.745386e+01,8.745386e+01,8.745386e+01,8.745386e+01,8.745386e+01,8.745386e+01,8.745386e+01,8.745386e+01,8.745386e+01,8.745386e+01,8.721912e+01,8.721912e+01,8.721912e+01,8.721912e+01,8.721912e+01,8.721912e+01,8.721912e+01,8.721912e+01,8.721912e+01,8.721912e+01,8.721912e+01,8.721912e+01,8.721912e+01,8.721912e+01,8.721912e+01,8.721912e+01,8.721912e+01,8.721912e+01,8.698404e+01,8.698404e+01,8.698404e+01,8.698404e+01,8.698404e+01,8.698404e+01,8.698404e+01,8.698404e+01,8.698404e+01,8.698404e+01,8.698404e+01,8.698404e+01,8.698404e+01,8.698404e+01,8.698404e+01,8.698404e+01,8.698404e+01,8.698404e+01,8.698404e+01,8.698404e+01,8.698404e+01,8.698404e+01,8.698404e+01,8.698404e+01,8.698404e+01,8.698404e+01,8.698404e+01,8.698404e+01,8.698404e+01,8.698404e+01,8.698404e+01,8.698404e+01,8.736938e+01,8.728487e+01,8.714393e+01,8.714393e+01,8.752890e+01,8.724730e+01,8.724730e+01,8.724730e+01,8.724730e+01,8.724730e+01,8.724730e+01,8.724730e+01,8.724730e+01,8.686166e+01,8.685224e+01,8.685224e+01,8.685224e+01,8.685224e+01,8.646566e+01,8.650342e+01,8.650342e+01,8.650342e+01,8.623894e+01,8.602137e+01,8.602137e+01,8.572765e+01,8.546190e+01,8.537638e+01,8.518619e+01,8.499577e+01,8.511005e+01,8.480511e+01,8.459514e+01,8.430836e+01,8.396355e+01,8.384844e+01,8.362759e+01,8.336794e+01,8.306928e+01,8.276041e+01,8.243156e+01,8.212142e+01,8.177179e+01,8.138239e+01,8.085514e+01,8.044382e+01,7.984447e+01,7.942057e+01,7.888657e+01,7.849973e+01,7.815174e+01,7.739335e+01,7.696256e+01,7.629896e+01,7.593575e+01,7.519653e+01,7.472882e+01,7.436176e+01,7.366592e+01,7.318304e+01,7.240919e+01,7.219176e+01,7.146468e+01,7.096397e+01,7.016763e+01,6.976779e+01,6.893294e+01,6.839137e+01,6.764463e+01,6.715175e+01,6.648467e+01,6.608505e+01,6.533672e+01,6.495557e+01,6.415720e+01,6.330999e+01,6.282350e+01,6.205704e+01,6.158835e+01,6.074731e+01,5.991225e+01,5.942458e+01,5.866111e+01,5.775513e+01,5.713221e+01,5.670366e+01,5.585394e+01,5.508081e+01,5.462175e+01,5.368674e+01,5.311523e+01,5.251711e+01,5.169905e+01,5.108195e+01,5.059578e+01,4.966671e+01,4.912558e+01,4.863155e+01,4.792405e+01,4.738755e+01,4.689887e+01,4.642079e+01,4.597874e+01,4.549694e+01,4.511517e+01,4.464260e+01,4.441201e+01,4.405242e+01,4.356261e+01,4.305776e+01,4.257675e+01,4.225061e+01,4.189733e+01,4.152981e+01,4.141142e+01,4.120066e+01,4.087056e+01,4.035369e+01,3.982109e+01,3.959398e+01,3.923232e+01,3.890985e+01,3.864043e+01,3.838387e+01,3.823506e+01,3.823506e+01,3.823506e+01,3.823506e+01,3.823506e+01,3.823506e+01,3.823506e+01,3.823506e+01,3.823506e+01,3.823506e+01,3.823506e+01,3.823506e+01,3.878869e+01,3.873480e+01,3.873480e+01,3.873480e+01,3.933960e+01,3.904433e+01,3.929938e+01,3.940659e+01,3.940659e+01,3.940659e+01,3.995448e+01,3.956723e+01,3.982109e+01,3.987447e+01,3.987447e+01,3.987447e+01,3.987447e+01,3.987447e+01,3.987447e+01,3.987447e+01,3.987447e+01,3.987447e+01,3.987447e+01,4.042009e+01,4.028725e+01,4.028725e+01,4.028725e+01,4.028725e+01,4.028725e+01,4.083089e+01,4.061905e+01,4.087056e+01,4.094987e+01,4.094987e+01,4.094987e+01,4.094987e+01,4.149036e+01,4.149036e+01,4.149036e+01,4.149036e+01,4.202830e+01,4.181867e+01,4.197593e+01,4.197593e+01,4.197593e+01,4.197593e+01,4.197593e+01,4.197593e+01,4.197593e+01,4.197593e+01,4.197593e+01,4.197593e+01,4.197593e+01,4.197593e+01,4.162180e+01,4.162180e+01,4.162180e+01,4.162180e+01,4.162180e+01,4.162180e+01,4.162180e+01,4.108194e+01,4.121385e+01,4.121385e+01,4.121385e+01,4.121385e+01,4.121385e+01,4.121385e+01,4.121385e+01,4.121385e+01,4.121385e+01,4.067204e+01,4.088379e+01,4.088379e+01,4.088379e+01,4.088379e+01,4.088379e+01,4.088379e+01,4.088379e+01,4.088379e+01,4.088379e+01,4.088379e+01,4.088379e+01,4.088379e+01,4.034040e+01,4.055276e+01,4.055276e+01,4.055276e+01,4.055276e+01,4.055276e+01,4.055276e+01,4.055276e+01,4.055276e+01,4.055276e+01,4.055276e+01,4.055276e+01,4.055276e+01,4.055276e+01,4.055276e+01,4.055276e+01,4.055276e+01,4.055276e+01,4.055276e+01,4.055276e+01,4.055276e+01,4.055276e+01,4.027396e+01,4.027396e+01,4.027396e+01,4.027396e+01,4.027396e+01,4.027396e+01,4.027396e+01,4.027396e+01,3.972763e+01,3.972763e+01,4.027396e+01,4.006107e+01,4.006107e+01,4.006107e+01,4.006107e+01,4.006107e+01,4.006107e+01,4.006107e+01,4.006107e+01,3.994115e+01,3.959398e+01,3.959398e+01,3.959398e+01,3.959398e+01,3.959398e+01,3.959398e+01,3.959398e+01,3.959398e+01,3.959398e+01,3.959398e+01,3.959398e+01,3.959398e+01,3.959398e+01,3.927256e+01,3.927256e+01,3.927256e+01,3.927256e+01,3.927256e+01,3.927256e+01,3.927256e+01,3.927256e+01,3.927256e+01,3.927256e+01,3.927256e+01,3.927256e+01,3.927256e+01,3.872132e+01,3.872132e+01,3.872132e+01,3.872132e+01,3.872132e+01,3.872132e+01,3.872132e+01
3.639232e+01,3.639232e+01,3.639232e+01,3.639232e+01,3.639232e+01,3.639232e+01,3.639232e+01,3.695523e+01,3.681820e+01,3.681820e+01,3.681820e+01,3.681820e+01,3.737894e+01,3.728341e+01,3.725610e+01,3.751528e+01,3.769226e+01,3.769226e+01,3.824860e+01,3.789612e+01,3.789612e+01,3.845144e+01,3.823506e+01,3.878869e+01,3.857297e+01,3.857297e+01,3.857297e+01,3.857297e+01,3.857297e+01,3.857297e+01,3.857297e+01,3.857297e+01,3.886948e+01,3.912493e+01,3.924573e+01,3.924573e+01,3.967419e+01,3.992781e+01,4.018087e+01,4.032712e+01,4.032712e+01,4.032712e+01,4.098951e+01,4.098951e+01,4.098951e+01,4.098951e+01,4.098951e+01,4.098951e+01,4.098951e+01,4.098951e+01,4.098951e+01,4.147721e+01,4.116110e+01,4.116110e+01,4.116110e+01,4.116110e+01,4.116110e+01,4.116110e+01,4.116110e+01,4.116110e+01,4.116110e+01,4.061905e+01,4.072502e+01,4.072502e+01,4.072502e+01,4.072502e+01,4.072502e+01,4.007439e+01,4.007439e+01,4.007439e+01,4.007439e+01,4.007439e+01,4.007439e+01,4.007439e+01,3.974099e+01,3.974099e+01,3.974099e+01,3.974099e+01,3.974099e+01,4.028725e+01,4.015426e+01,4.040681e+01,4.065880e+01,4.065880e+01,4.065880e+01,4.065880e+01,4.065880e+01,4.065880e+01,4.065880e+01,4.065880e+01,4.065880e+01,4.120066e+01,4.152981e+01,4.192353e+01,4.234202e+01,4.271996e+01,4.303181e+01,4.345923e+01,4.429655e+01,4.446329e+01,4.471936e+01,4.526802e+01,4.573809e+01,4.624417e+01,4.674810e+01,4.738755e+01,4.786179e+01,4.832175e+01,4.877997e+01,4.921183e+01,5.014435e+01,5.060796e+01,5.148160e+01,5.203656e+01,5.254110e+01,5.321066e+01,5.372237e+01,5.436206e+01,5.542110e+01,5.601733e+01,5.658759e+01,5.710908e+01,5.792764e+01,5.840944e+01,5.916299e+01,5.981033e+01,6.036429e+01,6.101702e+01,6.143176e+01,6.201247e+01,6.293422e+01,6.369574e+01,6.401453e+01,6.460617e+01,6.543456e+01,6.635519e+01,6.691541e+01,6.784771e+01,6.838072e+01,6.903889e+01,6.987312e+01,7.061874e+01,7.117281e+01,7.197402e+01,7.249193e+01,7.337844e+01,7.414722e+01,7.475937e+01,7.532844e+01,7.597615e+01,7.670149e+01,7.761327e+01,7.816170e+01,7.898560e+01,7.962773e+01,8.025739e+01,8.061044e+01,8.136288e+01,8.219901e+01,8.271209e+01,8.305000e+01,8.383884e+01,8.454738e+01,8.494812e+01,8.545239e+01,8.582246e+01,8.630510e+01,8.660720e+01,8.696522e+01,8.718153e+01,8.759454e+01,8.798780e+01,8.855729e+01,8.879012e+01,8.903191e+01,8.939394e+01,8.941248e+01,8.970890e+01,8.994936e+01,9.030016e+01,9.046607e+01,9.046607e+01,9.084338e+01,9.098119e+01,9.107301e+01,9.107301e+01,9.107301e+01,9.107301e+01,9.107301e+01,9.107301e+01,9.107301e+01,9.144894e+01,9.135733e+01,9.135733e+01,9.135733e+01,9.135733e+01,9.135733e+01,9.135733e+01,9.135733e+01,9.135733e+01,9.135733e+01,9.135733e+01,9.101793e+01,9.101793e+01,9.101793e+01,9.101793e+01,9.101793e+01,9.101793e+01,9.101793e+01,9.101793e+01,9.101793e+01,9.101793e+01,9.101793e+01,9.101793e+01,9.064103e+01,9.064103e+01,9.064103e+01,9.064103e+01,9.064103e+01,9.064103e+01,9.064103e+01,9.026327e+01,9.041079e+01,9.041079e+01,9.041079e+01,9.041079e+01,9.041079e+01,9.041079e+01,9.041079e+01,9.041079e+01,9.015254e+01,9.015254e+01,9.015254e+01,9.015254e+01,9.015254e+01,9.015254e+01,8.993087e+01,8.993087e+01,8.993087e+01,8.993087e+01,8.993087e+01,8.993087e+01,8.955150e+01,8.955150e+01,8.955150e+01,8.955150e+01,8.955150e+01,8.955150e+01,8.955150e+01,8.955150e+01,8.955150e+01,8.920838e+01,8.920838e+01,8.920838e+01,8.920838e+01,8.920838e+01,8.920838e+01,8.897614e+01,8.897614e+01,8.897614e+01,8.859457e+01,8.861320e+01,8.856661e+01,8.856661e+01,8.856661e+01,8.856661e+01,8.856661e+01,8.856661e+01,8.856661e+01,8.818408e+01,8.825879e+01,8.825879e+01,8.825879e+01,8.799715e+01,8.799715e+01,8.799715e+01,8.799715e+01,8.799715e+01,8.776319e+01,8.776319e+01,8.776319e+01,8.776319e+01,8.776319e+01,8.776319e+01,8.776319e+01,8.776319e+01,8.776319e+01,8.745386e+01,8.745386e+01,8.745386e+01,8.745386e+01,8.745386e+01,8.745386e+01,8.745386e+01,8.745386e+01,8.745386e+01,8.745386e+01,8.745386e+01,8.745386e+01,8.745386e+01,8.721912e+01,8.721912e+01,8.721912e+01,8.721912e+01,8.721912e+01,8.721912e+01,8.721912e+01,8.721912e+01,8.721912e+01,8.721912e+01,8.721912e+01,8.721912e+01,8.721912e+01,8.721912e+01,8.721912e+01,8.721912e+01,8.721912e+01,8.721912e+01,8.721912e+01,8.721912e+01,8.721912e+01,8.698404e+01,8.698404e+01,8.698404e+01,8.698404e+01,8.698404e+01,8.698404e+01,8.698404e+01,8.698404e+01,8.698404e+01,8.698404e+01,8.698404e+01,8.698404e+01,8.698404e+01,8.698404e+01,8.698404e+01,8.698404e+01,8.698404e+01,8.698404e+01,8.736938e+01,8.712512e+01,8.712512e+01,8.712512e+01,8.712512e+01,8.712512e+01,8.712512e+01,8.712512e+01,8.712512e+01,8.751014e+01,8.744447e+01,8.726609e+01,8.726609e+01,8.726609e+01,8.726609e+01,8.726609e+01,8.726609e+01,8.726609e+01,8.726609e+01,8.726609e+01,8.726609e+01,8.685224e+01,8.685224e+01,8.685224e+01,8.646566e+01,8.646566e+01,8.646566e+01,8.646566e+01,8.646566e+01,8.602137e+01,8.590773e+01,8.569920e+01,8.548090e+01,8.548090e+01,8.518619e+01,8.518619e+01,8.479558e+01,8.473833e+01,8.456648e+01,8.421265e+01,8.409773e+01,8.386763e+01,8.361798e+01,8.333906e+01,8.304035e+01,8.266376e+01,8.286665e+01,8.224749e+01,8.184955e+01,8.141162e+01,8.083558e+01,8.039478e+01,7.979523e+01,7.937120e+01,7.883703e+01,7.845007e+01,7.810197e+01,7.734332e+01,7.691239e+01,7.624857e+01,7.588524e+01,7.556154e+01,7.475937e+01,7.434135e+01,7.361463e+01,7.313158e+01,7.246090e+01,7.213995e+01,7.141260e+01,7.091172e+01,7.011508e+01,6.971510e+01,6.887994e+01,6.833816e+01,6.759114e+01,6.709807e+01,6.643073e+01,6.603096e+01,6.528233e+01,6.490104e+01,6.410235e+01,6.325480e+01,6.276810e+01,6.200133e+01,6.153245e+01,6.069106e+01,5.985564e+01,5.936776e+01,5.860395e+01,5.769758e+01,5.707438e+01,5.664564e+01,5.579553e+01,5.502205e+01,5.456278e+01,5.362733e+01,5.305554e+01,5.245715e+01,5.163869e+01,5.102128e+01,5.053487e+01,4.960534e+01,4.906394e+01,4.856965e+01,4.786179e+01,4.732501e+01,4.683607e+01,4.635774e+01,4.643340e+01,4.573809e+01,4.522983e+01,4.493658e+01,4.459140e+01,4.357553e+01,4.343337e+01,4.300586e+01,4.264187e+01,4.227673e+01,4.188422e+01,4.155610e+01,4.155610e+01,4.120066e+01,4.072502e+01,4.030054e+01,4.000779e+01,3.962072e+01,3.921890e+01,3.893676e+01,3.893676e+01,3.893676e+01,3.878869e+01,3.843793e+01,3.788254e+01,3.809961e+01,3.809961e+01,3.809961e+01,3.809961e+01,3.809961e+01,3.865392e+01,3.843793e+01,3.843793e+01,3.843793e+01,3.843793e+01,3.873480e+01,3.873480e+01,3.873480e+01,3.933960e+01,3.907120e+01,3.907120e+01,3.940659e+01,3.940659e+01,3.940659e+01,3.995448e+01,3.959398e+01,3.959398e+01,3.987447e+01,3.987447e+01,3.987447e+01,3.987447e+01,3.987447e+01,3.987447e+01,3.987447e+01,3.987447e+01,3.987447e+01,3.987447e+01,3.987447e+01,4.028725e+01,4.028725e+01,4.028725e+01,4.028725e+01,4.028725e+01,4.083089e+01,4.083089e+01,4.083089e+01,4.083089e+01,4.083089e+01,4.137194e+01,4.134560e+01,4.133244e+01,4.133244e+01,4.133244e+01,4.133244e+01,4.149036e+01,4.183178e+01,4.183178e+01,4.183178e+01,4.183178e+01,4.183178e+01,4.183178e+01,4.183178e+01,4.183178e+01,4.183178e+01,4.183178e+01,4.183178e+01,4.183178e+01,4.183178e+01,4.183178e+01,4.183178e+01,4.183178e+01,4.129292e+01,4.150351e+01,4.150351e+01,4.150351e+01,4.150351e+01,4.150351e+01,4.150351e+01,4.121385e+01,4.121385e+01,4.121385e+01,4.121385e+01,4.121385e+01,4.121385e+01,4.121385e+01,4.067204e+01,4.067204e+01,4.067204e+01,4.067204e+01,4.067204e+01,4.067204e+01,4.067204e+01,4.067204e+01,4.067204e+01,4.067204e+01,4.067204e+01,4.067204e+01,4.067204e+01,4.067204e+01,4.067204e+01,4.067204e+01,4.067204e+01,4.067204e+01,4.067204e+01,4.067204e+01,4.067204e+01,4.067204e+01,4.067204e+01,4.067204e+01,4.067204e+01,4.067204e+01,4.067204e+01,4.067204e+01,4.067204e+01,4.067204e+01,4.067204e+01,4.067204e+01,4.067204e+01,4.012764e+01,4.012764e+01,4.018087e+01,4.018087e+01,4.018087e+01,4.018087e+01,4.018087e+01,4.018087e+01,4.018087e+01,4.018087e+01,4.018087e+01,4.018087e+01,4.018087e+01,3.963409e+01,3.984778e+01,3.984778e+01,3.984778e+01,3.984778e+01,3.984778e+01,3.984778e+01,3.984778e+01,3.984778e+01,3.984778e+01,3.984778e+01,3.984778e+01,3.984778e+01,3.984778e+01,3.984778e+01,3.984778e+01,3.929938e+01,3.951371e+01,3.951371e+01,3.951371e+01,3.951371e+01,3.951371e+01,3.951371e+01,3.951371e+01,3.951371e+01,3.951371e+01,3.951371e+01,3.951371e+01,3.896367e+01,3.917863e+01,3.917863e+01,3.917863e+01,3.917863e+01,3.917863e+01,3.917863e+01,3.917863e+01,3.917863e+01,3.917863e+01,3.872132e+01,3.872132e+01,3.872132e+01,3.872132e+01
3.639232e+01,3.639232e+01,3.639232e+01,3.639232e+01,3.639232e+01,3.639232e+01,3.639232e+01,3.695523e+01,3.695523e+01,3.695523e+01,3.695523e+01,3.695523e+01,3.695523e+01,3.728341e+01,3.728341e+01,3.784180e+01,3.762422e+01,3.788254e+01,3.792327e+01,3.795042e+01,3.820798e+01,3.828920e+01,3.849196e+01,3.859996e+01,3.859996e+01,3.859996e+01,3.859996e+01,3.859996e+01,3.859996e+01,3.859996e+01,3.859996e+01,3.859996e+01,3.915179e+01,3.948694e+01,3.927256e+01,3.943338e+01,3.964746e+01,3.964746e+01,4.018087e+01,4.018087e+01,4.018087e+01,4.072502e+01,4.083089e+01,4.083089e+01,4.083089e+01,4.083089e+01,4.083089e+01,4.083089e+01,4.137194e+01,4.116110e+01,4.141142e+01,4.133244e+01,4.118748e+01,4.118748e+01,4.118748e+01,4.118748e+01,4.118748e+01,4.118748e+01,4.064555e+01,4.098951e+01,4.073826e+01,4.077797e+01,4.077797e+01,4.077797e+01,4.077797e+01,4.077797e+01,4.023407e+01,4.020747e+01,4.020747e+01,4.020747e+01,4.020747e+01,4.020747e+01,3.966082e+01,3.966082e+01,3.971427e+01,3.971427e+01,3.971427e+01,3.971427e+01,3.971427e+01,4.028725e+01,4.028725e+01,4.028725e+01,4.065880e+01,4.065880e+01,4.065880e+01,4.065880e+01,4.065880e+01,4.065880e+01,4.065880e+01,4.065880e+01,4.065880e+01,4.120066e+01,4.156924e+01,4.196283e+01,4.238118e+01,4.275899e+01,4.317446e+01,4.351093e+01,4.411671e+01,4.446329e+01,4.496211e+01,4.531893e+01,4.578879e+01,4.629466e+01,4.679838e+01,4.743756e+01,4.791159e+01,4.837137e+01,4.882941e+01,4.926109e+01,5.019323e+01,5.065665e+01,5.152996e+01,5.208469e+01,5.258904e+01,5.325835e+01,5.376987e+01,5.440932e+01,5.498678e+01,5.597067e+01,5.658759e+01,5.715534e+01,5.797360e+01,5.845523e+01,5.920852e+01,5.985564e+01,6.040941e+01,6.106192e+01,6.147652e+01,6.205704e+01,6.297848e+01,6.364070e+01,6.452962e+01,6.516261e+01,6.555405e+01,6.639836e+01,6.695841e+01,6.789043e+01,6.842328e+01,6.908125e+01,6.991523e+01,7.066063e+01,7.121455e+01,7.201552e+01,7.253328e+01,7.341955e+01,7.418811e+01,7.480009e+01,7.536900e+01,7.601654e+01,7.715306e+01,7.772311e+01,7.821146e+01,7.903509e+01,7.967702e+01,8.030647e+01,8.065941e+01,8.141162e+01,8.224749e+01,8.276041e+01,8.349300e+01,8.394437e+01,8.420308e+01,8.491953e+01,8.547140e+01,8.586983e+01,8.625784e+01,8.667321e+01,8.691815e+01,8.724730e+01,8.764140e+01,8.803455e+01,8.851069e+01,8.877151e+01,8.874358e+01,8.942175e+01,8.953297e+01,9.011562e+01,9.023560e+01,9.018946e+01,9.046607e+01,9.064103e+01,9.071464e+01,9.098119e+01,9.098119e+01,9.098119e+01,9.098119e+01,9.098119e+01,9.135733e+01,9.121065e+01,9.138482e+01,9.135733e+01,9.135733e+01,9.135733e+01,9.135733e+01,9.135733e+01,9.135733e+01,9.135733e+01,9.135733e+01,9.135733e+01,9.135733e+01,9.135733e+01,9.135733e+01,9.101793e+01,9.101793e+01,9.101793e+01,9.101793e+01,9.101793e+01,9.101793e+01,9.101793e+01,9.101793e+01,9.101793e+01,9.101793e+01,9.101793e+01,9.101793e+01,9.064103e+01,9.064103e+01,9.064103e+01,9.064103e+01,9.064103e+01,9.064103e+01,9.064103e+01,9.064103e+01,9.041079e+01,9.041079e+01,9.041079e+01,9.041079e+01,9.041079e+01,9.041079e+01,9.041079e+01,9.015254e+01,9.015254e+01,9.015254e+01,9.015254e+01,9.015254e+01,9.015254e+01,9.015254e+01,8.993087e+01,8.993087e+01,8.993087e+01,8.993087e+01,8.993087e+01,8.955150e+01,8.955150e+01,8.955150e+01,8.955150e+01,8.955150e+01,8.955150e+01,8.955150e+01,8.955150e+01,8.955150e+01,8.920838e+01,8.920838e+01,8.920838e+01,8.920838e+01,8.882734e+01,8.889246e+01,8.898544e+01,8.898544e+01,8.898544e+01,8.898544e+01,8.898544e+01,8.898544e+01,8.856661e+01,8.856661e+01,8.856661e+01,8.856661e+01,8.856661e+01,8.856661e+01,8.818408e+01,8.818408e+01,8.818408e+01,8.818408e+01,8.818408e+01,8.818408e+01,8.818408e+01,8.780065e+01,8.780065e+01,8.780065e+01,8.780065e+01,8.780065e+01,8.780065e+01,8.780065e+01,8.780065e+01,8.780065e+01,8.741632e+01,8.749138e+01,8.756641e+01,8.756641e+01,8.756641e+01,8.756641e+01,8.756641e+01,8.718153e+01,8.733183e+01,8.733183e+01,8.733183e+01,8.733183e+01,8.733183e+01,8.733183e+01,8.733183e+01,8.733183e+01,8.733183e+01,8.733183e+01,8.733183e+01,8.733183e+01,8.733183e+01,8.733183e+01,8.733183e+01,8.733183e+01,8.733183e+01,8.733183e+01,8.733183e+01,8.733183e+01,8.733183e+01,8.733183e+01,8.733183e+01,8.733183e+01,8.733183e+01,8.733183e+01,8.694640e+01,8.733183e+01,8.711572e+01,8.711572e+01,8.711572e+01,8.711572e+01,8.711572e+01,8.711572e+01,8.711572e+01,8.711572e+01,8.711572e+01,8.711572e+01,8.711572e+01,8.711572e+01,8.711572e+01,8.711572e+01,8.711572e+01,8.711572e+01,8.711572e+01,8.711572e+01,8.711572e+01,8.711572e+01,8.711572e+01,8.711572e+01,8.750076e+01,8.725670e+01,8.725670e+01,8.725670e+01,8.725670e+01,8.751014e+01,8.751014e+01,8.751014e+01,8.751014e+01,8.751014e+01,8.751014e+01,8.751014e+01,8.751014e+01,8.726609e+01,8.726609e+01,8.726609e+01,8.726609e+01,8.685224e+01,8.685224e+01,8.685224e+01,8.685224e+01,8.685224e+01,8.646566e+01,8.646566e+01,8.607816e+01,8.611600e+01,8.588879e+01,8.604976e+01,8.574661e+01,8.566125e+01,8.538589e+01,8.510052e+01,8.492906e+01,8.453783e+01,8.455693e+01,8.434663e+01,8.411689e+01,8.385803e+01,8.358915e+01,8.331017e+01,8.293423e+01,8.289561e+01,8.241219e+01,8.214082e+01,8.180096e+01,8.136288e+01,8.078666e+01,8.034572e+01,8.014935e+01,7.980508e+01,7.895589e+01,7.852953e+01,7.773310e+01,7.723320e+01,7.686221e+01,7.661102e+01,7.607710e+01,7.522698e+01,7.464733e+01,7.430050e+01,7.357358e+01,7.309040e+01,7.251260e+01,7.206738e+01,7.137093e+01,7.086990e+01,7.007303e+01,6.967293e+01,6.883752e+01,6.829558e+01,6.754833e+01,6.705511e+01,6.638757e+01,6.598767e+01,6.523881e+01,6.485740e+01,6.405845e+01,6.366272e+01,6.282350e+01,6.201247e+01,6.149889e+01,6.064603e+01,5.981033e+01,5.932228e+01,5.855821e+01,5.765152e+01,5.702810e+01,5.659920e+01,5.574878e+01,5.497503e+01,5.451558e+01,5.357978e+01,5.300777e+01,5.240915e+01,5.159038e+01,5.097273e+01,5.048612e+01,4.955622e+01,4.901460e+01,4.852011e+01,4.781195e+01,4.778703e+01,4.689887e+01,4.659715e+01,4.635774e+01,4.570004e+01,4.529348e+01,4.496211e+01,4.446329e+01,4.375620e+01,4.336870e+01,4.307073e+01,4.266791e+01,4.226367e+01,4.184489e+01,4.158238e+01,4.142458e+01,4.104234e+01,4.079120e+01,4.032712e+01,3.999446e+01,3.958060e+01,3.972763e+01,3.932619e+01,3.911150e+01,3.855947e+01,3.857297e+01,3.827567e+01,3.807250e+01,3.807250e+01,3.807250e+01,3.807250e+01,3.807250e+01,3.807250e+01,3.807250e+01,3.843793e+01,3.843793e+01,3.843793e+01,3.899056e+01,3.885602e+01,3.885602e+01,3.885602e+01,3.885602e+01,3.940659e+01,3.939320e+01,3.935300e+01,3.935300e+01,3.935300e+01,3.935300e+01,3.990114e+01,3.988781e+01,3.983444e+01,3.983444e+01,3.983444e+01,3.983444e+01,3.983444e+01,3.983444e+01,3.983444e+01,3.983444e+01,3.983444e+01,4.038025e+01,4.028725e+01,4.023407e+01,4.023407e+01,4.023407e+01,4.023407e+01,4.077797e+01,4.069854e+01,4.069854e+01,4.069854e+01,4.069854e+01,4.069854e+01,4.137194e+01,4.137194e+01,4.137194e+01,4.137194e+01,4.137194e+01,4.137194e+01,4.137194e+01,4.183178e+01,4.183178e+01,4.183178e+01,4.183178e+01,4.183178e+01,4.183178e+01,4.183178e+01,4.183178e+01,4.183178e+01,4.183178e+01,4.183178e+01,4.183178e+01,4.183178e+01,4.183178e+01,4.183178e+01,4.183178e+01,4.129292e+01,4.129292e+01,4.183178e+01,4.162180e+01,4.108194e+01,4.129292e+01,4.113472e+01,4.118748e+01,4.118748e+01,4.118748e+01,4.118748e+01,4.118748e+01,4.118748e+01,4.118748e+01,4.118748e+01,4.118748e+01,4.067204e+01,4.067204e+01,4.067204e+01,4.067204e+01,4.067204e+01,4.067204e+01,4.067204e+01,4.067204e+01,4.067204e+01,4.067204e+01,4.067204e+01,4.067204e+01,4.067204e+01,4.067204e+01,4.067204e+01,4.067204e+01,4.067204e+01,4.067204e+01,4.067204e+01,4.067204e+01,4.067204e+01,4.067204e+01,4.067204e+01,4.067204e+01,4.067204e+01,4.067204e+01,4.067204e+01,4.067204e+01,4.067204e+01,4.067204e+01,4.067204e+01,4.067204e+01,4.012764e+01,4.012764e+01,4.012764e+01,4.012764e+01,4.012764e+01,4.012764e+01,4.012764e+01,4.012764e+01,4.012764e+01,4.012764e+01,4.012764e+01,4.012764e+01,4.012764e+01,4.012764e+01,4.012764e+01,4.012764e+01,3.984778e+01,3.984778e+01,3.984778e+01,3.984778e+01,3.984778e+01,3.984778e+01,3.984778e+01,3.984778e+01,3.984778e+01,3.984778e+01,3.984778e+01,3.929938e+01,3.943338e+01,3.943338e+01,3.943338e+01,3.943338e+01,3.943338e+01,3.943338e+01,3.943338e+01,3.943338e+01,3.943338e+01,3.943338e+01,3.943338e+01,3.943338e+01,3.896367e+01,3.951371e+01,3.929938e+01,3.929938e+01,3.929938e+01,3.929938e+01,3.929938e+01,3.929938e+01,3.929938e+01,3.874828e+01,3.888294e+01,3.888294e+01,3.888294e+01,3.888294e+01
3.639232e+01,3.639232e+01,3.639232e+01,3.639232e+01,3.639232e+01,3.639232e+01,3.639232e+01,3.695523e+01,3.695523e+01,3.695523e+01,3.695523e+01,3.695523e+01,3.695523e+01,3.728341e+01,3.754252e+01,3.765144e+01,3.765144e+01,3.765144e+01,3.820798e+01,3.799113e+01,3.799113e+01,3.799113e+01,3.849196e+01,3.849196e+01,3.849196e+01,3.849196e+01,3.849196e+01,3.849196e+01,3.849196e+01,3.849196e+01,3.849196e+01,3.849196e+01,3.859996e+01,3.905777e+01,3.927256e+01,3.927256e+01,3.964746e+01,3.990114e+01,3.999446e+01,3.999446e+01,4.053951e+01,4.056602e+01,4.056602e+01,4.110833e+01,4.089701e+01,4.089701e+01,4.089701e+01,4.089701e+01,4.089701e+01,4.089701e+01,4.089701e+01,4.089701e+01,4.089701e+01,4.089701e+01,4.089701e+01,4.089701e+01,4.089701e+01,4.089701e+01,4.089701e+01,4.089701e+01,4.089701e+01,4.089701e+01,4.089701e+01,4.089701e+01,4.089701e+01,4.035369e+01,4.039353e+01,4.039353e+01,4.039353e+01,4.039353e+01,3.984778e+01,3.987447e+01,3.982109e+01,3.982109e+01,3.982109e+01,3.982109e+01,3.982109e+01,3.982109e+01,3.982109e+01,4.028725e+01,4.028725e+01,4.028725e+01,4.065880e+01,4.065880e+01,4.065880e+01,4.065880e+01,4.065880e+01,4.065880e+01,4.065880e+01,4.065880e+01,4.120066e+01,4.124021e+01,4.160866e+01,4.200212e+01,4.242032e+01,4.279800e+01,4.321333e+01,4.366590e+01,4.405242e+01,4.455298e+01,4.489828e+01,4.540797e+01,4.582681e+01,4.633251e+01,4.683607e+01,4.747505e+01,4.794894e+01,4.840858e+01,4.886647e+01,4.929802e+01,5.022988e+01,5.069316e+01,5.156621e+01,5.212078e+01,5.262498e+01,5.329410e+01,5.380548e+01,5.444475e+01,5.550310e+01,5.609895e+01,5.663403e+01,5.767455e+01,5.809991e+01,5.851245e+01,5.926542e+01,5.991225e+01,6.046579e+01,6.111802e+01,6.153245e+01,6.256849e+01,6.310013e+01,6.370675e+01,6.459524e+01,6.522793e+01,6.561917e+01,6.646310e+01,6.702289e+01,6.795448e+01,6.848709e+01,6.914476e+01,6.997837e+01,7.072344e+01,7.127711e+01,7.207775e+01,7.301830e+01,7.353252e+01,7.425964e+01,7.487132e+01,7.543996e+01,7.615781e+01,7.706286e+01,7.770315e+01,7.826120e+01,7.910435e+01,7.974599e+01,8.037515e+01,8.072794e+01,8.147983e+01,8.231533e+01,8.282803e+01,8.316568e+01,8.378126e+01,8.454738e+01,8.502434e+01,8.552837e+01,8.592668e+01,8.631455e+01,8.662606e+01,8.699345e+01,8.730366e+01,8.769762e+01,8.809064e+01,8.846407e+01,8.870634e+01,8.926407e+01,8.932902e+01,8.962559e+01,8.998632e+01,9.023560e+01,9.030016e+01,9.044765e+01,9.064103e+01,9.082499e+01,9.096282e+01,9.096282e+01,9.096282e+01,9.096282e+01,9.133900e+01,9.126567e+01,9.126567e+01,9.126567e+01,9.126567e+01,9.126567e+01,9.126567e+01,9.126567e+01,9.126567e+01,9.126567e+01,9.126567e+01,9.126567e+01,9.126567e+01,9.126567e+01,9.126567e+01,9.126567e+01,9.126567e+01,9.126567e+01,9.126567e+01,9.126567e+01,9.126567e+01,9.126567e+01,9.126567e+01,9.101793e+01,9.101793e+01,9.101793e+01,9.101793e+01,9.101793e+01,9.101793e+01,9.064103e+01,9.064103e+01,9.064103e+01,9.064103e+01,9.064103e+01,9.064103e+01,9.064103e+01,9.041079e+01,9.041079e+01,9.041079e+01,9.041079e+01,9.041079e+01,9.041079e+01,9.041079e+01,9.041079e+01,9.015254e+01,9.015254e+01,9.015254e+01,9.015254e+01,9.015254e+01,9.015254e+01,8.993087e+01,8.993087e+01,8.993087e+01,8.993087e+01,8.993087e+01,8.993087e+01,8.955150e+01,8.955150e+01,8.955150e+01,8.955150e+01,8.955150e+01,8.955150e+01,8.955150e+01,8.955150e+01,8.955150e+01,8.920838e+01,8.920838e+01,8.920838e+01,8.920838e+01,8.920838e+01,8.898544e+01,8.898544e+01,8.898544e+01,8.898544e+01,8.898544e+01,8.860388e+01,8.865977e+01,8.865977e+01,8.865977e+01,8.827746e+01,8.842677e+01,8.824011e+01,8.827746e+01,8.827746e+01,8.827746e+01,8.827746e+01,8.789425e+01,8.804391e+01,8.824011e+01,8.798780e+01,8.798780e+01,8.798780e+01,8.798780e+01,8.798780e+01,8.760391e+01,8.775383e+01,8.775383e+01,8.775383e+01,8.775383e+01,8.775383e+01,8.775383e+01,8.775383e+01,8.736938e+01,8.751952e+01,8.772573e+01,8.747262e+01,8.732244e+01,8.732244e+01,8.732244e+01,8.732244e+01,8.732244e+01,8.732244e+01,8.732244e+01,8.732244e+01,8.732244e+01,8.732244e+01,8.732244e+01,8.732244e+01,8.732244e+01,8.732244e+01,8.732244e+01,8.732244e+01,8.732244e+01,8.732244e+01,8.732244e+01,8.732244e+01,8.732244e+01,8.732244e+01,8.732244e+01,8.732244e+01,8.732244e+01,8.732244e+01,8.732244e+01,8.732244e+01,8.732244e+01,8.732244e+01,8.732244e+01,8.732244e+01,8.732244e+01,8.732244e+01,8.732244e+01,8.732244e+01,8.732244e+01,8.732244e+01,8.732244e+01,8.732244e+01,8.732244e+01,8.732244e+01,8.732244e+01,8.732244e+01,8.732244e+01,8.732244e+01,8.732244e+01,8.732244e+01,8.732244e+01,8.732244e+01,8.732244e+01,8.732244e+01,8.732244e+01,8.770699e+01,8.764140e+01,8.754765e+01,8.754765e+01,8.754765e+01,8.754765e+01,8.754765e+01,8.754765e+01,8.754765e+01,8.754765e+01,8.726609e+01,8.726609e+01,8.726609e+01,8.726609e+01,8.726609e+01,8.685224e+01,8.685224e+01,8.685224e+01,8.685224e+01,8.646566e+01,8.629565e+01,8.621058e+01,8.609708e+01,8.590773e+01,8.593615e+01,8.576558e+01,8.556635e+01,8.535737e+01,8.511956e+01,8.477650e+01,8.467152e+01,8.455693e+01,8.431793e+01,8.408815e+01,8.382925e+01,8.356031e+01,8.357954e+01,8.327165e+01,8.283768e+01,8.285699e+01,8.227657e+01,8.187870e+01,8.138239e+01,8.114827e+01,8.064961e+01,8.015917e+01,7.976569e+01,7.890638e+01,7.847987e+01,7.809201e+01,7.727325e+01,7.695253e+01,7.658085e+01,7.602663e+01,7.517622e+01,7.459638e+01,7.424942e+01,7.352225e+01,7.303890e+01,7.246090e+01,7.201552e+01,7.131882e+01,7.081761e+01,7.002045e+01,6.962020e+01,6.921882e+01,6.833816e+01,6.754833e+01,6.701214e+01,6.634440e+01,6.594437e+01,6.519527e+01,6.481374e+01,6.401453e+01,6.361868e+01,6.277918e+01,6.196789e+01,6.145414e+01,6.060099e+01,6.022884e+01,5.937912e+01,5.858108e+01,5.764000e+01,5.699338e+01,5.656437e+01,5.571371e+01,5.493974e+01,5.448017e+01,5.354411e+01,5.297194e+01,5.237314e+01,5.155413e+01,5.093630e+01,5.044955e+01,4.951937e+01,4.897758e+01,4.848294e+01,4.798627e+01,4.773717e+01,4.696163e+01,4.668523e+01,4.621892e+01,4.576344e+01,4.531893e+01,4.483441e+01,4.442484e+01,4.382066e+01,4.339457e+01,4.305776e+01,4.262885e+01,4.222448e+01,4.187111e+01,4.187111e+01,4.142458e+01,4.106874e+01,4.112152e+01,4.067204e+01,4.027396e+01,3.984778e+01,3.968755e+01,3.935300e+01,3.889640e+01,3.874828e+01,3.858646e+01,3.831625e+01,3.831625e+01,3.831625e+01,3.831625e+01,3.831625e+01,3.831625e+01,3.831625e+01,3.831625e+01,3.831625e+01,3.831625e+01,3.886948e+01,3.882909e+01,3.882909e+01,3.882909e+01,3.882909e+01,3.937980e+01,3.927256e+01,3.927256e+01,3.927256e+01,3.927256e+01,3.982109e+01,3.971427e+01,3.974099e+01,3.974099e+01,3.974099e+01,3.974099e+01,3.974099e+01,3.974099e+01,3.974099e+01,3.974099e+01,4.028725e+01,3.994115e+01,4.018087e+01,4.022078e+01,4.022078e+01,4.022078e+01,4.022078e+01,4.022078e+01,4.076473e+01,4.064555e+01,4.064555e+01,4.064555e+01,4.064555e+01,4.118748e+01,4.108194e+01,4.121385e+01,4.121385e+01,4.121385e+01,4.121385e+01,4.175309e+01,4.154295e+01,4.177932e+01,4.167433e+01,4.167433e+01,4.221141e+01,4.200212e+01,4.200212e+01,4.200212e+01,4.200212e+01,4.200212e+01,4.200212e+01,4.200212e+01,4.200212e+01,4.200212e+01,4.200212e+01,4.146405e+01,4.167433e+01,4.143774e+01,4.145090e+01,4.168746e+01,4.167433e+01,4.138510e+01,4.126657e+01,4.126657e+01,4.126657e+01,4.126657e+01,4.126657e+01,4.126657e+01,4.126657e+01,4.126657e+01,4.126657e+01,4.072502e+01,4.106874e+01,4.083089e+01,4.083089e+01,4.083089e+01,4.083089e+01,4.083089e+01,4.083089e+01,4.083089e+01,4.083089e+01,4.083089e+01,4.083089e+01,4.083089e+01,4.028725e+01,4.049971e+01,4.049971e+01,4.049971e+01,4.049971e+01,4.049971e+01,4.049971e+01,4.049971e+01,4.049971e+01,4.049971e+01,4.049971e+01,4.049971e+01,4.049971e+01,4.049971e+01,4.049971e+01,4.049971e+01,4.049971e+01,4.049971e+01,4.049971e+01,4.049971e+01,4.049971e+01,4.049971e+01,4.049971e+01,4.049971e+01,4.049971e+01,4.049971e+01,4.049971e+01,4.049971e+01,4.049971e+01,4.012764e+01,4.012764e+01,4.012764e+01,4.012764e+01,4.012764e+01,4.012764e+01,4.012764e+01,4.012764e+01,4.012764e+01,3.984778e+01,3.984778e+01,3.984778e+01,3.984778e+01,3.984778e+01,3.984778e+01,3.984778e+01,3.984778e+01,3.984778e+01,3.984778e+01,3.984778e+01,3.984778e+01,3.984778e+01,3.984778e+01,3.943338e+01,3.943338e+01,3.943338e+01,3.943338e+01,3.943338e+01,3.943338e+01,3.943338e+01,3.943338e+01,3.943338e+01,3.943338e+01,3.943338e+01,3.943338e+01,3.943338e+01,3.943338e+01,3.888294e+01,3.909807e+01,3.909807e+01,3.909807e+01,3.909807e+01,3.909807e+01,3.909807e+01,3.909807e+01,3.909807e+01,3.909807e+01
3.639232e+01,3.639232e+01,3.639232e+01,3.639232e+01,3.639232e+01,3.639232e+01,3.639232e+01,3.639232e+01,3.695523e+01,3.695523e+01,3.695523e+01,3.695523e+01,3.751528e+01,3.737894e+01,3.737894e+01,3.737894e+01,3.737894e+01,3.793685e+01,3.804538e+01,3.804538e+01,3.804538e+01,3.804538e+01,3.804538e+01,3.849196e+01,3.849196e+01,3.849196e+01,3.849196e+01,3.849196e+01,3.849196e+01,3.849196e+01,3.849196e+01,3.904433e+01,3.893676e+01,3.889640e+01,3.927256e+01,3.943338e+01,3.962072e+01,3.962072e+01,3.999446e+01,4.023407e+01,4.035369e+01,4.035369e+01,4.089701e+01,4.094987e+01,4.094987e+01,4.094987e+01,4.094987e+01,4.094987e+01,4.094987e+01,4.094987e+01,4.094987e+01,4.094987e+01,4.094987e+01,4.094987e+01,4.094987e+01,4.094987e+01,4.094987e+01,4.094987e+01,4.094987e+01,4.094987e+01,4.094987e+01,4.094987e+01,4.094987e+01,4.094987e+01,4.040681e+01,4.048645e+01,4.048645e+01,4.048645e+01,3.994115e+01,4.004775e+01,4.000779e+01,4.000779e+01,4.000779e+01,4.000779e+01,4.000779e+01,4.000779e+01,4.000779e+01,4.000779e+01,4.000779e+01,4.000779e+01,4.000779e+01,4.028725e+01,4.063230e+01,4.117429e+01,4.083089e+01,4.083089e+01,4.083089e+01,4.083089e+01,4.083089e+01,4.083089e+01,4.083089e+01,4.124021e+01,4.164807e+01,4.204139e+01,4.245945e+01,4.336870e+01,4.353678e+01,4.367881e+01,4.420667e+01,4.448893e+01,4.498763e+01,4.544611e+01,4.586481e+01,4.637035e+01,4.687376e+01,4.751253e+01,4.798627e+01,4.844577e+01,4.890352e+01,4.983839e+01,5.036417e+01,5.074183e+01,5.161454e+01,5.216889e+01,5.267290e+01,5.334176e+01,5.385294e+01,5.449198e+01,5.554993e+01,5.614557e+01,5.668045e+01,5.724780e+01,5.804251e+01,5.850101e+01,5.929954e+01,5.995752e+01,6.051087e+01,6.116289e+01,6.168892e+01,6.246858e+01,6.304485e+01,6.369574e+01,6.417914e+01,6.516261e+01,6.558661e+01,6.646310e+01,6.705511e+01,6.798649e+01,6.851898e+01,6.960965e+01,7.009406e+01,7.076530e+01,7.131882e+01,7.211922e+01,7.305950e+01,7.357358e+01,7.430050e+01,7.491202e+01,7.548050e+01,7.619816e+01,7.710296e+01,7.774308e+01,7.830098e+01,7.914391e+01,7.978539e+01,8.041439e+01,8.076709e+01,8.151878e+01,8.235408e+01,8.286665e+01,8.320422e+01,8.381965e+01,8.458559e+01,8.506244e+01,8.556635e+01,8.596456e+01,8.635234e+01,8.666378e+01,8.703108e+01,8.734122e+01,8.773510e+01,8.812802e+01,8.841743e+01,8.877151e+01,8.913410e+01,8.969039e+01,8.981068e+01,8.994012e+01,9.017101e+01,9.017101e+01,9.044765e+01,9.062262e+01,9.082499e+01,9.120148e+01,9.105466e+01,9.105466e+01,9.105466e+01,9.105466e+01,9.105466e+01,9.126567e+01,9.126567e+01,9.126567e+01,9.126567e+01,9.126567e+01,9.126567e+01,9.126567e+01,9.126567e+01,9.126567e+01,9.126567e+01,9.126567e+01,9.126567e+01,9.126567e+01,9.126567e+01,9.126567e+01,9.126567e+01,9.126567e+01,9.126567e+01,9.126567e+01,9.126567e+01,9.126567e+01,9.101793e+01,9.101793e+01,9.101793e+01,9.101793e+01,9.101793e+01,9.101793e+01,9.101793e+01,9.064103e+01,9.064103e+01,9.064103e+01,9.064103e+01,9.064103e+01,9.064103e+01,9.064103e+01,9.041079e+01,9.041079e+01,9.041079e+01,9.041079e+01,9.041079e+01,9.041079e+01,9.041079e+01,9.015254e+01,9.015254e+01,9.015254e+01,9.015254e+01,9.015254e+01,8.977367e+01,8.986617e+01,8.986617e+01,8.986617e+01,8.986617e+01,8.986617e+01,8.986617e+01,8.986617e+01,8.955150e+01,8.955150e+01,8.955150e+01,8.955150e+01,8.955150e+01,8.955150e+01,8.955150e+01,8.955150e+01,8.920838e+01,8.920838e+01,8.920838e+01,8.920838e+01,8.920838e+01,8.898544e+01,8.898544e+01,8.898544e+01,8.898544e+01,8.860388e+01,8.869703e+01,8.869703e+01,8.869703e+01,8.869703e+01,8.865977e+01,8.841743e+01,8.841743e+01,8.841743e+01,8.841743e+01,8.841743e+01,8.803455e+01,8.800650e+01,8.816540e+01,8.812802e+01,8.800650e+01,8.800650e+01,8.800650e+01,8.800650e+01,8.800650e+01,8.760391e+01,8.798780e+01,8.783810e+01,8.783810e+01,8.783810e+01,8.745386e+01,8.760391e+01,8.781937e+01,8.756641e+01,8.755703e+01,8.761328e+01,8.749138e+01,8.749138e+01,8.749138e+01,8.749138e+01,8.749138e+01,8.749138e+01,8.749138e+01,8.749138e+01,8.749138e+01,8.749138e+01,8.749138e+01,8.749138e+01,8.749138e+01,8.749138e+01,8.749138e+01,8.749138e+01,8.710632e+01,8.725670e+01,8.725670e+01,8.725670e+01,8.725670e+01,8.725670e+01,8.725670e+01,8.725670e+01,8.725670e+01,8.725670e+01,8.725670e+01,8.725670e+01,8.725670e+01,8.725670e+01,8.725670e+01,8.725670e+01,8.725670e+01,8.725670e+01,8.725670e+01,8.725670e+01,8.725670e+01,8.725670e+01,8.725670e+01,8.725670e+01,8.725670e+01,8.725670e+01,8.725670e+01,8.725670e+01,8.725670e+01,8.725670e+01,8.725670e+01,8.725670e+01,8.725670e+01,8.764140e+01,8.739754e+01,8.739754e+01,8.739754e+01,8.739754e+01,8.739754e+01,8.739754e+01,8.739754e+01,8.778192e+01,8.763203e+01,8.763203e+01,8.763203e+01,8.763203e+01,8.763203e+01,8.763203e+01,8.726609e+01,8.726609e+01,8.726609e+01,8.726609e+01,8.688049e+01,8.694640e+01,8.694640e+01,8.694640e+01,8.694640e+01,8.646566e+01,8.646566e+01,8.646566e+01,8.609708e+01,8.609708e+01,8.609708e+01,8.576558e+01,8.552837e+01,8.531934e+01,8.500529e+01,8.491000e+01,8.491000e+01,8.455693e+01,8.427966e+01,8.404982e+01,8.379086e+01,8.357954e+01,8.345453e+01,8.315604e+01,8.297282e+01,8.241219e+01,8.216992e+01,8.183984e+01,8.143111e+01,8.107993e+01,8.061044e+01,8.011987e+01,7.972629e+01,7.886675e+01,7.844014e+01,7.805217e+01,7.732330e+01,7.688229e+01,7.654061e+01,7.598625e+01,7.555141e+01,7.506450e+01,7.440260e+01,7.364541e+01,7.313158e+01,7.252294e+01,7.204664e+01,7.131882e+01,7.078623e+01,6.998889e+01,6.958855e+01,6.918708e+01,6.830622e+01,6.751622e+01,6.697990e+01,6.675404e+01,6.602014e+01,6.523881e+01,6.482465e+01,6.399257e+01,6.358564e+01,6.274594e+01,6.193444e+01,6.142057e+01,6.056720e+01,6.019495e+01,5.934502e+01,5.854677e+01,5.807696e+01,5.707438e+01,5.662242e+01,5.574878e+01,5.495150e+01,5.446836e+01,5.352032e+01,5.294804e+01,5.234913e+01,5.152996e+01,5.091201e+01,5.042516e+01,4.949480e+01,4.895290e+01,4.845816e+01,4.816034e+01,4.717478e+01,4.692398e+01,4.653419e+01,4.619366e+01,4.573809e+01,4.529348e+01,4.489828e+01,4.433505e+01,4.379488e+01,4.345923e+01,4.296691e+01,4.269394e+01,4.223754e+01,4.191043e+01,4.167433e+01,4.149036e+01,4.116110e+01,4.092345e+01,4.073826e+01,4.028725e+01,3.988781e+01,3.955385e+01,3.919206e+01,3.908464e+01,3.908464e+01,3.858646e+01,3.858646e+01,3.858646e+01,3.803182e+01,3.824860e+01,3.824860e+01,3.824860e+01,3.824860e+01,3.824860e+01,3.824860e+01,3.880216e+01,3.873480e+01,3.873480e+01,3.873480e+01,3.873480e+01,3.873480e+01,3.937980e+01,3.937980e+01,3.937980e+01,3.937980e+01,3.992781e+01,3.979440e+01,3.979440e+01,3.979440e+01,3.979440e+01,3.979440e+01,3.979440e+01,3.979440e+01,3.979440e+01,3.979440e+01,4.034040e+01,4.022078e+01,3.996781e+01,3.996781e+01,3.996781e+01,3.996781e+01,3.996781e+01,4.051298e+01,4.048645e+01,4.057928e+01,4.057928e+01,4.057928e+01,4.057928e+01,4.112152e+01,4.105554e+01,4.105554e+01,4.105554e+01,4.159552e+01,4.138510e+01,4.162180e+01,4.159552e+01,4.159552e+01,4.159552e+01,4.213297e+01,4.202830e+01,4.205447e+01,4.205447e+01,4.205447e+01,4.205447e+01,4.205447e+01,4.205447e+01,4.205447e+01,4.205447e+01,4.151666e+01,4.185801e+01,4.162180e+01,4.162180e+01,4.162180e+01,4.162180e+01,4.162180e+01,4.162180e+01,4.162180e+01,4.162180e+01,4.162180e+01,4.126657e+01,4.126657e+01,4.126657e+01,4.126657e+01,4.126657e+01,4.126657e+01,4.126657e+01,4.126657e+01,4.072502e+01,4.104234e+01,4.104234e+01,4.104234e+01,4.104234e+01,4.104234e+01,4.049971e+01,4.071178e+01,4.071178e+01,4.071178e+01,4.071178e+01,4.071178e+01,4.071178e+01,4.071178e+01,4.071178e+01,4.071178e+01,4.071178e+01,4.071178e+01,4.071178e+01,4.071178e+01,4.071178e+01,4.071178e+01,4.071178e+01,4.071178e+01,4.071178e+01,4.071178e+01,4.071178e+01,4.071178e+01,4.071178e+01,4.071178e+01,4.071178e+01,4.071178e+01,4.071178e+01,4.071178e+01,4.071178e+01,4.071178e+01,4.071178e+01,4.016756e+01,4.038025e+01,4.038025e+01,4.038025e+01,4.038025e+01,4.038025e+01,4.038025e+01,4.038025e+01,4.038025e+01,4.038025e+01,4.038025e+01,3.983444e+01,4.004775e+01,3.987447e+01,3.987447e+01,3.987447e+01,3.987447e+01,3.987447e+01,3.987447e+01,3.987447e+01,3.987447e+01,3.987447e+01,3.987447e+01,3.987447e+01,3.932619e+01,3.967419e+01,3.967419e+01,3.967419e+01,3.967419e+01,3.967419e+01,3.967419e+01,3.967419e+01,3.967419e+01,3.967419e+01,3.967419e+01,3.967419e+01,3.912493e+01,3.933960e+01,3.933960e+01,3.933960e+01,3.933960e+01,3.933960e+01,3.933960e+01,3.933960e+01,3.933960e+01,3.933960e+01,3.878869e+01,3.900400e+01,3.900400e+01,3.900400e+01,3.900400e+01,3.900400e+01
3.639232e+01,3.639232e+01,3.639232e+01,3.639232e+01,3.639232e+01,3.639232e+01,3.639232e+01,3.695523e+01,3.681820e+01,3.681820e+01,3.681820e+01,3.681820e+01,3.695523e+01,3.731071e+01,3.731071e+01,3.731071e+01,3.731071e+01,3.793685e+01,3.793685e+01,3.793685e+01,3.793685e+01,3.849196e+01,3.838387e+01,3.832978e+01,3.832978e+01,3.832978e+01,3.832978e+01,3.832978e+01,3.832978e+01,3.832978e+01,3.888294e+01,3.888294e+01,3.888294e+01,3.888294e+01,3.927256e+01,3.927256e+01,3.962072e+01,3.979440e+01,3.996781e+01,3.996781e+01,4.035369e+01,4.059254e+01,4.071178e+01,4.071178e+01,4.071178e+01,4.071178e+01,4.071178e+01,4.071178e+01,4.125339e+01,4.104234e+01,4.104234e+01,4.104234e+01,4.104234e+01,4.104234e+01,4.104234e+01,4.104234e+01,4.104234e+01,4.104234e+01,4.104234e+01,4.104234e+01,4.104234e+01,4.104234e+01,4.049971e+01,4.060579e+01,4.056602e+01,4.056602e+01,4.056602e+01,4.056602e+01,4.048645e+01,4.014095e+01,4.014095e+01,4.014095e+01,3.959398e+01,3.980775e+01,3.980775e+01,3.980775e+01,3.980775e+01,3.980775e+01,3.980775e+01,4.035369e+01,4.034040e+01,4.040681e+01,4.079120e+01,4.085734e+01,4.088379e+01,4.088379e+01,4.088379e+01,4.088379e+01,4.088379e+01,4.088379e+01,4.088379e+01,4.124021e+01,4.170059e+01,4.209373e+01,4.261583e+01,4.318742e+01,4.318742e+01,4.367881e+01,4.414242e+01,4.457859e+01,4.501315e+01,4.547152e+01,4.589014e+01,4.639558e+01,4.689887e+01,4.753751e+01,4.801115e+01,4.847055e+01,4.892821e+01,4.986289e+01,5.030315e+01,5.082695e+01,5.163869e+01,5.219294e+01,5.269685e+01,5.336558e+01,5.387667e+01,5.451558e+01,5.557334e+01,5.616887e+01,5.670366e+01,5.727090e+01,5.806548e+01,5.852389e+01,5.932228e+01,5.998016e+01,6.053341e+01,6.072482e+01,6.159953e+01,6.239082e+01,6.297848e+01,6.364070e+01,6.458430e+01,6.528233e+01,6.605260e+01,6.658170e+01,6.708733e+01,6.801849e+01,6.866772e+01,6.951468e+01,7.003097e+01,7.073391e+01,7.174555e+01,7.223320e+01,7.310069e+01,7.361463e+01,7.434135e+01,7.495269e+01,7.552103e+01,7.623849e+01,7.714304e+01,7.778300e+01,7.834075e+01,7.918346e+01,7.982478e+01,8.045362e+01,8.080623e+01,8.155773e+01,8.239282e+01,8.290527e+01,8.324276e+01,8.385803e+01,8.462379e+01,8.510052e+01,8.560432e+01,8.600243e+01,8.639012e+01,8.670149e+01,8.706870e+01,8.737878e+01,8.777256e+01,8.808130e+01,8.848272e+01,8.880873e+01,8.917125e+01,8.956076e+01,8.956076e+01,8.994012e+01,9.015254e+01,9.027249e+01,9.042922e+01,9.072383e+01,9.093526e+01,9.107301e+01,9.107301e+01,9.107301e+01,9.107301e+01,9.107301e+01,9.107301e+01,9.126567e+01,9.126567e+01,9.126567e+01,9.126567e+01,9.126567e+01,9.126567e+01,9.126567e+01,9.126567e+01,9.126567e+01,9.126567e+01,9.126567e+01,9.126567e+01,9.126567e+01,9.126567e+01,9.126567e+01,9.126567e+01,9.126567e+01,9.126567e+01,9.126567e+01,9.126567e+01,9.126567e+01,9.101793e+01,9.101793e+01,9.101793e+01,9.101793e+01,9.101793e+01,9.101793e+01,9.101793e+01,9.064103e+01,9.064103e+01,9.064103e+01,9.064103e+01,9.064103e+01,9.064103e+01,9.064103e+01,9.064103e+01,9.041079e+01,9.041079e+01,9.041079e+01,9.041079e+01,9.041079e+01,9.041079e+01,9.041079e+01,9.015254e+01,9.015254e+01,9.015254e+01,8.977367e+01,8.986617e+01,8.986617e+01,8.986617e+01,8.986617e+01,8.986617e+01,8.986617e+01,8.986617e+01,8.986617e+01,8.986617e+01,8.986617e+01,8.955150e+01,8.955150e+01,8.955150e+01,8.955150e+01,8.955150e+01,8.955150e+01,8.955150e+01,8.920838e+01,8.920838e+01,8.920838e+01,8.920838e+01,8.920838e+01,8.898544e+01,8.898544e+01,8.898544e+01,8.898544e+01,8.869703e+01,8.869703e+01,8.869703e+01,8.869703e+01,8.869703e+01,8.841743e+01,8.841743e+01,8.841743e+01,8.841743e+01,8.803455e+01,8.812802e+01,8.812802e+01,8.812802e+01,8.812802e+01,8.812802e+01,8.812802e+01,8.812802e+01,8.774446e+01,8.776319e+01,8.812802e+01,8.803455e+01,8.783810e+01,8.783810e+01,8.783810e+01,8.783810e+01,8.783810e+01,8.783810e+01,8.756641e+01,8.756641e+01,8.756641e+01,8.756641e+01,8.756641e+01,8.756641e+01,8.756641e+01,8.756641e+01,8.756641e+01,8.756641e+01,8.756641e+01,8.756641e+01,8.756641e+01,8.756641e+01,8.756641e+01,8.756641e+01,8.756641e+01,8.756641e+01,8.756641e+01,8.756641e+01,8.756641e+01,8.756641e+01,8.756641e+01,8.756641e+01,8.725670e+01,8.725670e+01,8.725670e+01,8.725670e+01,8.725670e+01,8.725670e+01,8.725670e+01,8.725670e+01,8.725670e+01,8.725670e+01,8.725670e+01,8.725670e+01,8.725670e+01,8.725670e+01,8.764140e+01,8.739754e+01,8.739754e+01,8.739754e+01,8.739754e+01,8.739754e+01,8.739754e+01,8.739754e+01,8.739754e+01,8.739754e+01,8.739754e+01,8.739754e+01,8.739754e+01,8.739754e+01,8.739754e+01,8.739754e+01,8.739754e+01,8.739754e+01,8.778192e+01,8.753828e+01,8.753828e+01,8.753828e+01,8.753828e+01,8.753828e+01,8.753828e+01,8.753828e+01,8.753828e+01,8.753828e+01,8.753828e+01,8.753828e+01,8.753828e+01,8.726609e+01,8.709692e+01,8.701227e+01,8.701227e+01,8.701227e+01,8.701227e+01,8.662606e+01,8.656004e+01,8.656004e+01,8.617275e+01,8.621058e+01,8.621058e+01,8.582246e+01,8.575610e+01,8.549039e+01,8.520522e+01,8.513860e+01,8.513860e+01,8.491000e+01,8.460469e+01,8.428922e+01,8.402106e+01,8.375246e+01,8.359875e+01,8.334868e+01,8.317532e+01,8.281837e+01,8.246060e+01,8.210202e+01,8.180096e+01,8.139213e+01,8.104086e+01,8.057124e+01,8.008055e+01,7.968687e+01,7.882712e+01,7.840039e+01,7.801232e+01,7.728326e+01,7.684212e+01,7.650036e+01,7.594585e+01,7.551089e+01,7.502385e+01,7.436176e+01,7.360437e+01,7.309040e+01,7.248158e+01,7.200515e+01,7.127711e+01,7.074438e+01,6.994680e+01,6.954634e+01,6.914476e+01,6.826363e+01,6.791177e+01,6.719468e+01,6.639836e+01,6.590105e+01,6.520616e+01,6.479190e+01,6.395962e+01,6.355259e+01,6.271268e+01,6.190099e+01,6.138699e+01,6.053341e+01,6.016106e+01,5.931091e+01,5.851245e+01,5.804251e+01,5.703967e+01,5.658759e+01,5.571371e+01,5.491621e+01,5.443294e+01,5.348463e+01,5.291219e+01,5.231310e+01,5.149369e+01,5.087556e+01,5.038857e+01,4.945792e+01,4.891587e+01,4.852011e+01,4.806091e+01,4.735003e+01,4.693653e+01,4.649640e+01,4.602935e+01,4.570004e+01,4.483441e+01,4.466819e+01,4.429655e+01,4.384644e+01,4.334282e+01,4.301883e+01,4.257675e+01,4.228979e+01,4.198902e+01,4.198902e+01,4.149036e+01,4.118748e+01,4.064555e+01,4.067204e+01,4.034040e+01,3.988781e+01,4.004775e+01,3.956723e+01,3.924573e+01,3.900400e+01,3.877522e+01,3.822152e+01,3.824860e+01,3.819444e+01,3.819444e+01,3.819444e+01,3.819444e+01,3.819444e+01,3.819444e+01,3.874828e+01,3.866740e+01,3.866740e+01,3.866740e+01,3.921890e+01,3.886948e+01,3.911150e+01,3.921890e+01,3.921890e+01,3.921890e+01,3.976770e+01,3.976770e+01,3.976770e+01,3.976770e+01,3.976770e+01,3.976770e+01,3.976770e+01,3.976770e+01,4.031383e+01,3.996781e+01,4.020747e+01,4.018087e+01,4.018087e+01,4.018087e+01,4.018087e+01,4.018087e+01,4.018087e+01,4.018087e+01,4.018087e+01,4.048645e+01,4.048645e+01,4.048645e+01,4.102913e+01,4.092345e+01,4.096309e+01,4.096309e+01,4.096309e+01,4.150351e+01,4.146405e+01,4.146405e+01,4.146405e+01,4.146405e+01,4.146405e+01,4.200212e+01,4.197593e+01,4.197593e+01,4.197593e+01,4.197593e+01,4.197593e+01,4.197593e+01,4.197593e+01,4.197593e+01,4.197593e+01,4.197593e+01,4.197593e+01,4.197593e+01,4.197593e+01,4.162180e+01,4.162180e+01,4.162180e+01,4.162180e+01,4.162180e+01,4.162180e+01,4.162180e+01,4.162180e+01,4.126657e+01,4.126657e+01,4.126657e+01,4.126657e+01,4.126657e+01,4.126657e+01,4.126657e+01,4.126657e+01,4.072502e+01,4.101593e+01,4.101593e+01,4.101593e+01,4.101593e+01,4.101593e+01,4.101593e+01,4.101593e+01,4.101593e+01,4.101593e+01,4.071178e+01,4.071178e+01,4.071178e+01,4.071178e+01,4.071178e+01,4.071178e+01,4.071178e+01,4.071178e+01,4.071178e+01,4.071178e+01,4.071178e+01,4.071178e+01,4.071178e+01,4.071178e+01,4.071178e+01,4.071178e+01,4.071178e+01,4.071178e+01,4.071178e+01,4.071178e+01,4.071178e+01,4.071178e+01,4.071178e+01,4.071178e+01,4.071178e+01,4.071178e+01,4.071178e+01,4.016756e+01,4.016756e+01,4.016756e+01,4.016756e+01,4.016756e+01,4.016756e+01,4.016756e+01,4.016756e+01,4.016756e+01,4.016756e+01,4.016756e+01,4.016756e+01,4.016756e+01,4.016756e+01,4.016756e+01,4.016756e+01,4.016756e+01,3.987447e+01,3.987447e+01,3.987447e+01,3.987447e+01,3.987447e+01,3.987447e+01,3.987447e+01,3.987447e+01,3.987447e+01,3.987447e+01,3.987447e+01,3.987447e+01,3.987447e+01,3.932619e+01,3.954047e+01,3.954047e+01,3.954047e+01,3.954047e+01,3.954047e+01,3.954047e+01,3.954047e+01,3.954047e+01,3.954047e+01,3.954047e+01,3.899056e+01,3.920548e+01,3.920548e+01,3.920548e+01,3.920548e+01,3.920548e+01,3.920548e+01,3.920548e+01,3.865392e+01,3.886948e+01,3.886948e+01
3.639232e+01,3.639232e+01,3.639232e+01,3.639232e+01,3.639232e+01,3.639232e+01,3.639232e+01,3.695523e+01,3.695523e+01,3.695523e+01,3.695523e+01,3.695523e+01,3.695523e+01,3.731071e+01,3.731071e+01,3.731071e+01,3.731071e+01,3.793685e+01,3.793685e+01,3.793685e+01,3.793685e+01,3.849196e+01,3.849196e+01,3.793685e+01,3.815381e+01,3.870784e+01,3.849196e+01,3.849196e+01,3.849196e+01,3.849196e+01,3.849196e+01,3.888294e+01,3.888294e+01,3.888294e+01,3.927256e+01,3.944677e+01,3.959398e+01,4.014095e+01,3.992781e+01,4.010102e+01,4.032712e+01,4.032712e+01,4.071178e+01,4.071178e+01,4.071178e+01,4.071178e+01,4.071178e+01,4.071178e+01,4.125339e+01,4.125339e+01,4.125339e+01,4.125339e+01,4.125339e+01,4.125339e+01,4.125339e+01,4.125339e+01,4.125339e+01,4.071178e+01,4.092345e+01,4.092345e+01,4.092345e+01,4.092345e+01,4.092345e+01,4.092345e+01,4.056602e+01,4.056602e+01,4.056602e+01,4.056602e+01,4.002111e+01,4.015426e+01,4.015426e+01,4.015426e+01,4.014095e+01,3.979440e+01,3.979440e+01,3.979440e+01,3.979440e+01,3.979440e+01,3.979440e+01,4.035369e+01,4.035369e+01,4.035369e+01,4.079120e+01,4.079120e+01,4.079120e+01,4.079120e+01,4.079120e+01,4.079120e+01,4.079120e+01,4.079120e+01,4.079120e+01,4.124021e+01,4.164807e+01,4.221141e+01,4.265489e+01,4.300586e+01,4.323924e+01,4.371751e+01,4.418097e+01,4.461700e+01,4.505142e+01,4.550964e+01,4.592812e+01,4.643340e+01,4.693653e+01,4.757497e+01,4.804847e+01,4.850772e+01,4.896524e+01,4.989964e+01,5.033977e+01,5.086341e+01,5.167491e+01,5.222900e+01,5.273277e+01,5.340131e+01,5.391225e+01,5.503381e+01,5.570202e+01,5.621547e+01,5.675006e+01,5.731709e+01,5.811139e+01,5.903770e+01,5.944730e+01,6.003671e+01,6.083728e+01,6.127499e+01,6.172243e+01,6.244637e+01,6.303379e+01,6.369574e+01,6.419010e+01,6.522793e+01,6.605260e+01,6.663558e+01,6.714101e+01,6.807182e+01,6.872080e+01,6.956745e+01,7.008354e+01,7.088036e+01,7.165199e+01,7.219176e+01,7.311099e+01,7.366592e+01,7.439239e+01,7.500352e+01,7.557166e+01,7.628888e+01,7.719314e+01,7.783288e+01,7.839045e+01,7.923289e+01,7.987399e+01,8.050264e+01,8.125562e+01,8.166479e+01,8.245092e+01,8.296317e+01,8.369483e+01,8.435619e+01,8.473833e+01,8.516715e+01,8.567074e+01,8.606869e+01,8.645622e+01,8.676746e+01,8.713453e+01,8.744447e+01,8.783810e+01,8.814671e+01,8.854797e+01,8.887386e+01,8.923623e+01,8.944029e+01,8.998632e+01,9.001404e+01,9.013409e+01,9.051213e+01,9.050292e+01,9.075143e+01,9.091689e+01,9.091689e+01,9.091689e+01,9.129317e+01,9.114643e+01,9.114643e+01,9.114643e+01,9.114643e+01,9.152220e+01,9.137566e+01,9.137566e+01,9.137566e+01,9.137566e+01,9.137566e+01,9.137566e+01,9.137566e+01,9.137566e+01,9.137566e+01,9.137566e+01,9.137566e+01,9.137566e+01,9.137566e+01,9.137566e+01,9.099957e+01,9.114643e+01,9.114643e+01,9.114643e+01,9.114643e+01,9.114643e+01,9.114643e+01,9.114643e+01,9.114643e+01,9.114643e+01,9.076982e+01,9.077901e+01,9.075143e+01,9.075143e+01,9.075143e+01,9.075143e+01,9.075143e+01,9.075143e+01,9.037392e+01,9.038314e+01,9.042001e+01,9.042001e+01,9.042001e+01,9.042001e+01,9.042001e+01,9.042001e+01,9.042001e+01,9.015254e+01,9.015254e+01,9.015254e+01,9.015254e+01,9.015254e+01,8.986617e+01,8.986617e+01,8.986617e+01,8.986617e+01,8.986617e+01,8.986617e+01,8.986617e+01,8.986617e+01,8.986617e+01,8.986617e+01,8.955150e+01,8.955150e+01,8.955150e+01,8.955150e+01,8.955150e+01,8.917125e+01,8.926407e+01,8.926407e+01,8.926407e+01,8.926407e+01,8.926407e+01,8.898544e+01,8.898544e+01,8.898544e+01,8.898544e+01,8.869703e+01,8.869703e+01,8.869703e+01,8.869703e+01,8.869703e+01,8.841743e+01,8.841743e+01,8.841743e+01,8.841743e+01,8.841743e+01,8.841743e+01,8.812802e+01,8.812802e+01,8.812802e+01,8.812802e+01,8.812802e+01,8.812802e+01,8.812802e+01,8.776319e+01,8.800650e+01,8.788490e+01,8.785682e+01,8.785682e+01,8.785682e+01,8.785682e+01,8.785682e+01,8.747262e+01,8.756641e+01,8.756641e+01,8.756641e+01,8.756641e+01,8.756641e+01,8.756641e+01,8.756641e+01,8.756641e+01,8.756641e+01,8.756641e+01,8.756641e+01,8.756641e+01,8.756641e+01,8.756641e+01,8.756641e+01,8.756641e+01,8.756641e+01,8.756641e+01,8.756641e+01,8.756641e+01,8.756641e+01,8.756641e+01,8.756641e+01,8.756641e+01,8.756641e+01,8.756641e+01,8.756641e+01,8.756641e+01,8.756641e+01,8.756641e+01,8.756641e+01,8.756641e+01,8.725670e+01,8.725670e+01,8.725670e+01,8.764140e+01,8.739754e+01,8.757578e+01,8.755703e+01,8.741632e+01,8.741632e+01,8.741632e+01,8.741632e+01,8.741632e+01,8.741632e+01,8.741632e+01,8.741632e+01,8.741632e+01,8.741632e+01,8.741632e+01,8.741632e+01,8.780065e+01,8.755703e+01,8.755703e+01,8.755703e+01,8.755703e+01,8.755703e+01,8.794103e+01,8.769762e+01,8.769762e+01,8.769762e+01,8.769762e+01,8.769762e+01,8.769762e+01,8.769762e+01,8.769762e+01,8.769762e+01,8.769762e+01,8.731305e+01,8.730366e+01,8.730366e+01,8.730366e+01,8.701227e+01,8.701227e+01,8.701227e+01,8.662606e+01,8.662606e+01,8.662606e+01,8.656004e+01,8.631455e+01,8.613492e+01,8.594562e+01,8.575610e+01,8.546190e+01,8.522424e+01,8.522424e+01,8.483372e+01,8.478604e+01,8.487186e+01,8.456648e+01,8.425095e+01,8.397313e+01,8.373325e+01,8.350262e+01,8.314641e+01,8.275074e+01,8.239282e+01,8.214082e+01,8.171344e+01,8.132389e+01,8.137263e+01,8.060064e+01,8.005106e+01,7.962773e+01,7.917358e+01,7.844014e+01,7.799239e+01,7.722318e+01,7.678188e+01,7.643997e+01,7.588524e+01,7.545010e+01,7.496286e+01,7.430050e+01,7.396308e+01,7.313158e+01,7.247124e+01,7.195326e+01,7.122498e+01,7.069204e+01,7.032516e+01,6.959910e+01,6.915534e+01,6.823168e+01,6.786906e+01,6.715175e+01,6.635519e+01,6.585773e+01,6.516261e+01,6.474822e+01,6.391568e+01,6.350851e+01,6.266833e+01,6.185637e+01,6.134220e+01,6.048833e+01,6.011586e+01,5.926542e+01,5.846668e+01,5.799657e+01,5.699338e+01,5.654113e+01,5.566694e+01,5.486914e+01,5.438569e+01,5.343702e+01,5.286437e+01,5.226505e+01,5.144532e+01,5.082695e+01,5.033977e+01,4.991189e+01,4.916256e+01,4.860680e+01,4.811063e+01,4.736254e+01,4.691143e+01,4.645860e+01,4.607993e+01,4.558584e+01,4.500039e+01,4.466819e+01,4.412957e+01,4.380777e+01,4.339457e+01,4.343337e+01,4.300586e+01,4.255069e+01,4.227673e+01,4.188422e+01,4.154295e+01,4.108194e+01,4.081766e+01,4.064555e+01,4.018087e+01,4.006107e+01,3.980775e+01,3.907120e+01,3.920548e+01,3.865392e+01,3.866740e+01,3.839738e+01,3.839738e+01,3.839738e+01,3.839738e+01,3.839738e+01,3.839738e+01,3.839738e+01,3.839738e+01,3.839738e+01,3.895021e+01,3.873480e+01,3.899056e+01,3.907120e+01,3.889640e+01,3.944677e+01,3.923232e+01,3.923232e+01,3.923232e+01,3.976770e+01,3.976770e+01,3.976770e+01,3.976770e+01,3.976770e+01,3.976770e+01,3.976770e+01,3.976770e+01,4.031383e+01,3.999446e+01,3.999446e+01,3.999446e+01,3.999446e+01,3.999446e+01,3.999446e+01,3.999446e+01,3.999446e+01,3.999446e+01,4.053951e+01,4.048645e+01,4.048645e+01,4.048645e+01,4.048645e+01,4.092345e+01,4.092345e+01,4.092345e+01,4.092345e+01,4.092345e+01,4.146405e+01,4.146405e+01,4.146405e+01,4.146405e+01,4.146405e+01,4.200212e+01,4.200212e+01,4.200212e+01,4.200212e+01,4.200212e+01,4.200212e+01,4.200212e+01,4.200212e+01,4.200212e+01,4.200212e+01,4.200212e+01,4.200212e+01,4.146405e+01,4.155610e+01,4.160866e+01,4.160866e+01,4.160866e+01,4.160866e+01,4.160866e+01,4.160866e+01,4.160866e+01,4.160866e+01,4.160866e+01,4.126657e+01,4.126657e+01,4.126657e+01,4.126657e+01,4.126657e+01,4.126657e+01,4.072502e+01,4.084412e+01,4.098951e+01,4.098951e+01,4.098951e+01,4.098951e+01,4.098951e+01,4.098951e+01,4.098951e+01,4.098951e+01,4.098951e+01,4.071178e+01,4.071178e+01,4.071178e+01,4.071178e+01,4.071178e+01,4.071178e+01,4.071178e+01,4.071178e+01,4.071178e+01,4.071178e+01,4.071178e+01,4.071178e+01,4.071178e+01,4.071178e+01,4.071178e+01,4.071178e+01,4.071178e+01,4.071178e+01,4.071178e+01,4.071178e+01,4.071178e+01,4.071178e+01,4.071178e+01,4.071178e+01,4.071178e+01,4.071178e+01,4.016756e+01,4.030054e+01,4.030054e+01,4.030054e+01,4.030054e+01,4.030054e+01,4.030054e+01,4.030054e+01,4.030054e+01,4.030054e+01,4.030054e+01,4.030054e+01,4.030054e+01,4.030054e+01,4.030054e+01,4.030054e+01,3.975434e+01,3.976770e+01,3.982109e+01,3.982109e+01,3.982109e+01,3.982109e+01,3.982109e+01,3.982109e+01,3.982109e+01,3.982109e+01,3.982109e+01,3.982109e+01,3.982109e+01,3.982109e+01,3.982109e+01,3.932619e+01,3.932619e+01,3.932619e+01,3.932619e+01,3.932619e+01,3.932619e+01,3.932619e+01,3.932619e+01,3.932619e+01,3.932619e+01,3.932619e+01,3.932619e+01,3.932619e+01,3.932619e+01,3.932619e+01,3.932619e+01,3.932619e+01,3.877522e+01,3.878869e+01,3.881563e+01,3.881563e+01,3.881563e+01
3.639232e+01,3.639232e+01,3.639232e+01,3.639232e+01,3.639232e+01,3.639232e+01,3.639232e+01,3.639232e+01,3.695523e+01,3.695523e+01,3.695523e+01,3.751528e+01,3.741986e+01,3.728341e+01,3.728341e+01,3.784180e+01,3.773306e+01,3.777385e+01,3.777385e+01,3.777385e+01,3.777385e+01,3.793685e+01,3.804538e+01,3.862694e+01,3.851897e+01,3.854597e+01,3.854597e+01,3.854597e+01,3.854597e+01,3.854597e+01,3.854597e+01,3.854597e+01,3.888294e+01,3.905777e+01,3.924573e+01,3.979440e+01,3.978105e+01,3.996781e+01,3.996781e+01,3.996781e+01,4.032712e+01,4.049971e+01,4.068529e+01,4.068529e+01,4.068529e+01,4.068529e+01,4.068529e+01,4.068529e+01,4.071178e+01,4.105554e+01,4.105554e+01,4.105554e+01,4.105554e+01,4.105554e+01,4.105554e+01,4.105554e+01,4.105554e+01,4.105554e+01,4.105554e+01,4.105554e+01,4.105554e+01,4.051298e+01,4.072502e+01,4.055276e+01,4.060579e+01,4.060579e+01,4.060579e+01,4.006107e+01,4.015426e+01,4.015426e+01,4.015426e+01,4.015426e+01,4.015426e+01,3.979440e+01,3.979440e+01,3.979440e+01,3.979440e+01,3.979440e+01,3.979440e+01,4.035369e+01,4.035369e+01,4.035369e+01,4.035369e+01,4.079120e+01,4.079120e+01,4.079120e+01,4.079120e+01,4.079120e+01,4.079120e+01,4.079120e+01,4.079120e+01,4.124021e+01,4.180556e+01,4.225061e+01,4.261583e+01,4.294094e+01,4.342044e+01,4.375620e+01,4.421951e+01,4.465540e+01,4.508967e+01,4.554774e+01,4.596609e+01,4.647121e+01,4.697418e+01,4.761242e+01,4.808577e+01,4.854489e+01,4.900227e+01,4.993638e+01,5.037637e+01,5.089986e+01,5.171112e+01,5.226505e+01,5.276867e+01,5.343702e+01,5.407816e+01,5.492798e+01,5.563185e+01,5.618052e+01,5.675006e+01,5.782416e+01,5.824903e+01,5.861538e+01,5.937912e+01,6.000278e+01,6.083728e+01,6.130859e+01,6.175593e+01,6.247969e+01,6.306696e+01,6.372875e+01,6.434354e+01,6.512994e+01,6.598767e+01,6.660326e+01,6.714101e+01,6.810381e+01,6.875265e+01,6.959910e+01,7.011508e+01,7.091172e+01,7.168318e+01,7.222285e+01,7.314188e+01,7.369669e+01,7.442300e+01,7.503402e+01,7.560204e+01,7.631911e+01,7.722318e+01,7.786280e+01,7.842027e+01,7.926254e+01,7.990352e+01,8.053205e+01,8.128488e+01,8.169398e+01,8.247996e+01,8.299212e+01,8.372365e+01,8.438489e+01,8.476696e+01,8.519570e+01,8.569920e+01,8.609708e+01,8.648454e+01,8.679573e+01,8.716273e+01,8.747262e+01,8.786618e+01,8.817474e+01,8.857593e+01,8.890176e+01,8.920838e+01,8.952370e+01,8.986617e+01,9.024482e+01,9.023560e+01,9.039236e+01,9.051213e+01,9.073303e+01,9.110973e+01,9.096282e+01,9.113726e+01,9.118313e+01,9.118313e+01,9.118313e+01,9.118313e+01,9.155882e+01,9.146726e+01,9.146726e+01,9.146726e+01,9.146726e+01,9.146726e+01,9.146726e+01,9.146726e+01,9.146726e+01,9.146726e+01,9.146726e+01,9.146726e+01,9.146726e+01,9.146726e+01,9.109137e+01,9.147642e+01,9.121982e+01,9.107301e+01,9.107301e+01,9.107301e+01,9.107301e+01,9.107301e+01,9.107301e+01,9.107301e+01,9.107301e+01,9.107301e+01,9.107301e+01,9.107301e+01,9.107301e+01,9.075143e+01,9.075143e+01,9.075143e+01,9.075143e+01,9.075143e+01,9.075143e+01,9.038314e+01,9.038314e+01,9.038314e+01,9.038314e+01,9.038314e+01,9.038314e+01,9.038314e+01,9.038314e+01,9.038314e+01,9.038314e+01,9.015254e+01,9.015254e+01,9.015254e+01,9.015254e+01,9.015254e+01,9.015254e+01,9.015254e+01,8.986617e+01,8.986617e+01,8.986617e+01,8.986617e+01,8.986617e+01,8.948664e+01,8.957928e+01,8.957928e+01,8.957928e+01,8.957928e+01,8.957928e+01,8.957928e+01,8.957928e+01,8.926407e+01,8.926407e+01,8.926407e+01,8.926407e+01,8.926407e+01,8.898544e+01,8.860388e+01,8.905050e+01,8.878082e+01,8.878082e+01,8.878082e+01,8.878082e+01,8.878082e+01,8.841743e+01,8.841743e+01,8.841743e+01,8.841743e+01,8.841743e+01,8.841743e+01,8.841743e+01,8.841743e+01,8.812802e+01,8.812802e+01,8.812802e+01,8.812802e+01,8.774446e+01,8.782874e+01,8.798780e+01,8.798780e+01,8.798780e+01,8.760391e+01,8.775383e+01,8.775383e+01,8.775383e+01,8.775383e+01,8.775383e+01,8.775383e+01,8.775383e+01,8.775383e+01,8.775383e+01,8.775383e+01,8.775383e+01,8.775383e+01,8.775383e+01,8.736938e+01,8.751952e+01,8.751952e+01,8.751952e+01,8.751952e+01,8.751952e+01,8.751952e+01,8.751952e+01,8.751952e+01,8.751952e+01,8.751952e+01,8.751952e+01,8.751952e+01,8.751952e+01,8.751952e+01,8.751952e+01,8.751952e+01,8.751952e+01,8.751952e+01,8.751952e+01,8.751952e+01,8.751952e+01,8.751952e+01,8.751952e+01,8.751952e+01,8.751952e+01,8.751952e+01,8.751952e+01,8.751952e+01,8.751952e+01,8.751952e+01,8.751952e+01,8.751952e+01,8.751952e+01,8.751952e+01,8.751952e+01,8.751952e+01,8.751952e+01,8.751952e+01,8.751952e+01,8.751952e+01,8.751952e+01,8.751952e+01,8.751952e+01,8.751952e+01,8.751952e+01,8.790361e+01,8.782874e+01,8.783810e+01,8.771636e+01,8.771636e+01,8.771636e+01,8.771636e+01,8.771636e+01,8.771636e+01,8.771636e+01,8.771636e+01,8.771636e+01,8.771636e+01,8.771636e+01,8.730366e+01,8.730366e+01,8.730366e+01,8.730366e+01,8.701227e+01,8.683340e+01,8.674862e+01,8.674862e+01,8.636179e+01,8.637123e+01,8.633344e+01,8.633344e+01,8.594562e+01,8.602137e+01,8.568023e+01,8.543340e+01,8.514812e+01,8.495765e+01,8.456648e+01,8.466198e+01,8.442313e+01,8.427966e+01,8.397313e+01,8.370444e+01,8.338718e+01,8.311749e+01,8.272176e+01,8.242188e+01,8.205350e+01,8.168426e+01,8.145060e+01,8.086491e+01,8.048304e+01,8.002157e+01,7.959815e+01,7.914391e+01,7.841033e+01,7.796250e+01,7.719314e+01,7.675174e+01,7.640977e+01,7.585492e+01,7.541969e+01,7.493236e+01,7.426985e+01,7.393237e+01,7.310069e+01,7.244022e+01,7.192213e+01,7.119368e+01,7.066063e+01,7.029366e+01,6.956745e+01,6.912359e+01,6.819972e+01,6.783703e+01,6.711954e+01,6.632280e+01,6.582522e+01,6.512994e+01,6.471545e+01,6.388271e+01,6.347545e+01,6.263506e+01,6.182290e+01,6.130859e+01,6.045451e+01,6.008194e+01,5.923128e+01,5.843234e+01,5.796211e+01,5.695864e+01,5.650628e+01,5.563185e+01,5.483384e+01,5.435025e+01,5.388853e+01,5.294804e+01,5.232511e+01,5.148160e+01,5.083910e+01,5.032756e+01,4.988739e+01,4.913791e+01,4.858204e+01,4.808577e+01,4.733752e+01,4.688631e+01,4.649640e+01,4.596609e+01,4.556044e+01,4.503866e+01,4.455298e+01,4.416813e+01,4.380777e+01,4.342044e+01,4.317446e+01,4.297990e+01,4.258978e+01,4.227673e+01,4.184489e+01,4.138510e+01,4.125339e+01,4.081766e+01,4.038025e+01,4.035369e+01,4.035369e+01,3.980775e+01,3.924573e+01,3.897711e+01,3.882909e+01,3.882909e+01,3.882909e+01,3.882909e+01,3.839738e+01,3.839738e+01,3.839738e+01,3.839738e+01,3.839738e+01,3.839738e+01,3.895021e+01,3.881563e+01,3.881563e+01,3.881563e+01,3.936640e+01,3.916521e+01,3.927256e+01,3.927256e+01,3.982109e+01,3.971427e+01,3.963409e+01,3.963409e+01,3.963409e+01,3.963409e+01,4.018087e+01,3.996781e+01,3.996781e+01,3.996781e+01,3.996781e+01,3.996781e+01,3.996781e+01,3.996781e+01,3.996781e+01,3.996781e+01,3.996781e+01,3.996781e+01,3.996781e+01,4.051298e+01,4.040681e+01,4.040681e+01,4.040681e+01,4.040681e+01,4.040681e+01,4.092345e+01,4.092345e+01,4.092345e+01,4.092345e+01,4.092345e+01,4.146405e+01,4.146405e+01,4.146405e+01,4.146405e+01,4.146405e+01,4.200212e+01,4.200212e+01,4.200212e+01,4.200212e+01,4.200212e+01,4.200212e+01,4.200212e+01,4.200212e+01,4.200212e+01,4.200212e+01,4.200212e+01,4.200212e+01,4.200212e+01,4.155610e+01,4.155610e+01,4.155610e+01,4.155610e+01,4.155610e+01,4.155610e+01,4.155610e+01,4.155610e+01,4.155610e+01,4.155610e+01,4.126657e+01,4.126657e+01,4.126657e+01,4.126657e+01,4.126657e+01,4.072502e+01,4.085734e+01,4.085734e+01,4.085734e+01,4.085734e+01,4.085734e+01,4.085734e+01,4.085734e+01,4.085734e+01,4.085734e+01,4.085734e+01,4.085734e+01,4.085734e+01,4.085734e+01,4.085734e+01,4.085734e+01,4.085734e+01,4.031383e+01,4.052624e+01,4.052624e+01,4.052624e+01,4.052624e+01,4.052624e+01,4.052624e+01,4.052624e+01,4.052624e+01,4.052624e+01,4.052624e+01,4.052624e+01,4.052624e+01,4.052624e+01,4.052624e+01,4.052624e+01,4.052624e+01,4.052624e+01,4.052624e+01,4.052624e+01,4.052624e+01,4.052624e+01,4.052624e+01,4.052624e+01,4.052624e+01,4.052624e+01,4.052624e+01,4.052624e+01,4.052624e+01,3.998114e+01,4.019417e+01,4.019417e+01,4.019417e+01,4.019417e+01,4.019417e+01,4.019417e+01,4.019417e+01,4.019417e+01,4.019417e+01,4.019417e+01,4.019417e+01,4.019417e+01,4.019417e+01,3.982109e+01,3.982109e+01,3.982109e+01,3.982109e+01,3.982109e+01,3.982109e+01,3.982109e+01,3.982109e+01,3.982109e+01,3.982109e+01,3.982109e+01,3.982109e+01,3.932619e+01,3.932619e+01,3.932619e+01,3.987447e+01,3.952709e+01,3.952709e+01,3.952709e+01,3.952709e+01,3.952709e+01,3.952709e+01,3.952709e+01,3.952709e+01,3.897711e+01,3.900400e+01,3.893676e+01,3.893676e+01,3.893676e+01,3.893676e+01,3.893676e+01
3.639232e+01,3.639232e+01,3.639232e+01,3.639232e+01,3.639232e+01,3.639232e+01,3.639232e+01,3.639232e+01,3.695523e+01,3.695523e+01,3.695523e+01,3.695523e+01,3.695523e+01,3.728341e+01,3.755614e+01,3.766505e+01,3.766505e+01,3.766505e+01,3.822152e+01,3.786896e+01,3.842442e+01,3.807250e+01,3.834330e+01,3.846495e+01,3.846495e+01,3.846495e+01,3.846495e+01,3.846495e+01,3.846495e+01,3.846495e+01,3.846495e+01,3.901744e+01,3.888294e+01,3.888294e+01,3.924573e+01,3.962072e+01,3.962072e+01,3.962072e+01,3.996781e+01,4.012764e+01,4.030054e+01,4.084412e+01,4.063230e+01,4.063230e+01,4.063230e+01,4.117429e+01,4.083089e+01,4.083089e+01,4.083089e+01,4.083089e+01,4.083089e+01,4.083089e+01,4.083089e+01,4.083089e+01,4.137194e+01,4.116110e+01,4.116110e+01,4.116110e+01,4.116110e+01,4.061905e+01,4.072502e+01,4.067204e+01,4.067204e+01,4.067204e+01,4.067204e+01,4.067204e+01,4.012764e+01,4.019417e+01,4.019417e+01,4.019417e+01,4.019417e+01,4.019417e+01,3.964746e+01,3.978105e+01,3.978105e+01,3.978105e+01,3.978105e+01,3.978105e+01,3.978105e+01,4.035369e+01,4.035369e+01,4.035369e+01,4.089701e+01,4.076473e+01,4.076473e+01,4.076473e+01,4.076473e+01,4.076473e+01,4.076473e+01,4.076473e+01,4.130609e+01,4.146405e+01,4.129292e+01,4.196283e+01,4.239423e+01,4.340751e+01,4.345923e+01,4.392372e+01,4.423236e+01,4.466819e+01,4.510242e+01,4.556044e+01,4.597874e+01,4.648381e+01,4.698673e+01,4.762490e+01,4.809820e+01,4.855727e+01,4.901460e+01,4.944563e+01,5.026652e+01,5.080264e+01,5.162661e+01,5.219294e+01,5.270882e+01,5.338940e+01,5.404263e+01,5.490445e+01,5.562015e+01,5.618052e+01,5.691232e+01,5.772060e+01,5.858108e+01,5.878675e+01,5.939049e+01,6.001409e+01,6.084852e+01,6.131980e+01,6.222403e+01,6.261288e+01,6.308908e+01,6.375076e+01,6.436544e+01,6.515173e+01,6.600932e+01,6.662481e+01,6.716248e+01,6.812513e+01,6.877386e+01,6.962020e+01,7.013610e+01,7.093262e+01,7.212959e+01,7.277083e+01,7.327563e+01,7.372746e+01,7.445361e+01,7.506450e+01,7.604683e+01,7.645004e+01,7.726324e+01,7.790269e+01,7.846001e+01,7.930206e+01,7.994288e+01,8.057124e+01,8.092358e+01,8.203409e+01,8.220871e+01,8.291492e+01,8.367562e+01,8.436576e+01,8.477650e+01,8.522424e+01,8.572765e+01,8.612546e+01,8.651286e+01,8.682399e+01,8.719093e+01,8.750076e+01,8.751014e+01,8.811868e+01,8.853865e+01,8.888316e+01,8.920838e+01,8.954223e+01,8.988465e+01,9.012486e+01,9.012486e+01,9.039236e+01,9.062262e+01,9.085256e+01,9.099038e+01,9.099038e+01,9.136649e+01,9.121982e+01,9.121982e+01,9.121982e+01,9.121982e+01,9.121982e+01,9.121982e+01,9.146726e+01,9.146726e+01,9.146726e+01,9.146726e+01,9.146726e+01,9.146726e+01,9.146726e+01,9.146726e+01,9.146726e+01,9.146726e+01,9.146726e+01,9.146726e+01,9.146726e+01,9.146726e+01,9.146726e+01,9.146726e+01,9.146726e+01,9.107301e+01,9.107301e+01,9.107301e+01,9.107301e+01,9.107301e+01,9.107301e+01,9.107301e+01,9.107301e+01,9.107301e+01,9.107301e+01,9.107301e+01,9.107301e+01,9.107301e+01,9.075143e+01,9.075143e+01,9.075143e+01,9.075143e+01,9.038314e+01,9.038314e+01,9.038314e+01,9.038314e+01,9.038314e+01,9.038314e+01,9.038314e+01,9.038314e+01,9.038314e+01,9.038314e+01,9.015254e+01,9.015254e+01,9.015254e+01,9.015254e+01,9.015254e+01,9.015254e+01,9.015254e+01,8.986617e+01,8.986617e+01,8.986617e+01,8.986617e+01,8.986617e+01,8.986617e+01,8.957928e+01,8.957928e+01,8.957928e+01,8.957928e+01,8.957928e+01,8.919910e+01,8.929191e+01,8.929191e+01,8.929191e+01,8.929191e+01,8.891106e+01,8.917125e+01,8.909695e+01,8.901333e+01,8.879942e+01,8.879942e+01,8.879942e+01,8.879942e+01,8.879942e+01,8.841743e+01,8.841743e+01,8.841743e+01,8.841743e+01,8.841743e+01,8.841743e+01,8.841743e+01,8.841743e+01,8.841743e+01,8.812802e+01,8.812802e+01,8.812802e+01,8.812802e+01,8.782874e+01,8.782874e+01,8.782874e+01,8.782874e+01,8.782874e+01,8.782874e+01,8.782874e+01,8.782874e+01,8.782874e+01,8.782874e+01,8.782874e+01,8.782874e+01,8.782874e+01,8.782874e+01,8.782874e+01,8.744447e+01,8.768826e+01,8.788490e+01,8.762266e+01,8.747262e+01,8.747262e+01,8.747262e+01,8.747262e+01,8.747262e+01,8.747262e+01,8.747262e+01,8.747262e+01,8.747262e+01,8.747262e+01,8.747262e+01,8.747262e+01,8.747262e+01,8.747262e+01,8.747262e+01,8.747262e+01,8.747262e+01,8.785682e+01,8.761328e+01,8.761328e+01,8.761328e+01,8.761328e+01,8.761328e+01,8.761328e+01,8.761328e+01,8.761328e+01,8.761328e+01,8.761328e+01,8.761328e+01,8.761328e+01,8.761328e+01,8.761328e+01,8.761328e+01,8.761328e+01,8.761328e+01,8.761328e+01,8.761328e+01,8.761328e+01,8.761328e+01,8.761328e+01,8.761328e+01,8.761328e+01,8.761328e+01,8.761328e+01,8.761328e+01,8.761328e+01,8.761328e+01,8.783810e+01,8.783810e+01,8.783810e+01,8.783810e+01,8.783810e+01,8.783810e+01,8.783810e+01,8.783810e+01,8.783810e+01,8.783810e+01,8.783810e+01,8.745386e+01,8.741632e+01,8.741632e+01,8.741632e+01,8.703108e+01,8.704990e+01,8.704990e+01,8.704990e+01,8.674862e+01,8.648454e+01,8.648454e+01,8.648454e+01,8.609708e+01,8.605923e+01,8.586983e+01,8.569920e+01,8.542390e+01,8.555686e+01,8.497671e+01,8.470971e+01,8.459514e+01,8.444225e+01,8.418393e+01,8.394437e+01,8.397313e+01,8.327165e+01,8.300177e+01,8.313677e+01,8.252835e+01,8.214082e+01,8.180096e+01,8.145060e+01,8.124586e+01,8.055165e+01,8.008055e+01,7.964745e+01,7.918346e+01,7.844014e+01,7.798243e+01,7.761327e+01,7.685217e+01,7.650036e+01,7.552103e+01,7.529801e+01,7.492219e+01,7.425964e+01,7.350172e+01,7.297708e+01,7.241953e+01,7.190137e+01,7.117281e+01,7.063969e+01,7.027267e+01,6.954634e+01,6.910242e+01,6.817841e+01,6.781566e+01,6.709807e+01,6.674327e+01,6.590105e+01,6.519527e+01,6.477007e+01,6.392667e+01,6.350851e+01,6.265725e+01,6.183406e+01,6.130859e+01,6.044324e+01,6.007064e+01,5.921990e+01,5.842089e+01,5.795062e+01,5.694707e+01,5.649466e+01,5.562015e+01,5.482206e+01,5.433843e+01,5.387667e+01,5.293609e+01,5.231310e+01,5.146951e+01,5.082695e+01,5.031536e+01,4.987514e+01,4.912558e+01,4.856965e+01,4.807334e+01,4.732501e+01,4.692398e+01,4.638297e+01,4.600405e+01,4.544611e+01,4.502591e+01,4.459140e+01,4.416813e+01,4.376910e+01,4.344630e+01,4.317446e+01,4.282401e+01,4.255069e+01,4.211989e+01,4.183178e+01,4.155610e+01,4.116110e+01,4.080443e+01,4.055276e+01,4.055276e+01,4.000779e+01,3.972763e+01,3.941999e+01,3.941999e+01,3.882909e+01,3.882909e+01,3.882909e+01,3.882909e+01,3.882909e+01,3.839738e+01,3.839738e+01,3.839738e+01,3.839738e+01,3.839738e+01,3.895021e+01,3.895021e+01,3.895021e+01,3.895021e+01,3.895021e+01,3.895021e+01,3.927256e+01,3.954047e+01,3.964746e+01,3.964746e+01,3.964746e+01,3.964746e+01,3.964746e+01,3.964746e+01,4.018087e+01,4.018087e+01,4.018087e+01,4.018087e+01,4.018087e+01,4.018087e+01,4.018087e+01,4.018087e+01,4.018087e+01,4.018087e+01,4.018087e+01,4.018087e+01,4.018087e+01,4.018087e+01,4.018087e+01,4.018087e+01,4.018087e+01,4.072502e+01,4.069854e+01,4.076473e+01,4.076473e+01,4.076473e+01,4.130609e+01,4.127974e+01,4.130609e+01,4.130609e+01,4.130609e+01,4.130609e+01,4.184489e+01,4.184489e+01,4.184489e+01,4.184489e+01,4.184489e+01,4.184489e+01,4.184489e+01,4.184489e+01,4.184489e+01,4.184489e+01,4.184489e+01,4.184489e+01,4.184489e+01,4.184489e+01,4.184489e+01,4.184489e+01,4.184489e+01,4.184489e+01,4.155610e+01,4.155610e+01,4.155610e+01,4.155610e+01,4.155610e+01,4.101593e+01,4.114791e+01,4.114791e+01,4.114791e+01,4.114791e+01,4.114791e+01,4.114791e+01,4.114791e+01,4.114791e+01,4.114791e+01,4.085734e+01,4.085734e+01,4.085734e+01,4.085734e+01,4.085734e+01,4.085734e+01,4.085734e+01,4.085734e+01,4.085734e+01,4.031383e+01,4.065880e+01,4.065880e+01,4.065880e+01,4.065880e+01,4.065880e+01,4.065880e+01,4.065880e+01,4.065880e+01,4.065880e+01,4.065880e+01,4.065880e+01,4.065880e+01,4.065880e+01,4.065880e+01,4.065880e+01,4.065880e+01,4.065880e+01,4.065880e+01,4.065880e+01,4.065880e+01,4.065880e+01,4.065880e+01,4.065880e+01,4.065880e+01,4.065880e+01,4.065880e+01,4.065880e+01,4.065880e+01,4.065880e+01,4.065880e+01,4.065880e+01,4.011433e+01,4.014095e+01,4.014095e+01,4.014095e+01,4.014095e+01,4.014095e+01,4.014095e+01,4.014095e+01,4.014095e+01,4.014095e+01,4.014095e+01,4.014095e+01,4.014095e+01,4.014095e+01,4.014095e+01,4.014095e+01,4.014095e+01,3.982109e+01,3.982109e+01,3.982109e+01,3.982109e+01,3.982109e+01,3.982109e+01,3.982109e+01,3.982109e+01,3.982109e+01,3.927256e+01,3.940659e+01,3.940659e+01,3.940659e+01,3.940659e+01,3.940659e+01,3.940659e+01,3.940659e+01,3.940659e+01,3.940659e+01,3.940659e+01,3.940659e+01,3.940659e+01,3.940659e+01,3.900400e+01,3.900400e+01,3.900400e+01,3.900400e+01,3.900400e+01,3.900400e+01
3.639232e+01,3.639232e+01,3.639232e+01,3.639232e+01,3.639232e+01,3.639232e+01,3.639232e+01,3.639232e+01,3.695523e+01,3.695523e+01,3.695523e+01,3.695523e+01,3.695523e+01,3.728341e+01,3.728341e+01,3.766505e+01,3.766505e+01,3.766505e+01,3.822152e+01,3.805894e+01,3.809961e+01,3.812671e+01,3.812671e+01,3.812671e+01,3.846495e+01,3.846495e+01,3.846495e+01,3.846495e+01,3.846495e+01,3.846495e+01,3.846495e+01,3.901744e+01,3.901744e+01,3.901744e+01,3.956723e+01,3.956723e+01,3.956723e+01,4.011433e+01,3.998114e+01,3.998114e+01,4.030054e+01,4.067204e+01,4.067204e+01,4.067204e+01,4.067204e+01,4.067204e+01,4.067204e+01,4.121385e+01,4.100272e+01,4.100272e+01,4.100272e+01,4.100272e+01,4.100272e+01,4.100272e+01,4.100272e+01,4.100272e+01,4.100272e+01,4.100272e+01,4.100272e+01,4.100272e+01,4.100272e+01,4.067204e+01,4.067204e+01,4.067204e+01,4.067204e+01,4.067204e+01,4.067204e+01,4.019417e+01,4.019417e+01,4.019417e+01,4.019417e+01,4.019417e+01,3.964746e+01,3.964746e+01,3.964746e+01,3.964746e+01,3.964746e+01,4.019417e+01,4.016756e+01,4.019417e+01,4.019417e+01,4.073826e+01,4.073826e+01,4.073826e+01,4.073826e+01,4.073826e+01,4.073826e+01,4.073826e+01,4.073826e+01,4.073826e+01,4.130609e+01,4.130609e+01,4.184489e+01,4.211989e+01,4.240727e+01,4.323924e+01,4.354969e+01,4.388509e+01,4.434788e+01,4.468099e+01,4.511517e+01,4.557314e+01,4.599140e+01,4.649640e+01,4.699928e+01,4.763738e+01,4.811063e+01,4.856965e+01,4.902694e+01,4.945792e+01,5.027873e+01,5.081479e+01,5.163869e+01,5.220496e+01,5.321066e+01,5.353221e+01,5.406631e+01,5.492798e+01,5.564355e+01,5.620382e+01,5.693549e+01,5.774362e+01,5.796211e+01,5.910606e+01,5.945866e+01,6.003671e+01,6.087100e+01,6.134220e+01,6.224628e+01,6.263506e+01,6.311118e+01,6.377276e+01,6.483557e+01,6.528233e+01,6.604178e+01,6.665713e+01,6.763393e+01,6.825298e+01,6.881631e+01,6.966238e+01,7.017814e+01,7.107887e+01,7.161038e+01,7.258495e+01,7.313158e+01,7.404495e+01,7.451482e+01,7.520668e+01,7.595596e+01,7.640977e+01,7.727325e+01,7.795253e+01,7.850967e+01,7.935145e+01,7.999207e+01,8.062023e+01,8.106039e+01,8.194670e+01,8.231533e+01,8.296317e+01,8.372365e+01,8.402106e+01,8.473833e+01,8.522424e+01,8.576558e+01,8.616330e+01,8.655060e+01,8.686166e+01,8.722851e+01,8.775383e+01,8.773510e+01,8.817474e+01,8.819342e+01,8.883665e+01,8.919910e+01,8.957002e+01,8.985692e+01,9.007869e+01,9.018946e+01,9.042001e+01,9.065023e+01,9.083418e+01,9.083418e+01,9.121065e+01,9.125650e+01,9.125650e+01,9.125650e+01,9.125650e+01,9.125650e+01,9.125650e+01,9.125650e+01,9.125650e+01,9.125650e+01,9.146726e+01,9.146726e+01,9.146726e+01,9.146726e+01,9.146726e+01,9.146726e+01,9.146726e+01,9.146726e+01,9.146726e+01,9.146726e+01,9.146726e+01,9.146726e+01,9.146726e+01,9.146726e+01,9.146726e+01,9.146726e+01,9.107301e+01,9.107301e+01,9.107301e+01,9.107301e+01,9.107301e+01,9.107301e+01,9.107301e+01,9.107301e+01,9.107301e+01,9.107301e+01,9.107301e+01,9.069624e+01,9.078821e+01,9.078821e+01,9.078821e+01,9.041079e+01,9.047529e+01,9.047529e+01,9.047529e+01,9.047529e+01,9.047529e+01,9.047529e+01,9.047529e+01,9.047529e+01,9.009715e+01,9.010638e+01,9.014332e+01,9.014332e+01,9.014332e+01,9.014332e+01,9.014332e+01,9.014332e+01,9.014332e+01,8.986617e+01,8.986617e+01,8.986617e+01,8.986617e+01,8.986617e+01,8.986617e+01,8.957928e+01,8.957928e+01,8.957928e+01,8.957928e+01,8.957928e+01,8.957928e+01,8.957928e+01,8.929191e+01,8.929191e+01,8.929191e+01,8.929191e+01,8.891106e+01,8.905979e+01,8.890176e+01,8.881804e+01,8.881804e+01,8.881804e+01,8.881804e+01,8.881804e+01,8.881804e+01,8.841743e+01,8.841743e+01,8.841743e+01,8.841743e+01,8.841743e+01,8.841743e+01,8.841743e+01,8.841743e+01,8.841743e+01,8.812802e+01,8.812802e+01,8.812802e+01,8.812802e+01,8.812802e+01,8.812802e+01,8.812802e+01,8.782874e+01,8.782874e+01,8.782874e+01,8.782874e+01,8.782874e+01,8.782874e+01,8.782874e+01,8.782874e+01,8.782874e+01,8.782874e+01,8.782874e+01,8.782874e+01,8.782874e+01,8.782874e+01,8.782874e+01,8.782874e+01,8.782874e+01,8.782874e+01,8.782874e+01,8.782874e+01,8.782874e+01,8.782874e+01,8.782874e+01,8.747262e+01,8.747262e+01,8.747262e+01,8.747262e+01,8.785682e+01,8.761328e+01,8.761328e+01,8.761328e+01,8.761328e+01,8.761328e+01,8.761328e+01,8.761328e+01,8.761328e+01,8.761328e+01,8.761328e+01,8.761328e+01,8.761328e+01,8.761328e+01,8.761328e+01,8.761328e+01,8.761328e+01,8.761328e+01,8.761328e+01,8.761328e+01,8.761328e+01,8.761328e+01,8.761328e+01,8.761328e+01,8.761328e+01,8.761328e+01,8.761328e+01,8.761328e+01,8.761328e+01,8.761328e+01,8.799715e+01,8.775383e+01,8.775383e+01,8.775383e+01,8.775383e+01,8.775383e+01,8.775383e+01,8.775383e+01,8.775383e+01,8.775383e+01,8.775383e+01,8.775383e+01,8.775383e+01,8.775383e+01,8.775383e+01,8.775383e+01,8.775383e+01,8.741632e+01,8.741632e+01,8.741632e+01,8.703108e+01,8.703108e+01,8.703108e+01,8.703108e+01,8.674862e+01,8.650342e+01,8.650342e+01,8.650342e+01,8.609708e+01,8.609708e+01,8.586983e+01,8.558533e+01,8.544289e+01,8.536687e+01,8.500529e+01,8.514812e+01,8.478604e+01,8.451871e+01,8.423180e+01,8.402106e+01,8.382925e+01,8.330054e+01,8.305964e+01,8.294388e+01,8.248964e+01,8.210202e+01,8.176206e+01,8.147983e+01,8.115804e+01,8.051244e+01,8.004123e+01,7.960802e+01,7.914391e+01,7.840039e+01,7.794257e+01,7.757331e+01,7.681200e+01,7.635941e+01,7.600645e+01,7.546024e+01,7.504418e+01,7.434135e+01,7.354279e+01,7.297708e+01,7.237814e+01,7.185983e+01,7.155836e+01,7.069204e+01,7.029366e+01,6.953579e+01,6.907066e+01,6.814645e+01,6.778361e+01,6.706586e+01,6.626880e+01,6.577103e+01,6.515173e+01,6.472638e+01,6.388271e+01,6.346442e+01,6.261288e+01,6.178942e+01,6.126378e+01,6.039813e+01,6.002541e+01,5.917437e+01,5.837508e+01,5.790465e+01,5.690074e+01,5.644817e+01,5.557334e+01,5.477496e+01,5.429115e+01,5.382922e+01,5.288828e+01,5.226505e+01,5.142113e+01,5.077832e+01,5.026652e+01,4.982613e+01,4.907627e+01,4.852011e+01,4.802359e+01,4.736254e+01,4.681095e+01,4.642079e+01,4.589014e+01,4.539525e+01,4.497487e+01,4.454018e+01,4.420667e+01,4.376910e+01,4.340751e+01,4.313557e+01,4.278500e+01,4.239423e+01,4.215912e+01,4.183178e+01,4.151666e+01,4.112152e+01,4.084412e+01,4.084412e+01,4.055276e+01,4.004775e+01,3.972763e+01,3.946016e+01,3.919206e+01,3.900400e+01,3.900400e+01,3.900400e+01,3.845144e+01,3.846495e+01,3.845144e+01,3.845144e+01,3.845144e+01,3.845144e+01,3.845144e+01,3.895021e+01,3.895021e+01,3.895021e+01,3.895021e+01,3.895021e+01,3.950032e+01,3.936640e+01,3.936640e+01,3.936640e+01,3.964746e+01,3.964746e+01,3.964746e+01,3.964746e+01,3.964746e+01,4.018087e+01,4.018087e+01,4.018087e+01,4.018087e+01,4.018087e+01,3.963409e+01,3.998114e+01,3.998114e+01,3.998114e+01,3.998114e+01,3.998114e+01,3.998114e+01,3.998114e+01,4.052624e+01,4.031383e+01,4.031383e+01,4.031383e+01,4.072502e+01,4.072502e+01,4.072502e+01,4.072502e+01,4.126657e+01,4.117429e+01,4.117429e+01,4.117429e+01,4.117429e+01,4.171371e+01,4.168746e+01,4.168746e+01,4.168746e+01,4.168746e+01,4.222448e+01,4.201521e+01,4.201521e+01,4.201521e+01,4.201521e+01,4.201521e+01,4.201521e+01,4.201521e+01,4.201521e+01,4.201521e+01,4.147721e+01,4.168746e+01,4.168746e+01,4.168746e+01,4.168746e+01,4.168746e+01,4.114791e+01,4.135877e+01,4.135877e+01,4.135877e+01,4.135877e+01,4.135877e+01,4.135877e+01,4.135877e+01,4.135877e+01,4.081766e+01,4.102913e+01,4.102913e+01,4.102913e+01,4.102913e+01,4.102913e+01,4.102913e+01,4.102913e+01,4.102913e+01,4.102913e+01,4.048645e+01,4.069854e+01,4.069854e+01,4.069854e+01,4.069854e+01,4.069854e+01,4.069854e+01,4.069854e+01,4.069854e+01,4.069854e+01,4.069854e+01,4.069854e+01,4.069854e+01,4.069854e+01,4.069854e+01,4.069854e+01,4.069854e+01,4.069854e+01,4.069854e+01,4.069854e+01,4.069854e+01,4.069854e+01,4.069854e+01,4.069854e+01,4.069854e+01,4.069854e+01,4.069854e+01,4.069854e+01,4.069854e+01,4.069854e+01,4.069854e+01,4.069854e+01,4.069854e+01,4.069854e+01,4.069854e+01,4.015426e+01,4.024737e+01,4.024737e+01,4.024737e+01,4.024737e+01,4.024737e+01,4.024737e+01,4.024737e+01,4.024737e+01,4.024737e+01,4.024737e+01,4.024737e+01,3.970091e+01,4.004775e+01,4.004775e+01,4.004775e+01,4.004775e+01,4.004775e+01,4.004775e+01,4.004775e+01,3.950032e+01,3.971427e+01,3.971427e+01,3.971427e+01,3.971427e+01,3.971427e+01,3.971427e+01,3.971427e+01,3.971427e+01,3.971427e+01,3.971427e+01,3.971427e+01,3.971427e+01,3.971427e+01,3.940659e+01,3.940659e+01,3.940659e+01,3.940659e+01,3.940659e+01,3.940659e+01,3.940659e+01,3.940659e+01,3.940659e+01,3.940659e+01,3.940659e+01,3.900400e+01,3.900400e+01
3.639232e+01,3.639232e+01,3.639232e+01,3.639232e+01,3.639232e+01,3.639232e+01,3.639232e+01,3.695523e+01,3.681820e+01,3.681820e+01,3.681820e+01,3.681820e+01,3.737894e+01,3.732436e+01,3.748802e+01,3.762422e+01,3.762422e+01,3.762422e+01,3.762422e+01,3.762422e+01,3.809961e+01,3.809961e+01,3.809961e+01,3.865392e+01,3.851897e+01,3.851897e+01,3.851897e+01,3.851897e+01,3.851897e+01,3.851897e+01,3.851897e+01,3.851897e+01,3.901744e+01,3.928597e+01,3.939320e+01,3.939320e+01,3.939320e+01,4.011433e+01,4.011433e+01,4.011433e+01,4.065880e+01,4.061905e+01,4.061905e+01,4.061905e+01,4.061905e+01,4.061905e+01,4.116110e+01,4.108194e+01,4.108194e+01,4.108194e+01,4.108194e+01,4.108194e+01,4.108194e+01,4.108194e+01,4.108194e+01,4.108194e+01,4.108194e+01,4.108194e+01,4.108194e+01,4.108194e+01,4.108194e+01,4.067204e+01,4.067204e+01,4.067204e+01,4.067204e+01,4.067204e+01,4.067204e+01,4.019417e+01,4.019417e+01,4.019417e+01,4.019417e+01,4.019417e+01,3.964746e+01,3.964746e+01,3.964746e+01,3.964746e+01,3.964746e+01,4.019417e+01,4.019417e+01,4.019417e+01,4.019417e+01,4.073826e+01,4.073826e+01,4.073826e+01,4.073826e+01,4.073826e+01,4.073826e+01,4.073826e+01,4.073826e+01,4.073826e+01,4.130609e+01,4.156924e+01,4.180556e+01,4.211989e+01,4.256372e+01,4.320038e+01,4.354969e+01,4.403955e+01,4.430939e+01,4.479607e+01,4.516614e+01,4.562392e+01,4.604200e+01,4.654679e+01,4.704945e+01,4.768728e+01,4.816034e+01,4.861917e+01,4.907627e+01,5.000982e+01,5.042516e+01,5.087556e+01,5.169905e+01,5.226505e+01,5.317488e+01,5.363921e+01,5.460996e+01,5.506907e+01,5.571371e+01,5.627368e+01,5.700495e+01,5.806548e+01,5.853533e+01,5.909467e+01,5.958355e+01,6.010455e+01,6.093842e+01,6.140937e+01,6.185637e+01,6.260178e+01,6.314434e+01,6.392667e+01,6.473730e+01,6.524969e+01,6.607423e+01,6.672174e+01,6.769810e+01,6.831687e+01,6.887994e+01,6.972564e+01,7.067110e+01,7.120411e+01,7.175595e+01,7.249193e+01,7.352225e+01,7.416766e+01,7.458619e+01,7.527772e+01,7.602663e+01,7.648023e+01,7.734332e+01,7.802229e+01,7.857916e+01,7.942057e+01,8.006089e+01,8.068878e+01,8.152853e+01,8.206320e+01,8.239282e+01,8.304035e+01,8.369483e+01,8.449960e+01,8.485280e+01,8.530033e+01,8.584141e+01,8.623894e+01,8.662606e+01,8.693698e+01,8.730366e+01,8.764140e+01,8.782874e+01,8.806260e+01,8.826813e+01,8.891106e+01,8.927335e+01,8.954223e+01,8.985692e+01,9.042922e+01,9.036470e+01,9.082499e+01,9.073303e+01,9.073303e+01,9.073303e+01,9.121065e+01,9.121065e+01,9.121065e+01,9.121065e+01,9.121065e+01,9.121065e+01,9.158627e+01,9.134817e+01,9.134817e+01,9.134817e+01,9.134817e+01,9.172349e+01,9.157712e+01,9.157712e+01,9.157712e+01,9.157712e+01,9.157712e+01,9.157712e+01,9.157712e+01,9.157712e+01,9.157712e+01,9.157712e+01,9.157712e+01,9.157712e+01,9.120148e+01,9.121982e+01,9.118313e+01,9.118313e+01,9.118313e+01,9.118313e+01,9.118313e+01,9.118313e+01,9.118313e+01,9.118313e+01,9.118313e+01,9.080660e+01,9.082499e+01,9.080660e+01,9.080660e+01,9.080660e+01,9.080660e+01,9.080660e+01,9.047529e+01,9.047529e+01,9.047529e+01,9.047529e+01,9.047529e+01,9.047529e+01,9.047529e+01,9.047529e+01,9.047529e+01,9.047529e+01,9.014332e+01,9.014332e+01,9.014332e+01,9.014332e+01,9.014332e+01,9.014332e+01,9.014332e+01,9.014332e+01,8.986617e+01,8.986617e+01,8.986617e+01,8.986617e+01,8.986617e+01,8.957928e+01,8.957928e+01,8.957928e+01,8.957928e+01,8.957928e+01,8.957928e+01,8.957928e+01,8.929191e+01,8.929191e+01,8.929191e+01,8.929191e+01,8.929191e+01,8.929191e+01,8.929191e+01,8.919910e+01,8.895755e+01,8.895755e+01,8.895755e+01,8.857593e+01,8.859457e+01,8.852933e+01,8.852933e+01,8.852933e+01,8.852933e+01,8.852933e+01,8.852933e+01,8.852933e+01,8.852933e+01,8.814671e+01,8.816540e+01,8.816540e+01,8.816540e+01,8.816540e+01,8.816540e+01,8.816540e+01,8.816540e+01,8.782874e+01,8.782874e+01,8.782874e+01,8.782874e+01,8.782874e+01,8.782874e+01,8.782874e+01,8.782874e+01,8.782874e+01,8.782874e+01,8.782874e+01,8.782874e+01,8.782874e+01,8.782874e+01,8.782874e+01,8.782874e+01,8.782874e+01,8.782874e+01,8.782874e+01,8.782874e+01,8.744447e+01,8.768826e+01,8.788490e+01,8.764140e+01,8.764140e+01,8.764140e+01,8.764140e+01,8.764140e+01,8.764140e+01,8.764140e+01,8.764140e+01,8.764140e+01,8.764140e+01,8.764140e+01,8.802521e+01,8.778192e+01,8.778192e+01,8.778192e+01,8.778192e+01,8.778192e+01,8.778192e+01,8.778192e+01,8.778192e+01,8.778192e+01,8.778192e+01,8.778192e+01,8.778192e+01,8.778192e+01,8.778192e+01,8.778192e+01,8.778192e+01,8.778192e+01,8.778192e+01,8.778192e+01,8.778192e+01,8.778192e+01,8.778192e+01,8.778192e+01,8.778192e+01,8.778192e+01,8.778192e+01,8.778192e+01,8.778192e+01,8.778192e+01,8.816540e+01,8.792233e+01,8.792233e+01,8.792233e+01,8.792233e+01,8.792233e+01,8.792233e+01,8.792233e+01,8.792233e+01,8.753828e+01,8.752890e+01,8.752890e+01,8.752890e+01,8.752890e+01,8.741632e+01,8.717213e+01,8.705930e+01,8.673920e+01,8.652229e+01,8.652229e+01,8.652229e+01,8.609708e+01,8.598350e+01,8.583193e+01,8.560432e+01,8.560432e+01,8.536687e+01,8.511956e+01,8.496718e+01,8.442313e+01,8.436576e+01,8.419350e+01,8.404024e+01,8.366602e+01,8.331980e+01,8.309821e+01,8.319460e+01,8.254770e+01,8.208261e+01,8.178151e+01,8.137263e+01,8.107993e+01,8.043401e+01,7.996255e+01,7.952911e+01,7.906477e+01,7.832087e+01,7.786280e+01,7.749335e+01,7.714304e+01,7.636948e+01,7.593575e+01,7.537914e+01,7.496286e+01,7.425964e+01,7.388116e+01,7.298739e+01,7.273987e+01,7.204664e+01,7.118324e+01,7.099532e+01,6.995733e+01,6.947245e+01,6.900711e+01,6.851898e+01,6.781566e+01,6.703363e+01,6.664635e+01,6.580354e+01,6.512994e+01,6.467175e+01,6.382775e+01,6.340929e+01,6.255740e+01,6.173360e+01,6.120774e+01,6.034172e+01,5.996884e+01,5.911744e+01,5.831780e+01,5.784716e+01,5.684280e+01,5.639003e+01,5.551480e+01,5.519825e+01,5.433843e+01,5.382922e+01,5.284045e+01,5.221698e+01,5.137273e+01,5.072967e+01,5.021767e+01,4.977710e+01,4.902694e+01,4.847055e+01,4.797383e+01,4.731250e+01,4.683607e+01,4.626942e+01,4.583948e+01,4.534438e+01,4.492382e+01,4.456579e+01,4.405242e+01,4.379488e+01,4.338164e+01,4.308371e+01,4.273298e+01,4.242032e+01,4.202830e+01,4.177932e+01,4.146405e+01,4.106874e+01,4.087056e+01,4.071178e+01,4.036697e+01,4.007439e+01,3.978105e+01,3.978105e+01,3.978105e+01,3.955385e+01,3.920548e+01,3.896367e+01,3.861345e+01,3.861345e+01,3.861345e+01,3.861345e+01,3.861345e+01,3.861345e+01,3.861345e+01,3.895021e+01,3.895021e+01,3.895021e+01,3.950032e+01,3.939320e+01,3.936640e+01,3.936640e+01,3.936640e+01,3.936640e+01,3.964746e+01,3.964746e+01,4.019417e+01,3.984778e+01,3.954047e+01,3.991448e+01,3.991448e+01,3.991448e+01,3.991448e+01,3.991448e+01,3.991448e+01,3.991448e+01,3.991448e+01,3.991448e+01,3.991448e+01,3.991448e+01,3.991448e+01,3.991448e+01,4.052624e+01,4.052624e+01,4.052624e+01,4.052624e+01,4.052624e+01,4.052624e+01,4.052624e+01,4.106874e+01,4.110833e+01,4.110833e+01,4.110833e+01,4.110833e+01,4.110833e+01,4.110833e+01,4.114791e+01,4.149036e+01,4.202830e+01,4.200212e+01,4.206756e+01,4.206756e+01,4.206756e+01,4.206756e+01,4.206756e+01,4.206756e+01,4.206756e+01,4.206756e+01,4.206756e+01,4.206756e+01,4.201521e+01,4.167433e+01,4.167433e+01,4.167433e+01,4.167433e+01,4.167433e+01,4.114791e+01,4.114791e+01,4.114791e+01,4.114791e+01,4.114791e+01,4.114791e+01,4.114791e+01,4.114791e+01,4.114791e+01,4.114791e+01,4.114791e+01,4.114791e+01,4.114791e+01,4.114791e+01,4.114791e+01,4.060579e+01,4.081766e+01,4.081766e+01,4.081766e+01,4.081766e+01,4.081766e+01,4.081766e+01,4.027396e+01,4.048645e+01,4.048645e+01,4.048645e+01,4.048645e+01,4.048645e+01,4.048645e+01,4.048645e+01,4.048645e+01,4.048645e+01,4.048645e+01,4.048645e+01,4.048645e+01,4.048645e+01,4.048645e+01,4.048645e+01,4.102913e+01,4.081766e+01,4.081766e+01,4.081766e+01,4.081766e+01,4.081766e+01,4.081766e+01,4.081766e+01,4.081766e+01,4.081766e+01,4.081766e+01,4.081766e+01,4.081766e+01,4.027396e+01,4.048645e+01,4.026067e+01,4.028725e+01,4.028725e+01,4.028725e+01,4.028725e+01,4.028725e+01,4.028725e+01,4.028725e+01,4.028725e+01,4.028725e+01,4.028725e+01,4.028725e+01,3.974099e+01,3.982109e+01,4.002111e+01,4.002111e+01,4.002111e+01,4.002111e+01,4.002111e+01,4.002111e+01,4.002111e+01,4.002111e+01,4.002111e+01,4.002111e+01,4.002111e+01,4.002111e+01,3.971427e+01,3.971427e+01,3.971427e+01,3.971427e+01,3.971427e+01,3.971427e+01,3.971427e+01,3.971427e+01,3.971427e+01,3.971427e+01,3.971427e+01,3.971427e+01,3.971427e+01,3.940659e+01,3.940659e+01,3.940659e+01,3.940659e+01,3.940659e+01,3.940659e+01,3.940659e+01,3.900400e+01,3.900400e+01
3.639232e+01,3.639232e+01,3.639232e+01,3.639232e+01,3.639232e+01,3.639232e+01,3.639232e+01,3.695523e+01,3.695523e+01,3.695523e+01,3.695523e+01,3.695523e+01,3.737894e+01,3.737894e+01,3.737894e+01,3.737894e+01,3.793685e+01,3.771946e+01,3.771946e+01,3.827567e+01,3.814026e+01,3.814026e+01,3.814026e+01,3.814026e+01,3.814026e+01,3.851897e+01,3.851897e+01,3.851897e+01,3.851897e+01,3.851897e+01,3.851897e+01,3.851897e+01,3.901744e+01,3.901744e+01,3.939320e+01,3.939320e+01,3.939320e+01,4.011433e+01,4.011433e+01,4.011433e+01,4.011433e+01,4.061905e+01,4.061905e+01,4.061905e+01,4.061905e+01,4.061905e+01,4.061905e+01,4.108194e+01,4.108194e+01,4.108194e+01,4.108194e+01,4.108194e+01,4.108194e+01,4.108194e+01,4.108194e+01,4.108194e+01,4.108194e+01,4.108194e+01,4.108194e+01,4.108194e+01,4.108194e+01,4.067204e+01,4.067204e+01,4.067204e+01,4.067204e+01,4.067204e+01,4.067204e+01,4.019417e+01,4.019417e+01,4.019417e+01,4.019417e+01,4.019417e+01,3.964746e+01,3.964746e+01,3.964746e+01,3.964746e+01,3.964746e+01,4.019417e+01,4.019417e+01,4.019417e+01,4.019417e+01,4.073826e+01,4.073826e+01,4.073826e+01,4.073826e+01,4.073826e+01,4.073826e+01,4.073826e+01,4.073826e+01,4.073826e+01,4.130609e+01,4.130609e+01,4.180556e+01,4.230285e+01,4.261583e+01,4.317446e+01,4.370461e+01,4.401382e+01,4.446329e+01,4.477051e+01,4.531893e+01,4.567467e+01,4.609257e+01,4.659715e+01,4.709959e+01,4.773717e+01,4.821003e+01,4.866867e+01,4.912558e+01,5.005876e+01,5.047393e+01,5.142113e+01,5.183175e+01,5.232511e+01,5.323450e+01,5.369862e+01,5.466891e+01,5.512780e+01,5.577216e+01,5.633187e+01,5.716690e+01,5.796211e+01,5.801955e+01,5.894650e+01,5.949274e+01,6.007064e+01,6.096088e+01,6.146533e+01,6.191214e+01,6.265725e+01,6.365171e+01,6.404747e+01,6.479190e+01,6.530409e+01,6.612831e+01,6.677557e+01,6.775155e+01,6.837009e+01,6.893294e+01,6.977833e+01,7.072344e+01,7.125626e+01,7.223320e+01,7.253328e+01,7.342982e+01,7.413699e+01,7.461676e+01,7.533858e+01,7.608720e+01,7.654061e+01,7.740335e+01,7.808205e+01,7.863871e+01,7.947978e+01,8.011987e+01,8.074751e+01,8.118732e+01,8.203409e+01,8.242188e+01,8.349300e+01,8.380045e+01,8.455693e+01,8.491000e+01,8.535737e+01,8.589826e+01,8.629565e+01,8.668264e+01,8.699345e+01,8.736000e+01,8.752890e+01,8.782874e+01,8.809999e+01,8.839878e+01,8.896685e+01,8.963485e+01,8.974592e+01,8.991238e+01,9.031860e+01,9.047529e+01,9.071464e+01,9.071464e+01,9.071464e+01,9.109137e+01,9.111890e+01,9.111890e+01,9.149474e+01,9.134817e+01,9.134817e+01,9.134817e+01,9.134817e+01,9.172349e+01,9.148557e+01,9.148557e+01,9.148557e+01,9.148557e+01,9.148557e+01,9.148557e+01,9.148557e+01,9.148557e+01,9.148557e+01,9.148557e+01,9.148557e+01,9.148557e+01,9.148557e+01,9.148557e+01,9.148557e+01,9.148557e+01,9.148557e+01,9.148557e+01,9.148557e+01,9.148557e+01,9.148557e+01,9.118313e+01,9.118313e+01,9.118313e+01,9.118313e+01,9.118313e+01,9.118313e+01,9.118313e+01,9.082499e+01,9.082499e+01,9.082499e+01,9.082499e+01,9.082499e+01,9.082499e+01,9.047529e+01,9.047529e+01,9.047529e+01,9.047529e+01,9.047529e+01,9.047529e+01,9.047529e+01,9.047529e+01,9.047529e+01,9.047529e+01,9.047529e+01,9.047529e+01,9.014332e+01,9.014332e+01,9.014332e+01,9.014332e+01,9.014332e+01,9.014332e+01,8.986617e+01,8.986617e+01,8.986617e+01,8.986617e+01,8.986617e+01,8.986617e+01,8.957928e+01,8.957928e+01,8.957928e+01,8.957928e+01,8.957928e+01,8.957928e+01,8.957928e+01,8.929191e+01,8.929191e+01,8.929191e+01,8.929191e+01,8.929191e+01,8.891106e+01,8.897614e+01,8.899474e+01,8.899474e+01,8.899474e+01,8.895755e+01,8.871565e+01,8.871565e+01,8.871565e+01,8.871565e+01,8.871565e+01,8.871565e+01,8.833347e+01,8.809999e+01,8.817474e+01,8.824011e+01,8.824011e+01,8.824011e+01,8.824011e+01,8.824011e+01,8.824011e+01,8.824011e+01,8.785682e+01,8.792233e+01,8.792233e+01,8.792233e+01,8.792233e+01,8.792233e+01,8.792233e+01,8.792233e+01,8.792233e+01,8.792233e+01,8.792233e+01,8.792233e+01,8.792233e+01,8.792233e+01,8.792233e+01,8.792233e+01,8.792233e+01,8.792233e+01,8.792233e+01,8.792233e+01,8.792233e+01,8.792233e+01,8.792233e+01,8.792233e+01,8.764140e+01,8.764140e+01,8.764140e+01,8.764140e+01,8.764140e+01,8.764140e+01,8.802521e+01,8.778192e+01,8.778192e+01,8.778192e+01,8.778192e+01,8.778192e+01,8.778192e+01,8.778192e+01,8.778192e+01,8.778192e+01,8.778192e+01,8.778192e+01,8.778192e+01,8.778192e+01,8.778192e+01,8.778192e+01,8.778192e+01,8.778192e+01,8.778192e+01,8.778192e+01,8.778192e+01,8.778192e+01,8.778192e+01,8.778192e+01,8.778192e+01,8.778192e+01,8.816540e+01,8.792233e+01,8.792233e+01,8.792233e+01,8.792233e+01,8.792233e+01,8.792233e+01,8.792233e+01,8.792233e+01,8.816540e+01,8.832413e+01,8.808130e+01,8.808130e+01,8.808130e+01,8.808130e+01,8.808130e+01,8.769762e+01,8.771636e+01,8.765077e+01,8.765077e+01,8.765077e+01,8.726609e+01,8.740694e+01,8.729427e+01,8.720033e+01,8.692757e+01,8.674862e+01,8.694640e+01,8.670149e+01,8.654117e+01,8.622948e+01,8.598350e+01,8.571816e+01,8.563279e+01,8.551888e+01,8.532885e+01,8.514812e+01,8.483372e+01,8.453783e+01,8.453783e+01,8.419350e+01,8.387722e+01,8.360837e+01,8.332943e+01,8.313677e+01,8.303071e+01,8.248964e+01,8.248964e+01,8.187870e+01,8.148956e+01,8.106039e+01,8.037515e+01,7.990352e+01,7.946992e+01,7.900539e+01,7.866847e+01,7.789272e+01,7.747336e+01,7.709293e+01,7.631911e+01,7.588524e+01,7.532844e+01,7.491202e+01,7.420855e+01,7.382995e+01,7.300800e+01,7.261595e+01,7.199477e+01,7.130840e+01,7.094308e+01,7.005200e+01,6.951468e+01,6.899652e+01,6.846582e+01,6.776224e+01,6.697990e+01,6.659248e+01,6.574934e+01,6.507548e+01,6.461710e+01,6.377276e+01,6.335414e+01,6.250189e+01,6.167775e+01,6.115167e+01,6.028529e+01,5.991225e+01,5.906049e+01,5.872966e+01,5.789315e+01,5.683121e+01,5.633187e+01,5.553822e+01,5.505731e+01,5.427932e+01,5.376987e+01,5.278064e+01,5.215687e+01,5.180764e+01,5.077832e+01,5.021767e+01,4.972805e+01,4.897758e+01,4.842097e+01,4.792405e+01,4.726244e+01,4.678581e+01,4.621892e+01,4.578879e+01,4.529348e+01,4.494934e+01,4.441201e+01,4.420667e+01,4.379488e+01,4.332988e+01,4.303181e+01,4.268092e+01,4.236813e+01,4.206756e+01,4.166120e+01,4.141142e+01,4.110833e+01,4.110833e+01,4.071178e+01,4.031383e+01,4.002111e+01,3.982109e+01,3.982109e+01,3.982109e+01,3.927256e+01,3.870784e+01,3.880216e+01,3.865392e+01,3.865392e+01,3.865392e+01,3.865392e+01,3.865392e+01,3.865392e+01,3.865392e+01,3.895021e+01,3.895021e+01,3.895021e+01,3.895021e+01,3.939320e+01,3.939320e+01,3.939320e+01,3.939320e+01,3.939320e+01,3.994115e+01,3.991448e+01,3.987447e+01,4.032712e+01,4.011433e+01,3.998114e+01,3.998114e+01,3.998114e+01,3.998114e+01,3.998114e+01,3.998114e+01,3.998114e+01,3.998114e+01,3.998114e+01,3.998114e+01,3.998114e+01,3.998114e+01,4.052624e+01,4.039353e+01,4.039353e+01,4.039353e+01,4.039353e+01,4.039353e+01,4.093666e+01,4.091023e+01,4.091023e+01,4.091023e+01,4.091023e+01,4.145090e+01,4.125339e+01,4.125339e+01,4.125339e+01,4.125339e+01,4.179244e+01,4.187111e+01,4.187111e+01,4.187111e+01,4.187111e+01,4.187111e+01,4.187111e+01,4.187111e+01,4.187111e+01,4.187111e+01,4.187111e+01,4.187111e+01,4.187111e+01,4.187111e+01,4.187111e+01,4.187111e+01,4.187111e+01,4.187111e+01,4.133244e+01,4.130609e+01,4.130609e+01,4.130609e+01,4.130609e+01,4.130609e+01,4.130609e+01,4.130609e+01,4.130609e+01,4.130609e+01,4.130609e+01,4.130609e+01,4.076473e+01,4.096309e+01,4.096309e+01,4.096309e+01,4.096309e+01,4.096309e+01,4.096309e+01,4.096309e+01,4.042009e+01,4.061905e+01,4.039353e+01,4.043336e+01,4.043336e+01,4.043336e+01,4.043336e+01,4.043336e+01,4.043336e+01,4.043336e+01,4.043336e+01,4.043336e+01,4.043336e+01,4.043336e+01,4.043336e+01,4.043336e+01,4.043336e+01,4.043336e+01,4.043336e+01,4.048645e+01,4.083089e+01,4.083089e+01,4.083089e+01,4.083089e+01,4.083089e+01,4.083089e+01,4.083089e+01,4.083089e+01,4.083089e+01,4.083089e+01,4.083089e+01,4.028725e+01,4.040681e+01,4.040681e+01,4.040681e+01,4.040681e+01,4.040681e+01,4.040681e+01,4.040681e+01,4.040681e+01,4.040681e+01,4.040681e+01,4.040681e+01,4.040681e+01,4.040681e+01,4.040681e+01,4.040681e+01,3.982109e+01,3.982109e+01,3.982109e+01,3.982109e+01,3.982109e+01,3.982109e+01,3.982109e+01,3.982109e+01,3.982109e+01,3.982109e+01,3.982109e+01,3.982109e+01,3.982109e+01,3.982109e+01,3.982109e+01,3.982109e+01,3.982109e+01,3.982109e+01,3.982109e+01,3.982109e+01,3.982109e+01,3.982109e+01,3.982109e+01,3.982109e+01,3.927256e+01,3.936640e+01,3.940659e+01,3.940659e+01,3.940659e+01,3.940659e+01,3.940659e+01,3.940659e+01,3.940659e+01,3.900400e+01,3.900400e+01
3.639232e+01,3.639232e+01,3.639232e+01,3.639232e+01,3.639232e+01,3.639232e+01,3.639232e+01,3.695523e+01,3.695523e+01,3.695523e+01,3.695523e+01,3.695523e+01,3.695523e+01,3.737894e+01,3.737894e+01,3.737894e+01,3.737894e+01,3.771946e+01,3.795042e+01,3.811316e+01,3.811316e+01,3.811316e+01,3.811316e+01,3.811316e+01,3.811316e+01,3.851897e+01,3.851897e+01,3.851897e+01,3.851897e+01,3.851897e+01,3.851897e+01,3.907120e+01,3.893676e+01,3.909807e+01,3.935300e+01,3.935300e+01,3.990114e+01,3.998114e+01,3.998114e+01,3.998114e+01,4.052624e+01,4.045991e+01,4.045991e+01,4.045991e+01,4.100272e+01,4.080443e+01,4.102913e+01,4.092345e+01,4.092345e+01,4.092345e+01,4.092345e+01,4.092345e+01,4.092345e+01,4.092345e+01,4.092345e+01,4.092345e+01,4.092345e+01,4.092345e+01,4.092345e+01,4.092345e+01,4.092345e+01,4.092345e+01,4.092345e+01,4.038025e+01,4.057928e+01,4.057928e+01,4.057928e+01,4.057928e+01,4.019417e+01,4.019417e+01,4.019417e+01,4.019417e+01,3.964746e+01,3.964746e+01,3.964746e+01,3.964746e+01,4.019417e+01,4.006107e+01,4.006107e+01,4.006107e+01,4.060579e+01,4.057928e+01,4.112152e+01,4.092345e+01,4.092345e+01,4.092345e+01,4.092345e+01,4.092345e+01,4.092345e+01,4.092345e+01,4.092345e+01,4.130609e+01,4.185801e+01,4.227673e+01,4.277200e+01,4.322629e+01,4.367881e+01,4.416813e+01,4.443766e+01,4.492382e+01,4.529348e+01,4.582681e+01,4.614313e+01,4.664749e+01,4.714972e+01,4.778703e+01,4.825970e+01,4.871815e+01,4.917488e+01,5.010767e+01,5.052269e+01,5.097273e+01,5.177145e+01,5.230109e+01,5.324643e+01,5.373425e+01,5.422019e+01,5.505731e+01,5.573709e+01,5.633187e+01,5.720157e+01,5.782416e+01,5.854677e+01,5.907188e+01,5.952680e+01,6.010455e+01,6.099457e+01,6.149889e+01,6.194559e+01,6.269051e+01,6.368473e+01,6.408040e+01,6.482465e+01,6.533672e+01,6.616074e+01,6.680785e+01,6.778361e+01,6.840201e+01,6.939852e+01,6.989417e+01,7.076530e+01,7.140218e+01,7.215031e+01,7.259528e+01,7.347091e+01,7.417789e+01,7.465752e+01,7.537914e+01,7.612756e+01,7.658085e+01,7.744336e+01,7.812188e+01,7.867840e+01,7.951925e+01,8.015917e+01,8.078666e+01,8.162588e+01,8.214082e+01,8.255737e+01,8.341605e+01,8.385803e+01,8.460469e+01,8.495765e+01,8.540489e+01,8.594562e+01,8.634290e+01,8.672977e+01,8.704049e+01,8.724730e+01,8.752890e+01,8.786618e+01,8.813737e+01,8.852933e+01,8.901333e+01,8.952370e+01,8.952370e+01,8.991238e+01,9.020792e+01,9.047529e+01,9.068703e+01,9.068703e+01,9.106384e+01,9.099957e+01,9.137566e+01,9.135733e+01,9.138482e+01,9.138482e+01,9.138482e+01,9.138482e+01,9.138482e+01,9.138482e+01,9.176006e+01,9.162287e+01,9.162287e+01,9.162287e+01,9.162287e+01,9.162287e+01,9.162287e+01,9.162287e+01,9.162287e+01,9.162287e+01,9.162287e+01,9.162287e+01,9.162287e+01,9.162287e+01,9.124733e+01,9.138482e+01,9.138482e+01,9.138482e+01,9.138482e+01,9.138482e+01,9.138482e+01,9.138482e+01,9.138482e+01,9.138482e+01,9.118313e+01,9.118313e+01,9.118313e+01,9.118313e+01,9.082499e+01,9.082499e+01,9.082499e+01,9.082499e+01,9.082499e+01,9.082499e+01,9.047529e+01,9.085256e+01,9.061341e+01,9.061341e+01,9.061341e+01,9.061341e+01,9.061341e+01,9.023560e+01,9.037392e+01,9.037392e+01,9.037392e+01,9.037392e+01,9.037392e+01,9.014332e+01,9.014332e+01,9.014332e+01,9.014332e+01,9.014332e+01,9.014332e+01,9.014332e+01,9.014332e+01,9.014332e+01,8.986617e+01,8.975517e+01,8.960707e+01,8.960707e+01,8.960707e+01,8.960707e+01,8.960707e+01,8.960707e+01,8.960707e+01,8.960707e+01,8.960707e+01,8.929191e+01,8.929191e+01,8.929191e+01,8.929191e+01,8.929191e+01,8.929191e+01,8.899474e+01,8.899474e+01,8.899474e+01,8.871565e+01,8.871565e+01,8.871565e+01,8.871565e+01,8.871565e+01,8.871565e+01,8.871565e+01,8.848272e+01,8.862252e+01,8.838012e+01,8.838012e+01,8.838012e+01,8.838012e+01,8.838012e+01,8.799715e+01,8.801585e+01,8.796909e+01,8.796909e+01,8.796909e+01,8.796909e+01,8.796909e+01,8.796909e+01,8.796909e+01,8.796909e+01,8.796909e+01,8.796909e+01,8.796909e+01,8.796909e+01,8.796909e+01,8.796909e+01,8.796909e+01,8.796909e+01,8.796909e+01,8.796909e+01,8.796909e+01,8.796909e+01,8.796909e+01,8.796909e+01,8.796909e+01,8.796909e+01,8.796909e+01,8.796909e+01,8.796909e+01,8.796909e+01,8.796909e+01,8.796909e+01,8.796909e+01,8.796909e+01,8.796909e+01,8.796909e+01,8.796909e+01,8.796909e+01,8.796909e+01,8.796909e+01,8.796909e+01,8.796909e+01,8.796909e+01,8.796909e+01,8.796909e+01,8.796909e+01,8.796909e+01,8.796909e+01,8.796909e+01,8.796909e+01,8.796909e+01,8.796909e+01,8.796909e+01,8.796909e+01,8.796909e+01,8.796909e+01,8.796909e+01,8.796909e+01,8.796909e+01,8.796909e+01,8.796909e+01,8.796909e+01,8.796909e+01,8.796909e+01,8.796909e+01,8.835213e+01,8.790361e+01,8.811868e+01,8.816540e+01,8.810934e+01,8.810934e+01,8.810934e+01,8.810934e+01,8.810934e+01,8.769762e+01,8.769762e+01,8.769762e+01,8.769762e+01,8.769762e+01,8.726609e+01,8.726609e+01,8.726609e+01,8.726609e+01,8.726609e+01,8.713453e+01,8.704049e+01,8.643734e+01,8.645622e+01,8.624839e+01,8.596456e+01,8.612546e+01,8.579402e+01,8.579402e+01,8.532885e+01,8.497671e+01,8.485280e+01,8.458559e+01,8.441357e+01,8.414562e+01,8.389641e+01,8.358915e+01,8.335831e+01,8.313677e+01,8.285699e+01,8.260574e+01,8.203409e+01,8.177179e+01,8.144086e+01,8.101154e+01,8.032610e+01,7.985431e+01,7.942057e+01,7.895589e+01,7.861887e+01,7.784286e+01,7.742336e+01,7.704280e+01,7.626873e+01,7.583471e+01,7.527772e+01,7.486115e+01,7.415745e+01,7.377871e+01,7.295647e+01,7.256429e+01,7.194289e+01,7.125626e+01,7.089082e+01,6.999941e+01,6.946189e+01,6.894353e+01,6.841264e+01,6.770879e+01,6.692616e+01,6.653859e+01,6.569512e+01,6.546716e+01,6.466083e+01,6.377276e+01,6.330999e+01,6.245747e+01,6.209045e+01,6.120774e+01,6.030787e+01,5.990093e+01,5.908327e+01,5.859252e+01,5.773211e+01,5.693549e+01,5.640166e+01,5.557334e+01,5.505731e+01,5.424385e+01,5.373425e+01,5.274473e+01,5.218092e+01,5.166284e+01,5.074183e+01,5.018102e+01,4.969125e+01,4.894056e+01,4.838377e+01,4.788669e+01,4.722488e+01,4.674810e+01,4.618103e+01,4.575077e+01,4.531893e+01,4.531893e+01,4.487273e+01,4.438637e+01,4.380777e+01,4.336870e+01,4.301883e+01,4.262885e+01,4.231591e+01,4.201521e+01,4.170059e+01,4.129292e+01,4.114791e+01,4.098951e+01,4.065880e+01,4.026067e+01,4.006107e+01,4.006107e+01,3.951371e+01,3.954047e+01,3.919206e+01,3.886948e+01,3.886948e+01,3.886948e+01,3.886948e+01,3.886948e+01,3.886948e+01,3.886948e+01,3.886948e+01,3.886948e+01,3.886948e+01,3.886948e+01,3.886948e+01,3.941999e+01,3.928597e+01,3.983444e+01,3.948694e+01,3.948694e+01,3.948694e+01,3.948694e+01,3.948694e+01,3.987447e+01,4.016756e+01,4.016756e+01,4.016756e+01,4.016756e+01,4.016756e+01,4.016756e+01,4.016756e+01,4.016756e+01,4.016756e+01,4.016756e+01,4.016756e+01,4.016756e+01,4.016756e+01,4.016756e+01,4.016756e+01,4.016756e+01,4.016756e+01,4.016756e+01,4.071178e+01,4.068529e+01,4.077797e+01,4.077797e+01,4.077797e+01,4.131926e+01,4.129292e+01,4.129292e+01,4.129292e+01,4.129292e+01,4.129292e+01,4.129292e+01,4.179244e+01,4.179244e+01,4.179244e+01,4.179244e+01,4.232896e+01,4.198902e+01,4.198902e+01,4.198902e+01,4.198902e+01,4.198902e+01,4.198902e+01,4.198902e+01,4.198902e+01,4.198902e+01,4.145090e+01,4.164807e+01,4.164807e+01,4.164807e+01,4.164807e+01,4.164807e+01,4.130609e+01,4.130609e+01,4.130609e+01,4.130609e+01,4.130609e+01,4.130609e+01,4.130609e+01,4.130609e+01,4.130609e+01,4.076473e+01,4.089701e+01,4.089701e+01,4.089701e+01,4.089701e+01,4.089701e+01,4.089701e+01,4.089701e+01,4.089701e+01,4.089701e+01,4.089701e+01,4.089701e+01,4.089701e+01,4.089701e+01,4.043336e+01,4.043336e+01,4.043336e+01,4.043336e+01,4.043336e+01,4.043336e+01,4.043336e+01,4.043336e+01,4.043336e+01,4.043336e+01,4.043336e+01,4.043336e+01,4.043336e+01,4.043336e+01,4.097630e+01,4.084412e+01,4.084412e+01,4.084412e+01,4.084412e+01,4.084412e+01,4.084412e+01,4.084412e+01,4.084412e+01,4.084412e+01,4.084412e+01,4.084412e+01,4.084412e+01,4.084412e+01,4.084412e+01,4.040681e+01,4.040681e+01,4.040681e+01,4.040681e+01,4.040681e+01,4.040681e+01,4.040681e+01,4.040681e+01,4.040681e+01,4.040681e+01,4.040681e+01,3.986113e+01,4.051298e+01,4.008770e+01,4.008770e+01,4.008770e+01,4.008770e+01,4.008770e+01,4.008770e+01,4.008770e+01,4.008770e+01,4.008770e+01,4.008770e+01,4.008770e+01,4.008770e+01,3.954047e+01,3.974099e+01,3.974099e+01,3.974099e+01,3.974099e+01,3.974099e+01,3.974099e+01,3.974099e+01,3.974099e+01,3.974099e+01,3.974099e+01,3.974099e+01,3.974099e+01,3.974099e+01,3.974099e+01,3.940659e+01,3.940659e+01,3.940659e+01,3.940659e+01,3.940659e+01,3.885602e+01,3.899056e+01,3.899056e+01
3.639232e+01,3.639232e+01,3.639232e+01,3.639232e+01,3.639232e+01,3.639232e+01,3.639232e+01,3.695523e+01,3.695523e+01,3.695523e+01,3.695523e+01,3.695523e+01,3.695523e+01,3.695523e+01,3.737894e+01,3.737894e+01,3.737894e+01,3.771946e+01,3.771946e+01,3.771946e+01,3.811316e+01,3.811316e+01,3.811316e+01,3.811316e+01,3.811316e+01,3.851897e+01,3.851897e+01,3.851897e+01,3.851897e+01,3.851897e+01,3.851897e+01,3.851897e+01,3.893676e+01,3.893676e+01,3.935300e+01,3.960735e+01,3.974099e+01,3.974099e+01,4.028725e+01,4.026067e+01,4.036697e+01,4.036697e+01,4.036697e+01,4.091023e+01,4.087056e+01,4.087056e+01,4.087056e+01,4.087056e+01,4.087056e+01,4.087056e+01,4.087056e+01,4.087056e+01,4.087056e+01,4.087056e+01,4.087056e+01,4.087056e+01,4.087056e+01,4.087056e+01,4.087056e+01,4.087056e+01,4.087056e+01,4.087056e+01,4.087056e+01,4.038025e+01,4.038025e+01,4.038025e+01,4.038025e+01,4.038025e+01,4.038025e+01,4.038025e+01,3.983444e+01,3.986113e+01,3.980775e+01,3.980775e+01,3.980775e+01,3.980775e+01,3.980775e+01,3.980775e+01,3.980775e+01,4.035369e+01,4.044664e+01,4.069854e+01,4.042009e+01,4.076473e+01,4.076473e+01,4.076473e+01,4.076473e+01,4.076473e+01,4.076473e+01,4.130609e+01,4.129292e+01,4.150351e+01,4.183178e+01,4.242032e+01,4.281101e+01,4.326514e+01,4.371751e+01,4.414242e+01,4.457859e+01,4.489828e+01,4.543340e+01,4.580146e+01,4.628204e+01,4.668523e+01,4.718731e+01,4.782441e+01,4.829693e+01,4.875525e+01,4.971579e+01,5.024210e+01,5.057142e+01,5.102128e+01,5.181969e+01,5.234913e+01,5.329410e+01,5.378174e+01,5.475140e+01,5.518652e+01,5.579553e+01,5.639003e+01,5.725935e+01,5.788166e+01,5.860395e+01,5.912883e+01,5.958355e+01,6.016106e+01,6.105070e+01,6.155481e+01,6.200133e+01,6.274594e+01,6.373976e+01,6.413526e+01,6.487922e+01,6.583605e+01,6.627960e+01,6.687240e+01,6.784771e+01,6.855087e+01,6.930341e+01,6.986259e+01,7.079669e+01,7.146468e+01,7.221249e+01,7.265726e+01,7.353252e+01,7.423920e+01,7.471864e+01,7.543996e+01,7.618807e+01,7.664118e+01,7.750335e+01,7.818160e+01,7.873790e+01,7.957843e+01,8.021810e+01,8.084536e+01,8.128488e+01,8.211172e+01,8.257672e+01,8.346415e+01,8.390601e+01,8.465244e+01,8.500529e+01,8.545239e+01,8.599297e+01,8.639012e+01,8.677689e+01,8.702168e+01,8.726609e+01,8.765077e+01,8.784746e+01,8.824011e+01,8.857593e+01,8.905979e+01,8.940321e+01,8.957928e+01,8.989390e+01,9.022637e+01,9.051213e+01,9.065943e+01,9.083418e+01,9.094445e+01,9.111890e+01,9.125650e+01,9.125650e+01,9.163202e+01,9.149474e+01,9.149474e+01,9.149474e+01,9.149474e+01,9.149474e+01,9.176006e+01,9.176006e+01,9.176006e+01,9.176006e+01,9.176006e+01,9.176006e+01,9.176006e+01,9.176006e+01,9.176006e+01,9.176006e+01,9.176006e+01,9.176006e+01,9.176006e+01,9.138482e+01,9.135733e+01,9.135733e+01,9.135733e+01,9.135733e+01,9.135733e+01,9.135733e+01,9.135733e+01,9.135733e+01,9.135733e+01,9.135733e+01,9.098119e+01,9.111890e+01,9.111890e+01,9.111890e+01,9.111890e+01,9.111890e+01,9.082499e+01,9.082499e+01,9.082499e+01,9.082499e+01,9.082499e+01,9.082499e+01,9.082499e+01,9.082499e+01,9.061341e+01,9.061341e+01,9.061341e+01,9.061341e+01,9.061341e+01,9.061341e+01,9.037392e+01,9.037392e+01,9.037392e+01,9.037392e+01,9.014332e+01,9.014332e+01,9.014332e+01,9.014332e+01,9.014332e+01,9.014332e+01,9.014332e+01,8.976443e+01,8.985692e+01,8.985692e+01,8.985692e+01,8.985692e+01,8.960707e+01,8.960707e+01,8.960707e+01,8.960707e+01,8.960707e+01,8.960707e+01,8.922695e+01,8.931974e+01,8.931974e+01,8.931974e+01,8.931974e+01,8.893896e+01,8.901333e+01,8.902262e+01,8.902262e+01,8.864115e+01,8.873427e+01,8.873427e+01,8.873427e+01,8.873427e+01,8.873427e+01,8.873427e+01,8.835213e+01,8.844542e+01,8.847340e+01,8.840811e+01,8.840811e+01,8.840811e+01,8.840811e+01,8.840811e+01,8.840811e+01,8.840811e+01,8.840811e+01,8.796909e+01,8.796909e+01,8.796909e+01,8.796909e+01,8.796909e+01,8.796909e+01,8.796909e+01,8.796909e+01,8.796909e+01,8.796909e+01,8.796909e+01,8.796909e+01,8.796909e+01,8.796909e+01,8.796909e+01,8.796909e+01,8.796909e+01,8.796909e+01,8.796909e+01,8.796909e+01,8.796909e+01,8.796909e+01,8.796909e+01,8.796909e+01,8.796909e+01,8.796909e+01,8.796909e+01,8.796909e+01,8.796909e+01,8.796909e+01,8.796909e+01,8.796909e+01,8.796909e+01,8.796909e+01,8.796909e+01,8.796909e+01,8.796909e+01,8.796909e+01,8.796909e+01,8.796909e+01,8.796909e+01,8.796909e+01,8.796909e+01,8.796909e+01,8.796909e+01,8.796909e+01,8.796909e+01,8.796909e+01,8.796909e+01,8.796909e+01,8.796909e+01,8.796909e+01,8.796909e+01,8.796909e+01,8.796909e+01,8.796909e+01,8.835213e+01,8.810934e+01,8.810934e+01,8.810934e+01,8.810934e+01,8.810934e+01,8.810934e+01,8.810934e+01,8.810934e+01,8.810934e+01,8.849204e+01,8.824945e+01,8.824945e+01,8.824945e+01,8.786618e+01,8.819342e+01,8.795039e+01,8.781001e+01,8.781001e+01,8.781001e+01,8.765077e+01,8.740694e+01,8.740694e+01,8.740694e+01,8.702168e+01,8.716273e+01,8.688991e+01,8.656004e+01,8.644678e+01,8.621058e+01,8.638068e+01,8.598350e+01,8.591721e+01,8.573713e+01,8.528131e+01,8.510052e+01,8.486234e+01,8.463334e+01,8.473833e+01,8.434663e+01,8.404982e+01,8.370444e+01,8.343529e+01,8.317532e+01,8.285699e+01,8.247996e+01,8.205350e+01,8.206320e+01,8.152853e+01,8.105062e+01,8.031628e+01,8.020828e+01,7.946004e+01,7.894599e+01,7.856924e+01,7.779298e+01,7.737334e+01,7.699266e+01,7.621832e+01,7.578416e+01,7.522698e+01,7.481027e+01,7.410632e+01,7.372746e+01,7.290493e+01,7.251260e+01,7.189098e+01,7.120411e+01,7.083853e+01,6.994680e+01,6.940909e+01,6.889054e+01,6.835944e+01,6.765533e+01,6.687240e+01,6.648467e+01,6.571681e+01,6.535847e+01,6.460617e+01,6.371775e+01,6.325480e+01,6.240193e+01,6.203476e+01,6.115167e+01,6.071356e+01,5.994621e+01,5.908327e+01,5.854677e+01,5.768607e+01,5.688915e+01,5.635514e+01,5.552652e+01,5.501030e+01,5.419653e+01,5.368674e+01,5.269685e+01,5.213282e+01,5.161454e+01,5.069316e+01,5.013213e+01,4.964217e+01,4.889117e+01,4.833416e+01,4.783687e+01,4.768728e+01,4.681095e+01,4.619366e+01,4.571273e+01,4.548423e+01,4.524256e+01,4.482163e+01,4.433505e+01,4.428371e+01,4.362718e+01,4.322629e+01,4.278500e+01,4.242032e+01,4.206756e+01,4.170059e+01,4.134560e+01,4.080443e+01,4.081766e+01,4.060579e+01,4.031383e+01,4.031383e+01,3.976770e+01,3.967419e+01,3.951371e+01,3.913836e+01,3.892331e+01,3.892331e+01,3.892331e+01,3.892331e+01,3.892331e+01,3.892331e+01,3.892331e+01,3.892331e+01,3.892331e+01,3.892331e+01,3.947355e+01,3.936640e+01,3.928597e+01,3.954047e+01,3.951371e+01,3.952709e+01,3.952709e+01,3.952709e+01,3.952709e+01,3.952709e+01,3.987447e+01,4.011433e+01,4.011433e+01,4.011433e+01,4.011433e+01,4.011433e+01,4.011433e+01,4.011433e+01,4.011433e+01,4.011433e+01,4.011433e+01,4.011433e+01,4.011433e+01,4.011433e+01,4.011433e+01,4.011433e+01,4.011433e+01,4.011433e+01,4.065880e+01,4.057928e+01,4.057928e+01,4.057928e+01,4.112152e+01,4.109513e+01,4.116110e+01,4.116110e+01,4.116110e+01,4.116110e+01,4.116110e+01,4.170059e+01,4.167433e+01,4.163493e+01,4.163493e+01,4.163493e+01,4.217220e+01,4.218526e+01,4.204139e+01,4.204139e+01,4.204139e+01,4.204139e+01,4.204139e+01,4.204139e+01,4.204139e+01,4.204139e+01,4.150351e+01,4.158238e+01,4.158238e+01,4.158238e+01,4.158238e+01,4.158238e+01,4.158238e+01,4.158238e+01,4.158238e+01,4.158238e+01,4.130609e+01,4.130609e+01,4.130609e+01,4.130609e+01,4.130609e+01,4.130609e+01,4.076473e+01,4.076473e+01,4.076473e+01,4.076473e+01,4.076473e+01,4.076473e+01,4.076473e+01,4.076473e+01,4.076473e+01,4.076473e+01,4.076473e+01,4.076473e+01,4.076473e+01,4.076473e+01,4.076473e+01,4.076473e+01,4.076473e+01,4.076473e+01,4.076473e+01,4.076473e+01,4.076473e+01,4.076473e+01,4.076473e+01,4.076473e+01,4.043336e+01,4.043336e+01,4.043336e+01,4.043336e+01,4.097630e+01,4.097630e+01,4.097630e+01,4.097630e+01,4.043336e+01,4.063230e+01,4.063230e+01,4.063230e+01,4.063230e+01,4.063230e+01,4.063230e+01,4.063230e+01,4.063230e+01,4.063230e+01,4.063230e+01,4.063230e+01,4.063230e+01,4.063230e+01,4.063230e+01,4.008770e+01,4.028725e+01,4.028725e+01,4.028725e+01,4.028725e+01,4.028725e+01,4.028725e+01,4.028725e+01,4.028725e+01,4.028725e+01,4.028725e+01,4.028725e+01,4.028725e+01,3.974099e+01,3.994115e+01,3.994115e+01,3.994115e+01,3.994115e+01,3.994115e+01,3.994115e+01,3.994115e+01,3.994115e+01,3.994115e+01,3.994115e+01,3.994115e+01,3.994115e+01,3.994115e+01,3.994115e+01,3.939320e+01,3.959398e+01,3.959398e+01,3.959398e+01,3.959398e+01,3.959398e+01,3.959398e+01,3.959398e+01,3.959398e+01,3.959398e+01,3.959398e+01,3.959398e+01,3.904433e+01,3.901744e+01,3.901744e+01,3.901744e+01
3.582650e+01,3.618565e+01,3.618565e+01,3.618565e+01,3.618565e+01,3.674962e+01,3.672218e+01,3.679078e+01,3.679078e+01,3.679078e+01,3.679078e+01,3.679078e+01,3.735165e+01,3.733801e+01,3.733801e+01,3.733801e+01,3.733801e+01,3.771946e+01,3.771946e+01,3.827567e+01,3.814026e+01,3.814026e+01,3.814026e+01,3.814026e+01,3.814026e+01,3.814026e+01,3.851897e+01,3.851897e+01,3.851897e+01,3.851897e+01,3.851897e+01,3.851897e+01,3.893676e+01,3.909807e+01,3.929938e+01,3.929938e+01,3.974099e+01,3.999446e+01,4.011433e+01,4.011433e+01,4.011433e+01,4.065880e+01,4.063230e+01,4.073826e+01,4.073826e+01,4.073826e+01,4.073826e+01,4.073826e+01,4.073826e+01,4.073826e+01,4.073826e+01,4.127974e+01,4.108194e+01,4.108194e+01,4.108194e+01,4.108194e+01,4.108194e+01,4.108194e+01,4.108194e+01,4.108194e+01,4.108194e+01,4.053951e+01,4.056602e+01,4.053951e+01,4.053951e+01,4.053951e+01,4.053951e+01,4.053951e+01,4.053951e+01,3.999446e+01,3.999446e+01,3.999446e+01,3.999446e+01,3.999446e+01,3.999446e+01,3.999446e+01,3.999446e+01,3.999446e+01,3.999446e+01,4.035369e+01,4.035369e+01,4.035369e+01,4.089701e+01,4.076473e+01,4.076473e+01,4.076473e+01,4.076473e+01,4.076473e+01,4.130609e+01,4.117429e+01,4.117429e+01,4.117429e+01,4.183178e+01,4.239423e+01,4.294094e+01,4.330399e+01,4.375620e+01,4.418097e+01,4.455298e+01,4.502591e+01,4.540797e+01,4.592812e+01,4.625679e+01,4.681095e+01,4.722488e+01,4.786179e+01,4.833416e+01,4.879233e+01,4.975258e+01,5.021767e+01,5.069316e+01,5.105769e+01,5.185587e+01,5.238515e+01,5.332985e+01,5.381735e+01,5.478674e+01,5.570202e+01,5.592399e+01,5.643654e+01,5.730555e+01,5.792764e+01,5.864968e+01,5.917437e+01,5.962894e+01,6.066854e+01,6.117410e+01,6.161071e+01,6.205704e+01,6.280134e+01,6.334310e+01,6.409137e+01,6.487922e+01,6.543456e+01,6.622559e+01,6.686164e+01,6.787975e+01,6.859337e+01,6.934570e+01,6.990470e+01,7.083853e+01,7.150632e+01,7.225392e+01,7.269857e+01,7.357358e+01,7.428007e+01,7.475937e+01,7.548050e+01,7.622841e+01,7.668140e+01,7.754333e+01,7.822141e+01,7.877756e+01,7.961787e+01,8.025739e+01,8.088448e+01,8.132389e+01,8.215053e+01,8.271209e+01,8.337756e+01,8.385803e+01,8.464288e+01,8.503387e+01,8.549039e+01,8.603083e+01,8.642789e+01,8.675804e+01,8.704049e+01,8.699345e+01,8.737878e+01,8.778192e+01,8.821210e+01,8.858525e+01,8.909695e+01,8.928263e+01,8.963485e+01,8.993087e+01,9.020792e+01,9.045686e+01,9.045686e+01,9.083418e+01,9.083418e+01,9.111890e+01,9.111890e+01,9.111890e+01,9.163202e+01,9.163202e+01,9.163202e+01,9.163202e+01,9.163202e+01,9.163202e+01,9.163202e+01,9.163202e+01,9.163202e+01,9.163202e+01,9.163202e+01,9.163202e+01,9.163202e+01,9.163202e+01,9.163202e+01,9.163202e+01,9.163202e+01,9.163202e+01,9.163202e+01,9.163202e+01,9.163202e+01,9.163202e+01,9.163202e+01,9.163202e+01,9.135733e+01,9.135733e+01,9.135733e+01,9.135733e+01,9.135733e+01,9.135733e+01,9.135733e+01,9.135733e+01,9.111890e+01,9.111890e+01,9.111890e+01,9.111890e+01,9.111890e+01,9.111890e+01,9.082499e+01,9.082499e+01,9.082499e+01,9.082499e+01,9.082499e+01,9.044765e+01,9.053976e+01,9.053976e+01,9.053976e+01,9.053976e+01,9.053976e+01,9.053976e+01,9.053976e+01,9.053976e+01,9.016177e+01,9.017101e+01,9.017101e+01,9.017101e+01,9.017101e+01,9.017101e+01,9.017101e+01,9.017101e+01,9.017101e+01,9.017101e+01,8.985692e+01,8.985692e+01,8.985692e+01,8.985692e+01,8.985692e+01,8.960707e+01,8.960707e+01,8.960707e+01,8.960707e+01,8.960707e+01,8.922695e+01,8.922695e+01,8.922695e+01,8.922695e+01,8.922695e+01,8.922695e+01,8.922695e+01,8.922695e+01,8.922695e+01,8.902262e+01,8.878082e+01,8.878082e+01,8.878082e+01,8.878082e+01,8.878082e+01,8.839878e+01,8.844542e+01,8.844542e+01,8.844542e+01,8.844542e+01,8.844542e+01,8.844542e+01,8.844542e+01,8.844542e+01,8.844542e+01,8.844542e+01,8.844542e+01,8.796909e+01,8.796909e+01,8.835213e+01,8.810934e+01,8.810934e+01,8.810934e+01,8.810934e+01,8.810934e+01,8.810934e+01,8.810934e+01,8.810934e+01,8.810934e+01,8.810934e+01,8.810934e+01,8.810934e+01,8.810934e+01,8.772573e+01,8.786618e+01,8.786618e+01,8.786618e+01,8.786618e+01,8.786618e+01,8.786618e+01,8.786618e+01,8.824945e+01,8.810934e+01,8.810934e+01,8.810934e+01,8.810934e+01,8.810934e+01,8.810934e+01,8.810934e+01,8.810934e+01,8.810934e+01,8.810934e+01,8.810934e+01,8.810934e+01,8.810934e+01,8.810934e+01,8.810934e+01,8.810934e+01,8.810934e+01,8.810934e+01,8.810934e+01,8.810934e+01,8.810934e+01,8.810934e+01,8.810934e+01,8.810934e+01,8.810934e+01,8.810934e+01,8.810934e+01,8.849204e+01,8.824945e+01,8.810934e+01,8.828680e+01,8.826813e+01,8.814671e+01,8.814671e+01,8.814671e+01,8.814671e+01,8.814671e+01,8.814671e+01,8.852933e+01,8.828680e+01,8.846407e+01,8.840811e+01,8.828680e+01,8.828680e+01,8.828680e+01,8.828680e+01,8.790361e+01,8.793168e+01,8.793168e+01,8.793168e+01,8.793168e+01,8.765077e+01,8.744447e+01,8.744447e+01,8.744447e+01,8.702168e+01,8.704990e+01,8.677689e+01,8.668264e+01,8.645622e+01,8.625784e+01,8.620113e+01,8.610654e+01,8.571816e+01,8.534786e+01,8.537638e+01,8.508148e+01,8.482419e+01,8.467152e+01,8.455693e+01,8.436576e+01,8.395396e+01,8.372365e+01,8.341605e+01,8.305964e+01,8.281837e+01,8.244124e+01,8.217962e+01,8.199525e+01,8.148956e+01,8.101154e+01,8.044382e+01,8.014935e+01,7.942057e+01,7.890638e+01,7.852953e+01,7.775306e+01,7.733331e+01,7.695253e+01,7.617799e+01,7.615781e+01,7.527772e+01,7.483063e+01,7.409609e+01,7.369669e+01,7.287399e+01,7.248158e+01,7.185983e+01,7.117281e+01,7.080715e+01,7.034615e+01,6.947245e+01,6.893294e+01,6.838072e+01,6.765533e+01,6.685088e+01,6.646310e+01,6.569512e+01,6.533672e+01,6.458430e+01,6.414623e+01,6.333207e+01,6.245747e+01,6.206818e+01,6.116289e+01,6.070231e+01,5.992357e+01,5.906049e+01,5.852389e+01,5.766304e+01,5.686598e+01,5.633187e+01,5.550310e+01,5.498678e+01,5.417286e+01,5.366298e+01,5.267290e+01,5.210876e+01,5.159038e+01,5.116683e+01,5.021767e+01,4.971579e+01,4.895290e+01,4.838377e+01,4.753751e+01,4.755000e+01,4.679838e+01,4.618103e+01,4.586481e+01,4.548423e+01,4.500039e+01,4.480885e+01,4.448893e+01,4.419382e+01,4.365300e+01,4.309667e+01,4.281101e+01,4.239423e+01,4.201521e+01,4.164807e+01,4.172684e+01,4.127974e+01,4.093666e+01,4.056602e+01,4.036697e+01,4.011433e+01,3.992781e+01,3.937980e+01,3.939320e+01,3.919206e+01,3.919206e+01,3.919206e+01,3.864043e+01,3.884256e+01,3.884256e+01,3.884256e+01,3.884256e+01,3.884256e+01,3.884256e+01,3.939320e+01,3.933960e+01,3.933960e+01,3.933960e+01,3.933960e+01,3.933960e+01,3.933960e+01,3.988781e+01,3.968755e+01,3.968755e+01,4.023407e+01,4.010102e+01,4.010102e+01,4.010102e+01,4.010102e+01,4.010102e+01,4.010102e+01,4.010102e+01,4.010102e+01,4.010102e+01,4.010102e+01,4.010102e+01,4.010102e+01,4.010102e+01,4.010102e+01,4.010102e+01,4.010102e+01,4.010102e+01,4.064555e+01,4.052624e+01,4.052624e+01,4.052624e+01,4.052624e+01,4.052624e+01,4.109513e+01,4.109513e+01,4.109513e+01,4.109513e+01,4.109513e+01,4.163493e+01,4.156924e+01,4.156924e+01,4.156924e+01,4.156924e+01,4.210681e+01,4.204139e+01,4.204139e+01,4.204139e+01,4.204139e+01,4.204139e+01,4.204139e+01,4.204139e+01,4.204139e+01,4.150351e+01,4.160866e+01,4.163493e+01,4.163493e+01,4.163493e+01,4.163493e+01,4.163493e+01,4.163493e+01,4.163493e+01,4.163493e+01,4.109513e+01,4.120066e+01,4.124021e+01,4.124021e+01,4.124021e+01,4.124021e+01,4.124021e+01,4.124021e+01,4.124021e+01,4.124021e+01,4.124021e+01,4.076473e+01,4.076473e+01,4.076473e+01,4.076473e+01,4.076473e+01,4.076473e+01,4.076473e+01,4.076473e+01,4.076473e+01,4.076473e+01,4.076473e+01,4.076473e+01,4.076473e+01,4.076473e+01,4.076473e+01,4.076473e+01,4.076473e+01,4.076473e+01,4.076473e+01,4.076473e+01,4.076473e+01,4.076473e+01,4.076473e+01,4.076473e+01,4.076473e+01,4.076473e+01,4.076473e+01,4.076473e+01,4.076473e+01,4.076473e+01,4.076473e+01,4.076473e+01,4.076473e+01,4.076473e+01,4.076473e+01,4.076473e+01,4.076473e+01,4.076473e+01,4.076473e+01,4.076473e+01,4.076473e+01,4.076473e+01,4.076473e+01,4.022078e+01,4.024737e+01,4.024737e+01,4.024737e+01,4.024737e+01,4.024737e+01,4.024737e+01,4.024737e+01,4.024737e+01,4.024737e+01,4.024737e+01,4.024737e+01,4.024737e+01,4.024737e+01,4.024737e+01,4.024737e+01,4.024737e+01,4.024737e+01,3.994115e+01,3.994115e+01,3.994115e+01,3.994115e+01,3.994115e+01,3.994115e+01,3.994115e+01,3.994115e+01,3.994115e+01,3.994115e+01,3.994115e+01,3.994115e+01,3.959398e+01,3.959398e+01,3.959398e+01,3.959398e+01,3.959398e+01,3.959398e+01,3.959398e+01,3.959398e+01,3.959398e+01,3.959398e+01,3.959398e+01,3.959398e+01,3.959398e+01,3.901744e+01,3.901744e+01
3.595095e+01,3.613047e+01,3.613047e+01,3.613047e+01,3.613047e+01,3.674962e+01,3.674962e+01,3.674962e+01,3.674962e+01,3.674962e+01,3.674962e+01,3.674962e+01,3.735165e+01,3.735165e+01,3.735165e+01,3.735165e+01,3.735165e+01,3.735165e+01,3.771946e+01,3.811316e+01,3.811316e+01,3.811316e+01,3.811316e+01,3.811316e+01,3.811316e+01,3.866740e+01,3.853247e+01,3.853247e+01,3.853247e+01,3.853247e+01,3.853247e+01,3.908464e+01,3.895021e+01,3.895021e+01,3.895021e+01,3.929938e+01,3.958060e+01,3.958060e+01,4.011433e+01,4.011433e+01,4.011433e+01,4.065880e+01,4.065880e+01,4.065880e+01,4.065880e+01,4.065880e+01,4.065880e+01,4.065880e+01,4.065880e+01,4.065880e+01,4.065880e+01,4.065880e+01,4.108194e+01,4.108194e+01,4.108194e+01,4.108194e+01,4.108194e+01,4.108194e+01,4.108194e+01,4.108194e+01,4.108194e+01,4.053951e+01,4.053951e+01,4.053951e+01,4.053951e+01,4.053951e+01,4.053951e+01,4.053951e+01,3.999446e+01,4.012764e+01,4.012764e+01,4.012764e+01,4.012764e+01,3.958060e+01,3.978105e+01,3.978105e+01,3.978105e+01,3.978105e+01,4.032712e+01,4.031383e+01,4.031383e+01,4.085734e+01,4.076473e+01,4.076473e+01,4.076473e+01,4.076473e+01,4.076473e+01,4.076473e+01,4.076473e+01,4.117429e+01,4.117429e+01,4.171371e+01,4.197593e+01,4.240727e+01,4.291497e+01,4.342044e+01,4.376910e+01,4.415527e+01,4.466819e+01,4.500039e+01,4.552234e+01,4.590280e+01,4.637035e+01,4.682351e+01,4.723740e+01,4.787424e+01,4.834657e+01,4.880469e+01,4.926109e+01,5.011990e+01,5.057142e+01,5.156621e+01,5.198840e+01,5.238515e+01,5.332985e+01,5.381735e+01,5.478674e+01,5.556164e+01,5.600567e+01,5.643654e+01,5.730555e+01,5.792764e+01,5.864968e+01,5.917437e+01,5.978767e+01,6.056720e+01,6.107314e+01,6.151008e+01,6.241304e+01,6.286780e+01,6.380575e+01,6.421203e+01,6.489013e+01,6.544543e+01,6.667867e+01,6.690466e+01,6.778361e+01,6.851898e+01,6.929284e+01,6.987312e+01,7.082807e+01,7.151673e+01,7.227463e+01,7.271922e+01,7.359411e+01,7.430050e+01,7.519653e+01,7.559191e+01,7.625864e+01,7.671155e+01,7.757331e+01,7.825125e+01,7.880730e+01,7.964745e+01,8.028683e+01,8.091381e+01,8.175234e+01,8.225718e+01,8.275074e+01,8.341605e+01,8.389641e+01,8.468107e+01,8.507196e+01,8.552837e+01,8.606869e+01,8.646566e+01,8.673920e+01,8.698404e+01,8.716273e+01,8.741632e+01,8.781937e+01,8.824945e+01,8.862252e+01,8.898544e+01,8.934757e+01,8.999556e+01,9.005098e+01,9.024482e+01,9.042001e+01,9.059500e+01,9.072383e+01,9.083418e+01,9.108219e+01,9.108219e+01,9.145811e+01,9.154050e+01,9.154050e+01,9.154050e+01,9.154050e+01,9.154050e+01,9.154050e+01,9.154050e+01,9.154050e+01,9.154050e+01,9.154050e+01,9.154050e+01,9.154050e+01,9.154050e+01,9.154050e+01,9.154050e+01,9.154050e+01,9.154050e+01,9.154050e+01,9.154050e+01,9.154050e+01,9.154050e+01,9.154050e+01,9.154050e+01,9.154050e+01,9.154050e+01,9.154050e+01,9.116478e+01,9.130234e+01,9.130234e+01,9.130234e+01,9.130234e+01,9.130234e+01,9.130234e+01,9.130234e+01,9.092608e+01,9.106384e+01,9.106384e+01,9.106384e+01,9.082499e+01,9.082499e+01,9.082499e+01,9.082499e+01,9.082499e+01,9.082499e+01,9.082499e+01,9.082499e+01,9.082499e+01,9.053976e+01,9.053976e+01,9.053976e+01,9.053976e+01,9.053976e+01,9.053976e+01,9.017101e+01,9.017101e+01,9.017101e+01,9.017101e+01,9.017101e+01,9.017101e+01,9.017101e+01,8.979218e+01,8.986617e+01,8.994936e+01,8.994936e+01,8.994936e+01,8.994936e+01,8.994936e+01,8.960707e+01,8.960707e+01,8.960707e+01,8.960707e+01,8.960707e+01,8.960707e+01,8.922695e+01,8.922695e+01,8.922695e+01,8.922695e+01,8.922695e+01,8.922695e+01,8.922695e+01,8.922695e+01,8.902262e+01,8.881804e+01,8.881804e+01,8.881804e+01,8.881804e+01,8.881804e+01,8.878082e+01,8.853865e+01,8.853865e+01,8.853865e+01,8.853865e+01,8.853865e+01,8.853865e+01,8.853865e+01,8.853865e+01,8.815605e+01,8.829613e+01,8.811868e+01,8.806260e+01,8.824011e+01,8.824945e+01,8.814671e+01,8.814671e+01,8.814671e+01,8.814671e+01,8.814671e+01,8.814671e+01,8.814671e+01,8.814671e+01,8.814671e+01,8.814671e+01,8.814671e+01,8.814671e+01,8.814671e+01,8.814671e+01,8.814671e+01,8.814671e+01,8.814671e+01,8.814671e+01,8.814671e+01,8.814671e+01,8.814671e+01,8.814671e+01,8.814671e+01,8.814671e+01,8.814671e+01,8.814671e+01,8.814671e+01,8.814671e+01,8.814671e+01,8.814671e+01,8.814671e+01,8.814671e+01,8.814671e+01,8.814671e+01,8.814671e+01,8.814671e+01,8.814671e+01,8.814671e+01,8.814671e+01,8.814671e+01,8.814671e+01,8.814671e+01,8.814671e+01,8.814671e+01,8.814671e+01,8.814671e+01,8.814671e+01,8.814671e+01,8.814671e+01,8.814671e+01,8.814671e+01,8.814671e+01,8.814671e+01,8.852933e+01,8.826813e+01,8.826813e+01,8.826813e+01,8.826813e+01,8.826813e+01,8.826813e+01,8.826813e+01,8.826813e+01,8.826813e+01,8.826813e+01,8.826813e+01,8.826813e+01,8.826813e+01,8.826813e+01,8.826813e+01,8.826813e+01,8.793168e+01,8.793168e+01,8.793168e+01,8.765077e+01,8.748200e+01,8.748200e+01,8.748200e+01,8.748200e+01,8.704990e+01,8.681457e+01,8.660720e+01,8.641846e+01,8.629565e+01,8.629565e+01,8.590773e+01,8.566125e+01,8.585088e+01,8.564227e+01,8.530033e+01,8.503387e+01,8.473833e+01,8.473833e+01,8.436576e+01,8.396355e+01,8.369483e+01,8.330054e+01,8.306928e+01,8.271209e+01,8.245092e+01,8.222810e+01,8.225718e+01,8.154800e+01,8.103108e+01,8.047323e+01,8.046342e+01,7.952911e+01,7.897569e+01,7.855931e+01,7.774308e+01,7.770315e+01,7.700269e+01,7.634933e+01,7.573359e+01,7.558179e+01,7.492219e+01,7.415745e+01,7.372746e+01,7.287399e+01,7.245056e+01,7.182867e+01,7.114151e+01,7.077576e+01,7.031466e+01,6.944077e+01,6.890114e+01,6.834880e+01,6.762324e+01,6.725905e+01,6.652781e+01,6.573850e+01,6.535847e+01,6.458430e+01,6.412429e+01,6.330999e+01,6.243526e+01,6.204590e+01,6.114046e+01,6.067980e+01,5.990093e+01,5.903770e+01,5.850101e+01,5.764000e+01,5.684280e+01,5.630860e+01,5.547967e+01,5.496326e+01,5.414919e+01,5.363921e+01,5.264894e+01,5.208469e+01,5.156621e+01,5.114259e+01,5.019323e+01,4.969125e+01,4.892821e+01,4.835897e+01,4.768728e+01,4.745005e+01,4.677325e+01,4.619366e+01,4.582681e+01,4.586481e+01,4.494934e+01,4.465540e+01,4.443766e+01,4.406528e+01,4.362718e+01,4.310964e+01,4.277200e+01,4.287599e+01,4.232896e+01,4.194973e+01,4.155610e+01,4.129292e+01,4.091023e+01,4.061905e+01,4.061905e+01,4.011433e+01,3.967419e+01,3.954047e+01,3.954047e+01,3.954047e+01,3.919206e+01,3.893676e+01,3.880216e+01,3.880216e+01,3.880216e+01,3.880216e+01,3.880216e+01,3.880216e+01,3.880216e+01,3.939320e+01,3.939320e+01,3.939320e+01,3.939320e+01,3.939320e+01,3.994115e+01,3.983444e+01,3.975434e+01,3.975434e+01,3.975434e+01,3.975434e+01,4.010102e+01,4.010102e+01,4.010102e+01,4.010102e+01,4.010102e+01,4.010102e+01,4.010102e+01,4.010102e+01,4.010102e+01,4.010102e+01,4.010102e+01,4.010102e+01,4.010102e+01,4.010102e+01,4.010102e+01,4.010102e+01,4.010102e+01,4.010102e+01,4.010102e+01,4.052624e+01,4.052624e+01,4.052624e+01,4.052624e+01,4.109513e+01,4.109513e+01,4.109513e+01,4.109513e+01,4.109513e+01,4.109513e+01,4.156924e+01,4.156924e+01,4.156924e+01,4.210681e+01,4.197593e+01,4.197593e+01,4.197593e+01,4.197593e+01,4.197593e+01,4.197593e+01,4.197593e+01,4.197593e+01,4.197593e+01,4.197593e+01,4.197593e+01,4.197593e+01,4.197593e+01,4.163493e+01,4.163493e+01,4.163493e+01,4.163493e+01,4.163493e+01,4.163493e+01,4.163493e+01,4.163493e+01,4.124021e+01,4.124021e+01,4.124021e+01,4.124021e+01,4.124021e+01,4.124021e+01,4.124021e+01,4.124021e+01,4.124021e+01,4.076473e+01,4.076473e+01,4.076473e+01,4.076473e+01,4.076473e+01,4.076473e+01,4.076473e+01,4.076473e+01,4.076473e+01,4.076473e+01,4.076473e+01,4.076473e+01,4.076473e+01,4.076473e+01,4.076473e+01,4.076473e+01,4.076473e+01,4.076473e+01,4.076473e+01,4.076473e+01,4.076473e+01,4.076473e+01,4.076473e+01,4.076473e+01,4.076473e+01,4.076473e+01,4.076473e+01,4.076473e+01,4.076473e+01,4.076473e+01,4.076473e+01,4.076473e+01,4.076473e+01,4.076473e+01,4.076473e+01,4.076473e+01,4.076473e+01,4.076473e+01,4.076473e+01,4.076473e+01,4.076473e+01,4.076473e+01,4.022078e+01,4.035369e+01,4.035369e+01,4.035369e+01,4.035369e+01,4.035369e+01,4.035369e+01,4.035369e+01,4.035369e+01,4.035369e+01,4.035369e+01,4.035369e+01,4.035369e+01,4.035369e+01,4.035369e+01,3.980775e+01,4.015426e+01,4.015426e+01,4.015426e+01,4.015426e+01,4.015426e+01,4.015426e+01,4.015426e+01,3.960735e+01,3.980775e+01,3.980775e+01,3.980775e+01,3.980775e+01,3.980775e+01,3.980775e+01,3.980775e+01,3.980775e+01,3.980775e+01,3.980775e+01,3.980775e+01,3.980775e+01,3.980775e+01,3.980775e+01,3.980775e+01,3.925914e+01,3.946016e+01,3.946016e+01,3.946016e+01,3.946016e+01,3.946016e+01,3.946016e+01
3.595095e+01,3.595095e+01,3.595095e+01,3.651613e+01,3.650238e+01,3.658486e+01,3.658486e+01,3.658486e+01,3.658486e+01,3.658486e+01,3.658486e+01,3.714679e+01,3.718779e+01,3.718779e+01,3.718779e+01,3.774666e+01,3.754252e+01,3.770586e+01,3.777385e+01,3.805894e+01,3.805894e+01,3.805894e+01,3.805894e+01,3.805894e+01,3.805894e+01,3.811316e+01,3.846495e+01,3.846495e+01,3.846495e+01,3.846495e+01,3.846495e+01,3.908464e+01,3.908464e+01,3.908464e+01,3.908464e+01,3.908464e+01,3.958060e+01,3.983444e+01,3.995448e+01,3.995448e+01,3.995448e+01,4.065880e+01,4.065880e+01,4.065880e+01,4.065880e+01,4.065880e+01,4.065880e+01,4.065880e+01,4.065880e+01,4.065880e+01,4.065880e+01,4.065880e+01,4.065880e+01,4.065880e+01,4.108194e+01,4.108194e+01,4.108194e+01,4.108194e+01,4.108194e+01,4.108194e+01,4.108194e+01,4.053951e+01,4.053951e+01,4.053951e+01,4.053951e+01,4.053951e+01,4.053951e+01,3.999446e+01,4.012764e+01,4.012764e+01,4.012764e+01,4.012764e+01,4.012764e+01,3.958060e+01,3.958060e+01,3.958060e+01,4.012764e+01,4.011433e+01,4.016756e+01,4.016756e+01,4.016756e+01,4.085734e+01,4.085734e+01,4.085734e+01,4.085734e+01,4.085734e+01,4.085734e+01,4.085734e+01,4.085734e+01,4.085734e+01,4.117429e+01,4.101593e+01,4.183178e+01,4.228979e+01,4.282401e+01,4.331693e+01,4.370461e+01,4.421951e+01,4.465540e+01,4.511517e+01,4.550964e+01,4.601670e+01,4.639558e+01,4.684864e+01,4.726244e+01,4.789914e+01,4.837137e+01,4.933494e+01,4.947022e+01,5.015657e+01,5.060796e+01,5.160246e+01,5.202452e+01,5.291219e+01,5.346083e+01,5.435025e+01,5.491621e+01,5.513955e+01,5.595900e+01,5.643654e+01,5.735173e+01,5.844379e+01,5.877534e+01,5.923128e+01,5.984431e+01,6.062352e+01,6.112924e+01,6.156599e+01,6.246858e+01,6.292315e+01,6.340929e+01,6.416817e+01,6.489013e+01,6.559747e+01,6.659248e+01,6.692616e+01,6.782635e+01,6.856149e+01,6.933512e+01,6.991523e+01,7.086990e+01,7.155836e+01,7.231605e+01,7.276051e+01,7.363515e+01,7.434135e+01,7.482045e+01,7.554128e+01,7.623849e+01,7.713302e+01,7.768318e+01,7.829104e+01,7.884694e+01,7.968687e+01,8.032610e+01,8.095291e+01,8.179123e+01,8.229595e+01,8.278939e+01,8.345453e+01,8.393478e+01,8.471925e+01,8.511005e+01,8.556635e+01,8.610654e+01,8.645622e+01,8.675804e+01,8.694640e+01,8.723791e+01,8.751014e+01,8.785682e+01,8.828680e+01,8.865977e+01,8.902262e+01,8.938467e+01,8.987541e+01,9.004175e+01,9.019869e+01,9.042001e+01,9.079741e+01,9.103629e+01,9.096282e+01,9.104547e+01,9.121982e+01,9.133900e+01,9.133900e+01,9.133900e+01,9.154050e+01,9.154050e+01,9.154050e+01,9.154050e+01,9.154050e+01,9.191540e+01,9.167776e+01,9.167776e+01,9.167776e+01,9.167776e+01,9.167776e+01,9.167776e+01,9.167776e+01,9.167776e+01,9.167776e+01,9.167776e+01,9.167776e+01,9.167776e+01,9.167776e+01,9.167776e+01,9.167776e+01,9.167776e+01,9.167776e+01,9.130234e+01,9.127484e+01,9.127484e+01,9.127484e+01,9.127484e+01,9.127484e+01,9.127484e+01,9.127484e+01,9.127484e+01,9.127484e+01,9.106384e+01,9.106384e+01,9.106384e+01,9.106384e+01,9.082499e+01,9.082499e+01,9.082499e+01,9.082499e+01,9.082499e+01,9.044765e+01,9.068703e+01,9.057659e+01,9.056738e+01,9.056738e+01,9.056738e+01,9.056738e+01,9.056738e+01,9.056738e+01,9.056738e+01,9.017101e+01,9.017101e+01,9.017101e+01,9.017101e+01,9.017101e+01,9.017101e+01,9.017101e+01,9.017101e+01,9.017101e+01,8.994936e+01,8.994936e+01,8.994936e+01,8.957002e+01,8.966262e+01,8.966262e+01,8.966262e+01,8.966262e+01,8.966262e+01,8.966262e+01,8.960707e+01,8.936612e+01,8.936612e+01,8.936612e+01,8.936612e+01,8.936612e+01,8.898544e+01,8.899474e+01,8.895755e+01,8.885526e+01,8.885526e+01,8.885526e+01,8.885526e+01,8.885526e+01,8.885526e+01,8.885526e+01,8.853865e+01,8.853865e+01,8.853865e+01,8.853865e+01,8.853865e+01,8.853865e+01,8.853865e+01,8.853865e+01,8.853865e+01,8.850137e+01,8.820276e+01,8.820276e+01,8.820276e+01,8.820276e+01,8.820276e+01,8.820276e+01,8.820276e+01,8.820276e+01,8.820276e+01,8.820276e+01,8.820276e+01,8.820276e+01,8.820276e+01,8.820276e+01,8.820276e+01,8.820276e+01,8.820276e+01,8.820276e+01,8.820276e+01,8.820276e+01,8.820276e+01,8.820276e+01,8.820276e+01,8.820276e+01,8.820276e+01,8.820276e+01,8.820276e+01,8.820276e+01,8.820276e+01,8.820276e+01,8.820276e+01,8.820276e+01,8.820276e+01,8.820276e+01,8.820276e+01,8.820276e+01,8.820276e+01,8.820276e+01,8.820276e+01,8.820276e+01,8.820276e+01,8.820276e+01,8.820276e+01,8.820276e+01,8.820276e+01,8.820276e+01,8.820276e+01,8.820276e+01,8.820276e+01,8.820276e+01,8.820276e+01,8.820276e+01,8.820276e+01,8.820276e+01,8.820276e+01,8.858525e+01,8.850137e+01,8.830547e+01,8.830547e+01,8.830547e+01,8.830547e+01,8.868771e+01,8.844542e+01,8.844542e+01,8.844542e+01,8.844542e+01,8.844542e+01,8.844542e+01,8.844542e+01,8.844542e+01,8.806260e+01,8.819342e+01,8.801585e+01,8.804391e+01,8.804391e+01,8.766015e+01,8.767889e+01,8.767889e+01,8.767889e+01,8.748200e+01,8.730366e+01,8.705930e+01,8.679573e+01,8.664493e+01,8.664493e+01,8.629565e+01,8.611600e+01,8.591721e+01,8.609708e+01,8.588879e+01,8.558533e+01,8.530984e+01,8.501482e+01,8.478604e+01,8.460469e+01,8.432750e+01,8.397313e+01,8.360837e+01,8.331017e+01,8.337756e+01,8.262508e+01,8.242188e+01,8.227657e+01,8.209232e+01,8.150905e+01,8.099200e+01,8.060064e+01,8.002157e+01,7.954884e+01,7.895589e+01,7.851960e+01,7.787277e+01,7.764324e+01,7.696256e+01,7.630904e+01,7.586503e+01,7.552103e+01,7.488150e+01,7.411655e+01,7.368644e+01,7.325507e+01,7.250227e+01,7.184945e+01,7.113107e+01,7.074438e+01,7.028316e+01,6.940909e+01,6.886933e+01,6.831687e+01,6.759114e+01,6.722687e+01,6.649545e+01,6.570597e+01,6.532584e+01,6.455150e+01,6.409137e+01,6.327688e+01,6.240193e+01,6.201247e+01,6.110681e+01,6.064603e+01,5.986696e+01,5.900351e+01,5.846668e+01,5.760544e+01,5.680803e+01,5.627368e+01,5.544453e+01,5.492798e+01,5.411368e+01,5.360356e+01,5.310329e+01,5.215687e+01,5.160246e+01,5.064448e+01,5.005876e+01,4.965444e+01,4.889117e+01,4.832175e+01,4.784933e+01,4.737504e+01,4.673553e+01,4.620629e+01,4.590280e+01,4.566199e+01,4.496211e+01,4.473215e+01,4.436071e+01,4.394947e+01,4.358844e+01,4.312261e+01,4.285000e+01,4.262885e+01,4.234202e+01,4.192353e+01,4.162180e+01,4.120066e+01,4.087056e+01,4.068529e+01,4.043336e+01,4.061905e+01,4.010102e+01,3.978105e+01,3.923232e+01,3.924573e+01,3.923232e+01,3.923232e+01,3.880216e+01,3.880216e+01,3.880216e+01,3.880216e+01,3.880216e+01,3.935300e+01,3.924573e+01,3.925914e+01,3.925914e+01,3.925914e+01,3.980775e+01,3.979440e+01,3.978105e+01,3.978105e+01,3.978105e+01,3.978105e+01,3.978105e+01,3.978105e+01,4.010102e+01,4.010102e+01,4.010102e+01,4.010102e+01,4.010102e+01,4.010102e+01,4.010102e+01,4.010102e+01,4.010102e+01,4.010102e+01,4.010102e+01,4.010102e+01,4.010102e+01,4.010102e+01,4.010102e+01,4.010102e+01,4.010102e+01,4.010102e+01,4.010102e+01,4.052624e+01,4.052624e+01,4.052624e+01,4.052624e+01,4.109513e+01,4.109513e+01,4.109513e+01,4.109513e+01,4.109513e+01,4.109513e+01,4.156924e+01,4.156924e+01,4.156924e+01,4.210681e+01,4.210681e+01,4.210681e+01,4.210681e+01,4.210681e+01,4.210681e+01,4.210681e+01,4.210681e+01,4.210681e+01,4.210681e+01,4.156924e+01,4.175309e+01,4.175309e+01,4.175309e+01,4.175309e+01,4.175309e+01,4.175309e+01,4.175309e+01,4.121385e+01,4.139826e+01,4.139826e+01,4.139826e+01,4.139826e+01,4.139826e+01,4.139826e+01,4.139826e+01,4.139826e+01,4.085734e+01,4.104234e+01,4.104234e+01,4.104234e+01,4.104234e+01,4.104234e+01,4.104234e+01,4.104234e+01,4.104234e+01,4.104234e+01,4.076473e+01,4.076473e+01,4.076473e+01,4.076473e+01,4.076473e+01,4.076473e+01,4.076473e+01,4.076473e+01,4.076473e+01,4.076473e+01,4.076473e+01,4.076473e+01,4.076473e+01,4.076473e+01,4.076473e+01,4.076473e+01,4.076473e+01,4.076473e+01,4.076473e+01,4.076473e+01,4.076473e+01,4.076473e+01,4.076473e+01,4.076473e+01,4.076473e+01,4.076473e+01,4.076473e+01,4.076473e+01,4.076473e+01,4.076473e+01,4.076473e+01,4.076473e+01,4.076473e+01,4.076473e+01,4.076473e+01,4.076473e+01,4.076473e+01,4.076473e+01,4.076473e+01,4.035369e+01,4.035369e+01,4.035369e+01,4.035369e+01,4.035369e+01,4.035369e+01,4.035369e+01,4.035369e+01,4.035369e+01,4.035369e+01,4.035369e+01,4.035369e+01,4.035369e+01,4.035369e+01,3.980775e+01,3.999446e+01,3.999446e+01,3.999446e+01,3.999446e+01,3.999446e+01,3.999446e+01,3.999446e+01,3.999446e+01,3.999446e+01,3.999446e+01,3.999446e+01,3.999446e+01,3.999446e+01,3.999446e+01,3.944677e+01,3.963409e+01,3.963409e+01,3.963409e+01,3.963409e+01,3.963409e+01,3.963409e+01,3.963409e+01,3.963409e+01,3.908464e+01,3.927256e+01,3.927256e+01,3.927256e+01,3.927256e+01
3.595095e+01,3.595095e+01,3.595095e+01,3.651613e+01,3.651613e+01,3.651613e+01,3.651613e+01,3.651613e+01,3.651613e+01,3.651613e+01,3.651613e+01,3.658486e+01,3.698262e+01,3.698262e+01,3.754252e+01,3.758338e+01,3.758338e+01,3.758338e+01,3.814026e+01,3.809961e+01,3.809961e+01,3.809961e+01,3.809961e+01,3.809961e+01,3.809961e+01,3.809961e+01,3.809961e+01,3.846495e+01,3.846495e+01,3.846495e+01,3.846495e+01,3.908464e+01,3.908464e+01,3.908464e+01,3.908464e+01,3.908464e+01,3.958060e+01,3.958060e+01,3.995448e+01,3.995448e+01,3.995448e+01,4.065880e+01,4.065880e+01,4.065880e+01,4.065880e+01,4.065880e+01,4.065880e+01,4.065880e+01,4.065880e+01,4.065880e+01,4.065880e+01,4.120066e+01,4.085734e+01,4.101593e+01,4.104234e+01,4.104234e+01,4.104234e+01,4.104234e+01,4.104234e+01,4.104234e+01,4.104234e+01,4.053951e+01,4.053951e+01,4.053951e+01,4.053951e+01,4.053951e+01,4.053951e+01,4.053951e+01,4.012764e+01,4.012764e+01,4.012764e+01,4.012764e+01,3.958060e+01,3.971427e+01,3.971427e+01,3.971427e+01,3.971427e+01,3.971427e+01,4.016756e+01,4.016756e+01,4.016756e+01,4.085734e+01,4.085734e+01,4.085734e+01,4.085734e+01,4.085734e+01,4.085734e+01,4.085734e+01,4.085734e+01,4.085734e+01,4.117429e+01,4.126657e+01,4.240727e+01,4.255069e+01,4.339457e+01,4.343337e+01,4.329104e+01,4.407814e+01,4.456579e+01,4.501315e+01,4.550964e+01,4.600405e+01,4.648381e+01,4.689887e+01,4.782441e+01,4.803603e+01,4.843337e+01,4.917488e+01,4.954394e+01,5.021767e+01,5.066883e+01,5.166284e+01,5.208469e+01,5.297194e+01,5.352032e+01,5.392411e+01,5.456278e+01,5.562015e+01,5.608730e+01,5.648304e+01,5.751324e+01,5.835218e+01,5.877534e+01,5.927679e+01,5.988961e+01,6.066854e+01,6.117410e+01,6.161071e+01,6.205704e+01,6.286780e+01,6.383874e+01,6.428876e+01,6.493376e+01,6.574934e+01,6.650624e+01,6.692616e+01,6.786906e+01,6.860400e+01,6.937740e+01,6.995733e+01,7.091172e+01,7.159998e+01,7.235744e+01,7.280179e+01,7.367618e+01,7.438218e+01,7.486115e+01,7.558179e+01,7.627881e+01,7.717310e+01,7.772311e+01,7.833081e+01,7.888657e+01,7.972629e+01,8.036534e+01,8.099200e+01,8.183012e+01,8.233471e+01,8.282803e+01,8.349300e+01,8.397313e+01,8.475742e+01,8.514812e+01,8.560432e+01,8.614438e+01,8.605923e+01,8.644678e+01,8.684283e+01,8.716273e+01,8.751014e+01,8.789425e+01,8.832413e+01,8.831480e+01,8.897614e+01,8.936612e+01,8.973666e+01,9.004175e+01,9.030939e+01,9.049371e+01,9.077901e+01,9.097201e+01,9.097201e+01,9.134817e+01,9.110973e+01,9.133900e+01,9.133900e+01,9.133900e+01,9.154050e+01,9.154050e+01,9.154050e+01,9.154050e+01,9.191540e+01,9.183318e+01,9.172349e+01,9.172349e+01,9.172349e+01,9.172349e+01,9.172349e+01,9.172349e+01,9.172349e+01,9.172349e+01,9.172349e+01,9.172349e+01,9.172349e+01,9.172349e+01,9.134817e+01,9.158627e+01,9.158627e+01,9.158627e+01,9.158627e+01,9.158627e+01,9.158627e+01,9.158627e+01,9.158627e+01,9.127484e+01,9.127484e+01,9.127484e+01,9.127484e+01,9.127484e+01,9.089851e+01,9.099038e+01,9.099038e+01,9.099038e+01,9.099038e+01,9.099038e+01,9.099038e+01,9.099038e+01,9.061341e+01,9.062262e+01,9.092608e+01,9.083418e+01,9.057659e+01,9.057659e+01,9.057659e+01,9.057659e+01,9.057659e+01,9.019869e+01,9.043843e+01,9.026327e+01,9.026327e+01,9.026327e+01,9.026327e+01,9.026327e+01,9.026327e+01,9.026327e+01,9.026327e+01,8.988465e+01,8.989390e+01,8.992163e+01,8.992163e+01,8.992163e+01,8.957002e+01,8.957002e+01,8.957002e+01,8.957002e+01,8.957002e+01,8.957002e+01,8.957002e+01,8.957002e+01,8.957002e+01,8.936612e+01,8.936612e+01,8.936612e+01,8.936612e+01,8.898544e+01,8.898544e+01,8.898544e+01,8.898544e+01,8.898544e+01,8.898544e+01,8.898544e+01,8.860388e+01,8.873427e+01,8.855729e+01,8.865046e+01,8.865046e+01,8.865046e+01,8.865046e+01,8.865046e+01,8.865046e+01,8.865046e+01,8.826813e+01,8.839878e+01,8.828680e+01,8.823077e+01,8.823077e+01,8.823077e+01,8.823077e+01,8.823077e+01,8.823077e+01,8.823077e+01,8.823077e+01,8.823077e+01,8.823077e+01,8.823077e+01,8.823077e+01,8.823077e+01,8.823077e+01,8.823077e+01,8.823077e+01,8.823077e+01,8.823077e+01,8.823077e+01,8.823077e+01,8.823077e+01,8.823077e+01,8.823077e+01,8.823077e+01,8.823077e+01,8.823077e+01,8.823077e+01,8.823077e+01,8.823077e+01,8.823077e+01,8.823077e+01,8.823077e+01,8.823077e+01,8.823077e+01,8.823077e+01,8.823077e+01,8.823077e+01,8.823077e+01,8.823077e+01,8.823077e+01,8.823077e+01,8.823077e+01,8.823077e+01,8.823077e+01,8.823077e+01,8.823077e+01,8.823077e+01,8.861320e+01,8.837079e+01,8.837079e+01,8.837079e+01,8.837079e+01,8.837079e+01,8.837079e+01,8.837079e+01,8.837079e+01,8.837079e+01,8.837079e+01,8.837079e+01,8.837079e+01,8.837079e+01,8.837079e+01,8.837079e+01,8.875289e+01,8.851069e+01,8.851069e+01,8.851069e+01,8.851069e+01,8.851069e+01,8.812802e+01,8.815605e+01,8.815605e+01,8.815605e+01,8.815605e+01,8.777256e+01,8.777256e+01,8.777256e+01,8.777256e+01,8.738816e+01,8.741632e+01,8.719093e+01,8.703108e+01,8.722851e+01,8.721912e+01,8.682399e+01,8.621058e+01,8.639012e+01,8.618221e+01,8.570868e+01,8.565176e+01,8.554736e+01,8.528131e+01,8.498624e+01,8.483372e+01,8.454738e+01,8.425095e+01,8.394437e+01,8.362759e+01,8.337756e+01,8.319460e+01,8.264442e+01,8.248964e+01,8.227657e+01,8.190785e+01,8.147983e+01,8.096268e+01,8.057124e+01,7.999207e+01,7.951925e+01,7.892619e+01,7.848981e+01,7.789272e+01,7.758331e+01,7.693246e+01,7.627881e+01,7.583471e+01,7.549063e+01,7.485098e+01,7.408587e+01,7.365567e+01,7.322421e+01,7.247124e+01,7.181829e+01,7.109975e+01,7.071297e+01,7.025166e+01,6.937740e+01,6.883752e+01,6.828493e+01,6.755904e+01,6.719468e+01,6.646310e+01,6.567342e+01,6.529321e+01,6.451868e+01,6.405845e+01,6.324376e+01,6.236859e+01,6.197904e+01,6.107314e+01,6.061226e+01,5.983298e+01,5.896931e+01,5.843234e+01,5.757087e+01,5.677325e+01,5.623875e+01,5.588897e+01,5.499854e+01,5.414919e+01,5.360356e+01,5.306748e+01,5.212078e+01,5.156621e+01,5.060796e+01,5.002206e+01,4.961762e+01,4.885411e+01,4.828452e+01,4.781195e+01,4.733752e+01,4.669781e+01,4.623154e+01,4.599140e+01,4.550964e+01,4.511517e+01,4.474494e+01,4.433505e+01,4.391084e+01,4.401382e+01,4.332988e+01,4.312261e+01,4.277200e+01,4.244640e+01,4.198902e+01,4.164807e+01,4.118748e+01,4.093666e+01,4.093666e+01,4.043336e+01,4.036697e+01,4.012764e+01,3.970091e+01,3.939320e+01,3.939320e+01,3.939320e+01,3.884256e+01,3.884256e+01,3.884256e+01,3.884256e+01,3.884256e+01,3.884256e+01,3.884256e+01,3.924573e+01,3.924573e+01,3.924573e+01,3.924573e+01,3.980775e+01,3.980775e+01,3.980775e+01,3.980775e+01,3.980775e+01,3.980775e+01,4.035369e+01,4.024737e+01,4.011433e+01,4.011433e+01,4.011433e+01,4.011433e+01,4.011433e+01,4.011433e+01,4.011433e+01,4.011433e+01,4.011433e+01,4.011433e+01,4.011433e+01,4.011433e+01,4.011433e+01,4.011433e+01,4.011433e+01,4.011433e+01,4.011433e+01,4.011433e+01,4.065880e+01,4.052624e+01,4.052624e+01,4.052624e+01,4.052624e+01,4.109513e+01,4.109513e+01,4.109513e+01,4.109513e+01,4.109513e+01,4.109513e+01,4.156924e+01,4.156924e+01,4.156924e+01,4.210681e+01,4.210681e+01,4.210681e+01,4.210681e+01,4.210681e+01,4.210681e+01,4.210681e+01,4.210681e+01,4.210681e+01,4.210681e+01,4.156924e+01,4.156924e+01,4.156924e+01,4.156924e+01,4.156924e+01,4.156924e+01,4.156924e+01,4.156924e+01,4.156924e+01,4.156924e+01,4.156924e+01,4.156924e+01,4.156924e+01,4.102913e+01,4.121385e+01,4.121385e+01,4.121385e+01,4.121385e+01,4.121385e+01,4.121385e+01,4.121385e+01,4.121385e+01,4.121385e+01,4.067204e+01,4.085734e+01,4.085734e+01,4.085734e+01,4.085734e+01,4.085734e+01,4.085734e+01,4.085734e+01,4.085734e+01,4.085734e+01,4.085734e+01,4.085734e+01,4.031383e+01,4.064555e+01,4.064555e+01,4.064555e+01,4.064555e+01,4.064555e+01,4.064555e+01,4.064555e+01,4.064555e+01,4.064555e+01,4.064555e+01,4.064555e+01,4.064555e+01,4.064555e+01,4.064555e+01,4.064555e+01,4.118748e+01,4.100272e+01,4.100272e+01,4.100272e+01,4.100272e+01,4.100272e+01,4.100272e+01,4.100272e+01,4.100272e+01,4.100272e+01,4.100272e+01,4.045991e+01,4.064555e+01,4.064555e+01,4.064555e+01,4.064555e+01,4.064555e+01,4.064555e+01,4.064555e+01,4.064555e+01,4.064555e+01,4.064555e+01,4.064555e+01,4.035369e+01,4.035369e+01,4.035369e+01,4.035369e+01,4.035369e+01,4.035369e+01,3.980775e+01,4.035369e+01,4.016756e+01,4.016756e+01,4.016756e+01,4.016756e+01,4.016756e+01,4.016756e+01,4.016756e+01,4.016756e+01,4.016756e+01,3.962072e+01,3.980775e+01,3.980775e+01,3.980775e+01,3.980775e+01,3.980775e+01,3.980775e+01,3.980775e+01,3.980775e+01,3.980775e+01,3.980775e+01,3.925914e+01,3.927256e+01,3.924573e+01,3.924573e+01,3.924573e+01,3.924573e+01,3.924573e+01
3.595095e+01,3.595095e+01,3.651613e+01,3.637855e+01,3.637855e+01,3.637855e+01,3.637855e+01,3.637855e+01,3.694154e+01,3.674962e+01,3.674962e+01,3.674962e+01,3.731071e+01,3.729706e+01,3.737894e+01,3.737894e+01,3.737894e+01,3.793685e+01,3.797756e+01,3.797756e+01,3.797756e+01,3.797756e+01,3.797756e+01,3.853247e+01,3.834330e+01,3.834330e+01,3.834330e+01,3.834330e+01,3.834330e+01,3.834330e+01,3.834330e+01,3.853247e+01,3.886948e+01,3.886948e+01,3.886948e+01,3.941999e+01,3.941999e+01,3.956723e+01,3.987447e+01,3.987447e+01,4.042009e+01,4.052624e+01,4.052624e+01,4.052624e+01,4.052624e+01,4.052624e+01,4.052624e+01,4.052624e+01,4.106874e+01,4.088379e+01,4.059254e+01,4.081766e+01,4.085734e+01,4.085734e+01,4.085734e+01,4.085734e+01,4.085734e+01,4.085734e+01,4.085734e+01,4.085734e+01,4.085734e+01,4.085734e+01,4.085734e+01,4.053951e+01,4.053951e+01,4.053951e+01,4.053951e+01,3.999446e+01,4.012764e+01,4.012764e+01,4.012764e+01,4.012764e+01,4.012764e+01,3.971427e+01,3.971427e+01,3.971427e+01,3.971427e+01,4.026067e+01,4.012764e+01,4.012764e+01,4.012764e+01,4.085734e+01,4.085734e+01,4.085734e+01,4.085734e+01,4.085734e+01,4.085734e+01,4.085734e+01,4.085734e+01,4.139826e+01,4.126657e+01,4.150351e+01,4.225061e+01,4.262885e+01,4.323924e+01,4.323924e+01,4.376910e+01,4.421951e+01,4.460420e+01,4.505142e+01,4.554774e+01,4.604200e+01,4.652160e+01,4.693653e+01,4.767481e+01,4.802359e+01,4.852011e+01,4.915023e+01,4.961762e+01,5.025431e+01,5.070533e+01,5.120319e+01,5.201248e+01,5.292414e+01,5.349652e+01,5.392411e+01,5.458637e+01,5.564355e+01,5.611061e+01,5.698180e+01,5.764000e+01,5.838654e+01,5.880959e+01,5.931091e+01,5.992357e+01,6.070231e+01,6.120774e+01,6.164424e+01,6.254630e+01,6.298954e+01,6.388271e+01,6.433258e+01,6.497738e+01,6.579271e+01,6.654937e+01,6.696915e+01,6.791177e+01,6.864648e+01,6.941965e+01,6.999941e+01,7.095353e+01,7.164159e+01,7.239884e+01,7.284306e+01,7.371720e+01,7.442300e+01,7.531830e+01,7.569312e+01,7.632919e+01,7.722318e+01,7.777302e+01,7.838052e+01,7.934158e+01,7.983462e+01,8.042420e+01,8.105062e+01,8.188842e+01,8.239282e+01,8.288596e+01,8.355070e+01,8.403065e+01,8.442313e+01,8.511956e+01,8.562330e+01,8.603083e+01,8.620113e+01,8.649398e+01,8.688991e+01,8.720972e+01,8.755703e+01,8.794103e+01,8.821210e+01,8.876220e+01,8.907837e+01,8.941248e+01,8.978293e+01,9.002327e+01,9.062262e+01,9.054897e+01,9.080660e+01,9.093526e+01,9.110973e+01,9.112808e+01,9.115561e+01,9.130234e+01,9.167776e+01,9.160458e+01,9.157712e+01,9.157712e+01,9.157712e+01,9.157712e+01,9.157712e+01,9.157712e+01,9.157712e+01,9.157712e+01,9.157712e+01,9.157712e+01,9.157712e+01,9.157712e+01,9.195193e+01,9.182404e+01,9.182404e+01,9.144894e+01,9.157712e+01,9.177834e+01,9.162287e+01,9.159542e+01,9.159542e+01,9.159542e+01,9.159542e+01,9.159542e+01,9.159542e+01,9.159542e+01,9.121982e+01,9.131151e+01,9.131151e+01,9.131151e+01,9.131151e+01,9.131151e+01,9.089851e+01,9.127484e+01,9.114643e+01,9.114643e+01,9.114643e+01,9.114643e+01,9.114643e+01,9.114643e+01,9.099038e+01,9.053976e+01,9.073303e+01,9.074223e+01,9.061341e+01,9.061341e+01,9.061341e+01,9.061341e+01,9.061341e+01,9.057659e+01,9.048450e+01,9.048450e+01,9.048450e+01,9.048450e+01,9.026327e+01,9.026327e+01,9.026327e+01,9.026327e+01,9.026327e+01,9.026327e+01,9.026327e+01,8.992163e+01,8.992163e+01,8.992163e+01,8.992163e+01,8.992163e+01,8.957002e+01,8.957002e+01,8.994936e+01,8.971815e+01,8.933829e+01,8.946810e+01,8.936612e+01,8.939394e+01,8.939394e+01,8.939394e+01,8.939394e+01,8.898544e+01,8.898544e+01,8.898544e+01,8.898544e+01,8.898544e+01,8.898544e+01,8.898544e+01,8.898544e+01,8.898544e+01,8.855729e+01,8.855729e+01,8.855729e+01,8.855729e+01,8.855729e+01,8.855729e+01,8.855729e+01,8.855729e+01,8.855729e+01,8.855729e+01,8.855729e+01,8.823077e+01,8.823077e+01,8.823077e+01,8.823077e+01,8.823077e+01,8.823077e+01,8.823077e+01,8.823077e+01,8.823077e+01,8.823077e+01,8.823077e+01,8.823077e+01,8.823077e+01,8.823077e+01,8.823077e+01,8.823077e+01,8.823077e+01,8.823077e+01,8.823077e+01,8.823077e+01,8.823077e+01,8.823077e+01,8.823077e+01,8.823077e+01,8.823077e+01,8.823077e+01,8.823077e+01,8.823077e+01,8.823077e+01,8.823077e+01,8.823077e+01,8.823077e+01,8.823077e+01,8.823077e+01,8.823077e+01,8.823077e+01,8.823077e+01,8.823077e+01,8.823077e+01,8.823077e+01,8.823077e+01,8.823077e+01,8.823077e+01,8.823077e+01,8.861320e+01,8.838012e+01,8.816540e+01,8.832413e+01,8.835213e+01,8.835213e+01,8.835213e+01,8.835213e+01,8.835213e+01,8.835213e+01,8.835213e+01,8.835213e+01,8.835213e+01,8.835213e+01,8.873427e+01,8.850137e+01,8.850137e+01,8.850137e+01,8.850137e+01,8.875289e+01,8.854797e+01,8.854797e+01,8.854797e+01,8.854797e+01,8.854797e+01,8.854797e+01,8.853865e+01,8.830547e+01,8.830547e+01,8.830547e+01,8.815605e+01,8.792233e+01,8.792233e+01,8.792233e+01,8.777256e+01,8.756641e+01,8.737878e+01,8.732244e+01,8.729427e+01,8.672977e+01,8.662606e+01,8.632400e+01,8.628620e+01,8.610654e+01,8.582246e+01,8.582246e+01,8.554736e+01,8.525278e+01,8.502434e+01,8.476696e+01,8.451871e+01,8.422223e+01,8.386763e+01,8.364680e+01,8.343529e+01,8.307893e+01,8.276041e+01,8.249932e+01,8.220871e+01,8.185927e+01,8.143111e+01,8.091381e+01,8.052225e+01,7.994288e+01,7.946992e+01,7.887666e+01,7.844014e+01,7.791266e+01,7.752335e+01,7.688229e+01,7.622841e+01,7.578416e+01,7.543996e+01,7.480009e+01,7.403472e+01,7.360437e+01,7.317275e+01,7.241953e+01,7.176634e+01,7.104755e+01,7.066063e+01,7.019915e+01,6.932455e+01,6.878448e+01,6.823168e+01,6.750552e+01,6.714101e+01,6.640916e+01,6.561917e+01,6.523881e+01,6.446397e+01,6.400356e+01,6.318853e+01,6.231301e+01,6.192329e+01,6.101702e+01,6.055594e+01,5.977634e+01,5.891229e+01,5.837508e+01,5.751324e+01,5.671526e+01,5.626204e+01,5.533904e+01,5.486914e+01,5.409000e+01,5.354411e+01,5.300777e+01,5.206063e+01,5.150578e+01,5.104555e+01,5.007099e+01,4.960534e+01,4.879233e+01,4.822245e+01,4.774963e+01,4.727495e+01,4.714972e+01,4.660974e+01,4.599140e+01,4.553505e+01,4.510242e+01,4.470657e+01,4.421951e+01,4.406528e+01,4.383355e+01,4.348509e+01,4.313557e+01,4.274598e+01,4.232896e+01,4.201521e+01,4.155610e+01,4.134560e+01,4.093666e+01,4.124021e+01,4.081766e+01,4.056602e+01,4.018087e+01,3.971427e+01,3.946016e+01,3.946016e+01,3.890985e+01,3.897711e+01,3.897711e+01,3.897711e+01,3.897711e+01,3.897711e+01,3.897711e+01,3.897711e+01,3.897711e+01,3.897711e+01,3.952709e+01,3.951371e+01,3.964746e+01,3.964746e+01,3.964746e+01,3.964746e+01,3.964746e+01,3.964746e+01,3.980775e+01,4.014095e+01,4.014095e+01,4.014095e+01,4.014095e+01,4.014095e+01,4.014095e+01,4.014095e+01,4.014095e+01,4.014095e+01,4.014095e+01,4.014095e+01,4.014095e+01,4.014095e+01,4.014095e+01,4.014095e+01,4.014095e+01,4.014095e+01,4.014095e+01,4.014095e+01,4.065880e+01,4.065880e+01,4.065880e+01,4.065880e+01,4.065880e+01,4.065880e+01,4.109513e+01,4.109513e+01,4.109513e+01,4.109513e+01,4.163493e+01,4.150351e+01,4.150351e+01,4.150351e+01,4.210681e+01,4.210681e+01,4.210681e+01,4.210681e+01,4.210681e+01,4.210681e+01,4.210681e+01,4.210681e+01,4.210681e+01,4.210681e+01,4.210681e+01,4.210681e+01,4.156924e+01,4.156924e+01,4.156924e+01,4.156924e+01,4.156924e+01,4.156924e+01,4.156924e+01,4.156924e+01,4.156924e+01,4.156924e+01,4.156924e+01,4.102913e+01,4.102913e+01,4.102913e+01,4.102913e+01,4.102913e+01,4.102913e+01,4.102913e+01,4.102913e+01,4.102913e+01,4.102913e+01,4.102913e+01,4.102913e+01,4.102913e+01,4.102913e+01,4.102913e+01,4.102913e+01,4.048645e+01,4.067204e+01,4.067204e+01,4.067204e+01,4.067204e+01,4.067204e+01,4.067204e+01,4.067204e+01,4.067204e+01,4.067204e+01,4.067204e+01,4.067204e+01,4.067204e+01,4.067204e+01,4.067204e+01,4.067204e+01,4.067204e+01,4.067204e+01,4.067204e+01,4.067204e+01,4.067204e+01,4.067204e+01,4.067204e+01,4.100272e+01,4.100272e+01,4.100272e+01,4.100272e+01,4.100272e+01,4.100272e+01,4.100272e+01,4.100272e+01,4.100272e+01,4.100272e+01,4.100272e+01,4.064555e+01,4.064555e+01,4.064555e+01,4.064555e+01,4.064555e+01,4.064555e+01,4.064555e+01,4.064555e+01,4.064555e+01,4.064555e+01,4.064555e+01,4.064555e+01,4.035369e+01,4.035369e+01,4.035369e+01,4.035369e+01,4.035369e+01,4.035369e+01,4.035369e+01,3.980775e+01,3.999446e+01,3.999446e+01,3.999446e+01,3.999446e+01,3.999446e+01,3.999446e+01,3.999446e+01,3.999446e+01,3.999446e+01,3.999446e+01,3.999446e+01,3.999446e+01,3.999446e+01,3.999446e+01,3.999446e+01,3.999446e+01,3.999446e+01,3.944677e+01,3.946016e+01,3.941999e+01,3.941999e+01,3.941999e+01,3.941999e+01,3.941999e+01,3.941999e+01,3.941999e+01
3.595095e+01,3.595095e+01,3.595095e+01,3.595095e+01,3.637855e+01,3.637855e+01,3.637855e+01,3.637855e+01,3.694154e+01,3.694154e+01,3.694154e+01,3.694154e+01,3.694154e+01,3.694154e+01,3.737894e+01,3.737894e+01,3.737894e+01,3.737894e+01,3.737894e+01,3.797756e+01,3.797756e+01,3.797756e+01,3.797756e+01,3.853247e+01,3.797756e+01,3.816735e+01,3.816735e+01,3.816735e+01,3.872132e+01,3.853247e+01,3.853247e+01,3.853247e+01,3.886948e+01,3.886948e+01,3.886948e+01,3.941999e+01,3.941999e+01,3.996781e+01,3.992781e+01,4.016756e+01,4.026067e+01,4.026067e+01,4.026067e+01,4.080443e+01,4.061905e+01,4.061905e+01,4.061905e+01,4.061905e+01,4.061905e+01,4.061905e+01,4.061905e+01,4.061905e+01,4.061905e+01,4.116110e+01,4.097630e+01,4.097630e+01,4.097630e+01,4.097630e+01,4.097630e+01,4.097630e+01,4.097630e+01,4.043336e+01,4.044664e+01,4.048645e+01,4.048645e+01,4.048645e+01,4.048645e+01,4.048645e+01,4.012764e+01,4.012764e+01,4.012764e+01,4.012764e+01,4.012764e+01,3.971427e+01,3.971427e+01,3.971427e+01,3.971427e+01,3.971427e+01,3.971427e+01,4.012764e+01,4.036697e+01,4.069854e+01,4.069854e+01,4.069854e+01,4.069854e+01,4.124021e+01,4.105554e+01,4.105554e+01,4.105554e+01,4.105554e+01,4.159552e+01,4.158238e+01,4.222448e+01,4.271996e+01,4.308371e+01,4.331693e+01,4.434788e+01,4.438637e+01,4.471936e+01,4.511517e+01,4.561123e+01,4.610521e+01,4.658456e+01,4.751253e+01,4.771223e+01,4.813549e+01,4.859442e+01,4.922415e+01,4.969125e+01,5.032756e+01,5.077832e+01,5.177145e+01,5.214484e+01,5.300777e+01,5.357978e+01,5.400708e+01,5.515129e+01,5.577216e+01,5.620382e+01,5.707438e+01,5.773211e+01,5.847812e+01,5.890088e+01,5.940186e+01,6.001409e+01,6.079230e+01,6.129739e+01,6.173360e+01,6.217952e+01,6.297848e+01,6.394864e+01,6.440924e+01,6.505368e+01,6.586856e+01,6.662481e+01,6.704437e+01,6.798649e+01,6.872080e+01,6.949357e+01,7.007303e+01,7.102666e+01,7.171437e+01,7.247124e+01,7.291524e+01,7.378896e+01,7.449442e+01,7.538928e+01,7.576393e+01,7.639970e+01,7.729327e+01,7.784286e+01,7.851960e+01,7.925266e+01,7.981493e+01,8.047323e+01,8.111898e+01,8.195641e+01,8.246060e+01,8.295352e+01,8.361798e+01,8.409773e+01,8.488140e+01,8.522424e+01,8.569920e+01,8.591721e+01,8.619167e+01,8.656947e+01,8.696522e+01,8.728487e+01,8.763203e+01,8.792233e+01,8.827746e+01,8.883665e+01,8.915268e+01,8.948664e+01,8.976443e+01,9.008792e+01,9.051213e+01,9.061341e+01,9.076982e+01,9.076982e+01,9.110973e+01,9.110973e+01,9.110973e+01,9.130234e+01,9.156797e+01,9.156797e+01,9.156797e+01,9.156797e+01,9.156797e+01,9.156797e+01,9.156797e+01,9.156797e+01,9.156797e+01,9.194279e+01,9.171434e+01,9.171434e+01,9.171434e+01,9.171434e+01,9.171434e+01,9.171434e+01,9.171434e+01,9.171434e+01,9.171434e+01,9.171434e+01,9.171434e+01,9.171434e+01,9.171434e+01,9.171434e+01,9.171434e+01,9.133900e+01,9.146726e+01,9.130234e+01,9.132984e+01,9.132984e+01,9.132984e+01,9.132984e+01,9.132984e+01,9.095364e+01,9.135733e+01,9.126567e+01,9.088933e+01,9.101793e+01,9.101793e+01,9.101793e+01,9.101793e+01,9.101793e+01,9.101793e+01,9.091689e+01,9.082499e+01,9.082499e+01,9.061341e+01,9.061341e+01,9.061341e+01,9.061341e+01,9.061341e+01,9.061341e+01,9.061341e+01,9.061341e+01,9.061341e+01,9.023560e+01,9.026327e+01,9.026327e+01,9.026327e+01,9.026327e+01,9.026327e+01,9.026327e+01,9.026327e+01,9.026327e+01,8.992163e+01,8.992163e+01,8.992163e+01,8.992163e+01,8.992163e+01,8.957002e+01,8.972741e+01,8.957928e+01,8.944956e+01,8.944956e+01,8.944956e+01,8.944956e+01,8.944956e+01,8.944956e+01,8.906908e+01,8.907837e+01,8.907837e+01,8.907837e+01,8.907837e+01,8.907837e+01,8.907837e+01,8.869703e+01,8.882734e+01,8.865977e+01,8.865046e+01,8.865046e+01,8.865046e+01,8.865046e+01,8.865046e+01,8.865046e+01,8.865046e+01,8.865046e+01,8.865046e+01,8.865046e+01,8.826813e+01,8.834280e+01,8.834280e+01,8.834280e+01,8.834280e+01,8.834280e+01,8.834280e+01,8.834280e+01,8.834280e+01,8.834280e+01,8.834280e+01,8.834280e+01,8.834280e+01,8.834280e+01,8.834280e+01,8.834280e+01,8.834280e+01,8.834280e+01,8.834280e+01,8.834280e+01,8.834280e+01,8.834280e+01,8.834280e+01,8.834280e+01,8.834280e+01,8.834280e+01,8.834280e+01,8.834280e+01,8.834280e+01,8.834280e+01,8.834280e+01,8.834280e+01,8.834280e+01,8.834280e+01,8.834280e+01,8.834280e+01,8.834280e+01,8.834280e+01,8.834280e+01,8.834280e+01,8.834280e+01,8.834280e+01,8.834280e+01,8.834280e+01,8.834280e+01,8.834280e+01,8.834280e+01,8.834280e+01,8.872496e+01,8.849204e+01,8.849204e+01,8.849204e+01,8.849204e+01,8.849204e+01,8.849204e+01,8.849204e+01,8.849204e+01,8.849204e+01,8.849204e+01,8.849204e+01,8.849204e+01,8.887386e+01,8.864115e+01,8.874358e+01,8.870634e+01,8.858525e+01,8.858525e+01,8.858525e+01,8.858525e+01,8.858525e+01,8.858525e+01,8.858525e+01,8.858525e+01,8.830547e+01,8.830547e+01,8.830547e+01,8.792233e+01,8.792233e+01,8.792233e+01,8.753828e+01,8.756641e+01,8.756641e+01,8.732244e+01,8.712512e+01,8.684283e+01,8.663550e+01,8.675804e+01,8.648454e+01,8.621058e+01,8.597403e+01,8.586983e+01,8.556635e+01,8.524327e+01,8.499577e+01,8.473833e+01,8.449004e+01,8.413605e+01,8.388682e+01,8.363720e+01,8.334868e+01,8.339680e+01,8.291492e+01,8.222810e+01,8.206320e+01,8.178151e+01,8.135314e+01,8.083558e+01,8.044382e+01,7.986415e+01,7.939095e+01,7.879739e+01,7.836063e+01,7.783288e+01,7.744336e+01,7.680196e+01,7.614773e+01,7.570324e+01,7.535886e+01,7.471864e+01,7.437197e+01,7.361463e+01,7.311099e+01,7.234710e+01,7.169358e+01,7.140218e+01,7.068157e+01,7.015712e+01,6.926112e+01,6.872080e+01,6.816776e+01,6.744126e+01,6.707659e+01,6.634440e+01,6.555405e+01,6.517350e+01,6.439829e+01,6.393765e+01,6.312224e+01,6.270160e+01,6.195675e+01,6.098334e+01,6.048833e+01,5.970833e+01,5.884383e+01,5.830635e+01,5.744405e+01,5.664564e+01,5.619217e+01,5.526867e+01,5.479851e+01,5.401893e+01,5.347272e+01,5.293609e+01,5.198840e+01,5.143323e+01,5.047393e+01,4.993638e+01,4.951937e+01,4.870578e+01,4.813549e+01,4.766233e+01,4.742506e+01,4.707452e+01,4.652160e+01,4.590280e+01,4.544611e+01,4.512791e+01,4.514066e+01,4.457859e+01,4.424520e+01,4.334282e+01,4.326514e+01,4.308371e+01,4.269394e+01,4.227673e+01,4.191043e+01,4.171371e+01,4.134560e+01,4.109513e+01,4.108194e+01,4.088379e+01,4.047318e+01,4.007439e+01,3.987447e+01,3.987447e+01,3.946016e+01,3.907120e+01,3.907120e+01,3.907120e+01,3.907120e+01,3.907120e+01,3.907120e+01,3.907120e+01,3.907120e+01,3.907120e+01,3.962072e+01,3.948694e+01,3.948694e+01,3.948694e+01,3.948694e+01,3.948694e+01,4.003443e+01,3.984778e+01,3.984778e+01,3.984778e+01,3.984778e+01,3.984778e+01,4.014095e+01,4.014095e+01,4.014095e+01,4.014095e+01,4.014095e+01,4.014095e+01,4.014095e+01,4.014095e+01,4.014095e+01,4.014095e+01,4.014095e+01,4.014095e+01,4.014095e+01,4.014095e+01,4.014095e+01,4.014095e+01,4.068529e+01,4.055276e+01,4.055276e+01,4.055276e+01,4.055276e+01,4.055276e+01,4.109513e+01,4.096309e+01,4.096309e+01,4.096309e+01,4.150351e+01,4.147721e+01,4.147721e+01,4.147721e+01,4.201521e+01,4.197593e+01,4.197593e+01,4.197593e+01,4.197593e+01,4.197593e+01,4.197593e+01,4.197593e+01,4.197593e+01,4.197593e+01,4.197593e+01,4.197593e+01,4.197593e+01,4.197593e+01,4.197593e+01,4.156924e+01,4.156924e+01,4.156924e+01,4.156924e+01,4.156924e+01,4.156924e+01,4.156924e+01,4.156924e+01,4.102913e+01,4.116110e+01,4.116110e+01,4.116110e+01,4.116110e+01,4.116110e+01,4.116110e+01,4.116110e+01,4.116110e+01,4.116110e+01,4.061905e+01,4.080443e+01,4.080443e+01,4.080443e+01,4.080443e+01,4.080443e+01,4.080443e+01,4.080443e+01,4.080443e+01,4.080443e+01,4.080443e+01,4.080443e+01,4.080443e+01,4.026067e+01,4.044664e+01,4.044664e+01,4.044664e+01,4.098951e+01,4.080443e+01,4.080443e+01,4.080443e+01,4.080443e+01,4.080443e+01,4.080443e+01,4.080443e+01,4.080443e+01,4.080443e+01,4.080443e+01,4.080443e+01,4.080443e+01,4.080443e+01,4.080443e+01,4.080443e+01,4.134560e+01,4.116110e+01,4.116110e+01,4.116110e+01,4.061905e+01,4.080443e+01,4.080443e+01,4.080443e+01,4.080443e+01,4.080443e+01,4.080443e+01,4.080443e+01,4.080443e+01,4.080443e+01,4.026067e+01,4.044664e+01,4.044664e+01,4.044664e+01,4.044664e+01,4.044664e+01,4.044664e+01,4.044664e+01,4.044664e+01,4.044664e+01,4.044664e+01,4.044664e+01,4.044664e+01,4.035369e+01,4.002111e+01,4.002111e+01,4.002111e+01,4.002111e+01,4.002111e+01,4.002111e+01,4.002111e+01,4.002111e+01,4.002111e+01,4.002111e+01,4.002111e+01,4.002111e+01,4.002111e+01,4.002111e+01,4.002111e+01,4.002111e+01,3.947355e+01,3.958060e+01,3.958060e+01,3.958060e+01,3.958060e+01,3.958060e+01,3.958060e+01,3.958060e+01,3.958060e+01,3.958060e+01
3.595095e+01,3.595095e+01,3.595095e+01,3.595095e+01,3.637855e+01,3.637855e+01,3.637855e+01,3.637855e+01,3.694154e+01,3.694154e+01,3.694154e+01,3.694154e+01,3.694154e+01,3.694154e+01,3.737894e+01,3.737894e+01,3.737894e+01,3.793685e+01,3.781462e+01,3.781462e+01,3.781462e+01,3.781462e+01,3.837035e+01,3.831625e+01,3.814026e+01,3.814026e+01,3.869437e+01,3.857297e+01,3.855947e+01,3.855947e+01,3.855947e+01,3.855947e+01,3.855947e+01,3.886948e+01,3.911150e+01,3.925914e+01,3.950032e+01,3.980775e+01,3.980775e+01,4.016756e+01,4.016756e+01,4.016756e+01,4.071178e+01,4.067204e+01,4.067204e+01,4.067204e+01,4.067204e+01,4.067204e+01,4.067204e+01,4.067204e+01,4.067204e+01,4.067204e+01,4.067204e+01,4.067204e+01,4.067204e+01,4.067204e+01,4.067204e+01,4.067204e+01,4.067204e+01,4.067204e+01,4.067204e+01,4.067204e+01,4.067204e+01,4.067204e+01,4.012764e+01,4.031383e+01,4.031383e+01,4.031383e+01,4.031383e+01,3.976770e+01,3.995448e+01,3.995448e+01,3.995448e+01,3.995448e+01,3.995448e+01,3.995448e+01,3.995448e+01,3.995448e+01,3.995448e+01,4.049971e+01,4.048645e+01,4.063230e+01,4.117429e+01,4.084412e+01,4.108194e+01,4.108194e+01,4.108194e+01,4.108194e+01,4.108194e+01,4.162180e+01,4.149036e+01,4.172684e+01,4.231591e+01,4.269394e+01,4.299288e+01,4.345923e+01,4.419382e+01,4.438637e+01,4.477051e+01,4.521709e+01,4.570004e+01,4.619366e+01,4.667265e+01,4.736254e+01,4.778703e+01,4.822245e+01,4.868105e+01,4.931033e+01,4.977710e+01,5.041297e+01,5.086341e+01,5.174733e+01,5.221698e+01,5.309135e+01,5.366298e+01,5.417286e+01,5.504556e+01,5.574878e+01,5.626204e+01,5.715534e+01,5.781266e+01,5.855821e+01,5.898071e+01,5.948138e+01,6.009325e+01,6.087100e+01,6.137579e+01,6.181174e+01,6.225740e+01,6.305591e+01,6.402551e+01,6.448586e+01,6.512994e+01,6.594437e+01,6.670020e+01,6.711954e+01,6.806116e+01,6.879509e+01,6.956745e+01,7.014661e+01,7.109975e+01,7.178712e+01,7.254362e+01,7.298739e+01,7.386068e+01,7.456580e+01,7.504418e+01,7.574371e+01,7.645004e+01,7.736333e+01,7.791266e+01,7.858909e+01,7.932182e+01,7.988383e+01,8.054185e+01,8.118732e+01,8.162588e+01,8.244124e+01,8.299212e+01,8.367562e+01,8.415520e+01,8.454738e+01,8.519570e+01,8.565176e+01,8.590773e+01,8.625784e+01,8.661663e+01,8.701227e+01,8.733183e+01,8.761328e+01,8.797845e+01,8.832413e+01,8.850137e+01,8.911552e+01,8.943102e+01,8.978293e+01,9.012486e+01,9.040157e+01,9.040157e+01,9.076982e+01,9.093526e+01,9.099957e+01,9.137566e+01,9.136649e+01,9.140314e+01,9.152220e+01,9.152220e+01,9.152220e+01,9.152220e+01,9.152220e+01,9.189713e+01,9.166861e+01,9.166861e+01,9.166861e+01,9.166861e+01,9.166861e+01,9.166861e+01,9.204321e+01,9.181490e+01,9.181490e+01,9.181490e+01,9.181490e+01,9.181490e+01,9.181490e+01,9.181490e+01,9.181490e+01,9.181490e+01,9.181490e+01,9.181490e+01,9.143979e+01,9.144894e+01,9.144894e+01,9.144894e+01,9.144894e+01,9.144894e+01,9.144894e+01,9.144894e+01,9.144894e+01,9.144894e+01,9.144894e+01,9.107301e+01,9.099957e+01,9.099957e+01,9.099957e+01,9.099957e+01,9.099957e+01,9.099957e+01,9.062262e+01,9.085256e+01,9.085256e+01,9.085256e+01,9.085256e+01,9.085256e+01,9.085256e+01,9.061341e+01,9.061341e+01,9.061341e+01,9.061341e+01,9.061341e+01,9.061341e+01,9.023560e+01,9.023560e+01,9.023560e+01,9.023560e+01,9.023560e+01,9.023560e+01,9.023560e+01,9.023560e+01,9.023560e+01,9.023560e+01,8.992163e+01,8.992163e+01,8.992163e+01,8.954223e+01,8.963485e+01,8.963485e+01,8.963485e+01,8.963485e+01,8.963485e+01,8.963485e+01,8.963485e+01,8.925479e+01,8.926407e+01,8.918053e+01,8.918053e+01,8.918053e+01,8.918053e+01,8.918053e+01,8.879942e+01,8.880873e+01,8.880873e+01,8.880873e+01,8.880873e+01,8.880873e+01,8.880873e+01,8.880873e+01,8.880873e+01,8.880873e+01,8.880873e+01,8.842677e+01,8.855729e+01,8.855729e+01,8.855729e+01,8.855729e+01,8.855729e+01,8.855729e+01,8.834280e+01,8.834280e+01,8.834280e+01,8.834280e+01,8.834280e+01,8.834280e+01,8.834280e+01,8.834280e+01,8.834280e+01,8.834280e+01,8.834280e+01,8.834280e+01,8.834280e+01,8.834280e+01,8.834280e+01,8.834280e+01,8.834280e+01,8.834280e+01,8.834280e+01,8.834280e+01,8.834280e+01,8.834280e+01,8.834280e+01,8.834280e+01,8.834280e+01,8.834280e+01,8.834280e+01,8.834280e+01,8.834280e+01,8.834280e+01,8.872496e+01,8.849204e+01,8.849204e+01,8.849204e+01,8.849204e+01,8.849204e+01,8.849204e+01,8.849204e+01,8.849204e+01,8.849204e+01,8.849204e+01,8.849204e+01,8.849204e+01,8.849204e+01,8.849204e+01,8.849204e+01,8.849204e+01,8.849204e+01,8.849204e+01,8.887386e+01,8.864115e+01,8.864115e+01,8.864115e+01,8.864115e+01,8.864115e+01,8.864115e+01,8.864115e+01,8.864115e+01,8.864115e+01,8.864115e+01,8.864115e+01,8.864115e+01,8.864115e+01,8.864115e+01,8.864115e+01,8.864115e+01,8.864115e+01,8.864115e+01,8.864115e+01,8.864115e+01,8.830547e+01,8.830547e+01,8.830547e+01,8.792233e+01,8.792233e+01,8.792233e+01,8.753828e+01,8.753828e+01,8.753828e+01,8.732244e+01,8.708752e+01,8.680515e+01,8.668264e+01,8.664493e+01,8.644678e+01,8.617275e+01,8.602137e+01,8.580350e+01,8.549039e+01,8.526229e+01,8.497671e+01,8.470016e+01,8.441357e+01,8.415520e+01,8.386763e+01,8.359875e+01,8.339680e+01,8.322350e+01,8.287630e+01,8.234440e+01,8.206320e+01,8.170371e+01,8.131414e+01,8.079645e+01,8.040459e+01,7.982478e+01,7.935145e+01,7.875773e+01,7.832087e+01,7.779298e+01,7.740335e+01,7.676178e+01,7.610738e+01,7.566277e+01,7.531830e+01,7.467789e+01,7.433113e+01,7.357358e+01,7.306980e+01,7.230569e+01,7.171437e+01,7.133966e+01,7.063969e+01,7.011508e+01,6.921882e+01,6.867834e+01,6.812513e+01,6.739841e+01,6.703363e+01,6.630120e+01,6.551060e+01,6.512994e+01,6.435449e+01,6.389370e+01,6.307802e+01,6.265725e+01,6.191214e+01,6.093842e+01,6.044324e+01,5.966297e+01,5.926542e+01,5.836363e+01,5.745558e+01,5.661081e+01,5.614557e+01,5.570202e+01,5.485738e+01,5.404263e+01,5.346083e+01,5.290023e+01,5.195227e+01,5.139693e+01,5.093630e+01,5.000982e+01,4.956850e+01,4.873052e+01,4.864392e+01,4.758746e+01,4.727495e+01,4.697418e+01,4.650900e+01,4.589014e+01,4.547152e+01,4.521709e+01,4.498763e+01,4.460420e+01,4.416813e+01,4.349801e+01,4.349801e+01,4.255069e+01,4.247248e+01,4.222448e+01,4.197593e+01,4.162180e+01,4.141142e+01,4.109513e+01,4.109513e+01,4.055276e+01,4.042009e+01,4.014095e+01,3.959398e+01,3.960735e+01,3.940659e+01,3.913836e+01,3.913836e+01,3.913836e+01,3.913836e+01,3.913836e+01,3.913836e+01,3.913836e+01,3.913836e+01,3.913836e+01,3.962072e+01,3.962072e+01,3.962072e+01,3.962072e+01,3.962072e+01,3.962072e+01,3.962072e+01,4.016756e+01,3.998114e+01,3.998114e+01,3.998114e+01,3.998114e+01,3.998114e+01,3.998114e+01,3.998114e+01,4.052624e+01,4.034040e+01,4.034040e+01,4.034040e+01,3.979440e+01,3.998114e+01,3.998114e+01,3.998114e+01,3.998114e+01,3.998114e+01,4.052624e+01,4.034040e+01,4.003443e+01,4.042009e+01,4.042009e+01,4.042009e+01,4.042009e+01,4.042009e+01,4.096309e+01,4.093666e+01,4.093666e+01,4.093666e+01,4.147721e+01,4.137194e+01,4.137194e+01,4.137194e+01,4.137194e+01,4.147721e+01,4.180556e+01,4.180556e+01,4.180556e+01,4.180556e+01,4.180556e+01,4.180556e+01,4.180556e+01,4.180556e+01,4.180556e+01,4.180556e+01,4.180556e+01,4.180556e+01,4.180556e+01,4.180556e+01,4.180556e+01,4.180556e+01,4.180556e+01,4.180556e+01,4.126657e+01,4.145090e+01,4.145090e+01,4.145090e+01,4.145090e+01,4.145090e+01,4.116110e+01,4.116110e+01,4.116110e+01,4.116110e+01,4.116110e+01,4.116110e+01,4.116110e+01,4.116110e+01,4.061905e+01,4.061905e+01,4.061905e+01,4.061905e+01,4.061905e+01,4.061905e+01,4.061905e+01,4.061905e+01,4.061905e+01,4.061905e+01,4.061905e+01,4.061905e+01,4.061905e+01,4.061905e+01,4.061905e+01,4.061905e+01,4.061905e+01,4.061905e+01,4.061905e+01,4.061905e+01,4.061905e+01,4.061905e+01,4.061905e+01,4.061905e+01,4.061905e+01,4.061905e+01,4.061905e+01,4.116110e+01,4.097630e+01,4.097630e+01,4.097630e+01,4.097630e+01,4.097630e+01,4.097630e+01,4.097630e+01,4.097630e+01,4.097630e+01,4.097630e+01,4.097630e+01,4.097630e+01,4.097630e+01,4.097630e+01,4.097630e+01,4.043336e+01,4.061905e+01,4.061905e+01,4.061905e+01,4.061905e+01,4.061905e+01,4.061905e+01,4.061905e+01,4.061905e+01,4.061905e+01,4.061905e+01,4.007439e+01,4.026067e+01,4.026067e+01,4.026067e+01,4.026067e+01,4.026067e+01,4.026067e+01,4.026067e+01,4.026067e+01,4.026067e+01,4.026067e+01,4.026067e+01,4.026067e+01,4.026067e+01,3.971427e+01,3.990114e+01,3.990114e+01,3.990114e+01,3.990114e+01,3.990114e+01,3.990114e+01,3.990114e+01,3.990114e+01,3.990114e+01,3.990114e+01,3.990114e+01,3.990114e+01,3.990114e+01,3.958060e+01,3.958060e+01,3.958060e+01,3.958060e+01,3.958060e+01
3.595095e+01,3.595095e+01,3.595095e+01,3.595095e+01,3.637855e+01,3.637855e+01,3.637855e+01,3.637855e+01,3.694154e+01,3.694154e+01,3.694154e+01,3.694154e+01,3.694154e+01,3.694154e+01,3.737894e+01,3.737894e+01,3.793685e+01,3.780103e+01,3.780103e+01,3.780103e+01,3.780103e+01,3.780103e+01,3.837035e+01,3.837035e+01,3.837035e+01,3.837035e+01,3.837035e+01,3.837035e+01,3.837035e+01,3.837035e+01,3.837035e+01,3.892331e+01,3.890985e+01,3.886948e+01,3.941999e+01,3.923232e+01,3.963409e+01,3.974099e+01,3.990114e+01,4.010102e+01,4.010102e+01,4.010102e+01,4.071178e+01,4.071178e+01,4.071178e+01,4.071178e+01,4.071178e+01,4.071178e+01,4.071178e+01,4.071178e+01,4.071178e+01,4.071178e+01,4.071178e+01,4.071178e+01,4.071178e+01,4.071178e+01,4.071178e+01,4.071178e+01,4.071178e+01,4.071178e+01,4.071178e+01,4.071178e+01,4.071178e+01,4.071178e+01,4.012764e+01,4.012764e+01,4.012764e+01,4.012764e+01,4.012764e+01,4.012764e+01,4.012764e+01,4.012764e+01,4.012764e+01,4.012764e+01,4.012764e+01,4.012764e+01,4.012764e+01,4.012764e+01,4.012764e+01,4.012764e+01,4.048645e+01,4.085734e+01,4.085734e+01,4.088379e+01,4.088379e+01,4.088379e+01,4.088379e+01,4.088379e+01,4.088379e+01,4.088379e+01,4.149036e+01,4.141142e+01,4.201521e+01,4.299288e+01,4.318742e+01,4.347216e+01,4.403955e+01,4.438637e+01,4.487273e+01,4.522983e+01,4.571273e+01,4.620629e+01,4.668523e+01,4.737504e+01,4.779949e+01,4.823487e+01,4.869342e+01,4.932264e+01,4.978936e+01,5.042516e+01,5.087556e+01,5.175939e+01,5.222900e+01,5.310329e+01,5.367486e+01,5.418470e+01,5.505731e+01,5.576047e+01,5.627368e+01,5.716690e+01,5.782416e+01,5.856964e+01,5.899211e+01,5.949274e+01,6.010455e+01,6.088224e+01,6.138699e+01,6.182290e+01,6.226853e+01,6.306696e+01,6.403649e+01,6.449680e+01,6.514083e+01,6.595519e+01,6.671098e+01,6.713028e+01,6.807182e+01,6.880569e+01,6.957800e+01,7.015712e+01,7.111019e+01,7.179751e+01,7.255395e+01,7.299770e+01,7.387093e+01,7.457599e+01,7.505434e+01,7.575381e+01,7.646011e+01,7.737334e+01,7.792263e+01,7.859901e+01,7.933170e+01,7.989368e+01,8.055165e+01,8.119707e+01,8.163560e+01,8.245092e+01,8.300177e+01,8.329092e+01,8.407857e+01,8.447093e+01,8.511956e+01,8.555686e+01,8.588879e+01,8.623894e+01,8.659777e+01,8.699345e+01,8.729427e+01,8.765077e+01,8.797845e+01,8.821210e+01,8.853865e+01,8.911552e+01,8.943102e+01,8.978293e+01,9.010638e+01,9.033704e+01,9.048450e+01,9.103629e+01,9.090771e+01,9.111890e+01,9.127484e+01,9.127484e+01,9.165031e+01,9.152220e+01,9.152220e+01,9.152220e+01,9.152220e+01,9.189713e+01,9.181490e+01,9.171434e+01,9.171434e+01,9.171434e+01,9.171434e+01,9.171434e+01,9.171434e+01,9.171434e+01,9.171434e+01,9.171434e+01,9.171434e+01,9.171434e+01,9.171434e+01,9.171434e+01,9.171434e+01,9.171434e+01,9.171434e+01,9.171434e+01,9.171434e+01,9.171434e+01,9.171434e+01,9.171434e+01,9.171434e+01,9.171434e+01,9.144894e+01,9.144894e+01,9.144894e+01,9.144894e+01,9.107301e+01,9.115561e+01,9.118313e+01,9.118313e+01,9.118313e+01,9.118313e+01,9.118313e+01,9.118313e+01,9.080660e+01,9.110973e+01,9.101793e+01,9.101793e+01,9.064103e+01,9.076982e+01,9.076982e+01,9.076982e+01,9.076982e+01,9.076982e+01,9.039236e+01,9.052134e+01,9.052134e+01,9.052134e+01,9.052134e+01,9.052134e+01,9.052134e+01,9.023560e+01,9.023560e+01,9.023560e+01,9.023560e+01,9.023560e+01,9.023560e+01,8.985692e+01,8.994936e+01,8.994936e+01,8.994936e+01,8.994936e+01,8.994936e+01,8.963485e+01,8.963485e+01,8.963485e+01,8.963485e+01,8.963485e+01,8.963485e+01,8.925479e+01,8.925479e+01,8.925479e+01,8.925479e+01,8.925479e+01,8.925479e+01,8.925479e+01,8.918053e+01,8.894826e+01,8.894826e+01,8.894826e+01,8.894826e+01,8.894826e+01,8.856661e+01,8.869703e+01,8.869703e+01,8.869703e+01,8.869703e+01,8.869703e+01,8.869703e+01,8.869703e+01,8.831480e+01,8.844542e+01,8.844542e+01,8.844542e+01,8.844542e+01,8.844542e+01,8.844542e+01,8.844542e+01,8.844542e+01,8.844542e+01,8.844542e+01,8.844542e+01,8.844542e+01,8.844542e+01,8.844542e+01,8.844542e+01,8.844542e+01,8.844542e+01,8.844542e+01,8.844542e+01,8.844542e+01,8.844542e+01,8.844542e+01,8.844542e+01,8.844542e+01,8.844542e+01,8.844542e+01,8.844542e+01,8.844542e+01,8.844542e+01,8.844542e+01,8.844542e+01,8.844542e+01,8.844542e+01,8.844542e+01,8.844542e+01,8.844542e+01,8.844542e+01,8.844542e+01,8.882734e+01,8.859457e+01,8.859457e+01,8.859457e+01,8.859457e+01,8.859457e+01,8.859457e+01,8.859457e+01,8.859457e+01,8.859457e+01,8.859457e+01,8.859457e+01,8.859457e+01,8.859457e+01,8.859457e+01,8.859457e+01,8.859457e+01,8.859457e+01,8.859457e+01,8.859457e+01,8.859457e+01,8.859457e+01,8.859457e+01,8.897614e+01,8.874358e+01,8.874358e+01,8.874358e+01,8.874358e+01,8.874358e+01,8.874358e+01,8.874358e+01,8.874358e+01,8.874358e+01,8.874358e+01,8.836146e+01,8.841743e+01,8.841743e+01,8.841743e+01,8.792233e+01,8.792233e+01,8.792233e+01,8.753828e+01,8.753828e+01,8.753828e+01,8.732244e+01,8.704990e+01,8.685224e+01,8.685224e+01,8.664493e+01,8.640901e+01,8.622003e+01,8.595509e+01,8.572765e+01,8.550938e+01,8.524327e+01,8.493859e+01,8.466198e+01,8.476696e+01,8.438489e+01,8.404024e+01,8.374285e+01,8.319460e+01,8.320422e+01,8.287630e+01,8.236377e+01,8.240251e+01,8.173289e+01,8.134339e+01,8.082579e+01,8.043401e+01,7.985431e+01,7.938107e+01,7.878748e+01,7.835069e+01,7.782291e+01,7.743336e+01,7.679192e+01,7.613764e+01,7.569312e+01,7.534872e+01,7.470846e+01,7.394260e+01,7.346064e+01,7.305950e+01,7.229534e+01,7.170398e+01,7.132924e+01,7.062921e+01,7.010457e+01,6.920824e+01,6.866772e+01,6.811447e+01,6.738769e+01,6.702289e+01,6.629041e+01,6.549974e+01,6.511905e+01,6.434354e+01,6.388271e+01,6.306696e+01,6.219065e+01,6.178942e+01,6.091595e+01,6.042068e+01,5.964029e+01,5.924266e+01,5.834072e+01,5.743251e+01,5.706281e+01,5.622711e+01,5.529213e+01,5.472784e+01,5.401893e+01,5.343702e+01,5.287632e+01,5.192817e+01,5.137273e+01,5.091201e+01,4.998534e+01,4.954394e+01,4.886647e+01,4.858204e+01,4.812306e+01,4.713719e+01,4.687376e+01,4.648381e+01,4.586481e+01,4.561123e+01,4.521709e+01,4.483441e+01,4.450174e+01,4.414242e+01,4.364009e+01,4.343337e+01,4.269394e+01,4.269394e+01,4.222448e+01,4.235508e+01,4.198902e+01,4.164807e+01,4.138510e+01,4.098951e+01,4.069854e+01,4.040681e+01,4.003443e+01,3.974099e+01,3.974099e+01,3.974099e+01,3.968755e+01,3.935300e+01,3.880216e+01,3.899056e+01,3.899056e+01,3.899056e+01,3.899056e+01,3.899056e+01,3.954047e+01,3.946016e+01,3.946016e+01,3.946016e+01,3.946016e+01,4.000779e+01,3.982109e+01,4.003443e+01,4.000779e+01,4.000779e+01,4.000779e+01,4.000779e+01,4.000779e+01,4.055276e+01,4.022078e+01,4.043336e+01,4.039353e+01,4.039353e+01,4.039353e+01,4.039353e+01,4.039353e+01,4.039353e+01,3.998114e+01,3.998114e+01,3.998114e+01,3.998114e+01,3.998114e+01,4.034040e+01,4.019417e+01,4.036697e+01,4.036697e+01,4.036697e+01,4.036697e+01,4.091023e+01,4.083089e+01,4.083089e+01,4.083089e+01,4.137194e+01,4.134560e+01,4.134560e+01,4.134560e+01,4.134560e+01,4.134560e+01,4.188422e+01,4.184489e+01,4.184489e+01,4.184489e+01,4.184489e+01,4.184489e+01,4.184489e+01,4.184489e+01,4.184489e+01,4.184489e+01,4.184489e+01,4.184489e+01,4.184489e+01,4.184489e+01,4.184489e+01,4.184489e+01,4.130609e+01,4.163493e+01,4.142458e+01,4.142458e+01,4.142458e+01,4.142458e+01,4.142458e+01,4.142458e+01,4.142458e+01,4.088379e+01,4.106874e+01,4.106874e+01,4.106874e+01,4.106874e+01,4.106874e+01,4.106874e+01,4.106874e+01,4.106874e+01,4.106874e+01,4.106874e+01,4.106874e+01,4.061905e+01,4.061905e+01,4.061905e+01,4.061905e+01,4.061905e+01,4.061905e+01,4.061905e+01,4.061905e+01,4.061905e+01,4.061905e+01,4.061905e+01,4.061905e+01,4.061905e+01,4.061905e+01,4.061905e+01,4.061905e+01,4.061905e+01,4.061905e+01,4.061905e+01,4.061905e+01,4.061905e+01,4.061905e+01,4.061905e+01,4.116110e+01,4.116110e+01,4.116110e+01,4.116110e+01,4.116110e+01,4.116110e+01,4.116110e+01,4.116110e+01,4.116110e+01,4.116110e+01,4.061905e+01,4.080443e+01,4.080443e+01,4.080443e+01,4.080443e+01,4.080443e+01,4.080443e+01,4.080443e+01,4.080443e+01,4.080443e+01,4.026067e+01,4.044664e+01,4.044664e+01,4.044664e+01,4.044664e+01,4.044664e+01,4.044664e+01,4.044664e+01,4.044664e+01,4.044664e+01,4.044664e+01,4.044664e+01,3.990114e+01,4.008770e+01,4.008770e+01,4.008770e+01,4.008770e+01,4.008770e+01,4.008770e+01,4.008770e+01,4.008770e+01,4.008770e+01,4.008770e+01,4.008770e+01,4.008770e+01,4.008770e+01,4.008770e+01,4.008770e+01,4.008770e+01,4.008770e+01,3.954047e+01,3.972763e+01,3.972763e+01,3.972763e+01,3.972763e+01,3.972763e+01,3.972763e+01,3.972763e+01,3.972763e+01,3.972763e+01
3.595095e+01,3.595095e+01,3.595095e+01,3.651613e+01,3.637855e+01,3.637855e+01,3.637855e+01,3.637855e+01,3.694154e+01,3.694154e+01,3.694154e+01,3.694154e+01,3.694154e+01,3.694154e+01,3.737894e+01,3.759700e+01,3.778744e+01,3.778744e+01,3.778744e+01,3.778744e+01,3.834330e+01,3.822152e+01,3.820798e+01,3.820798e+01,3.820798e+01,3.820798e+01,3.820798e+01,3.820798e+01,3.820798e+01,3.876175e+01,3.874828e+01,3.876175e+01,3.876175e+01,3.931279e+01,3.928597e+01,3.939320e+01,3.958060e+01,3.958060e+01,3.990114e+01,3.990114e+01,4.044664e+01,4.043336e+01,4.055276e+01,4.055276e+01,4.055276e+01,4.055276e+01,4.055276e+01,4.055276e+01,4.055276e+01,4.055276e+01,4.055276e+01,4.055276e+01,4.055276e+01,4.055276e+01,4.109513e+01,4.091023e+01,4.091023e+01,4.091023e+01,4.091023e+01,4.091023e+01,4.091023e+01,4.091023e+01,4.091023e+01,4.036697e+01,4.028725e+01,4.028725e+01,4.028725e+01,4.028725e+01,4.028725e+01,4.028725e+01,3.974099e+01,3.992781e+01,3.992781e+01,3.992781e+01,3.992781e+01,3.992781e+01,3.992781e+01,3.992781e+01,3.992781e+01,4.047318e+01,4.053951e+01,4.080443e+01,4.080443e+01,4.080443e+01,4.080443e+01,4.080443e+01,4.080443e+01,4.134560e+01,4.101593e+01,4.122703e+01,4.187111e+01,4.177932e+01,4.262885e+01,4.232896e+01,4.334282e+01,4.357553e+01,4.400096e+01,4.445048e+01,4.483441e+01,4.529348e+01,4.573809e+01,4.623154e+01,4.671038e+01,4.740005e+01,4.782441e+01,4.825970e+01,4.871815e+01,4.934724e+01,4.981388e+01,5.044955e+01,5.089986e+01,5.178352e+01,5.225304e+01,5.312716e+01,5.369862e+01,5.469249e+01,5.518652e+01,5.579553e+01,5.630860e+01,5.720157e+01,5.785866e+01,5.860395e+01,5.902630e+01,5.952680e+01,6.013846e+01,6.091595e+01,6.142057e+01,6.185637e+01,6.275702e+01,6.318853e+01,6.408040e+01,6.454057e+01,6.518439e+01,6.599850e+01,6.675404e+01,6.761254e+01,6.818907e+01,6.885873e+01,6.963074e+01,7.020966e+01,7.116238e+01,7.184945e+01,7.260562e+01,7.304920e+01,7.392213e+01,7.462695e+01,7.510514e+01,7.580437e+01,7.651042e+01,7.742336e+01,7.797247e+01,7.864864e+01,7.938107e+01,7.994288e+01,8.060064e+01,8.124586e+01,8.168426e+01,8.249932e+01,8.297282e+01,8.333906e+01,8.412646e+01,8.451871e+01,8.516715e+01,8.560432e+01,8.593615e+01,8.628620e+01,8.664493e+01,8.696522e+01,8.734122e+01,8.731305e+01,8.780065e+01,8.849204e+01,8.860388e+01,8.915268e+01,8.946810e+01,8.944029e+01,8.992163e+01,9.049371e+01,9.064103e+01,9.093526e+01,9.101793e+01,9.109137e+01,9.109137e+01,9.146726e+01,9.154966e+01,9.154966e+01,9.154966e+01,9.154966e+01,9.154966e+01,9.154966e+01,9.154966e+01,9.192453e+01,9.179662e+01,9.179662e+01,9.179662e+01,9.179662e+01,9.179662e+01,9.179662e+01,9.179662e+01,9.179662e+01,9.179662e+01,9.179662e+01,9.179662e+01,9.179662e+01,9.179662e+01,9.179662e+01,9.179662e+01,9.179662e+01,9.179662e+01,9.179662e+01,9.142146e+01,9.154966e+01,9.154966e+01,9.154966e+01,9.154966e+01,9.154966e+01,9.154966e+01,9.117396e+01,9.117396e+01,9.117396e+01,9.117396e+01,9.117396e+01,9.117396e+01,9.117396e+01,9.117396e+01,9.117396e+01,9.117396e+01,9.079741e+01,9.102711e+01,9.088013e+01,9.074223e+01,9.074223e+01,9.074223e+01,9.074223e+01,9.074223e+01,9.074223e+01,9.074223e+01,9.052134e+01,9.052134e+01,9.052134e+01,9.052134e+01,9.052134e+01,9.052134e+01,9.052134e+01,9.023560e+01,9.023560e+01,9.023560e+01,9.023560e+01,9.023560e+01,8.985692e+01,8.985692e+01,8.985692e+01,8.985692e+01,8.985692e+01,8.985692e+01,8.985692e+01,8.985692e+01,8.963485e+01,8.963485e+01,8.963485e+01,8.963485e+01,8.963485e+01,8.925479e+01,8.925479e+01,8.925479e+01,8.925479e+01,8.925479e+01,8.925479e+01,8.925479e+01,8.894826e+01,8.894826e+01,8.894826e+01,8.894826e+01,8.894826e+01,8.894826e+01,8.869703e+01,8.869703e+01,8.869703e+01,8.869703e+01,8.869703e+01,8.869703e+01,8.869703e+01,8.869703e+01,8.844542e+01,8.844542e+01,8.844542e+01,8.844542e+01,8.844542e+01,8.844542e+01,8.844542e+01,8.844542e+01,8.844542e+01,8.844542e+01,8.844542e+01,8.844542e+01,8.844542e+01,8.844542e+01,8.844542e+01,8.844542e+01,8.844542e+01,8.844542e+01,8.844542e+01,8.844542e+01,8.844542e+01,8.844542e+01,8.844542e+01,8.844542e+01,8.844542e+01,8.844542e+01,8.844542e+01,8.844542e+01,8.844542e+01,8.844542e+01,8.882734e+01,8.859457e+01,8.859457e+01,8.859457e+01,8.859457e+01,8.859457e+01,8.859457e+01,8.859457e+01,8.859457e+01,8.859457e+01,8.859457e+01,8.859457e+01,8.859457e+01,8.859457e+01,8.859457e+01,8.859457e+01,8.859457e+01,8.859457e+01,8.859457e+01,8.859457e+01,8.859457e+01,8.859457e+01,8.859457e+01,8.859457e+01,8.859457e+01,8.859457e+01,8.859457e+01,8.897614e+01,8.874358e+01,8.874358e+01,8.874358e+01,8.874358e+01,8.874358e+01,8.874358e+01,8.874358e+01,8.874358e+01,8.874358e+01,8.912482e+01,8.889246e+01,8.889246e+01,8.889246e+01,8.851069e+01,8.846407e+01,8.846407e+01,8.808130e+01,8.816540e+01,8.802521e+01,8.802521e+01,8.802521e+01,8.802521e+01,8.753828e+01,8.742570e+01,8.729427e+01,8.702168e+01,8.688049e+01,8.676746e+01,8.661663e+01,8.643734e+01,8.613492e+01,8.592668e+01,8.569920e+01,8.548090e+01,8.521473e+01,8.530033e+01,8.493859e+01,8.465244e+01,8.435619e+01,8.406898e+01,8.368523e+01,8.330054e+01,8.314641e+01,8.284734e+01,8.247028e+01,8.231533e+01,8.170371e+01,8.131414e+01,8.079645e+01,8.040459e+01,7.982478e+01,7.935145e+01,7.875773e+01,7.832087e+01,7.779298e+01,7.740335e+01,7.676178e+01,7.610738e+01,7.566277e+01,7.531830e+01,7.467789e+01,7.433113e+01,7.352225e+01,7.310069e+01,7.231605e+01,7.170398e+01,7.130840e+01,7.060826e+01,7.008354e+01,6.918708e+01,6.864648e+01,6.809315e+01,6.736626e+01,6.700140e+01,6.626880e+01,6.547802e+01,6.509727e+01,6.432163e+01,6.386073e+01,6.304485e+01,6.216839e+01,6.176709e+01,6.089347e+01,6.039813e+01,5.961760e+01,5.875250e+01,5.821464e+01,5.746711e+01,5.699338e+01,5.619217e+01,5.525694e+01,5.469249e+01,5.398338e+01,5.340131e+01,5.284045e+01,5.189202e+01,5.133643e+01,5.087556e+01,4.994862e+01,4.950708e+01,4.890352e+01,4.850772e+01,4.808577e+01,4.717478e+01,4.688631e+01,4.638297e+01,4.600405e+01,4.559853e+01,4.519162e+01,4.480885e+01,4.447611e+01,4.402669e+01,4.378199e+01,4.336870e+01,4.283701e+01,4.262885e+01,4.236813e+01,4.221141e+01,4.196283e+01,4.168746e+01,4.126657e+01,4.096309e+01,4.067204e+01,4.092345e+01,4.036697e+01,4.006107e+01,3.987447e+01,3.987447e+01,3.932619e+01,3.912493e+01,3.895021e+01,3.895021e+01,3.895021e+01,3.895021e+01,3.895021e+01,3.895021e+01,3.954047e+01,3.954047e+01,3.954047e+01,3.954047e+01,3.954047e+01,4.000779e+01,4.000779e+01,4.000779e+01,4.000779e+01,4.000779e+01,4.000779e+01,4.000779e+01,4.000779e+01,4.000779e+01,4.055276e+01,4.036697e+01,4.036697e+01,3.982109e+01,4.015426e+01,4.015426e+01,4.015426e+01,4.015426e+01,4.015426e+01,4.015426e+01,4.015426e+01,4.015426e+01,4.015426e+01,4.015426e+01,4.015426e+01,4.015426e+01,4.015426e+01,4.069854e+01,4.068529e+01,4.076473e+01,4.076473e+01,4.076473e+01,4.076473e+01,4.083089e+01,4.116110e+01,4.116110e+01,4.116110e+01,4.170059e+01,4.168746e+01,4.173996e+01,4.173996e+01,4.173996e+01,4.173996e+01,4.173996e+01,4.173996e+01,4.173996e+01,4.173996e+01,4.173996e+01,4.173996e+01,4.173996e+01,4.173996e+01,4.173996e+01,4.173996e+01,4.173996e+01,4.173996e+01,4.173996e+01,4.173996e+01,4.173996e+01,4.173996e+01,4.142458e+01,4.142458e+01,4.142458e+01,4.142458e+01,4.142458e+01,4.142458e+01,4.142458e+01,4.106874e+01,4.106874e+01,4.106874e+01,4.106874e+01,4.106874e+01,4.106874e+01,4.106874e+01,4.106874e+01,4.106874e+01,4.106874e+01,4.061905e+01,4.061905e+01,4.061905e+01,4.061905e+01,4.061905e+01,4.061905e+01,4.061905e+01,4.061905e+01,4.061905e+01,4.061905e+01,4.061905e+01,4.061905e+01,4.061905e+01,4.061905e+01,4.061905e+01,4.061905e+01,4.061905e+01,4.061905e+01,4.061905e+01,4.061905e+01,4.061905e+01,4.061905e+01,4.116110e+01,4.101593e+01,4.101593e+01,4.101593e+01,4.101593e+01,4.101593e+01,4.101593e+01,4.101593e+01,4.101593e+01,4.101593e+01,4.101593e+01,4.101593e+01,4.101593e+01,4.101593e+01,4.101593e+01,4.101593e+01,4.101593e+01,4.047318e+01,4.065880e+01,4.065880e+01,4.065880e+01,4.065880e+01,4.065880e+01,4.065880e+01,4.065880e+01,4.065880e+01,4.065880e+01,4.065880e+01,4.065880e+01,4.065880e+01,4.011433e+01,4.030054e+01,4.008770e+01,4.004775e+01,4.004775e+01,4.004775e+01,4.004775e+01,4.004775e+01,4.004775e+01,4.004775e+01,4.004775e+01,4.004775e+01,4.004775e+01,4.004775e+01,4.004775e+01,4.004775e+01,4.004775e+01,4.004775e+01,4.004775e+01,4.004775e+01,4.004775e+01,4.004775e+01,4.004775e+01,3.972763e+01,3.972763e+01,3.972763e+01,3.972763e+01,3.972763e+01,3.972763e+01,3.972763e+01,3.972763e+01
3.595095e+01,3.595095e+01,3.595095e+01,3.651613e+01,3.651613e+01,3.651613e+01,3.651613e+01,3.651613e+01,3.651613e+01,3.651613e+01,3.694154e+01,3.694154e+01,3.694154e+01,3.694154e+01,3.694154e+01,3.759700e+01,3.759700e+01,3.759700e+01,3.759700e+01,3.815381e+01,3.819444e+01,3.819444e+01,3.819444e+01,3.819444e+01,3.819444e+01,3.819444e+01,3.819444e+01,3.819444e+01,3.874828e+01,3.861345e+01,3.861345e+01,3.861345e+01,3.861345e+01,3.931279e+01,3.931279e+01,3.931279e+01,3.931279e+01,3.986113e+01,3.986113e+01,4.007439e+01,4.030054e+01,4.030054e+01,4.030054e+01,4.030054e+01,4.084412e+01,4.065880e+01,4.065880e+01,4.065880e+01,4.065880e+01,4.065880e+01,4.065880e+01,4.065880e+01,4.065880e+01,4.065880e+01,4.065880e+01,4.065880e+01,4.065880e+01,4.065880e+01,4.065880e+01,4.065880e+01,4.065880e+01,4.065880e+01,4.065880e+01,4.065880e+01,4.028725e+01,4.028725e+01,4.028725e+01,4.028725e+01,4.028725e+01,4.028725e+01,3.974099e+01,3.974099e+01,3.974099e+01,3.974099e+01,3.974099e+01,3.974099e+01,3.974099e+01,3.974099e+01,4.028725e+01,4.032712e+01,4.087056e+01,4.068529e+01,4.068529e+01,4.122703e+01,4.104234e+01,4.104234e+01,4.104234e+01,4.104234e+01,4.104234e+01,4.158238e+01,4.172684e+01,4.193663e+01,4.231591e+01,4.297990e+01,4.320038e+01,4.364009e+01,4.403955e+01,4.441201e+01,4.491105e+01,4.533165e+01,4.577612e+01,4.626942e+01,4.674810e+01,4.743756e+01,4.786179e+01,4.829693e+01,4.875525e+01,4.938415e+01,4.985064e+01,5.048612e+01,5.093630e+01,5.181969e+01,5.278064e+01,5.325835e+01,5.374612e+01,5.425567e+01,5.512780e+01,5.577216e+01,5.679644e+01,5.732864e+01,5.790465e+01,5.864968e+01,5.907188e+01,5.957220e+01,6.018366e+01,6.096088e+01,6.146533e+01,6.190099e+01,6.280134e+01,6.323272e+01,6.412429e+01,6.458430e+01,6.567342e+01,6.567342e+01,6.709807e+01,6.768741e+01,6.824233e+01,6.891174e+01,6.968347e+01,7.026216e+01,7.121455e+01,7.190137e+01,7.265726e+01,7.310069e+01,7.397332e+01,7.467789e+01,7.557166e+01,7.590545e+01,7.657079e+01,7.748335e+01,7.803225e+01,7.870815e+01,7.944031e+01,8.000190e+01,8.065941e+01,8.130438e+01,8.174261e+01,8.216022e+01,8.294388e+01,8.335831e+01,8.417435e+01,8.456648e+01,8.482419e+01,8.556635e+01,8.594562e+01,8.633344e+01,8.669206e+01,8.701227e+01,8.723791e+01,8.738816e+01,8.784746e+01,8.838945e+01,8.865046e+01,8.919910e+01,8.936612e+01,8.989390e+01,9.001404e+01,9.039236e+01,9.065023e+01,9.090771e+01,9.090771e+01,9.128400e+01,9.127484e+01,9.136649e+01,9.136649e+01,9.136649e+01,9.174177e+01,9.161372e+01,9.161372e+01,9.161372e+01,9.161372e+01,9.161372e+01,9.161372e+01,9.198845e+01,9.186059e+01,9.186059e+01,9.186059e+01,9.186059e+01,9.186059e+01,9.186059e+01,9.186059e+01,9.186059e+01,9.186059e+01,9.186059e+01,9.186059e+01,9.186059e+01,9.186059e+01,9.186059e+01,9.186059e+01,9.148557e+01,9.152220e+01,9.152220e+01,9.152220e+01,9.152220e+01,9.152220e+01,9.152220e+01,9.152220e+01,9.152220e+01,9.152220e+01,9.152220e+01,9.117396e+01,9.117396e+01,9.117396e+01,9.117396e+01,9.117396e+01,9.079741e+01,9.088013e+01,9.091689e+01,9.099957e+01,9.099957e+01,9.074223e+01,9.074223e+01,9.074223e+01,9.074223e+01,9.074223e+01,9.074223e+01,9.036470e+01,9.045686e+01,9.045686e+01,9.045686e+01,9.045686e+01,9.045686e+01,9.045686e+01,9.045686e+01,9.045686e+01,9.023560e+01,9.023560e+01,9.023560e+01,9.023560e+01,8.985692e+01,8.985692e+01,8.985692e+01,8.985692e+01,8.985692e+01,8.985692e+01,8.985692e+01,8.985692e+01,8.985692e+01,8.963485e+01,8.963485e+01,8.963485e+01,8.925479e+01,8.935684e+01,8.935684e+01,8.935684e+01,8.935684e+01,8.897614e+01,8.910624e+01,8.894826e+01,8.905050e+01,8.905050e+01,8.905050e+01,8.905050e+01,8.905050e+01,8.866909e+01,8.869703e+01,8.869703e+01,8.869703e+01,8.869703e+01,8.869703e+01,8.869703e+01,8.869703e+01,8.869703e+01,8.869703e+01,8.844542e+01,8.844542e+01,8.844542e+01,8.844542e+01,8.844542e+01,8.844542e+01,8.844542e+01,8.844542e+01,8.844542e+01,8.844542e+01,8.844542e+01,8.844542e+01,8.844542e+01,8.844542e+01,8.844542e+01,8.844542e+01,8.844542e+01,8.844542e+01,8.844542e+01,8.844542e+01,8.844542e+01,8.844542e+01,8.844542e+01,8.844542e+01,8.844542e+01,8.844542e+01,8.844542e+01,8.844542e+01,8.844542e+01,8.844542e+01,8.882734e+01,8.869703e+01,8.869703e+01,8.869703e+01,8.869703e+01,8.869703e+01,8.869703e+01,8.869703e+01,8.869703e+01,8.869703e+01,8.869703e+01,8.869703e+01,8.869703e+01,8.869703e+01,8.869703e+01,8.869703e+01,8.869703e+01,8.869703e+01,8.869703e+01,8.869703e+01,8.869703e+01,8.869703e+01,8.869703e+01,8.869703e+01,8.869703e+01,8.869703e+01,8.869703e+01,8.869703e+01,8.907837e+01,8.884595e+01,8.922695e+01,8.899474e+01,8.886456e+01,8.886456e+01,8.886456e+01,8.886456e+01,8.886456e+01,8.886456e+01,8.886456e+01,8.886456e+01,8.851069e+01,8.851069e+01,8.851069e+01,8.851069e+01,8.851069e+01,8.802521e+01,8.802521e+01,8.764140e+01,8.772573e+01,8.764140e+01,8.764140e+01,8.729427e+01,8.743509e+01,8.705930e+01,8.676746e+01,8.676746e+01,8.643734e+01,8.611600e+01,8.590773e+01,8.568023e+01,8.546190e+01,8.524327e+01,8.513860e+01,8.457603e+01,8.451871e+01,8.433706e+01,8.398272e+01,8.363720e+01,8.340643e+01,8.313677e+01,8.276041e+01,8.257672e+01,8.225718e+01,8.165507e+01,8.126537e+01,8.074751e+01,8.035553e+01,7.977554e+01,7.930206e+01,7.911423e+01,7.836063e+01,7.779298e+01,7.736333e+01,7.672160e+01,7.648023e+01,7.571336e+01,7.533858e+01,7.466771e+01,7.388116e+01,7.341955e+01,7.305950e+01,7.227463e+01,7.166239e+01,7.126669e+01,7.056635e+01,7.004148e+01,6.957800e+01,6.869957e+01,6.811447e+01,6.735554e+01,6.696915e+01,6.623640e+01,6.589022e+01,6.516261e+01,6.435449e+01,6.386073e+01,6.301167e+01,6.213499e+01,6.173360e+01,6.085976e+01,6.036429e+01,5.958355e+01,5.871824e+01,5.818023e+01,5.743251e+01,5.695864e+01,5.615722e+01,5.522173e+01,5.465713e+01,5.394782e+01,5.336558e+01,5.280457e+01,5.185587e+01,5.130010e+01,5.083910e+01,4.991189e+01,4.947022e+01,4.892821e+01,4.842097e+01,4.804847e+01,4.719983e+01,4.679838e+01,4.640818e+01,4.600405e+01,4.557314e+01,4.516614e+01,4.478329e+01,4.488551e+01,4.398809e+01,4.415527e+01,4.345923e+01,4.307073e+01,4.262885e+01,4.262885e+01,4.221141e+01,4.181867e+01,4.166120e+01,4.124021e+01,4.093666e+01,4.071178e+01,4.069854e+01,4.039353e+01,4.067204e+01,4.015426e+01,3.975434e+01,3.947355e+01,3.947355e+01,3.947355e+01,3.895021e+01,3.895021e+01,3.895021e+01,3.895021e+01,3.950032e+01,3.939320e+01,3.939320e+01,3.939320e+01,3.994115e+01,3.992781e+01,3.986113e+01,3.986113e+01,3.986113e+01,3.986113e+01,4.040681e+01,4.022078e+01,4.022078e+01,4.022078e+01,4.022078e+01,4.022078e+01,4.022078e+01,4.022078e+01,4.022078e+01,4.022078e+01,4.022078e+01,4.022078e+01,4.022078e+01,4.022078e+01,4.022078e+01,4.022078e+01,4.022078e+01,4.022078e+01,4.022078e+01,4.022078e+01,4.022078e+01,4.022078e+01,4.069854e+01,4.069854e+01,4.069854e+01,4.069854e+01,4.069854e+01,4.069854e+01,4.124021e+01,4.120066e+01,4.120066e+01,4.120066e+01,4.120066e+01,4.168746e+01,4.168746e+01,4.168746e+01,4.168746e+01,4.168746e+01,4.168746e+01,4.168746e+01,4.222448e+01,4.189733e+01,4.189733e+01,4.189733e+01,4.189733e+01,4.189733e+01,4.189733e+01,4.189733e+01,4.189733e+01,4.189733e+01,4.189733e+01,4.135877e+01,4.154295e+01,4.139826e+01,4.143774e+01,4.143774e+01,4.143774e+01,4.143774e+01,4.143774e+01,4.143774e+01,4.143774e+01,4.106874e+01,4.106874e+01,4.106874e+01,4.106874e+01,4.106874e+01,4.106874e+01,4.106874e+01,4.106874e+01,4.106874e+01,4.106874e+01,4.061905e+01,4.061905e+01,4.061905e+01,4.061905e+01,4.061905e+01,4.061905e+01,4.061905e+01,4.061905e+01,4.061905e+01,4.061905e+01,4.061905e+01,4.061905e+01,4.061905e+01,4.061905e+01,4.061905e+01,4.061905e+01,4.061905e+01,4.061905e+01,4.061905e+01,4.061905e+01,4.061905e+01,4.061905e+01,4.061905e+01,4.061905e+01,4.101593e+01,4.101593e+01,4.101593e+01,4.101593e+01,4.101593e+01,4.101593e+01,4.101593e+01,4.101593e+01,4.101593e+01,4.101593e+01,4.101593e+01,4.101593e+01,4.101593e+01,4.101593e+01,4.101593e+01,4.101593e+01,4.101593e+01,4.065880e+01,4.065880e+01,4.065880e+01,4.065880e+01,4.065880e+01,4.065880e+01,4.065880e+01,4.065880e+01,4.065880e+01,4.065880e+01,4.065880e+01,4.065880e+01,4.065880e+01,4.008770e+01,4.008770e+01,4.008770e+01,4.008770e+01,4.008770e+01,4.008770e+01,4.008770e+01,4.008770e+01,4.008770e+01,4.008770e+01,4.008770e+01,4.008770e+01,4.008770e+01,4.008770e+01,4.008770e+01,4.008770e+01,4.008770e+01,4.008770e+01,4.008770e+01,4.008770e+01,4.008770e+01,3.972763e+01,3.972763e+01,3.972763e+01,3.972763e+01,3.972763e+01,3.972763e+01,3.972763e+01,3.972763e+01
3.595095e+01,3.595095e+01,3.595095e+01,3.595095e+01,3.651613e+01,3.651613e+01,3.651613e+01,3.651613e+01,3.651613e+01,3.651613e+01,3.694154e+01,3.694154e+01,3.694154e+01,3.694154e+01,3.694154e+01,3.703736e+01,3.737894e+01,3.737894e+01,3.793685e+01,3.800470e+01,3.800470e+01,3.800470e+01,3.800470e+01,3.855947e+01,3.837035e+01,3.837035e+01,3.837035e+01,3.837035e+01,3.837035e+01,3.837035e+01,3.892331e+01,3.873480e+01,3.896367e+01,3.916521e+01,3.916521e+01,3.971427e+01,3.970091e+01,3.971427e+01,3.971427e+01,3.971427e+01,4.030054e+01,4.030054e+01,4.030054e+01,4.030054e+01,4.084412e+01,4.084412e+01,4.084412e+01,4.084412e+01,4.084412e+01,4.084412e+01,4.084412e+01,4.084412e+01,4.084412e+01,4.084412e+01,4.084412e+01,4.084412e+01,4.084412e+01,4.084412e+01,4.084412e+01,4.084412e+01,4.084412e+01,4.030054e+01,4.048645e+01,4.034040e+01,4.032712e+01,4.032712e+01,4.032712e+01,4.032712e+01,4.032712e+01,4.032712e+01,4.028725e+01,3.995448e+01,3.995448e+01,3.995448e+01,3.995448e+01,3.995448e+01,3.995448e+01,3.995448e+01,3.995448e+01,4.032712e+01,4.072502e+01,4.072502e+01,4.072502e+01,4.122703e+01,4.122703e+01,4.122703e+01,4.122703e+01,4.122703e+01,4.122703e+01,4.122703e+01,4.122703e+01,4.193663e+01,4.242032e+01,4.283701e+01,4.327810e+01,4.361427e+01,4.403955e+01,4.503866e+01,4.516614e+01,4.536982e+01,4.581414e+01,4.630728e+01,4.678581e+01,4.747505e+01,4.789914e+01,4.833416e+01,4.929802e+01,4.950708e+01,4.989964e+01,5.053487e+01,5.098487e+01,5.186792e+01,5.282849e+01,5.330602e+01,5.379361e+01,5.478674e+01,5.524520e+01,5.630860e+01,5.691232e+01,5.738636e+01,5.796211e+01,5.870681e+01,5.912883e+01,5.962894e+01,6.024013e+01,6.101702e+01,6.152127e+01,6.241304e+01,6.291208e+01,6.329896e+01,6.419010e+01,6.473730e+01,6.557576e+01,6.577103e+01,6.700140e+01,6.765533e+01,6.827428e+01,6.897533e+01,6.974671e+01,7.032516e+01,7.127711e+01,7.196365e+01,7.271922e+01,7.316246e+01,7.403472e+01,7.473901e+01,7.563241e+01,7.596606e+01,7.663113e+01,7.754333e+01,7.809201e+01,7.876765e+01,7.949952e+01,8.006089e+01,8.071815e+01,8.096268e+01,8.171344e+01,8.218932e+01,8.300177e+01,8.341605e+01,8.423180e+01,8.454738e+01,8.489094e+01,8.562330e+01,8.600243e+01,8.639012e+01,8.674862e+01,8.699345e+01,8.718153e+01,8.749138e+01,8.790361e+01,8.837079e+01,8.871565e+01,8.909695e+01,8.942175e+01,8.979218e+01,9.006945e+01,9.037392e+01,9.065023e+01,9.087095e+01,9.102711e+01,9.118313e+01,9.118313e+01,9.118313e+01,9.155882e+01,9.154966e+01,9.164117e+01,9.164117e+01,9.164117e+01,9.164117e+01,9.164117e+01,9.164117e+01,9.201583e+01,9.191540e+01,9.191540e+01,9.191540e+01,9.191540e+01,9.191540e+01,9.191540e+01,9.191540e+01,9.191540e+01,9.191540e+01,9.191540e+01,9.191540e+01,9.191540e+01,9.191540e+01,9.191540e+01,9.154050e+01,9.162287e+01,9.158627e+01,9.158627e+01,9.158627e+01,9.158627e+01,9.158627e+01,9.158627e+01,9.158627e+01,9.158627e+01,9.121065e+01,9.143979e+01,9.128400e+01,9.127484e+01,9.127484e+01,9.127484e+01,9.127484e+01,9.089851e+01,9.089851e+01,9.089851e+01,9.089851e+01,9.089851e+01,9.089851e+01,9.089851e+01,9.089851e+01,9.052134e+01,9.065023e+01,9.065023e+01,9.065023e+01,9.065023e+01,9.065023e+01,9.045686e+01,9.045686e+01,9.045686e+01,9.045686e+01,9.045686e+01,9.045686e+01,9.045686e+01,9.045686e+01,9.023560e+01,9.023560e+01,9.023560e+01,9.023560e+01,9.023560e+01,8.985692e+01,8.985692e+01,8.985692e+01,8.985692e+01,8.985692e+01,8.985692e+01,8.985692e+01,8.963485e+01,8.963485e+01,8.963485e+01,8.963485e+01,8.935684e+01,8.935684e+01,8.935684e+01,8.935684e+01,8.935684e+01,8.910624e+01,8.910624e+01,8.910624e+01,8.910624e+01,8.910624e+01,8.910624e+01,8.872496e+01,8.877151e+01,8.877151e+01,8.877151e+01,8.877151e+01,8.877151e+01,8.877151e+01,8.877151e+01,8.877151e+01,8.877151e+01,8.877151e+01,8.844542e+01,8.844542e+01,8.844542e+01,8.844542e+01,8.844542e+01,8.844542e+01,8.844542e+01,8.844542e+01,8.844542e+01,8.844542e+01,8.844542e+01,8.844542e+01,8.844542e+01,8.844542e+01,8.844542e+01,8.844542e+01,8.844542e+01,8.844542e+01,8.844542e+01,8.844542e+01,8.844542e+01,8.844542e+01,8.844542e+01,8.844542e+01,8.844542e+01,8.844542e+01,8.882734e+01,8.859457e+01,8.859457e+01,8.859457e+01,8.859457e+01,8.859457e+01,8.859457e+01,8.859457e+01,8.859457e+01,8.859457e+01,8.859457e+01,8.859457e+01,8.897614e+01,8.884595e+01,8.884595e+01,8.884595e+01,8.884595e+01,8.884595e+01,8.884595e+01,8.884595e+01,8.884595e+01,8.884595e+01,8.884595e+01,8.884595e+01,8.884595e+01,8.884595e+01,8.884595e+01,8.884595e+01,8.884595e+01,8.884595e+01,8.884595e+01,8.884595e+01,8.884595e+01,8.884595e+01,8.922695e+01,8.903191e+01,8.903191e+01,8.903191e+01,8.903191e+01,8.903191e+01,8.903191e+01,8.903191e+01,8.865046e+01,8.865977e+01,8.861320e+01,8.861320e+01,8.861320e+01,8.861320e+01,8.823077e+01,8.812802e+01,8.835213e+01,8.790361e+01,8.777256e+01,8.777256e+01,8.777256e+01,8.767889e+01,8.728487e+01,8.707811e+01,8.682399e+01,8.666378e+01,8.638068e+01,8.613492e+01,8.629565e+01,8.593615e+01,8.527180e+01,8.528131e+01,8.501482e+01,8.468107e+01,8.468107e+01,8.433706e+01,8.392519e+01,8.365641e+01,8.341605e+01,8.305964e+01,8.247028e+01,8.247996e+01,8.219901e+01,8.159667e+01,8.120683e+01,8.068878e+01,8.029665e+01,7.971643e+01,7.940083e+01,7.904498e+01,7.830098e+01,7.773310e+01,7.730328e+01,7.674169e+01,7.640977e+01,7.565265e+01,7.527772e+01,7.460657e+01,7.423920e+01,7.345036e+01,7.303890e+01,7.222285e+01,7.161038e+01,7.121455e+01,7.051395e+01,6.998889e+01,6.952524e+01,6.864648e+01,6.806116e+01,6.730194e+01,6.691541e+01,6.625800e+01,6.581438e+01,6.510816e+01,6.429971e+01,6.380575e+01,6.295635e+01,6.253520e+01,6.177826e+01,6.085976e+01,6.031915e+01,5.953815e+01,5.867253e+01,5.813434e+01,5.738636e+01,5.691232e+01,5.611061e+01,5.517477e+01,5.460996e+01,5.390039e+01,5.331794e+01,5.275670e+01,5.180764e+01,5.125166e+01,5.079048e+01,4.986289e+01,4.942104e+01,4.887882e+01,4.844577e+01,4.796139e+01,4.722488e+01,4.681095e+01,4.640818e+01,4.589014e+01,4.559853e+01,4.517888e+01,4.484719e+01,4.414242e+01,4.412957e+01,4.340751e+01,4.336870e+01,4.295393e+01,4.275899e+01,4.261583e+01,4.219834e+01,4.187111e+01,4.156924e+01,4.122703e+01,4.098951e+01,4.098951e+01,4.098951e+01,4.039353e+01,4.048645e+01,4.018087e+01,3.976770e+01,3.954047e+01,3.954047e+01,3.954047e+01,3.954047e+01,3.895021e+01,3.895021e+01,3.895021e+01,3.950032e+01,3.950032e+01,3.950032e+01,3.950032e+01,3.950032e+01,3.992781e+01,3.992781e+01,3.992781e+01,3.992781e+01,4.047318e+01,4.032712e+01,4.032712e+01,4.032712e+01,4.032712e+01,4.032712e+01,4.032712e+01,4.032712e+01,4.032712e+01,4.032712e+01,4.032712e+01,4.032712e+01,4.032712e+01,4.032712e+01,4.032712e+01,4.032712e+01,4.032712e+01,4.032712e+01,4.032712e+01,4.032712e+01,4.032712e+01,4.032712e+01,4.032712e+01,4.032712e+01,4.069854e+01,4.069854e+01,4.069854e+01,4.069854e+01,4.069854e+01,4.124021e+01,4.124021e+01,4.124021e+01,4.124021e+01,4.124021e+01,4.168746e+01,4.168746e+01,4.168746e+01,4.168746e+01,4.168746e+01,4.168746e+01,4.168746e+01,4.222448e+01,4.194973e+01,4.194973e+01,4.194973e+01,4.194973e+01,4.194973e+01,4.194973e+01,4.194973e+01,4.194973e+01,4.194973e+01,4.141142e+01,4.150351e+01,4.150351e+01,4.150351e+01,4.150351e+01,4.150351e+01,4.150351e+01,4.096309e+01,4.129292e+01,4.129292e+01,4.129292e+01,4.129292e+01,4.129292e+01,4.129292e+01,4.075150e+01,4.093666e+01,4.093666e+01,4.093666e+01,4.093666e+01,4.093666e+01,4.093666e+01,4.093666e+01,4.093666e+01,4.093666e+01,4.093666e+01,4.093666e+01,4.093666e+01,4.061905e+01,4.061905e+01,4.061905e+01,4.061905e+01,4.061905e+01,4.061905e+01,4.061905e+01,4.061905e+01,4.061905e+01,4.061905e+01,4.061905e+01,4.061905e+01,4.061905e+01,4.061905e+01,4.061905e+01,4.061905e+01,4.061905e+01,4.061905e+01,4.101593e+01,4.101593e+01,4.101593e+01,4.101593e+01,4.101593e+01,4.101593e+01,4.101593e+01,4.101593e+01,4.101593e+01,4.101593e+01,4.101593e+01,4.101593e+01,4.101593e+01,4.101593e+01,4.101593e+01,4.101593e+01,4.101593e+01,4.101593e+01,4.065880e+01,4.065880e+01,4.065880e+01,4.065880e+01,4.065880e+01,4.065880e+01,4.065880e+01,4.065880e+01,4.065880e+01,4.065880e+01,4.065880e+01,4.065880e+01,4.063230e+01,4.030054e+01,4.030054e+01,4.030054e+01,4.030054e+01,4.030054e+01,4.030054e+01,4.030054e+01,4.030054e+01,4.030054e+01,4.030054e+01,3.975434e+01,3.994115e+01,3.994115e+01,3.994115e+01,3.994115e+01,3.994115e+01,3.994115e+01,3.994115e+01,3.994115e+01,3.994115e+01,3.994115e+01,3.994115e+01,3.994115e+01,3.994115e+01,3.939320e+01,3.958060e+01,3.958060e+01,3.958060e+01
3.595095e+01,3.595095e+01,3.595095e+01,3.595095e+01,3.651613e+01,3.651613e+01,3.651613e+01,3.651613e+01,3.651613e+01,3.651613e+01,3.651613e+01,3.651613e+01,3.694154e+01,3.694154e+01,3.750165e+01,3.739258e+01,3.735165e+01,3.759700e+01,3.780103e+01,3.780103e+01,3.780103e+01,3.835683e+01,3.834330e+01,3.841090e+01,3.841090e+01,3.841090e+01,3.841090e+01,3.841090e+01,3.841090e+01,3.841090e+01,3.841090e+01,3.873480e+01,3.873480e+01,3.873480e+01,3.916521e+01,3.958060e+01,3.958060e+01,3.958060e+01,3.958060e+01,4.012764e+01,4.015426e+01,4.015426e+01,4.069854e+01,4.068529e+01,4.069854e+01,4.069854e+01,4.069854e+01,4.069854e+01,4.069854e+01,4.069854e+01,4.069854e+01,4.069854e+01,4.069854e+01,4.069854e+01,4.069854e+01,4.069854e+01,4.069854e+01,4.069854e+01,4.069854e+01,4.069854e+01,4.069854e+01,4.069854e+01,4.069854e+01,4.069854e+01,4.032712e+01,4.032712e+01,4.032712e+01,4.032712e+01,4.032712e+01,3.978105e+01,3.988781e+01,3.992781e+01,3.992781e+01,3.992781e+01,3.992781e+01,3.992781e+01,3.992781e+01,3.992781e+01,4.047318e+01,4.055276e+01,4.067204e+01,4.067204e+01,4.067204e+01,4.122703e+01,4.122703e+01,4.122703e+01,4.122703e+01,4.122703e+01,4.122703e+01,4.122703e+01,4.176620e+01,4.206756e+01,4.239423e+01,4.292796e+01,4.325219e+01,4.370461e+01,4.409100e+01,4.438637e+01,4.483441e+01,4.542068e+01,4.586481e+01,4.635774e+01,4.683607e+01,4.752502e+01,4.794894e+01,4.838377e+01,4.916256e+01,4.950708e+01,5.000982e+01,5.058360e+01,5.152996e+01,5.198840e+01,5.288828e+01,5.336558e+01,5.385294e+01,5.484560e+01,5.530386e+01,5.588897e+01,5.686598e+01,5.738636e+01,5.800806e+01,5.875250e+01,5.917437e+01,5.967431e+01,6.028529e+01,6.106192e+01,6.156599e+01,6.245747e+01,6.295635e+01,6.334310e+01,6.423396e+01,6.478098e+01,6.545629e+01,6.629041e+01,6.697990e+01,6.767671e+01,6.831687e+01,6.901771e+01,6.978886e+01,7.036713e+01,7.131882e+01,7.200515e+01,7.276051e+01,7.320363e+01,7.407564e+01,7.477973e+01,7.525742e+01,7.591555e+01,7.662107e+01,7.716309e+01,7.803225e+01,7.873790e+01,7.949952e+01,8.009039e+01,8.069857e+01,8.103108e+01,8.174261e+01,8.221841e+01,8.303071e+01,8.344491e+01,8.386763e+01,8.449004e+01,8.485280e+01,8.560432e+01,8.600243e+01,8.640901e+01,8.672977e+01,8.693698e+01,8.729427e+01,8.751014e+01,8.792233e+01,8.838945e+01,8.873427e+01,8.911552e+01,8.944029e+01,8.977367e+01,9.013409e+01,9.035548e+01,9.064103e+01,9.082499e+01,9.082499e+01,9.118313e+01,9.118313e+01,9.118313e+01,9.155882e+01,9.155882e+01,9.155882e+01,9.193366e+01,9.180576e+01,9.180576e+01,9.180576e+01,9.180576e+01,9.180576e+01,9.180576e+01,9.180576e+01,9.180576e+01,9.180576e+01,9.180576e+01,9.180576e+01,9.180576e+01,9.180576e+01,9.180576e+01,9.180576e+01,9.180576e+01,9.180576e+01,9.180576e+01,9.180576e+01,9.180576e+01,9.180576e+01,9.180576e+01,9.180576e+01,9.158627e+01,9.158627e+01,9.158627e+01,9.158627e+01,9.158627e+01,9.158627e+01,9.158627e+01,9.158627e+01,9.128400e+01,9.128400e+01,9.128400e+01,9.128400e+01,9.128400e+01,9.089851e+01,9.089851e+01,9.089851e+01,9.089851e+01,9.089851e+01,9.089851e+01,9.089851e+01,9.089851e+01,9.089851e+01,9.089851e+01,9.089851e+01,9.065023e+01,9.065023e+01,9.065023e+01,9.065023e+01,9.065023e+01,9.065023e+01,9.065023e+01,9.045686e+01,9.045686e+01,9.045686e+01,9.007869e+01,9.017101e+01,9.017101e+01,9.017101e+01,9.017101e+01,9.017101e+01,9.017101e+01,9.017101e+01,8.985692e+01,8.985692e+01,8.985692e+01,8.985692e+01,8.985692e+01,8.963485e+01,8.963485e+01,8.963485e+01,8.963485e+01,8.963485e+01,8.963485e+01,8.935684e+01,8.935684e+01,8.935684e+01,8.935684e+01,8.910624e+01,8.910624e+01,8.910624e+01,8.872496e+01,8.880873e+01,8.882734e+01,8.882734e+01,8.882734e+01,8.882734e+01,8.882734e+01,8.882734e+01,8.882734e+01,8.882734e+01,8.882734e+01,8.844542e+01,8.852933e+01,8.854797e+01,8.854797e+01,8.854797e+01,8.854797e+01,8.854797e+01,8.854797e+01,8.854797e+01,8.854797e+01,8.854797e+01,8.854797e+01,8.854797e+01,8.854797e+01,8.854797e+01,8.854797e+01,8.854797e+01,8.854797e+01,8.854797e+01,8.854797e+01,8.854797e+01,8.854797e+01,8.854797e+01,8.854797e+01,8.854797e+01,8.854797e+01,8.854797e+01,8.854797e+01,8.854797e+01,8.854797e+01,8.854797e+01,8.854797e+01,8.854797e+01,8.854797e+01,8.854797e+01,8.854797e+01,8.892966e+01,8.869703e+01,8.869703e+01,8.869703e+01,8.869703e+01,8.869703e+01,8.869703e+01,8.869703e+01,8.869703e+01,8.869703e+01,8.869703e+01,8.869703e+01,8.869703e+01,8.869703e+01,8.869703e+01,8.869703e+01,8.869703e+01,8.869703e+01,8.869703e+01,8.869703e+01,8.869703e+01,8.907837e+01,8.894826e+01,8.894826e+01,8.894826e+01,8.894826e+01,8.894826e+01,8.894826e+01,8.894826e+01,8.894826e+01,8.894826e+01,8.894826e+01,8.894826e+01,8.894826e+01,8.894826e+01,8.894826e+01,8.894826e+01,8.861320e+01,8.861320e+01,8.861320e+01,8.861320e+01,8.812802e+01,8.822144e+01,8.800650e+01,8.800650e+01,8.800650e+01,8.777256e+01,8.751014e+01,8.730366e+01,8.708752e+01,8.687108e+01,8.660720e+01,8.637123e+01,8.617275e+01,8.612546e+01,8.552837e+01,8.537638e+01,8.527180e+01,8.492906e+01,8.478604e+01,8.461424e+01,8.430836e+01,8.394437e+01,8.366602e+01,8.333906e+01,8.303071e+01,8.257672e+01,8.247028e+01,8.211172e+01,8.156747e+01,8.117756e+01,8.065941e+01,8.026720e+01,7.973614e+01,7.933170e+01,7.901529e+01,7.827115e+01,7.770315e+01,7.727325e+01,7.671155e+01,7.637955e+01,7.562228e+01,7.524728e+01,7.457599e+01,7.420855e+01,7.341955e+01,7.300800e+01,7.219176e+01,7.157917e+01,7.118324e+01,7.048251e+01,6.995733e+01,6.949357e+01,6.861462e+01,6.802916e+01,6.726977e+01,6.688315e+01,6.622559e+01,6.578187e+01,6.507548e+01,6.426684e+01,6.377276e+01,6.292315e+01,6.250189e+01,6.174476e+01,6.082603e+01,6.028529e+01,5.950409e+01,5.910606e+01,5.820317e+01,5.743251e+01,5.645979e+01,5.599400e+01,5.513955e+01,5.457458e+01,5.386481e+01,5.328218e+01,5.272079e+01,5.177145e+01,5.121531e+01,5.075399e+01,4.982613e+01,4.938415e+01,4.884176e+01,4.840858e+01,4.792405e+01,4.718731e+01,4.683607e+01,4.683607e+01,4.610521e+01,4.571273e+01,4.531893e+01,4.488551e+01,4.432222e+01,4.407814e+01,4.354969e+01,4.336870e+01,4.353678e+01,4.248552e+01,4.249856e+01,4.218526e+01,4.185801e+01,4.155610e+01,4.129292e+01,4.129292e+01,4.098951e+01,4.075150e+01,4.053951e+01,4.039353e+01,4.016756e+01,3.983444e+01,3.983444e+01,3.954047e+01,3.954047e+01,3.899056e+01,3.909807e+01,3.909807e+01,3.909807e+01,3.950032e+01,3.950032e+01,3.950032e+01,3.950032e+01,4.004775e+01,3.991448e+01,3.991448e+01,3.991448e+01,3.991448e+01,4.047318e+01,4.047318e+01,4.047318e+01,4.047318e+01,4.047318e+01,4.047318e+01,4.047318e+01,4.047318e+01,4.047318e+01,4.047318e+01,3.992781e+01,4.011433e+01,4.011433e+01,4.011433e+01,4.011433e+01,4.011433e+01,4.011433e+01,4.011433e+01,4.011433e+01,4.011433e+01,4.011433e+01,4.011433e+01,4.011433e+01,4.065880e+01,4.065880e+01,4.065880e+01,4.065880e+01,4.065880e+01,4.120066e+01,4.109513e+01,4.109513e+01,4.109513e+01,4.109513e+01,4.163493e+01,4.154295e+01,4.154295e+01,4.208064e+01,4.189733e+01,4.189733e+01,4.189733e+01,4.189733e+01,4.189733e+01,4.189733e+01,4.189733e+01,4.189733e+01,4.189733e+01,4.189733e+01,4.189733e+01,4.189733e+01,4.135877e+01,4.147721e+01,4.155610e+01,4.155610e+01,4.155610e+01,4.155610e+01,4.155610e+01,4.155610e+01,4.155610e+01,4.155610e+01,4.101593e+01,4.120066e+01,4.120066e+01,4.120066e+01,4.120066e+01,4.120066e+01,4.120066e+01,4.120066e+01,4.120066e+01,4.065880e+01,4.084412e+01,4.084412e+01,4.084412e+01,4.084412e+01,4.084412e+01,4.084412e+01,4.084412e+01,4.084412e+01,4.084412e+01,4.084412e+01,4.030054e+01,4.048645e+01,4.048645e+01,4.048645e+01,4.048645e+01,4.048645e+01,4.048645e+01,4.048645e+01,4.048645e+01,4.048645e+01,4.048645e+01,4.048645e+01,4.048645e+01,4.102913e+01,4.084412e+01,4.084412e+01,4.084412e+01,4.084412e+01,4.084412e+01,4.084412e+01,4.084412e+01,4.084412e+01,4.084412e+01,4.084412e+01,4.084412e+01,4.084412e+01,4.084412e+01,4.084412e+01,4.084412e+01,4.084412e+01,4.084412e+01,4.084412e+01,4.084412e+01,4.084412e+01,4.084412e+01,4.084412e+01,4.084412e+01,4.084412e+01,4.084412e+01,4.030054e+01,4.048645e+01,4.048645e+01,4.048645e+01,4.048645e+01,4.048645e+01,4.048645e+01,4.048645e+01,4.048645e+01,4.048645e+01,4.048645e+01,4.048645e+01,4.048645e+01,4.048645e+01,3.994115e+01,4.012764e+01,4.012764e+01,4.012764e+01,4.012764e+01,4.012764e+01,4.012764e+01,4.012764e+01,4.012764e+01,4.012764e+01,4.012764e+01,4.012764e+01,4.012764e+01,4.012764e+01,4.012764e+01,3.958060e+01,3.976770e+01,3.976770e+01,3.976770e+01,3.976770e+01,3.976770e+01,3.976770e+01,3.976770e+01
3.595095e+01,3.595095e+01,3.595095e+01,3.651613e+01,3.636478e+01,3.636478e+01,3.636478e+01,3.636478e+01,3.636478e+01,3.692784e+01,3.673590e+01,3.688674e+01,3.690044e+01,3.714679e+01,3.735165e+01,3.735165e+01,3.735165e+01,3.790970e+01,3.771946e+01,3.771946e+01,3.771946e+01,3.835683e+01,3.835683e+01,3.835683e+01,3.835683e+01,3.835683e+01,3.835683e+01,3.835683e+01,3.835683e+01,3.835683e+01,3.890985e+01,3.877522e+01,3.877522e+01,3.877522e+01,3.916521e+01,3.951371e+01,3.951371e+01,3.951371e+01,4.006107e+01,3.998114e+01,3.998114e+01,4.052624e+01,4.055276e+01,4.055276e+01,4.055276e+01,4.055276e+01,4.055276e+01,4.055276e+01,4.055276e+01,4.055276e+01,4.055276e+01,4.055276e+01,4.055276e+01,4.055276e+01,4.055276e+01,4.055276e+01,4.055276e+01,4.055276e+01,4.055276e+01,4.055276e+01,4.055276e+01,4.055276e+01,4.055276e+01,4.055276e+01,4.055276e+01,4.055276e+01,4.000779e+01,4.019417e+01,3.995448e+01,3.992781e+01,3.992781e+01,3.992781e+01,3.992781e+01,3.992781e+01,3.992781e+01,3.992781e+01,3.992781e+01,3.992781e+01,4.047318e+01,4.047318e+01,4.101593e+01,4.083089e+01,4.106874e+01,4.108194e+01,4.108194e+01,4.108194e+01,4.108194e+01,4.108194e+01,4.108194e+01,4.162180e+01,4.177932e+01,4.208064e+01,4.249856e+01,4.290198e+01,4.332988e+01,4.367881e+01,4.407814e+01,4.447611e+01,4.487273e+01,4.545882e+01,4.590280e+01,4.639558e+01,4.687376e+01,4.756248e+01,4.798627e+01,4.842097e+01,4.913791e+01,4.958078e+01,5.004652e+01,5.062013e+01,5.156621e+01,5.202452e+01,5.292414e+01,5.340131e+01,5.388853e+01,5.488091e+01,5.533904e+01,5.592399e+01,5.642492e+01,5.731709e+01,5.797360e+01,5.875250e+01,5.920852e+01,5.970833e+01,6.031915e+01,6.109558e+01,6.159953e+01,6.249079e+01,6.298954e+01,6.337620e+01,6.426684e+01,6.481374e+01,6.548888e+01,6.632280e+01,6.701214e+01,6.770879e+01,6.834880e+01,6.904948e+01,6.982047e+01,7.039861e+01,7.135008e+01,7.203626e+01,7.279147e+01,7.323449e+01,7.410632e+01,7.481027e+01,7.528786e+01,7.594585e+01,7.665124e+01,7.719314e+01,7.806213e+01,7.876765e+01,7.952911e+01,8.011987e+01,8.072794e+01,8.106039e+01,8.177179e+01,8.224749e+01,8.305964e+01,8.347377e+01,8.389641e+01,8.451871e+01,8.488140e+01,8.563279e+01,8.603083e+01,8.604976e+01,8.653173e+01,8.694640e+01,8.727548e+01,8.756641e+01,8.794103e+01,8.840811e+01,8.875289e+01,8.913410e+01,8.945883e+01,8.979218e+01,9.011562e+01,9.034627e+01,9.058580e+01,9.120148e+01,9.111890e+01,9.108219e+01,9.145811e+01,9.144894e+01,9.145811e+01,9.145811e+01,9.183318e+01,9.183318e+01,9.183318e+01,9.183318e+01,9.183318e+01,9.183318e+01,9.183318e+01,9.183318e+01,9.183318e+01,9.183318e+01,9.183318e+01,9.183318e+01,9.183318e+01,9.183318e+01,9.183318e+01,9.183318e+01,9.183318e+01,9.183318e+01,9.183318e+01,9.183318e+01,9.183318e+01,9.183318e+01,9.183318e+01,9.183318e+01,9.145811e+01,9.154966e+01,9.154966e+01,9.154966e+01,9.154966e+01,9.154966e+01,9.154966e+01,9.154966e+01,9.117396e+01,9.127484e+01,9.127484e+01,9.127484e+01,9.127484e+01,9.127484e+01,9.127484e+01,9.089851e+01,9.089851e+01,9.089851e+01,9.089851e+01,9.089851e+01,9.089851e+01,9.089851e+01,9.089851e+01,9.089851e+01,9.089851e+01,9.089851e+01,9.065023e+01,9.065023e+01,9.065023e+01,9.065023e+01,9.065023e+01,9.065023e+01,9.045686e+01,9.045686e+01,9.045686e+01,9.007869e+01,9.007869e+01,9.007869e+01,9.007869e+01,9.007869e+01,9.007869e+01,9.007869e+01,9.007869e+01,8.985692e+01,8.985692e+01,8.985692e+01,8.985692e+01,8.985692e+01,8.985692e+01,8.963485e+01,8.963485e+01,8.963485e+01,8.925479e+01,8.932902e+01,8.942175e+01,8.942175e+01,8.942175e+01,8.904121e+01,8.913410e+01,8.913410e+01,8.913410e+01,8.913410e+01,8.913410e+01,8.882734e+01,8.882734e+01,8.882734e+01,8.882734e+01,8.882734e+01,8.882734e+01,8.882734e+01,8.882734e+01,8.882734e+01,8.844542e+01,8.844542e+01,8.844542e+01,8.844542e+01,8.844542e+01,8.844542e+01,8.844542e+01,8.844542e+01,8.844542e+01,8.844542e+01,8.844542e+01,8.844542e+01,8.844542e+01,8.844542e+01,8.844542e+01,8.844542e+01,8.844542e+01,8.844542e+01,8.844542e+01,8.844542e+01,8.844542e+01,8.882734e+01,8.869703e+01,8.869703e+01,8.869703e+01,8.869703e+01,8.869703e+01,8.869703e+01,8.869703e+01,8.869703e+01,8.869703e+01,8.869703e+01,8.869703e+01,8.869703e+01,8.869703e+01,8.869703e+01,8.869703e+01,8.869703e+01,8.869703e+01,8.869703e+01,8.869703e+01,8.869703e+01,8.869703e+01,8.907837e+01,8.883665e+01,8.883665e+01,8.883665e+01,8.883665e+01,8.883665e+01,8.883665e+01,8.883665e+01,8.883665e+01,8.883665e+01,8.883665e+01,8.883665e+01,8.883665e+01,8.921767e+01,8.911552e+01,8.911552e+01,8.911552e+01,8.873427e+01,8.886456e+01,8.924551e+01,8.911552e+01,8.911552e+01,8.873427e+01,8.886456e+01,8.924551e+01,8.911552e+01,8.911552e+01,8.911552e+01,8.873427e+01,8.874358e+01,8.871565e+01,8.871565e+01,8.871565e+01,8.871565e+01,8.851069e+01,8.829613e+01,8.812802e+01,8.812802e+01,8.774446e+01,8.770699e+01,8.750076e+01,8.729427e+01,8.707811e+01,8.686166e+01,8.659777e+01,8.636179e+01,8.622003e+01,8.600243e+01,8.563279e+01,8.563279e+01,8.527180e+01,8.503387e+01,8.478604e+01,8.450916e+01,8.423180e+01,8.396355e+01,8.360837e+01,8.335831e+01,8.297282e+01,8.268309e+01,8.240251e+01,8.209232e+01,8.154800e+01,8.115804e+01,8.063982e+01,8.024757e+01,7.971643e+01,7.935145e+01,7.895589e+01,7.825125e+01,7.809201e+01,7.734332e+01,7.676178e+01,7.640977e+01,7.563241e+01,7.523713e+01,7.455560e+01,7.418811e+01,7.339899e+01,7.298739e+01,7.217104e+01,7.155836e+01,7.116238e+01,7.046153e+01,6.993628e+01,6.903889e+01,6.850835e+01,6.799715e+01,6.723759e+01,6.685088e+01,6.619317e+01,6.574934e+01,6.504279e+01,6.423396e+01,6.373976e+01,6.288994e+01,6.246858e+01,6.171126e+01,6.079230e+01,6.025142e+01,5.947002e+01,5.907188e+01,5.816876e+01,5.739790e+01,5.642492e+01,5.595900e+01,5.510431e+01,5.453918e+01,5.382922e+01,5.324643e+01,5.268488e+01,5.173526e+01,5.117896e+01,5.071750e+01,4.978936e+01,4.934724e+01,4.880469e+01,4.837137e+01,4.788669e+01,4.721236e+01,4.692398e+01,4.618103e+01,4.606729e+01,4.570004e+01,4.521709e+01,4.484719e+01,4.446329e+01,4.397522e+01,4.369171e+01,4.369171e+01,4.316150e+01,4.262885e+01,4.248552e+01,4.217220e+01,4.238118e+01,4.196283e+01,4.151666e+01,4.137194e+01,4.113472e+01,4.113472e+01,4.053951e+01,4.053951e+01,4.016756e+01,3.990114e+01,3.975434e+01,3.960735e+01,3.935300e+01,3.913836e+01,3.913836e+01,3.913836e+01,3.913836e+01,3.950032e+01,3.950032e+01,3.950032e+01,4.004775e+01,3.990114e+01,3.990114e+01,3.990114e+01,3.990114e+01,4.044664e+01,4.032712e+01,4.032712e+01,4.032712e+01,4.032712e+01,4.032712e+01,4.032712e+01,4.032712e+01,4.032712e+01,4.032712e+01,4.032712e+01,4.032712e+01,4.032712e+01,4.032712e+01,4.032712e+01,4.032712e+01,4.032712e+01,4.032712e+01,4.032712e+01,4.032712e+01,4.032712e+01,4.032712e+01,4.032712e+01,4.032712e+01,4.032712e+01,4.032712e+01,4.065880e+01,4.065880e+01,4.120066e+01,4.105554e+01,4.105554e+01,4.105554e+01,4.105554e+01,4.159552e+01,4.149036e+01,4.149036e+01,4.202830e+01,4.193663e+01,4.193663e+01,4.193663e+01,4.193663e+01,4.193663e+01,4.193663e+01,4.193663e+01,4.193663e+01,4.193663e+01,4.193663e+01,4.193663e+01,4.193663e+01,4.193663e+01,4.135877e+01,4.189733e+01,4.171371e+01,4.171371e+01,4.171371e+01,4.117429e+01,4.135877e+01,4.135877e+01,4.135877e+01,4.135877e+01,4.135877e+01,4.135877e+01,4.135877e+01,4.135877e+01,4.081766e+01,4.100272e+01,4.100272e+01,4.100272e+01,4.100272e+01,4.100272e+01,4.100272e+01,4.100272e+01,4.100272e+01,4.045991e+01,4.064555e+01,4.064555e+01,4.064555e+01,4.064555e+01,4.064555e+01,4.064555e+01,4.064555e+01,4.064555e+01,4.064555e+01,4.064555e+01,4.064555e+01,4.064555e+01,4.064555e+01,4.064555e+01,4.064555e+01,4.064555e+01,4.064555e+01,4.064555e+01,4.064555e+01,4.064555e+01,4.064555e+01,4.064555e+01,4.064555e+01,4.118748e+01,4.100272e+01,4.100272e+01,4.100272e+01,4.100272e+01,4.100272e+01,4.100272e+01,4.100272e+01,4.100272e+01,4.100272e+01,4.100272e+01,4.100272e+01,4.100272e+01,4.100272e+01,4.100272e+01,4.100272e+01,4.100272e+01,4.100272e+01,4.100272e+01,4.100272e+01,4.045991e+01,4.047318e+01,4.044664e+01,4.044664e+01,4.044664e+01,4.044664e+01,4.044664e+01,4.044664e+01,4.044664e+01,4.044664e+01,4.044664e+01,4.044664e+01,4.044664e+01,4.044664e+01,4.044664e+01,4.044664e+01,4.044664e+01,4.044664e+01,4.044664e+01,4.012764e+01,4.012764e+01,4.012764e+01,4.012764e+01,4.012764e+01,4.012764e+01,4.012764e+01,4.012764e+01,4.012764e+01,4.012764e+01,4.012764e+01,4.012764e+01,4.012764e+01,4.012764e+01,3.976770e+01,3.976770e+01,3.976770e+01,3.976770e+01,3.976770e+01,3.976770e+01
3.595095e+01,3.595095e+01,3.595095e+01,3.595095e+01,3.636478e+01,3.636478e+01,3.636478e+01,3.636478e+01,3.636478e+01,3.692784e+01,3.692784e+01,3.692784e+01,3.692784e+01,3.692784e+01,3.735165e+01,3.735165e+01,3.735165e+01,3.790970e+01,3.790970e+01,3.790970e+01,3.790970e+01,3.790970e+01,3.790970e+01,3.835683e+01,3.835683e+01,3.835683e+01,3.835683e+01,3.835683e+01,3.835683e+01,3.835683e+01,3.835683e+01,3.877522e+01,3.877522e+01,3.932619e+01,3.940659e+01,3.944677e+01,3.944677e+01,3.944677e+01,4.006107e+01,4.006107e+01,4.006107e+01,4.052624e+01,4.052624e+01,4.052624e+01,4.052624e+01,4.052624e+01,4.052624e+01,4.052624e+01,4.052624e+01,4.052624e+01,4.052624e+01,4.052624e+01,4.052624e+01,4.052624e+01,4.052624e+01,4.052624e+01,4.052624e+01,4.052624e+01,4.052624e+01,4.052624e+01,4.052624e+01,4.052624e+01,4.052624e+01,4.052624e+01,4.052624e+01,4.052624e+01,4.052624e+01,4.019417e+01,4.019417e+01,4.019417e+01,4.019417e+01,4.019417e+01,4.019417e+01,4.019417e+01,4.019417e+01,4.019417e+01,4.019417e+01,4.019417e+01,4.019417e+01,4.047318e+01,4.087056e+01,4.087056e+01,4.087056e+01,4.141142e+01,4.122703e+01,4.122703e+01,4.122703e+01,4.122703e+01,4.122703e+01,4.122703e+01,4.177932e+01,4.208064e+01,4.249856e+01,4.300586e+01,4.330399e+01,4.365300e+01,4.405242e+01,4.445048e+01,4.494934e+01,4.549694e+01,4.594078e+01,4.643340e+01,4.691143e+01,4.759994e+01,4.802359e+01,4.845816e+01,4.917488e+01,4.961762e+01,5.008322e+01,5.065665e+01,5.160246e+01,5.206063e+01,5.295999e+01,5.343702e+01,5.440932e+01,5.451558e+01,5.523347e+01,5.634350e+01,5.652952e+01,5.737481e+01,5.803103e+01,5.880959e+01,5.926542e+01,5.976500e+01,6.037557e+01,6.115167e+01,6.165541e+01,6.254630e+01,6.304485e+01,6.343135e+01,6.432163e+01,6.486831e+01,6.554318e+01,6.637678e+01,6.706586e+01,6.776224e+01,6.840201e+01,6.910242e+01,6.987312e+01,7.045105e+01,7.140218e+01,7.208812e+01,7.284306e+01,7.328592e+01,7.415745e+01,7.486115e+01,7.533858e+01,7.599635e+01,7.670149e+01,7.724322e+01,7.811192e+01,7.881721e+01,7.957843e+01,7.976569e+01,8.068878e+01,8.106039e+01,8.181068e+01,8.228626e+01,8.270242e+01,8.342567e+01,8.387722e+01,8.452827e+01,8.491000e+01,8.566125e+01,8.592668e+01,8.612546e+01,8.656004e+01,8.697462e+01,8.725670e+01,8.762266e+01,8.796909e+01,8.843609e+01,8.878082e+01,8.916196e+01,8.948664e+01,8.981992e+01,9.009715e+01,9.032783e+01,9.064103e+01,9.072383e+01,9.096282e+01,9.113726e+01,9.135733e+01,9.135733e+01,9.135733e+01,9.135733e+01,9.183318e+01,9.145811e+01,9.169605e+01,9.169605e+01,9.169605e+01,9.169605e+01,9.169605e+01,9.207059e+01,9.194279e+01,9.194279e+01,9.194279e+01,9.194279e+01,9.194279e+01,9.194279e+01,9.194279e+01,9.194279e+01,9.194279e+01,9.194279e+01,9.194279e+01,9.194279e+01,9.194279e+01,9.156797e+01,9.169605e+01,9.152220e+01,9.155882e+01,9.155882e+01,9.155882e+01,9.155882e+01,9.155882e+01,9.155882e+01,9.155882e+01,9.155882e+01,9.155882e+01,9.127484e+01,9.127484e+01,9.127484e+01,9.127484e+01,9.127484e+01,9.127484e+01,9.127484e+01,9.089851e+01,9.127484e+01,9.103629e+01,9.103629e+01,9.103629e+01,9.103629e+01,9.065943e+01,9.078821e+01,9.078821e+01,9.078821e+01,9.078821e+01,9.078821e+01,9.041079e+01,9.053976e+01,9.053976e+01,9.053976e+01,9.053976e+01,9.053976e+01,9.053976e+01,9.053976e+01,9.045686e+01,9.021714e+01,9.021714e+01,9.021714e+01,9.021714e+01,9.021714e+01,8.983842e+01,8.986617e+01,8.986617e+01,8.986617e+01,8.986617e+01,8.986617e+01,8.986617e+01,8.963485e+01,8.963485e+01,8.963485e+01,8.925479e+01,8.925479e+01,8.925479e+01,8.925479e+01,8.925479e+01,8.925479e+01,8.925479e+01,8.925479e+01,8.925479e+01,8.887386e+01,8.888316e+01,8.892966e+01,8.892966e+01,8.892966e+01,8.892966e+01,8.892966e+01,8.892966e+01,8.854797e+01,8.867841e+01,8.850137e+01,8.854797e+01,8.854797e+01,8.854797e+01,8.854797e+01,8.854797e+01,8.854797e+01,8.854797e+01,8.854797e+01,8.854797e+01,8.854797e+01,8.854797e+01,8.854797e+01,8.854797e+01,8.854797e+01,8.854797e+01,8.854797e+01,8.854797e+01,8.854797e+01,8.854797e+01,8.854797e+01,8.854797e+01,8.854797e+01,8.854797e+01,8.854797e+01,8.854797e+01,8.854797e+01,8.892966e+01,8.879942e+01,8.879942e+01,8.879942e+01,8.879942e+01,8.879942e+01,8.879942e+01,8.879942e+01,8.879942e+01,8.879942e+01,8.879942e+01,8.879942e+01,8.879942e+01,8.879942e+01,8.879942e+01,8.879942e+01,8.879942e+01,8.879942e+01,8.879942e+01,8.879942e+01,8.879942e+01,8.879942e+01,8.918053e+01,8.893896e+01,8.893896e+01,8.893896e+01,8.893896e+01,8.893896e+01,8.893896e+01,8.893896e+01,8.893896e+01,8.893896e+01,8.893896e+01,8.893896e+01,8.893896e+01,8.893896e+01,8.893896e+01,8.893896e+01,8.893896e+01,8.893896e+01,8.893896e+01,8.893896e+01,8.893896e+01,8.893896e+01,8.893896e+01,8.893896e+01,8.893896e+01,8.893896e+01,8.893896e+01,8.871565e+01,8.861320e+01,8.851069e+01,8.834280e+01,8.812802e+01,8.795039e+01,8.784746e+01,8.770699e+01,8.750076e+01,8.729427e+01,8.707811e+01,8.686166e+01,8.659777e+01,8.640901e+01,8.616330e+01,8.592668e+01,8.573713e+01,8.555686e+01,8.529082e+01,8.505292e+01,8.480511e+01,8.452827e+01,8.425095e+01,8.390601e+01,8.362759e+01,8.330054e+01,8.299212e+01,8.270242e+01,8.242188e+01,8.203409e+01,8.151878e+01,8.112875e+01,8.061044e+01,8.021810e+01,7.968687e+01,7.932182e+01,7.892619e+01,7.836063e+01,7.801232e+01,7.731329e+01,7.673164e+01,7.637955e+01,7.560204e+01,7.520668e+01,7.452502e+01,7.415745e+01,7.336816e+01,7.253328e+01,7.207775e+01,7.151673e+01,7.112063e+01,7.041959e+01,6.989417e+01,6.899652e+01,6.846582e+01,6.795448e+01,6.763393e+01,6.690466e+01,6.621478e+01,6.573850e+01,6.501009e+01,6.420107e+01,6.370675e+01,6.285672e+01,6.243526e+01,6.167775e+01,6.075856e+01,6.021754e+01,5.943594e+01,5.903770e+01,5.813434e+01,5.736327e+01,5.686598e+01,5.602900e+01,5.515129e+01,5.456278e+01,5.382922e+01,5.322258e+01,5.266092e+01,5.171112e+01,5.115471e+01,5.069316e+01,4.976484e+01,4.932264e+01,4.877997e+01,4.834657e+01,4.786179e+01,4.723740e+01,4.684864e+01,4.631990e+01,4.606729e+01,4.559853e+01,4.524256e+01,4.487273e+01,4.438637e+01,4.400096e+01,4.378199e+01,4.353678e+01,4.313557e+01,4.277200e+01,4.248552e+01,4.223754e+01,4.223754e+01,4.185801e+01,4.166120e+01,4.137194e+01,4.083089e+01,4.084412e+01,4.068529e+01,4.053951e+01,4.023407e+01,3.990114e+01,3.990114e+01,3.960735e+01,3.960735e+01,3.960735e+01,3.960735e+01,3.960735e+01,3.960735e+01,3.960735e+01,3.960735e+01,3.960735e+01,3.960735e+01,3.990114e+01,3.990114e+01,3.990114e+01,3.990114e+01,4.044664e+01,4.044664e+01,4.044664e+01,4.044664e+01,4.044664e+01,4.044664e+01,4.044664e+01,4.044664e+01,4.044664e+01,4.044664e+01,4.044664e+01,4.044664e+01,3.990114e+01,4.008770e+01,4.008770e+01,4.008770e+01,4.008770e+01,4.008770e+01,4.008770e+01,4.008770e+01,4.008770e+01,4.063230e+01,4.044664e+01,4.044664e+01,4.044664e+01,4.044664e+01,4.098951e+01,4.097630e+01,4.105554e+01,4.105554e+01,4.105554e+01,4.105554e+01,4.105554e+01,4.159552e+01,4.159552e+01,4.159552e+01,4.159552e+01,4.159552e+01,4.193663e+01,4.193663e+01,4.193663e+01,4.193663e+01,4.193663e+01,4.193663e+01,4.193663e+01,4.193663e+01,4.193663e+01,4.193663e+01,4.193663e+01,4.193663e+01,4.193663e+01,4.193663e+01,4.139826e+01,4.158238e+01,4.133244e+01,4.131926e+01,4.131926e+01,4.131926e+01,4.131926e+01,4.131926e+01,4.131926e+01,4.131926e+01,4.131926e+01,4.131926e+01,4.081766e+01,4.081766e+01,4.081766e+01,4.081766e+01,4.081766e+01,4.081766e+01,4.081766e+01,4.081766e+01,4.081766e+01,4.081766e+01,4.081766e+01,4.081766e+01,4.081766e+01,4.081766e+01,4.081766e+01,4.081766e+01,4.081766e+01,4.027396e+01,4.045991e+01,4.045991e+01,4.045991e+01,4.045991e+01,4.045991e+01,4.045991e+01,4.045991e+01,4.045991e+01,4.045991e+01,4.045991e+01,4.100272e+01,4.081766e+01,4.081766e+01,4.081766e+01,4.081766e+01,4.081766e+01,4.135877e+01,4.117429e+01,4.117429e+01,4.117429e+01,4.117429e+01,4.117429e+01,4.117429e+01,4.117429e+01,4.117429e+01,4.117429e+01,4.117429e+01,4.117429e+01,4.117429e+01,4.063230e+01,4.081766e+01,4.081766e+01,4.081766e+01,4.081766e+01,4.081766e+01,4.081766e+01,4.081766e+01,4.081766e+01,4.081766e+01,4.081766e+01,4.081766e+01,4.044664e+01,4.044664e+01,4.044664e+01,4.044664e+01,4.044664e+01,4.044664e+01,4.044664e+01,4.044664e+01,4.044664e+01,4.044664e+01,4.044664e+01,4.044664e+01,4.044664e+01,4.012764e+01,4.012764e+01,4.012764e+01,4.012764e+01,4.012764e+01,4.012764e+01,4.012764e+01,4.012764e+01,4.012764e+01,4.012764e+01,4.012764e+01,4.012764e+01,4.012764e+01,4.012764e+01,3.976770e+01,3.976770e+01,3.976770e+01,3.976770e+01,3.976770e+01,3.976770e+01
3.595095e+01,3.595095e+01,3.595095e+01,3.595095e+01,3.636478e+01,3.636478e+01,3.636478e+01,3.636478e+01,3.636478e+01,3.692784e+01,3.692784e+01,3.692784e+01,3.692784e+01,3.692784e+01,3.735165e+01,3.735165e+01,3.735165e+01,3.790970e+01,3.790970e+01,3.790970e+01,3.790970e+01,3.790970e+01,3.790970e+01,3.835683e+01,3.835683e+01,3.835683e+01,3.835683e+01,3.835683e+01,3.835683e+01,3.835683e+01,3.835683e+01,3.877522e+01,3.903089e+01,3.917863e+01,3.917863e+01,3.917863e+01,3.917863e+01,3.972763e+01,3.991448e+01,3.991448e+01,4.045991e+01,4.038025e+01,4.038025e+01,4.038025e+01,4.038025e+01,4.038025e+01,4.038025e+01,4.092345e+01,4.073826e+01,4.073826e+01,4.073826e+01,4.073826e+01,4.073826e+01,4.073826e+01,4.073826e+01,4.073826e+01,4.073826e+01,4.073826e+01,4.073826e+01,4.073826e+01,4.073826e+01,4.073826e+01,4.019417e+01,4.038025e+01,4.038025e+01,4.038025e+01,4.038025e+01,4.038025e+01,4.038025e+01,3.983444e+01,4.002111e+01,4.002111e+01,4.002111e+01,4.002111e+01,4.002111e+01,4.002111e+01,4.002111e+01,4.002111e+01,4.002111e+01,4.047318e+01,4.080443e+01,4.080443e+01,4.134560e+01,4.126657e+01,4.126657e+01,4.126657e+01,4.126657e+01,4.126657e+01,4.126657e+01,4.126657e+01,4.177932e+01,4.208064e+01,4.260281e+01,4.297990e+01,4.327810e+01,4.362718e+01,4.455298e+01,4.470657e+01,4.497487e+01,4.552234e+01,4.648381e+01,4.659715e+01,4.694908e+01,4.763738e+01,4.806091e+01,4.849534e+01,4.921183e+01,4.965444e+01,5.062013e+01,5.076616e+01,5.165076e+01,5.210876e+01,5.300777e+01,5.348463e+01,5.427932e+01,5.509256e+01,5.528040e+01,5.623875e+01,5.665725e+01,5.742097e+01,5.807696e+01,5.885524e+01,5.931091e+01,5.981033e+01,6.042068e+01,6.119653e+01,6.170009e+01,6.213499e+01,6.298954e+01,6.342032e+01,6.435449e+01,6.491195e+01,6.558661e+01,6.641994e+01,6.710881e+01,6.780498e+01,6.844455e+01,6.914476e+01,6.991523e+01,7.049299e+01,7.144385e+01,7.212959e+01,7.288431e+01,7.332705e+01,7.419833e+01,7.490184e+01,7.537914e+01,7.603674e+01,7.674169e+01,7.728326e+01,7.815174e+01,7.885684e+01,7.946992e+01,7.984447e+01,8.060064e+01,8.141162e+01,8.189813e+01,8.233471e+01,8.275074e+01,8.347377e+01,8.392519e+01,8.457603e+01,8.495765e+01,8.564227e+01,8.591721e+01,8.619167e+01,8.660720e+01,8.695580e+01,8.731305e+01,8.766952e+01,8.801585e+01,8.848272e+01,8.882734e+01,8.920838e+01,8.953297e+01,8.980143e+01,9.008792e+01,9.039236e+01,9.053976e+01,9.072383e+01,9.091689e+01,9.119231e+01,9.131151e+01,9.131151e+01,9.131151e+01,9.168690e+01,9.174177e+01,9.167776e+01,9.166861e+01,9.166861e+01,9.166861e+01,9.166861e+01,9.166861e+01,9.166861e+01,9.166861e+01,9.166861e+01,9.194279e+01,9.194279e+01,9.194279e+01,9.194279e+01,9.194279e+01,9.194279e+01,9.194279e+01,9.194279e+01,9.194279e+01,9.194279e+01,9.194279e+01,9.194279e+01,9.194279e+01,9.189713e+01,9.165946e+01,9.165946e+01,9.165946e+01,9.165946e+01,9.165946e+01,9.165946e+01,9.165946e+01,9.165946e+01,9.165946e+01,9.127484e+01,9.127484e+01,9.127484e+01,9.127484e+01,9.127484e+01,9.127484e+01,9.127484e+01,9.089851e+01,9.105466e+01,9.106384e+01,9.106384e+01,9.106384e+01,9.106384e+01,9.065943e+01,9.065943e+01,9.065943e+01,9.065943e+01,9.065943e+01,9.065943e+01,9.065943e+01,9.065943e+01,9.065943e+01,9.065943e+01,9.028172e+01,9.041079e+01,9.041079e+01,9.041079e+01,9.041079e+01,9.041079e+01,9.021714e+01,9.021714e+01,9.021714e+01,9.021714e+01,8.983842e+01,8.983842e+01,8.983842e+01,8.983842e+01,8.983842e+01,8.983842e+01,8.983842e+01,8.963485e+01,8.963485e+01,8.963485e+01,8.925479e+01,8.925479e+01,8.925479e+01,8.925479e+01,8.925479e+01,8.925479e+01,8.925479e+01,8.925479e+01,8.887386e+01,8.897614e+01,8.897614e+01,8.897614e+01,8.897614e+01,8.897614e+01,8.897614e+01,8.897614e+01,8.897614e+01,8.892966e+01,8.868771e+01,8.868771e+01,8.868771e+01,8.868771e+01,8.868771e+01,8.868771e+01,8.868771e+01,8.868771e+01,8.868771e+01,8.868771e+01,8.868771e+01,8.868771e+01,8.868771e+01,8.868771e+01,8.868771e+01,8.868771e+01,8.868771e+01,8.868771e+01,8.868771e+01,8.868771e+01,8.868771e+01,8.868771e+01,8.868771e+01,8.868771e+01,8.868771e+01,8.868771e+01,8.868771e+01,8.868771e+01,8.868771e+01,8.868771e+01,8.868771e+01,8.868771e+01,8.868771e+01,8.868771e+01,8.868771e+01,8.868771e+01,8.868771e+01,8.906908e+01,8.893896e+01,8.893896e+01,8.893896e+01,8.893896e+01,8.893896e+01,8.893896e+01,8.893896e+01,8.893896e+01,8.893896e+01,8.893896e+01,8.893896e+01,8.893896e+01,8.893896e+01,8.893896e+01,8.893896e+01,8.893896e+01,8.893896e+01,8.893896e+01,8.893896e+01,8.893896e+01,8.893896e+01,8.931974e+01,8.907837e+01,8.907837e+01,8.907837e+01,8.907837e+01,8.907837e+01,8.907837e+01,8.907837e+01,8.907837e+01,8.907837e+01,8.945883e+01,8.921767e+01,8.908766e+01,8.908766e+01,8.908766e+01,8.870634e+01,8.883665e+01,8.873427e+01,8.874358e+01,8.874358e+01,8.874358e+01,8.834280e+01,8.817474e+01,8.817474e+01,8.784746e+01,8.760391e+01,8.749138e+01,8.728487e+01,8.706870e+01,8.685224e+01,8.664493e+01,8.635234e+01,8.615384e+01,8.597403e+01,8.597403e+01,8.555686e+01,8.528131e+01,8.504339e+01,8.479558e+01,8.451871e+01,8.417435e+01,8.392519e+01,8.356992e+01,8.331980e+01,8.300177e+01,8.270242e+01,8.234440e+01,8.198555e+01,8.147009e+01,8.107993e+01,8.056145e+01,8.016899e+01,7.963759e+01,7.927242e+01,7.846994e+01,7.827115e+01,7.795253e+01,7.725323e+01,7.667134e+01,7.631911e+01,7.554128e+01,7.514576e+01,7.446381e+01,7.409609e+01,7.330649e+01,7.289462e+01,7.210886e+01,7.149591e+01,7.106844e+01,7.036713e+01,6.984153e+01,6.937740e+01,6.850835e+01,6.801849e+01,6.717322e+01,6.680785e+01,6.616074e+01,6.568427e+01,6.495557e+01,6.414623e+01,6.365171e+01,6.280134e+01,6.237970e+01,6.162189e+01,6.070231e+01,6.016106e+01,5.937912e+01,5.898071e+01,5.807696e+01,5.730555e+01,5.680803e+01,5.597067e+01,5.509256e+01,5.450378e+01,5.376987e+01,5.316295e+01,5.260102e+01,5.165076e+01,5.109408e+01,5.063231e+01,4.970352e+01,4.926109e+01,4.871815e+01,4.828452e+01,4.779949e+01,4.726244e+01,4.676068e+01,4.645860e+01,4.595344e+01,4.510242e+01,4.502591e+01,4.475772e+01,4.439919e+01,4.407814e+01,4.378199e+01,4.339457e+01,4.312261e+01,4.275899e+01,4.255069e+01,4.255069e+01,4.170059e+01,4.183178e+01,4.151666e+01,4.125339e+01,4.097630e+01,4.097630e+01,4.097630e+01,4.053951e+01,4.022078e+01,3.996781e+01,3.982109e+01,3.967419e+01,3.967419e+01,3.967419e+01,3.967419e+01,3.967419e+01,3.967419e+01,3.967419e+01,3.967419e+01,3.967419e+01,3.967419e+01,3.967419e+01,3.967419e+01,4.022078e+01,4.020747e+01,4.030054e+01,4.030054e+01,4.030054e+01,4.030054e+01,4.030054e+01,4.030054e+01,4.030054e+01,4.030054e+01,4.030054e+01,4.030054e+01,4.030054e+01,4.030054e+01,4.030054e+01,4.030054e+01,4.030054e+01,4.030054e+01,4.030054e+01,4.030054e+01,4.030054e+01,4.030054e+01,4.030054e+01,4.030054e+01,4.030054e+01,4.030054e+01,4.084412e+01,4.083089e+01,4.084412e+01,4.084412e+01,4.084412e+01,4.084412e+01,4.138510e+01,4.120066e+01,4.146405e+01,4.145090e+01,4.145090e+01,4.145090e+01,4.198902e+01,4.197593e+01,4.193663e+01,4.193663e+01,4.193663e+01,4.193663e+01,4.193663e+01,4.193663e+01,4.193663e+01,4.193663e+01,4.193663e+01,4.193663e+01,4.193663e+01,4.193663e+01,4.193663e+01,4.193663e+01,4.193663e+01,4.158238e+01,4.158238e+01,4.158238e+01,4.104234e+01,4.122703e+01,4.122703e+01,4.122703e+01,4.122703e+01,4.122703e+01,4.122703e+01,4.122703e+01,4.122703e+01,4.122703e+01,4.081766e+01,4.081766e+01,4.081766e+01,4.081766e+01,4.081766e+01,4.081766e+01,4.081766e+01,4.081766e+01,4.081766e+01,4.081766e+01,4.081766e+01,4.081766e+01,4.081766e+01,4.081766e+01,4.081766e+01,4.027396e+01,4.027396e+01,4.027396e+01,4.027396e+01,4.027396e+01,4.027396e+01,4.081766e+01,4.063230e+01,4.063230e+01,4.063230e+01,4.063230e+01,4.063230e+01,4.063230e+01,4.063230e+01,4.117429e+01,4.098951e+01,4.125339e+01,4.121385e+01,4.121385e+01,4.121385e+01,4.121385e+01,4.121385e+01,4.121385e+01,4.121385e+01,4.121385e+01,4.121385e+01,4.121385e+01,4.121385e+01,4.121385e+01,4.067204e+01,4.077797e+01,4.077797e+01,4.077797e+01,4.077797e+01,4.077797e+01,4.077797e+01,4.077797e+01,4.077797e+01,4.077797e+01,4.077797e+01,4.077797e+01,4.077797e+01,4.077797e+01,4.077797e+01,4.077797e+01,4.044664e+01,4.044664e+01,4.044664e+01,4.044664e+01,4.044664e+01,4.044664e+01,4.044664e+01,4.044664e+01,4.044664e+01,4.044664e+01,4.044664e+01,4.044664e+01,4.044664e+01,4.044664e+01,4.012764e+01,4.012764e+01,4.012764e+01,4.012764e+01,4.012764e+01,4.012764e+01,4.012764e+01,4.012764e+01,4.012764e+01,4.012764e+01,3.976770e+01,3.976770e+01,3.976770e+01,3.976770e+01,3.976770e+01,3.976770e+01
3.595095e+01,3.595095e+01,3.595095e+01,3.595095e+01,3.595095e+01,3.636478e+01,3.636478e+01,3.636478e+01,3.636478e+01,3.692784e+01,3.692784e+01,3.692784e+01,3.692784e+01,3.748802e+01,3.735165e+01,3.735165e+01,3.790970e+01,3.776026e+01,3.776026e+01,3.776026e+01,3.776026e+01,3.776026e+01,3.831625e+01,3.820798e+01,3.820798e+01,3.820798e+01,3.820798e+01,3.820798e+01,3.820798e+01,3.820798e+01,3.876175e+01,3.873480e+01,3.873480e+01,3.917863e+01,3.917863e+01,3.917863e+01,3.972763e+01,3.958060e+01,3.958060e+01,3.991448e+01,4.031383e+01,4.031383e+01,4.031383e+01,4.031383e+01,4.031383e+01,4.085734e+01,4.073826e+01,4.077797e+01,4.077797e+01,4.077797e+01,4.077797e+01,4.077797e+01,4.077797e+01,4.077797e+01,4.077797e+01,4.077797e+01,4.077797e+01,4.077797e+01,4.077797e+01,4.077797e+01,4.023407e+01,4.035369e+01,4.034040e+01,4.034040e+01,4.034040e+01,4.034040e+01,4.034040e+01,4.034040e+01,4.034040e+01,4.034040e+01,4.034040e+01,4.002111e+01,4.002111e+01,4.002111e+01,4.002111e+01,4.002111e+01,4.002111e+01,4.002111e+01,4.002111e+01,4.047318e+01,4.073826e+01,4.100272e+01,4.120066e+01,4.120066e+01,4.120066e+01,4.120066e+01,4.120066e+01,4.120066e+01,4.120066e+01,4.173996e+01,4.181867e+01,4.219834e+01,4.258978e+01,4.297990e+01,4.329104e+01,4.374331e+01,4.441201e+01,4.470657e+01,4.508967e+01,4.558584e+01,4.634513e+01,4.659715e+01,4.706199e+01,4.769976e+01,4.812306e+01,4.855727e+01,4.927340e+01,4.971579e+01,5.048612e+01,5.087556e+01,5.171112e+01,5.216889e+01,5.306748e+01,5.354411e+01,5.433843e+01,5.496326e+01,5.538594e+01,5.629696e+01,5.671526e+01,5.747865e+01,5.813434e+01,5.891229e+01,5.936776e+01,5.986696e+01,6.047706e+01,6.125257e+01,6.175593e+01,6.219065e+01,6.304485e+01,6.347545e+01,6.440924e+01,6.496648e+01,6.564088e+01,6.647388e+01,6.716248e+01,6.785839e+01,6.849772e+01,6.919766e+01,6.996785e+01,7.054539e+01,7.106844e+01,7.208812e+01,7.289462e+01,7.337844e+01,7.424942e+01,7.453521e+01,7.533858e+01,7.603674e+01,7.678188e+01,7.732330e+01,7.819155e+01,7.848981e+01,7.942057e+01,7.982478e+01,8.061044e+01,8.104086e+01,8.183984e+01,8.229595e+01,8.273141e+01,8.347377e+01,8.394437e+01,8.459514e+01,8.497671e+01,8.524327e+01,8.565176e+01,8.652229e+01,8.669206e+01,8.658833e+01,8.724730e+01,8.761328e+01,8.796909e+01,8.844542e+01,8.879942e+01,8.918982e+01,8.949590e+01,8.977367e+01,9.014332e+01,9.029094e+01,9.053976e+01,9.082499e+01,9.092608e+01,9.114643e+01,9.114643e+01,9.114643e+01,9.152220e+01,9.158627e+01,9.158627e+01,9.158627e+01,9.158627e+01,9.158627e+01,9.196105e+01,9.183318e+01,9.183318e+01,9.183318e+01,9.183318e+01,9.183318e+01,9.183318e+01,9.183318e+01,9.183318e+01,9.183318e+01,9.183318e+01,9.183318e+01,9.183318e+01,9.183318e+01,9.183318e+01,9.183318e+01,9.183318e+01,9.183318e+01,9.183318e+01,9.183318e+01,9.183318e+01,9.145811e+01,9.158627e+01,9.158627e+01,9.158627e+01,9.158627e+01,9.158627e+01,9.158627e+01,9.158627e+01,9.158627e+01,9.127484e+01,9.127484e+01,9.127484e+01,9.127484e+01,9.127484e+01,9.127484e+01,9.127484e+01,9.105466e+01,9.105466e+01,9.105466e+01,9.105466e+01,9.067783e+01,9.113726e+01,9.089851e+01,9.076982e+01,9.076982e+01,9.076982e+01,9.076982e+01,9.076982e+01,9.076982e+01,9.076982e+01,9.039236e+01,9.038314e+01,9.038314e+01,9.038314e+01,9.038314e+01,9.038314e+01,9.038314e+01,9.000480e+01,9.013409e+01,9.013409e+01,9.013409e+01,9.013409e+01,9.013409e+01,9.013409e+01,8.983842e+01,8.983842e+01,8.983842e+01,8.983842e+01,8.983842e+01,8.963485e+01,8.944956e+01,8.935684e+01,8.935684e+01,8.935684e+01,8.935684e+01,8.935684e+01,8.935684e+01,8.935684e+01,8.897614e+01,8.897614e+01,8.897614e+01,8.897614e+01,8.897614e+01,8.897614e+01,8.897614e+01,8.897614e+01,8.897614e+01,8.859457e+01,8.866909e+01,8.869703e+01,8.869703e+01,8.869703e+01,8.869703e+01,8.869703e+01,8.869703e+01,8.869703e+01,8.869703e+01,8.869703e+01,8.869703e+01,8.869703e+01,8.869703e+01,8.869703e+01,8.869703e+01,8.869703e+01,8.869703e+01,8.869703e+01,8.869703e+01,8.869703e+01,8.869703e+01,8.869703e+01,8.869703e+01,8.869703e+01,8.869703e+01,8.869703e+01,8.869703e+01,8.869703e+01,8.869703e+01,8.869703e+01,8.869703e+01,8.869703e+01,8.869703e+01,8.869703e+01,8.869703e+01,8.869703e+01,8.869703e+01,8.869703e+01,8.906908e+01,8.906908e+01,8.906908e+01,8.906908e+01,8.906908e+01,8.906908e+01,8.906908e+01,8.906908e+01,8.906908e+01,8.906908e+01,8.906908e+01,8.906908e+01,8.906908e+01,8.906908e+01,8.906908e+01,8.906908e+01,8.906908e+01,8.906908e+01,8.906908e+01,8.906908e+01,8.906908e+01,8.906908e+01,8.906908e+01,8.906908e+01,8.906908e+01,8.906908e+01,8.944956e+01,8.920838e+01,8.920838e+01,8.920838e+01,8.920838e+01,8.920838e+01,8.920838e+01,8.920838e+01,8.920838e+01,8.920838e+01,8.920838e+01,8.908766e+01,8.884595e+01,8.884595e+01,8.846407e+01,8.859457e+01,8.840811e+01,8.845474e+01,8.817474e+01,8.798780e+01,8.786618e+01,8.766952e+01,8.745386e+01,8.727548e+01,8.705930e+01,8.684283e+01,8.663550e+01,8.672977e+01,8.644678e+01,8.613492e+01,8.555686e+01,8.552837e+01,8.528131e+01,8.504339e+01,8.479558e+01,8.443269e+01,8.419350e+01,8.385803e+01,8.358915e+01,8.325240e+01,8.302106e+01,8.263475e+01,8.233471e+01,8.197584e+01,8.146034e+01,8.107016e+01,8.055165e+01,8.015917e+01,7.962773e+01,7.926254e+01,7.857916e+01,7.827115e+01,7.786280e+01,7.724322e+01,7.666129e+01,7.630904e+01,7.553115e+01,7.513560e+01,7.445361e+01,7.408587e+01,7.329620e+01,7.288431e+01,7.209849e+01,7.148550e+01,7.105799e+01,7.035664e+01,6.983099e+01,6.936683e+01,6.849772e+01,6.800783e+01,6.716248e+01,6.679709e+01,6.614993e+01,6.522793e+01,6.485740e+01,6.412429e+01,6.362969e+01,6.277918e+01,6.235748e+01,6.159953e+01,6.067980e+01,6.013846e+01,5.935639e+01,5.848957e+01,5.797360e+01,5.727090e+01,5.677325e+01,5.593566e+01,5.505731e+01,5.446836e+01,5.373425e+01,5.312716e+01,5.256507e+01,5.161454e+01,5.105769e+01,5.059578e+01,4.966671e+01,4.922415e+01,4.918720e+01,4.835897e+01,4.784933e+01,4.728747e+01,4.681095e+01,4.639558e+01,4.592812e+01,4.576344e+01,4.487273e+01,4.475772e+01,4.439919e+01,4.407814e+01,4.378199e+01,4.339457e+01,4.312261e+01,4.282401e+01,4.282401e+01,4.201521e+01,4.185801e+01,4.171371e+01,4.158238e+01,4.117429e+01,4.104234e+01,4.104234e+01,4.104234e+01,4.053951e+01,4.028725e+01,4.028725e+01,3.982109e+01,3.982109e+01,3.982109e+01,3.982109e+01,3.927256e+01,3.946016e+01,3.946016e+01,3.946016e+01,3.946016e+01,3.946016e+01,4.000779e+01,3.982109e+01,4.010102e+01,4.007439e+01,4.007439e+01,4.061905e+01,4.043336e+01,4.043336e+01,4.043336e+01,4.043336e+01,4.043336e+01,4.043336e+01,4.043336e+01,4.043336e+01,4.043336e+01,4.043336e+01,4.043336e+01,4.043336e+01,4.043336e+01,4.043336e+01,3.988781e+01,4.007439e+01,4.007439e+01,4.007439e+01,4.007439e+01,4.007439e+01,4.007439e+01,4.061905e+01,4.060579e+01,4.069854e+01,4.069854e+01,4.069854e+01,4.069854e+01,4.124021e+01,4.122703e+01,4.124021e+01,4.124021e+01,4.124021e+01,4.124021e+01,4.124021e+01,4.177932e+01,4.184489e+01,4.184489e+01,4.184489e+01,4.184489e+01,4.184489e+01,4.184489e+01,4.184489e+01,4.184489e+01,4.184489e+01,4.184489e+01,4.184489e+01,4.184489e+01,4.184489e+01,4.184489e+01,4.184489e+01,4.130609e+01,4.141142e+01,4.154295e+01,4.154295e+01,4.154295e+01,4.154295e+01,4.154295e+01,4.154295e+01,4.154295e+01,4.122703e+01,4.122703e+01,4.122703e+01,4.122703e+01,4.122703e+01,4.122703e+01,4.081766e+01,4.081766e+01,4.081766e+01,4.081766e+01,4.081766e+01,4.081766e+01,4.081766e+01,4.081766e+01,4.081766e+01,4.081766e+01,4.081766e+01,4.081766e+01,4.081766e+01,4.081766e+01,4.081766e+01,4.081766e+01,4.027396e+01,4.027396e+01,4.027396e+01,4.027396e+01,4.027396e+01,4.027396e+01,4.063230e+01,4.063230e+01,4.063230e+01,4.063230e+01,4.063230e+01,4.063230e+01,4.063230e+01,4.063230e+01,4.098951e+01,4.098951e+01,4.098951e+01,4.098951e+01,4.098951e+01,4.098951e+01,4.098951e+01,4.098951e+01,4.098951e+01,4.098951e+01,4.098951e+01,4.098951e+01,4.098951e+01,4.098951e+01,4.098951e+01,4.098951e+01,4.098951e+01,4.098951e+01,4.098951e+01,4.098951e+01,4.098951e+01,4.098951e+01,4.098951e+01,4.098951e+01,4.098951e+01,4.098951e+01,4.044664e+01,4.063230e+01,4.063230e+01,4.063230e+01,4.063230e+01,4.063230e+01,4.063230e+01,4.063230e+01,4.063230e+01,4.063230e+01,4.008770e+01,4.027396e+01,4.027396e+01,4.027396e+01,4.027396e+01,4.027396e+01,4.027396e+01,4.027396e+01,4.027396e+01,4.027396e+01,4.027396e+01,4.027396e+01,4.027396e+01,4.027396e+01,3.972763e+01,3.991448e+01,3.991448e+01,3.991448e+01,3.991448e+01,3.991448e+01,3.991448e+01,3.991448e+01,3.991448e+01,3.991448e+01
3.595095e+01,3.595095e+01,3.595095e+01,3.595095e+01,3.595095e+01,3.636478e+01,3.636478e+01,3.636478e+01,3.636478e+01,3.692784e+01,3.692784e+01,3.692784e+01,3.692784e+01,3.692784e+01,3.735165e+01,3.763783e+01,3.776026e+01,3.776026e+01,3.776026e+01,3.776026e+01,3.776026e+01,3.831625e+01,3.815381e+01,3.815381e+01,3.815381e+01,3.815381e+01,3.815381e+01,3.815381e+01,3.815381e+01,3.870784e+01,3.859996e+01,3.915179e+01,3.913836e+01,3.903089e+01,3.903089e+01,3.903089e+01,3.972763e+01,3.972763e+01,3.972763e+01,3.972763e+01,4.031383e+01,4.031383e+01,4.031383e+01,4.031383e+01,4.031383e+01,4.031383e+01,4.073826e+01,4.073826e+01,4.073826e+01,4.073826e+01,4.073826e+01,4.073826e+01,4.073826e+01,4.073826e+01,4.073826e+01,4.073826e+01,4.073826e+01,4.073826e+01,4.073826e+01,4.073826e+01,4.023407e+01,4.023407e+01,4.023407e+01,4.023407e+01,4.023407e+01,4.023407e+01,4.023407e+01,4.023407e+01,4.023407e+01,4.023407e+01,4.023407e+01,4.023407e+01,3.968755e+01,3.987447e+01,3.987447e+01,3.987447e+01,3.987447e+01,3.987447e+01,4.042009e+01,4.032712e+01,4.073826e+01,4.073826e+01,4.120066e+01,4.120066e+01,4.120066e+01,4.120066e+01,4.120066e+01,4.120066e+01,4.120066e+01,4.173996e+01,4.196283e+01,4.219834e+01,4.258978e+01,4.297990e+01,4.340751e+01,4.376910e+01,4.438637e+01,4.520436e+01,4.535710e+01,4.567467e+01,4.619366e+01,4.671038e+01,4.708706e+01,4.772470e+01,4.814791e+01,4.858204e+01,4.929802e+01,4.974032e+01,5.046174e+01,5.096059e+01,5.173526e+01,5.219294e+01,5.309135e+01,5.356789e+01,5.436206e+01,5.498678e+01,5.540938e+01,5.632023e+01,5.673846e+01,5.750171e+01,5.815729e+01,5.893510e+01,5.939049e+01,5.988961e+01,6.049960e+01,6.127499e+01,6.177826e+01,6.221291e+01,6.306696e+01,6.349749e+01,6.443114e+01,6.498829e+01,6.566257e+01,6.649545e+01,6.718394e+01,6.787975e+01,6.851898e+01,6.921882e+01,6.998889e+01,7.056635e+01,7.121455e+01,7.199477e+01,7.282242e+01,7.332705e+01,7.417789e+01,7.455560e+01,7.535886e+01,7.605692e+01,7.680196e+01,7.734332e+01,7.817165e+01,7.855931e+01,7.933170e+01,7.975584e+01,8.056145e+01,8.101154e+01,8.183012e+01,8.230564e+01,8.275074e+01,8.349300e+01,8.396355e+01,8.422223e+01,8.476696e+01,8.525278e+01,8.578454e+01,8.604976e+01,8.646566e+01,8.674862e+01,8.726609e+01,8.763203e+01,8.798780e+01,8.846407e+01,8.881804e+01,8.920838e+01,8.947737e+01,8.983842e+01,9.003251e+01,9.028172e+01,9.053976e+01,9.077901e+01,9.098119e+01,9.110055e+01,9.110055e+01,9.110055e+01,9.152220e+01,9.152220e+01,9.152220e+01,9.152220e+01,9.189713e+01,9.181490e+01,9.186059e+01,9.186059e+01,9.186059e+01,9.186059e+01,9.186059e+01,9.186059e+01,9.186059e+01,9.186059e+01,9.186059e+01,9.186059e+01,9.186059e+01,9.186059e+01,9.186059e+01,9.186059e+01,9.186059e+01,9.186059e+01,9.186059e+01,9.186059e+01,9.186059e+01,9.186059e+01,9.186059e+01,9.186059e+01,9.158627e+01,9.158627e+01,9.158627e+01,9.158627e+01,9.158627e+01,9.158627e+01,9.158627e+01,9.158627e+01,9.127484e+01,9.127484e+01,9.127484e+01,9.127484e+01,9.127484e+01,9.127484e+01,9.089851e+01,9.099038e+01,9.099038e+01,9.099038e+01,9.099038e+01,9.099038e+01,9.099038e+01,9.061341e+01,9.074223e+01,9.074223e+01,9.074223e+01,9.074223e+01,9.074223e+01,9.074223e+01,9.074223e+01,9.039236e+01,9.039236e+01,9.039236e+01,9.039236e+01,9.039236e+01,9.039236e+01,9.039236e+01,9.039236e+01,9.013409e+01,9.013409e+01,9.013409e+01,9.013409e+01,9.013409e+01,9.013409e+01,8.983842e+01,8.983842e+01,8.983842e+01,8.983842e+01,8.983842e+01,8.963485e+01,8.963485e+01,8.963485e+01,8.935684e+01,8.935684e+01,8.935684e+01,8.935684e+01,8.935684e+01,8.935684e+01,8.935684e+01,8.897614e+01,8.897614e+01,8.897614e+01,8.897614e+01,8.897614e+01,8.897614e+01,8.897614e+01,8.897614e+01,8.859457e+01,8.897614e+01,8.873427e+01,8.873427e+01,8.873427e+01,8.873427e+01,8.873427e+01,8.873427e+01,8.873427e+01,8.873427e+01,8.873427e+01,8.873427e+01,8.873427e+01,8.873427e+01,8.873427e+01,8.873427e+01,8.873427e+01,8.873427e+01,8.873427e+01,8.873427e+01,8.873427e+01,8.873427e+01,8.873427e+01,8.873427e+01,8.873427e+01,8.873427e+01,8.873427e+01,8.873427e+01,8.873427e+01,8.873427e+01,8.873427e+01,8.873427e+01,8.873427e+01,8.873427e+01,8.873427e+01,8.873427e+01,8.911552e+01,8.887386e+01,8.906908e+01,8.895755e+01,8.895755e+01,8.895755e+01,8.895755e+01,8.895755e+01,8.895755e+01,8.895755e+01,8.895755e+01,8.895755e+01,8.895755e+01,8.895755e+01,8.895755e+01,8.895755e+01,8.895755e+01,8.895755e+01,8.895755e+01,8.895755e+01,8.895755e+01,8.933829e+01,8.920838e+01,8.920838e+01,8.920838e+01,8.920838e+01,8.920838e+01,8.920838e+01,8.920838e+01,8.920838e+01,8.920838e+01,8.920838e+01,8.920838e+01,8.920838e+01,8.920838e+01,8.920838e+01,8.920838e+01,8.920838e+01,8.920838e+01,8.920838e+01,8.882734e+01,8.885526e+01,8.865977e+01,8.857593e+01,8.857593e+01,8.857593e+01,8.857593e+01,8.817474e+01,8.817474e+01,8.786618e+01,8.766015e+01,8.750076e+01,8.721912e+01,8.704990e+01,8.683340e+01,8.668264e+01,8.662606e+01,8.636179e+01,8.611600e+01,8.567074e+01,8.553787e+01,8.528131e+01,8.503387e+01,8.470971e+01,8.445181e+01,8.412646e+01,8.387722e+01,8.352185e+01,8.327165e+01,8.295352e+01,8.265409e+01,8.226688e+01,8.195641e+01,8.144086e+01,8.105062e+01,8.053205e+01,8.013952e+01,7.960802e+01,7.924277e+01,7.859901e+01,7.820151e+01,7.743336e+01,7.715306e+01,7.663113e+01,7.627881e+01,7.550076e+01,7.510514e+01,7.442300e+01,7.405518e+01,7.326535e+01,7.285336e+01,7.206738e+01,7.145426e+01,7.102666e+01,7.032516e+01,6.979940e+01,6.933512e+01,6.846582e+01,6.797581e+01,6.713028e+01,6.676480e+01,6.611749e+01,6.519527e+01,6.482465e+01,6.409137e+01,6.359665e+01,6.274594e+01,6.186753e+01,6.149889e+01,6.063477e+01,6.009325e+01,5.931091e+01,5.844379e+01,5.792764e+01,5.722469e+01,5.672686e+01,5.588897e+01,5.501030e+01,5.442113e+01,5.368674e+01,5.307942e+01,5.251711e+01,5.156621e+01,5.100914e+01,5.054705e+01,4.961762e+01,4.937185e+01,4.856965e+01,4.824728e+01,4.779949e+01,4.723740e+01,4.676068e+01,4.634513e+01,4.607993e+01,4.511517e+01,4.502591e+01,4.477051e+01,4.439919e+01,4.406528e+01,4.376910e+01,4.338164e+01,4.310964e+01,4.288898e+01,4.258978e+01,4.217220e+01,4.217220e+01,4.171371e+01,4.143774e+01,4.124021e+01,4.124021e+01,4.124021e+01,4.069854e+01,4.068529e+01,4.028725e+01,3.998114e+01,3.996781e+01,3.996781e+01,3.941999e+01,3.943338e+01,3.941999e+01,3.941999e+01,3.941999e+01,3.941999e+01,3.941999e+01,3.996781e+01,3.984778e+01,3.996781e+01,4.003443e+01,4.003443e+01,4.057928e+01,4.045991e+01,4.045991e+01,4.045991e+01,4.045991e+01,4.045991e+01,4.045991e+01,4.045991e+01,4.045991e+01,4.045991e+01,4.045991e+01,4.045991e+01,4.045991e+01,3.991448e+01,4.026067e+01,3.995448e+01,4.004775e+01,4.004775e+01,4.004775e+01,4.004775e+01,4.004775e+01,4.004775e+01,4.004775e+01,4.061905e+01,4.061905e+01,4.061905e+01,4.061905e+01,4.061905e+01,4.061905e+01,4.069854e+01,4.104234e+01,4.104234e+01,4.104234e+01,4.158238e+01,4.139826e+01,4.170059e+01,4.162180e+01,4.162180e+01,4.162180e+01,4.162180e+01,4.215912e+01,4.197593e+01,4.197593e+01,4.197593e+01,4.197593e+01,4.197593e+01,4.197593e+01,4.197593e+01,4.197593e+01,4.197593e+01,4.143774e+01,4.198902e+01,4.160866e+01,4.142458e+01,4.142458e+01,4.142458e+01,4.142458e+01,4.142458e+01,4.142458e+01,4.142458e+01,4.142458e+01,4.142458e+01,4.142458e+01,4.088379e+01,4.106874e+01,4.106874e+01,4.106874e+01,4.106874e+01,4.106874e+01,4.106874e+01,4.106874e+01,4.106874e+01,4.106874e+01,4.106874e+01,4.052624e+01,4.071178e+01,4.071178e+01,4.071178e+01,4.071178e+01,4.071178e+01,4.071178e+01,4.071178e+01,4.071178e+01,4.071178e+01,4.071178e+01,4.071178e+01,4.071178e+01,4.071178e+01,4.071178e+01,4.071178e+01,4.071178e+01,4.071178e+01,4.071178e+01,4.071178e+01,4.071178e+01,4.071178e+01,4.071178e+01,4.071178e+01,4.098951e+01,4.098951e+01,4.098951e+01,4.098951e+01,4.098951e+01,4.098951e+01,4.098951e+01,4.098951e+01,4.098951e+01,4.098951e+01,4.098951e+01,4.098951e+01,4.098951e+01,4.098951e+01,4.098951e+01,4.098951e+01,4.098951e+01,4.098951e+01,4.098951e+01,4.098951e+01,4.098951e+01,4.098951e+01,4.098951e+01,4.098951e+01,4.098951e+01,4.098951e+01,4.098951e+01,4.098951e+01,4.063230e+01,4.063230e+01,4.063230e+01,4.063230e+01,4.063230e+01,4.063230e+01,4.008770e+01,4.024737e+01,4.024737e+01,4.024737e+01,4.024737e+01,4.024737e+01,4.024737e+01,4.024737e+01,4.024737e+01,4.024737e+01,4.024737e+01,4.024737e+01,4.024737e+01,4.024737e+01,4.024737e+01,4.024737e+01,4.024737e+01,3.991448e+01,3.991448e+01,3.991448e+01,3.991448e+01,3.991448e+01,3.991448e+01,3.991448e+01,3.991448e+01
3.595095e+01,3.595095e+01,3.595095e+01,3.595095e+01,3.651613e+01,3.637855e+01,3.637855e+01,3.637855e+01,3.637855e+01,3.692784e+01,3.692784e+01,3.692784e+01,3.692784e+01,3.692784e+01,3.735165e+01,3.756976e+01,3.756976e+01,3.756976e+01,3.756976e+01,3.812671e+01,3.811316e+01,3.816735e+01,3.816735e+01,3.816735e+01,3.816735e+01,3.816735e+01,3.816735e+01,3.816735e+01,3.816735e+01,3.816735e+01,3.859996e+01,3.899056e+01,3.899056e+01,3.899056e+01,3.899056e+01,3.954047e+01,3.956723e+01,3.956723e+01,4.011433e+01,4.010102e+01,4.016756e+01,4.016756e+01,4.016756e+01,4.016756e+01,4.071178e+01,4.069854e+01,4.069854e+01,4.069854e+01,4.069854e+01,4.069854e+01,4.069854e+01,4.069854e+01,4.069854e+01,4.069854e+01,4.069854e+01,4.069854e+01,4.069854e+01,4.069854e+01,4.069854e+01,4.069854e+01,4.023407e+01,4.023407e+01,4.023407e+01,4.023407e+01,4.023407e+01,4.023407e+01,4.023407e+01,4.023407e+01,4.023407e+01,4.023407e+01,4.023407e+01,4.023407e+01,4.023407e+01,4.023407e+01,3.987447e+01,3.987447e+01,3.987447e+01,4.042009e+01,4.026067e+01,4.040681e+01,4.067204e+01,4.097630e+01,4.104234e+01,4.104234e+01,4.104234e+01,4.158238e+01,4.139826e+01,4.139826e+01,4.139826e+01,4.139826e+01,4.196283e+01,4.234202e+01,4.260281e+01,4.309667e+01,4.391084e+01,4.406528e+01,4.447611e+01,4.505142e+01,4.534438e+01,4.577612e+01,4.624417e+01,4.669781e+01,4.718731e+01,4.777457e+01,4.819761e+01,4.863155e+01,4.934724e+01,4.978936e+01,5.051050e+01,5.100914e+01,5.178352e+01,5.224102e+01,5.313909e+01,5.361544e+01,5.440932e+01,5.503381e+01,5.545625e+01,5.636677e+01,5.678485e+01,5.754782e+01,5.820317e+01,5.898071e+01,5.943594e+01,5.993489e+01,6.054467e+01,6.131980e+01,6.182290e+01,6.225740e+01,6.311118e+01,6.354157e+01,6.402551e+01,6.493376e+01,6.565173e+01,6.652781e+01,6.722687e+01,6.792245e+01,6.856149e+01,6.926112e+01,7.003097e+01,7.060826e+01,7.125626e+01,7.203626e+01,7.286368e+01,7.336816e+01,7.379921e+01,7.450462e+01,7.533858e+01,7.606701e+01,7.641983e+01,7.728326e+01,7.813184e+01,7.853946e+01,7.933170e+01,7.977554e+01,8.058105e+01,8.103108e+01,8.145060e+01,8.223779e+01,8.269276e+01,8.344491e+01,8.390601e+01,8.425095e+01,8.477650e+01,8.526229e+01,8.577506e+01,8.612546e+01,8.645622e+01,8.682399e+01,8.727548e+01,8.764140e+01,8.761328e+01,8.838945e+01,8.874358e+01,8.912482e+01,8.947737e+01,8.982917e+01,9.003251e+01,9.029094e+01,9.054897e+01,9.078821e+01,9.093526e+01,9.093526e+01,9.093526e+01,9.131151e+01,9.142146e+01,9.142146e+01,9.142146e+01,9.142146e+01,9.142146e+01,9.143979e+01,9.172349e+01,9.172349e+01,9.172349e+01,9.172349e+01,9.172349e+01,9.172349e+01,9.172349e+01,9.172349e+01,9.172349e+01,9.172349e+01,9.172349e+01,9.209796e+01,9.197018e+01,9.197018e+01,9.197018e+01,9.159542e+01,9.172349e+01,9.172349e+01,9.172349e+01,9.172349e+01,9.172349e+01,9.172349e+01,9.172349e+01,9.172349e+01,9.172349e+01,9.134817e+01,9.147642e+01,9.147642e+01,9.147642e+01,9.147642e+01,9.147642e+01,9.127484e+01,9.127484e+01,9.127484e+01,9.127484e+01,9.127484e+01,9.127484e+01,9.127484e+01,9.127484e+01,9.099038e+01,9.099038e+01,9.099038e+01,9.099038e+01,9.099038e+01,9.074223e+01,9.074223e+01,9.074223e+01,9.074223e+01,9.074223e+01,9.074223e+01,9.074223e+01,9.039236e+01,9.039236e+01,9.039236e+01,9.039236e+01,9.039236e+01,9.039236e+01,9.039236e+01,9.039236e+01,9.013409e+01,9.013409e+01,9.013409e+01,9.013409e+01,9.013409e+01,9.013409e+01,8.983842e+01,8.983842e+01,8.983842e+01,8.983842e+01,8.983842e+01,8.963485e+01,8.963485e+01,8.963485e+01,8.963485e+01,8.963485e+01,8.935684e+01,8.935684e+01,8.935684e+01,8.935684e+01,8.935684e+01,8.897614e+01,8.897614e+01,8.897614e+01,8.897614e+01,8.897614e+01,8.897614e+01,8.897614e+01,8.897614e+01,8.897614e+01,8.897614e+01,8.897614e+01,8.873427e+01,8.873427e+01,8.873427e+01,8.873427e+01,8.873427e+01,8.873427e+01,8.873427e+01,8.873427e+01,8.873427e+01,8.873427e+01,8.873427e+01,8.873427e+01,8.873427e+01,8.873427e+01,8.873427e+01,8.873427e+01,8.873427e+01,8.873427e+01,8.873427e+01,8.873427e+01,8.873427e+01,8.873427e+01,8.873427e+01,8.873427e+01,8.873427e+01,8.873427e+01,8.873427e+01,8.873427e+01,8.873427e+01,8.873427e+01,8.873427e+01,8.873427e+01,8.911552e+01,8.903191e+01,8.898544e+01,8.902262e+01,8.902262e+01,8.902262e+01,8.902262e+01,8.902262e+01,8.940321e+01,8.916196e+01,8.903191e+01,8.903191e+01,8.903191e+01,8.903191e+01,8.903191e+01,8.903191e+01,8.903191e+01,8.903191e+01,8.903191e+01,8.903191e+01,8.903191e+01,8.903191e+01,8.903191e+01,8.903191e+01,8.941248e+01,8.928263e+01,8.928263e+01,8.928263e+01,8.928263e+01,8.928263e+01,8.928263e+01,8.928263e+01,8.928263e+01,8.928263e+01,8.928263e+01,8.928263e+01,8.928263e+01,8.928263e+01,8.928263e+01,8.928263e+01,8.928263e+01,8.882734e+01,8.875289e+01,8.908766e+01,8.876220e+01,8.838012e+01,8.851069e+01,8.829613e+01,8.789425e+01,8.790361e+01,8.785682e+01,8.771636e+01,8.745386e+01,8.727548e+01,8.738816e+01,8.708752e+01,8.680515e+01,8.664493e+01,8.637123e+01,8.604030e+01,8.578454e+01,8.554736e+01,8.528131e+01,8.494812e+01,8.471925e+01,8.437532e+01,8.413605e+01,8.380045e+01,8.353147e+01,8.319460e+01,8.296317e+01,8.257672e+01,8.227657e+01,8.147983e+01,8.135314e+01,8.105062e+01,8.053205e+01,8.013952e+01,7.960802e+01,7.883703e+01,7.850967e+01,7.819155e+01,7.744336e+01,7.706286e+01,7.662107e+01,7.585492e+01,7.540956e+01,7.508482e+01,7.440260e+01,7.403472e+01,7.324478e+01,7.283274e+01,7.204664e+01,7.143343e+01,7.100577e+01,7.030416e+01,6.977833e+01,6.887994e+01,6.837009e+01,6.794380e+01,6.709807e+01,6.673251e+01,6.608505e+01,6.516261e+01,6.434354e+01,6.399257e+01,6.355259e+01,6.270160e+01,6.182290e+01,6.145414e+01,6.058973e+01,6.004802e+01,5.926542e+01,5.839799e+01,5.788166e+01,5.717846e+01,5.620382e+01,5.578384e+01,5.495150e+01,5.436206e+01,5.362733e+01,5.301972e+01,5.245715e+01,5.150578e+01,5.094844e+01,5.048612e+01,4.976484e+01,4.923647e+01,4.858204e+01,4.813549e+01,4.773717e+01,4.717478e+01,4.669781e+01,4.635774e+01,4.596609e+01,4.526802e+01,4.526802e+01,4.477051e+01,4.491105e+01,4.387220e+01,4.376910e+01,4.338164e+01,4.318742e+01,4.282401e+01,4.258978e+01,4.225061e+01,4.194973e+01,4.172684e+01,4.152981e+01,4.152981e+01,4.124021e+01,4.093666e+01,4.083089e+01,4.067204e+01,4.028725e+01,4.060579e+01,4.024737e+01,3.984778e+01,3.958060e+01,3.958060e+01,3.958060e+01,3.958060e+01,3.958060e+01,3.958060e+01,3.958060e+01,3.996781e+01,3.996781e+01,3.996781e+01,3.996781e+01,4.051298e+01,4.042009e+01,4.042009e+01,4.042009e+01,4.042009e+01,4.042009e+01,4.042009e+01,4.042009e+01,4.042009e+01,4.042009e+01,4.042009e+01,4.042009e+01,4.042009e+01,4.042009e+01,4.042009e+01,3.987447e+01,3.991448e+01,3.991448e+01,3.991448e+01,3.991448e+01,3.991448e+01,3.991448e+01,4.045991e+01,4.044664e+01,4.048645e+01,4.048645e+01,4.048645e+01,4.048645e+01,4.048645e+01,4.102913e+01,4.101593e+01,4.100272e+01,4.100272e+01,4.100272e+01,4.158238e+01,4.154295e+01,4.162180e+01,4.162180e+01,4.162180e+01,4.162180e+01,4.215912e+01,4.200212e+01,4.200212e+01,4.200212e+01,4.200212e+01,4.200212e+01,4.200212e+01,4.200212e+01,4.200212e+01,4.200212e+01,4.146405e+01,4.156924e+01,4.167433e+01,4.164807e+01,4.164807e+01,4.164807e+01,4.164807e+01,4.164807e+01,4.110833e+01,4.129292e+01,4.129292e+01,4.129292e+01,4.129292e+01,4.129292e+01,4.129292e+01,4.129292e+01,4.129292e+01,4.075150e+01,4.093666e+01,4.093666e+01,4.093666e+01,4.093666e+01,4.093666e+01,4.093666e+01,4.093666e+01,4.093666e+01,4.093666e+01,4.093666e+01,4.039353e+01,4.057928e+01,4.057928e+01,4.057928e+01,4.057928e+01,4.057928e+01,4.057928e+01,4.057928e+01,4.057928e+01,4.057928e+01,4.057928e+01,4.057928e+01,4.057928e+01,4.057928e+01,4.057928e+01,4.057928e+01,4.057928e+01,4.112152e+01,4.093666e+01,4.093666e+01,4.093666e+01,4.093666e+01,4.093666e+01,4.093666e+01,4.147721e+01,4.113472e+01,4.113472e+01,4.113472e+01,4.113472e+01,4.113472e+01,4.113472e+01,4.113472e+01,4.113472e+01,4.113472e+01,4.113472e+01,4.113472e+01,4.113472e+01,4.113472e+01,4.113472e+01,4.113472e+01,4.113472e+01,4.113472e+01,4.113472e+01,4.113472e+01,4.113472e+01,4.059254e+01,4.077797e+01,4.077797e+01,4.077797e+01,4.077797e+01,4.077797e+01,4.077797e+01,4.077797e+01,4.077797e+01,4.077797e+01,4.063230e+01,4.028725e+01,4.028725e+01,4.028725e+01,4.028725e+01,4.028725e+01,4.028725e+01,4.028725e+01,4.028725e+01,4.028725e+01,4.028725e+01,4.028725e+01,4.028725e+01,4.028725e+01,4.028725e+01,4.028725e+01,4.028725e+01,3.991448e+01,3.991448e+01,3.991448e+01,3.991448e+01,3.991448e+01,3.991448e+01,3.991448e+01,3.991448e+01
3.595095e+01,3.595095e+01,3.595095e+01,3.595095e+01,3.651613e+01,3.651613e+01,3.651613e+01,3.651613e+01,3.651613e+01,3.651613e+01,3.692784e+01,3.692784e+01,3.692784e+01,3.692784e+01,3.692784e+01,3.756976e+01,3.756976e+01,3.756976e+01,3.756976e+01,3.812671e+01,3.812671e+01,3.812671e+01,3.812671e+01,3.812671e+01,3.812671e+01,3.812671e+01,3.812671e+01,3.812671e+01,3.868088e+01,3.857297e+01,3.865392e+01,3.835683e+01,3.870784e+01,3.889640e+01,3.920548e+01,3.937980e+01,3.937980e+01,3.992781e+01,3.998114e+01,3.998114e+01,4.052624e+01,4.034040e+01,4.034040e+01,4.034040e+01,4.034040e+01,4.034040e+01,4.034040e+01,4.034040e+01,4.034040e+01,4.034040e+01,4.034040e+01,4.034040e+01,4.034040e+01,4.034040e+01,4.034040e+01,4.069854e+01,4.069854e+01,4.069854e+01,4.069854e+01,4.069854e+01,4.069854e+01,4.023407e+01,4.023407e+01,4.023407e+01,4.023407e+01,4.023407e+01,4.023407e+01,4.023407e+01,4.023407e+01,4.023407e+01,4.023407e+01,4.023407e+01,3.968755e+01,3.979440e+01,3.992781e+01,3.992781e+01,3.992781e+01,4.042009e+01,4.042009e+01,4.096309e+01,4.085734e+01,4.088379e+01,4.142458e+01,4.124021e+01,4.154295e+01,4.142458e+01,4.142458e+01,4.142458e+01,4.142458e+01,4.142458e+01,4.196283e+01,4.225061e+01,4.281101e+01,4.316150e+01,4.322629e+01,4.369171e+01,4.439919e+01,4.496211e+01,4.538253e+01,4.583948e+01,4.630728e+01,4.676068e+01,4.724992e+01,4.783687e+01,4.825970e+01,4.869342e+01,4.940875e+01,4.985064e+01,5.057142e+01,5.106982e+01,5.184381e+01,5.230109e+01,5.319873e+01,5.367486e+01,5.398338e+01,5.498678e+01,5.545625e+01,5.641329e+01,5.683121e+01,5.759392e+01,5.824903e+01,5.902630e+01,5.948138e+01,5.998016e+01,6.058973e+01,6.136459e+01,6.186753e+01,6.230189e+01,6.315539e+01,6.358564e+01,6.406942e+01,6.497738e+01,6.569512e+01,6.657092e+01,6.682937e+01,6.786906e+01,6.854024e+01,6.927170e+01,7.006252e+01,7.063969e+01,7.128754e+01,7.206738e+01,7.247124e+01,7.330649e+01,7.375821e+01,7.448421e+01,7.533858e+01,7.608720e+01,7.643997e+01,7.730328e+01,7.774308e+01,7.846994e+01,7.928230e+01,7.974599e+01,8.057124e+01,8.104086e+01,8.147009e+01,8.225718e+01,8.271209e+01,8.346415e+01,8.392519e+01,8.427009e+01,8.479558e+01,8.528131e+01,8.579402e+01,8.614438e+01,8.647511e+01,8.684283e+01,8.729427e+01,8.751952e+01,8.773510e+01,8.802521e+01,8.867841e+01,8.906908e+01,8.943102e+01,8.977367e+01,8.997708e+01,9.023560e+01,9.049371e+01,9.104547e+01,9.091689e+01,9.091689e+01,9.129317e+01,9.120148e+01,9.120148e+01,9.142146e+01,9.142146e+01,9.179662e+01,9.155882e+01,9.165946e+01,9.169605e+01,9.169605e+01,9.169605e+01,9.169605e+01,9.169605e+01,9.169605e+01,9.169605e+01,9.169605e+01,9.169605e+01,9.207059e+01,9.198845e+01,9.200671e+01,9.200671e+01,9.200671e+01,9.200671e+01,9.200671e+01,9.200671e+01,9.172349e+01,9.172349e+01,9.172349e+01,9.172349e+01,9.172349e+01,9.172349e+01,9.172349e+01,9.134817e+01,9.145811e+01,9.145811e+01,9.145811e+01,9.145811e+01,9.145811e+01,9.145811e+01,9.145811e+01,9.145811e+01,9.108219e+01,9.121065e+01,9.121065e+01,9.121065e+01,9.121065e+01,9.121065e+01,9.099038e+01,9.099038e+01,9.099038e+01,9.099038e+01,9.099038e+01,9.074223e+01,9.074223e+01,9.074223e+01,9.074223e+01,9.074223e+01,9.036470e+01,9.044765e+01,9.048450e+01,9.048450e+01,9.048450e+01,9.048450e+01,9.048450e+01,9.010638e+01,9.023560e+01,9.013409e+01,9.016177e+01,9.016177e+01,9.016177e+01,9.016177e+01,8.978293e+01,8.985692e+01,8.986617e+01,8.986617e+01,8.986617e+01,8.986617e+01,8.986617e+01,8.963485e+01,8.963485e+01,8.963485e+01,8.963485e+01,8.925479e+01,8.934757e+01,8.934757e+01,8.934757e+01,8.934757e+01,8.934757e+01,8.897614e+01,8.897614e+01,8.897614e+01,8.897614e+01,8.897614e+01,8.897614e+01,8.897614e+01,8.897614e+01,8.897614e+01,8.897614e+01,8.897614e+01,8.897614e+01,8.897614e+01,8.873427e+01,8.873427e+01,8.873427e+01,8.873427e+01,8.873427e+01,8.873427e+01,8.873427e+01,8.873427e+01,8.873427e+01,8.873427e+01,8.873427e+01,8.873427e+01,8.873427e+01,8.873427e+01,8.873427e+01,8.873427e+01,8.873427e+01,8.873427e+01,8.873427e+01,8.873427e+01,8.873427e+01,8.873427e+01,8.873427e+01,8.873427e+01,8.873427e+01,8.873427e+01,8.873427e+01,8.911552e+01,8.887386e+01,8.908766e+01,8.900403e+01,8.900403e+01,8.900403e+01,8.900403e+01,8.900403e+01,8.900403e+01,8.900403e+01,8.900403e+01,8.900403e+01,8.900403e+01,8.900403e+01,8.900403e+01,8.900403e+01,8.900403e+01,8.900403e+01,8.900403e+01,8.900403e+01,8.900403e+01,8.900403e+01,8.900403e+01,8.938467e+01,8.914339e+01,8.914339e+01,8.914339e+01,8.941248e+01,8.941248e+01,8.941248e+01,8.941248e+01,8.941248e+01,8.903191e+01,8.954223e+01,8.940321e+01,8.940321e+01,8.940321e+01,8.940321e+01,8.940321e+01,8.940321e+01,8.940321e+01,8.940321e+01,8.902262e+01,8.903191e+01,8.892036e+01,8.905979e+01,8.899474e+01,8.875289e+01,8.850137e+01,8.840811e+01,8.820276e+01,8.801585e+01,8.801585e+01,8.801585e+01,8.771636e+01,8.751014e+01,8.751014e+01,8.712512e+01,8.704990e+01,8.686166e+01,8.659777e+01,8.627675e+01,8.604976e+01,8.579402e+01,8.555686e+01,8.519570e+01,8.495765e+01,8.463334e+01,8.438489e+01,8.404982e+01,8.381005e+01,8.344491e+01,8.320422e+01,8.287630e+01,8.258640e+01,8.218932e+01,8.160641e+01,8.137263e+01,8.097246e+01,8.052225e+01,8.012969e+01,7.959815e+01,7.882712e+01,7.851960e+01,7.810197e+01,7.743336e+01,7.705283e+01,7.661102e+01,7.584481e+01,7.541969e+01,7.499336e+01,7.439239e+01,7.360437e+01,7.315217e+01,7.238849e+01,7.195326e+01,7.140218e+01,7.097443e+01,7.027267e+01,6.974671e+01,6.884812e+01,6.833816e+01,6.747339e+01,6.700140e+01,6.670020e+01,6.605260e+01,6.512994e+01,6.435449e+01,6.389370e+01,6.351954e+01,6.266833e+01,6.178942e+01,6.142057e+01,6.055594e+01,6.001409e+01,5.923128e+01,5.836363e+01,5.784716e+01,5.714378e+01,5.616887e+01,5.574878e+01,5.491621e+01,5.432661e+01,5.359167e+01,5.298389e+01,5.242115e+01,5.146951e+01,5.091201e+01,5.044955e+01,4.972805e+01,4.919952e+01,4.854489e+01,4.814791e+01,4.762490e+01,4.713719e+01,4.671038e+01,4.585214e+01,4.621892e+01,4.568736e+01,4.515340e+01,4.441201e+01,4.456579e+01,4.400096e+01,4.375620e+01,4.345923e+01,4.312261e+01,4.236813e+01,4.247248e+01,4.223754e+01,4.202830e+01,4.202830e+01,4.152981e+01,4.138510e+01,4.122703e+01,4.101593e+01,4.101593e+01,4.067204e+01,4.044664e+01,4.044664e+01,4.023407e+01,3.992781e+01,3.992781e+01,3.992781e+01,3.992781e+01,3.992781e+01,3.992781e+01,3.992781e+01,3.992781e+01,3.992781e+01,3.992781e+01,3.992781e+01,3.992781e+01,4.051298e+01,4.051298e+01,4.051298e+01,4.051298e+01,4.051298e+01,4.051298e+01,4.051298e+01,4.051298e+01,4.051298e+01,4.051298e+01,4.051298e+01,4.051298e+01,4.051298e+01,4.051298e+01,3.996781e+01,4.003443e+01,4.003443e+01,4.003443e+01,4.003443e+01,4.003443e+01,4.003443e+01,4.003443e+01,4.045991e+01,4.045991e+01,4.045991e+01,4.045991e+01,4.045991e+01,4.045991e+01,4.045991e+01,4.102913e+01,4.102913e+01,4.102913e+01,4.102913e+01,4.102913e+01,4.158238e+01,4.158238e+01,4.158238e+01,4.158238e+01,4.158238e+01,4.158238e+01,4.215912e+01,4.215912e+01,4.215912e+01,4.215912e+01,4.215912e+01,4.162180e+01,4.181867e+01,4.181867e+01,4.181867e+01,4.181867e+01,4.181867e+01,4.181867e+01,4.181867e+01,4.127974e+01,4.147721e+01,4.147721e+01,4.147721e+01,4.147721e+01,4.147721e+01,4.147721e+01,4.147721e+01,4.147721e+01,4.093666e+01,4.113472e+01,4.113472e+01,4.113472e+01,4.113472e+01,4.113472e+01,4.113472e+01,4.113472e+01,4.113472e+01,4.059254e+01,4.079120e+01,4.079120e+01,4.079120e+01,4.079120e+01,4.079120e+01,4.079120e+01,4.079120e+01,4.079120e+01,4.079120e+01,4.079120e+01,4.079120e+01,4.079120e+01,4.024737e+01,4.044664e+01,4.044664e+01,4.044664e+01,4.044664e+01,4.044664e+01,4.044664e+01,4.044664e+01,4.044664e+01,4.044664e+01,4.098951e+01,4.098951e+01,4.098951e+01,4.098951e+01,4.098951e+01,4.098951e+01,4.098951e+01,4.098951e+01,4.147721e+01,4.121385e+01,4.121385e+01,4.121385e+01,4.121385e+01,4.121385e+01,4.121385e+01,4.121385e+01,4.121385e+01,4.121385e+01,4.121385e+01,4.121385e+01,4.121385e+01,4.121385e+01,4.121385e+01,4.121385e+01,4.121385e+01,4.067204e+01,4.101593e+01,4.101593e+01,4.101593e+01,4.101593e+01,4.101593e+01,4.047318e+01,4.067204e+01,4.067204e+01,4.067204e+01,4.067204e+01,4.067204e+01,4.067204e+01,4.067204e+01,4.067204e+01,4.067204e+01,4.067204e+01,4.067204e+01,4.028725e+01,4.028725e+01,4.028725e+01,4.028725e+01,4.028725e+01,4.028725e+01,4.028725e+01,4.028725e+01,4.028725e+01,4.028725e+01,4.028725e+01,4.028725e+01,4.028725e+01,4.028725e+01,4.028725e+01,3.991448e+01,3.991448e+01,3.991448e+01,3.991448e+01,3.991448e+01,3.991448e+01
3.595095e+01,3.595095e+01,3.595095e+01,3.595095e+01,3.651613e+01,3.651613e+01,3.651613e+01,3.651613e+01,3.651613e+01,3.651613e+01,3.692784e+01,3.692784e+01,3.692784e+01,3.692784e+01,3.748802e+01,3.740622e+01,3.740622e+01,3.740622e+01,3.796399e+01,3.799113e+01,3.799113e+01,3.799113e+01,3.799113e+01,3.854597e+01,3.834330e+01,3.834330e+01,3.834330e+01,3.834330e+01,3.834330e+01,3.834330e+01,3.834330e+01,3.889640e+01,3.876175e+01,3.904433e+01,3.912493e+01,3.912493e+01,3.967419e+01,3.979440e+01,3.979440e+01,3.979440e+01,3.998114e+01,4.032712e+01,4.032712e+01,4.032712e+01,4.032712e+01,4.032712e+01,4.032712e+01,4.032712e+01,4.032712e+01,4.032712e+01,4.087056e+01,4.052624e+01,4.052624e+01,4.052624e+01,4.052624e+01,4.052624e+01,4.052624e+01,4.052624e+01,4.052624e+01,4.052624e+01,4.052624e+01,4.052624e+01,4.052624e+01,4.052624e+01,4.052624e+01,4.052624e+01,4.023407e+01,4.023407e+01,4.023407e+01,4.023407e+01,4.023407e+01,4.023407e+01,4.023407e+01,4.023407e+01,4.023407e+01,4.023407e+01,4.023407e+01,4.023407e+01,4.023407e+01,4.096309e+01,4.096309e+01,4.096309e+01,4.096309e+01,4.124021e+01,4.146405e+01,4.146405e+01,4.146405e+01,4.146405e+01,4.146405e+01,4.146405e+01,4.196283e+01,4.184489e+01,4.242032e+01,4.331693e+01,4.361427e+01,4.378199e+01,4.443766e+01,4.500039e+01,4.542068e+01,4.587748e+01,4.634513e+01,4.679838e+01,4.728747e+01,4.787424e+01,4.829693e+01,4.873052e+01,4.944563e+01,4.988739e+01,5.060796e+01,5.110621e+01,5.187997e+01,5.233712e+01,5.323450e+01,5.366298e+01,5.409000e+01,5.502205e+01,5.549139e+01,5.644817e+01,5.686598e+01,5.762848e+01,5.828342e+01,5.859252e+01,5.941322e+01,5.994621e+01,6.058973e+01,6.139818e+01,6.190099e+01,6.233524e+01,6.273486e+01,6.351954e+01,6.402551e+01,6.495557e+01,6.569512e+01,6.656015e+01,6.691541e+01,6.777293e+01,6.846582e+01,6.921882e+01,7.003097e+01,7.062921e+01,7.129797e+01,7.166239e+01,7.239884e+01,7.324478e+01,7.412677e+01,7.457599e+01,7.494253e+01,7.601654e+01,7.637955e+01,7.725323e+01,7.770315e+01,7.844014e+01,7.926254e+01,7.973614e+01,8.016899e+01,8.095291e+01,8.178151e+01,8.192728e+01,8.269276e+01,8.345453e+01,8.353147e+01,8.418393e+01,8.470971e+01,8.519570e+01,8.570868e+01,8.605923e+01,8.639012e+01,8.675804e+01,8.720033e+01,8.743509e+01,8.804391e+01,8.814671e+01,8.867841e+01,8.906908e+01,8.943102e+01,8.976443e+01,8.998632e+01,9.025404e+01,9.058580e+01,9.055817e+01,9.079741e+01,9.100874e+01,9.117396e+01,9.117396e+01,9.154966e+01,9.145811e+01,9.166861e+01,9.167776e+01,9.161372e+01,9.161372e+01,9.161372e+01,9.161372e+01,9.198845e+01,9.185145e+01,9.185145e+01,9.185145e+01,9.185145e+01,9.185145e+01,9.185145e+01,9.185145e+01,9.185145e+01,9.185145e+01,9.185145e+01,9.185145e+01,9.185145e+01,9.185145e+01,9.185145e+01,9.185145e+01,9.185145e+01,9.185145e+01,9.185145e+01,9.147642e+01,9.161372e+01,9.177834e+01,9.152220e+01,9.152220e+01,9.152220e+01,9.152220e+01,9.152220e+01,9.152220e+01,9.114643e+01,9.138482e+01,9.117396e+01,9.117396e+01,9.117396e+01,9.117396e+01,9.117396e+01,9.117396e+01,9.117396e+01,9.117396e+01,9.079741e+01,9.093526e+01,9.093526e+01,9.093526e+01,9.093526e+01,9.093526e+01,9.074223e+01,9.074223e+01,9.074223e+01,9.036470e+01,9.036470e+01,9.036470e+01,9.036470e+01,9.036470e+01,9.036470e+01,9.036470e+01,9.036470e+01,9.036470e+01,9.036470e+01,9.036470e+01,9.016177e+01,9.016177e+01,9.016177e+01,8.978293e+01,8.978293e+01,8.978293e+01,8.978293e+01,8.978293e+01,8.978293e+01,8.978293e+01,8.978293e+01,8.940321e+01,8.954223e+01,8.932902e+01,8.936612e+01,8.936612e+01,8.936612e+01,8.936612e+01,8.898544e+01,8.906908e+01,8.906908e+01,8.906908e+01,8.906908e+01,8.906908e+01,8.906908e+01,8.906908e+01,8.906908e+01,8.906908e+01,8.868771e+01,8.882734e+01,8.882734e+01,8.882734e+01,8.882734e+01,8.882734e+01,8.882734e+01,8.882734e+01,8.882734e+01,8.882734e+01,8.882734e+01,8.882734e+01,8.844542e+01,8.858525e+01,8.858525e+01,8.858525e+01,8.858525e+01,8.858525e+01,8.858525e+01,8.858525e+01,8.858525e+01,8.858525e+01,8.858525e+01,8.858525e+01,8.896685e+01,8.882734e+01,8.882734e+01,8.882734e+01,8.882734e+01,8.882734e+01,8.882734e+01,8.882734e+01,8.882734e+01,8.882734e+01,8.882734e+01,8.920838e+01,8.906908e+01,8.906908e+01,8.906908e+01,8.906908e+01,8.906908e+01,8.906908e+01,8.906908e+01,8.906908e+01,8.906908e+01,8.906908e+01,8.906908e+01,8.906908e+01,8.906908e+01,8.906908e+01,8.906908e+01,8.944956e+01,8.958855e+01,8.934757e+01,8.926407e+01,8.926407e+01,8.919910e+01,8.919910e+01,8.919910e+01,8.919910e+01,8.919910e+01,8.919910e+01,8.919910e+01,8.919910e+01,8.919910e+01,8.919910e+01,8.919910e+01,8.940321e+01,8.940321e+01,8.940321e+01,8.940321e+01,8.940321e+01,8.940321e+01,8.940321e+01,8.902262e+01,8.902262e+01,8.902262e+01,8.902262e+01,8.902262e+01,8.875289e+01,8.855729e+01,8.874358e+01,8.845474e+01,8.812802e+01,8.812802e+01,8.774446e+01,8.767889e+01,8.756641e+01,8.735061e+01,8.724730e+01,8.704990e+01,8.676746e+01,8.650342e+01,8.628620e+01,8.604030e+01,8.577506e+01,8.546190e+01,8.520522e+01,8.487186e+01,8.464288e+01,8.429879e+01,8.405940e+01,8.372365e+01,8.345453e+01,8.311749e+01,8.288596e+01,8.249932e+01,8.218932e+01,8.161614e+01,8.128488e+01,8.097246e+01,8.011987e+01,8.003139e+01,7.958829e+01,7.883703e+01,7.843020e+01,7.809201e+01,7.742336e+01,7.663113e+01,7.652048e+01,7.582460e+01,7.539942e+01,7.455560e+01,7.430050e+01,7.357358e+01,7.312129e+01,7.235744e+01,7.192213e+01,7.137093e+01,7.051395e+01,7.017814e+01,6.927170e+01,6.875265e+01,6.828493e+01,6.741984e+01,6.701214e+01,6.660326e+01,6.599850e+01,6.507548e+01,6.474822e+01,6.393765e+01,6.306696e+01,6.256849e+01,6.173360e+01,6.136459e+01,6.049960e+01,5.995752e+01,5.917437e+01,5.830635e+01,5.778965e+01,5.708595e+01,5.658759e+01,5.579553e+01,5.491621e+01,5.427932e+01,5.354411e+01,5.293609e+01,5.237314e+01,5.142113e+01,5.086341e+01,5.040077e+01,4.967898e+01,4.915023e+01,4.855727e+01,4.803603e+01,4.757497e+01,4.708706e+01,4.666007e+01,4.615576e+01,4.607993e+01,4.563661e+01,4.510242e+01,4.457859e+01,4.428371e+01,4.412957e+01,4.375620e+01,4.343337e+01,4.299288e+01,4.307073e+01,4.273298e+01,4.223754e+01,4.223754e+01,4.170059e+01,4.166120e+01,4.166120e+01,4.122703e+01,4.122703e+01,4.068529e+01,4.071178e+01,4.071178e+01,4.016756e+01,4.018087e+01,4.000779e+01,4.000779e+01,4.000779e+01,4.000779e+01,4.000779e+01,4.000779e+01,4.000779e+01,4.000779e+01,4.000779e+01,4.000779e+01,4.000779e+01,4.000779e+01,4.051298e+01,4.051298e+01,4.051298e+01,4.051298e+01,4.051298e+01,4.051298e+01,4.051298e+01,4.051298e+01,4.051298e+01,4.051298e+01,4.051298e+01,4.051298e+01,4.051298e+01,4.051298e+01,4.051298e+01,4.003443e+01,4.003443e+01,4.003443e+01,4.003443e+01,4.003443e+01,4.003443e+01,4.003443e+01,4.003443e+01,4.045991e+01,4.045991e+01,4.045991e+01,4.045991e+01,4.045991e+01,4.045991e+01,4.102913e+01,4.102913e+01,4.102913e+01,4.102913e+01,4.102913e+01,4.158238e+01,4.158238e+01,4.158238e+01,4.158238e+01,4.158238e+01,4.211989e+01,4.200212e+01,4.200212e+01,4.200212e+01,4.200212e+01,4.200212e+01,4.200212e+01,4.200212e+01,4.200212e+01,4.200212e+01,4.200212e+01,4.146405e+01,4.166120e+01,4.135877e+01,4.143774e+01,4.143774e+01,4.143774e+01,4.143774e+01,4.143774e+01,4.143774e+01,4.143774e+01,4.143774e+01,4.143774e+01,4.093666e+01,4.093666e+01,4.093666e+01,4.093666e+01,4.093666e+01,4.093666e+01,4.093666e+01,4.093666e+01,4.093666e+01,4.093666e+01,4.093666e+01,4.093666e+01,4.093666e+01,4.093666e+01,4.093666e+01,4.093666e+01,4.093666e+01,4.093666e+01,4.093666e+01,4.093666e+01,4.039353e+01,4.040681e+01,4.038025e+01,4.038025e+01,4.038025e+01,4.038025e+01,4.038025e+01,4.038025e+01,4.038025e+01,4.038025e+01,4.038025e+01,4.092345e+01,4.083089e+01,4.083089e+01,4.083089e+01,4.083089e+01,4.083089e+01,4.083089e+01,4.137194e+01,4.135877e+01,4.134560e+01,4.134560e+01,4.134560e+01,4.134560e+01,4.134560e+01,4.134560e+01,4.134560e+01,4.134560e+01,4.134560e+01,4.134560e+01,4.134560e+01,4.134560e+01,4.134560e+01,4.134560e+01,4.134560e+01,4.080443e+01,4.081766e+01,4.084412e+01,4.093666e+01,4.093666e+01,4.093666e+01,4.093666e+01,4.093666e+01,4.093666e+01,4.093666e+01,4.093666e+01,4.093666e+01,4.093666e+01,4.093666e+01,4.039353e+01,4.059254e+01,4.059254e+01,4.059254e+01,4.059254e+01,4.059254e+01,4.059254e+01,4.059254e+01,4.059254e+01,4.059254e+01,4.059254e+01,4.059254e+01,4.059254e+01,4.028725e+01,4.028725e+01,4.028725e+01,4.028725e+01,4.028725e+01,4.028725e+01,4.028725e+01,4.028725e+01,3.991448e+01,3.991448e+01,3.991448e+01,3.991448e+01,3.991448e+01,3.991448e+01
3.595095e+01,3.595095e+01,3.595095e+01,3.595095e+01,3.595095e+01,3.651613e+01,3.651613e+01,3.651613e+01,3.651613e+01,3.651613e+01,3.692784e+01,3.692784e+01,3.692784e+01,3.692784e+01,3.748802e+01,3.748802e+01,3.748802e+01,3.748802e+01,3.796399e+01,3.796399e+01,3.796399e+01,3.796399e+01,3.796399e+01,3.799113e+01,3.834330e+01,3.834330e+01,3.834330e+01,3.834330e+01,3.834330e+01,3.834330e+01,3.834330e+01,3.889640e+01,3.889640e+01,3.896367e+01,3.951371e+01,3.950032e+01,3.954047e+01,3.954047e+01,4.008770e+01,3.988781e+01,4.011433e+01,4.024737e+01,4.024737e+01,4.024737e+01,4.024737e+01,4.024737e+01,4.079120e+01,4.044664e+01,4.044664e+01,4.044664e+01,4.044664e+01,4.044664e+01,4.044664e+01,4.044664e+01,4.044664e+01,4.044664e+01,4.044664e+01,4.044664e+01,4.044664e+01,4.044664e+01,4.044664e+01,4.044664e+01,4.044664e+01,4.044664e+01,4.044664e+01,4.044664e+01,4.044664e+01,4.044664e+01,4.044664e+01,3.990114e+01,4.010102e+01,4.010102e+01,4.010102e+01,4.010102e+01,4.010102e+01,4.010102e+01,4.010102e+01,4.010102e+01,4.064555e+01,4.083089e+01,4.083089e+01,4.137194e+01,4.135877e+01,4.131926e+01,4.131926e+01,4.131926e+01,4.131926e+01,4.131926e+01,4.131926e+01,4.185801e+01,4.183178e+01,4.213297e+01,4.249856e+01,4.330399e+01,4.352386e+01,4.398809e+01,4.448893e+01,4.505142e+01,4.547152e+01,4.592812e+01,4.639558e+01,4.684864e+01,4.733752e+01,4.792405e+01,4.834657e+01,4.877997e+01,4.949480e+01,4.993638e+01,5.015657e+01,5.104555e+01,5.186792e+01,5.237314e+01,5.279260e+01,5.360356e+01,5.406631e+01,5.503381e+01,5.552652e+01,5.600567e+01,5.679644e+01,5.758240e+01,5.822610e+01,5.864968e+01,5.943594e+01,5.996884e+01,6.061226e+01,6.096088e+01,6.182290e+01,6.226853e+01,6.313329e+01,6.361868e+01,6.404747e+01,6.497738e+01,6.571681e+01,6.613912e+01,6.684013e+01,6.770879e+01,6.841264e+01,6.917651e+01,6.999941e+01,7.060826e+01,7.085944e+01,7.198440e+01,7.246090e+01,7.324478e+01,7.370695e+01,7.449442e+01,7.500352e+01,7.592565e+01,7.627881e+01,7.714304e+01,7.799239e+01,7.849973e+01,7.926254e+01,7.973614e+01,8.016899e+01,8.095291e+01,8.164534e+01,8.201467e+01,8.269276e+01,8.331980e+01,8.361798e+01,8.418393e+01,8.470971e+01,8.519570e+01,8.570868e+01,8.605923e+01,8.639012e+01,8.675804e+01,8.719093e+01,8.751952e+01,8.791296e+01,8.823077e+01,8.867841e+01,8.906908e+01,8.943102e+01,8.975517e+01,8.999556e+01,9.034627e+01,9.045686e+01,9.092608e+01,9.098119e+01,9.095364e+01,9.117396e+01,9.138482e+01,9.145811e+01,9.155882e+01,9.161372e+01,9.123816e+01,9.185145e+01,9.171434e+01,9.171434e+01,9.171434e+01,9.171434e+01,9.171434e+01,9.171434e+01,9.171434e+01,9.171434e+01,9.171434e+01,9.171434e+01,9.171434e+01,9.171434e+01,9.171434e+01,9.171434e+01,9.171434e+01,9.171434e+01,9.171434e+01,9.171434e+01,9.171434e+01,9.171434e+01,9.171434e+01,9.171434e+01,9.171434e+01,9.171434e+01,9.171434e+01,9.152220e+01,9.152220e+01,9.152220e+01,9.152220e+01,9.152220e+01,9.152220e+01,9.152220e+01,9.114643e+01,9.117396e+01,9.117396e+01,9.117396e+01,9.117396e+01,9.117396e+01,9.117396e+01,9.117396e+01,9.117396e+01,9.079741e+01,9.079741e+01,9.079741e+01,9.079741e+01,9.079741e+01,9.079741e+01,9.079741e+01,9.079741e+01,9.042001e+01,9.047529e+01,9.047529e+01,9.047529e+01,9.047529e+01,9.047529e+01,9.047529e+01,9.009715e+01,9.023560e+01,9.023560e+01,9.023560e+01,9.023560e+01,9.023560e+01,8.985692e+01,8.994012e+01,8.987541e+01,8.987541e+01,8.987541e+01,8.987541e+01,8.987541e+01,8.987541e+01,8.949590e+01,8.950517e+01,8.949590e+01,8.944029e+01,8.938467e+01,8.938467e+01,8.938467e+01,8.938467e+01,8.938467e+01,8.898544e+01,8.898544e+01,8.936612e+01,8.922695e+01,8.922695e+01,8.884595e+01,8.898544e+01,8.898544e+01,8.898544e+01,8.898544e+01,8.898544e+01,8.898544e+01,8.898544e+01,8.898544e+01,8.898544e+01,8.860388e+01,8.874358e+01,8.874358e+01,8.874358e+01,8.874358e+01,8.874358e+01,8.874358e+01,8.874358e+01,8.874358e+01,8.874358e+01,8.874358e+01,8.874358e+01,8.874358e+01,8.874358e+01,8.874358e+01,8.874358e+01,8.874358e+01,8.874358e+01,8.874358e+01,8.874358e+01,8.874358e+01,8.874358e+01,8.874358e+01,8.874358e+01,8.874358e+01,8.874358e+01,8.874358e+01,8.874358e+01,8.912482e+01,8.911552e+01,8.911552e+01,8.911552e+01,8.911552e+01,8.911552e+01,8.911552e+01,8.911552e+01,8.911552e+01,8.911552e+01,8.911552e+01,8.911552e+01,8.911552e+01,8.911552e+01,8.911552e+01,8.911552e+01,8.911552e+01,8.911552e+01,8.911552e+01,8.911552e+01,8.911552e+01,8.911552e+01,8.911552e+01,8.911552e+01,8.911552e+01,8.911552e+01,8.911552e+01,8.949590e+01,8.935684e+01,8.935684e+01,8.935684e+01,8.935684e+01,8.935684e+01,8.935684e+01,8.935684e+01,8.935684e+01,8.935684e+01,8.935684e+01,8.935684e+01,8.935684e+01,8.935684e+01,8.935684e+01,8.935684e+01,8.902262e+01,8.902262e+01,8.902262e+01,8.875289e+01,8.861320e+01,8.864115e+01,8.836146e+01,8.825879e+01,8.804391e+01,8.787553e+01,8.787553e+01,8.756641e+01,8.740694e+01,8.720033e+01,8.703108e+01,8.674862e+01,8.648454e+01,8.626730e+01,8.602137e+01,8.568023e+01,8.547140e+01,8.511956e+01,8.488140e+01,8.455693e+01,8.430836e+01,8.397313e+01,8.373325e+01,8.336794e+01,8.312713e+01,8.279905e+01,8.250900e+01,8.210202e+01,8.161614e+01,8.129463e+01,8.088448e+01,8.025739e+01,7.994288e+01,7.918346e+01,7.874782e+01,7.801232e+01,7.792263e+01,7.740335e+01,7.677183e+01,7.642990e+01,7.580437e+01,7.537914e+01,7.456580e+01,7.420855e+01,7.355305e+01,7.310069e+01,7.233675e+01,7.190137e+01,7.135008e+01,7.095353e+01,6.985206e+01,6.920824e+01,6.873141e+01,6.826363e+01,6.739841e+01,6.699065e+01,6.613912e+01,6.545629e+01,6.504279e+01,6.463897e+01,6.390469e+01,6.303379e+01,6.253520e+01,6.170009e+01,6.133100e+01,6.046579e+01,5.945866e+01,5.906049e+01,5.826050e+01,5.774362e+01,5.703967e+01,5.654113e+01,5.574878e+01,5.486914e+01,5.423202e+01,5.349652e+01,5.288828e+01,5.232511e+01,5.137273e+01,5.081479e+01,5.035197e+01,4.962989e+01,4.910093e+01,4.850772e+01,4.798627e+01,4.752502e+01,4.703690e+01,4.660974e+01,4.633251e+01,4.596609e+01,4.506417e+01,4.493658e+01,4.459140e+01,4.437354e+01,4.407814e+01,4.373041e+01,4.330399e+01,4.317446e+01,4.249856e+01,4.235508e+01,4.236813e+01,4.206756e+01,4.188422e+01,4.134560e+01,4.135877e+01,4.135877e+01,4.105554e+01,4.087056e+01,4.087056e+01,4.087056e+01,4.016756e+01,4.016756e+01,4.016756e+01,4.016756e+01,4.016756e+01,4.016756e+01,3.962072e+01,3.982109e+01,3.982109e+01,3.982109e+01,3.982109e+01,3.982109e+01,4.036697e+01,4.035369e+01,4.038025e+01,4.038025e+01,4.038025e+01,4.038025e+01,4.038025e+01,4.038025e+01,4.038025e+01,4.038025e+01,4.038025e+01,4.038025e+01,4.038025e+01,4.038025e+01,4.038025e+01,4.038025e+01,4.038025e+01,4.038025e+01,4.003443e+01,4.003443e+01,4.003443e+01,4.003443e+01,4.003443e+01,4.003443e+01,4.003443e+01,4.045991e+01,4.045991e+01,4.045991e+01,4.045991e+01,4.045991e+01,4.100272e+01,4.087056e+01,4.087056e+01,4.087056e+01,4.087056e+01,4.141142e+01,4.145090e+01,4.145090e+01,4.145090e+01,4.145090e+01,4.198902e+01,4.198902e+01,4.198902e+01,4.198902e+01,4.198902e+01,4.198902e+01,4.198902e+01,4.198902e+01,4.198902e+01,4.198902e+01,4.198902e+01,4.145090e+01,4.160866e+01,4.150351e+01,4.143774e+01,4.143774e+01,4.143774e+01,4.143774e+01,4.143774e+01,4.143774e+01,4.143774e+01,4.143774e+01,4.143774e+01,4.143774e+01,4.143774e+01,4.093666e+01,4.093666e+01,4.093666e+01,4.093666e+01,4.093666e+01,4.093666e+01,4.093666e+01,4.093666e+01,4.093666e+01,4.093666e+01,4.093666e+01,4.093666e+01,4.093666e+01,4.093666e+01,4.093666e+01,4.093666e+01,4.093666e+01,4.093666e+01,4.039353e+01,4.055276e+01,4.055276e+01,4.055276e+01,4.055276e+01,4.055276e+01,4.055276e+01,4.055276e+01,4.055276e+01,4.055276e+01,4.055276e+01,4.055276e+01,4.055276e+01,4.055276e+01,4.055276e+01,4.083089e+01,4.083089e+01,4.083089e+01,4.083089e+01,4.083089e+01,4.135877e+01,4.135877e+01,4.135877e+01,4.135877e+01,4.135877e+01,4.135877e+01,4.135877e+01,4.135877e+01,4.135877e+01,4.135877e+01,4.135877e+01,4.135877e+01,4.135877e+01,4.135877e+01,4.135877e+01,4.135877e+01,4.135877e+01,4.135877e+01,4.135877e+01,4.093666e+01,4.093666e+01,4.093666e+01,4.093666e+01,4.093666e+01,4.093666e+01,4.093666e+01,4.093666e+01,4.093666e+01,4.093666e+01,4.093666e+01,4.039353e+01,4.039353e+01,4.039353e+01,4.039353e+01,4.039353e+01,4.039353e+01,4.039353e+01,4.039353e+01,4.039353e+01,4.039353e+01,4.039353e+01,4.039353e+01,4.039353e+01,4.039353e+01,4.039353e+01,4.039353e+01,4.039353e+01,4.039353e+01,4.039353e+01,4.039353e+01,3.984778e+01,3.998114e+01,3.998114e+01,3.998114e+01,3.998114e+01,3.998114e+01,3.998114e+01
3.595095e+01,3.595095e+01,3.595095e+01,3.595095e+01,3.595095e+01,3.651613e+01,3.651613e+01,3.651613e+01,3.651613e+01,3.707841e+01,3.694154e+01,3.694154e+01,3.694154e+01,3.694154e+01,3.748802e+01,3.748802e+01,3.748802e+01,3.804538e+01,3.788254e+01,3.788254e+01,3.788254e+01,3.788254e+01,3.843793e+01,3.832978e+01,3.830272e+01,3.830272e+01,3.830272e+01,3.830272e+01,3.830272e+01,3.830272e+01,3.830272e+01,3.830272e+01,3.889640e+01,3.927256e+01,3.937980e+01,3.937980e+01,3.937980e+01,3.992781e+01,3.995448e+01,3.995448e+01,4.049971e+01,4.030054e+01,4.030054e+01,4.030054e+01,4.030054e+01,4.030054e+01,4.030054e+01,4.030054e+01,4.030054e+01,4.030054e+01,4.084412e+01,4.064555e+01,4.064555e+01,4.064555e+01,4.064555e+01,4.064555e+01,4.064555e+01,4.010102e+01,4.030054e+01,4.030054e+01,4.030054e+01,4.030054e+01,4.030054e+01,4.030054e+01,4.030054e+01,4.030054e+01,4.030054e+01,4.030054e+01,4.030054e+01,4.030054e+01,4.030054e+01,4.030054e+01,3.975434e+01,3.995448e+01,3.995448e+01,3.995448e+01,3.995448e+01,4.049971e+01,4.051298e+01,4.051298e+01,4.083089e+01,4.118748e+01,4.118748e+01,4.118748e+01,4.118748e+01,4.118748e+01,4.118748e+01,4.118748e+01,4.118748e+01,4.131926e+01,4.163493e+01,4.249856e+01,4.269394e+01,4.312261e+01,4.364009e+01,4.405242e+01,4.455298e+01,4.511517e+01,4.553505e+01,4.547152e+01,4.635774e+01,4.686120e+01,4.738755e+01,4.797383e+01,4.839618e+01,4.882941e+01,4.954394e+01,4.976484e+01,5.026652e+01,5.109408e+01,5.142113e+01,5.232511e+01,5.278064e+01,5.362733e+01,5.410184e+01,5.506907e+01,5.556164e+01,5.604066e+01,5.683121e+01,5.761696e+01,5.826050e+01,5.868396e+01,5.947002e+01,6.000278e+01,6.060099e+01,6.106192e+01,6.185637e+01,6.230189e+01,6.316644e+01,6.365171e+01,6.408040e+01,6.501009e+01,6.530409e+01,6.608505e+01,6.680785e+01,6.769810e+01,6.842328e+01,6.919766e+01,7.002045e+01,7.059779e+01,7.137093e+01,7.196365e+01,7.246090e+01,7.326535e+01,7.372746e+01,7.451482e+01,7.502385e+01,7.594585e+01,7.629896e+01,7.716309e+01,7.801232e+01,7.851960e+01,7.887666e+01,7.967702e+01,8.012969e+01,8.093336e+01,8.124586e+01,8.193699e+01,8.262508e+01,8.324276e+01,8.363720e+01,8.419350e+01,8.471925e+01,8.520522e+01,8.571816e+01,8.606869e+01,8.639957e+01,8.676746e+01,8.681457e+01,8.745386e+01,8.784746e+01,8.816540e+01,8.861320e+01,8.900403e+01,8.936612e+01,8.968114e+01,9.001404e+01,9.021714e+01,9.016177e+01,9.058580e+01,9.088013e+01,9.099038e+01,9.082499e+01,9.111890e+01,9.132984e+01,9.132984e+01,9.132984e+01,9.132984e+01,9.147642e+01,9.171434e+01,9.171434e+01,9.171434e+01,9.171434e+01,9.171434e+01,9.171434e+01,9.171434e+01,9.171434e+01,9.171434e+01,9.171434e+01,9.171434e+01,9.171434e+01,9.171434e+01,9.171434e+01,9.171434e+01,9.171434e+01,9.171434e+01,9.171434e+01,9.171434e+01,9.171434e+01,9.171434e+01,9.171434e+01,9.171434e+01,9.171434e+01,9.133900e+01,9.143063e+01,9.143063e+01,9.143063e+01,9.143063e+01,9.143063e+01,9.143063e+01,9.143063e+01,9.143063e+01,9.143063e+01,9.143063e+01,9.117396e+01,9.117396e+01,9.117396e+01,9.117396e+01,9.117396e+01,9.117396e+01,9.079741e+01,9.079741e+01,9.079741e+01,9.079741e+01,9.079741e+01,9.079741e+01,9.079741e+01,9.079741e+01,9.079741e+01,9.047529e+01,9.047529e+01,9.047529e+01,9.047529e+01,9.047529e+01,9.047529e+01,9.047529e+01,9.023560e+01,9.023560e+01,9.023560e+01,9.023560e+01,9.023560e+01,8.985692e+01,8.985692e+01,8.985692e+01,8.985692e+01,8.985692e+01,8.985692e+01,8.985692e+01,8.985692e+01,8.985692e+01,8.985692e+01,8.949590e+01,8.949590e+01,8.949590e+01,8.949590e+01,8.911552e+01,8.925479e+01,8.943102e+01,8.916196e+01,8.935684e+01,8.925479e+01,8.925479e+01,8.925479e+01,8.922695e+01,8.898544e+01,8.898544e+01,8.898544e+01,8.898544e+01,8.898544e+01,8.898544e+01,8.898544e+01,8.898544e+01,8.898544e+01,8.898544e+01,8.874358e+01,8.874358e+01,8.874358e+01,8.874358e+01,8.874358e+01,8.874358e+01,8.874358e+01,8.874358e+01,8.874358e+01,8.874358e+01,8.874358e+01,8.874358e+01,8.874358e+01,8.874358e+01,8.874358e+01,8.874358e+01,8.874358e+01,8.874358e+01,8.874358e+01,8.874358e+01,8.874358e+01,8.874358e+01,8.874358e+01,8.912482e+01,8.888316e+01,8.888316e+01,8.888316e+01,8.888316e+01,8.888316e+01,8.888316e+01,8.888316e+01,8.888316e+01,8.911552e+01,8.911552e+01,8.911552e+01,8.911552e+01,8.911552e+01,8.911552e+01,8.911552e+01,8.911552e+01,8.911552e+01,8.911552e+01,8.911552e+01,8.911552e+01,8.911552e+01,8.911552e+01,8.911552e+01,8.911552e+01,8.911552e+01,8.911552e+01,8.911552e+01,8.911552e+01,8.911552e+01,8.949590e+01,8.938467e+01,8.938467e+01,8.938467e+01,8.938467e+01,8.938467e+01,8.938467e+01,8.938467e+01,8.938467e+01,8.938467e+01,8.938467e+01,8.938467e+01,8.938467e+01,8.938467e+01,8.900403e+01,8.924551e+01,8.905050e+01,8.913410e+01,8.913410e+01,8.875289e+01,8.878082e+01,8.878082e+01,8.839878e+01,8.838945e+01,8.817474e+01,8.809999e+01,8.809999e+01,8.749138e+01,8.760391e+01,8.733183e+01,8.725670e+01,8.697462e+01,8.672977e+01,8.646566e+01,8.624839e+01,8.592668e+01,8.568971e+01,8.538589e+01,8.512908e+01,8.479558e+01,8.417435e+01,8.406898e+01,8.396355e+01,8.363720e+01,8.337756e+01,8.304035e+01,8.241219e+01,8.230564e+01,8.204379e+01,8.161614e+01,8.129463e+01,8.088448e+01,8.025739e+01,7.984447e+01,7.918346e+01,7.874782e+01,7.815174e+01,7.744336e+01,7.730328e+01,7.677183e+01,7.601654e+01,7.570324e+01,7.536900e+01,7.455560e+01,7.377871e+01,7.345036e+01,7.265726e+01,7.223320e+01,7.187022e+01,7.131882e+01,7.037762e+01,6.987312e+01,6.919766e+01,6.869957e+01,6.823168e+01,6.736626e+01,6.695841e+01,6.610668e+01,6.542369e+01,6.501009e+01,6.460617e+01,6.387172e+01,6.300061e+01,6.250189e+01,6.166658e+01,6.129739e+01,6.043196e+01,5.988961e+01,5.911744e+01,5.829488e+01,5.775513e+01,5.702810e+01,5.604066e+01,5.563185e+01,5.483384e+01,5.419653e+01,5.346083e+01,5.285241e+01,5.228908e+01,5.133643e+01,5.077832e+01,5.031536e+01,4.959306e+01,4.906394e+01,4.847055e+01,4.794894e+01,4.748754e+01,4.699928e+01,4.660974e+01,4.630728e+01,4.583948e+01,4.524256e+01,4.548423e+01,4.502591e+01,4.397522e+01,4.392372e+01,4.360136e+01,4.348509e+01,4.307073e+01,4.268092e+01,4.268092e+01,4.236813e+01,4.214605e+01,4.221141e+01,4.173996e+01,4.154295e+01,4.139826e+01,4.117429e+01,4.117429e+01,4.087056e+01,4.059254e+01,4.030054e+01,4.030054e+01,4.030054e+01,4.030054e+01,4.030054e+01,3.975434e+01,3.975434e+01,3.975434e+01,4.030054e+01,3.995448e+01,3.995448e+01,3.995448e+01,4.036697e+01,4.036697e+01,4.036697e+01,4.036697e+01,4.036697e+01,4.036697e+01,4.036697e+01,4.036697e+01,4.036697e+01,4.036697e+01,4.036697e+01,4.036697e+01,4.036697e+01,4.036697e+01,4.036697e+01,4.036697e+01,4.036697e+01,4.036697e+01,4.036697e+01,4.036697e+01,4.003443e+01,4.003443e+01,4.003443e+01,4.003443e+01,4.003443e+01,4.003443e+01,4.045991e+01,4.045991e+01,4.045991e+01,4.045991e+01,4.100272e+01,4.100272e+01,4.100272e+01,4.100272e+01,4.100272e+01,4.100272e+01,4.145090e+01,4.145090e+01,4.145090e+01,4.145090e+01,4.198902e+01,4.198902e+01,4.198902e+01,4.198902e+01,4.198902e+01,4.198902e+01,4.198902e+01,4.198902e+01,4.198902e+01,4.198902e+01,4.198902e+01,4.198902e+01,4.160866e+01,4.160866e+01,4.160866e+01,4.160866e+01,4.160866e+01,4.160866e+01,4.160866e+01,4.160866e+01,4.160866e+01,4.106874e+01,4.126657e+01,4.126657e+01,4.126657e+01,4.126657e+01,4.126657e+01,4.126657e+01,4.126657e+01,4.126657e+01,4.126657e+01,4.126657e+01,4.093666e+01,4.093666e+01,4.093666e+01,4.093666e+01,4.093666e+01,4.093666e+01,4.093666e+01,4.093666e+01,4.093666e+01,4.093666e+01,4.039353e+01,4.055276e+01,4.055276e+01,4.055276e+01,4.055276e+01,4.055276e+01,4.055276e+01,4.055276e+01,4.055276e+01,4.055276e+01,4.055276e+01,4.055276e+01,4.055276e+01,4.055276e+01,4.055276e+01,4.055276e+01,4.083089e+01,4.083089e+01,4.083089e+01,4.083089e+01,4.137194e+01,4.121385e+01,4.121385e+01,4.121385e+01,4.121385e+01,4.121385e+01,4.121385e+01,4.121385e+01,4.121385e+01,4.121385e+01,4.121385e+01,4.121385e+01,4.121385e+01,4.121385e+01,4.121385e+01,4.121385e+01,4.121385e+01,4.121385e+01,4.121385e+01,4.121385e+01,4.121385e+01,4.121385e+01,4.121385e+01,4.121385e+01,4.093666e+01,4.093666e+01,4.093666e+01,4.093666e+01,4.093666e+01,4.093666e+01,4.093666e+01,4.093666e+01,4.093666e+01,4.039353e+01,4.039353e+01,4.039353e+01,4.039353e+01,4.039353e+01,4.039353e+01,4.039353e+01,4.039353e+01,4.039353e+01,4.039353e+01,4.039353e+01,4.039353e+01,4.039353e+01,4.039353e+01,4.039353e+01,4.039353e+01,4.039353e+01,4.039353e+01,3.984778e+01,3.984778e+01,3.984778e+01,3.984778e+01,3.984778e+01,3.984778e+01,3.984778e+01
3.595095e+01,3.595095e+01,3.595095e+01,3.595095e+01,3.651613e+01,3.635102e+01,3.635102e+01,3.635102e+01,3.691414e+01,3.694154e+01,3.694154e+01,3.694154e+01,3.694154e+01,3.694154e+01,3.748802e+01,3.748802e+01,3.748802e+01,3.748802e+01,3.788254e+01,3.788254e+01,3.843793e+01,3.831625e+01,3.830272e+01,3.830272e+01,3.830272e+01,3.830272e+01,3.830272e+01,3.830272e+01,3.830272e+01,3.830272e+01,3.830272e+01,3.885602e+01,3.893676e+01,3.919206e+01,3.919206e+01,3.974099e+01,3.972763e+01,3.979440e+01,3.979440e+01,3.979440e+01,3.979440e+01,4.030054e+01,4.030054e+01,4.030054e+01,4.030054e+01,4.030054e+01,4.030054e+01,4.030054e+01,4.030054e+01,4.030054e+01,4.030054e+01,4.030054e+01,4.030054e+01,4.030054e+01,4.030054e+01,4.030054e+01,4.030054e+01,4.030054e+01,4.030054e+01,4.030054e+01,4.030054e+01,4.030054e+01,4.030054e+01,4.030054e+01,4.030054e+01,4.030054e+01,4.030054e+01,4.030054e+01,4.030054e+01,4.030054e+01,4.030054e+01,4.030054e+01,3.975434e+01,3.975434e+01,4.030054e+01,4.010102e+01,4.038025e+01,4.036697e+01,4.036697e+01,4.036697e+01,4.083089e+01,4.110833e+01,4.110833e+01,4.110833e+01,4.110833e+01,4.110833e+01,4.164807e+01,4.130609e+01,4.130609e+01,4.184489e+01,4.198902e+01,4.236813e+01,4.283701e+01,4.316150e+01,4.364009e+01,4.418097e+01,4.459140e+01,4.515340e+01,4.535710e+01,4.562392e+01,4.639558e+01,4.689887e+01,4.742506e+01,4.801115e+01,4.843337e+01,4.886647e+01,4.937185e+01,4.985064e+01,5.030315e+01,5.109408e+01,5.154205e+01,5.236114e+01,5.281653e+01,5.366298e+01,5.413736e+01,5.462175e+01,5.550310e+01,5.600567e+01,5.681963e+01,5.762848e+01,5.828342e+01,5.870681e+01,5.949274e+01,6.002541e+01,6.062352e+01,6.108437e+01,6.187868e+01,6.232413e+01,6.273486e+01,6.358564e+01,6.402551e+01,6.495557e+01,6.535847e+01,6.609586e+01,6.681861e+01,6.726977e+01,6.834880e+01,6.913417e+01,6.953579e+01,7.046153e+01,7.123540e+01,7.182867e+01,7.275019e+01,7.332705e+01,7.373771e+01,7.452502e+01,7.503402e+01,7.554128e+01,7.622841e+01,7.709293e+01,7.794257e+01,7.845007e+01,7.880730e+01,7.960802e+01,8.006089e+01,8.086491e+01,8.127512e+01,8.193699e+01,8.262508e+01,8.324276e+01,8.363720e+01,8.419350e+01,8.471925e+01,8.520522e+01,8.571816e+01,8.606869e+01,8.639957e+01,8.663550e+01,8.688049e+01,8.745386e+01,8.784746e+01,8.816540e+01,8.861320e+01,8.900403e+01,8.898544e+01,8.960707e+01,8.994012e+01,9.008792e+01,9.028172e+01,9.058580e+01,9.082499e+01,9.082499e+01,9.082499e+01,9.111890e+01,9.127484e+01,9.127484e+01,9.127484e+01,9.127484e+01,9.147642e+01,9.165946e+01,9.165946e+01,9.165946e+01,9.165946e+01,9.165946e+01,9.203409e+01,9.179662e+01,9.179662e+01,9.179662e+01,9.179662e+01,9.179662e+01,9.179662e+01,9.179662e+01,9.179662e+01,9.179662e+01,9.179662e+01,9.179662e+01,9.179662e+01,9.179662e+01,9.179662e+01,9.179662e+01,9.179662e+01,9.142146e+01,9.143063e+01,9.143063e+01,9.143063e+01,9.143063e+01,9.143063e+01,9.143063e+01,9.143063e+01,9.143063e+01,9.143063e+01,9.105466e+01,9.129317e+01,9.119231e+01,9.120148e+01,9.120148e+01,9.120148e+01,9.120148e+01,9.082499e+01,9.090771e+01,9.088933e+01,9.088933e+01,9.088933e+01,9.088933e+01,9.088933e+01,9.051213e+01,9.065023e+01,9.065023e+01,9.065023e+01,9.065023e+01,9.065023e+01,9.065023e+01,9.027249e+01,9.041079e+01,9.041079e+01,9.041079e+01,9.041079e+01,9.041079e+01,9.041079e+01,9.003251e+01,9.004175e+01,8.994936e+01,8.994936e+01,8.994936e+01,8.994936e+01,8.994936e+01,8.994936e+01,8.994936e+01,8.994936e+01,8.957002e+01,8.957928e+01,8.958855e+01,8.958855e+01,8.920838e+01,8.921767e+01,8.920838e+01,8.920838e+01,8.920838e+01,8.920838e+01,8.920838e+01,8.920838e+01,8.920838e+01,8.920838e+01,8.920838e+01,8.920838e+01,8.920838e+01,8.898544e+01,8.898544e+01,8.898544e+01,8.898544e+01,8.898544e+01,8.898544e+01,8.898544e+01,8.898544e+01,8.874358e+01,8.874358e+01,8.874358e+01,8.874358e+01,8.874358e+01,8.874358e+01,8.874358e+01,8.874358e+01,8.874358e+01,8.874358e+01,8.874358e+01,8.874358e+01,8.874358e+01,8.874358e+01,8.874358e+01,8.874358e+01,8.874358e+01,8.874358e+01,8.874358e+01,8.874358e+01,8.874358e+01,8.874358e+01,8.874358e+01,8.874358e+01,8.874358e+01,8.874358e+01,8.874358e+01,8.912482e+01,8.898544e+01,8.898544e+01,8.898544e+01,8.898544e+01,8.898544e+01,8.898544e+01,8.898544e+01,8.898544e+01,8.898544e+01,8.936612e+01,8.922695e+01,8.922695e+01,8.922695e+01,8.922695e+01,8.922695e+01,8.922695e+01,8.922695e+01,8.922695e+01,8.922695e+01,8.922695e+01,8.922695e+01,8.922695e+01,8.922695e+01,8.922695e+01,8.922695e+01,8.922695e+01,8.960707e+01,8.946810e+01,8.946810e+01,8.946810e+01,8.946810e+01,8.946810e+01,8.946810e+01,8.946810e+01,8.946810e+01,8.946810e+01,8.946810e+01,8.946810e+01,8.946810e+01,8.938467e+01,8.929191e+01,8.915268e+01,8.915268e+01,8.877151e+01,8.886456e+01,8.886456e+01,8.886456e+01,8.839878e+01,8.828680e+01,8.823077e+01,8.823077e+01,8.784746e+01,8.758516e+01,8.750076e+01,8.738816e+01,8.720972e+01,8.695580e+01,8.671092e+01,8.644678e+01,8.615384e+01,8.592668e+01,8.567074e+01,8.536687e+01,8.503387e+01,8.480511e+01,8.431793e+01,8.431793e+01,8.396355e+01,8.363720e+01,8.328129e+01,8.305000e+01,8.255737e+01,8.234440e+01,8.198555e+01,8.162588e+01,8.091381e+01,8.078666e+01,7.985431e+01,7.974599e+01,7.917358e+01,7.873790e+01,7.814179e+01,7.758331e+01,7.723320e+01,7.676178e+01,7.601654e+01,7.560204e+01,7.494253e+01,7.445361e+01,7.377871e+01,7.334761e+01,7.263661e+01,7.221249e+01,7.142301e+01,7.121455e+01,7.034615e+01,6.984153e+01,6.916592e+01,6.866772e+01,6.819972e+01,6.733411e+01,6.692616e+01,6.607423e+01,6.539108e+01,6.497738e+01,6.412429e+01,6.376176e+01,6.295635e+01,6.245747e+01,6.162189e+01,6.079230e+01,6.031915e+01,5.983298e+01,5.906049e+01,5.823757e+01,5.722469e+01,5.643654e+01,5.591232e+01,5.556164e+01,5.476318e+01,5.412552e+01,5.338940e+01,5.278064e+01,5.221698e+01,5.126377e+01,5.070533e+01,5.024210e+01,4.951937e+01,4.898993e+01,4.839618e+01,4.787424e+01,4.741256e+01,4.699928e+01,4.658456e+01,4.618103e+01,4.576344e+01,4.542068e+01,4.521709e+01,4.442484e+01,4.412957e+01,4.393660e+01,4.369171e+01,4.343337e+01,4.304479e+01,4.275899e+01,4.208064e+01,4.221141e+01,4.221141e+01,4.221141e+01,4.173996e+01,4.173996e+01,4.139826e+01,4.139826e+01,4.085734e+01,4.080443e+01,4.056602e+01,4.038025e+01,4.038025e+01,4.038025e+01,4.038025e+01,4.038025e+01,4.038025e+01,4.030054e+01,4.018087e+01,4.012764e+01,4.003443e+01,4.003443e+01,4.003443e+01,4.003443e+01,4.036697e+01,4.036697e+01,4.036697e+01,4.036697e+01,4.036697e+01,4.036697e+01,4.036697e+01,4.036697e+01,4.036697e+01,4.036697e+01,4.036697e+01,4.036697e+01,4.036697e+01,4.036697e+01,4.036697e+01,4.036697e+01,4.036697e+01,4.036697e+01,4.036697e+01,4.003443e+01,4.003443e+01,4.003443e+01,4.003443e+01,4.003443e+01,4.057928e+01,4.044664e+01,4.044664e+01,4.044664e+01,4.044664e+01,4.100272e+01,4.100272e+01,4.100272e+01,4.100272e+01,4.100272e+01,4.154295e+01,4.138510e+01,4.138510e+01,4.138510e+01,4.192353e+01,4.183178e+01,4.183178e+01,4.183178e+01,4.183178e+01,4.183178e+01,4.183178e+01,4.183178e+01,4.183178e+01,4.183178e+01,4.183178e+01,4.183178e+01,4.183178e+01,4.183178e+01,4.183178e+01,4.183178e+01,4.183178e+01,4.129292e+01,4.149036e+01,4.149036e+01,4.149036e+01,4.149036e+01,4.149036e+01,4.149036e+01,4.149036e+01,4.094987e+01,4.114791e+01,4.114791e+01,4.114791e+01,4.114791e+01,4.114791e+01,4.114791e+01,4.114791e+01,4.114791e+01,4.114791e+01,4.114791e+01,4.114791e+01,4.060579e+01,4.080443e+01,4.080443e+01,4.080443e+01,4.080443e+01,4.080443e+01,4.080443e+01,4.080443e+01,4.080443e+01,4.080443e+01,4.080443e+01,4.080443e+01,4.026067e+01,4.045991e+01,4.045991e+01,4.045991e+01,4.045991e+01,4.045991e+01,4.045991e+01,4.100272e+01,4.065880e+01,4.081766e+01,4.075150e+01,4.075150e+01,4.075150e+01,4.129292e+01,4.121385e+01,4.121385e+01,4.121385e+01,4.121385e+01,4.121385e+01,4.121385e+01,4.175309e+01,4.141142e+01,4.141142e+01,4.141142e+01,4.141142e+01,4.141142e+01,4.141142e+01,4.141142e+01,4.141142e+01,4.141142e+01,4.141142e+01,4.141142e+01,4.087056e+01,4.106874e+01,4.106874e+01,4.106874e+01,4.106874e+01,4.106874e+01,4.106874e+01,4.106874e+01,4.106874e+01,4.106874e+01,4.106874e+01,4.052624e+01,4.072502e+01,4.072502e+01,4.072502e+01,4.072502e+01,4.072502e+01,4.072502e+01,4.072502e+01,4.072502e+01,4.072502e+01,4.072502e+01,4.072502e+01,4.039353e+01,4.039353e+01,4.039353e+01,4.039353e+01,4.039353e+01,4.039353e+01,4.039353e+01,4.039353e+01,4.039353e+01,4.039353e+01,4.039353e+01,4.039353e+01,3.984778e+01,3.984778e+01,3.984778e+01,3.984778e+01,3.984778e+01
3.595095e+01,3.595095e+01,3.595095e+01,3.595095e+01,3.651613e+01,3.651613e+01,3.651613e+01,3.651613e+01,3.651613e+01,3.694154e+01,3.694154e+01,3.694154e+01,3.694154e+01,3.694154e+01,3.748802e+01,3.748802e+01,3.748802e+01,3.804538e+01,3.790970e+01,3.819444e+01,3.830272e+01,3.830272e+01,3.830272e+01,3.830272e+01,3.830272e+01,3.830272e+01,3.830272e+01,3.830272e+01,3.830272e+01,3.830272e+01,3.830272e+01,3.885602e+01,3.885602e+01,3.885602e+01,3.919206e+01,3.955385e+01,3.955385e+01,3.955385e+01,4.010102e+01,3.990114e+01,4.018087e+01,4.016756e+01,4.016756e+01,4.016756e+01,4.071178e+01,4.051298e+01,4.051298e+01,4.051298e+01,4.051298e+01,4.051298e+01,4.051298e+01,4.051298e+01,4.051298e+01,4.051298e+01,4.051298e+01,4.051298e+01,4.051298e+01,4.051298e+01,4.051298e+01,4.051298e+01,4.051298e+01,4.051298e+01,4.051298e+01,4.051298e+01,4.051298e+01,4.051298e+01,4.051298e+01,4.051298e+01,4.051298e+01,4.051298e+01,3.996781e+01,3.998114e+01,3.988781e+01,4.016756e+01,4.016756e+01,4.026067e+01,4.030054e+01,4.030054e+01,4.030054e+01,4.084412e+01,4.088379e+01,4.102913e+01,4.156924e+01,4.122703e+01,4.122703e+01,4.122703e+01,4.122703e+01,4.122703e+01,4.176620e+01,4.168746e+01,4.198902e+01,4.249856e+01,4.283701e+01,4.329104e+01,4.371751e+01,4.418097e+01,4.471936e+01,4.497487e+01,4.533165e+01,4.572541e+01,4.647121e+01,4.697418e+01,4.750004e+01,4.808577e+01,4.850772e+01,4.894056e+01,4.944563e+01,4.992413e+01,5.037637e+01,5.116683e+01,5.161454e+01,5.243315e+01,5.288828e+01,5.373425e+01,5.420836e+01,5.469249e+01,5.557334e+01,5.607564e+01,5.688915e+01,5.769758e+01,5.835218e+01,5.877534e+01,5.956086e+01,6.009325e+01,6.069106e+01,6.115167e+01,6.148771e+01,6.230189e+01,6.276810e+01,6.364070e+01,6.408040e+01,6.501009e+01,6.541282e+01,6.614993e+01,6.687240e+01,6.743055e+01,6.825298e+01,6.909184e+01,6.954634e+01,7.051395e+01,7.128754e+01,7.188060e+01,7.237814e+01,7.329620e+01,7.375821e+01,7.457599e+01,7.508482e+01,7.559191e+01,7.627881e+01,7.714304e+01,7.758331e+01,7.842027e+01,7.881721e+01,7.964745e+01,8.010021e+01,8.050264e+01,8.123611e+01,8.192728e+01,8.264442e+01,8.327165e+01,8.366602e+01,8.422223e+01,8.474788e+01,8.523376e+01,8.535737e+01,8.563279e+01,8.612546e+01,8.642789e+01,8.688991e+01,8.709692e+01,8.779129e+01,8.774446e+01,8.849204e+01,8.875289e+01,8.941248e+01,8.970890e+01,9.018946e+01,9.018024e+01,9.037392e+01,9.058580e+01,9.076982e+01,9.076982e+01,9.114643e+01,9.143063e+01,9.119231e+01,9.119231e+01,9.156797e+01,9.155882e+01,9.153136e+01,9.153136e+01,9.153136e+01,9.153136e+01,9.153136e+01,9.190626e+01,9.154050e+01,9.162287e+01,9.162287e+01,9.162287e+01,9.162287e+01,9.162287e+01,9.162287e+01,9.162287e+01,9.162287e+01,9.162287e+01,9.162287e+01,9.162287e+01,9.162287e+01,9.162287e+01,9.162287e+01,9.162287e+01,9.162287e+01,9.162287e+01,9.162287e+01,9.162287e+01,9.162287e+01,9.162287e+01,9.143063e+01,9.143063e+01,9.143063e+01,9.143063e+01,9.143063e+01,9.105466e+01,9.123816e+01,9.123816e+01,9.123816e+01,9.123816e+01,9.123816e+01,9.123816e+01,9.120148e+01,9.096282e+01,9.096282e+01,9.096282e+01,9.096282e+01,9.096282e+01,9.058580e+01,9.062262e+01,9.062262e+01,9.062262e+01,9.062262e+01,9.062262e+01,9.062262e+01,9.062262e+01,9.062262e+01,9.062262e+01,9.041079e+01,9.041079e+01,9.041079e+01,9.041079e+01,9.041079e+01,9.003251e+01,9.003251e+01,9.003251e+01,9.003251e+01,9.003251e+01,9.003251e+01,9.003251e+01,8.965337e+01,8.979218e+01,8.959781e+01,8.968114e+01,8.968114e+01,8.968114e+01,8.930119e+01,8.930119e+01,8.930119e+01,8.930119e+01,8.930119e+01,8.930119e+01,8.930119e+01,8.930119e+01,8.930119e+01,8.892036e+01,8.905979e+01,8.905979e+01,8.905979e+01,8.905979e+01,8.905979e+01,8.905979e+01,8.867841e+01,8.892036e+01,8.892036e+01,8.892036e+01,8.892036e+01,8.892036e+01,8.892036e+01,8.853865e+01,8.867841e+01,8.867841e+01,8.867841e+01,8.867841e+01,8.867841e+01,8.867841e+01,8.867841e+01,8.867841e+01,8.867841e+01,8.867841e+01,8.867841e+01,8.867841e+01,8.867841e+01,8.867841e+01,8.867841e+01,8.867841e+01,8.867841e+01,8.867841e+01,8.867841e+01,8.867841e+01,8.905979e+01,8.881804e+01,8.881804e+01,8.881804e+01,8.881804e+01,8.881804e+01,8.881804e+01,8.919910e+01,8.905979e+01,8.905979e+01,8.905979e+01,8.905979e+01,8.905979e+01,8.905979e+01,8.905979e+01,8.905979e+01,8.905979e+01,8.905979e+01,8.944029e+01,8.930119e+01,8.930119e+01,8.930119e+01,8.930119e+01,8.930119e+01,8.930119e+01,8.930119e+01,8.930119e+01,8.930119e+01,8.930119e+01,8.930119e+01,8.930119e+01,8.930119e+01,8.930119e+01,8.930119e+01,8.930119e+01,8.930119e+01,8.930119e+01,8.930119e+01,8.930119e+01,8.968114e+01,8.954223e+01,8.954223e+01,8.954223e+01,8.954223e+01,8.916196e+01,8.940321e+01,8.940321e+01,8.940321e+01,8.915268e+01,8.889246e+01,8.889246e+01,8.889246e+01,8.889246e+01,8.839878e+01,8.839878e+01,8.839878e+01,8.801585e+01,8.783810e+01,8.802521e+01,8.769762e+01,8.705930e+01,8.713453e+01,8.693698e+01,8.669206e+01,8.642789e+01,8.613492e+01,8.590773e+01,8.565176e+01,8.527180e+01,8.503387e+01,8.470971e+01,8.444225e+01,8.424137e+01,8.395396e+01,8.362759e+01,8.328129e+01,8.295352e+01,8.255737e+01,8.224749e+01,8.157721e+01,8.147009e+01,8.104086e+01,8.032610e+01,7.986415e+01,7.954884e+01,7.915380e+01,7.871807e+01,7.771313e+01,7.747336e+01,7.679192e+01,7.665124e+01,7.597615e+01,7.514576e+01,7.483063e+01,7.440260e+01,7.372746e+01,7.287399e+01,7.294617e+01,7.229534e+01,7.164159e+01,7.111019e+01,7.028316e+01,6.977833e+01,6.910242e+01,6.860400e+01,6.813579e+01,6.726977e+01,6.641994e+01,6.595519e+01,6.531496e+01,6.490104e+01,6.404747e+01,6.368473e+01,6.287887e+01,6.237970e+01,6.154363e+01,6.117410e+01,6.034172e+01,5.978767e+01,5.899211e+01,5.816876e+01,5.762848e+01,5.694707e+01,5.622711e+01,5.560845e+01,5.473962e+01,5.405447e+01,5.331794e+01,5.270882e+01,5.214484e+01,5.119107e+01,5.063231e+01,5.016879e+01,4.944563e+01,4.891587e+01,4.832175e+01,4.779949e+01,4.733752e+01,4.692398e+01,4.658456e+01,4.605464e+01,4.576344e+01,4.550964e+01,4.503866e+01,4.442484e+01,4.421951e+01,4.393660e+01,4.393660e+01,4.343337e+01,4.301883e+01,4.316150e+01,4.255069e+01,4.221141e+01,4.221141e+01,4.221141e+01,4.173996e+01,4.158238e+01,4.149036e+01,4.121385e+01,4.102913e+01,4.102913e+01,4.056602e+01,4.056602e+01,4.056602e+01,4.002111e+01,4.023407e+01,4.023407e+01,4.023407e+01,4.023407e+01,4.023407e+01,4.023407e+01,4.023407e+01,4.023407e+01,4.023407e+01,4.023407e+01,4.023407e+01,4.023407e+01,4.023407e+01,4.077797e+01,4.056602e+01,4.056602e+01,4.056602e+01,4.056602e+01,4.056602e+01,4.056602e+01,4.056602e+01,4.056602e+01,4.056602e+01,4.002111e+01,4.023407e+01,4.023407e+01,4.023407e+01,4.023407e+01,4.023407e+01,4.023407e+01,4.023407e+01,4.023407e+01,4.023407e+01,4.023407e+01,4.023407e+01,4.023407e+01,4.023407e+01,4.077797e+01,4.076473e+01,4.087056e+01,4.087056e+01,4.087056e+01,4.087056e+01,4.141142e+01,4.141142e+01,4.141142e+01,4.141142e+01,4.141142e+01,4.192353e+01,4.192353e+01,4.192353e+01,4.192353e+01,4.192353e+01,4.192353e+01,4.192353e+01,4.192353e+01,4.192353e+01,4.192353e+01,4.192353e+01,4.192353e+01,4.192353e+01,4.192353e+01,4.138510e+01,4.172684e+01,4.145090e+01,4.142458e+01,4.142458e+01,4.142458e+01,4.142458e+01,4.142458e+01,4.142458e+01,4.142458e+01,4.142458e+01,4.142458e+01,4.142458e+01,4.142458e+01,4.142458e+01,4.114791e+01,4.114791e+01,4.114791e+01,4.114791e+01,4.114791e+01,4.114791e+01,4.060579e+01,4.072502e+01,4.073826e+01,4.073826e+01,4.073826e+01,4.073826e+01,4.073826e+01,4.073826e+01,4.073826e+01,4.073826e+01,4.073826e+01,4.073826e+01,4.073826e+01,4.073826e+01,4.073826e+01,4.045991e+01,4.045991e+01,4.045991e+01,4.045991e+01,4.045991e+01,4.100272e+01,4.088379e+01,4.075150e+01,4.075150e+01,4.075150e+01,4.075150e+01,4.075150e+01,4.129292e+01,4.129292e+01,4.129292e+01,4.129292e+01,4.129292e+01,4.129292e+01,4.129292e+01,4.129292e+01,4.129292e+01,4.129292e+01,4.129292e+01,4.129292e+01,4.129292e+01,4.129292e+01,4.129292e+01,4.129292e+01,4.129292e+01,4.129292e+01,4.129292e+01,4.129292e+01,4.129292e+01,4.129292e+01,4.129292e+01,4.075150e+01,4.096309e+01,4.096309e+01,4.096309e+01,4.096309e+01,4.096309e+01,4.096309e+01,4.096309e+01,4.042009e+01,4.063230e+01,4.063230e+01,4.063230e+01,4.063230e+01,4.063230e+01,4.063230e+01,4.063230e+01,4.063230e+01,4.063230e+01,4.063230e+01,4.063230e+01,4.063230e+01,4.063230e+01,4.063230e+01,4.063230e+01,4.008770e+01,4.030054e+01,4.030054e+01,4.030054e+01,4.030054e+01,4.030054e+01,4.030054e+01,3.984778e+01,3.984778e+01,3.984778e+01,3.984778e+01,3.984778e+01
3.595095e+01,3.595095e+01,3.595095e+01,3.651613e+01,3.635102e+01,3.635102e+01,3.691414e+01,3.669473e+01,3.685933e+01,3.690044e+01,3.690044e+01,3.690044e+01,3.690044e+01,3.746076e+01,3.732436e+01,3.732436e+01,3.788254e+01,3.790970e+01,3.807250e+01,3.809961e+01,3.809961e+01,3.809961e+01,3.809961e+01,3.809961e+01,3.809961e+01,3.809961e+01,3.809961e+01,3.865392e+01,3.843793e+01,3.843793e+01,3.843793e+01,3.885602e+01,3.885602e+01,3.940659e+01,3.893676e+01,3.975434e+01,3.975434e+01,3.975434e+01,3.975434e+01,3.975434e+01,4.018087e+01,4.018087e+01,4.018087e+01,4.018087e+01,4.018087e+01,4.018087e+01,4.018087e+01,4.018087e+01,4.051298e+01,4.051298e+01,4.051298e+01,4.051298e+01,4.051298e+01,4.051298e+01,4.051298e+01,4.051298e+01,4.051298e+01,4.051298e+01,4.051298e+01,4.051298e+01,4.051298e+01,4.051298e+01,4.051298e+01,4.051298e+01,4.051298e+01,4.051298e+01,4.051298e+01,4.051298e+01,4.051298e+01,3.996781e+01,4.012764e+01,4.012764e+01,4.012764e+01,4.012764e+01,4.012764e+01,4.012764e+01,4.012764e+01,4.067204e+01,4.065880e+01,4.071178e+01,4.071178e+01,4.102913e+01,4.125339e+01,4.126657e+01,4.126657e+01,4.126657e+01,4.126657e+01,4.126657e+01,4.126657e+01,4.168746e+01,4.211989e+01,4.249856e+01,4.296691e+01,4.336870e+01,4.379488e+01,4.425804e+01,4.455298e+01,4.496211e+01,4.534438e+01,4.585214e+01,4.654679e+01,4.704945e+01,4.706199e+01,4.803603e+01,4.852011e+01,4.900227e+01,4.950708e+01,4.998534e+01,5.043736e+01,5.122743e+01,5.167491e+01,5.249313e+01,5.294804e+01,5.379361e+01,5.426750e+01,5.475140e+01,5.563185e+01,5.613392e+01,5.694707e+01,5.775513e+01,5.793913e+01,5.871824e+01,5.954950e+01,6.012716e+01,6.073606e+01,6.115167e+01,6.159953e+01,6.234636e+01,6.281242e+01,6.368473e+01,6.412429e+01,6.505368e+01,6.545629e+01,6.619317e+01,6.691541e+01,6.747339e+01,6.829558e+01,6.913417e+01,6.970455e+01,7.041959e+01,7.123540e+01,7.187022e+01,7.240919e+01,7.291524e+01,7.369669e+01,7.413699e+01,7.496286e+01,7.550076e+01,7.663113e+01,7.684212e+01,7.750335e+01,7.838052e+01,7.922301e+01,7.974599e+01,8.013952e+01,8.054185e+01,8.127512e+01,8.196613e+01,8.268309e+01,8.291492e+01,8.360837e+01,8.419350e+01,8.435619e+01,8.491000e+01,8.566125e+01,8.580350e+01,8.612546e+01,8.652229e+01,8.688991e+01,8.719093e+01,8.766952e+01,8.824945e+01,8.852001e+01,8.884595e+01,8.903191e+01,8.963485e+01,8.961633e+01,9.023560e+01,9.039236e+01,9.053056e+01,9.076982e+01,9.059500e+01,9.097201e+01,9.076982e+01,9.122899e+01,9.104547e+01,9.130234e+01,9.144894e+01,9.144894e+01,9.144894e+01,9.144894e+01,9.144894e+01,9.144894e+01,9.153136e+01,9.164117e+01,9.164117e+01,9.164117e+01,9.164117e+01,9.164117e+01,9.164117e+01,9.164117e+01,9.164117e+01,9.164117e+01,9.164117e+01,9.164117e+01,9.164117e+01,9.164117e+01,9.164117e+01,9.164117e+01,9.164117e+01,9.164117e+01,9.164117e+01,9.164117e+01,9.164117e+01,9.164117e+01,9.164117e+01,9.143063e+01,9.143063e+01,9.143063e+01,9.143063e+01,9.143063e+01,9.143063e+01,9.123816e+01,9.123816e+01,9.123816e+01,9.123816e+01,9.123816e+01,9.086176e+01,9.093526e+01,9.096282e+01,9.096282e+01,9.096282e+01,9.096282e+01,9.096282e+01,9.058580e+01,9.058580e+01,9.058580e+01,9.058580e+01,9.058580e+01,9.058580e+01,9.058580e+01,9.058580e+01,9.058580e+01,9.058580e+01,9.020792e+01,9.035548e+01,9.035548e+01,9.035548e+01,9.035548e+01,9.035548e+01,9.003251e+01,9.003251e+01,9.003251e+01,9.003251e+01,9.003251e+01,9.003251e+01,8.965337e+01,8.968114e+01,8.965337e+01,8.965337e+01,8.965337e+01,8.965337e+01,8.930119e+01,8.930119e+01,8.930119e+01,8.930119e+01,8.930119e+01,8.930119e+01,8.930119e+01,8.930119e+01,8.930119e+01,8.892036e+01,8.892036e+01,8.892036e+01,8.892036e+01,8.892036e+01,8.892036e+01,8.892036e+01,8.892036e+01,8.892036e+01,8.892036e+01,8.892036e+01,8.892036e+01,8.892036e+01,8.853865e+01,8.865046e+01,8.903191e+01,8.879012e+01,8.879012e+01,8.879012e+01,8.879012e+01,8.879012e+01,8.879012e+01,8.879012e+01,8.879012e+01,8.879012e+01,8.879012e+01,8.879012e+01,8.879012e+01,8.879012e+01,8.879012e+01,8.879012e+01,8.879012e+01,8.879012e+01,8.879012e+01,8.879012e+01,8.879012e+01,8.879012e+01,8.879012e+01,8.879012e+01,8.879012e+01,8.917125e+01,8.908766e+01,8.910624e+01,8.910624e+01,8.910624e+01,8.910624e+01,8.910624e+01,8.910624e+01,8.910624e+01,8.910624e+01,8.910624e+01,8.910624e+01,8.910624e+01,8.910624e+01,8.910624e+01,8.910624e+01,8.910624e+01,8.930119e+01,8.930119e+01,8.930119e+01,8.930119e+01,8.930119e+01,8.930119e+01,8.930119e+01,8.930119e+01,8.930119e+01,8.930119e+01,8.930119e+01,8.930119e+01,8.930119e+01,8.930119e+01,8.930119e+01,8.930119e+01,8.968114e+01,8.957002e+01,8.957002e+01,8.957002e+01,8.957002e+01,8.957002e+01,8.954223e+01,8.944956e+01,8.944956e+01,8.944956e+01,8.915268e+01,8.894826e+01,8.894826e+01,8.894826e+01,8.856661e+01,8.851069e+01,8.851069e+01,8.851069e+01,8.801585e+01,8.801585e+01,8.763203e+01,8.753828e+01,8.718153e+01,8.706870e+01,8.691815e+01,8.667321e+01,8.640901e+01,8.611600e+01,8.588879e+01,8.555686e+01,8.527180e+01,8.493859e+01,8.470971e+01,8.442313e+01,8.422223e+01,8.385803e+01,8.360837e+01,8.286665e+01,8.277007e+01,8.255737e+01,8.215053e+01,8.170371e+01,8.140188e+01,8.101154e+01,8.029665e+01,7.986415e+01,7.945018e+01,7.912413e+01,7.856924e+01,7.779298e+01,7.745336e+01,7.692243e+01,7.616790e+01,7.587513e+01,7.514576e+01,7.472882e+01,7.437197e+01,7.369669e+01,7.300800e+01,7.236780e+01,7.219176e+01,7.118324e+01,7.057684e+01,7.016763e+01,6.930341e+01,6.898592e+01,6.855087e+01,6.764463e+01,6.715175e+01,6.635519e+01,6.589022e+01,6.524969e+01,6.483557e+01,6.398159e+01,6.316644e+01,6.275702e+01,6.230189e+01,6.146533e+01,6.063477e+01,5.975367e+01,5.915161e+01,5.884383e+01,5.808844e+01,5.754782e+01,5.686598e+01,5.614557e+01,5.552652e+01,5.465713e+01,5.397153e+01,5.323450e+01,5.262498e+01,5.206063e+01,5.110621e+01,5.054705e+01,5.008322e+01,4.935955e+01,4.882941e+01,4.823487e+01,4.771223e+01,4.724992e+01,4.640818e+01,4.626942e+01,4.604200e+01,4.583948e+01,4.530621e+01,4.494934e+01,4.459140e+01,4.423236e+01,4.402669e+01,4.374331e+01,4.343337e+01,4.309667e+01,4.287599e+01,4.253766e+01,4.228979e+01,4.228979e+01,4.175309e+01,4.189733e+01,4.158238e+01,4.133244e+01,4.129292e+01,4.075150e+01,4.076473e+01,4.073826e+01,4.073826e+01,4.019417e+01,4.015426e+01,4.015426e+01,4.015426e+01,4.015426e+01,4.015426e+01,4.015426e+01,4.015426e+01,4.015426e+01,4.015426e+01,4.015426e+01,4.015426e+01,4.069854e+01,4.035369e+01,4.064555e+01,4.064555e+01,4.064555e+01,4.064555e+01,4.064555e+01,4.064555e+01,4.064555e+01,4.064555e+01,4.064555e+01,4.064555e+01,4.064555e+01,4.064555e+01,4.064555e+01,4.064555e+01,4.023407e+01,4.023407e+01,4.023407e+01,4.023407e+01,4.023407e+01,4.023407e+01,4.023407e+01,4.023407e+01,4.023407e+01,4.023407e+01,4.023407e+01,4.077797e+01,4.077797e+01,4.077797e+01,4.077797e+01,4.077797e+01,4.077797e+01,4.141142e+01,4.141142e+01,4.141142e+01,4.141142e+01,4.141142e+01,4.141142e+01,4.192353e+01,4.192353e+01,4.192353e+01,4.192353e+01,4.192353e+01,4.192353e+01,4.192353e+01,4.192353e+01,4.192353e+01,4.192353e+01,4.192353e+01,4.192353e+01,4.192353e+01,4.138510e+01,4.155610e+01,4.152981e+01,4.152981e+01,4.152981e+01,4.152981e+01,4.152981e+01,4.152981e+01,4.152981e+01,4.098951e+01,4.133244e+01,4.133244e+01,4.133244e+01,4.133244e+01,4.133244e+01,4.133244e+01,4.133244e+01,4.079120e+01,4.100272e+01,4.100272e+01,4.100272e+01,4.100272e+01,4.100272e+01,4.100272e+01,4.100272e+01,4.100272e+01,4.100272e+01,4.045991e+01,4.067204e+01,4.067204e+01,4.067204e+01,4.067204e+01,4.067204e+01,4.067204e+01,4.067204e+01,4.067204e+01,4.067204e+01,4.067204e+01,4.067204e+01,4.067204e+01,4.067204e+01,4.067204e+01,4.067204e+01,4.067204e+01,4.067204e+01,4.067204e+01,4.121385e+01,4.109513e+01,4.116110e+01,4.116110e+01,4.116110e+01,4.116110e+01,4.116110e+01,4.170059e+01,4.149036e+01,4.149036e+01,4.149036e+01,4.149036e+01,4.149036e+01,4.149036e+01,4.149036e+01,4.149036e+01,4.149036e+01,4.149036e+01,4.149036e+01,4.149036e+01,4.094987e+01,4.116110e+01,4.116110e+01,4.116110e+01,4.116110e+01,4.116110e+01,4.116110e+01,4.116110e+01,4.116110e+01,4.116110e+01,4.061905e+01,4.083089e+01,4.108194e+01,4.071178e+01,4.049971e+01,4.049971e+01,4.049971e+01,4.049971e+01,4.049971e+01,4.049971e+01,4.049971e+01,4.049971e+01,4.049971e+01,4.049971e+01,4.049971e+01,4.049971e+01,4.049971e+01,4.049971e+01,4.049971e+01,4.049971e+01,4.049971e+01,4.049971e+01,4.049971e+01,3.995448e+01,4.016756e+01,4.043336e+01,4.015426e+01,3.994115e+01,3.994115e+01,3.994115e+01,3.994115e+01
3.595095e+01,3.595095e+01,3.651613e+01,3.635102e+01,3.635102e+01,3.635102e+01,3.635102e+01,3.669473e+01,3.669473e+01,3.669473e+01,3.669473e+01,3.725610e+01,3.724244e+01,3.732436e+01,3.732436e+01,3.732436e+01,3.788254e+01,3.788254e+01,3.788254e+01,3.788254e+01,3.843793e+01,3.822152e+01,3.822152e+01,3.822152e+01,3.822152e+01,3.822152e+01,3.822152e+01,3.822152e+01,3.822152e+01,3.877522e+01,3.876175e+01,3.881563e+01,3.909807e+01,3.896367e+01,3.907120e+01,3.958060e+01,3.958060e+01,4.012764e+01,3.991448e+01,4.007439e+01,4.014095e+01,4.014095e+01,4.014095e+01,4.014095e+01,4.014095e+01,4.014095e+01,4.014095e+01,4.014095e+01,4.014095e+01,4.014095e+01,4.051298e+01,4.051298e+01,4.051298e+01,4.051298e+01,4.051298e+01,4.051298e+01,4.051298e+01,4.051298e+01,4.051298e+01,4.051298e+01,4.051298e+01,4.051298e+01,4.051298e+01,4.051298e+01,4.051298e+01,4.051298e+01,4.051298e+01,4.051298e+01,4.051298e+01,4.051298e+01,4.012764e+01,4.012764e+01,4.012764e+01,4.012764e+01,4.012764e+01,4.012764e+01,4.012764e+01,4.012764e+01,4.065880e+01,4.065880e+01,4.120066e+01,4.106874e+01,4.106874e+01,4.160866e+01,4.139826e+01,4.139826e+01,4.139826e+01,4.139826e+01,4.139826e+01,4.168746e+01,4.211989e+01,4.262885e+01,4.296691e+01,4.349801e+01,4.388509e+01,4.425804e+01,4.457859e+01,4.498763e+01,4.547152e+01,4.594078e+01,4.663491e+01,4.688631e+01,4.716225e+01,4.812306e+01,4.860680e+01,4.858204e+01,4.947022e+01,5.003429e+01,5.052269e+01,5.081479e+01,5.163869e+01,5.252911e+01,5.301972e+01,5.386481e+01,5.433843e+01,5.482206e+01,5.570202e+01,5.620382e+01,5.701653e+01,5.760544e+01,5.803103e+01,5.878675e+01,5.961760e+01,5.973100e+01,6.069106e+01,6.116289e+01,6.165541e+01,6.240193e+01,6.286780e+01,6.373976e+01,6.417914e+01,6.510816e+01,6.551060e+01,6.624720e+01,6.696915e+01,6.752692e+01,6.834880e+01,6.875265e+01,6.965184e+01,7.040910e+01,7.126669e+01,7.148550e+01,7.234710e+01,7.289462e+01,7.371720e+01,7.417789e+01,7.500352e+01,7.565265e+01,7.655067e+01,7.686221e+01,7.754333e+01,7.801232e+01,7.875773e+01,7.958829e+01,8.001173e+01,8.044382e+01,8.120683e+01,8.152853e+01,8.241219e+01,8.286665e+01,8.357954e+01,8.404024e+01,8.440401e+01,8.492906e+01,8.553787e+01,8.587931e+01,8.614438e+01,8.654117e+01,8.688991e+01,8.689932e+01,8.758516e+01,8.816540e+01,8.852001e+01,8.872496e+01,8.910624e+01,8.951443e+01,8.970890e+01,9.011562e+01,9.039236e+01,9.026327e+01,9.052134e+01,9.080660e+01,9.084338e+01,9.127484e+01,9.154050e+01,9.128400e+01,9.165031e+01,9.141231e+01,9.141231e+01,9.141231e+01,9.178748e+01,9.154966e+01,9.154966e+01,9.154966e+01,9.154966e+01,9.154966e+01,9.154966e+01,9.154966e+01,9.154966e+01,9.154966e+01,9.154966e+01,9.154966e+01,9.154966e+01,9.154966e+01,9.154966e+01,9.154966e+01,9.154966e+01,9.154966e+01,9.154966e+01,9.154966e+01,9.154966e+01,9.154966e+01,9.154966e+01,9.154966e+01,9.154966e+01,9.154966e+01,9.154966e+01,9.154966e+01,9.117396e+01,9.132067e+01,9.132067e+01,9.132067e+01,9.132067e+01,9.094445e+01,9.109137e+01,9.109137e+01,9.109137e+01,9.109137e+01,9.109137e+01,9.109137e+01,9.109137e+01,9.071464e+01,9.086176e+01,9.066863e+01,9.067783e+01,9.067783e+01,9.067783e+01,9.067783e+01,9.067783e+01,9.067783e+01,9.067783e+01,9.030016e+01,9.044765e+01,9.025404e+01,9.030939e+01,9.030939e+01,9.030939e+01,9.030939e+01,9.030939e+01,9.030939e+01,9.030939e+01,9.003251e+01,9.003251e+01,9.003251e+01,9.003251e+01,9.003251e+01,8.965337e+01,8.965337e+01,8.965337e+01,8.965337e+01,8.965337e+01,8.965337e+01,8.965337e+01,8.965337e+01,8.930119e+01,8.930119e+01,8.930119e+01,8.930119e+01,8.930119e+01,8.930119e+01,8.930119e+01,8.930119e+01,8.892036e+01,8.892036e+01,8.892036e+01,8.892036e+01,8.892036e+01,8.892036e+01,8.892036e+01,8.892036e+01,8.892036e+01,8.892036e+01,8.892036e+01,8.892036e+01,8.853865e+01,8.884595e+01,8.890176e+01,8.884595e+01,8.884595e+01,8.884595e+01,8.846407e+01,8.870634e+01,8.870634e+01,8.870634e+01,8.870634e+01,8.870634e+01,8.870634e+01,8.870634e+01,8.870634e+01,8.870634e+01,8.870634e+01,8.870634e+01,8.908766e+01,8.893896e+01,8.893896e+01,8.893896e+01,8.893896e+01,8.893896e+01,8.893896e+01,8.893896e+01,8.893896e+01,8.893896e+01,8.893896e+01,8.893896e+01,8.931974e+01,8.917125e+01,8.917125e+01,8.917125e+01,8.917125e+01,8.917125e+01,8.917125e+01,8.917125e+01,8.917125e+01,8.917125e+01,8.917125e+01,8.917125e+01,8.917125e+01,8.917125e+01,8.917125e+01,8.917125e+01,8.955150e+01,8.940321e+01,8.940321e+01,8.940321e+01,8.940321e+01,8.940321e+01,8.940321e+01,8.940321e+01,8.940321e+01,8.940321e+01,8.940321e+01,8.940321e+01,8.940321e+01,8.940321e+01,8.940321e+01,8.940321e+01,8.940321e+01,8.940321e+01,8.940321e+01,8.940321e+01,8.940321e+01,8.940321e+01,8.940321e+01,8.940321e+01,8.915268e+01,8.900403e+01,8.900403e+01,8.900403e+01,8.856661e+01,8.856661e+01,8.856661e+01,8.818408e+01,8.811868e+01,8.792233e+01,8.775383e+01,8.746323e+01,8.730366e+01,8.706870e+01,8.681457e+01,8.665435e+01,8.639012e+01,8.609708e+01,8.580350e+01,8.555686e+01,8.518619e+01,8.493859e+01,8.469062e+01,8.440401e+01,8.413605e+01,8.385803e+01,8.352185e+01,8.299212e+01,8.278939e+01,8.248964e+01,8.213113e+01,8.170371e+01,8.131414e+01,8.059084e+01,8.016899e+01,7.983462e+01,7.942057e+01,7.868832e+01,7.844014e+01,7.775306e+01,7.741335e+01,7.688229e+01,7.616790e+01,7.578416e+01,7.510514e+01,7.468809e+01,7.391189e+01,7.356332e+01,7.295647e+01,7.207775e+01,7.164159e+01,7.120411e+01,7.054539e+01,7.011508e+01,6.930341e+01,6.889054e+01,6.849772e+01,6.802916e+01,6.720541e+01,6.636598e+01,6.585773e+01,6.520616e+01,6.479190e+01,6.393765e+01,6.312224e+01,6.271268e+01,6.225740e+01,6.142057e+01,6.058973e+01,6.017236e+01,5.937912e+01,5.850101e+01,5.800806e+01,5.750171e+01,5.681963e+01,5.609895e+01,5.547967e+01,5.460996e+01,5.392411e+01,5.318681e+01,5.257705e+01,5.201248e+01,5.105769e+01,5.099701e+01,5.015657e+01,4.939645e+01,4.882941e+01,4.819761e+01,4.767481e+01,4.721236e+01,4.707452e+01,4.609257e+01,4.609257e+01,4.557314e+01,4.529348e+01,4.492382e+01,4.456579e+01,4.430939e+01,4.396235e+01,4.371751e+01,4.340751e+01,4.317446e+01,4.281101e+01,4.261583e+01,4.261583e+01,4.228979e+01,4.192353e+01,4.177932e+01,4.166120e+01,4.133244e+01,4.101593e+01,4.088379e+01,4.088379e+01,4.088379e+01,4.088379e+01,4.073826e+01,4.034040e+01,4.034040e+01,4.034040e+01,4.034040e+01,4.034040e+01,4.034040e+01,4.034040e+01,4.034040e+01,4.034040e+01,4.034040e+01,4.034040e+01,4.034040e+01,4.034040e+01,4.034040e+01,4.064555e+01,4.064555e+01,4.064555e+01,4.064555e+01,4.064555e+01,4.064555e+01,4.064555e+01,4.064555e+01,4.064555e+01,4.064555e+01,4.064555e+01,4.064555e+01,4.064555e+01,4.023407e+01,4.023407e+01,4.023407e+01,4.023407e+01,4.023407e+01,4.023407e+01,4.023407e+01,4.023407e+01,4.023407e+01,4.023407e+01,4.023407e+01,4.023407e+01,4.077797e+01,4.077797e+01,4.077797e+01,4.077797e+01,4.077797e+01,4.087056e+01,4.122703e+01,4.122703e+01,4.122703e+01,4.176620e+01,4.175309e+01,4.179244e+01,4.179244e+01,4.179244e+01,4.179244e+01,4.179244e+01,4.179244e+01,4.179244e+01,4.179244e+01,4.179244e+01,4.179244e+01,4.179244e+01,4.179244e+01,4.179244e+01,4.179244e+01,4.179244e+01,4.179244e+01,4.179244e+01,4.179244e+01,4.125339e+01,4.146405e+01,4.146405e+01,4.146405e+01,4.146405e+01,4.092345e+01,4.113472e+01,4.113472e+01,4.113472e+01,4.113472e+01,4.113472e+01,4.113472e+01,4.113472e+01,4.113472e+01,4.113472e+01,4.113472e+01,4.113472e+01,4.059254e+01,4.080443e+01,4.080443e+01,4.080443e+01,4.080443e+01,4.080443e+01,4.080443e+01,4.080443e+01,4.080443e+01,4.026067e+01,4.047318e+01,4.047318e+01,4.047318e+01,4.047318e+01,4.047318e+01,4.047318e+01,4.047318e+01,4.047318e+01,4.047318e+01,4.047318e+01,4.047318e+01,4.101593e+01,4.080443e+01,4.108194e+01,4.108194e+01,4.108194e+01,4.108194e+01,4.108194e+01,4.162180e+01,4.126657e+01,4.154295e+01,4.156924e+01,4.156924e+01,4.156924e+01,4.156924e+01,4.156924e+01,4.156924e+01,4.156924e+01,4.156924e+01,4.156924e+01,4.156924e+01,4.156924e+01,4.156924e+01,4.156924e+01,4.149036e+01,4.113472e+01,4.113472e+01,4.113472e+01,4.113472e+01,4.113472e+01,4.113472e+01,4.113472e+01,4.113472e+01,4.113472e+01,4.113472e+01,4.113472e+01,4.113472e+01,4.071178e+01,4.071178e+01,4.071178e+01,4.071178e+01,4.071178e+01,4.071178e+01,4.071178e+01,4.071178e+01,4.071178e+01,4.071178e+01,4.071178e+01,4.071178e+01,4.071178e+01,4.071178e+01,4.071178e+01,4.071178e+01,4.071178e+01,4.016756e+01,4.038025e+01,4.010102e+01,4.008770e+01,4.008770e+01,4.008770e+01,4.008770e+01,4.008770e+01,4.008770e+01,4.008770e+01,4.008770e+01
3.595095e+01,3.651613e+01,3.636478e+01,3.636478e+01,3.636478e+01,3.636478e+01,3.636478e+01,3.669473e+01,3.669473e+01,3.669473e+01,3.669473e+01,3.725610e+01,3.725610e+01,3.725610e+01,3.725610e+01,3.781462e+01,3.773306e+01,3.773306e+01,3.773306e+01,3.828920e+01,3.830272e+01,3.830272e+01,3.830272e+01,3.830272e+01,3.830272e+01,3.830272e+01,3.830272e+01,3.830272e+01,3.830272e+01,3.877522e+01,3.877522e+01,3.877522e+01,3.877522e+01,3.932619e+01,3.931279e+01,3.940659e+01,3.968755e+01,3.995448e+01,3.995448e+01,3.995448e+01,3.995448e+01,4.049971e+01,4.028725e+01,4.028725e+01,4.028725e+01,4.028725e+01,4.028725e+01,4.028725e+01,4.028725e+01,4.028725e+01,4.028725e+01,4.028725e+01,4.028725e+01,4.028725e+01,4.028725e+01,4.028725e+01,4.028725e+01,4.028725e+01,4.028725e+01,4.028725e+01,4.028725e+01,4.028725e+01,4.028725e+01,4.028725e+01,4.028725e+01,4.028725e+01,4.028725e+01,4.028725e+01,4.028725e+01,4.028725e+01,4.028725e+01,4.028725e+01,4.028725e+01,4.028725e+01,4.028725e+01,4.028725e+01,4.028725e+01,4.028725e+01,4.065880e+01,4.093666e+01,4.106874e+01,4.106874e+01,4.160866e+01,4.146405e+01,4.146405e+01,4.146405e+01,4.146405e+01,4.146405e+01,4.146405e+01,4.200212e+01,4.221141e+01,4.262885e+01,4.309667e+01,4.349801e+01,4.391084e+01,4.428371e+01,4.460420e+01,4.511517e+01,4.550964e+01,4.597874e+01,4.647121e+01,4.686120e+01,4.726244e+01,4.764986e+01,4.822245e+01,4.860680e+01,4.949480e+01,5.005876e+01,5.052269e+01,5.093630e+01,5.166284e+01,5.206063e+01,5.292414e+01,5.378174e+01,5.426750e+01,5.476318e+01,5.565525e+01,5.616887e+01,5.699338e+01,5.759392e+01,5.803103e+01,5.879817e+01,5.947002e+01,5.982166e+01,6.070231e+01,6.117410e+01,6.166658e+01,6.241304e+01,6.287887e+01,6.329896e+01,6.408040e+01,6.502099e+01,6.543456e+01,6.618236e+01,6.691541e+01,6.748410e+01,6.831687e+01,6.873141e+01,6.964129e+01,7.040910e+01,7.126669e+01,7.158958e+01,7.235744e+01,7.290493e+01,7.372746e+01,7.418811e+01,7.501369e+01,7.566277e+01,7.613764e+01,7.678188e+01,7.747336e+01,7.795253e+01,7.870815e+01,7.954884e+01,7.998222e+01,8.042420e+01,8.119707e+01,8.152853e+01,8.242188e+01,8.287630e+01,8.358915e+01,8.404982e+01,8.441357e+01,8.493859e+01,8.554736e+01,8.586983e+01,8.584141e+01,8.644678e+01,8.667321e+01,8.697462e+01,8.759454e+01,8.817474e+01,8.851069e+01,8.879942e+01,8.911552e+01,8.950517e+01,8.978293e+01,9.010638e+01,9.032783e+01,9.036470e+01,9.053976e+01,9.075143e+01,9.098119e+01,9.126567e+01,9.103629e+01,9.111890e+01,9.126567e+01,9.135733e+01,9.135733e+01,9.135733e+01,9.135733e+01,9.154966e+01,9.154966e+01,9.154966e+01,9.154966e+01,9.154966e+01,9.154966e+01,9.154966e+01,9.154966e+01,9.154966e+01,9.154966e+01,9.154966e+01,9.154966e+01,9.154966e+01,9.154966e+01,9.154966e+01,9.154966e+01,9.154966e+01,9.154966e+01,9.154966e+01,9.154966e+01,9.154966e+01,9.154966e+01,9.154966e+01,9.154966e+01,9.154966e+01,9.154966e+01,9.117396e+01,9.127484e+01,9.127484e+01,9.127484e+01,9.127484e+01,9.127484e+01,9.127484e+01,9.089851e+01,9.104547e+01,9.104547e+01,9.104547e+01,9.104547e+01,9.104547e+01,9.104547e+01,9.104547e+01,9.066863e+01,9.068703e+01,9.068703e+01,9.068703e+01,9.068703e+01,9.068703e+01,9.068703e+01,9.068703e+01,9.068703e+01,9.030016e+01,9.034627e+01,9.030939e+01,9.030939e+01,9.030939e+01,9.030939e+01,9.030939e+01,9.030939e+01,9.030939e+01,9.030939e+01,9.003251e+01,9.003251e+01,9.003251e+01,9.003251e+01,9.003251e+01,8.965337e+01,8.965337e+01,8.965337e+01,8.965337e+01,8.965337e+01,8.965337e+01,8.965337e+01,8.927335e+01,8.937539e+01,8.937539e+01,8.937539e+01,8.899474e+01,8.924551e+01,8.924551e+01,8.924551e+01,8.886456e+01,8.896685e+01,8.896685e+01,8.896685e+01,8.896685e+01,8.896685e+01,8.896685e+01,8.896685e+01,8.858525e+01,8.883665e+01,8.883665e+01,8.883665e+01,8.883665e+01,8.883665e+01,8.883665e+01,8.883665e+01,8.883665e+01,8.883665e+01,8.883665e+01,8.883665e+01,8.845474e+01,8.860388e+01,8.860388e+01,8.860388e+01,8.860388e+01,8.860388e+01,8.860388e+01,8.860388e+01,8.860388e+01,8.860388e+01,8.860388e+01,8.870634e+01,8.895755e+01,8.895755e+01,8.895755e+01,8.895755e+01,8.895755e+01,8.895755e+01,8.895755e+01,8.895755e+01,8.895755e+01,8.933829e+01,8.925479e+01,8.921767e+01,8.921767e+01,8.921767e+01,8.921767e+01,8.921767e+01,8.921767e+01,8.921767e+01,8.921767e+01,8.921767e+01,8.921767e+01,8.921767e+01,8.921767e+01,8.921767e+01,8.921767e+01,8.921767e+01,8.921767e+01,8.921767e+01,8.921767e+01,8.921767e+01,8.921767e+01,8.921767e+01,8.921767e+01,8.959781e+01,8.944956e+01,8.944956e+01,8.944956e+01,8.944956e+01,8.944956e+01,8.944956e+01,8.944956e+01,8.944956e+01,8.944956e+01,8.944956e+01,8.944956e+01,8.944956e+01,8.944956e+01,8.944956e+01,8.944956e+01,8.944956e+01,8.944956e+01,8.915268e+01,8.877151e+01,8.892036e+01,8.872496e+01,8.865977e+01,8.865977e+01,8.827746e+01,8.827746e+01,8.810934e+01,8.797845e+01,8.770699e+01,8.751952e+01,8.725670e+01,8.704990e+01,8.687108e+01,8.660720e+01,8.637123e+01,8.607816e+01,8.578454e+01,8.547140e+01,8.519570e+01,8.492906e+01,8.467152e+01,8.438489e+01,8.411689e+01,8.377165e+01,8.351224e+01,8.300177e+01,8.277973e+01,8.240251e+01,8.172317e+01,8.157721e+01,8.089426e+01,8.086491e+01,8.022793e+01,7.986415e+01,7.942057e+01,7.869823e+01,7.836063e+01,7.772311e+01,7.738335e+01,7.643997e+01,7.604683e+01,7.574371e+01,7.506450e+01,7.464733e+01,7.387093e+01,7.352225e+01,7.291524e+01,7.203626e+01,7.159998e+01,7.073391e+01,7.041959e+01,7.006252e+01,6.925055e+01,6.883752e+01,6.800783e+01,6.787975e+01,6.714101e+01,6.630120e+01,6.579271e+01,6.514083e+01,6.472638e+01,6.387172e+01,6.305591e+01,6.264616e+01,6.173360e+01,6.128619e+01,6.051087e+01,6.009325e+01,5.929954e+01,5.842089e+01,5.792764e+01,5.742097e+01,5.673846e+01,5.601733e+01,5.539766e+01,5.452738e+01,5.384108e+01,5.310329e+01,5.249313e+01,5.192817e+01,5.121531e+01,5.040077e+01,5.000982e+01,4.931033e+01,4.874289e+01,4.811063e+01,4.758746e+01,4.737504e+01,4.696163e+01,4.625679e+01,4.597874e+01,4.610521e+01,4.511517e+01,4.489828e+01,4.464260e+01,4.424520e+01,4.403955e+01,4.365300e+01,4.348509e+01,4.310964e+01,4.288898e+01,4.261583e+01,4.247248e+01,4.226367e+01,4.200212e+01,4.146405e+01,4.147721e+01,4.130609e+01,4.109513e+01,4.109513e+01,4.109513e+01,4.055276e+01,4.076473e+01,4.059254e+01,4.042009e+01,4.042009e+01,4.042009e+01,4.042009e+01,4.042009e+01,4.042009e+01,4.042009e+01,4.042009e+01,4.042009e+01,4.042009e+01,4.042009e+01,4.042009e+01,4.042009e+01,4.042009e+01,4.042009e+01,4.096309e+01,4.075150e+01,4.075150e+01,4.075150e+01,4.075150e+01,4.075150e+01,4.075150e+01,4.075150e+01,4.075150e+01,4.020747e+01,4.056602e+01,4.042009e+01,4.031383e+01,4.031383e+01,4.031383e+01,4.031383e+01,4.031383e+01,4.031383e+01,4.031383e+01,4.031383e+01,4.031383e+01,4.031383e+01,4.031383e+01,4.031383e+01,4.077797e+01,4.077797e+01,4.077797e+01,4.077797e+01,4.131926e+01,4.121385e+01,4.120066e+01,4.120066e+01,4.120066e+01,4.122703e+01,4.158238e+01,4.158238e+01,4.158238e+01,4.211989e+01,4.191043e+01,4.191043e+01,4.191043e+01,4.191043e+01,4.191043e+01,4.191043e+01,4.191043e+01,4.191043e+01,4.191043e+01,4.191043e+01,4.191043e+01,4.137194e+01,4.158238e+01,4.158238e+01,4.158238e+01,4.158238e+01,4.158238e+01,4.158238e+01,4.158238e+01,4.158238e+01,4.158238e+01,4.113472e+01,4.113472e+01,4.113472e+01,4.113472e+01,4.113472e+01,4.113472e+01,4.113472e+01,4.113472e+01,4.113472e+01,4.113472e+01,4.113472e+01,4.113472e+01,4.113472e+01,4.080443e+01,4.080443e+01,4.080443e+01,4.080443e+01,4.080443e+01,4.080443e+01,4.080443e+01,4.080443e+01,4.047318e+01,4.047318e+01,4.047318e+01,4.047318e+01,4.047318e+01,4.047318e+01,4.047318e+01,4.047318e+01,4.047318e+01,4.047318e+01,4.101593e+01,4.087056e+01,4.094987e+01,4.100272e+01,4.100272e+01,4.100272e+01,4.100272e+01,4.154295e+01,4.150351e+01,4.145090e+01,4.146405e+01,4.146405e+01,4.146405e+01,4.146405e+01,4.146405e+01,4.146405e+01,4.146405e+01,4.146405e+01,4.146405e+01,4.146405e+01,4.146405e+01,4.146405e+01,4.146405e+01,4.146405e+01,4.146405e+01,4.146405e+01,4.113472e+01,4.113472e+01,4.113472e+01,4.113472e+01,4.113472e+01,4.113472e+01,4.113472e+01,4.113472e+01,4.113472e+01,4.113472e+01,4.113472e+01,4.113472e+01,4.071178e+01,4.071178e+01,4.071178e+01,4.071178e+01,4.071178e+01,4.071178e+01,4.071178e+01,4.071178e+01,4.071178e+01,4.071178e+01,4.071178e+01,4.071178e+01,4.071178e+01,4.071178e+01,4.071178e+01,4.016756e+01,4.031383e+01,4.023407e+01,4.018087e+01,4.018087e+01,4.018087e+01,4.018087e+01,4.018087e+01,4.018087e+01,4.018087e+01,4.018087e+01,4.018087e+01
3.625458e+01,3.637855e+01,3.637855e+01,3.637855e+01,3.637855e+01,3.637855e+01,3.637855e+01,3.669473e+01,3.669473e+01,3.669473e+01,3.669473e+01,3.725610e+01,3.725610e+01,3.725610e+01,3.725610e+01,3.781462e+01,3.781462e+01,3.781462e+01,3.781462e+01,3.828920e+01,3.828920e+01,3.828920e+01,3.828920e+01,3.828920e+01,3.828920e+01,3.828920e+01,3.828920e+01,3.828920e+01,3.828920e+01,3.828920e+01,3.877522e+01,3.877522e+01,3.877522e+01,3.932619e+01,3.932619e+01,3.932619e+01,3.932619e+01,3.995448e+01,3.995448e+01,3.995448e+01,3.995448e+01,3.995448e+01,4.028725e+01,4.028725e+01,4.028725e+01,4.028725e+01,4.028725e+01,4.028725e+01,4.028725e+01,4.028725e+01,4.028725e+01,4.028725e+01,4.028725e+01,4.028725e+01,4.028725e+01,4.028725e+01,4.028725e+01,4.028725e+01,4.028725e+01,4.028725e+01,4.028725e+01,4.028725e+01,4.028725e+01,4.028725e+01,4.028725e+01,4.028725e+01,4.028725e+01,4.028725e+01,4.028725e+01,4.028725e+01,4.028725e+01,4.028725e+01,4.028725e+01,4.028725e+01,4.028725e+01,4.028725e+01,4.028725e+01,4.028725e+01,4.065880e+01,4.085734e+01,4.139826e+01,4.138510e+01,4.147721e+01,4.147721e+01,4.147721e+01,4.147721e+01,4.147721e+01,4.147721e+01,4.147721e+01,4.200212e+01,4.235508e+01,4.274598e+01,4.308371e+01,4.351093e+01,4.393660e+01,4.430939e+01,4.471936e+01,4.510242e+01,4.561123e+01,4.606729e+01,4.645860e+01,4.687376e+01,4.728747e+01,4.776210e+01,4.821003e+01,4.870578e+01,4.958078e+01,5.014435e+01,5.060796e+01,5.102128e+01,5.174733e+01,5.214484e+01,5.300777e+01,5.386481e+01,5.435025e+01,5.484560e+01,5.573709e+01,5.625040e+01,5.707438e+01,5.767455e+01,5.811139e+01,5.887806e+01,5.945866e+01,5.991225e+01,6.078106e+01,6.125257e+01,6.174476e+01,6.203476e+01,6.284565e+01,6.333207e+01,6.414623e+01,6.463897e+01,6.539108e+01,6.619317e+01,6.696915e+01,6.753763e+01,6.837009e+01,6.878448e+01,6.969402e+01,7.003097e+01,7.106844e+01,7.148550e+01,7.229534e+01,7.288431e+01,7.374796e+01,7.422899e+01,7.505434e+01,7.570324e+01,7.617799e+01,7.682204e+01,7.751334e+01,7.799239e+01,7.874782e+01,7.958829e+01,8.002157e+01,8.046342e+01,8.083558e+01,8.157721e+01,8.233471e+01,8.282803e+01,8.357954e+01,8.407857e+01,8.445181e+01,8.497671e+01,8.519570e+01,8.558533e+01,8.587931e+01,8.604976e+01,8.642789e+01,8.694640e+01,8.720972e+01,8.769762e+01,8.819342e+01,8.879012e+01,8.912482e+01,8.910624e+01,8.969039e+01,8.999556e+01,9.016177e+01,9.016177e+01,9.053976e+01,9.076982e+01,9.062262e+01,9.084338e+01,9.093526e+01,9.131151e+01,9.116478e+01,9.116478e+01,9.116478e+01,9.135733e+01,9.145811e+01,9.149474e+01,9.149474e+01,9.149474e+01,9.149474e+01,9.149474e+01,9.149474e+01,9.149474e+01,9.149474e+01,9.149474e+01,9.149474e+01,9.149474e+01,9.149474e+01,9.149474e+01,9.149474e+01,9.149474e+01,9.149474e+01,9.149474e+01,9.149474e+01,9.149474e+01,9.149474e+01,9.149474e+01,9.149474e+01,9.149474e+01,9.149474e+01,9.149474e+01,9.149474e+01,9.149474e+01,9.149474e+01,9.127484e+01,9.127484e+01,9.127484e+01,9.127484e+01,9.127484e+01,9.089851e+01,9.089851e+01,9.089851e+01,9.089851e+01,9.089851e+01,9.089851e+01,9.089851e+01,9.089851e+01,9.089851e+01,9.089851e+01,9.089851e+01,9.089851e+01,9.068703e+01,9.068703e+01,9.068703e+01,9.068703e+01,9.068703e+01,9.068703e+01,9.034627e+01,9.034627e+01,9.034627e+01,9.034627e+01,9.034627e+01,9.034627e+01,9.034627e+01,9.034627e+01,8.996784e+01,9.006022e+01,9.006022e+01,9.006022e+01,9.006022e+01,9.006022e+01,8.965337e+01,8.965337e+01,8.965337e+01,8.965337e+01,8.965337e+01,8.965337e+01,8.965337e+01,8.927335e+01,8.927335e+01,8.927335e+01,8.927335e+01,8.927335e+01,8.927335e+01,8.889246e+01,8.897614e+01,8.895755e+01,8.895755e+01,8.895755e+01,8.895755e+01,8.895755e+01,8.895755e+01,8.895755e+01,8.895755e+01,8.895755e+01,8.895755e+01,8.895755e+01,8.895755e+01,8.857593e+01,8.872496e+01,8.872496e+01,8.872496e+01,8.872496e+01,8.872496e+01,8.872496e+01,8.872496e+01,8.872496e+01,8.872496e+01,8.872496e+01,8.872496e+01,8.872496e+01,8.872496e+01,8.872496e+01,8.872496e+01,8.872496e+01,8.872496e+01,8.872496e+01,8.872496e+01,8.872496e+01,8.872496e+01,8.895755e+01,8.895755e+01,8.895755e+01,8.895755e+01,8.895755e+01,8.895755e+01,8.895755e+01,8.895755e+01,8.895755e+01,8.895755e+01,8.895755e+01,8.895755e+01,8.895755e+01,8.895755e+01,8.921767e+01,8.921767e+01,8.921767e+01,8.921767e+01,8.921767e+01,8.921767e+01,8.921767e+01,8.959781e+01,8.934757e+01,8.934757e+01,8.934757e+01,8.934757e+01,8.934757e+01,8.934757e+01,8.934757e+01,8.934757e+01,8.934757e+01,8.934757e+01,8.934757e+01,8.934757e+01,8.934757e+01,8.934757e+01,8.934757e+01,8.972741e+01,8.957928e+01,8.957928e+01,8.919910e+01,8.934757e+01,8.934757e+01,8.934757e+01,8.934757e+01,8.934757e+01,8.934757e+01,8.934757e+01,8.934757e+01,8.915268e+01,8.889246e+01,8.881804e+01,8.878082e+01,8.839878e+01,8.840811e+01,8.837079e+01,8.837079e+01,8.810934e+01,8.787553e+01,8.776319e+01,8.747262e+01,8.724730e+01,8.710632e+01,8.682399e+01,8.659777e+01,8.636179e+01,8.606869e+01,8.569920e+01,8.549039e+01,8.520522e+01,8.492906e+01,8.466198e+01,8.437532e+01,8.403065e+01,8.339680e+01,8.329092e+01,8.299212e+01,8.269276e+01,8.238314e+01,8.184955e+01,8.108969e+01,8.100178e+01,8.034572e+01,8.011004e+01,7.944031e+01,7.930206e+01,7.866847e+01,7.833081e+01,7.769317e+01,7.723320e+01,7.653055e+01,7.573359e+01,7.558179e+01,7.503402e+01,7.419833e+01,7.374796e+01,7.348118e+01,7.245056e+01,7.191175e+01,7.154796e+01,7.073391e+01,7.032516e+01,7.000993e+01,6.919766e+01,6.834880e+01,6.768741e+01,6.725905e+01,6.701214e+01,6.624720e+01,6.573850e+01,6.508637e+01,6.422299e+01,6.373976e+01,6.344238e+01,6.270160e+01,6.173360e+01,6.123016e+01,6.045451e+01,6.003671e+01,5.924266e+01,5.836363e+01,5.787016e+01,5.688915e+01,5.659920e+01,5.594733e+01,5.532732e+01,5.445656e+01,5.376987e+01,5.303166e+01,5.242115e+01,5.185587e+01,5.114259e+01,5.040077e+01,4.989964e+01,4.923647e+01,4.866867e+01,4.803603e+01,4.774963e+01,4.723740e+01,4.688631e+01,4.625679e+01,4.605464e+01,4.580146e+01,4.524256e+01,4.489828e+01,4.450174e+01,4.432222e+01,4.397522e+01,4.373041e+01,4.342044e+01,4.318742e+01,4.282401e+01,4.269394e+01,4.269394e+01,4.226367e+01,4.168746e+01,4.159552e+01,4.159552e+01,4.130609e+01,4.130609e+01,4.130609e+01,4.076473e+01,4.068529e+01,4.068529e+01,4.068529e+01,4.068529e+01,4.068529e+01,4.014095e+01,4.035369e+01,4.035369e+01,4.035369e+01,4.035369e+01,4.035369e+01,4.035369e+01,4.035369e+01,4.035369e+01,4.035369e+01,4.035369e+01,4.089701e+01,4.077797e+01,4.083089e+01,4.083089e+01,4.083089e+01,4.083089e+01,4.083089e+01,4.083089e+01,4.083089e+01,4.083089e+01,4.083089e+01,4.020747e+01,4.048645e+01,4.048645e+01,4.048645e+01,4.048645e+01,4.048645e+01,4.048645e+01,3.994115e+01,4.015426e+01,4.015426e+01,4.015426e+01,4.015426e+01,4.015426e+01,4.015426e+01,4.069854e+01,4.064555e+01,4.064555e+01,4.118748e+01,4.118748e+01,4.118748e+01,4.118748e+01,4.118748e+01,4.118748e+01,4.172684e+01,4.162180e+01,4.159552e+01,4.159552e+01,4.213297e+01,4.200212e+01,4.200212e+01,4.200212e+01,4.200212e+01,4.200212e+01,4.200212e+01,4.200212e+01,4.200212e+01,4.200212e+01,4.200212e+01,4.146405e+01,4.158238e+01,4.150351e+01,4.150351e+01,4.150351e+01,4.150351e+01,4.150351e+01,4.150351e+01,4.150351e+01,4.150351e+01,4.150351e+01,4.150351e+01,4.113472e+01,4.113472e+01,4.113472e+01,4.113472e+01,4.113472e+01,4.113472e+01,4.113472e+01,4.113472e+01,4.113472e+01,4.113472e+01,4.113472e+01,4.113472e+01,4.059254e+01,4.072502e+01,4.072502e+01,4.072502e+01,4.072502e+01,4.072502e+01,4.072502e+01,4.072502e+01,4.072502e+01,4.072502e+01,4.072502e+01,4.072502e+01,4.018087e+01,4.039353e+01,4.039353e+01,4.039353e+01,4.039353e+01,4.039353e+01,4.039353e+01,4.101593e+01,4.101593e+01,4.101593e+01,4.101593e+01,4.101593e+01,4.101593e+01,4.155610e+01,4.142458e+01,4.142458e+01,4.142458e+01,4.142458e+01,4.142458e+01,4.142458e+01,4.142458e+01,4.142458e+01,4.142458e+01,4.142458e+01,4.142458e+01,4.142458e+01,4.142458e+01,4.142458e+01,4.142458e+01,4.142458e+01,4.142458e+01,4.142458e+01,4.142458e+01,4.142458e+01,4.142458e+01,4.142458e+01,4.113472e+01,4.113472e+01,4.113472e+01,4.113472e+01,4.113472e+01,4.113472e+01,4.113472e+01,4.113472e+01,4.113472e+01,4.113472e+01,4.071178e+01,4.071178e+01,4.071178e+01,4.071178e+01,4.071178e+01,4.071178e+01,4.071178e+01,4.071178e+01,4.071178e+01,4.071178e+01,4.071178e+01,4.071178e+01,4.071178e+01,4.071178e+01,4.071178e+01,4.071178e+01,4.023407e+01,4.023407e+01,4.023407e+01,4.023407e+01,4.023407e+01,4.023407e+01,4.023407e+01,4.023407e+01,4.023407e+01,4.023407e+01
3.622702e+01,3.622702e+01,3.622702e+01,3.622702e+01,3.679078e+01,3.657112e+01,3.672218e+01,3.669473e+01,3.669473e+01,3.669473e+01,3.669473e+01,3.725610e+01,3.725610e+01,3.725610e+01,3.725610e+01,3.781462e+01,3.781462e+01,3.781462e+01,3.781462e+01,3.828920e+01,3.828920e+01,3.828920e+01,3.828920e+01,3.828920e+01,3.828920e+01,3.828920e+01,3.828920e+01,3.828920e+01,3.828920e+01,3.828920e+01,3.877522e+01,3.877522e+01,3.877522e+01,3.932619e+01,3.932619e+01,3.932619e+01,3.932619e+01,3.932619e+01,3.995448e+01,3.995448e+01,3.995448e+01,3.995448e+01,4.028725e+01,4.028725e+01,4.028725e+01,4.028725e+01,4.028725e+01,4.028725e+01,4.028725e+01,4.028725e+01,4.028725e+01,4.028725e+01,4.028725e+01,4.028725e+01,4.028725e+01,4.028725e+01,4.028725e+01,4.028725e+01,4.028725e+01,4.028725e+01,4.028725e+01,4.028725e+01,4.028725e+01,4.028725e+01,4.028725e+01,4.028725e+01,4.028725e+01,4.028725e+01,4.028725e+01,4.028725e+01,4.028725e+01,4.028725e+01,4.028725e+01,4.028725e+01,4.028725e+01,4.028725e+01,4.028725e+01,4.028725e+01,4.065880e+01,4.063230e+01,4.100272e+01,4.121385e+01,4.121385e+01,4.121385e+01,4.121385e+01,4.175309e+01,4.154295e+01,4.154295e+01,4.154295e+01,4.200212e+01,4.236813e+01,4.275899e+01,4.320038e+01,4.358844e+01,4.393660e+01,4.432222e+01,4.473215e+01,4.521709e+01,4.568736e+01,4.606729e+01,4.657197e+01,4.694908e+01,4.736254e+01,4.783687e+01,4.828452e+01,4.877997e+01,4.965444e+01,5.021767e+01,5.068100e+01,5.109408e+01,5.181969e+01,5.221698e+01,5.307942e+01,5.393596e+01,5.442113e+01,5.491621e+01,5.580721e+01,5.632023e+01,5.714378e+01,5.774362e+01,5.818023e+01,5.894650e+01,5.952680e+01,5.998016e+01,6.038685e+01,6.119653e+01,6.168892e+01,6.207932e+01,6.290101e+01,6.338723e+01,6.420107e+01,6.469360e+01,6.544543e+01,6.624720e+01,6.702289e+01,6.759114e+01,6.798649e+01,6.872080e+01,6.963074e+01,7.007303e+01,7.097443e+01,7.143343e+01,7.228498e+01,7.291524e+01,7.336816e+01,7.415745e+01,7.502385e+01,7.571336e+01,7.621832e+01,7.686221e+01,7.755332e+01,7.803225e+01,7.878748e+01,7.922301e+01,7.995272e+01,8.042420e+01,8.122635e+01,8.169398e+01,8.197584e+01,8.276041e+01,8.314641e+01,8.354108e+01,8.419350e+01,8.472879e+01,8.516715e+01,8.555686e+01,8.579402e+01,8.618221e+01,8.644678e+01,8.733183e+01,8.743509e+01,8.776319e+01,8.821210e+01,8.880873e+01,8.900403e+01,8.959781e+01,8.980143e+01,8.987541e+01,9.016177e+01,9.038314e+01,9.054897e+01,9.071464e+01,9.072383e+01,9.078821e+01,9.110055e+01,9.119231e+01,9.119231e+01,9.119231e+01,9.156797e+01,9.147642e+01,9.147642e+01,9.147642e+01,9.147642e+01,9.147642e+01,9.147642e+01,9.147642e+01,9.147642e+01,9.147642e+01,9.147642e+01,9.147642e+01,9.147642e+01,9.147642e+01,9.147642e+01,9.147642e+01,9.147642e+01,9.147642e+01,9.147642e+01,9.147642e+01,9.147642e+01,9.147642e+01,9.147642e+01,9.147642e+01,9.147642e+01,9.147642e+01,9.147642e+01,9.147642e+01,9.147642e+01,9.147642e+01,9.110055e+01,9.119231e+01,9.119231e+01,9.119231e+01,9.119231e+01,9.119231e+01,9.089851e+01,9.089851e+01,9.127484e+01,9.102711e+01,9.102711e+01,9.102711e+01,9.065023e+01,9.079741e+01,9.079741e+01,9.079741e+01,9.079741e+01,9.079741e+01,9.079741e+01,9.042001e+01,9.056738e+01,9.056738e+01,9.056738e+01,9.056738e+01,9.056738e+01,9.034627e+01,9.034627e+01,9.034627e+01,9.034627e+01,9.034627e+01,9.034627e+01,9.034627e+01,8.996784e+01,8.996784e+01,8.996784e+01,8.996784e+01,8.996784e+01,8.996784e+01,8.965337e+01,8.965337e+01,8.965337e+01,8.965337e+01,8.965337e+01,8.965337e+01,8.965337e+01,8.927335e+01,8.927335e+01,8.927335e+01,8.927335e+01,8.927335e+01,8.927335e+01,8.927335e+01,8.927335e+01,8.927335e+01,8.927335e+01,8.895755e+01,8.895755e+01,8.895755e+01,8.895755e+01,8.895755e+01,8.895755e+01,8.895755e+01,8.895755e+01,8.857593e+01,8.865977e+01,8.866909e+01,8.866909e+01,8.866909e+01,8.866909e+01,8.866909e+01,8.866909e+01,8.866909e+01,8.866909e+01,8.866909e+01,8.866909e+01,8.866909e+01,8.866909e+01,8.905050e+01,8.879942e+01,8.879942e+01,8.879942e+01,8.879942e+01,8.879942e+01,8.879942e+01,8.879942e+01,8.879942e+01,8.879942e+01,8.879942e+01,8.879942e+01,8.879942e+01,8.879942e+01,8.879942e+01,8.918053e+01,8.903191e+01,8.903191e+01,8.903191e+01,8.903191e+01,8.903191e+01,8.903191e+01,8.903191e+01,8.941248e+01,8.931974e+01,8.931974e+01,8.931974e+01,8.931974e+01,8.931974e+01,8.931974e+01,8.931974e+01,8.931974e+01,8.931974e+01,8.931974e+01,8.931974e+01,8.931974e+01,8.931974e+01,8.931974e+01,8.931974e+01,8.931974e+01,8.931974e+01,8.931974e+01,8.931974e+01,8.931974e+01,8.931974e+01,8.931974e+01,8.931974e+01,8.931974e+01,8.957928e+01,8.935684e+01,8.929191e+01,8.967188e+01,8.942175e+01,8.942175e+01,8.942175e+01,8.942175e+01,8.942175e+01,8.942175e+01,8.904121e+01,8.899474e+01,8.894826e+01,8.894826e+01,8.856661e+01,8.849204e+01,8.849204e+01,8.849204e+01,8.810934e+01,8.807195e+01,8.793168e+01,8.771636e+01,8.746323e+01,8.730366e+01,8.705930e+01,8.681457e+01,8.620113e+01,8.615384e+01,8.592668e+01,8.568971e+01,8.547140e+01,8.518619e+01,8.451871e+01,8.447093e+01,8.428922e+01,8.401148e+01,8.352185e+01,8.291492e+01,8.247028e+01,8.241219e+01,8.223779e+01,8.183012e+01,8.121659e+01,8.089426e+01,8.033591e+01,8.002157e+01,7.956857e+01,7.919335e+01,7.864864e+01,7.790269e+01,7.716309e+01,7.703278e+01,7.650036e+01,7.586503e+01,7.547037e+01,7.500352e+01,7.416766e+01,7.373771e+01,7.337844e+01,7.254362e+01,7.197402e+01,7.115194e+01,7.102666e+01,7.017814e+01,6.991523e+01,6.872080e+01,6.822103e+01,6.763393e+01,6.724832e+01,6.647388e+01,6.611749e+01,6.523881e+01,6.495557e+01,6.415720e+01,6.372875e+01,6.287887e+01,6.211273e+01,6.158835e+01,6.116289e+01,6.038685e+01,5.950409e+01,5.909467e+01,5.828342e+01,5.778965e+01,5.735173e+01,5.668045e+01,5.594733e+01,5.476318e+01,5.430297e+01,5.367486e+01,5.293609e+01,5.232511e+01,5.175939e+01,5.104555e+01,5.030315e+01,4.980162e+01,4.913791e+01,4.856965e+01,4.803603e+01,4.762490e+01,4.723740e+01,4.676068e+01,4.642079e+01,4.605464e+01,4.549694e+01,4.522983e+01,4.485996e+01,4.457859e+01,4.424520e+01,4.405242e+01,4.365300e+01,4.349801e+01,4.310964e+01,4.290198e+01,4.236813e+01,4.236813e+01,4.217220e+01,4.185801e+01,4.185801e+01,4.131926e+01,4.133244e+01,4.133244e+01,4.133244e+01,4.130609e+01,4.087056e+01,4.087056e+01,4.032712e+01,4.053951e+01,4.076473e+01,4.039353e+01,4.039353e+01,4.039353e+01,4.039353e+01,4.039353e+01,4.039353e+01,4.039353e+01,4.039353e+01,4.039353e+01,4.039353e+01,4.039353e+01,4.039353e+01,4.077797e+01,4.077797e+01,4.077797e+01,4.077797e+01,4.077797e+01,4.077797e+01,4.077797e+01,4.077797e+01,4.077797e+01,4.077797e+01,4.075150e+01,4.061905e+01,4.061905e+01,4.061905e+01,4.007439e+01,4.028725e+01,3.998114e+01,4.007439e+01,4.007439e+01,4.007439e+01,4.061905e+01,4.026067e+01,4.026067e+01,4.026067e+01,4.069854e+01,4.069854e+01,4.069854e+01,4.118748e+01,4.118748e+01,4.118748e+01,4.118748e+01,4.118748e+01,4.118748e+01,4.172684e+01,4.172684e+01,4.172684e+01,4.172684e+01,4.172684e+01,4.172684e+01,4.172684e+01,4.200212e+01,4.200212e+01,4.200212e+01,4.200212e+01,4.200212e+01,4.200212e+01,4.200212e+01,4.200212e+01,4.146405e+01,4.146405e+01,4.146405e+01,4.146405e+01,4.146405e+01,4.146405e+01,4.146405e+01,4.146405e+01,4.146405e+01,4.146405e+01,4.146405e+01,4.146405e+01,4.146405e+01,4.113472e+01,4.113472e+01,4.113472e+01,4.113472e+01,4.113472e+01,4.113472e+01,4.113472e+01,4.113472e+01,4.113472e+01,4.059254e+01,4.071178e+01,4.072502e+01,4.072502e+01,4.072502e+01,4.072502e+01,4.072502e+01,4.072502e+01,4.072502e+01,4.072502e+01,4.072502e+01,4.072502e+01,4.072502e+01,4.072502e+01,4.072502e+01,4.039353e+01,4.039353e+01,4.039353e+01,4.039353e+01,4.039353e+01,4.039353e+01,4.047318e+01,4.083089e+01,4.083089e+01,4.083089e+01,4.083089e+01,4.083089e+01,4.155610e+01,4.155610e+01,4.155610e+01,4.155610e+01,4.155610e+01,4.155610e+01,4.155610e+01,4.155610e+01,4.155610e+01,4.155610e+01,4.155610e+01,4.155610e+01,4.155610e+01,4.155610e+01,4.155610e+01,4.155610e+01,4.155610e+01,4.155610e+01,4.155610e+01,4.155610e+01,4.155610e+01,4.101593e+01,4.156924e+01,4.135877e+01,4.135877e+01,4.135877e+01,4.135877e+01,4.135877e+01,4.081766e+01,4.102913e+01,4.102913e+01,4.102913e+01,4.102913e+01,4.102913e+01,4.102913e+01,4.102913e+01,4.102913e+01,4.071178e+01,4.071178e+01,4.071178e+01,4.071178e+01,4.071178e+01,4.071178e+01,4.071178e+01,4.071178e+01,4.071178e+01,4.071178e+01,4.071178e+01,4.016756e+01,4.030054e+01,4.030054e+01,4.030054e+01,4.030054e+01,4.030054e+01,4.030054e+01,4.030054e+01,4.030054e+01,4.030054e+01,4.030054e+01
3.622702e+01,3.622702e+01,3.622702e+01,3.622702e+01,3.679078e+01,3.679078e+01,3.679078e+01,3.679078e+01,3.679078e+01,3.679078e+01,3.679078e+01,3.725610e+01,3.725610e+01,3.725610e+01,3.725610e+01,3.781462e+01,3.781462e+01,3.781462e+01,3.781462e+01,3.781462e+01,3.828920e+01,3.828920e+01,3.828920e+01,3.828920e+01,3.828920e+01,3.828920e+01,3.828920e+01,3.828920e+01,3.884256e+01,3.872132e+01,3.864043e+01,3.864043e+01,3.919206e+01,3.919206e+01,3.919206e+01,3.919206e+01,3.919206e+01,3.974099e+01,3.982109e+01,3.982109e+01,3.982109e+01,4.036697e+01,4.034040e+01,4.034040e+01,4.034040e+01,4.034040e+01,4.034040e+01,4.034040e+01,4.034040e+01,4.034040e+01,4.034040e+01,4.034040e+01,4.034040e+01,4.034040e+01,4.034040e+01,4.034040e+01,4.034040e+01,4.034040e+01,4.034040e+01,4.034040e+01,4.034040e+01,4.034040e+01,4.034040e+01,4.034040e+01,4.034040e+01,4.034040e+01,4.034040e+01,4.034040e+01,4.034040e+01,4.034040e+01,4.034040e+01,4.034040e+01,3.979440e+01,4.015426e+01,4.015426e+01,4.015426e+01,4.069854e+01,4.067204e+01,4.064555e+01,4.079120e+01,4.092345e+01,4.121385e+01,4.175309e+01,4.139826e+01,4.170059e+01,4.162180e+01,4.162180e+01,4.162180e+01,4.162180e+01,4.200212e+01,4.240727e+01,4.288898e+01,4.320038e+01,4.362718e+01,4.397522e+01,4.436071e+01,4.485996e+01,4.531893e+01,4.568736e+01,4.619366e+01,4.657197e+01,4.707452e+01,4.746255e+01,4.793649e+01,4.838377e+01,4.887882e+01,4.924878e+01,5.016879e+01,5.071750e+01,5.117896e+01,5.190408e+01,5.230109e+01,5.316295e+01,5.353221e+01,5.436206e+01,5.492798e+01,5.587729e+01,5.639003e+01,5.721313e+01,5.781266e+01,5.824903e+01,5.901490e+01,5.959490e+01,6.004802e+01,6.045451e+01,6.126378e+01,6.175593e+01,6.214613e+01,6.296742e+01,6.345340e+01,6.426684e+01,6.475915e+01,6.551060e+01,6.631200e+01,6.664635e+01,6.752692e+01,6.798649e+01,6.878448e+01,6.969402e+01,7.013610e+01,7.103710e+01,7.149591e+01,7.234710e+01,7.297708e+01,7.342982e+01,7.421877e+01,7.466771e+01,7.565265e+01,7.620824e+01,7.690236e+01,7.760329e+01,7.808205e+01,7.843020e+01,7.915380e+01,7.992320e+01,8.043401e+01,8.086491e+01,8.149931e+01,8.227657e+01,8.282803e+01,8.317532e+01,8.356992e+01,8.422223e+01,8.475742e+01,8.519570e+01,8.555686e+01,8.589826e+01,8.618221e+01,8.654117e+01,8.685224e+01,8.735061e+01,8.770699e+01,8.818408e+01,8.839878e+01,8.890176e+01,8.911552e+01,8.940321e+01,8.972741e+01,9.004175e+01,9.020792e+01,9.020792e+01,9.071464e+01,9.071464e+01,9.071464e+01,9.071464e+01,9.081580e+01,9.106384e+01,9.127484e+01,9.107301e+01,9.132067e+01,9.132067e+01,9.132067e+01,9.132067e+01,9.132067e+01,9.132067e+01,9.132067e+01,9.132067e+01,9.169605e+01,9.154966e+01,9.154966e+01,9.154966e+01,9.154966e+01,9.154966e+01,9.154966e+01,9.154966e+01,9.154966e+01,9.154966e+01,9.154966e+01,9.154966e+01,9.154966e+01,9.154966e+01,9.154966e+01,9.154966e+01,9.154966e+01,9.154966e+01,9.154966e+01,9.117396e+01,9.125650e+01,9.119231e+01,9.119231e+01,9.119231e+01,9.119231e+01,9.119231e+01,9.119231e+01,9.119231e+01,9.119231e+01,9.119231e+01,9.081580e+01,9.096282e+01,9.075143e+01,9.074223e+01,9.074223e+01,9.074223e+01,9.074223e+01,9.074223e+01,9.074223e+01,9.074223e+01,9.074223e+01,9.074223e+01,9.036470e+01,9.051213e+01,9.051213e+01,9.051213e+01,9.051213e+01,9.013409e+01,9.028172e+01,9.028172e+01,9.028172e+01,9.028172e+01,9.028172e+01,8.996784e+01,8.996784e+01,8.996784e+01,8.996784e+01,8.996784e+01,8.958855e+01,8.968114e+01,8.968114e+01,8.968114e+01,8.968114e+01,8.968114e+01,8.968114e+01,8.968114e+01,8.968114e+01,8.927335e+01,8.927335e+01,8.927335e+01,8.927335e+01,8.927335e+01,8.889246e+01,8.914339e+01,8.914339e+01,8.914339e+01,8.914339e+01,8.876220e+01,8.891106e+01,8.891106e+01,8.891106e+01,8.891106e+01,8.852933e+01,8.861320e+01,8.866909e+01,8.866909e+01,8.866909e+01,8.866909e+01,8.866909e+01,8.866909e+01,8.866909e+01,8.866909e+01,8.866909e+01,8.866909e+01,8.866909e+01,8.866909e+01,8.866909e+01,8.866909e+01,8.866909e+01,8.866909e+01,8.866909e+01,8.866909e+01,8.866909e+01,8.866909e+01,8.866909e+01,8.905050e+01,8.890176e+01,8.890176e+01,8.890176e+01,8.890176e+01,8.890176e+01,8.890176e+01,8.890176e+01,8.890176e+01,8.890176e+01,8.890176e+01,8.890176e+01,8.928263e+01,8.913410e+01,8.913410e+01,8.913410e+01,8.913410e+01,8.913410e+01,8.913410e+01,8.913410e+01,8.913410e+01,8.913410e+01,8.913410e+01,8.913410e+01,8.913410e+01,8.913410e+01,8.913410e+01,8.951443e+01,8.936612e+01,8.936612e+01,8.936612e+01,8.936612e+01,8.936612e+01,8.936612e+01,8.936612e+01,8.936612e+01,8.936612e+01,8.936612e+01,8.936612e+01,8.936612e+01,8.936612e+01,8.936612e+01,8.936612e+01,8.936612e+01,8.967188e+01,8.947737e+01,8.947737e+01,8.947737e+01,8.947737e+01,8.947737e+01,8.909695e+01,8.913410e+01,8.875289e+01,8.890176e+01,8.868771e+01,8.865977e+01,8.865977e+01,8.827746e+01,8.827746e+01,8.820276e+01,8.820276e+01,8.793168e+01,8.768826e+01,8.751952e+01,8.724730e+01,8.703108e+01,8.671092e+01,8.633344e+01,8.617275e+01,8.591721e+01,8.566125e+01,8.544289e+01,8.508148e+01,8.465244e+01,8.426051e+01,8.388682e+01,8.378126e+01,8.345453e+01,8.288596e+01,8.260574e+01,8.220871e+01,8.181068e+01,8.168426e+01,8.118732e+01,8.086491e+01,8.034572e+01,7.992320e+01,7.953898e+01,7.875773e+01,7.851960e+01,7.786280e+01,7.730328e+01,7.694250e+01,7.646011e+01,7.582460e+01,7.542983e+01,7.454541e+01,7.403472e+01,7.326535e+01,7.313158e+01,7.247124e+01,7.191175e+01,7.129797e+01,7.050347e+01,7.014661e+01,6.937740e+01,6.874203e+01,6.817841e+01,6.756974e+01,6.718394e+01,6.640916e+01,6.605260e+01,6.524969e+01,6.484648e+01,6.409137e+01,6.321062e+01,6.273486e+01,6.203476e+01,6.151008e+01,6.108437e+01,6.030787e+01,5.942458e+01,5.901490e+01,5.820317e+01,5.770909e+01,5.679644e+01,5.605232e+01,5.542110e+01,5.478674e+01,5.423202e+01,5.357978e+01,5.284045e+01,5.222900e+01,5.166284e+01,5.094844e+01,5.070533e+01,4.985064e+01,4.910093e+01,4.848294e+01,4.794894e+01,4.763738e+01,4.711213e+01,4.677325e+01,4.639558e+01,4.591546e+01,4.550964e+01,4.520436e+01,4.482163e+01,4.454018e+01,4.432222e+01,4.397522e+01,4.373041e+01,4.342044e+01,4.318742e+01,4.266791e+01,4.255069e+01,4.255069e+01,4.217220e+01,4.193663e+01,4.162180e+01,4.150351e+01,4.150351e+01,4.150351e+01,4.150351e+01,4.096309e+01,4.100272e+01,4.068529e+01,4.051298e+01,4.051298e+01,4.051298e+01,4.051298e+01,4.051298e+01,4.051298e+01,4.051298e+01,4.051298e+01,4.051298e+01,4.051298e+01,4.051298e+01,4.051298e+01,4.051298e+01,4.051298e+01,4.051298e+01,4.051298e+01,4.105554e+01,4.084412e+01,4.084412e+01,4.084412e+01,4.084412e+01,4.084412e+01,4.084412e+01,4.084412e+01,4.030054e+01,4.065880e+01,4.065880e+01,4.065880e+01,4.065880e+01,4.061905e+01,4.026067e+01,4.006107e+01,4.006107e+01,4.006107e+01,4.060579e+01,4.049971e+01,4.034040e+01,4.034040e+01,4.034040e+01,4.069854e+01,4.069854e+01,4.069854e+01,4.069854e+01,4.118748e+01,4.118748e+01,4.118748e+01,4.118748e+01,4.118748e+01,4.172684e+01,4.172684e+01,4.172684e+01,4.172684e+01,4.172684e+01,4.172684e+01,4.172684e+01,4.172684e+01,4.172684e+01,4.172684e+01,4.172684e+01,4.172684e+01,4.172684e+01,4.172684e+01,4.172684e+01,4.172684e+01,4.172684e+01,4.172684e+01,4.172684e+01,4.172684e+01,4.172684e+01,4.118748e+01,4.139826e+01,4.139826e+01,4.139826e+01,4.139826e+01,4.139826e+01,4.139826e+01,4.139826e+01,4.139826e+01,4.085734e+01,4.106874e+01,4.106874e+01,4.106874e+01,4.106874e+01,4.106874e+01,4.106874e+01,4.106874e+01,4.106874e+01,4.106874e+01,4.106874e+01,4.106874e+01,4.106874e+01,4.072502e+01,4.072502e+01,4.072502e+01,4.072502e+01,4.072502e+01,4.072502e+01,4.018087e+01,4.053951e+01,4.038025e+01,4.040681e+01,4.040681e+01,4.040681e+01,4.040681e+01,4.040681e+01,4.094987e+01,4.084412e+01,4.081766e+01,4.081766e+01,4.081766e+01,4.135877e+01,4.124021e+01,4.142458e+01,4.142458e+01,4.142458e+01,4.142458e+01,4.196283e+01,4.175309e+01,4.175309e+01,4.175309e+01,4.175309e+01,4.175309e+01,4.175309e+01,4.175309e+01,4.175309e+01,4.175309e+01,4.175309e+01,4.175309e+01,4.175309e+01,4.121385e+01,4.142458e+01,4.142458e+01,4.142458e+01,4.142458e+01,4.142458e+01,4.142458e+01,4.142458e+01,4.142458e+01,4.088379e+01,4.100272e+01,4.094987e+01,4.149036e+01,4.113472e+01,4.113472e+01,4.113472e+01,4.113472e+01,4.113472e+01,4.113472e+01,4.113472e+01,4.071178e+01,4.071178e+01,4.071178e+01,4.071178e+01,4.071178e+01,4.071178e+01,4.071178e+01,4.071178e+01,4.071178e+01,4.071178e+01,4.071178e+01,4.071178e+01,4.030054e+01,4.030054e+01,4.030054e+01,4.030054e+01,4.030054e+01,4.030054e+01,4.030054e+01,4.030054e+01,4.030054e+01,4.030054e+01
3.679078e+01,3.641985e+01,3.641985e+01,3.641985e+01,3.641985e+01,3.641985e+01,3.679078e+01,3.679078e+01,3.679078e+01,3.679078e+01,3.735165e+01,3.721512e+01,3.721512e+01,3.721512e+01,3.777385e+01,3.767866e+01,3.767866e+01,3.767866e+01,3.767866e+01,3.823506e+01,3.815381e+01,3.815381e+01,3.815381e+01,3.815381e+01,3.815381e+01,3.815381e+01,3.815381e+01,3.815381e+01,3.884256e+01,3.884256e+01,3.884256e+01,3.884256e+01,3.884256e+01,3.884256e+01,3.919206e+01,3.919206e+01,3.974099e+01,3.960735e+01,3.960735e+01,4.015426e+01,4.016756e+01,4.023407e+01,4.023407e+01,4.023407e+01,4.023407e+01,4.023407e+01,4.023407e+01,4.023407e+01,4.023407e+01,4.023407e+01,4.023407e+01,4.023407e+01,4.023407e+01,4.023407e+01,4.023407e+01,4.023407e+01,4.023407e+01,4.023407e+01,4.023407e+01,4.023407e+01,4.023407e+01,4.023407e+01,4.023407e+01,4.023407e+01,4.023407e+01,4.023407e+01,4.023407e+01,4.023407e+01,4.023407e+01,4.023407e+01,4.023407e+01,4.023407e+01,4.023407e+01,4.023407e+01,4.023407e+01,4.023407e+01,4.023407e+01,4.067204e+01,4.067204e+01,4.121385e+01,4.120066e+01,4.141142e+01,4.143774e+01,4.146405e+01,4.162180e+01,4.162180e+01,4.162180e+01,4.162180e+01,4.162180e+01,4.200212e+01,4.255069e+01,4.287599e+01,4.332988e+01,4.361427e+01,4.400096e+01,4.450174e+01,4.494934e+01,4.530621e+01,4.581414e+01,4.618103e+01,4.669781e+01,4.706199e+01,4.758746e+01,4.802359e+01,4.847055e+01,4.937185e+01,4.950708e+01,5.025431e+01,5.080264e+01,5.126377e+01,5.198840e+01,5.238515e+01,5.316295e+01,5.366298e+01,5.444475e+01,5.501030e+01,5.547967e+01,5.633187e+01,5.722469e+01,5.788166e+01,5.831780e+01,5.861538e+01,5.952680e+01,6.004802e+01,6.052214e+01,6.133100e+01,6.182290e+01,6.221291e+01,6.303379e+01,6.351954e+01,6.433258e+01,6.482465e+01,6.557576e+01,6.631200e+01,6.676480e+01,6.759114e+01,6.805049e+01,6.884812e+01,6.932455e+01,7.007303e+01,7.059779e+01,7.178712e+01,7.241953e+01,7.301830e+01,7.347091e+01,7.425964e+01,7.482045e+01,7.556154e+01,7.615781e+01,7.689232e+01,7.722318e+01,7.800236e+01,7.838052e+01,7.913402e+01,7.952911e+01,8.033591e+01,8.078666e+01,8.144086e+01,8.183984e+01,8.268309e+01,8.304035e+01,8.344491e+01,8.410731e+01,8.465244e+01,8.470971e+01,8.535737e+01,8.571816e+01,8.610654e+01,8.646566e+01,8.677689e+01,8.727548e+01,8.763203e+01,8.810934e+01,8.842677e+01,8.890176e+01,8.914339e+01,8.950517e+01,8.972741e+01,8.991238e+01,9.020792e+01,9.042922e+01,9.062262e+01,9.062262e+01,9.099957e+01,9.085256e+01,9.096282e+01,9.109137e+01,9.114643e+01,9.120148e+01,9.126567e+01,9.126567e+01,9.126567e+01,9.126567e+01,9.126567e+01,9.164117e+01,9.139398e+01,9.161372e+01,9.160458e+01,9.160458e+01,9.160458e+01,9.160458e+01,9.160458e+01,9.160458e+01,9.160458e+01,9.160458e+01,9.160458e+01,9.160458e+01,9.160458e+01,9.160458e+01,9.160458e+01,9.160458e+01,9.160458e+01,9.160458e+01,9.160458e+01,9.160458e+01,9.160458e+01,9.154966e+01,9.130234e+01,9.130234e+01,9.130234e+01,9.130234e+01,9.130234e+01,9.130234e+01,9.130234e+01,9.130234e+01,9.130234e+01,9.092608e+01,9.090771e+01,9.085256e+01,9.080660e+01,9.080660e+01,9.080660e+01,9.080660e+01,9.080660e+01,9.080660e+01,9.080660e+01,9.042922e+01,9.067783e+01,9.045686e+01,9.045686e+01,9.045686e+01,9.045686e+01,9.045686e+01,9.045686e+01,9.045686e+01,9.045686e+01,9.045686e+01,9.007869e+01,9.022637e+01,9.000480e+01,9.006022e+01,9.006022e+01,9.006022e+01,9.006022e+01,8.968114e+01,8.968114e+01,8.968114e+01,8.968114e+01,8.968114e+01,8.968114e+01,8.930119e+01,8.955150e+01,8.955150e+01,8.955150e+01,8.927335e+01,8.927335e+01,8.927335e+01,8.927335e+01,8.927335e+01,8.927335e+01,8.889246e+01,8.904121e+01,8.904121e+01,8.904121e+01,8.904121e+01,8.904121e+01,8.904121e+01,8.904121e+01,8.865977e+01,8.862252e+01,8.862252e+01,8.862252e+01,8.862252e+01,8.862252e+01,8.862252e+01,8.862252e+01,8.900403e+01,8.875289e+01,8.875289e+01,8.875289e+01,8.875289e+01,8.875289e+01,8.875289e+01,8.875289e+01,8.875289e+01,8.875289e+01,8.875289e+01,8.875289e+01,8.875289e+01,8.875289e+01,8.875289e+01,8.875289e+01,8.875289e+01,8.875289e+01,8.875289e+01,8.875289e+01,8.875289e+01,8.875289e+01,8.875289e+01,8.913410e+01,8.898544e+01,8.898544e+01,8.898544e+01,8.898544e+01,8.898544e+01,8.898544e+01,8.898544e+01,8.898544e+01,8.898544e+01,8.936612e+01,8.921767e+01,8.921767e+01,8.921767e+01,8.921767e+01,8.921767e+01,8.921767e+01,8.921767e+01,8.921767e+01,8.921767e+01,8.921767e+01,8.921767e+01,8.921767e+01,8.921767e+01,8.921767e+01,8.921767e+01,8.959781e+01,8.944956e+01,8.944956e+01,8.944956e+01,8.944956e+01,8.944956e+01,8.944956e+01,8.944956e+01,8.944956e+01,8.944956e+01,8.944956e+01,8.944956e+01,8.944956e+01,8.944956e+01,8.944956e+01,8.944956e+01,8.906908e+01,8.916196e+01,8.893896e+01,8.884595e+01,8.879012e+01,8.874358e+01,8.874358e+01,8.874358e+01,8.865977e+01,8.802521e+01,8.817474e+01,8.806260e+01,8.790361e+01,8.736000e+01,8.743509e+01,8.721912e+01,8.692757e+01,8.632400e+01,8.641846e+01,8.614438e+01,8.588879e+01,8.563279e+01,8.533836e+01,8.507196e+01,8.464288e+01,8.385803e+01,8.395396e+01,8.361798e+01,8.343529e+01,8.288596e+01,8.249932e+01,8.218932e+01,8.194670e+01,8.118732e+01,8.105062e+01,8.084536e+01,8.032610e+01,7.990352e+01,7.951925e+01,7.875773e+01,7.841033e+01,7.784286e+01,7.728326e+01,7.651042e+01,7.590545e+01,7.567289e+01,7.498319e+01,7.439239e+01,7.358385e+01,7.336816e+01,7.255395e+01,7.189098e+01,7.129797e+01,7.113107e+01,7.046153e+01,6.967293e+01,6.920824e+01,6.868896e+01,6.812513e+01,6.751622e+01,6.713028e+01,6.635519e+01,6.599850e+01,6.519527e+01,6.434354e+01,6.391568e+01,6.314434e+01,6.266833e+01,6.196789e+01,6.144295e+01,6.055594e+01,6.012716e+01,5.934502e+01,5.846668e+01,5.801955e+01,5.761696e+01,5.670366e+01,5.595900e+01,5.532732e+01,5.469249e+01,5.413736e+01,5.348463e+01,5.274473e+01,5.213282e+01,5.156621e+01,5.111834e+01,5.055924e+01,4.975258e+01,4.900227e+01,4.889117e+01,4.814791e+01,4.769976e+01,4.717478e+01,4.679838e+01,4.628204e+01,4.591546e+01,4.547152e+01,4.516614e+01,4.478329e+01,4.460420e+01,4.423236e+01,4.403955e+01,4.364009e+01,4.295393e+01,4.307073e+01,4.285000e+01,4.255069e+01,4.239423e+01,4.222448e+01,4.183178e+01,4.167433e+01,4.167433e+01,4.167433e+01,4.113472e+01,4.112152e+01,4.109513e+01,4.093666e+01,4.073826e+01,4.073826e+01,4.073826e+01,4.073826e+01,4.073826e+01,4.073826e+01,4.019417e+01,4.040681e+01,4.040681e+01,4.040681e+01,4.040681e+01,4.040681e+01,4.040681e+01,4.040681e+01,4.040681e+01,4.094987e+01,4.083089e+01,4.092345e+01,4.092345e+01,4.092345e+01,4.092345e+01,4.092345e+01,4.092345e+01,4.092345e+01,4.092345e+01,4.084412e+01,4.071178e+01,4.071178e+01,4.071178e+01,4.016756e+01,4.027396e+01,4.028725e+01,4.028725e+01,4.028725e+01,4.028725e+01,4.028725e+01,4.028725e+01,4.028725e+01,4.028725e+01,4.083089e+01,4.069854e+01,4.069854e+01,4.069854e+01,4.069854e+01,4.118748e+01,4.118748e+01,4.118748e+01,4.118748e+01,4.172684e+01,4.159552e+01,4.159552e+01,4.159552e+01,4.159552e+01,4.159552e+01,4.213297e+01,4.192353e+01,4.192353e+01,4.192353e+01,4.192353e+01,4.192353e+01,4.192353e+01,4.192353e+01,4.192353e+01,4.192353e+01,4.192353e+01,4.192353e+01,4.192353e+01,4.138510e+01,4.159552e+01,4.179244e+01,4.143774e+01,4.143774e+01,4.143774e+01,4.143774e+01,4.143774e+01,4.143774e+01,4.143774e+01,4.143774e+01,4.143774e+01,4.139826e+01,4.102913e+01,4.102913e+01,4.102913e+01,4.102913e+01,4.102913e+01,4.102913e+01,4.102913e+01,4.102913e+01,4.102913e+01,4.102913e+01,4.102913e+01,4.102913e+01,4.072502e+01,4.072502e+01,4.072502e+01,4.072502e+01,4.072502e+01,4.072502e+01,4.018087e+01,4.048645e+01,4.048645e+01,4.048645e+01,4.048645e+01,4.048645e+01,4.048645e+01,4.048645e+01,4.094987e+01,4.094987e+01,4.094987e+01,4.094987e+01,4.094987e+01,4.094987e+01,4.094987e+01,4.142458e+01,4.142458e+01,4.142458e+01,4.142458e+01,4.196283e+01,4.196283e+01,4.196283e+01,4.196283e+01,4.196283e+01,4.196283e+01,4.142458e+01,4.163493e+01,4.163493e+01,4.163493e+01,4.163493e+01,4.163493e+01,4.163493e+01,4.163493e+01,4.163493e+01,4.163493e+01,4.163493e+01,4.163493e+01,4.163493e+01,4.109513e+01,4.130609e+01,4.151666e+01,4.116110e+01,4.094987e+01,4.126657e+01,4.130609e+01,4.118748e+01,4.118748e+01,4.118748e+01,4.118748e+01,4.118748e+01,4.118748e+01,4.064555e+01,4.077797e+01,4.077797e+01,4.077797e+01,4.077797e+01,4.077797e+01,4.077797e+01,4.077797e+01,4.077797e+01,4.077797e+01,4.077797e+01,4.077797e+01,4.077797e+01,4.077797e+01,4.077797e+01,4.030054e+01,4.030054e+01,4.030054e+01,4.030054e+01,4.030054e+01,4.030054e+01,4.030054e+01,4.030054e+01
3.666727e+01,3.647488e+01,3.647488e+01,3.647488e+01,3.647488e+01,3.647488e+01,3.679078e+01,3.679078e+01,3.679078e+01,3.679078e+01,3.735165e+01,3.735165e+01,3.735165e+01,3.735165e+01,3.735165e+01,3.767866e+01,3.767866e+01,3.767866e+01,3.767866e+01,3.823506e+01,3.823506e+01,3.823506e+01,3.823506e+01,3.823506e+01,3.823506e+01,3.823506e+01,3.823506e+01,3.823506e+01,3.884256e+01,3.884256e+01,3.884256e+01,3.884256e+01,3.884256e+01,3.884256e+01,3.919206e+01,3.896367e+01,3.987447e+01,3.987447e+01,3.987447e+01,3.987447e+01,4.016756e+01,4.016756e+01,4.016756e+01,4.016756e+01,4.016756e+01,4.016756e+01,4.016756e+01,4.016756e+01,4.016756e+01,4.016756e+01,4.016756e+01,4.016756e+01,4.016756e+01,4.016756e+01,4.016756e+01,4.016756e+01,4.016756e+01,4.016756e+01,4.016756e+01,4.016756e+01,4.016756e+01,4.016756e+01,4.016756e+01,4.016756e+01,4.071178e+01,4.034040e+01,4.034040e+01,4.034040e+01,4.034040e+01,4.034040e+01,4.034040e+01,4.034040e+01,4.034040e+01,4.034040e+01,4.034040e+01,4.034040e+01,4.034040e+01,4.034040e+01,4.067204e+01,4.104234e+01,4.104234e+01,4.141142e+01,4.141142e+01,4.141142e+01,4.141142e+01,4.141142e+01,4.141142e+01,4.141142e+01,4.194973e+01,4.219834e+01,4.255069e+01,4.301883e+01,4.332988e+01,4.365300e+01,4.414242e+01,4.459140e+01,4.494934e+01,4.544611e+01,4.581414e+01,4.631990e+01,4.669781e+01,4.719983e+01,4.767481e+01,4.811063e+01,4.855727e+01,4.921183e+01,4.962989e+01,4.983839e+01,5.075399e+01,5.128799e+01,5.206063e+01,5.245715e+01,5.323450e+01,5.373425e+01,5.451558e+01,5.508081e+01,5.554993e+01,5.640166e+01,5.681963e+01,5.782416e+01,5.826050e+01,5.868396e+01,5.911744e+01,5.998016e+01,6.051087e+01,6.137579e+01,6.187868e+01,6.226853e+01,6.308908e+01,6.357462e+01,6.438734e+01,6.487922e+01,6.563003e+01,6.636598e+01,6.681861e+01,6.720541e+01,6.798649e+01,6.882691e+01,6.934570e+01,7.011508e+01,7.075484e+01,7.169358e+01,7.194289e+01,7.285336e+01,7.333733e+01,7.415745e+01,7.474919e+01,7.552103e+01,7.614773e+01,7.691239e+01,7.725323e+01,7.803225e+01,7.841033e+01,7.916369e+01,7.955871e+01,8.036534e+01,8.081601e+01,8.147009e+01,8.186899e+01,8.271209e+01,8.306928e+01,8.347377e+01,8.413605e+01,8.452827e+01,8.480511e+01,8.538589e+01,8.574661e+01,8.574661e+01,8.639012e+01,8.672977e+01,8.725670e+01,8.764140e+01,8.775383e+01,8.835213e+01,8.882734e+01,8.917125e+01,8.950517e+01,8.969039e+01,8.998632e+01,9.023560e+01,9.045686e+01,9.058580e+01,9.042001e+01,9.075143e+01,9.089851e+01,9.089851e+01,9.089851e+01,9.114643e+01,9.114643e+01,9.114643e+01,9.114643e+01,9.114643e+01,9.152220e+01,9.115561e+01,9.168690e+01,9.156797e+01,9.157712e+01,9.157712e+01,9.157712e+01,9.157712e+01,9.157712e+01,9.157712e+01,9.157712e+01,9.157712e+01,9.157712e+01,9.157712e+01,9.157712e+01,9.157712e+01,9.157712e+01,9.157712e+01,9.157712e+01,9.157712e+01,9.157712e+01,9.157712e+01,9.120148e+01,9.145811e+01,9.134817e+01,9.132067e+01,9.132067e+01,9.132067e+01,9.132067e+01,9.132067e+01,9.132067e+01,9.094445e+01,9.120148e+01,9.099038e+01,9.101793e+01,9.101793e+01,9.101793e+01,9.101793e+01,9.101793e+01,9.101793e+01,9.080660e+01,9.080660e+01,9.080660e+01,9.080660e+01,9.042922e+01,9.054897e+01,9.049371e+01,9.049371e+01,9.049371e+01,9.049371e+01,9.049371e+01,9.049371e+01,9.011562e+01,9.037392e+01,9.016177e+01,9.017101e+01,9.011562e+01,9.004175e+01,9.004175e+01,9.004175e+01,9.004175e+01,9.004175e+01,9.004175e+01,8.968114e+01,8.968114e+01,8.968114e+01,8.968114e+01,8.968114e+01,8.968114e+01,8.968114e+01,8.930119e+01,8.931046e+01,8.929191e+01,8.929191e+01,8.929191e+01,8.929191e+01,8.891106e+01,8.899474e+01,8.898544e+01,8.898544e+01,8.898544e+01,8.898544e+01,8.898544e+01,8.898544e+01,8.898544e+01,8.898544e+01,8.898544e+01,8.898544e+01,8.898544e+01,8.862252e+01,8.862252e+01,8.862252e+01,8.862252e+01,8.862252e+01,8.900403e+01,8.879012e+01,8.879012e+01,8.879012e+01,8.879012e+01,8.879012e+01,8.879012e+01,8.879012e+01,8.879012e+01,8.879012e+01,8.879012e+01,8.879012e+01,8.879012e+01,8.879012e+01,8.879012e+01,8.879012e+01,8.879012e+01,8.879012e+01,8.879012e+01,8.879012e+01,8.879012e+01,8.879012e+01,8.879012e+01,8.879012e+01,8.898544e+01,8.898544e+01,8.898544e+01,8.898544e+01,8.898544e+01,8.898544e+01,8.898544e+01,8.898544e+01,8.898544e+01,8.898544e+01,8.898544e+01,8.898544e+01,8.898544e+01,8.921767e+01,8.921767e+01,8.921767e+01,8.921767e+01,8.921767e+01,8.921767e+01,8.921767e+01,8.921767e+01,8.921767e+01,8.921767e+01,8.921767e+01,8.921767e+01,8.921767e+01,8.921767e+01,8.944956e+01,8.944956e+01,8.944956e+01,8.944956e+01,8.944956e+01,8.944956e+01,8.944956e+01,8.944956e+01,8.944956e+01,8.944956e+01,8.944956e+01,8.944956e+01,8.944956e+01,8.944956e+01,8.906908e+01,8.905050e+01,8.897614e+01,8.897614e+01,8.897614e+01,8.874358e+01,8.874358e+01,8.836146e+01,8.844542e+01,8.811868e+01,8.811868e+01,8.773510e+01,8.781937e+01,8.748200e+01,8.736938e+01,8.719093e+01,8.682399e+01,8.644678e+01,8.633344e+01,8.611600e+01,8.586036e+01,8.521473e+01,8.515764e+01,8.457603e+01,8.442313e+01,8.395396e+01,8.373325e+01,8.331980e+01,8.331980e+01,8.286665e+01,8.249932e+01,8.215053e+01,8.183012e+01,8.131414e+01,8.106039e+01,8.073773e+01,7.990352e+01,7.974599e+01,7.908456e+01,7.859901e+01,7.838052e+01,7.781293e+01,7.725323e+01,7.648023e+01,7.590545e+01,7.555141e+01,7.495269e+01,7.436176e+01,7.400402e+01,7.345036e+01,7.260562e+01,7.191175e+01,7.145426e+01,7.104755e+01,7.043008e+01,6.964129e+01,6.917651e+01,6.865710e+01,6.809315e+01,6.748410e+01,6.709807e+01,6.632280e+01,6.552147e+01,6.502099e+01,6.429971e+01,6.387172e+01,6.310013e+01,6.262397e+01,6.192329e+01,6.139818e+01,6.051087e+01,6.008194e+01,5.929954e+01,5.842089e+01,5.797360e+01,5.709752e+01,5.699338e+01,5.599400e+01,5.530386e+01,5.463354e+01,5.407816e+01,5.342512e+01,5.268488e+01,5.207266e+01,5.150578e+01,5.105769e+01,5.049831e+01,4.969125e+01,4.916256e+01,4.876761e+01,4.808577e+01,4.763738e+01,4.717478e+01,4.664749e+01,4.628204e+01,4.576344e+01,4.547152e+01,4.511517e+01,4.483441e+01,4.450174e+01,4.428371e+01,4.393660e+01,4.401382e+01,4.339457e+01,4.303181e+01,4.269394e+01,4.260281e+01,4.260281e+01,4.222448e+01,4.188422e+01,4.188422e+01,4.188422e+01,4.134560e+01,4.125339e+01,4.125339e+01,4.125339e+01,4.125339e+01,4.073826e+01,4.073826e+01,4.073826e+01,4.073826e+01,4.073826e+01,4.073826e+01,4.073826e+01,4.073826e+01,4.073826e+01,4.073826e+01,4.073826e+01,4.073826e+01,4.073826e+01,4.073826e+01,4.073826e+01,4.073826e+01,4.073826e+01,4.073826e+01,4.073826e+01,4.073826e+01,4.073826e+01,4.073826e+01,4.073826e+01,4.073826e+01,4.073826e+01,4.073826e+01,4.073826e+01,4.019417e+01,4.031383e+01,4.028725e+01,4.028725e+01,4.028725e+01,4.028725e+01,4.028725e+01,4.028725e+01,4.028725e+01,4.028725e+01,4.028725e+01,4.028725e+01,4.028725e+01,4.069854e+01,4.069854e+01,4.069854e+01,4.124021e+01,4.110833e+01,4.110833e+01,4.110833e+01,4.110833e+01,4.172684e+01,4.172684e+01,4.172684e+01,4.172684e+01,4.172684e+01,4.172684e+01,4.172684e+01,4.172684e+01,4.172684e+01,4.172684e+01,4.172684e+01,4.172684e+01,4.172684e+01,4.172684e+01,4.172684e+01,4.172684e+01,4.172684e+01,4.172684e+01,4.172684e+01,4.172684e+01,4.172684e+01,4.172684e+01,4.172684e+01,4.172684e+01,4.143774e+01,4.143774e+01,4.143774e+01,4.143774e+01,4.143774e+01,4.143774e+01,4.143774e+01,4.089701e+01,4.102913e+01,4.102913e+01,4.102913e+01,4.102913e+01,4.102913e+01,4.102913e+01,4.102913e+01,4.102913e+01,4.102913e+01,4.102913e+01,4.102913e+01,4.102913e+01,4.072502e+01,4.072502e+01,4.072502e+01,4.072502e+01,4.072502e+01,4.072502e+01,4.018087e+01,4.043336e+01,4.043336e+01,4.043336e+01,4.043336e+01,4.043336e+01,4.043336e+01,4.043336e+01,4.094987e+01,4.094987e+01,4.094987e+01,4.094987e+01,4.094987e+01,4.094987e+01,4.149036e+01,4.135877e+01,4.135877e+01,4.135877e+01,4.189733e+01,4.183178e+01,4.183178e+01,4.183178e+01,4.183178e+01,4.183178e+01,4.183178e+01,4.183178e+01,4.183178e+01,4.183178e+01,4.183178e+01,4.183178e+01,4.183178e+01,4.129292e+01,4.150351e+01,4.150351e+01,4.150351e+01,4.150351e+01,4.150351e+01,4.150351e+01,4.150351e+01,4.150351e+01,4.150351e+01,4.150351e+01,4.094987e+01,4.121385e+01,4.121385e+01,4.121385e+01,4.121385e+01,4.121385e+01,4.121385e+01,4.121385e+01,4.121385e+01,4.118748e+01,4.081766e+01,4.081766e+01,4.081766e+01,4.081766e+01,4.081766e+01,4.081766e+01,4.081766e+01,4.081766e+01,4.081766e+01,4.081766e+01,4.081766e+01,4.081766e+01,4.081766e+01,4.081766e+01,4.030054e+01,4.084412e+01,4.047318e+01,4.047318e+01,4.047318e+01,4.047318e+01,4.047318e+01,4.047318e+01
3.666727e+01,3.666727e+01,3.666727e+01,3.666727e+01,3.666727e+01,3.666727e+01,3.666727e+01,3.666727e+01,3.666727e+01,3.722878e+01,3.722878e+01,3.722878e+01,3.722878e+01,3.722878e+01,3.722878e+01,3.767866e+01,3.767866e+01,3.767866e+01,3.767866e+01,3.823506e+01,3.823506e+01,3.823506e+01,3.823506e+01,3.823506e+01,3.823506e+01,3.823506e+01,3.823506e+01,3.823506e+01,3.823506e+01,3.823506e+01,3.884256e+01,3.884256e+01,3.884256e+01,3.884256e+01,3.919206e+01,3.927256e+01,3.975434e+01,3.975434e+01,3.975434e+01,4.030054e+01,4.027396e+01,4.027396e+01,4.027396e+01,4.027396e+01,4.027396e+01,4.027396e+01,4.027396e+01,4.027396e+01,4.027396e+01,4.027396e+01,4.027396e+01,4.027396e+01,4.027396e+01,4.027396e+01,4.027396e+01,4.027396e+01,4.027396e+01,4.027396e+01,4.027396e+01,4.027396e+01,4.027396e+01,4.027396e+01,4.027396e+01,4.027396e+01,4.027396e+01,4.027396e+01,4.027396e+01,4.027396e+01,4.027396e+01,4.027396e+01,4.027396e+01,4.027396e+01,4.027396e+01,4.027396e+01,4.027396e+01,4.027396e+01,4.027396e+01,4.081766e+01,4.089701e+01,4.098951e+01,4.114791e+01,4.135877e+01,4.135877e+01,4.189733e+01,4.152981e+01,4.152981e+01,4.152981e+01,4.152981e+01,4.194973e+01,4.235508e+01,4.270695e+01,4.301883e+01,4.338164e+01,4.380777e+01,4.420667e+01,4.459140e+01,4.510242e+01,4.544611e+01,4.596609e+01,4.631990e+01,4.684864e+01,4.726244e+01,4.773717e+01,4.817276e+01,4.861917e+01,4.927340e+01,4.947022e+01,4.996087e+01,5.081479e+01,5.134853e+01,5.212078e+01,5.251711e+01,5.329410e+01,5.379361e+01,5.457458e+01,5.513955e+01,5.560845e+01,5.645979e+01,5.687757e+01,5.740944e+01,5.819170e+01,5.867253e+01,5.916299e+01,6.003671e+01,6.056720e+01,6.143176e+01,6.193444e+01,6.232413e+01,6.269051e+01,6.350851e+01,6.436544e+01,6.490104e+01,6.567342e+01,6.596602e+01,6.674327e+01,6.760184e+01,6.814645e+01,6.886933e+01,6.938796e+01,7.015712e+01,7.079669e+01,7.169358e+01,7.206738e+01,7.289462e+01,7.337844e+01,7.419833e+01,7.478991e+01,7.556154e+01,7.618807e+01,7.654061e+01,7.718312e+01,7.758331e+01,7.826120e+01,7.903509e+01,7.945018e+01,8.027702e+01,8.074751e+01,8.142136e+01,8.183984e+01,8.230564e+01,8.295352e+01,8.337756e+01,8.405940e+01,8.445181e+01,8.484326e+01,8.540489e+01,8.562330e+01,8.584141e+01,8.602137e+01,8.664493e+01,8.718153e+01,8.744447e+01,8.784746e+01,8.836146e+01,8.883665e+01,8.918053e+01,8.938467e+01,8.968114e+01,9.001404e+01,8.989390e+01,9.019869e+01,9.047529e+01,9.063182e+01,9.066863e+01,9.066863e+01,9.066863e+01,9.089851e+01,9.110973e+01,9.110973e+01,9.110973e+01,9.110973e+01,9.110973e+01,9.114643e+01,9.123816e+01,9.156797e+01,9.119231e+01,9.145811e+01,9.145811e+01,9.145811e+01,9.145811e+01,9.145811e+01,9.145811e+01,9.145811e+01,9.145811e+01,9.145811e+01,9.145811e+01,9.145811e+01,9.145811e+01,9.145811e+01,9.145811e+01,9.145811e+01,9.145811e+01,9.145811e+01,9.145811e+01,9.145811e+01,9.145811e+01,9.145811e+01,9.145811e+01,9.145811e+01,9.145811e+01,9.145811e+01,9.108219e+01,9.108219e+01,9.107301e+01,9.107301e+01,9.102711e+01,9.102711e+01,9.102711e+01,9.102711e+01,9.065023e+01,9.090771e+01,9.079741e+01,9.081580e+01,9.081580e+01,9.081580e+01,9.043843e+01,9.052134e+01,9.052134e+01,9.052134e+01,9.052134e+01,9.052134e+01,9.052134e+01,9.014332e+01,9.022637e+01,9.024482e+01,9.024482e+01,9.019869e+01,9.019869e+01,9.019869e+01,9.019869e+01,9.019869e+01,9.019869e+01,8.981992e+01,8.996784e+01,9.013409e+01,8.989390e+01,8.974592e+01,8.974592e+01,8.974592e+01,8.936612e+01,8.962559e+01,8.942175e+01,8.938467e+01,8.938467e+01,8.938467e+01,8.938467e+01,8.938467e+01,8.938467e+01,8.929191e+01,8.903191e+01,8.903191e+01,8.903191e+01,8.903191e+01,8.903191e+01,8.903191e+01,8.903191e+01,8.903191e+01,8.903191e+01,8.865046e+01,8.891106e+01,8.870634e+01,8.870634e+01,8.870634e+01,8.870634e+01,8.870634e+01,8.870634e+01,8.870634e+01,8.870634e+01,8.870634e+01,8.870634e+01,8.870634e+01,8.870634e+01,8.870634e+01,8.870634e+01,8.870634e+01,8.870634e+01,8.870634e+01,8.870634e+01,8.870634e+01,8.870634e+01,8.870634e+01,8.870634e+01,8.870634e+01,8.870634e+01,8.908766e+01,8.893896e+01,8.893896e+01,8.893896e+01,8.893896e+01,8.893896e+01,8.893896e+01,8.893896e+01,8.893896e+01,8.893896e+01,8.893896e+01,8.893896e+01,8.893896e+01,8.931974e+01,8.905979e+01,8.905979e+01,8.905979e+01,8.905979e+01,8.905979e+01,8.905979e+01,8.905979e+01,8.905979e+01,8.944029e+01,8.929191e+01,8.929191e+01,8.929191e+01,8.929191e+01,8.929191e+01,8.929191e+01,8.929191e+01,8.929191e+01,8.929191e+01,8.929191e+01,8.929191e+01,8.929191e+01,8.929191e+01,8.929191e+01,8.929191e+01,8.929191e+01,8.929191e+01,8.929191e+01,8.929191e+01,8.929191e+01,8.929191e+01,8.967188e+01,8.952370e+01,8.931974e+01,8.918982e+01,8.918982e+01,8.918982e+01,8.897614e+01,8.886456e+01,8.878082e+01,8.857593e+01,8.848272e+01,8.827746e+01,8.785682e+01,8.785682e+01,8.781937e+01,8.761328e+01,8.756641e+01,8.736938e+01,8.698404e+01,8.675804e+01,8.656004e+01,8.633344e+01,8.608762e+01,8.574661e+01,8.532885e+01,8.506244e+01,8.469062e+01,8.432750e+01,8.395396e+01,8.361798e+01,8.343529e+01,8.322350e+01,8.285699e+01,8.248964e+01,8.214082e+01,8.142136e+01,8.128488e+01,8.094314e+01,8.031628e+01,8.000190e+01,7.962773e+01,7.905488e+01,7.859901e+01,7.785283e+01,7.725323e+01,7.709293e+01,7.645004e+01,7.587513e+01,7.552103e+01,7.450462e+01,7.419833e+01,7.354279e+01,7.328592e+01,7.255395e+01,7.185983e+01,7.140218e+01,7.099532e+01,7.037762e+01,6.958855e+01,6.912359e+01,6.860400e+01,6.803983e+01,6.743055e+01,6.660326e+01,6.614993e+01,6.545629e+01,6.495557e+01,6.423396e+01,6.380575e+01,6.303379e+01,6.255740e+01,6.185637e+01,6.133100e+01,6.044324e+01,5.954950e+01,5.911744e+01,5.834072e+01,5.789315e+01,5.723624e+01,5.687757e+01,5.591232e+01,5.522173e+01,5.455098e+01,5.399523e+01,5.334176e+01,5.260102e+01,5.198840e+01,5.142113e+01,5.097273e+01,4.991189e+01,4.949480e+01,4.916256e+01,4.861917e+01,4.798627e+01,4.753751e+01,4.707452e+01,4.664749e+01,4.613049e+01,4.576344e+01,4.543340e+01,4.507692e+01,4.479607e+01,4.455298e+01,4.418097e+01,4.398809e+01,4.373041e+01,4.338164e+01,4.299288e+01,4.274598e+01,4.274598e+01,4.221141e+01,4.215912e+01,4.193663e+01,4.193663e+01,4.193663e+01,4.134560e+01,4.134560e+01,4.134560e+01,4.134560e+01,4.080443e+01,4.087056e+01,4.087056e+01,4.087056e+01,4.087056e+01,4.032712e+01,4.053951e+01,4.053951e+01,4.053951e+01,4.053951e+01,4.053951e+01,4.053951e+01,4.053951e+01,4.053951e+01,4.053951e+01,4.053951e+01,4.053951e+01,4.053951e+01,4.108194e+01,4.087056e+01,4.087056e+01,4.087056e+01,4.087056e+01,4.087056e+01,4.087056e+01,4.087056e+01,4.087056e+01,4.087056e+01,4.073826e+01,4.036697e+01,4.036697e+01,4.036697e+01,4.036697e+01,4.036697e+01,4.036697e+01,4.036697e+01,4.036697e+01,4.036697e+01,4.036697e+01,4.036697e+01,4.036697e+01,4.069854e+01,4.069854e+01,4.069854e+01,4.069854e+01,4.110833e+01,4.110833e+01,4.110833e+01,4.110833e+01,4.118748e+01,4.155610e+01,4.155610e+01,4.155610e+01,4.155610e+01,4.209373e+01,4.188422e+01,4.188422e+01,4.188422e+01,4.188422e+01,4.188422e+01,4.188422e+01,4.188422e+01,4.188422e+01,4.188422e+01,4.188422e+01,4.188422e+01,4.188422e+01,4.134560e+01,4.155610e+01,4.155610e+01,4.155610e+01,4.155610e+01,4.155610e+01,4.155610e+01,4.155610e+01,4.101593e+01,4.122703e+01,4.122703e+01,4.122703e+01,4.122703e+01,4.122703e+01,4.122703e+01,4.122703e+01,4.122703e+01,4.122703e+01,4.068529e+01,4.089701e+01,4.089701e+01,4.089701e+01,4.089701e+01,4.089701e+01,4.089701e+01,4.089701e+01,4.089701e+01,4.089701e+01,4.089701e+01,4.035369e+01,4.056602e+01,4.027396e+01,4.031383e+01,4.031383e+01,4.031383e+01,4.031383e+01,4.031383e+01,4.085734e+01,4.064555e+01,4.039353e+01,4.075150e+01,4.075150e+01,4.075150e+01,4.075150e+01,4.075150e+01,4.075150e+01,4.094987e+01,4.131926e+01,4.131926e+01,4.185801e+01,4.176620e+01,4.176620e+01,4.176620e+01,4.176620e+01,4.176620e+01,4.176620e+01,4.176620e+01,4.176620e+01,4.176620e+01,4.176620e+01,4.176620e+01,4.176620e+01,4.176620e+01,4.176620e+01,4.176620e+01,4.176620e+01,4.176620e+01,4.176620e+01,4.176620e+01,4.122703e+01,4.143774e+01,4.143774e+01,4.143774e+01,4.143774e+01,4.143774e+01,4.143774e+01,4.089701e+01,4.110833e+01,4.110833e+01,4.110833e+01,4.110833e+01,4.110833e+01,4.110833e+01,4.110833e+01,4.110833e+01,4.110833e+01,4.110833e+01,4.110833e+01,4.081766e+01,4.081766e+01,4.081766e+01,4.081766e+01,4.081766e+01,4.081766e+01,4.081766e+01,4.081766e+01,4.081766e+01,4.081766e+01,4.081766e+01,4.027396e+01,4.040681e+01,4.040681e+01,4.040681e+01,4.040681e+01,4.040681e+01,4.040681e+01
3.666727e+01,3.666727e+01,3.666727e+01,3.666727e+01,3.666727e+01,3.666727e+01,3.666727e+01,3.666727e+01,3.722878e+01,3.709209e+01,3.709209e+01,3.709209e+01,3.709209e+01,3.765144e+01,3.765144e+01,3.755614e+01,3.755614e+01,3.755614e+01,3.811316e+01,3.811316e+01,3.811316e+01,3.811316e+01,3.811316e+01,3.866740e+01,3.845144e+01,3.845144e+01,3.845144e+01,3.845144e+01,3.845144e+01,3.845144e+01,3.884256e+01,3.884256e+01,3.884256e+01,3.884256e+01,3.919206e+01,3.955385e+01,3.963409e+01,3.963409e+01,3.963409e+01,3.975434e+01,4.012764e+01,4.012764e+01,4.012764e+01,4.012764e+01,4.012764e+01,4.012764e+01,4.012764e+01,4.012764e+01,4.012764e+01,4.067204e+01,4.045991e+01,4.045991e+01,4.045991e+01,4.045991e+01,4.045991e+01,4.045991e+01,4.045991e+01,4.045991e+01,4.045991e+01,4.045991e+01,4.045991e+01,4.045991e+01,4.045991e+01,4.045991e+01,4.045991e+01,4.045991e+01,4.045991e+01,4.045991e+01,4.045991e+01,3.991448e+01,4.012764e+01,4.012764e+01,4.012764e+01,4.012764e+01,4.012764e+01,4.012764e+01,4.012764e+01,4.027396e+01,4.072502e+01,4.072502e+01,4.114791e+01,4.168746e+01,4.168746e+01,4.171371e+01,4.158238e+01,4.158238e+01,4.158238e+01,4.158238e+01,4.194973e+01,4.239423e+01,4.274598e+01,4.305776e+01,4.353678e+01,4.380777e+01,4.424520e+01,4.474494e+01,4.510242e+01,4.507692e+01,4.562392e+01,4.626942e+01,4.638297e+01,4.717478e+01,4.722488e+01,4.803603e+01,4.855727e+01,4.906394e+01,4.951937e+01,5.003429e+01,5.088771e+01,5.142113e+01,5.219294e+01,5.258904e+01,5.336558e+01,5.386481e+01,5.464534e+01,5.520999e+01,5.567863e+01,5.652952e+01,5.694707e+01,5.747865e+01,5.826050e+01,5.874108e+01,5.923128e+01,6.010455e+01,6.063477e+01,6.103947e+01,6.187868e+01,6.232413e+01,6.274594e+01,6.356361e+01,6.397061e+01,6.483557e+01,6.560832e+01,6.603096e+01,6.678633e+01,6.764463e+01,6.818907e+01,6.891174e+01,6.943021e+01,7.019915e+01,7.083853e+01,7.173516e+01,7.210886e+01,7.251260e+01,7.330649e+01,7.415745e+01,7.477973e+01,7.516607e+01,7.609729e+01,7.648023e+01,7.715306e+01,7.758331e+01,7.829104e+01,7.906477e+01,7.947978e+01,7.990352e+01,8.066920e+01,8.136288e+01,8.180096e+01,8.228626e+01,8.295352e+01,8.339680e+01,8.368523e+01,8.436576e+01,8.476696e+01,8.493859e+01,8.530984e+01,8.561381e+01,8.608762e+01,8.665435e+01,8.717213e+01,8.754765e+01,8.785682e+01,8.837079e+01,8.884595e+01,8.917125e+01,8.940321e+01,8.979218e+01,8.990314e+01,9.008792e+01,9.020792e+01,9.043843e+01,9.043843e+01,9.043843e+01,9.066863e+01,9.077901e+01,9.092608e+01,9.107301e+01,9.107301e+01,9.107301e+01,9.107301e+01,9.107301e+01,9.107301e+01,9.144894e+01,9.142146e+01,9.140314e+01,9.143979e+01,9.143979e+01,9.143979e+01,9.143979e+01,9.143979e+01,9.143979e+01,9.143979e+01,9.143979e+01,9.143979e+01,9.143979e+01,9.143979e+01,9.143979e+01,9.143979e+01,9.143979e+01,9.143979e+01,9.143979e+01,9.143979e+01,9.143979e+01,9.143979e+01,9.143979e+01,9.143979e+01,9.143979e+01,9.143979e+01,9.143979e+01,9.106384e+01,9.115561e+01,9.115561e+01,9.115561e+01,9.115561e+01,9.077901e+01,9.092608e+01,9.092608e+01,9.092608e+01,9.092608e+01,9.092608e+01,9.092608e+01,9.092608e+01,9.092608e+01,9.054897e+01,9.052134e+01,9.052134e+01,9.052134e+01,9.052134e+01,9.052134e+01,9.052134e+01,9.052134e+01,9.052134e+01,9.052134e+01,9.024482e+01,9.024482e+01,9.024482e+01,9.024482e+01,9.024482e+01,9.024482e+01,8.986617e+01,8.994936e+01,8.990314e+01,8.990314e+01,8.990314e+01,8.990314e+01,8.952370e+01,8.967188e+01,8.947737e+01,8.949590e+01,8.949590e+01,8.945883e+01,8.945883e+01,8.945883e+01,8.945883e+01,8.945883e+01,8.907837e+01,8.933829e+01,8.918053e+01,8.906908e+01,8.906908e+01,8.906908e+01,8.906908e+01,8.906908e+01,8.906908e+01,8.906908e+01,8.906908e+01,8.868771e+01,8.873427e+01,8.878082e+01,8.874358e+01,8.874358e+01,8.874358e+01,8.874358e+01,8.874358e+01,8.874358e+01,8.874358e+01,8.874358e+01,8.874358e+01,8.874358e+01,8.874358e+01,8.874358e+01,8.836146e+01,8.862252e+01,8.862252e+01,8.862252e+01,8.862252e+01,8.862252e+01,8.862252e+01,8.862252e+01,8.862252e+01,8.862252e+01,8.862252e+01,8.862252e+01,8.870634e+01,8.896685e+01,8.896685e+01,8.896685e+01,8.896685e+01,8.896685e+01,8.896685e+01,8.896685e+01,8.896685e+01,8.896685e+01,8.896685e+01,8.896685e+01,8.896685e+01,8.896685e+01,8.896685e+01,8.934757e+01,8.919910e+01,8.919910e+01,8.919910e+01,8.919910e+01,8.919910e+01,8.919910e+01,8.919910e+01,8.919910e+01,8.919910e+01,8.919910e+01,8.919910e+01,8.957928e+01,8.943102e+01,8.943102e+01,8.943102e+01,8.943102e+01,8.943102e+01,8.943102e+01,8.943102e+01,8.943102e+01,8.943102e+01,8.943102e+01,8.943102e+01,8.943102e+01,8.943102e+01,8.943102e+01,8.943102e+01,8.943102e+01,8.943102e+01,8.943102e+01,8.905050e+01,8.919910e+01,8.919910e+01,8.919910e+01,8.897614e+01,8.897614e+01,8.897614e+01,8.857593e+01,8.837079e+01,8.816540e+01,8.796909e+01,8.796909e+01,8.796909e+01,8.761328e+01,8.745386e+01,8.725670e+01,8.699345e+01,8.673920e+01,8.653173e+01,8.630510e+01,8.597403e+01,8.534786e+01,8.530033e+01,8.494812e+01,8.467152e+01,8.430836e+01,8.393478e+01,8.373325e+01,8.343529e+01,8.310785e+01,8.283768e+01,8.207291e+01,8.191756e+01,8.150905e+01,8.076709e+01,8.061044e+01,8.028683e+01,7.947978e+01,7.932182e+01,7.898560e+01,7.856924e+01,7.782291e+01,7.737334e+01,7.699266e+01,7.641983e+01,7.584481e+01,7.536900e+01,7.458619e+01,7.414722e+01,7.355305e+01,7.316246e+01,7.252294e+01,7.182867e+01,7.137093e+01,7.096397e+01,6.991523e+01,6.941965e+01,6.908125e+01,6.856149e+01,6.799715e+01,6.738769e+01,6.656015e+01,6.610668e+01,6.541282e+01,6.446397e+01,6.405845e+01,6.375076e+01,6.297848e+01,6.250189e+01,6.180058e+01,6.081479e+01,6.026271e+01,5.994621e+01,5.917437e+01,5.834072e+01,5.783566e+01,5.724780e+01,5.673846e+01,5.585394e+01,5.516303e+01,5.449198e+01,5.393596e+01,5.328218e+01,5.254110e+01,5.192817e+01,5.136063e+01,5.041297e+01,5.021767e+01,4.977710e+01,4.916256e+01,4.854489e+01,4.842097e+01,4.759994e+01,4.707452e+01,4.658456e+01,4.614313e+01,4.573809e+01,4.539525e+01,4.503866e+01,4.484719e+01,4.445048e+01,4.423236e+01,4.370461e+01,4.371751e+01,4.334282e+01,4.304479e+01,4.304479e+01,4.274598e+01,4.236813e+01,4.236813e+01,4.193663e+01,4.193663e+01,4.193663e+01,4.188422e+01,4.151666e+01,4.151666e+01,4.097630e+01,4.092345e+01,4.092345e+01,4.092345e+01,4.038025e+01,4.049971e+01,4.044664e+01,4.044664e+01,4.044664e+01,4.044664e+01,4.044664e+01,4.044664e+01,4.044664e+01,4.098951e+01,4.061905e+01,4.061905e+01,4.061905e+01,4.061905e+01,4.061905e+01,4.061905e+01,4.061905e+01,4.116110e+01,4.094987e+01,4.094987e+01,4.094987e+01,4.094987e+01,4.094987e+01,4.094987e+01,4.040681e+01,4.051298e+01,4.042009e+01,4.042009e+01,4.042009e+01,4.042009e+01,4.042009e+01,4.042009e+01,4.042009e+01,4.042009e+01,4.042009e+01,4.042009e+01,4.042009e+01,4.042009e+01,4.069854e+01,4.069854e+01,4.069854e+01,4.124021e+01,4.110833e+01,4.110833e+01,4.164807e+01,4.127974e+01,4.143774e+01,4.150351e+01,4.150351e+01,4.150351e+01,4.150351e+01,4.209373e+01,4.209373e+01,4.209373e+01,4.209373e+01,4.209373e+01,4.209373e+01,4.209373e+01,4.209373e+01,4.209373e+01,4.209373e+01,4.209373e+01,4.155610e+01,4.155610e+01,4.146405e+01,4.146405e+01,4.146405e+01,4.146405e+01,4.146405e+01,4.146405e+01,4.146405e+01,4.146405e+01,4.146405e+01,4.146405e+01,4.146405e+01,4.146405e+01,4.092345e+01,4.113472e+01,4.113472e+01,4.113472e+01,4.113472e+01,4.113472e+01,4.068529e+01,4.068529e+01,4.068529e+01,4.068529e+01,4.068529e+01,4.068529e+01,4.068529e+01,4.068529e+01,4.068529e+01,4.068529e+01,4.068529e+01,4.068529e+01,4.068529e+01,4.068529e+01,4.068529e+01,4.068529e+01,4.068529e+01,4.068529e+01,4.068529e+01,4.068529e+01,4.068529e+01,4.068529e+01,4.068529e+01,4.122703e+01,4.085734e+01,4.085734e+01,4.085734e+01,4.085734e+01,4.139826e+01,4.180556e+01,4.168746e+01,4.173996e+01,4.173996e+01,4.173996e+01,4.173996e+01,4.173996e+01,4.173996e+01,4.173996e+01,4.173996e+01,4.173996e+01,4.173996e+01,4.173996e+01,4.173996e+01,4.173996e+01,4.173996e+01,4.173996e+01,4.173996e+01,4.173996e+01,4.173996e+01,4.173996e+01,4.173996e+01,4.122703e+01,4.122703e+01,4.122703e+01,4.122703e+01,4.122703e+01,4.122703e+01,4.122703e+01,4.122703e+01,4.122703e+01,4.122703e+01,4.122703e+01,4.122703e+01,4.122703e+01,4.122703e+01,4.122703e+01,4.122703e+01,4.068529e+01,4.089701e+01,4.073826e+01,4.076473e+01,4.076473e+01,4.076473e+01,4.076473e+01,4.076473e+01,4.076473e+01,4.076473e+01,4.076473e+01,4.076473e+01,4.076473e+01,4.076473e+01,4.027396e+01,4.027396e+01,4.081766e+01,4.060579e+01,4.060579e+01,4.060579e+01,4.060579e+01
3.666727e+01,3.666727e+01,3.666727e+01,3.666727e+01,3.666727e+01,3.666727e+01,3.666727e+01,3.666727e+01,3.722878e+01,3.722878e+01,3.722878e+01,3.722878e+01,3.722878e+01,3.722878e+01,3.765144e+01,3.765144e+01,3.765144e+01,3.820798e+01,3.807250e+01,3.807250e+01,3.807250e+01,3.807250e+01,3.862694e+01,3.853247e+01,3.853247e+01,3.853247e+01,3.853247e+01,3.853247e+01,3.853247e+01,3.853247e+01,3.853247e+01,3.884256e+01,3.884256e+01,3.939320e+01,3.947355e+01,3.952709e+01,3.952709e+01,3.952709e+01,3.952709e+01,4.007439e+01,4.010102e+01,4.010102e+01,4.010102e+01,4.010102e+01,4.010102e+01,4.010102e+01,4.010102e+01,4.010102e+01,4.064555e+01,4.053951e+01,4.053951e+01,4.053951e+01,4.053951e+01,4.053951e+01,4.053951e+01,4.053951e+01,4.053951e+01,4.053951e+01,4.053951e+01,4.053951e+01,4.053951e+01,4.053951e+01,4.053951e+01,4.053951e+01,4.053951e+01,4.053951e+01,4.053951e+01,4.053951e+01,4.053951e+01,3.991448e+01,4.045991e+01,4.024737e+01,4.024737e+01,4.024737e+01,4.024737e+01,4.024737e+01,4.024737e+01,4.079120e+01,4.065880e+01,4.135877e+01,4.150351e+01,4.156924e+01,4.156924e+01,4.156924e+01,4.156924e+01,4.156924e+01,4.156924e+01,4.156924e+01,4.194973e+01,4.238118e+01,4.277200e+01,4.269394e+01,4.320038e+01,4.376910e+01,4.427088e+01,4.473215e+01,4.503866e+01,4.531893e+01,4.568736e+01,4.611785e+01,4.650900e+01,4.702436e+01,4.786179e+01,4.823487e+01,4.861917e+01,4.912558e+01,4.958078e+01,5.059578e+01,5.058360e+01,5.138484e+01,5.173526e+01,5.249313e+01,5.332985e+01,5.388853e+01,5.470427e+01,5.526867e+01,5.573709e+01,5.658759e+01,5.700495e+01,5.753630e+01,5.831780e+01,5.879817e+01,5.928816e+01,6.016106e+01,6.069106e+01,6.109558e+01,6.193444e+01,6.237970e+01,6.280134e+01,6.361868e+01,6.402551e+01,6.489013e+01,6.566257e+01,6.608505e+01,6.684013e+01,6.725905e+01,6.812513e+01,6.889054e+01,6.945133e+01,6.980993e+01,7.076530e+01,7.127711e+01,7.196365e+01,7.282242e+01,7.337844e+01,7.377871e+01,7.470846e+01,7.524728e+01,7.600645e+01,7.641983e+01,7.712300e+01,7.758331e+01,7.832087e+01,7.868832e+01,7.940083e+01,7.984447e+01,8.063003e+01,8.094314e+01,8.167453e+01,8.257672e+01,8.302106e+01,8.338718e+01,8.379086e+01,8.438489e+01,8.465244e+01,8.504339e+01,8.530033e+01,8.571816e+01,8.610654e+01,8.667321e+01,8.680515e+01,8.746323e+01,8.778192e+01,8.830547e+01,8.879012e+01,8.872496e+01,8.926407e+01,8.954223e+01,8.980143e+01,8.980143e+01,9.020792e+01,9.040157e+01,9.040157e+01,9.040157e+01,9.066863e+01,9.066863e+01,9.092608e+01,9.092608e+01,9.092608e+01,9.092608e+01,9.130234e+01,9.115561e+01,9.099038e+01,9.125650e+01,9.140314e+01,9.140314e+01,9.140314e+01,9.140314e+01,9.140314e+01,9.140314e+01,9.140314e+01,9.140314e+01,9.140314e+01,9.140314e+01,9.140314e+01,9.140314e+01,9.140314e+01,9.140314e+01,9.140314e+01,9.140314e+01,9.140314e+01,9.140314e+01,9.140314e+01,9.140314e+01,9.140314e+01,9.140314e+01,9.140314e+01,9.102711e+01,9.128400e+01,9.108219e+01,9.115561e+01,9.115561e+01,9.115561e+01,9.115561e+01,9.115561e+01,9.077901e+01,9.115561e+01,9.100874e+01,9.100874e+01,9.100874e+01,9.063182e+01,9.077901e+01,9.077901e+01,9.077901e+01,9.077901e+01,9.077901e+01,9.077901e+01,9.052134e+01,9.052134e+01,9.052134e+01,9.052134e+01,9.052134e+01,9.052134e+01,9.052134e+01,9.024482e+01,9.024482e+01,9.024482e+01,9.024482e+01,9.024482e+01,8.986617e+01,8.995860e+01,8.995860e+01,8.995860e+01,8.995860e+01,8.995860e+01,8.995860e+01,8.990314e+01,8.965337e+01,8.951443e+01,8.951443e+01,8.951443e+01,8.951443e+01,8.951443e+01,8.913410e+01,8.939394e+01,8.918982e+01,8.920838e+01,8.930119e+01,8.892036e+01,8.906908e+01,8.906908e+01,8.906908e+01,8.906908e+01,8.906908e+01,8.906908e+01,8.906908e+01,8.906908e+01,8.906908e+01,8.906908e+01,8.878082e+01,8.878082e+01,8.878082e+01,8.878082e+01,8.878082e+01,8.878082e+01,8.878082e+01,8.878082e+01,8.878082e+01,8.878082e+01,8.878082e+01,8.839878e+01,8.848272e+01,8.849204e+01,8.858525e+01,8.858525e+01,8.858525e+01,8.858525e+01,8.858525e+01,8.858525e+01,8.858525e+01,8.858525e+01,8.858525e+01,8.858525e+01,8.858525e+01,8.858525e+01,8.896685e+01,8.896685e+01,8.896685e+01,8.858525e+01,8.884595e+01,8.884595e+01,8.884595e+01,8.884595e+01,8.884595e+01,8.884595e+01,8.884595e+01,8.922695e+01,8.907837e+01,8.928263e+01,8.925479e+01,8.925479e+01,8.925479e+01,8.925479e+01,8.925479e+01,8.925479e+01,8.925479e+01,8.925479e+01,8.925479e+01,8.925479e+01,8.925479e+01,8.925479e+01,8.925479e+01,8.925479e+01,8.925479e+01,8.925479e+01,8.925479e+01,8.925479e+01,8.925479e+01,8.925479e+01,8.925479e+01,8.925479e+01,8.925479e+01,8.925479e+01,8.925479e+01,8.925479e+01,8.925479e+01,8.925479e+01,8.925479e+01,8.925479e+01,8.925479e+01,8.925479e+01,8.925479e+01,8.925479e+01,8.887386e+01,8.895755e+01,8.895755e+01,8.895755e+01,8.857593e+01,8.834280e+01,8.813737e+01,8.800650e+01,8.800650e+01,8.800650e+01,8.761328e+01,8.733183e+01,8.722851e+01,8.696522e+01,8.671092e+01,8.611600e+01,8.601190e+01,8.590773e+01,8.546190e+01,8.520522e+01,8.496718e+01,8.457603e+01,8.429879e+01,8.395396e+01,8.371404e+01,8.331980e+01,8.273141e+01,8.262508e+01,8.216022e+01,8.179123e+01,8.149931e+01,8.088448e+01,8.051244e+01,8.027702e+01,7.959815e+01,7.922301e+01,7.856924e+01,7.801232e+01,7.766322e+01,7.735332e+01,7.697260e+01,7.639970e+01,7.582460e+01,7.534872e+01,7.456580e+01,7.370695e+01,7.338872e+01,7.313158e+01,7.206738e+01,7.166239e+01,7.132924e+01,7.080715e+01,7.000993e+01,6.952524e+01,6.906007e+01,6.808248e+01,6.782635e+01,6.733411e+01,6.650624e+01,6.560832e+01,6.523881e+01,6.485740e+01,6.426684e+01,6.337620e+01,6.280134e+01,6.244637e+01,6.174476e+01,6.075856e+01,6.027400e+01,5.981033e+01,5.911744e+01,5.828342e+01,5.777814e+01,5.719001e+01,5.668045e+01,5.579553e+01,5.510431e+01,5.443294e+01,5.387667e+01,5.322258e+01,5.248114e+01,5.186792e+01,5.130010e+01,5.055924e+01,5.009545e+01,4.971579e+01,4.910093e+01,4.869342e+01,4.829693e+01,4.753751e+01,4.701182e+01,4.652160e+01,4.615576e+01,4.570004e+01,4.534438e+01,4.508967e+01,4.473215e+01,4.450174e+01,4.400096e+01,4.385932e+01,4.369171e+01,4.329104e+01,4.309667e+01,4.292796e+01,4.269394e+01,4.242032e+01,4.213297e+01,4.209373e+01,4.155610e+01,4.176620e+01,4.159552e+01,4.154295e+01,4.125339e+01,4.113472e+01,4.113472e+01,4.113472e+01,4.059254e+01,4.049971e+01,4.049971e+01,4.049971e+01,4.049971e+01,4.049971e+01,4.049971e+01,4.049971e+01,4.049971e+01,4.049971e+01,4.049971e+01,4.049971e+01,4.104234e+01,4.083089e+01,4.083089e+01,4.083089e+01,4.083089e+01,4.083089e+01,4.083089e+01,4.083089e+01,4.083089e+01,4.083089e+01,4.083089e+01,4.083089e+01,4.083089e+01,4.083089e+01,4.051298e+01,4.051298e+01,4.051298e+01,4.051298e+01,4.051298e+01,4.051298e+01,4.051298e+01,4.051298e+01,4.051298e+01,4.051298e+01,4.051298e+01,4.051298e+01,4.051298e+01,4.051298e+01,4.105554e+01,4.105554e+01,4.112152e+01,4.112152e+01,4.112152e+01,4.112152e+01,4.166120e+01,4.145090e+01,4.145090e+01,4.145090e+01,4.198902e+01,4.187111e+01,4.197593e+01,4.197593e+01,4.197593e+01,4.197593e+01,4.197593e+01,4.197593e+01,4.197593e+01,4.197593e+01,4.197593e+01,4.197593e+01,4.197593e+01,4.155610e+01,4.155610e+01,4.155610e+01,4.155610e+01,4.155610e+01,4.155610e+01,4.155610e+01,4.155610e+01,4.155610e+01,4.155610e+01,4.155610e+01,4.101593e+01,4.138510e+01,4.109513e+01,4.104234e+01,4.104234e+01,4.104234e+01,4.104234e+01,4.104234e+01,4.104234e+01,4.104234e+01,4.104234e+01,4.104234e+01,4.104234e+01,4.104234e+01,4.104234e+01,4.104234e+01,4.104234e+01,4.068529e+01,4.068529e+01,4.068529e+01,4.068529e+01,4.068529e+01,4.068529e+01,4.068529e+01,4.068529e+01,4.068529e+01,4.068529e+01,4.068529e+01,4.068529e+01,4.068529e+01,4.068529e+01,4.068529e+01,4.068529e+01,4.068529e+01,4.122703e+01,4.101593e+01,4.130609e+01,4.143774e+01,4.175309e+01,4.175309e+01,4.175309e+01,4.175309e+01,4.175309e+01,4.175309e+01,4.175309e+01,4.175309e+01,4.175309e+01,4.175309e+01,4.175309e+01,4.175309e+01,4.175309e+01,4.175309e+01,4.175309e+01,4.175309e+01,4.175309e+01,4.175309e+01,4.175309e+01,4.175309e+01,4.175309e+01,4.175309e+01,4.122703e+01,4.122703e+01,4.122703e+01,4.122703e+01,4.122703e+01,4.122703e+01,4.122703e+01,4.122703e+01,4.122703e+01,4.122703e+01,4.122703e+01,4.122703e+01,4.122703e+01,4.122703e+01,4.122703e+01,4.122703e+01,4.122703e+01,4.122703e+01,4.122703e+01,4.076473e+01,4.076473e+01,4.076473e+01,4.076473e+01,4.076473e+01,4.076473e+01,4.076473e+01,4.076473e+01,4.076473e+01,4.076473e+01,4.076473e+01,4.076473e+01,4.076473e+01,4.022078e+01,4.059254e+01,4.059254e+01,4.059254e+01,4.059254e+01
3.666727e+01,3.666727e+01,3.666727e+01,3.666727e+01,3.666727e+01,3.666727e+01,3.666727e+01,3.666727e+01,3.666727e+01,3.666727e+01,3.722878e+01,3.722878e+01,3.722878e+01,3.722878e+01,3.765144e+01,3.765144e+01,3.765144e+01,3.765144e+01,3.807250e+01,3.807250e+01,3.807250e+01,3.862694e+01,3.849196e+01,3.849196e+01,3.849196e+01,3.849196e+01,3.849196e+01,3.849196e+01,3.849196e+01,3.849196e+01,3.849196e+01,3.884256e+01,3.913836e+01,3.927256e+01,3.927256e+01,3.927256e+01,3.982109e+01,3.960735e+01,3.990114e+01,3.995448e+01,3.995448e+01,3.995448e+01,4.049971e+01,4.028725e+01,4.028725e+01,4.028725e+01,4.028725e+01,4.028725e+01,4.028725e+01,4.028725e+01,4.028725e+01,4.028725e+01,4.028725e+01,4.028725e+01,4.028725e+01,4.028725e+01,4.028725e+01,4.028725e+01,4.028725e+01,4.028725e+01,4.028725e+01,4.028725e+01,4.028725e+01,4.028725e+01,4.028725e+01,4.028725e+01,4.028725e+01,4.028725e+01,4.028725e+01,4.028725e+01,4.028725e+01,4.028725e+01,4.028725e+01,4.028725e+01,4.028725e+01,4.028725e+01,4.028725e+01,4.079120e+01,4.094987e+01,4.124021e+01,4.124021e+01,4.156924e+01,4.156924e+01,4.156924e+01,4.156924e+01,4.156924e+01,4.156924e+01,4.210681e+01,4.225061e+01,4.239423e+01,4.271996e+01,4.297990e+01,4.329104e+01,4.383355e+01,4.433505e+01,4.471936e+01,4.507692e+01,4.536982e+01,4.585214e+01,4.610521e+01,4.666007e+01,4.708706e+01,4.784933e+01,4.827211e+01,4.877997e+01,4.918720e+01,4.964217e+01,5.044955e+01,5.071750e+01,5.137273e+01,5.187997e+01,5.255308e+01,5.338940e+01,5.394782e+01,5.476318e+01,5.532732e+01,5.579553e+01,5.664564e+01,5.706281e+01,5.759392e+01,5.837508e+01,5.885524e+01,5.934502e+01,6.021754e+01,6.074731e+01,6.115167e+01,6.199018e+01,6.243526e+01,6.285672e+01,6.367373e+01,6.408040e+01,6.494467e+01,6.527145e+01,6.602014e+01,6.681861e+01,6.771948e+01,6.829558e+01,6.894353e+01,6.950413e+01,6.986259e+01,7.081761e+01,7.132924e+01,7.201552e+01,7.287399e+01,7.342982e+01,7.382995e+01,7.475937e+01,7.529801e+01,7.605692e+01,7.647017e+01,7.717310e+01,7.763326e+01,7.837057e+01,7.873790e+01,7.945018e+01,7.989368e+01,8.062023e+01,8.106039e+01,8.142136e+01,8.232502e+01,8.298248e+01,8.300177e+01,8.369483e+01,8.427966e+01,8.427966e+01,8.483372e+01,8.530984e+01,8.576558e+01,8.576558e+01,8.639957e+01,8.682399e+01,8.711572e+01,8.771636e+01,8.826813e+01,8.864115e+01,8.884595e+01,8.925479e+01,8.957002e+01,8.976443e+01,8.996784e+01,9.019869e+01,9.035548e+01,9.035548e+01,9.035548e+01,9.066863e+01,9.078821e+01,9.088933e+01,9.088933e+01,9.088933e+01,9.126567e+01,9.121065e+01,9.121065e+01,9.121065e+01,9.121065e+01,9.121065e+01,9.121065e+01,9.121065e+01,9.121065e+01,9.121065e+01,9.121065e+01,9.121065e+01,9.121065e+01,9.121065e+01,9.121065e+01,9.121065e+01,9.140314e+01,9.140314e+01,9.140314e+01,9.140314e+01,9.140314e+01,9.140314e+01,9.140314e+01,9.140314e+01,9.140314e+01,9.140314e+01,9.140314e+01,9.140314e+01,9.140314e+01,9.140314e+01,9.140314e+01,9.140314e+01,9.115561e+01,9.115561e+01,9.115561e+01,9.115561e+01,9.115561e+01,9.115561e+01,9.077901e+01,9.092608e+01,9.072383e+01,9.071464e+01,9.071464e+01,9.071464e+01,9.071464e+01,9.071464e+01,9.071464e+01,9.071464e+01,9.071464e+01,9.052134e+01,9.052134e+01,9.052134e+01,9.052134e+01,9.052134e+01,9.052134e+01,9.024482e+01,9.024482e+01,9.024482e+01,9.024482e+01,8.986617e+01,8.995860e+01,8.995860e+01,8.995860e+01,8.995860e+01,8.995860e+01,8.995860e+01,8.995860e+01,8.957928e+01,8.966262e+01,8.966262e+01,8.966262e+01,8.928263e+01,8.943102e+01,8.922695e+01,8.926407e+01,8.926407e+01,8.922695e+01,8.922695e+01,8.922695e+01,8.922695e+01,8.922695e+01,8.922695e+01,8.922695e+01,8.884595e+01,8.899474e+01,8.899474e+01,8.899474e+01,8.861320e+01,8.887386e+01,8.888316e+01,8.881804e+01,8.881804e+01,8.881804e+01,8.881804e+01,8.881804e+01,8.881804e+01,8.881804e+01,8.881804e+01,8.881804e+01,8.881804e+01,8.843609e+01,8.887386e+01,8.861320e+01,8.861320e+01,8.861320e+01,8.861320e+01,8.861320e+01,8.861320e+01,8.861320e+01,8.861320e+01,8.861320e+01,8.861320e+01,8.861320e+01,8.861320e+01,8.861320e+01,8.861320e+01,8.861320e+01,8.861320e+01,8.896685e+01,8.879942e+01,8.882734e+01,8.882734e+01,8.882734e+01,8.882734e+01,8.882734e+01,8.882734e+01,8.920838e+01,8.912482e+01,8.919910e+01,8.886456e+01,8.912482e+01,8.912482e+01,8.912482e+01,8.912482e+01,8.912482e+01,8.912482e+01,8.912482e+01,8.912482e+01,8.912482e+01,8.912482e+01,8.912482e+01,8.912482e+01,8.912482e+01,8.950517e+01,8.935684e+01,8.935684e+01,8.935684e+01,8.935684e+01,8.935684e+01,8.935684e+01,8.935684e+01,8.935684e+01,8.935684e+01,8.935684e+01,8.935684e+01,8.935684e+01,8.935684e+01,8.935684e+01,8.935684e+01,8.935684e+01,8.935684e+01,8.935684e+01,8.935684e+01,8.897614e+01,8.895755e+01,8.895755e+01,8.895755e+01,8.857593e+01,8.854797e+01,8.830547e+01,8.817474e+01,8.817474e+01,8.779129e+01,8.779129e+01,8.760391e+01,8.736938e+01,8.714393e+01,8.692757e+01,8.659777e+01,8.622948e+01,8.601190e+01,8.569920e+01,8.506244e+01,8.500529e+01,8.482419e+01,8.419350e+01,8.408815e+01,8.393478e+01,8.359875e+01,8.289561e+01,8.283768e+01,8.251867e+01,8.212142e+01,8.179123e+01,8.138239e+01,8.084536e+01,8.051244e+01,8.015917e+01,7.955871e+01,7.918346e+01,7.852953e+01,7.838052e+01,7.786280e+01,7.702275e+01,7.681200e+01,7.636948e+01,7.537914e+01,7.476955e+01,7.440260e+01,7.370695e+01,7.334761e+01,7.259528e+01,7.208812e+01,7.168318e+01,7.078623e+01,7.061874e+01,6.996785e+01,6.948301e+01,6.890114e+01,6.816776e+01,6.732338e+01,6.715175e+01,6.646310e+01,6.600932e+01,6.531496e+01,6.445303e+01,6.409137e+01,6.333207e+01,6.280134e+01,6.229077e+01,6.170009e+01,6.071356e+01,6.022884e+01,5.976500e+01,5.907188e+01,5.823757e+01,5.773211e+01,5.714378e+01,5.663403e+01,5.574878e+01,5.505731e+01,5.438569e+01,5.382922e+01,5.317488e+01,5.243315e+01,5.181969e+01,5.125166e+01,5.051050e+01,5.009545e+01,4.954394e+01,4.905161e+01,4.818519e+01,4.804847e+01,4.748754e+01,4.696163e+01,4.650900e+01,4.597874e+01,4.568736e+01,4.539525e+01,4.497487e+01,4.478329e+01,4.427088e+01,4.415527e+01,4.415527e+01,4.369171e+01,4.334282e+01,4.334282e+01,4.292796e+01,4.252463e+01,4.236813e+01,4.218526e+01,4.185801e+01,4.171371e+01,4.171371e+01,4.171371e+01,4.171371e+01,4.125339e+01,4.125339e+01,4.125339e+01,4.071178e+01,4.071178e+01,4.071178e+01,4.071178e+01,4.071178e+01,4.071178e+01,4.071178e+01,4.071178e+01,4.071178e+01,4.071178e+01,4.071178e+01,4.071178e+01,4.071178e+01,4.071178e+01,4.071178e+01,4.071178e+01,4.071178e+01,4.071178e+01,4.125339e+01,4.104234e+01,4.104234e+01,4.104234e+01,4.104234e+01,4.104234e+01,4.104234e+01,4.104234e+01,4.049971e+01,4.052624e+01,4.052624e+01,4.052624e+01,4.052624e+01,4.052624e+01,4.052624e+01,4.052624e+01,3.998114e+01,4.035369e+01,4.035369e+01,4.035369e+01,4.035369e+01,4.089701e+01,4.089701e+01,4.093666e+01,4.093666e+01,4.093666e+01,4.093666e+01,4.093666e+01,4.147721e+01,4.100272e+01,4.137194e+01,4.137194e+01,4.137194e+01,4.198902e+01,4.198902e+01,4.198902e+01,4.198902e+01,4.198902e+01,4.198902e+01,4.198902e+01,4.198902e+01,4.198902e+01,4.198902e+01,4.198902e+01,4.198902e+01,4.198902e+01,4.198902e+01,4.198902e+01,4.155610e+01,4.155610e+01,4.155610e+01,4.155610e+01,4.155610e+01,4.155610e+01,4.155610e+01,4.155610e+01,4.155610e+01,4.155610e+01,4.101593e+01,4.104234e+01,4.104234e+01,4.104234e+01,4.104234e+01,4.104234e+01,4.104234e+01,4.104234e+01,4.104234e+01,4.104234e+01,4.104234e+01,4.104234e+01,4.104234e+01,4.104234e+01,4.104234e+01,4.104234e+01,4.068529e+01,4.068529e+01,4.068529e+01,4.068529e+01,4.068529e+01,4.068529e+01,4.068529e+01,4.014095e+01,4.051298e+01,4.051298e+01,4.051298e+01,4.051298e+01,4.051298e+01,4.051298e+01,4.051298e+01,4.105554e+01,4.105554e+01,4.110833e+01,4.118748e+01,4.125339e+01,4.155610e+01,4.170059e+01,4.170059e+01,4.170059e+01,4.170059e+01,4.170059e+01,4.170059e+01,4.170059e+01,4.170059e+01,4.170059e+01,4.170059e+01,4.170059e+01,4.170059e+01,4.170059e+01,4.170059e+01,4.170059e+01,4.170059e+01,4.170059e+01,4.170059e+01,4.170059e+01,4.170059e+01,4.170059e+01,4.170059e+01,4.170059e+01,4.170059e+01,4.170059e+01,4.122703e+01,4.122703e+01,4.122703e+01,4.122703e+01,4.122703e+01,4.122703e+01,4.122703e+01,4.122703e+01,4.122703e+01,4.122703e+01,4.122703e+01,4.122703e+01,4.122703e+01,4.122703e+01,4.068529e+01,4.080443e+01,4.088379e+01,4.088379e+01,4.088379e+01,4.088379e+01,4.088379e+01,4.088379e+01,4.088379e+01,4.088379e+01,4.088379e+01,4.088379e+01,4.088379e+01,4.034040e+01,4.034040e+01,4.040681e+01,4.053951e+01,4.053951e+01,4.053951e+01,4.053951e+01
3.666727e+01,3.666727e+01,3.666727e+01,3.666727e+01,3.666727e+01,3.666727e+01,3.666727e+01,3.666727e+01,3.722878e+01,3.710577e+01,3.710577e+01,3.710577e+01,3.710577e+01,3.710577e+01,3.765144e+01,3.765144e+01,3.765144e+01,3.765144e+01,3.807250e+01,3.807250e+01,3.807250e+01,3.807250e+01,3.849196e+01,3.849196e+01,3.849196e+01,3.849196e+01,3.849196e+01,3.849196e+01,3.849196e+01,3.849196e+01,3.849196e+01,3.849196e+01,3.913836e+01,3.913836e+01,3.913836e+01,3.913836e+01,3.982109e+01,3.978105e+01,3.984778e+01,3.984778e+01,4.039353e+01,4.027396e+01,4.038025e+01,4.038025e+01,4.038025e+01,4.038025e+01,4.038025e+01,4.038025e+01,4.038025e+01,4.038025e+01,4.038025e+01,4.038025e+01,4.038025e+01,4.038025e+01,4.038025e+01,4.038025e+01,4.038025e+01,4.038025e+01,4.038025e+01,4.038025e+01,4.038025e+01,4.038025e+01,4.038025e+01,4.038025e+01,4.038025e+01,4.038025e+01,4.038025e+01,4.038025e+01,4.038025e+01,4.038025e+01,4.038025e+01,4.038025e+01,4.038025e+01,4.038025e+01,4.038025e+01,4.038025e+01,4.038025e+01,4.079120e+01,4.112152e+01,4.118748e+01,4.135877e+01,4.151666e+01,4.205447e+01,4.168746e+01,4.168746e+01,4.168746e+01,4.168746e+01,4.168746e+01,4.225061e+01,4.202830e+01,4.238118e+01,4.277200e+01,4.326514e+01,4.385932e+01,4.434788e+01,4.477051e+01,4.512791e+01,4.554774e+01,4.570004e+01,4.623154e+01,4.671038e+01,4.713719e+01,4.789914e+01,4.832175e+01,4.882941e+01,4.923647e+01,4.969125e+01,5.046174e+01,5.088771e+01,5.142113e+01,5.192817e+01,5.260102e+01,5.343702e+01,5.399523e+01,5.432661e+01,5.524520e+01,5.574878e+01,5.663403e+01,5.708595e+01,5.762848e+01,5.840944e+01,5.888947e+01,5.937912e+01,6.025142e+01,6.078106e+01,6.118531e+01,6.202362e+01,6.246858e+01,6.288994e+01,6.370675e+01,6.411332e+01,6.495557e+01,6.542369e+01,6.605260e+01,6.685088e+01,6.731266e+01,6.821038e+01,6.887994e+01,6.946189e+01,6.984153e+01,7.081761e+01,7.135008e+01,7.203626e+01,7.247124e+01,7.333733e+01,7.375821e+01,7.470846e+01,7.526757e+01,7.563241e+01,7.634933e+01,7.706286e+01,7.753334e+01,7.828109e+01,7.865855e+01,7.938107e+01,7.983462e+01,8.016899e+01,8.090403e+01,8.141162e+01,8.183012e+01,8.255737e+01,8.298248e+01,8.367562e+01,8.414562e+01,8.435619e+01,8.483372e+01,8.530984e+01,8.565176e+01,8.586036e+01,8.639957e+01,8.683340e+01,8.724730e+01,8.771636e+01,8.788490e+01,8.841743e+01,8.883665e+01,8.924551e+01,8.918982e+01,8.953297e+01,8.980143e+01,8.999556e+01,9.030016e+01,9.030016e+01,9.030016e+01,9.066863e+01,9.066863e+01,9.066863e+01,9.066863e+01,9.088933e+01,9.115561e+01,9.115561e+01,9.115561e+01,9.115561e+01,9.115561e+01,9.115561e+01,9.115561e+01,9.115561e+01,9.115561e+01,9.115561e+01,9.115561e+01,9.115561e+01,9.115561e+01,9.153136e+01,9.127484e+01,9.138482e+01,9.136649e+01,9.136649e+01,9.136649e+01,9.136649e+01,9.136649e+01,9.136649e+01,9.136649e+01,9.136649e+01,9.136649e+01,9.136649e+01,9.136649e+01,9.136649e+01,9.136649e+01,9.136649e+01,9.136649e+01,9.136649e+01,9.115561e+01,9.115561e+01,9.115561e+01,9.115561e+01,9.115561e+01,9.077901e+01,9.088013e+01,9.081580e+01,9.076063e+01,9.076063e+01,9.076063e+01,9.076063e+01,9.076063e+01,9.076063e+01,9.038314e+01,9.064103e+01,9.090771e+01,9.069624e+01,9.031860e+01,9.046607e+01,9.046607e+01,9.046607e+01,9.008792e+01,9.017101e+01,9.017101e+01,9.017101e+01,9.017101e+01,9.017101e+01,9.017101e+01,9.017101e+01,8.995860e+01,8.995860e+01,8.995860e+01,8.995860e+01,8.995860e+01,8.957928e+01,8.957928e+01,8.957928e+01,8.957928e+01,8.957928e+01,8.957928e+01,8.922695e+01,8.922695e+01,8.922695e+01,8.922695e+01,8.922695e+01,8.922695e+01,8.922695e+01,8.922695e+01,8.922695e+01,8.884595e+01,8.894826e+01,8.894826e+01,8.894826e+01,8.894826e+01,8.894826e+01,8.894826e+01,8.894826e+01,8.894826e+01,8.894826e+01,8.856661e+01,8.871565e+01,8.871565e+01,8.871565e+01,8.871565e+01,8.871565e+01,8.871565e+01,8.871565e+01,8.871565e+01,8.871565e+01,8.871565e+01,8.871565e+01,8.871565e+01,8.871565e+01,8.871565e+01,8.871565e+01,8.871565e+01,8.871565e+01,8.871565e+01,8.871565e+01,8.871565e+01,8.871565e+01,8.871565e+01,8.871565e+01,8.871565e+01,8.871565e+01,8.871565e+01,8.871565e+01,8.871565e+01,8.909695e+01,8.894826e+01,8.894826e+01,8.894826e+01,8.894826e+01,8.894826e+01,8.894826e+01,8.894826e+01,8.894826e+01,8.894826e+01,8.894826e+01,8.894826e+01,8.932902e+01,8.918053e+01,8.918053e+01,8.918053e+01,8.918053e+01,8.918053e+01,8.918053e+01,8.918053e+01,8.918053e+01,8.918053e+01,8.918053e+01,8.918053e+01,8.918053e+01,8.918053e+01,8.918053e+01,8.918053e+01,8.918053e+01,8.918053e+01,8.956076e+01,8.941248e+01,8.941248e+01,8.941248e+01,8.941248e+01,8.941248e+01,8.941248e+01,8.941248e+01,8.941248e+01,8.941248e+01,8.903191e+01,8.911552e+01,8.905979e+01,8.905979e+01,8.905979e+01,8.867841e+01,8.865977e+01,8.852933e+01,8.834280e+01,8.834280e+01,8.795974e+01,8.787553e+01,8.787553e+01,8.760391e+01,8.733183e+01,8.710632e+01,8.679573e+01,8.659777e+01,8.622948e+01,8.587931e+01,8.569920e+01,8.517667e+01,8.517667e+01,8.482419e+01,8.430836e+01,8.408815e+01,8.372365e+01,8.353147e+01,8.301141e+01,8.274108e+01,8.212142e+01,8.196613e+01,8.178151e+01,8.137263e+01,8.083558e+01,8.050264e+01,8.014935e+01,7.954884e+01,7.917358e+01,7.864864e+01,7.787277e+01,7.770315e+01,7.661102e+01,7.650036e+01,7.595596e+01,7.539942e+01,7.477973e+01,7.440260e+01,7.369669e+01,7.333733e+01,7.258495e+01,7.207775e+01,7.167278e+01,7.091172e+01,7.050347e+01,6.952524e+01,6.931399e+01,6.844455e+01,6.799715e+01,6.745197e+01,6.703363e+01,6.643073e+01,6.597684e+01,6.528233e+01,6.442019e+01,6.405845e+01,6.329896e+01,6.276810e+01,6.225740e+01,6.120774e+01,6.053341e+01,6.019495e+01,5.973100e+01,5.903770e+01,5.820317e+01,5.722469e+01,5.695864e+01,5.658759e+01,5.570202e+01,5.501030e+01,5.433843e+01,5.378174e+01,5.312716e+01,5.238515e+01,5.177145e+01,5.120319e+01,5.046174e+01,5.004652e+01,4.949480e+01,4.900227e+01,4.833416e+01,4.791159e+01,4.743756e+01,4.691143e+01,4.645860e+01,4.596609e+01,4.563661e+01,4.521709e+01,4.512791e+01,4.464260e+01,4.442484e+01,4.415527e+01,4.385932e+01,4.313557e+01,4.325219e+01,4.310964e+01,4.287599e+01,4.257675e+01,4.257675e+01,4.218526e+01,4.191043e+01,4.191043e+01,4.191043e+01,4.191043e+01,4.137194e+01,4.137194e+01,4.137194e+01,4.137194e+01,4.125339e+01,4.088379e+01,4.088379e+01,4.088379e+01,4.088379e+01,4.034040e+01,4.055276e+01,4.055276e+01,4.055276e+01,4.055276e+01,4.055276e+01,4.055276e+01,4.055276e+01,4.055276e+01,4.109513e+01,4.088379e+01,4.088379e+01,4.088379e+01,4.088379e+01,4.088379e+01,4.088379e+01,4.088379e+01,4.088379e+01,4.088379e+01,4.088379e+01,4.088379e+01,4.088379e+01,4.088379e+01,4.052624e+01,4.052624e+01,4.052624e+01,4.052624e+01,4.052624e+01,3.998114e+01,4.010102e+01,4.030054e+01,4.030054e+01,4.030054e+01,4.084412e+01,4.075150e+01,4.075150e+01,4.075150e+01,4.075150e+01,4.129292e+01,4.108194e+01,4.084412e+01,4.149036e+01,4.131926e+01,4.134560e+01,4.134560e+01,4.134560e+01,4.198902e+01,4.198902e+01,4.198902e+01,4.198902e+01,4.198902e+01,4.198902e+01,4.198902e+01,4.198902e+01,4.198902e+01,4.198902e+01,4.198902e+01,4.198902e+01,4.198902e+01,4.198902e+01,4.198902e+01,4.155610e+01,4.155610e+01,4.155610e+01,4.155610e+01,4.155610e+01,4.155610e+01,4.155610e+01,4.155610e+01,4.155610e+01,4.155610e+01,4.101593e+01,4.101593e+01,4.101593e+01,4.101593e+01,4.101593e+01,4.101593e+01,4.101593e+01,4.101593e+01,4.101593e+01,4.101593e+01,4.101593e+01,4.101593e+01,4.101593e+01,4.101593e+01,4.101593e+01,4.101593e+01,4.101593e+01,4.101593e+01,4.068529e+01,4.068529e+01,4.068529e+01,4.068529e+01,4.068529e+01,4.014095e+01,4.045991e+01,4.045991e+01,4.045991e+01,4.045991e+01,4.045991e+01,4.045991e+01,4.100272e+01,4.091023e+01,4.091023e+01,4.091023e+01,4.091023e+01,4.125339e+01,4.150351e+01,4.150351e+01,4.150351e+01,4.204139e+01,4.183178e+01,4.183178e+01,4.183178e+01,4.183178e+01,4.183178e+01,4.183178e+01,4.183178e+01,4.183178e+01,4.183178e+01,4.183178e+01,4.183178e+01,4.183178e+01,4.183178e+01,4.183178e+01,4.183178e+01,4.183178e+01,4.183178e+01,4.183178e+01,4.183178e+01,4.129292e+01,4.150351e+01,4.121385e+01,4.135877e+01,4.135877e+01,4.135877e+01,4.135877e+01,4.135877e+01,4.135877e+01,4.135877e+01,4.135877e+01,4.135877e+01,4.135877e+01,4.135877e+01,4.135877e+01,4.135877e+01,4.135877e+01,4.122703e+01,4.085734e+01,4.085734e+01,4.085734e+01,4.085734e+01,4.085734e+01,4.085734e+01,4.085734e+01,4.085734e+01,4.085734e+01,4.085734e+01,4.085734e+01,4.085734e+01,4.085734e+01,4.034040e+01,4.034040e+01,4.034040e+01,4.034040e+01,4.034040e+01,4.034040e+01
3.666727e+01,3.666727e+01,3.666727e+01,3.666727e+01,3.666727e+01,3.666727e+01,3.666727e+01,3.666727e+01,3.722878e+01,3.666727e+01,3.688674e+01,3.688674e+01,3.744713e+01,3.744713e+01,3.752890e+01,3.752890e+01,3.752890e+01,3.808606e+01,3.805894e+01,3.805894e+01,3.805894e+01,3.805894e+01,3.805894e+01,3.805894e+01,3.805894e+01,3.805894e+01,3.849196e+01,3.849196e+01,3.849196e+01,3.849196e+01,3.849196e+01,3.904433e+01,3.899056e+01,3.899056e+01,3.899056e+01,3.899056e+01,3.982109e+01,3.982109e+01,3.982109e+01,3.982109e+01,3.982109e+01,3.982109e+01,4.038025e+01,4.038025e+01,4.038025e+01,4.038025e+01,4.038025e+01,4.038025e+01,4.038025e+01,4.038025e+01,4.038025e+01,4.038025e+01,4.038025e+01,4.038025e+01,4.038025e+01,4.038025e+01,4.038025e+01,4.038025e+01,4.038025e+01,4.038025e+01,4.038025e+01,4.038025e+01,4.038025e+01,4.038025e+01,4.038025e+01,4.038025e+01,4.038025e+01,4.038025e+01,4.038025e+01,4.038025e+01,4.038025e+01,4.038025e+01,4.038025e+01,4.038025e+01,4.038025e+01,4.038025e+01,4.038025e+01,4.079120e+01,4.106874e+01,4.106874e+01,4.135877e+01,4.180556e+01,4.187111e+01,4.173996e+01,4.173996e+01,4.173996e+01,4.173996e+01,4.173996e+01,4.225061e+01,4.217220e+01,4.243336e+01,4.295393e+01,4.331693e+01,4.391084e+01,4.439919e+01,4.478329e+01,4.530621e+01,4.539525e+01,4.582681e+01,4.628204e+01,4.676068e+01,4.718731e+01,4.794894e+01,4.837137e+01,4.887882e+01,4.928571e+01,4.974032e+01,5.051050e+01,5.093630e+01,5.146951e+01,5.197635e+01,5.264894e+01,5.348463e+01,5.400708e+01,5.449198e+01,5.529213e+01,5.579553e+01,5.668045e+01,5.713221e+01,5.767455e+01,5.845523e+01,5.893510e+01,5.942458e+01,5.983298e+01,6.070231e+01,6.115167e+01,6.203476e+01,6.251300e+01,6.293422e+01,6.375076e+01,6.415720e+01,6.499918e+01,6.546716e+01,6.609586e+01,6.689391e+01,6.735554e+01,6.825298e+01,6.848709e+01,6.938796e+01,6.992576e+01,7.071297e+01,7.127711e+01,7.199477e+01,7.246090e+01,7.335789e+01,7.391189e+01,7.460657e+01,7.519653e+01,7.559191e+01,7.633926e+01,7.667134e+01,7.744336e+01,7.821146e+01,7.860894e+01,7.935145e+01,7.982478e+01,8.017882e+01,8.092358e+01,8.143111e+01,8.184955e+01,8.257672e+01,8.300177e+01,8.369483e+01,8.415520e+01,8.449004e+01,8.446137e+01,8.483372e+01,8.533836e+01,8.586036e+01,8.640901e+01,8.645622e+01,8.715333e+01,8.751014e+01,8.835213e+01,8.818408e+01,8.880873e+01,8.910624e+01,8.931046e+01,8.954223e+01,8.945883e+01,8.995860e+01,8.977367e+01,9.003251e+01,9.032783e+01,9.054897e+01,9.054897e+01,9.054897e+01,9.092608e+01,9.096282e+01,9.111890e+01,9.111890e+01,9.111890e+01,9.111890e+01,9.111890e+01,9.111890e+01,9.111890e+01,9.111890e+01,9.111890e+01,9.111890e+01,9.111890e+01,9.111890e+01,9.111890e+01,9.115561e+01,9.123816e+01,9.123816e+01,9.123816e+01,9.123816e+01,9.123816e+01,9.123816e+01,9.123816e+01,9.123816e+01,9.123816e+01,9.123816e+01,9.123816e+01,9.123816e+01,9.123816e+01,9.123816e+01,9.123816e+01,9.123816e+01,9.123816e+01,9.123816e+01,9.123816e+01,9.086176e+01,9.100874e+01,9.100874e+01,9.100874e+01,9.100874e+01,9.100874e+01,9.100874e+01,9.076063e+01,9.076063e+01,9.076063e+01,9.076063e+01,9.076063e+01,9.076063e+01,9.076063e+01,9.038314e+01,9.057659e+01,9.047529e+01,9.040157e+01,9.040157e+01,9.040157e+01,9.040157e+01,9.040157e+01,9.040157e+01,9.017101e+01,9.017101e+01,9.017101e+01,9.017101e+01,9.017101e+01,9.017101e+01,8.995860e+01,8.995860e+01,8.995860e+01,8.995860e+01,8.995860e+01,8.957928e+01,8.957928e+01,8.957928e+01,8.957928e+01,8.957928e+01,8.919910e+01,8.930119e+01,8.930119e+01,8.930119e+01,8.930119e+01,8.930119e+01,8.930119e+01,8.892036e+01,8.918053e+01,8.897614e+01,8.892966e+01,8.892966e+01,8.892966e+01,8.892966e+01,8.892966e+01,8.892966e+01,8.892966e+01,8.892966e+01,8.892966e+01,8.892966e+01,8.892966e+01,8.892966e+01,8.892966e+01,8.871565e+01,8.871565e+01,8.871565e+01,8.871565e+01,8.871565e+01,8.871565e+01,8.871565e+01,8.871565e+01,8.871565e+01,8.871565e+01,8.871565e+01,8.871565e+01,8.871565e+01,8.871565e+01,8.871565e+01,8.871565e+01,8.871565e+01,8.871565e+01,8.871565e+01,8.871565e+01,8.871565e+01,8.871565e+01,8.871565e+01,8.871565e+01,8.871565e+01,8.871565e+01,8.909695e+01,8.909695e+01,8.909695e+01,8.909695e+01,8.909695e+01,8.909695e+01,8.909695e+01,8.909695e+01,8.909695e+01,8.909695e+01,8.909695e+01,8.909695e+01,8.909695e+01,8.909695e+01,8.909695e+01,8.909695e+01,8.909695e+01,8.909695e+01,8.909695e+01,8.909695e+01,8.909695e+01,8.909695e+01,8.909695e+01,8.947737e+01,8.932902e+01,8.932902e+01,8.932902e+01,8.932902e+01,8.932902e+01,8.932902e+01,8.932902e+01,8.932902e+01,8.932902e+01,8.932902e+01,8.932902e+01,8.932902e+01,8.932902e+01,8.932902e+01,8.932902e+01,8.932902e+01,8.903191e+01,8.903191e+01,8.903191e+01,8.903191e+01,8.903191e+01,8.867841e+01,8.867841e+01,8.829613e+01,8.806260e+01,8.806260e+01,8.804391e+01,8.766015e+01,8.766952e+01,8.718153e+01,8.712512e+01,8.696522e+01,8.678631e+01,8.607816e+01,8.593615e+01,8.557584e+01,8.557584e+01,8.530033e+01,8.509100e+01,8.482419e+01,8.429879e+01,8.394437e+01,8.345453e+01,8.345453e+01,8.300177e+01,8.259607e+01,8.223779e+01,8.196613e+01,8.156747e+01,8.090403e+01,8.068878e+01,8.010021e+01,7.954884e+01,7.939095e+01,7.875773e+01,7.848981e+01,7.799239e+01,7.762326e+01,7.672160e+01,7.638963e+01,7.593575e+01,7.537914e+01,7.475937e+01,7.438218e+01,7.367618e+01,7.331676e+01,7.256429e+01,7.205701e+01,7.122498e+01,7.074438e+01,7.034615e+01,6.964129e+01,6.919766e+01,6.841264e+01,6.796514e+01,6.741984e+01,6.700140e+01,6.595519e+01,6.578187e+01,6.524969e+01,6.438734e+01,6.402551e+01,6.326584e+01,6.273486e+01,6.209045e+01,6.131980e+01,6.063477e+01,6.012716e+01,5.923128e+01,5.885524e+01,5.815729e+01,5.721313e+01,5.692390e+01,5.641329e+01,5.565525e+01,5.496326e+01,5.429115e+01,5.373425e+01,5.307942e+01,5.233712e+01,5.172319e+01,5.115471e+01,5.041297e+01,4.999758e+01,4.944563e+01,4.895290e+01,4.828452e+01,4.786179e+01,4.738755e+01,4.686120e+01,4.640818e+01,4.595344e+01,4.596609e+01,4.508967e+01,4.480885e+01,4.475772e+01,4.439919e+01,4.411671e+01,4.366590e+01,4.382066e+01,4.292796e+01,4.313557e+01,4.329104e+01,4.243336e+01,4.228979e+01,4.211989e+01,4.196283e+01,4.196283e+01,4.196283e+01,4.142458e+01,4.151666e+01,4.151666e+01,4.151666e+01,4.097630e+01,4.098951e+01,4.093666e+01,4.093666e+01,4.093666e+01,4.039353e+01,4.048645e+01,4.048645e+01,4.048645e+01,4.048645e+01,4.048645e+01,4.048645e+01,4.048645e+01,4.048645e+01,4.048645e+01,4.109513e+01,4.109513e+01,4.109513e+01,4.109513e+01,4.109513e+01,4.109513e+01,4.109513e+01,4.109513e+01,4.109513e+01,4.109513e+01,4.055276e+01,4.076473e+01,4.076473e+01,4.076473e+01,4.076473e+01,4.076473e+01,4.022078e+01,4.043336e+01,4.014095e+01,4.010102e+01,4.010102e+01,4.010102e+01,4.064555e+01,4.064555e+01,4.072502e+01,4.072502e+01,4.072502e+01,4.072502e+01,4.126657e+01,4.114791e+01,4.114791e+01,4.114791e+01,4.114791e+01,4.114791e+01,4.114791e+01,4.168746e+01,4.168746e+01,4.187111e+01,4.187111e+01,4.187111e+01,4.187111e+01,4.187111e+01,4.187111e+01,4.187111e+01,4.187111e+01,4.187111e+01,4.187111e+01,4.187111e+01,4.187111e+01,4.187111e+01,4.187111e+01,4.187111e+01,4.155610e+01,4.155610e+01,4.155610e+01,4.155610e+01,4.155610e+01,4.155610e+01,4.155610e+01,4.155610e+01,4.155610e+01,4.101593e+01,4.116110e+01,4.116110e+01,4.116110e+01,4.116110e+01,4.116110e+01,4.116110e+01,4.116110e+01,4.116110e+01,4.116110e+01,4.116110e+01,4.116110e+01,4.116110e+01,4.061905e+01,4.083089e+01,4.083089e+01,4.083089e+01,4.083089e+01,4.083089e+01,4.083089e+01,4.083089e+01,4.028725e+01,4.049971e+01,4.020747e+01,4.026067e+01,4.040681e+01,4.040681e+01,4.040681e+01,4.040681e+01,4.094987e+01,4.083089e+01,4.088379e+01,4.088379e+01,4.088379e+01,4.142458e+01,4.131926e+01,4.129292e+01,4.129292e+01,4.183178e+01,4.183178e+01,4.192353e+01,4.192353e+01,4.192353e+01,4.192353e+01,4.192353e+01,4.192353e+01,4.192353e+01,4.192353e+01,4.192353e+01,4.192353e+01,4.192353e+01,4.192353e+01,4.192353e+01,4.192353e+01,4.192353e+01,4.192353e+01,4.192353e+01,4.192353e+01,4.138510e+01,4.150351e+01,4.141142e+01,4.135877e+01,4.180556e+01,4.142458e+01,4.142458e+01,4.142458e+01,4.142458e+01,4.142458e+01,4.142458e+01,4.142458e+01,4.142458e+01,4.142458e+01,4.142458e+01,4.088379e+01,4.126657e+01,4.126657e+01,4.126657e+01,4.126657e+01,4.126657e+01,4.126657e+01,4.126657e+01,4.085734e+01,4.085734e+01,4.085734e+01,4.085734e+01,4.085734e+01,4.085734e+01,4.085734e+01,4.085734e+01,4.085734e+01,4.085734e+01,4.034040e+01,4.034040e+01,4.034040e+01,4.034040e+01,4.034040e+01,4.034040e+01
3.666727e+01,3.666727e+01,3.666727e+01,3.666727e+01,3.666727e+01,3.666727e+01,3.666727e+01,3.666727e+01,3.666727e+01,3.722878e+01,3.683191e+01,3.713311e+01,3.726975e+01,3.726975e+01,3.782821e+01,3.761061e+01,3.790970e+01,3.796399e+01,3.796399e+01,3.796399e+01,3.796399e+01,3.851897e+01,3.812671e+01,3.812671e+01,3.812671e+01,3.812671e+01,3.849196e+01,3.849196e+01,3.849196e+01,3.849196e+01,3.849196e+01,3.904433e+01,3.904433e+01,3.904433e+01,3.904433e+01,3.959398e+01,3.967419e+01,3.967419e+01,3.967419e+01,3.967419e+01,4.022078e+01,4.022078e+01,4.026067e+01,4.026067e+01,4.026067e+01,4.026067e+01,4.026067e+01,4.026067e+01,4.026067e+01,4.026067e+01,4.026067e+01,4.026067e+01,4.026067e+01,4.026067e+01,4.026067e+01,4.026067e+01,4.026067e+01,4.026067e+01,4.026067e+01,4.026067e+01,4.026067e+01,4.026067e+01,4.026067e+01,4.026067e+01,4.026067e+01,4.026067e+01,4.026067e+01,4.026067e+01,4.026067e+01,4.026067e+01,4.026067e+01,4.026067e+01,4.026067e+01,4.026067e+01,4.026067e+01,4.026067e+01,4.080443e+01,4.087056e+01,4.100272e+01,4.114791e+01,4.155610e+01,4.163493e+01,4.217220e+01,4.183178e+01,4.183178e+01,4.183178e+01,4.183178e+01,4.183178e+01,4.225061e+01,4.225061e+01,4.278500e+01,4.299288e+01,4.351093e+01,4.396235e+01,4.441201e+01,4.497487e+01,4.514066e+01,4.550964e+01,4.587748e+01,4.633251e+01,4.681095e+01,4.723740e+01,4.748754e+01,4.828452e+01,4.884176e+01,4.929802e+01,4.978936e+01,5.005876e+01,5.085126e+01,5.142113e+01,5.196431e+01,5.267290e+01,5.352032e+01,5.404263e+01,5.452738e+01,5.532732e+01,5.583058e+01,5.671526e+01,5.716690e+01,5.770909e+01,5.848957e+01,5.896931e+01,5.945866e+01,5.986696e+01,6.073606e+01,6.118531e+01,6.161071e+01,6.242415e+01,6.286780e+01,6.370675e+01,6.458430e+01,6.472638e+01,6.543456e+01,6.609586e+01,6.692616e+01,6.738769e+01,6.826363e+01,6.864648e+01,6.941965e+01,7.038811e+01,7.088036e+01,7.131882e+01,7.203626e+01,7.250227e+01,7.297708e+01,7.384019e+01,7.456580e+01,7.518638e+01,7.561216e+01,7.636948e+01,7.670149e+01,7.747336e+01,7.824130e+01,7.863871e+01,7.897569e+01,7.934158e+01,7.998222e+01,8.074751e+01,8.127512e+01,8.211172e+01,8.265409e+01,8.303071e+01,8.332943e+01,8.367562e+01,8.407857e+01,8.448049e+01,8.485280e+01,8.535737e+01,8.587931e+01,8.589826e+01,8.634290e+01,8.705930e+01,8.743509e+01,8.777256e+01,8.816540e+01,8.841743e+01,8.886456e+01,8.913410e+01,8.969965e+01,8.981992e+01,8.985692e+01,8.987541e+01,9.006022e+01,9.035548e+01,9.051213e+01,9.051213e+01,9.051213e+01,9.051213e+01,9.058580e+01,9.100874e+01,9.100874e+01,9.100874e+01,9.100874e+01,9.100874e+01,9.100874e+01,9.100874e+01,9.100874e+01,9.138482e+01,9.123816e+01,9.123816e+01,9.123816e+01,9.123816e+01,9.123816e+01,9.123816e+01,9.123816e+01,9.123816e+01,9.123816e+01,9.123816e+01,9.123816e+01,9.123816e+01,9.123816e+01,9.123816e+01,9.123816e+01,9.123816e+01,9.123816e+01,9.123816e+01,9.123816e+01,9.123816e+01,9.123816e+01,9.123816e+01,9.123816e+01,9.123816e+01,9.086176e+01,9.086176e+01,9.086176e+01,9.086176e+01,9.086176e+01,9.086176e+01,9.086176e+01,9.086176e+01,9.086176e+01,9.086176e+01,9.086176e+01,9.086176e+01,9.086176e+01,9.086176e+01,9.038314e+01,9.053976e+01,9.053976e+01,9.053976e+01,9.053976e+01,9.053976e+01,9.016177e+01,9.030939e+01,9.020792e+01,9.018946e+01,9.018946e+01,9.018946e+01,9.018946e+01,9.018946e+01,9.018946e+01,9.018946e+01,8.995860e+01,8.995860e+01,8.995860e+01,8.957928e+01,8.968114e+01,8.968114e+01,8.968114e+01,8.968114e+01,8.930119e+01,8.928263e+01,8.928263e+01,8.928263e+01,8.928263e+01,8.928263e+01,8.928263e+01,8.928263e+01,8.928263e+01,8.928263e+01,8.897614e+01,8.897614e+01,8.897614e+01,8.897614e+01,8.859457e+01,8.886456e+01,8.886456e+01,8.886456e+01,8.886456e+01,8.886456e+01,8.886456e+01,8.886456e+01,8.848272e+01,8.855729e+01,8.864115e+01,8.864115e+01,8.864115e+01,8.864115e+01,8.864115e+01,8.864115e+01,8.864115e+01,8.864115e+01,8.864115e+01,8.864115e+01,8.864115e+01,8.864115e+01,8.864115e+01,8.864115e+01,8.864115e+01,8.864115e+01,8.864115e+01,8.864115e+01,8.864115e+01,8.864115e+01,8.864115e+01,8.864115e+01,8.864115e+01,8.864115e+01,8.864115e+01,8.902262e+01,8.899474e+01,8.899474e+01,8.899474e+01,8.899474e+01,8.899474e+01,8.899474e+01,8.899474e+01,8.899474e+01,8.899474e+01,8.899474e+01,8.899474e+01,8.899474e+01,8.899474e+01,8.899474e+01,8.899474e+01,8.899474e+01,8.899474e+01,8.937539e+01,8.922695e+01,8.922695e+01,8.922695e+01,8.922695e+01,8.922695e+01,8.922695e+01,8.922695e+01,8.922695e+01,8.922695e+01,8.922695e+01,8.922695e+01,8.922695e+01,8.922695e+01,8.922695e+01,8.922695e+01,8.922695e+01,8.922695e+01,8.922695e+01,8.922695e+01,8.922695e+01,8.922695e+01,8.922695e+01,8.922695e+01,8.922695e+01,8.922695e+01,8.903191e+01,8.882734e+01,8.876220e+01,8.855729e+01,8.829613e+01,8.809999e+01,8.809999e+01,8.771636e+01,8.776319e+01,8.755703e+01,8.731305e+01,8.692757e+01,8.669206e+01,8.669206e+01,8.621058e+01,8.586036e+01,8.570868e+01,8.560432e+01,8.530033e+01,8.467152e+01,8.456648e+01,8.422223e+01,8.392519e+01,8.358915e+01,8.298248e+01,8.282803e+01,8.257672e+01,8.223779e+01,8.182040e+01,8.114827e+01,8.087469e+01,8.054185e+01,8.007072e+01,7.968687e+01,7.930206e+01,7.875773e+01,7.834075e+01,7.755332e+01,7.739335e+01,7.664118e+01,7.593575e+01,7.577405e+01,7.532844e+01,7.429028e+01,7.370695e+01,7.351199e+01,7.284306e+01,7.239884e+01,7.156877e+01,7.105799e+01,7.067110e+01,7.027267e+01,6.956745e+01,6.868896e+01,6.824233e+01,6.744126e+01,6.724832e+01,6.684013e+01,6.607423e+01,6.565173e+01,6.515173e+01,6.428876e+01,6.392667e+01,6.316644e+01,6.263506e+01,6.199018e+01,6.121895e+01,6.053341e+01,6.002541e+01,5.912883e+01,5.875250e+01,5.805400e+01,5.721313e+01,5.675006e+01,5.583058e+01,5.546796e+01,5.484560e+01,5.417286e+01,5.361544e+01,5.295999e+01,5.221698e+01,5.160246e+01,5.103342e+01,5.029094e+01,4.987514e+01,4.932264e+01,4.882941e+01,4.816034e+01,4.773717e+01,4.726244e+01,4.673553e+01,4.679838e+01,4.587748e+01,4.559853e+01,4.505142e+01,4.485996e+01,4.466819e+01,4.434788e+01,4.392372e+01,4.384644e+01,4.354969e+01,4.304479e+01,4.304479e+01,4.304479e+01,4.243336e+01,4.243336e+01,4.243336e+01,4.243336e+01,4.196283e+01,4.166120e+01,4.154295e+01,4.154295e+01,4.154295e+01,4.100272e+01,4.112152e+01,4.112152e+01,4.112152e+01,4.112152e+01,4.057928e+01,4.051298e+01,4.051298e+01,4.051298e+01,4.051298e+01,4.051298e+01,4.051298e+01,4.051298e+01,4.051298e+01,4.051298e+01,4.105554e+01,4.094987e+01,4.094987e+01,4.094987e+01,4.094987e+01,4.094987e+01,4.094987e+01,4.094987e+01,4.094987e+01,4.094987e+01,4.094987e+01,4.094987e+01,4.094987e+01,4.094987e+01,4.040681e+01,4.060579e+01,4.084412e+01,4.048645e+01,4.034040e+01,4.019417e+01,4.019417e+01,4.019417e+01,4.019417e+01,4.019417e+01,4.064555e+01,4.064555e+01,4.064555e+01,4.064555e+01,4.064555e+01,4.072502e+01,4.110833e+01,4.110833e+01,4.110833e+01,4.164807e+01,4.126657e+01,4.156924e+01,4.156924e+01,4.156924e+01,4.156924e+01,4.156924e+01,4.187111e+01,4.187111e+01,4.187111e+01,4.187111e+01,4.187111e+01,4.187111e+01,4.187111e+01,4.187111e+01,4.187111e+01,4.187111e+01,4.187111e+01,4.187111e+01,4.187111e+01,4.187111e+01,4.187111e+01,4.155610e+01,4.155610e+01,4.155610e+01,4.155610e+01,4.155610e+01,4.155610e+01,4.101593e+01,4.116110e+01,4.116110e+01,4.116110e+01,4.116110e+01,4.116110e+01,4.116110e+01,4.116110e+01,4.116110e+01,4.116110e+01,4.116110e+01,4.116110e+01,4.116110e+01,4.116110e+01,4.116110e+01,4.116110e+01,4.083089e+01,4.083089e+01,4.083089e+01,4.083089e+01,4.083089e+01,4.083089e+01,4.028725e+01,4.035369e+01,4.026067e+01,4.026067e+01,4.026067e+01,4.080443e+01,4.060579e+01,4.036697e+01,4.072502e+01,4.072502e+01,4.072502e+01,4.126657e+01,4.126657e+01,4.130609e+01,4.130609e+01,4.130609e+01,4.130609e+01,4.183178e+01,4.183178e+01,4.183178e+01,4.183178e+01,4.183178e+01,4.183178e+01,4.236813e+01,4.198902e+01,4.198902e+01,4.198902e+01,4.198902e+01,4.198902e+01,4.198902e+01,4.198902e+01,4.198902e+01,4.198902e+01,4.198902e+01,4.198902e+01,4.198902e+01,4.198902e+01,4.192353e+01,4.154295e+01,4.154295e+01,4.154295e+01,4.154295e+01,4.154295e+01,4.154295e+01,4.154295e+01,4.154295e+01,4.154295e+01,4.154295e+01,4.154295e+01,4.154295e+01,4.154295e+01,4.100272e+01,4.106874e+01,4.121385e+01,4.121385e+01,4.121385e+01,4.121385e+01,4.121385e+01,4.121385e+01,4.121385e+01,4.121385e+01,4.121385e+01,4.121385e+01,4.121385e+01,4.085734e+01,4.085734e+01,4.085734e+01,4.085734e+01,4.085734e+01,4.085734e+01,4.085734e+01,4.034040e+01,4.034040e+01,4.034040e+01,4.034040e+01,4.034040e+01
3.610287e+01,3.650238e+01,3.650238e+01,3.650238e+01,3.650238e+01,3.650238e+01,3.650238e+01,3.706473e+01,3.706473e+01,3.703736e+01,3.702368e+01,3.707841e+01,3.707841e+01,3.763783e+01,3.770586e+01,3.776026e+01,3.785538e+01,3.785538e+01,3.785538e+01,3.785538e+01,3.841090e+01,3.839738e+01,3.818090e+01,3.818090e+01,3.818090e+01,3.818090e+01,3.818090e+01,3.818090e+01,3.818090e+01,3.849196e+01,3.878869e+01,3.892331e+01,3.892331e+01,3.892331e+01,3.947355e+01,3.947355e+01,3.947355e+01,3.947355e+01,4.002111e+01,4.002111e+01,4.010102e+01,4.010102e+01,4.010102e+01,4.010102e+01,4.010102e+01,4.010102e+01,4.010102e+01,4.010102e+01,4.010102e+01,4.064555e+01,4.044664e+01,4.044664e+01,4.044664e+01,4.044664e+01,4.044664e+01,4.044664e+01,4.044664e+01,4.044664e+01,4.044664e+01,4.044664e+01,4.044664e+01,4.044664e+01,4.044664e+01,4.044664e+01,4.044664e+01,4.044664e+01,4.044664e+01,4.044664e+01,4.044664e+01,4.044664e+01,4.044664e+01,4.044664e+01,4.044664e+01,4.044664e+01,4.044664e+01,4.044664e+01,4.044664e+01,4.087056e+01,4.141142e+01,4.139826e+01,4.150351e+01,4.187111e+01,4.187111e+01,4.185801e+01,4.185801e+01,4.185801e+01,4.185801e+01,4.185801e+01,4.225061e+01,4.253766e+01,4.266791e+01,4.316150e+01,4.362718e+01,4.407814e+01,4.452737e+01,4.479607e+01,4.510242e+01,4.552234e+01,4.606729e+01,4.644600e+01,4.692398e+01,4.757497e+01,4.757497e+01,4.839618e+01,4.895290e+01,4.940875e+01,4.978936e+01,5.024210e+01,5.096059e+01,5.152996e+01,5.207266e+01,5.278064e+01,5.313909e+01,5.392411e+01,5.451558e+01,5.542110e+01,5.593566e+01,5.634350e+01,5.705124e+01,5.768607e+01,5.855821e+01,5.906049e+01,5.954950e+01,5.995752e+01,6.082603e+01,6.127499e+01,6.170009e+01,6.251300e+01,6.295635e+01,6.379476e+01,6.444209e+01,6.482465e+01,6.552147e+01,6.618236e+01,6.701214e+01,6.747339e+01,6.791177e+01,6.859337e+01,6.909184e+01,7.006252e+01,7.035664e+01,7.108932e+01,7.202589e+01,7.256429e+01,7.304920e+01,7.391189e+01,7.463715e+01,7.484080e+01,7.555141e+01,7.595596e+01,7.698263e+01,7.755332e+01,7.788274e+01,7.856924e+01,7.894599e+01,7.935145e+01,8.002157e+01,8.078666e+01,8.131414e+01,8.175234e+01,8.257672e+01,8.295352e+01,8.339680e+01,8.370444e+01,8.410731e+01,8.450916e+01,8.488140e+01,8.499577e+01,8.519570e+01,8.600243e+01,8.637123e+01,8.670149e+01,8.735061e+01,8.770699e+01,8.809999e+01,8.849204e+01,8.886456e+01,8.927335e+01,8.919910e+01,8.958855e+01,8.976443e+01,8.976443e+01,9.006022e+01,9.031860e+01,9.031860e+01,9.031860e+01,9.031860e+01,9.051213e+01,9.041079e+01,9.070544e+01,9.059500e+01,9.085256e+01,9.085256e+01,9.085256e+01,9.085256e+01,9.122899e+01,9.122899e+01,9.130234e+01,9.130234e+01,9.092608e+01,9.118313e+01,9.118313e+01,9.118313e+01,9.118313e+01,9.118313e+01,9.118313e+01,9.118313e+01,9.118313e+01,9.118313e+01,9.118313e+01,9.118313e+01,9.118313e+01,9.118313e+01,9.118313e+01,9.118313e+01,9.118313e+01,9.118313e+01,9.118313e+01,9.118313e+01,9.118313e+01,9.118313e+01,9.118313e+01,9.118313e+01,9.086176e+01,9.086176e+01,9.086176e+01,9.086176e+01,9.086176e+01,9.086176e+01,9.086176e+01,9.086176e+01,9.086176e+01,9.086176e+01,9.086176e+01,9.086176e+01,9.048450e+01,9.048450e+01,9.048450e+01,9.048450e+01,9.048450e+01,9.048450e+01,9.048450e+01,9.016177e+01,9.016177e+01,9.016177e+01,9.016177e+01,9.016177e+01,9.016177e+01,9.016177e+01,9.016177e+01,9.016177e+01,8.978293e+01,8.986617e+01,8.986617e+01,8.986617e+01,8.986617e+01,8.986617e+01,8.948664e+01,8.962559e+01,8.943102e+01,8.938467e+01,8.938467e+01,8.938467e+01,8.938467e+01,8.938467e+01,8.938467e+01,8.938467e+01,8.938467e+01,8.900403e+01,8.900403e+01,8.905979e+01,8.905979e+01,8.905979e+01,8.905979e+01,8.897614e+01,8.889246e+01,8.889246e+01,8.889246e+01,8.889246e+01,8.889246e+01,8.889246e+01,8.851069e+01,8.896685e+01,8.870634e+01,8.870634e+01,8.870634e+01,8.870634e+01,8.870634e+01,8.870634e+01,8.870634e+01,8.870634e+01,8.870634e+01,8.870634e+01,8.870634e+01,8.870634e+01,8.870634e+01,8.870634e+01,8.870634e+01,8.870634e+01,8.870634e+01,8.870634e+01,8.870634e+01,8.870634e+01,8.870634e+01,8.870634e+01,8.870634e+01,8.870634e+01,8.870634e+01,8.870634e+01,8.870634e+01,8.899474e+01,8.899474e+01,8.899474e+01,8.899474e+01,8.899474e+01,8.899474e+01,8.899474e+01,8.899474e+01,8.899474e+01,8.899474e+01,8.899474e+01,8.899474e+01,8.899474e+01,8.899474e+01,8.899474e+01,8.899474e+01,8.899474e+01,8.937539e+01,8.937539e+01,8.899474e+01,8.913410e+01,8.913410e+01,8.913410e+01,8.913410e+01,8.913410e+01,8.913410e+01,8.913410e+01,8.913410e+01,8.913410e+01,8.913410e+01,8.913410e+01,8.913410e+01,8.913410e+01,8.951443e+01,8.937539e+01,8.937539e+01,8.937539e+01,8.937539e+01,8.899474e+01,8.913410e+01,8.913410e+01,8.913410e+01,8.875289e+01,8.869703e+01,8.878082e+01,8.865977e+01,8.852001e+01,8.825879e+01,8.813737e+01,8.832413e+01,8.796909e+01,8.749138e+01,8.744447e+01,8.717213e+01,8.692757e+01,8.672977e+01,8.654117e+01,8.619167e+01,8.599297e+01,8.570868e+01,8.511005e+01,8.500529e+01,8.475742e+01,8.446137e+01,8.382925e+01,8.372365e+01,8.351224e+01,8.311749e+01,8.285699e+01,8.246060e+01,8.182040e+01,8.166479e+01,8.113851e+01,8.072794e+01,8.051244e+01,8.004123e+01,7.965730e+01,7.886675e+01,7.859901e+01,7.831093e+01,7.769317e+01,7.733331e+01,7.661102e+01,7.607710e+01,7.571336e+01,7.476955e+01,7.431071e+01,7.387093e+01,7.347091e+01,7.281210e+01,7.236780e+01,7.153754e+01,7.102666e+01,7.063969e+01,7.024117e+01,6.953579e+01,6.865710e+01,6.821038e+01,6.759114e+01,6.718394e+01,6.636598e+01,6.590105e+01,6.560832e+01,6.466083e+01,6.411332e+01,6.342032e+01,6.298954e+01,6.256849e+01,6.192329e+01,6.115167e+01,6.046579e+01,5.995752e+01,5.906049e+01,5.868396e+01,5.798509e+01,5.714378e+01,5.668045e+01,5.581889e+01,5.529213e+01,5.477496e+01,5.410184e+01,5.354411e+01,5.288828e+01,5.214484e+01,5.152996e+01,5.096059e+01,5.021767e+01,4.980162e+01,4.924878e+01,4.875525e+01,4.808577e+01,4.766233e+01,4.718731e+01,4.691143e+01,4.666007e+01,4.586481e+01,4.592812e+01,4.542068e+01,4.503866e+01,4.470657e+01,4.420667e+01,4.410386e+01,4.388509e+01,4.340751e+01,4.322629e+01,4.322629e+01,4.269394e+01,4.255069e+01,4.255069e+01,4.201521e+01,4.201521e+01,4.192353e+01,4.171371e+01,4.171371e+01,4.171371e+01,4.117429e+01,4.112152e+01,4.112152e+01,4.112152e+01,4.112152e+01,4.057928e+01,4.073826e+01,4.073826e+01,4.073826e+01,4.073826e+01,4.073826e+01,4.073826e+01,4.073826e+01,4.073826e+01,4.073826e+01,4.073826e+01,4.073826e+01,4.073826e+01,4.127974e+01,4.108194e+01,4.108194e+01,4.108194e+01,4.108194e+01,4.108194e+01,4.108194e+01,4.108194e+01,4.108194e+01,4.108194e+01,4.053951e+01,4.053951e+01,4.052624e+01,4.052624e+01,4.052624e+01,4.052624e+01,4.052624e+01,4.052624e+01,4.052624e+01,4.052624e+01,4.052624e+01,4.052624e+01,4.052624e+01,4.052624e+01,4.052624e+01,4.052624e+01,4.106874e+01,4.105554e+01,4.108194e+01,4.108194e+01,4.162180e+01,4.152981e+01,4.145090e+01,4.151666e+01,4.151666e+01,4.151666e+01,4.151666e+01,4.205447e+01,4.193663e+01,4.193663e+01,4.193663e+01,4.193663e+01,4.193663e+01,4.193663e+01,4.193663e+01,4.193663e+01,4.193663e+01,4.193663e+01,4.193663e+01,4.193663e+01,4.193663e+01,4.139826e+01,4.150351e+01,4.152981e+01,4.152981e+01,4.152981e+01,4.152981e+01,4.152981e+01,4.152981e+01,4.152981e+01,4.152981e+01,4.116110e+01,4.116110e+01,4.116110e+01,4.116110e+01,4.116110e+01,4.116110e+01,4.116110e+01,4.116110e+01,4.116110e+01,4.116110e+01,4.116110e+01,4.116110e+01,4.116110e+01,4.061905e+01,4.073826e+01,4.073826e+01,4.073826e+01,4.073826e+01,4.073826e+01,4.073826e+01,4.073826e+01,4.073826e+01,4.073826e+01,4.026067e+01,4.052624e+01,4.061905e+01,4.061905e+01,4.061905e+01,4.061905e+01,4.116110e+01,4.104234e+01,4.114791e+01,4.114791e+01,4.114791e+01,4.114791e+01,4.168746e+01,4.168746e+01,4.171371e+01,4.171371e+01,4.171371e+01,4.225061e+01,4.205447e+01,4.231591e+01,4.225061e+01,4.204139e+01,4.204139e+01,4.204139e+01,4.204139e+01,4.204139e+01,4.204139e+01,4.204139e+01,4.204139e+01,4.204139e+01,4.204139e+01,4.204139e+01,4.204139e+01,4.204139e+01,4.150351e+01,4.152981e+01,4.152981e+01,4.152981e+01,4.152981e+01,4.152981e+01,4.152981e+01,4.152981e+01,4.152981e+01,4.152981e+01,4.152981e+01,4.152981e+01,4.152981e+01,4.152981e+01,4.152981e+01,4.106874e+01,4.160866e+01,4.141142e+01,4.141142e+01,4.141142e+01,4.087056e+01,4.106874e+01,4.106874e+01,4.106874e+01,4.106874e+01,4.106874e+01,4.106874e+01,4.106874e+01,4.106874e+01,4.106874e+01,4.106874e+01,4.106874e+01,4.106874e+01,4.052624e+01,4.045991e+01,4.045991e+01,4.045991e+01,4.045991e+01,4.045991e+01
3.622702e+01,3.644736e+01,3.644736e+01,3.644736e+01,3.644736e+01,3.644736e+01,3.644736e+01,3.644736e+01,3.706473e+01,3.706473e+01,3.706473e+01,3.706473e+01,3.762422e+01,3.747440e+01,3.747440e+01,3.747440e+01,3.785538e+01,3.785538e+01,3.785538e+01,3.785538e+01,3.785538e+01,3.839738e+01,3.839738e+01,3.839738e+01,3.839738e+01,3.839738e+01,3.839738e+01,3.839738e+01,3.839738e+01,3.839738e+01,3.839738e+01,3.892331e+01,3.892331e+01,3.892331e+01,3.892331e+01,3.947355e+01,3.947355e+01,3.947355e+01,3.947355e+01,4.002111e+01,4.002111e+01,4.002111e+01,4.002111e+01,4.056602e+01,4.019417e+01,4.019417e+01,4.019417e+01,4.019417e+01,4.019417e+01,4.019417e+01,4.019417e+01,4.019417e+01,4.019417e+01,4.019417e+01,4.019417e+01,4.073826e+01,4.053951e+01,4.053951e+01,4.053951e+01,4.053951e+01,4.053951e+01,4.053951e+01,4.053951e+01,4.053951e+01,4.053951e+01,4.053951e+01,4.053951e+01,4.053951e+01,4.053951e+01,4.053951e+01,4.053951e+01,4.053951e+01,4.053951e+01,4.053951e+01,4.053951e+01,4.053951e+01,4.053951e+01,4.087056e+01,4.122703e+01,4.122703e+01,4.150351e+01,4.181867e+01,4.181867e+01,4.181867e+01,4.181867e+01,4.181867e+01,4.181867e+01,4.181867e+01,4.225061e+01,4.248552e+01,4.287599e+01,4.323924e+01,4.370461e+01,4.415527e+01,4.454018e+01,4.484719e+01,4.528075e+01,4.559853e+01,4.607993e+01,4.662232e+01,4.699928e+01,4.740005e+01,4.816034e+01,4.859442e+01,4.852011e+01,4.918720e+01,4.974032e+01,5.025431e+01,5.102128e+01,5.159038e+01,5.213282e+01,5.279260e+01,5.330602e+01,5.398338e+01,5.457458e+01,5.547967e+01,5.599400e+01,5.640166e+01,5.710908e+01,5.774362e+01,5.861538e+01,5.911744e+01,5.960625e+01,6.001409e+01,6.042068e+01,6.119653e+01,6.167775e+01,6.254630e+01,6.301167e+01,6.339826e+01,6.436544e+01,6.479190e+01,6.553233e+01,6.622559e+01,6.661404e+01,6.738769e+01,6.785839e+01,6.857212e+01,6.922939e+01,6.997837e+01,7.084899e+01,7.125626e+01,7.163119e+01,7.247124e+01,7.297708e+01,7.386068e+01,7.444341e+01,7.486115e+01,7.557166e+01,7.610738e+01,7.647017e+01,7.733331e+01,7.787277e+01,7.817165e+01,7.883703e+01,7.925266e+01,7.993304e+01,8.030647e+01,8.111898e+01,8.155773e+01,8.198555e+01,8.264442e+01,8.310785e+01,8.363720e+01,8.403065e+01,8.442313e+01,8.466198e+01,8.488140e+01,8.522424e+01,8.560432e+01,8.624839e+01,8.656947e+01,8.720972e+01,8.755703e+01,8.794103e+01,8.832413e+01,8.868771e+01,8.896685e+01,8.936612e+01,8.945883e+01,8.945883e+01,8.976443e+01,9.009715e+01,9.028172e+01,9.028172e+01,9.028172e+01,9.028172e+01,9.051213e+01,9.051213e+01,9.066863e+01,9.069624e+01,9.081580e+01,9.081580e+01,9.081580e+01,9.081580e+01,9.081580e+01,9.081580e+01,9.092608e+01,9.100874e+01,9.105466e+01,9.114643e+01,9.114643e+01,9.114643e+01,9.114643e+01,9.114643e+01,9.114643e+01,9.114643e+01,9.114643e+01,9.114643e+01,9.114643e+01,9.114643e+01,9.114643e+01,9.114643e+01,9.114643e+01,9.114643e+01,9.114643e+01,9.114643e+01,9.114643e+01,9.114643e+01,9.114643e+01,9.114643e+01,9.114643e+01,9.114643e+01,9.086176e+01,9.086176e+01,9.086176e+01,9.086176e+01,9.086176e+01,9.086176e+01,9.086176e+01,9.086176e+01,9.086176e+01,9.086176e+01,9.048450e+01,9.056738e+01,9.056738e+01,9.056738e+01,9.056738e+01,9.056738e+01,9.056738e+01,9.056738e+01,9.056738e+01,9.016177e+01,9.016177e+01,9.016177e+01,9.016177e+01,9.016177e+01,9.016177e+01,9.016177e+01,9.016177e+01,9.016177e+01,8.978293e+01,8.978293e+01,8.978293e+01,8.978293e+01,8.978293e+01,8.978293e+01,8.978293e+01,8.940321e+01,8.942175e+01,8.942175e+01,8.942175e+01,8.942175e+01,8.904121e+01,8.930119e+01,8.930119e+01,8.930119e+01,8.930119e+01,8.900403e+01,8.900403e+01,8.900403e+01,8.900403e+01,8.900403e+01,8.900403e+01,8.900403e+01,8.900403e+01,8.862252e+01,8.876220e+01,8.876220e+01,8.876220e+01,8.876220e+01,8.876220e+01,8.876220e+01,8.876220e+01,8.876220e+01,8.876220e+01,8.876220e+01,8.876220e+01,8.876220e+01,8.876220e+01,8.876220e+01,8.876220e+01,8.876220e+01,8.876220e+01,8.838012e+01,8.864115e+01,8.864115e+01,8.864115e+01,8.864115e+01,8.864115e+01,8.864115e+01,8.864115e+01,8.864115e+01,8.864115e+01,8.864115e+01,8.864115e+01,8.864115e+01,8.864115e+01,8.864115e+01,8.864115e+01,8.864115e+01,8.899474e+01,8.899474e+01,8.899474e+01,8.899474e+01,8.899474e+01,8.899474e+01,8.899474e+01,8.899474e+01,8.899474e+01,8.899474e+01,8.899474e+01,8.899474e+01,8.899474e+01,8.899474e+01,8.899474e+01,8.899474e+01,8.899474e+01,8.899474e+01,8.899474e+01,8.899474e+01,8.937539e+01,8.923623e+01,8.923623e+01,8.923623e+01,8.923623e+01,8.923623e+01,8.923623e+01,8.923623e+01,8.923623e+01,8.923623e+01,8.923623e+01,8.923623e+01,8.923623e+01,8.923623e+01,8.923623e+01,8.923623e+01,8.923623e+01,8.923623e+01,8.923623e+01,8.923623e+01,8.923623e+01,8.913410e+01,8.881804e+01,8.881804e+01,8.843609e+01,8.844542e+01,8.829613e+01,8.829613e+01,8.791296e+01,8.776319e+01,8.757578e+01,8.742570e+01,8.713453e+01,8.727548e+01,8.660720e+01,8.634290e+01,8.616330e+01,8.595509e+01,8.556635e+01,8.524327e+01,8.503387e+01,8.474788e+01,8.431793e+01,8.396355e+01,8.375246e+01,8.339680e+01,8.310785e+01,8.271209e+01,8.207291e+01,8.193699e+01,8.157721e+01,8.114827e+01,8.072794e+01,8.036534e+01,8.005106e+01,7.967702e+01,7.887666e+01,7.856924e+01,7.816170e+01,7.770315e+01,7.694250e+01,7.645004e+01,7.607710e+01,7.556154e+01,7.488150e+01,7.442300e+01,7.398355e+01,7.316246e+01,7.272955e+01,7.235744e+01,7.152714e+01,7.101621e+01,7.062921e+01,6.979940e+01,6.936683e+01,6.863586e+01,6.818907e+01,6.756974e+01,6.716248e+01,6.634440e+01,6.589022e+01,6.544543e+01,6.463897e+01,6.409137e+01,6.339826e+01,6.251300e+01,6.233524e+01,6.183406e+01,6.111802e+01,6.043196e+01,5.992357e+01,5.902630e+01,5.864968e+01,5.795062e+01,5.710908e+01,5.664564e+01,5.578384e+01,5.525694e+01,5.473962e+01,5.406631e+01,5.301972e+01,5.269685e+01,5.209673e+01,5.148160e+01,5.091201e+01,5.016879e+01,4.975258e+01,4.919952e+01,4.870578e+01,4.803603e+01,4.761242e+01,4.717478e+01,4.696163e+01,4.644600e+01,4.604200e+01,4.577612e+01,4.540797e+01,4.498763e+01,4.503866e+01,4.457859e+01,4.375620e+01,4.375620e+01,4.358844e+01,4.358844e+01,4.322629e+01,4.287599e+01,4.287599e+01,4.255069e+01,4.219834e+01,4.219834e+01,4.192353e+01,4.192353e+01,4.138510e+01,4.138510e+01,4.129292e+01,4.129292e+01,4.129292e+01,4.129292e+01,4.129292e+01,4.112152e+01,4.075150e+01,4.075150e+01,4.075150e+01,4.075150e+01,4.075150e+01,4.075150e+01,4.075150e+01,4.075150e+01,4.075150e+01,4.075150e+01,4.075150e+01,4.075150e+01,4.127974e+01,4.127974e+01,4.127974e+01,4.127974e+01,4.127974e+01,4.127974e+01,4.127974e+01,4.127974e+01,4.127974e+01,4.073826e+01,4.065880e+01,4.065880e+01,4.065880e+01,4.065880e+01,4.065880e+01,4.065880e+01,4.065880e+01,4.065880e+01,4.011433e+01,4.032712e+01,4.032712e+01,4.032712e+01,4.087056e+01,4.065880e+01,4.065880e+01,4.065880e+01,4.065880e+01,4.065880e+01,4.108194e+01,4.135877e+01,4.150351e+01,4.150351e+01,4.150351e+01,4.150351e+01,4.150351e+01,4.150351e+01,4.204139e+01,4.189733e+01,4.189733e+01,4.189733e+01,4.189733e+01,4.189733e+01,4.243336e+01,4.206756e+01,4.206756e+01,4.206756e+01,4.206756e+01,4.206756e+01,4.206756e+01,4.206756e+01,4.152981e+01,4.151666e+01,4.151666e+01,4.151666e+01,4.151666e+01,4.151666e+01,4.151666e+01,4.151666e+01,4.151666e+01,4.151666e+01,4.151666e+01,4.151666e+01,4.116110e+01,4.116110e+01,4.116110e+01,4.116110e+01,4.116110e+01,4.116110e+01,4.116110e+01,4.116110e+01,4.116110e+01,4.116110e+01,4.116110e+01,4.061905e+01,4.077797e+01,4.077797e+01,4.077797e+01,4.077797e+01,4.077797e+01,4.077797e+01,4.077797e+01,4.023407e+01,4.060579e+01,4.032712e+01,4.038025e+01,4.038025e+01,4.038025e+01,4.092345e+01,4.071178e+01,4.098951e+01,4.104234e+01,4.104234e+01,4.104234e+01,4.104234e+01,4.104234e+01,4.158238e+01,4.152981e+01,4.152981e+01,4.152981e+01,4.152981e+01,4.206756e+01,4.213297e+01,4.213297e+01,4.213297e+01,4.213297e+01,4.213297e+01,4.213297e+01,4.213297e+01,4.213297e+01,4.213297e+01,4.213297e+01,4.213297e+01,4.213297e+01,4.213297e+01,4.213297e+01,4.213297e+01,4.159552e+01,4.171371e+01,4.162180e+01,4.162180e+01,4.162180e+01,4.162180e+01,4.162180e+01,4.162180e+01,4.162180e+01,4.162180e+01,4.162180e+01,4.162180e+01,4.162180e+01,4.162180e+01,4.162180e+01,4.162180e+01,4.162180e+01,4.106874e+01,4.142458e+01,4.142458e+01,4.088379e+01,4.100272e+01,4.098951e+01,4.098951e+01,4.098951e+01,4.098951e+01,4.098951e+01,4.098951e+01,4.098951e+01,4.098951e+01,4.098951e+01,4.098951e+01,4.098951e+01,4.044664e+01,4.056602e+01,4.068529e+01,4.068529e+01,4.068529e+01,4.068529e+01,4.068529e+01,4.068529e+01
3.622702e+01,3.622702e+01,3.622702e+01,3.622702e+01,3.622702e+01,3.679078e+01,3.657112e+01,3.685933e+01,3.694154e+01,3.694154e+01,3.694154e+01,3.694154e+01,3.706473e+01,3.744713e+01,3.744713e+01,3.744713e+01,3.785538e+01,3.785538e+01,3.785538e+01,3.785538e+01,3.785538e+01,3.839738e+01,3.839738e+01,3.839738e+01,3.839738e+01,3.839738e+01,3.839738e+01,3.839738e+01,3.839738e+01,3.839738e+01,3.839738e+01,3.892331e+01,3.892331e+01,3.892331e+01,3.892331e+01,3.947355e+01,3.947355e+01,3.947355e+01,3.947355e+01,4.002111e+01,4.002111e+01,4.002111e+01,4.002111e+01,4.002111e+01,4.002111e+01,4.056602e+01,4.035369e+01,4.035369e+01,4.035369e+01,4.035369e+01,4.035369e+01,4.035369e+01,4.035369e+01,4.035369e+01,4.035369e+01,4.035369e+01,4.035369e+01,4.035369e+01,4.035369e+01,4.035369e+01,4.035369e+01,4.035369e+01,4.035369e+01,4.035369e+01,4.035369e+01,4.035369e+01,4.035369e+01,4.035369e+01,4.035369e+01,4.035369e+01,4.035369e+01,4.035369e+01,4.035369e+01,4.035369e+01,4.035369e+01,4.089701e+01,4.088379e+01,4.094987e+01,4.117429e+01,4.131926e+01,4.155610e+01,4.176620e+01,4.176620e+01,4.176620e+01,4.176620e+01,4.176620e+01,4.176620e+01,4.176620e+01,4.225061e+01,4.262885e+01,4.292796e+01,4.342044e+01,4.375620e+01,4.416813e+01,4.459140e+01,4.502591e+01,4.529348e+01,4.577612e+01,4.613049e+01,4.663491e+01,4.704945e+01,4.757497e+01,4.769976e+01,4.873052e+01,4.891587e+01,4.928571e+01,4.977710e+01,5.029094e+01,5.105769e+01,5.162661e+01,5.216889e+01,5.282849e+01,5.334176e+01,5.401893e+01,5.460996e+01,5.551480e+01,5.602900e+01,5.643654e+01,5.714378e+01,5.777814e+01,5.864968e+01,5.915161e+01,5.964029e+01,6.004802e+01,6.045451e+01,6.123016e+01,6.171126e+01,6.212386e+01,6.291208e+01,6.332103e+01,6.431068e+01,6.475915e+01,6.552147e+01,6.579271e+01,6.649545e+01,6.728049e+01,6.819972e+01,6.865710e+01,6.925055e+01,6.999941e+01,7.044056e+01,7.115194e+01,7.196365e+01,7.255395e+01,7.299770e+01,7.346064e+01,7.434135e+01,7.476955e+01,7.549063e+01,7.603674e+01,7.682204e+01,7.749335e+01,7.788274e+01,7.831093e+01,7.885684e+01,7.967702e+01,8.009039e+01,8.033591e+01,8.114827e+01,8.158694e+01,8.201467e+01,8.267342e+01,8.313677e+01,8.327165e+01,8.394437e+01,8.434663e+01,8.462379e+01,8.458559e+01,8.512908e+01,8.552837e+01,8.619167e+01,8.653173e+01,8.680515e+01,8.742570e+01,8.782874e+01,8.823077e+01,8.860388e+01,8.900403e+01,8.923623e+01,8.923623e+01,8.945883e+01,8.978293e+01,8.958855e+01,9.003251e+01,9.018024e+01,9.055817e+01,9.054897e+01,9.053056e+01,9.053056e+01,9.053056e+01,9.053056e+01,9.081580e+01,9.081580e+01,9.081580e+01,9.081580e+01,9.081580e+01,9.081580e+01,9.081580e+01,9.081580e+01,9.081580e+01,9.114643e+01,9.114643e+01,9.114643e+01,9.114643e+01,9.114643e+01,9.114643e+01,9.114643e+01,9.114643e+01,9.114643e+01,9.114643e+01,9.114643e+01,9.114643e+01,9.114643e+01,9.114643e+01,9.114643e+01,9.114643e+01,9.114643e+01,9.114643e+01,9.114643e+01,9.114643e+01,9.114643e+01,9.114643e+01,9.114643e+01,9.086176e+01,9.086176e+01,9.086176e+01,9.086176e+01,9.086176e+01,9.086176e+01,9.086176e+01,9.086176e+01,9.086176e+01,9.048450e+01,9.059500e+01,9.059500e+01,9.059500e+01,9.059500e+01,9.059500e+01,9.021714e+01,9.047529e+01,9.047529e+01,9.047529e+01,9.047529e+01,9.047529e+01,9.016177e+01,9.016177e+01,9.016177e+01,9.016177e+01,9.016177e+01,9.016177e+01,9.016177e+01,8.978293e+01,8.978293e+01,8.978293e+01,8.978293e+01,8.978293e+01,8.978293e+01,8.978293e+01,8.940321e+01,8.940321e+01,8.940321e+01,8.940321e+01,8.940321e+01,8.940321e+01,8.940321e+01,8.902262e+01,8.917125e+01,8.906908e+01,8.902262e+01,8.902262e+01,8.902262e+01,8.902262e+01,8.902262e+01,8.902262e+01,8.902262e+01,8.902262e+01,8.900403e+01,8.874358e+01,8.874358e+01,8.874358e+01,8.874358e+01,8.874358e+01,8.874358e+01,8.874358e+01,8.874358e+01,8.874358e+01,8.874358e+01,8.874358e+01,8.874358e+01,8.874358e+01,8.874358e+01,8.874358e+01,8.874358e+01,8.874358e+01,8.838012e+01,8.860388e+01,8.860388e+01,8.860388e+01,8.860388e+01,8.860388e+01,8.860388e+01,8.860388e+01,8.860388e+01,8.860388e+01,8.860388e+01,8.860388e+01,8.860388e+01,8.860388e+01,8.860388e+01,8.860388e+01,8.898544e+01,8.888316e+01,8.888316e+01,8.888316e+01,8.888316e+01,8.888316e+01,8.888316e+01,8.888316e+01,8.888316e+01,8.888316e+01,8.888316e+01,8.888316e+01,8.926407e+01,8.911552e+01,8.911552e+01,8.911552e+01,8.911552e+01,8.911552e+01,8.911552e+01,8.911552e+01,8.911552e+01,8.911552e+01,8.911552e+01,8.911552e+01,8.911552e+01,8.911552e+01,8.911552e+01,8.911552e+01,8.911552e+01,8.911552e+01,8.911552e+01,8.911552e+01,8.911552e+01,8.911552e+01,8.911552e+01,8.911552e+01,8.911552e+01,8.911552e+01,8.911552e+01,8.911552e+01,8.911552e+01,8.911552e+01,8.911552e+01,8.881804e+01,8.862252e+01,8.852001e+01,8.852001e+01,8.829613e+01,8.809999e+01,8.761328e+01,8.776319e+01,8.737878e+01,8.738816e+01,8.717213e+01,8.669206e+01,8.657890e+01,8.638068e+01,8.609708e+01,8.583193e+01,8.554736e+01,8.523376e+01,8.499577e+01,8.462379e+01,8.429879e+01,8.395396e+01,8.362759e+01,8.338718e+01,8.298248e+01,8.269276e+01,8.220871e+01,8.185927e+01,8.115804e+01,8.099200e+01,8.069857e+01,7.995272e+01,7.984447e+01,7.919335e+01,7.884694e+01,7.844014e+01,7.772311e+01,7.754333e+01,7.690236e+01,7.640977e+01,7.603674e+01,7.552103e+01,7.484080e+01,7.438218e+01,7.394260e+01,7.312129e+01,7.268825e+01,7.189098e+01,7.136050e+01,7.096397e+01,7.014661e+01,6.963074e+01,6.930341e+01,6.857212e+01,6.812513e+01,6.750552e+01,6.709807e+01,6.672174e+01,6.595519e+01,6.501009e+01,6.446397e+01,6.402551e+01,6.333207e+01,6.266833e+01,6.224628e+01,6.176709e+01,6.105070e+01,5.990093e+01,5.971967e+01,5.894650e+01,5.856964e+01,5.787016e+01,5.702810e+01,5.656437e+01,5.570202e+01,5.517477e+01,5.465713e+01,5.398338e+01,5.299583e+01,5.254110e+01,5.201248e+01,5.139693e+01,5.082695e+01,5.058360e+01,4.981388e+01,4.918720e+01,4.863155e+01,4.796139e+01,4.804847e+01,4.752502e+01,4.691143e+01,4.642079e+01,4.599140e+01,4.572541e+01,4.524256e+01,4.516614e+01,4.488551e+01,4.451455e+01,4.393660e+01,4.393660e+01,4.358844e+01,4.344630e+01,4.317446e+01,4.292796e+01,4.278500e+01,4.249856e+01,4.225061e+01,4.210681e+01,4.197593e+01,4.168746e+01,4.156924e+01,4.156924e+01,4.156924e+01,4.129292e+01,4.129292e+01,4.129292e+01,4.129292e+01,4.075150e+01,4.077797e+01,4.077797e+01,4.077797e+01,4.077797e+01,4.077797e+01,4.077797e+01,4.077797e+01,4.077797e+01,4.077797e+01,4.077797e+01,4.077797e+01,4.077797e+01,4.127974e+01,4.127974e+01,4.127974e+01,4.127974e+01,4.127974e+01,4.127974e+01,4.127974e+01,4.073826e+01,4.085734e+01,4.084412e+01,4.084412e+01,4.084412e+01,4.084412e+01,4.084412e+01,4.030054e+01,4.051298e+01,4.051298e+01,4.051298e+01,4.051298e+01,4.051298e+01,4.051298e+01,4.051298e+01,4.051298e+01,4.051298e+01,4.051298e+01,4.105554e+01,4.084412e+01,4.098951e+01,4.114791e+01,4.130609e+01,4.130609e+01,4.130609e+01,4.130609e+01,4.130609e+01,4.184489e+01,4.184489e+01,4.193663e+01,4.193663e+01,4.193663e+01,4.193663e+01,4.193663e+01,4.193663e+01,4.193663e+01,4.193663e+01,4.193663e+01,4.193663e+01,4.193663e+01,4.193663e+01,4.193663e+01,4.193663e+01,4.193663e+01,4.193663e+01,4.151666e+01,4.151666e+01,4.151666e+01,4.151666e+01,4.151666e+01,4.151666e+01,4.151666e+01,4.151666e+01,4.151666e+01,4.151666e+01,4.151666e+01,4.151666e+01,4.116110e+01,4.116110e+01,4.116110e+01,4.116110e+01,4.116110e+01,4.116110e+01,4.116110e+01,4.116110e+01,4.061905e+01,4.077797e+01,4.077797e+01,4.077797e+01,4.077797e+01,4.077797e+01,4.077797e+01,4.077797e+01,4.077797e+01,4.077797e+01,4.023407e+01,4.026067e+01,4.026067e+01,4.026067e+01,4.080443e+01,4.081766e+01,4.085734e+01,4.093666e+01,4.093666e+01,4.093666e+01,4.093666e+01,4.093666e+01,4.147721e+01,4.142458e+01,4.196283e+01,4.159552e+01,4.213297e+01,4.201521e+01,4.191043e+01,4.191043e+01,4.244640e+01,4.223754e+01,4.223754e+01,4.223754e+01,4.223754e+01,4.223754e+01,4.223754e+01,4.223754e+01,4.223754e+01,4.223754e+01,4.170059e+01,4.206756e+01,4.206756e+01,4.206756e+01,4.206756e+01,4.206756e+01,4.206756e+01,4.206756e+01,4.206756e+01,4.162180e+01,4.162180e+01,4.162180e+01,4.162180e+01,4.162180e+01,4.162180e+01,4.162180e+01,4.162180e+01,4.162180e+01,4.162180e+01,4.162180e+01,4.162180e+01,4.162180e+01,4.162180e+01,4.108194e+01,4.098951e+01,4.098951e+01,4.098951e+01,4.098951e+01,4.098951e+01,4.098951e+01,4.098951e+01,4.098951e+01,4.098951e+01,4.098951e+01,4.098951e+01,4.098951e+01,4.098951e+01,4.098951e+01,4.098951e+01,4.098951e+01,4.098951e+01,4.098951e+01,4.098951e+01,4.098951e+01,4.068529e+01
3.622702e+01,3.622702e+01,3.622702e+01,3.622702e+01,3.622702e+01,3.679078e+01,3.672218e+01,3.680449e+01,3.680449e+01,3.680449e+01,3.680449e+01,3.680449e+01,3.736530e+01,3.741986e+01,3.741986e+01,3.741986e+01,3.741986e+01,3.785538e+01,3.785538e+01,3.785538e+01,3.785538e+01,3.785538e+01,3.785538e+01,3.839738e+01,3.839738e+01,3.839738e+01,3.839738e+01,3.839738e+01,3.839738e+01,3.839738e+01,3.895021e+01,3.878869e+01,3.878869e+01,3.933960e+01,3.933960e+01,3.936640e+01,3.936640e+01,3.991448e+01,3.979440e+01,3.991448e+01,3.991448e+01,3.991448e+01,4.045991e+01,4.008770e+01,4.038025e+01,4.045991e+01,4.045991e+01,4.045991e+01,4.045991e+01,4.045991e+01,4.045991e+01,4.045991e+01,4.045991e+01,4.045991e+01,4.045991e+01,4.045991e+01,4.045991e+01,4.045991e+01,4.045991e+01,4.045991e+01,4.045991e+01,4.045991e+01,4.045991e+01,4.045991e+01,4.045991e+01,4.045991e+01,4.045991e+01,4.045991e+01,4.045991e+01,4.045991e+01,4.045991e+01,4.045991e+01,4.045991e+01,4.045991e+01,4.045991e+01,4.089701e+01,4.089701e+01,4.089701e+01,4.117429e+01,4.171371e+01,4.150351e+01,4.204139e+01,4.183178e+01,4.183178e+01,4.183178e+01,4.183178e+01,4.183178e+01,4.183178e+01,4.225061e+01,4.214605e+01,4.287599e+01,4.339457e+01,4.376910e+01,4.380777e+01,4.397522e+01,4.462980e+01,4.519162e+01,4.570004e+01,4.620629e+01,4.618103e+01,4.696163e+01,4.731250e+01,4.783687e+01,4.855727e+01,4.887882e+01,4.939645e+01,4.982613e+01,5.033977e+01,5.110621e+01,5.167491e+01,5.221698e+01,5.287632e+01,5.338940e+01,5.406631e+01,5.465713e+01,5.556164e+01,5.607564e+01,5.648304e+01,5.719001e+01,5.782416e+01,5.822610e+01,5.906049e+01,5.959490e+01,6.004802e+01,6.049960e+01,6.127499e+01,6.175593e+01,6.216839e+01,6.295635e+01,6.336517e+01,6.435449e+01,6.480282e+01,6.554318e+01,6.592271e+01,6.653859e+01,6.732338e+01,6.780498e+01,6.857212e+01,6.919766e+01,6.954634e+01,7.029366e+01,7.102666e+01,7.185983e+01,7.247124e+01,7.293586e+01,7.341955e+01,7.432092e+01,7.476955e+01,7.551089e+01,7.605692e+01,7.642990e+01,7.698263e+01,7.765323e+01,7.828109e+01,7.883703e+01,7.926254e+01,7.984447e+01,8.031628e+01,8.073773e+01,8.145060e+01,8.187870e+01,8.214082e+01,8.306928e+01,8.341605e+01,8.354108e+01,8.410731e+01,8.441357e+01,8.471925e+01,8.511956e+01,8.550938e+01,8.577506e+01,8.627675e+01,8.676746e+01,8.736938e+01,8.775383e+01,8.813737e+01,8.849204e+01,8.852933e+01,8.885526e+01,8.910624e+01,8.944029e+01,8.955150e+01,8.965337e+01,8.990314e+01,8.987541e+01,8.994936e+01,9.020792e+01,9.046607e+01,9.046607e+01,9.046607e+01,9.046607e+01,9.046607e+01,9.046607e+01,9.081580e+01,9.081580e+01,9.081580e+01,9.081580e+01,9.081580e+01,9.081580e+01,9.081580e+01,9.081580e+01,9.114643e+01,9.114643e+01,9.114643e+01,9.114643e+01,9.114643e+01,9.114643e+01,9.114643e+01,9.114643e+01,9.114643e+01,9.114643e+01,9.114643e+01,9.114643e+01,9.114643e+01,9.114643e+01,9.114643e+01,9.114643e+01,9.114643e+01,9.114643e+01,9.114643e+01,9.114643e+01,9.076982e+01,9.084338e+01,9.092608e+01,9.092608e+01,9.092608e+01,9.092608e+01,9.092608e+01,9.092608e+01,9.054897e+01,9.080660e+01,9.061341e+01,9.055817e+01,9.055817e+01,9.055817e+01,9.055817e+01,9.055817e+01,9.055817e+01,9.055817e+01,9.055817e+01,9.055817e+01,9.018024e+01,8.994936e+01,9.003251e+01,9.014332e+01,9.014332e+01,9.014332e+01,9.014332e+01,9.014332e+01,9.014332e+01,9.014332e+01,8.978293e+01,8.978293e+01,8.978293e+01,8.978293e+01,8.978293e+01,8.978293e+01,8.978293e+01,8.978293e+01,8.940321e+01,8.940321e+01,8.940321e+01,8.940321e+01,8.940321e+01,8.940321e+01,8.902262e+01,8.902262e+01,8.902262e+01,8.902262e+01,8.902262e+01,8.902262e+01,8.902262e+01,8.902262e+01,8.902262e+01,8.902262e+01,8.902262e+01,8.902262e+01,8.902262e+01,8.874358e+01,8.874358e+01,8.874358e+01,8.874358e+01,8.874358e+01,8.874358e+01,8.874358e+01,8.874358e+01,8.874358e+01,8.874358e+01,8.874358e+01,8.874358e+01,8.874358e+01,8.874358e+01,8.874358e+01,8.874358e+01,8.874358e+01,8.836146e+01,8.851069e+01,8.851069e+01,8.851069e+01,8.851069e+01,8.851069e+01,8.851069e+01,8.851069e+01,8.851069e+01,8.851069e+01,8.851069e+01,8.851069e+01,8.851069e+01,8.851069e+01,8.889246e+01,8.891106e+01,8.891106e+01,8.891106e+01,8.891106e+01,8.891106e+01,8.891106e+01,8.891106e+01,8.891106e+01,8.891106e+01,8.891106e+01,8.891106e+01,8.891106e+01,8.891106e+01,8.891106e+01,8.891106e+01,8.911552e+01,8.911552e+01,8.911552e+01,8.911552e+01,8.911552e+01,8.911552e+01,8.911552e+01,8.911552e+01,8.911552e+01,8.911552e+01,8.911552e+01,8.911552e+01,8.911552e+01,8.911552e+01,8.911552e+01,8.911552e+01,8.911552e+01,8.911552e+01,8.911552e+01,8.911552e+01,8.911552e+01,8.911552e+01,8.911552e+01,8.911552e+01,8.911552e+01,8.911552e+01,8.911552e+01,8.873427e+01,8.867841e+01,8.865977e+01,8.827746e+01,8.828680e+01,8.824011e+01,8.798780e+01,8.774446e+01,8.756641e+01,8.745386e+01,8.735061e+01,8.705930e+01,8.682399e+01,8.660720e+01,8.638068e+01,8.606869e+01,8.541439e+01,8.530984e+01,8.520522e+01,8.488140e+01,8.464288e+01,8.433706e+01,8.361798e+01,8.358915e+01,8.327165e+01,8.297282e+01,8.257672e+01,8.221841e+01,8.187870e+01,8.131414e+01,8.063982e+01,8.012969e+01,8.007072e+01,7.935145e+01,7.903509e+01,7.885684e+01,7.805217e+01,7.784286e+01,7.744336e+01,7.690236e+01,7.640977e+01,7.603674e+01,7.552103e+01,7.484080e+01,7.438218e+01,7.352225e+01,7.295647e+01,7.225392e+01,7.172477e+01,7.133966e+01,7.094308e+01,7.012560e+01,6.962020e+01,6.917651e+01,6.855087e+01,6.810381e+01,6.748410e+01,6.663558e+01,6.646310e+01,6.585773e+01,6.497738e+01,6.443114e+01,6.399257e+01,6.329896e+01,6.263506e+01,6.221291e+01,6.127499e+01,6.053341e+01,5.991225e+01,5.948138e+01,5.884383e+01,5.806548e+01,5.768607e+01,5.698180e+01,5.651790e+01,5.565525e+01,5.512780e+01,5.460996e+01,5.393596e+01,5.294804e+01,5.249313e+01,5.196431e+01,5.134853e+01,5.049831e+01,5.049831e+01,4.976484e+01,4.913791e+01,4.858204e+01,4.812306e+01,4.784933e+01,4.747505e+01,4.686120e+01,4.637035e+01,4.597874e+01,4.557314e+01,4.540797e+01,4.517888e+01,4.484719e+01,4.436071e+01,4.410386e+01,4.342044e+01,4.353678e+01,4.327810e+01,4.269394e+01,4.305776e+01,4.274598e+01,4.253766e+01,4.253766e+01,4.210681e+01,4.180556e+01,4.172684e+01,4.172684e+01,4.172684e+01,4.118748e+01,4.121385e+01,4.121385e+01,4.121385e+01,4.121385e+01,4.075150e+01,4.075150e+01,4.075150e+01,4.075150e+01,4.075150e+01,4.075150e+01,4.075150e+01,4.075150e+01,4.075150e+01,4.075150e+01,4.075150e+01,4.075150e+01,4.075150e+01,4.075150e+01,4.127974e+01,4.127974e+01,4.127974e+01,4.127974e+01,4.127974e+01,4.127974e+01,4.127974e+01,4.127974e+01,4.084412e+01,4.084412e+01,4.084412e+01,4.030054e+01,4.042009e+01,4.040681e+01,4.040681e+01,4.040681e+01,4.040681e+01,4.040681e+01,4.040681e+01,4.040681e+01,4.094987e+01,4.057928e+01,4.057928e+01,4.057928e+01,4.057928e+01,4.112152e+01,4.091023e+01,4.145090e+01,4.124021e+01,4.124021e+01,4.124021e+01,4.124021e+01,4.177932e+01,4.168746e+01,4.168746e+01,4.168746e+01,4.168746e+01,4.222448e+01,4.201521e+01,4.201521e+01,4.201521e+01,4.201521e+01,4.201521e+01,4.201521e+01,4.201521e+01,4.201521e+01,4.201521e+01,4.201521e+01,4.201521e+01,4.201521e+01,4.201521e+01,4.151666e+01,4.151666e+01,4.151666e+01,4.151666e+01,4.151666e+01,4.151666e+01,4.151666e+01,4.151666e+01,4.151666e+01,4.151666e+01,4.151666e+01,4.097630e+01,4.109513e+01,4.109513e+01,4.109513e+01,4.109513e+01,4.109513e+01,4.109513e+01,4.109513e+01,4.109513e+01,4.109513e+01,4.109513e+01,4.109513e+01,4.077797e+01,4.077797e+01,4.077797e+01,4.077797e+01,4.077797e+01,4.077797e+01,4.077797e+01,4.077797e+01,4.026067e+01,4.026067e+01,4.026067e+01,4.080443e+01,4.080443e+01,4.080443e+01,4.080443e+01,4.080443e+01,4.080443e+01,4.134560e+01,4.134560e+01,4.137194e+01,4.166120e+01,4.166120e+01,4.173996e+01,4.196283e+01,4.196283e+01,4.196283e+01,4.249856e+01,4.234202e+01,4.234202e+01,4.234202e+01,4.234202e+01,4.234202e+01,4.234202e+01,4.234202e+01,4.234202e+01,4.234202e+01,4.234202e+01,4.234202e+01,4.234202e+01,4.234202e+01,4.206756e+01,4.206756e+01,4.206756e+01,4.206756e+01,4.206756e+01,4.206756e+01,4.206756e+01,4.206756e+01,4.162180e+01,4.162180e+01,4.162180e+01,4.162180e+01,4.162180e+01,4.162180e+01,4.162180e+01,4.162180e+01,4.162180e+01,4.162180e+01,4.162180e+01,4.162180e+01,4.162180e+01,4.152981e+01,4.116110e+01,4.116110e+01,4.116110e+01,4.116110e+01,4.116110e+01,4.116110e+01,4.116110e+01,4.116110e+01,4.116110e+01,4.116110e+01,4.116110e+01,4.116110e+01,4.116110e+01,4.116110e+01,4.061905e+01,4.083089e+01,4.083089e+01,4.083089e+01,4.083089e+01,4.083089e+01
3.622702e+01,3.622702e+01,3.622702e+01,3.622702e+01,3.622702e+01,3.622702e+01,3.622702e+01,3.680449e+01,3.680449e+01,3.680449e+01,3.680449e+01,3.680449e+01,3.736530e+01,3.736530e+01,3.736530e+01,3.736530e+01,3.736530e+01,3.785538e+01,3.785538e+01,3.785538e+01,3.785538e+01,3.841090e+01,3.828920e+01,3.828920e+01,3.828920e+01,3.828920e+01,3.828920e+01,3.828920e+01,3.828920e+01,3.884256e+01,3.878869e+01,3.878869e+01,3.878869e+01,3.878869e+01,3.933960e+01,3.933960e+01,3.933960e+01,3.991448e+01,3.991448e+01,3.991448e+01,3.991448e+01,4.045991e+01,4.034040e+01,4.027396e+01,4.034040e+01,4.034040e+01,4.034040e+01,4.034040e+01,4.034040e+01,4.034040e+01,4.034040e+01,4.034040e+01,4.034040e+01,4.034040e+01,4.034040e+01,4.034040e+01,4.034040e+01,4.034040e+01,4.088379e+01,4.067204e+01,4.067204e+01,4.067204e+01,4.067204e+01,4.067204e+01,4.067204e+01,4.067204e+01,4.067204e+01,4.067204e+01,4.067204e+01,4.067204e+01,4.067204e+01,4.067204e+01,4.067204e+01,4.067204e+01,4.067204e+01,4.067204e+01,4.067204e+01,4.121385e+01,4.141142e+01,4.154295e+01,4.179244e+01,4.193663e+01,4.193663e+01,4.193663e+01,4.193663e+01,4.193663e+01,4.193663e+01,4.193663e+01,4.193663e+01,4.247248e+01,4.299288e+01,4.340751e+01,4.373041e+01,4.373041e+01,4.425804e+01,4.474494e+01,4.524256e+01,4.575077e+01,4.604200e+01,4.631990e+01,4.697418e+01,4.694908e+01,4.772470e+01,4.845816e+01,4.892821e+01,4.944563e+01,4.987514e+01,5.038857e+01,5.115471e+01,5.172319e+01,5.226505e+01,5.292414e+01,5.343702e+01,5.411368e+01,5.470427e+01,5.512780e+01,5.597067e+01,5.642492e+01,5.717846e+01,5.785866e+01,5.827196e+01,5.910606e+01,5.964029e+01,6.009325e+01,6.054467e+01,6.131980e+01,6.180058e+01,6.221291e+01,6.300061e+01,6.340929e+01,6.394864e+01,6.470453e+01,6.547802e+01,6.589022e+01,6.653859e+01,6.735554e+01,6.783703e+01,6.860400e+01,6.922939e+01,6.957800e+01,7.032516e+01,7.105799e+01,7.146468e+01,7.236780e+01,7.285336e+01,7.335789e+01,7.386068e+01,7.459638e+01,7.535886e+01,7.592565e+01,7.631911e+01,7.689232e+01,7.758331e+01,7.823135e+01,7.880730e+01,7.925266e+01,7.945018e+01,8.019846e+01,8.063003e+01,8.135314e+01,8.179123e+01,8.216992e+01,8.256705e+01,8.299212e+01,8.353147e+01,8.371404e+01,8.417435e+01,8.430836e+01,8.458559e+01,8.513860e+01,8.571816e+01,8.622948e+01,8.672977e+01,8.734122e+01,8.735061e+01,8.760391e+01,8.803455e+01,8.847340e+01,8.880873e+01,8.917125e+01,8.931974e+01,8.931974e+01,8.965337e+01,8.987541e+01,8.987541e+01,8.987541e+01,9.020792e+01,9.043843e+01,9.043843e+01,9.043843e+01,9.043843e+01,9.043843e+01,9.043843e+01,9.043843e+01,9.081580e+01,9.043843e+01,9.069624e+01,9.107301e+01,9.092608e+01,9.092608e+01,9.092608e+01,9.092608e+01,9.092608e+01,9.092608e+01,9.092608e+01,9.092608e+01,9.092608e+01,9.092608e+01,9.092608e+01,9.092608e+01,9.092608e+01,9.092608e+01,9.092608e+01,9.092608e+01,9.092608e+01,9.092608e+01,9.092608e+01,9.092608e+01,9.092608e+01,9.092608e+01,9.092608e+01,9.092608e+01,9.092608e+01,9.092608e+01,9.054897e+01,9.080660e+01,9.080660e+01,9.080660e+01,9.080660e+01,9.080660e+01,9.080660e+01,9.080660e+01,9.080660e+01,9.055817e+01,9.055817e+01,9.055817e+01,9.055817e+01,9.055817e+01,9.018024e+01,9.043843e+01,9.023560e+01,9.015254e+01,8.997708e+01,9.035548e+01,9.009715e+01,9.009715e+01,9.009715e+01,9.009715e+01,9.009715e+01,9.009715e+01,9.009715e+01,8.978293e+01,8.978293e+01,8.978293e+01,8.978293e+01,8.978293e+01,8.940321e+01,8.966262e+01,8.945883e+01,8.951443e+01,8.951443e+01,8.913410e+01,8.928263e+01,8.928263e+01,8.928263e+01,8.928263e+01,8.928263e+01,8.928263e+01,8.902262e+01,8.902262e+01,8.902262e+01,8.902262e+01,8.902262e+01,8.902262e+01,8.902262e+01,8.902262e+01,8.902262e+01,8.864115e+01,8.872496e+01,8.872496e+01,8.872496e+01,8.872496e+01,8.872496e+01,8.872496e+01,8.872496e+01,8.872496e+01,8.872496e+01,8.872496e+01,8.834280e+01,8.860388e+01,8.860388e+01,8.860388e+01,8.860388e+01,8.860388e+01,8.860388e+01,8.860388e+01,8.860388e+01,8.860388e+01,8.860388e+01,8.860388e+01,8.860388e+01,8.860388e+01,8.860388e+01,8.860388e+01,8.860388e+01,8.860388e+01,8.860388e+01,8.860388e+01,8.860388e+01,8.860388e+01,8.860388e+01,8.891106e+01,8.891106e+01,8.891106e+01,8.891106e+01,8.891106e+01,8.891106e+01,8.891106e+01,8.891106e+01,8.891106e+01,8.891106e+01,8.891106e+01,8.891106e+01,8.891106e+01,8.891106e+01,8.891106e+01,8.891106e+01,8.891106e+01,8.891106e+01,8.911552e+01,8.911552e+01,8.911552e+01,8.911552e+01,8.911552e+01,8.911552e+01,8.911552e+01,8.911552e+01,8.911552e+01,8.911552e+01,8.911552e+01,8.911552e+01,8.911552e+01,8.911552e+01,8.911552e+01,8.911552e+01,8.911552e+01,8.911552e+01,8.911552e+01,8.911552e+01,8.911552e+01,8.911552e+01,8.911552e+01,8.873427e+01,8.873427e+01,8.873427e+01,8.827746e+01,8.827746e+01,8.789425e+01,8.783810e+01,8.777256e+01,8.777256e+01,8.745386e+01,8.722851e+01,8.702168e+01,8.639957e+01,8.634290e+01,8.620113e+01,8.568023e+01,8.552837e+01,8.530984e+01,8.499577e+01,8.446137e+01,8.440401e+01,8.419350e+01,8.374285e+01,8.350262e+01,8.286665e+01,8.275074e+01,8.209232e+01,8.193699e+01,8.138239e+01,8.115804e+01,8.063003e+01,8.025739e+01,7.998222e+01,7.934158e+01,7.906477e+01,7.866847e+01,7.804221e+01,7.772311e+01,7.702275e+01,7.674169e+01,7.597615e+01,7.539942e+01,7.522698e+01,7.473901e+01,7.393237e+01,7.334761e+01,7.291524e+01,7.221249e+01,7.168318e+01,7.129797e+01,7.090127e+01,7.008354e+01,6.957800e+01,6.913417e+01,6.850835e+01,6.806116e+01,6.744126e+01,6.677557e+01,6.592271e+01,6.567342e+01,6.493376e+01,6.438734e+01,6.394864e+01,6.325480e+01,6.259069e+01,6.171126e+01,6.108437e+01,6.048833e+01,5.986696e+01,5.943594e+01,5.879817e+01,5.801955e+01,5.764000e+01,5.693549e+01,5.599400e+01,5.545625e+01,5.458637e+01,5.390039e+01,5.368674e+01,5.282849e+01,5.242115e+01,5.139693e+01,5.113046e+01,5.065665e+01,4.987514e+01,4.954394e+01,4.905161e+01,4.849534e+01,4.811063e+01,4.778703e+01,4.681095e+01,4.658456e+01,4.631990e+01,4.591546e+01,4.561123e+01,4.508967e+01,4.510242e+01,4.469378e+01,4.452737e+01,4.396235e+01,4.358844e+01,4.358844e+01,4.327810e+01,4.299288e+01,4.245945e+01,4.257675e+01,4.204139e+01,4.215912e+01,4.205447e+01,4.184489e+01,4.184489e+01,4.184489e+01,4.184489e+01,4.118748e+01,4.118748e+01,4.118748e+01,4.118748e+01,4.118748e+01,4.075150e+01,4.075150e+01,4.075150e+01,4.075150e+01,4.075150e+01,4.075150e+01,4.075150e+01,4.075150e+01,4.075150e+01,4.075150e+01,4.075150e+01,4.075150e+01,4.075150e+01,4.075150e+01,4.127974e+01,4.127974e+01,4.127974e+01,4.127974e+01,4.127974e+01,4.127974e+01,4.127974e+01,4.127974e+01,4.127974e+01,4.084412e+01,4.052624e+01,4.040681e+01,4.040681e+01,4.040681e+01,4.040681e+01,4.040681e+01,4.040681e+01,4.040681e+01,4.040681e+01,4.040681e+01,4.040681e+01,4.094987e+01,4.073826e+01,4.073826e+01,4.073826e+01,4.073826e+01,4.127974e+01,4.134560e+01,4.134560e+01,4.134560e+01,4.134560e+01,4.134560e+01,4.134560e+01,4.168746e+01,4.168746e+01,4.168746e+01,4.222448e+01,4.206756e+01,4.206756e+01,4.206756e+01,4.206756e+01,4.206756e+01,4.206756e+01,4.206756e+01,4.206756e+01,4.206756e+01,4.206756e+01,4.206756e+01,4.206756e+01,4.152981e+01,4.164807e+01,4.162180e+01,4.162180e+01,4.162180e+01,4.162180e+01,4.162180e+01,4.162180e+01,4.108194e+01,4.145090e+01,4.145090e+01,4.145090e+01,4.145090e+01,4.145090e+01,4.145090e+01,4.109513e+01,4.109513e+01,4.109513e+01,4.109513e+01,4.109513e+01,4.109513e+01,4.109513e+01,4.109513e+01,4.109513e+01,4.109513e+01,4.077797e+01,4.077797e+01,4.077797e+01,4.077797e+01,4.077797e+01,4.077797e+01,4.077797e+01,4.077797e+01,4.026067e+01,4.026067e+01,4.026067e+01,4.080443e+01,4.080443e+01,4.080443e+01,4.080443e+01,4.080443e+01,4.080443e+01,4.134560e+01,4.134560e+01,4.134560e+01,4.134560e+01,4.134560e+01,4.173996e+01,4.227673e+01,4.206756e+01,4.238118e+01,4.239423e+01,4.239423e+01,4.239423e+01,4.239423e+01,4.239423e+01,4.239423e+01,4.239423e+01,4.239423e+01,4.239423e+01,4.239423e+01,4.239423e+01,4.239423e+01,4.239423e+01,4.185801e+01,4.197593e+01,4.197593e+01,4.197593e+01,4.197593e+01,4.197593e+01,4.197593e+01,4.197593e+01,4.197593e+01,4.197593e+01,4.197593e+01,4.197593e+01,4.197593e+01,4.197593e+01,4.162180e+01,4.162180e+01,4.162180e+01,4.162180e+01,4.162180e+01,4.162180e+01,4.162180e+01,4.162180e+01,4.162180e+01,4.116110e+01,4.116110e+01,4.116110e+01,4.116110e+01,4.116110e+01,4.116110e+01,4.116110e+01,4.116110e+01,4.116110e+01,4.116110e+01,4.116110e+01,4.116110e+01,4.116110e+01,4.116110e+01,4.061905e+01,4.061905e+01,4.061905e+01,4.061905e+01,4.061905e+01,4.061905e+01
3.622702e+01,3.622702e+01,3.622702e+01,3.622702e+01,3.622702e+01,3.622702e+01,3.622702e+01,3.680449e+01,3.680449e+01,3.680449e+01,3.680449e+01,3.680449e+01,3.736530e+01,3.736530e+01,3.736530e+01,3.736530e+01,3.736530e+01,3.785538e+01,3.785538e+01,3.785538e+01,3.785538e+01,3.785538e+01,3.828920e+01,3.828920e+01,3.828920e+01,3.828920e+01,3.828920e+01,3.828920e+01,3.828920e+01,3.884256e+01,3.884256e+01,3.884256e+01,3.884256e+01,3.884256e+01,3.933960e+01,3.933960e+01,3.933960e+01,3.991448e+01,3.991448e+01,3.991448e+01,3.991448e+01,3.991448e+01,4.034040e+01,4.034040e+01,4.034040e+01,4.034040e+01,4.034040e+01,4.034040e+01,4.034040e+01,4.034040e+01,4.034040e+01,4.034040e+01,4.034040e+01,4.034040e+01,4.034040e+01,4.034040e+01,4.088379e+01,4.076473e+01,4.077797e+01,4.077797e+01,4.077797e+01,4.077797e+01,4.077797e+01,4.077797e+01,4.077797e+01,4.077797e+01,4.077797e+01,4.077797e+01,4.077797e+01,4.077797e+01,4.077797e+01,4.077797e+01,4.077797e+01,4.077797e+01,4.077797e+01,4.077797e+01,4.077797e+01,4.121385e+01,4.121385e+01,4.154295e+01,4.154295e+01,4.193663e+01,4.193663e+01,4.193663e+01,4.193663e+01,4.193663e+01,4.193663e+01,4.193663e+01,4.247248e+01,4.270695e+01,4.300586e+01,4.347216e+01,4.369171e+01,4.400096e+01,4.438637e+01,4.483441e+01,4.480885e+01,4.553505e+01,4.589014e+01,4.631990e+01,4.681095e+01,4.762490e+01,4.794894e+01,4.803603e+01,4.882941e+01,4.942104e+01,4.992413e+01,5.096059e+01,5.087556e+01,5.168699e+01,5.231310e+01,5.300777e+01,5.352032e+01,5.419653e+01,5.478674e+01,5.520999e+01,5.605232e+01,5.650628e+01,5.725935e+01,5.793913e+01,5.835218e+01,5.871824e+01,5.954950e+01,6.007064e+01,6.058973e+01,6.092718e+01,6.170009e+01,6.216839e+01,6.301167e+01,6.346442e+01,6.400356e+01,6.475915e+01,6.553233e+01,6.594437e+01,6.659248e+01,6.696915e+01,6.773017e+01,6.854024e+01,6.920824e+01,6.959910e+01,7.036713e+01,7.109975e+01,7.150632e+01,7.198440e+01,7.273987e+01,7.369669e+01,7.403472e+01,7.463715e+01,7.539942e+01,7.596606e+01,7.635941e+01,7.693246e+01,7.721317e+01,7.812188e+01,7.832087e+01,7.884694e+01,7.946992e+01,7.982478e+01,8.051244e+01,8.085514e+01,8.154800e+01,8.212142e+01,8.252835e+01,8.296317e+01,8.337756e+01,8.379086e+01,8.404982e+01,8.430836e+01,8.470016e+01,8.514812e+01,8.533836e+01,8.609708e+01,8.660720e+01,8.671092e+01,8.736000e+01,8.771636e+01,8.804391e+01,8.809999e+01,8.867841e+01,8.891106e+01,8.920838e+01,8.943102e+01,8.928263e+01,8.959781e+01,8.974592e+01,8.996784e+01,8.983842e+01,9.016177e+01,9.030939e+01,9.030939e+01,9.030939e+01,9.030939e+01,9.030939e+01,9.030939e+01,9.030939e+01,9.030939e+01,9.069624e+01,9.056738e+01,9.082499e+01,9.082499e+01,9.082499e+01,9.082499e+01,9.082499e+01,9.082499e+01,9.082499e+01,9.082499e+01,9.082499e+01,9.082499e+01,9.082499e+01,9.082499e+01,9.082499e+01,9.082499e+01,9.082499e+01,9.082499e+01,9.082499e+01,9.082499e+01,9.082499e+01,9.082499e+01,9.082499e+01,9.082499e+01,9.082499e+01,9.082499e+01,9.082499e+01,9.082499e+01,9.054897e+01,9.077901e+01,9.077901e+01,9.077901e+01,9.077901e+01,9.077901e+01,9.077901e+01,9.040157e+01,9.047529e+01,9.055817e+01,9.055817e+01,9.055817e+01,9.055817e+01,9.055817e+01,9.018024e+01,9.030939e+01,9.026327e+01,9.026327e+01,9.026327e+01,9.026327e+01,9.026327e+01,8.988465e+01,9.003251e+01,9.003251e+01,9.003251e+01,9.003251e+01,8.965337e+01,8.976443e+01,8.976443e+01,8.976443e+01,8.976443e+01,8.976443e+01,8.976443e+01,8.938467e+01,8.940321e+01,8.940321e+01,8.940321e+01,8.940321e+01,8.940321e+01,8.940321e+01,8.940321e+01,8.902262e+01,8.917125e+01,8.905050e+01,8.904121e+01,8.904121e+01,8.904121e+01,8.904121e+01,8.904121e+01,8.865977e+01,8.892036e+01,8.892036e+01,8.853865e+01,8.865046e+01,8.865046e+01,8.865046e+01,8.865046e+01,8.865046e+01,8.865046e+01,8.865046e+01,8.865046e+01,8.865046e+01,8.865046e+01,8.865046e+01,8.865046e+01,8.865046e+01,8.865046e+01,8.865046e+01,8.865046e+01,8.865046e+01,8.865046e+01,8.865046e+01,8.865046e+01,8.865046e+01,8.865046e+01,8.865046e+01,8.865046e+01,8.865046e+01,8.865046e+01,8.865046e+01,8.865046e+01,8.865046e+01,8.865046e+01,8.865046e+01,8.865046e+01,8.865046e+01,8.865046e+01,8.865046e+01,8.865046e+01,8.865046e+01,8.865046e+01,8.865046e+01,8.865046e+01,8.865046e+01,8.891106e+01,8.891106e+01,8.891106e+01,8.891106e+01,8.891106e+01,8.891106e+01,8.891106e+01,8.891106e+01,8.891106e+01,8.891106e+01,8.891106e+01,8.911552e+01,8.911552e+01,8.911552e+01,8.911552e+01,8.911552e+01,8.911552e+01,8.911552e+01,8.911552e+01,8.911552e+01,8.911552e+01,8.911552e+01,8.911552e+01,8.911552e+01,8.911552e+01,8.911552e+01,8.911552e+01,8.911552e+01,8.911552e+01,8.911552e+01,8.911552e+01,8.911552e+01,8.911552e+01,8.873427e+01,8.884595e+01,8.884595e+01,8.846407e+01,8.835213e+01,8.812802e+01,8.802521e+01,8.802521e+01,8.777256e+01,8.754765e+01,8.741632e+01,8.718153e+01,8.690874e+01,8.653173e+01,8.614438e+01,8.614438e+01,8.581298e+01,8.553787e+01,8.520522e+01,8.499577e+01,8.459514e+01,8.441357e+01,8.408815e+01,8.334868e+01,8.323313e+01,8.294388e+01,8.259607e+01,8.222810e+01,8.183984e+01,8.137263e+01,8.104086e+01,8.063003e+01,8.024757e+01,7.986415e+01,7.933170e+01,7.894599e+01,7.866847e+01,7.803225e+01,7.760329e+01,7.701272e+01,7.662107e+01,7.597615e+01,7.554128e+01,7.470846e+01,7.453521e+01,7.393237e+01,7.334761e+01,7.291524e+01,7.221249e+01,7.168318e+01,7.129797e+01,7.047202e+01,6.990470e+01,6.956745e+01,6.912359e+01,6.849772e+01,6.761254e+01,6.681861e+01,6.658170e+01,6.591188e+01,6.554318e+01,6.446397e+01,6.463897e+01,6.398159e+01,6.281242e+01,6.240193e+01,6.167775e+01,6.105070e+01,6.045451e+01,5.983298e+01,5.940186e+01,5.876392e+01,5.798509e+01,5.760544e+01,5.690074e+01,5.595900e+01,5.542110e+01,5.455098e+01,5.406631e+01,5.355600e+01,5.279260e+01,5.238515e+01,5.138484e+01,5.098487e+01,5.062013e+01,4.986289e+01,4.939645e+01,4.901460e+01,4.848294e+01,4.804847e+01,4.763738e+01,4.698673e+01,4.659715e+01,4.626942e+01,4.585214e+01,4.545882e+01,4.526802e+01,4.510242e+01,4.473215e+01,4.424520e+01,4.391084e+01,4.362718e+01,4.345923e+01,4.321333e+01,4.283701e+01,4.264187e+01,4.231591e+01,4.222448e+01,4.222448e+01,4.222448e+01,4.184489e+01,4.184489e+01,4.184489e+01,4.130609e+01,4.134560e+01,4.134560e+01,4.134560e+01,4.080443e+01,4.080443e+01,4.085734e+01,4.085734e+01,4.085734e+01,4.085734e+01,4.085734e+01,4.085734e+01,4.085734e+01,4.085734e+01,4.085734e+01,4.085734e+01,4.085734e+01,4.085734e+01,4.085734e+01,4.085734e+01,4.085734e+01,4.085734e+01,4.127974e+01,4.127974e+01,4.127974e+01,4.127974e+01,4.127974e+01,4.127974e+01,4.127974e+01,4.084412e+01,4.110833e+01,4.061905e+01,4.061905e+01,4.061905e+01,4.061905e+01,4.061905e+01,4.061905e+01,4.061905e+01,4.061905e+01,4.061905e+01,4.061905e+01,4.061905e+01,4.061905e+01,4.116110e+01,4.094987e+01,4.073826e+01,4.109513e+01,4.109513e+01,4.109513e+01,4.163493e+01,4.142458e+01,4.142458e+01,4.142458e+01,4.196283e+01,4.175309e+01,4.206756e+01,4.211989e+01,4.211989e+01,4.211989e+01,4.211989e+01,4.211989e+01,4.211989e+01,4.211989e+01,4.211989e+01,4.211989e+01,4.211989e+01,4.211989e+01,4.211989e+01,4.211989e+01,4.206756e+01,4.170059e+01,4.170059e+01,4.170059e+01,4.170059e+01,4.170059e+01,4.170059e+01,4.116110e+01,4.120066e+01,4.139826e+01,4.139826e+01,4.139826e+01,4.139826e+01,4.139826e+01,4.139826e+01,4.109513e+01,4.109513e+01,4.109513e+01,4.109513e+01,4.109513e+01,4.109513e+01,4.109513e+01,4.109513e+01,4.109513e+01,4.109513e+01,4.109513e+01,4.077797e+01,4.077797e+01,4.077797e+01,4.077797e+01,4.077797e+01,4.077797e+01,4.077797e+01,4.077797e+01,4.026067e+01,4.057928e+01,4.069854e+01,4.069854e+01,4.069854e+01,4.069854e+01,4.124021e+01,4.112152e+01,4.124021e+01,4.124021e+01,4.124021e+01,4.177932e+01,4.167433e+01,4.193663e+01,4.209373e+01,4.223754e+01,4.232896e+01,4.232896e+01,4.232896e+01,4.232896e+01,4.232896e+01,4.232896e+01,4.232896e+01,4.232896e+01,4.232896e+01,4.232896e+01,4.232896e+01,4.232896e+01,4.232896e+01,4.232896e+01,4.232896e+01,4.232896e+01,4.232896e+01,4.197593e+01,4.197593e+01,4.197593e+01,4.197593e+01,4.197593e+01,4.197593e+01,4.197593e+01,4.197593e+01,4.197593e+01,4.197593e+01,4.143774e+01,4.155610e+01,4.155610e+01,4.155610e+01,4.155610e+01,4.155610e+01,4.155610e+01,4.155610e+01,4.155610e+01,4.155610e+01,4.155610e+01,4.155610e+01,4.155610e+01,4.116110e+01,4.116110e+01,4.116110e+01,4.116110e+01,4.116110e+01,4.116110e+01,4.116110e+01,4.116110e+01,4.116110e+01,4.116110e+01,4.116110e+01,4.061905e+01,4.061905e+01,4.061905e+01,4.061905e+01,4.061905e+01,4.061905e+01
3.622702e+01,3.622702e+01,3.622702e+01,3.622702e+01,3.622702e+01,3.622702e+01,3.622702e+01,3.680449e+01,3.680449e+01,3.680449e+01,3.680449e+01,3.680449e+01,3.736530e+01,3.736530e+01,3.736530e+01,3.736530e+01,3.792327e+01,3.776026e+01,3.776026e+01,3.776026e+01,3.776026e+01,3.831625e+01,3.819444e+01,3.819444e+01,3.819444e+01,3.819444e+01,3.819444e+01,3.819444e+01,3.874828e+01,3.868088e+01,3.868088e+01,3.868088e+01,3.923232e+01,3.923232e+01,3.923232e+01,3.923232e+01,3.923232e+01,3.991448e+01,3.991448e+01,3.991448e+01,3.991448e+01,3.991448e+01,3.991448e+01,4.034040e+01,4.034040e+01,4.034040e+01,4.034040e+01,4.034040e+01,4.034040e+01,4.034040e+01,4.034040e+01,4.034040e+01,4.034040e+01,4.034040e+01,4.034040e+01,4.034040e+01,4.034040e+01,4.076473e+01,4.076473e+01,4.076473e+01,4.076473e+01,4.076473e+01,4.076473e+01,4.076473e+01,4.076473e+01,4.076473e+01,4.076473e+01,4.076473e+01,4.076473e+01,4.076473e+01,4.076473e+01,4.076473e+01,4.076473e+01,4.076473e+01,4.076473e+01,4.076473e+01,4.130609e+01,4.114791e+01,4.185801e+01,4.173996e+01,4.192353e+01,4.191043e+01,4.191043e+01,4.191043e+01,4.191043e+01,4.191043e+01,4.191043e+01,4.191043e+01,4.193663e+01,4.253766e+01,4.299288e+01,4.327810e+01,4.367881e+01,4.405242e+01,4.454018e+01,4.465540e+01,4.496211e+01,4.554774e+01,4.604200e+01,4.635774e+01,4.684864e+01,4.763738e+01,4.789914e+01,4.828452e+01,4.886647e+01,4.945792e+01,4.996087e+01,5.079048e+01,5.108195e+01,5.172319e+01,5.234913e+01,5.304360e+01,5.355600e+01,5.423202e+01,5.482206e+01,5.524520e+01,5.608730e+01,5.654113e+01,5.729400e+01,5.797360e+01,5.836363e+01,5.885524e+01,5.958355e+01,6.010455e+01,6.060099e+01,6.106192e+01,6.127499e+01,6.203476e+01,6.291208e+01,6.339826e+01,6.397061e+01,6.475915e+01,6.511905e+01,6.581438e+01,6.648467e+01,6.732338e+01,6.791177e+01,6.857212e+01,6.923997e+01,6.963074e+01,7.039861e+01,7.113107e+01,7.153754e+01,7.244022e+01,7.280179e+01,7.315217e+01,7.417789e+01,7.467789e+01,7.502385e+01,7.586503e+01,7.587513e+01,7.662107e+01,7.712300e+01,7.789272e+01,7.841033e+01,7.886675e+01,7.948965e+01,7.984447e+01,8.053205e+01,8.087469e+01,8.156747e+01,8.174261e+01,8.241219e+01,8.285699e+01,8.328129e+01,8.331017e+01,8.372365e+01,8.390601e+01,8.455693e+01,8.487186e+01,8.536687e+01,8.571816e+01,8.630510e+01,8.671092e+01,8.697462e+01,8.758516e+01,8.778192e+01,8.813737e+01,8.829613e+01,8.867841e+01,8.865977e+01,8.897614e+01,8.937539e+01,8.946810e+01,8.974592e+01,8.955150e+01,8.994936e+01,9.003251e+01,9.003251e+01,9.003251e+01,9.003251e+01,9.030939e+01,9.030939e+01,9.030939e+01,9.030939e+01,9.030939e+01,9.030939e+01,9.056738e+01,9.040157e+01,9.065943e+01,9.065943e+01,9.065943e+01,9.065943e+01,9.065943e+01,9.065943e+01,9.065943e+01,9.065943e+01,9.065943e+01,9.065943e+01,9.065943e+01,9.065943e+01,9.065943e+01,9.065943e+01,9.065943e+01,9.065943e+01,9.103629e+01,9.088933e+01,9.088933e+01,9.088933e+01,9.088933e+01,9.088933e+01,9.088933e+01,9.088933e+01,9.051213e+01,9.060421e+01,9.072383e+01,9.034627e+01,9.060421e+01,9.060421e+01,9.060421e+01,9.060421e+01,9.060421e+01,9.060421e+01,9.022637e+01,9.048450e+01,9.048450e+01,9.048450e+01,9.048450e+01,9.048450e+01,9.048450e+01,9.026327e+01,9.026327e+01,9.026327e+01,9.026327e+01,9.026327e+01,8.988465e+01,8.988465e+01,8.988465e+01,8.988465e+01,8.988465e+01,8.988465e+01,8.988465e+01,8.988465e+01,8.988465e+01,8.950517e+01,8.965337e+01,8.943102e+01,8.949590e+01,8.949590e+01,8.949590e+01,8.949590e+01,8.949590e+01,8.911552e+01,8.926407e+01,8.904121e+01,8.913410e+01,8.913410e+01,8.913410e+01,8.875289e+01,8.890176e+01,8.890176e+01,8.890176e+01,8.890176e+01,8.890176e+01,8.890176e+01,8.890176e+01,8.890176e+01,8.890176e+01,8.890176e+01,8.865046e+01,8.865046e+01,8.865046e+01,8.865046e+01,8.865046e+01,8.865046e+01,8.865046e+01,8.865046e+01,8.865046e+01,8.865046e+01,8.865046e+01,8.865046e+01,8.865046e+01,8.865046e+01,8.865046e+01,8.865046e+01,8.865046e+01,8.865046e+01,8.865046e+01,8.826813e+01,8.852933e+01,8.852933e+01,8.852933e+01,8.852933e+01,8.852933e+01,8.852933e+01,8.852933e+01,8.852933e+01,8.852933e+01,8.852933e+01,8.852933e+01,8.852933e+01,8.852933e+01,8.852933e+01,8.852933e+01,8.891106e+01,8.876220e+01,8.876220e+01,8.876220e+01,8.876220e+01,8.876220e+01,8.876220e+01,8.876220e+01,8.876220e+01,8.876220e+01,8.876220e+01,8.876220e+01,8.914339e+01,8.899474e+01,8.912482e+01,8.910624e+01,8.910624e+01,8.910624e+01,8.910624e+01,8.910624e+01,8.910624e+01,8.910624e+01,8.910624e+01,8.910624e+01,8.910624e+01,8.910624e+01,8.910624e+01,8.910624e+01,8.910624e+01,8.910624e+01,8.910624e+01,8.910624e+01,8.910624e+01,8.910624e+01,8.910624e+01,8.872496e+01,8.880873e+01,8.884595e+01,8.846407e+01,8.854797e+01,8.853865e+01,8.829613e+01,8.818408e+01,8.818408e+01,8.780065e+01,8.734122e+01,8.742570e+01,8.728487e+01,8.674862e+01,8.663550e+01,8.643734e+01,8.627675e+01,8.566125e+01,8.563279e+01,8.542390e+01,8.521473e+01,8.449960e+01,8.422223e+01,8.430836e+01,8.408815e+01,8.348338e+01,8.323313e+01,8.281837e+01,8.219901e+01,8.203409e+01,8.144086e+01,8.120683e+01,8.103108e+01,8.062023e+01,8.023775e+01,7.985431e+01,7.932182e+01,7.895589e+01,7.814179e+01,7.786280e+01,7.759329e+01,7.700269e+01,7.619816e+01,7.580437e+01,7.552103e+01,7.485098e+01,7.442300e+01,7.391189e+01,7.332705e+01,7.289462e+01,7.219176e+01,7.166239e+01,7.127711e+01,7.045105e+01,6.991523e+01,6.943021e+01,6.910242e+01,6.847646e+01,6.759114e+01,6.726977e+01,6.668944e+01,6.555405e+01,6.547802e+01,6.458430e+01,6.391568e+01,6.339826e+01,6.283457e+01,6.239082e+01,6.164424e+01,6.101702e+01,6.042068e+01,5.979900e+01,5.936776e+01,5.826050e+01,5.778965e+01,5.708595e+01,5.670366e+01,5.590064e+01,5.536249e+01,5.449198e+01,5.400708e+01,5.300777e+01,5.258904e+01,5.231310e+01,5.131221e+01,5.100914e+01,5.047393e+01,4.978936e+01,4.942104e+01,4.886647e+01,4.840858e+01,4.797383e+01,4.756248e+01,4.701182e+01,4.655938e+01,4.609257e+01,4.587748e+01,4.556044e+01,4.556044e+01,4.510242e+01,4.455298e+01,4.427088e+01,4.387220e+01,4.370461e+01,4.317446e+01,4.318742e+01,4.291497e+01,4.253766e+01,4.239423e+01,4.239423e+01,4.239423e+01,4.185801e+01,4.187111e+01,4.187111e+01,4.187111e+01,4.184489e+01,4.147721e+01,4.147721e+01,4.147721e+01,4.134560e+01,4.097630e+01,4.097630e+01,4.097630e+01,4.097630e+01,4.097630e+01,4.097630e+01,4.097630e+01,4.097630e+01,4.097630e+01,4.097630e+01,4.097630e+01,4.097630e+01,4.097630e+01,4.097630e+01,4.097630e+01,4.097630e+01,4.097630e+01,4.097630e+01,4.097630e+01,4.097630e+01,4.097630e+01,4.097630e+01,4.097630e+01,4.097630e+01,4.097630e+01,4.097630e+01,4.097630e+01,4.061905e+01,4.061905e+01,4.061905e+01,4.061905e+01,4.061905e+01,4.061905e+01,4.061905e+01,4.061905e+01,4.061905e+01,4.061905e+01,4.061905e+01,4.061905e+01,4.094987e+01,4.092345e+01,4.101593e+01,4.101593e+01,4.101593e+01,4.109513e+01,4.146405e+01,4.146405e+01,4.146405e+01,4.146405e+01,4.146405e+01,4.206756e+01,4.206756e+01,4.206756e+01,4.206756e+01,4.206756e+01,4.206756e+01,4.206756e+01,4.206756e+01,4.206756e+01,4.206756e+01,4.206756e+01,4.206756e+01,4.206756e+01,4.206756e+01,4.206756e+01,4.170059e+01,4.170059e+01,4.170059e+01,4.170059e+01,4.170059e+01,4.170059e+01,4.116110e+01,4.170059e+01,4.133244e+01,4.133244e+01,4.133244e+01,4.133244e+01,4.133244e+01,4.133244e+01,4.133244e+01,4.133244e+01,4.133244e+01,4.079120e+01,4.100272e+01,4.100272e+01,4.100272e+01,4.100272e+01,4.100272e+01,4.100272e+01,4.100272e+01,4.100272e+01,4.045991e+01,4.067204e+01,4.067204e+01,4.067204e+01,4.067204e+01,4.067204e+01,4.067204e+01,4.067204e+01,4.067204e+01,4.067204e+01,4.067204e+01,4.067204e+01,4.121385e+01,4.109513e+01,4.109513e+01,4.109513e+01,4.163493e+01,4.163493e+01,4.167433e+01,4.167433e+01,4.167433e+01,4.209373e+01,4.209373e+01,4.209373e+01,4.262885e+01,4.242032e+01,4.242032e+01,4.242032e+01,4.242032e+01,4.242032e+01,4.242032e+01,4.242032e+01,4.242032e+01,4.242032e+01,4.242032e+01,4.242032e+01,4.242032e+01,4.242032e+01,4.242032e+01,4.188422e+01,4.200212e+01,4.200212e+01,4.200212e+01,4.200212e+01,4.200212e+01,4.200212e+01,4.200212e+01,4.200212e+01,4.200212e+01,4.200212e+01,4.200212e+01,4.200212e+01,4.155610e+01,4.155610e+01,4.155610e+01,4.155610e+01,4.155610e+01,4.155610e+01,4.155610e+01,4.155610e+01,4.155610e+01,4.155610e+01,4.155610e+01,4.155610e+01,4.155610e+01,4.116110e+01,4.116110e+01,4.116110e+01,4.116110e+01,4.116110e+01,4.116110e+01,4.116110e+01,4.116110e+01,4.116110e+01,4.061905e+01,4.116110e+01,4.079120e+01,4.079120e+01,4.079120e+01,4.079120e+01
3.622702e+01,3.622702e+01,3.622702e+01,3.622702e+01,3.622702e+01,3.622702e+01,3.622702e+01,3.680449e+01,3.680449e+01,3.680449e+01,3.680449e+01,3.680449e+01,3.736530e+01,3.736530e+01,3.736530e+01,3.736530e+01,3.736530e+01,3.776026e+01,3.776026e+01,3.776026e+01,3.776026e+01,3.831625e+01,3.831625e+01,3.831625e+01,3.831625e+01,3.831625e+01,3.831625e+01,3.831625e+01,3.831625e+01,3.831625e+01,3.868088e+01,3.847846e+01,3.884256e+01,3.905777e+01,3.905777e+01,3.960735e+01,3.960735e+01,3.980775e+01,3.980775e+01,3.980775e+01,3.980775e+01,4.035369e+01,4.024737e+01,4.031383e+01,4.031383e+01,4.031383e+01,4.031383e+01,4.031383e+01,4.031383e+01,4.031383e+01,4.031383e+01,4.031383e+01,4.031383e+01,4.031383e+01,4.031383e+01,4.031383e+01,4.031383e+01,4.076473e+01,4.076473e+01,4.076473e+01,4.076473e+01,4.076473e+01,4.076473e+01,4.076473e+01,4.076473e+01,4.076473e+01,4.076473e+01,4.076473e+01,4.076473e+01,4.076473e+01,4.076473e+01,4.076473e+01,4.076473e+01,4.076473e+01,4.076473e+01,4.076473e+01,4.076473e+01,4.114791e+01,4.167433e+01,4.167433e+01,4.167433e+01,4.221141e+01,4.200212e+01,4.200212e+01,4.200212e+01,4.200212e+01,4.200212e+01,4.200212e+01,4.200212e+01,4.253766e+01,4.296691e+01,4.331693e+01,4.374331e+01,4.370461e+01,4.415527e+01,4.493658e+01,4.515340e+01,4.562392e+01,4.601670e+01,4.649640e+01,4.692398e+01,4.761242e+01,4.793649e+01,4.844577e+01,4.894056e+01,4.953165e+01,5.003429e+01,5.076616e+01,5.121531e+01,5.179558e+01,5.192817e+01,5.294804e+01,5.352032e+01,5.376987e+01,5.468070e+01,5.515129e+01,5.604066e+01,5.654113e+01,5.734018e+01,5.754782e+01,5.824903e+01,5.877534e+01,5.953815e+01,6.009325e+01,6.062352e+01,6.090471e+01,6.139818e+01,6.206818e+01,6.294529e+01,6.343135e+01,6.400356e+01,6.479190e+01,6.515173e+01,6.584689e+01,6.651702e+01,6.691541e+01,6.779430e+01,6.847646e+01,6.873141e+01,6.940909e+01,6.995733e+01,7.054539e+01,7.165199e+01,7.202589e+01,7.266759e+01,7.317275e+01,7.404495e+01,7.455560e+01,7.491202e+01,7.561216e+01,7.594585e+01,7.663113e+01,7.713302e+01,7.749335e+01,7.787277e+01,7.899550e+01,7.908456e+01,7.970658e+01,7.999207e+01,8.060064e+01,8.126537e+01,8.175234e+01,8.200497e+01,8.231533e+01,8.281837e+01,8.326202e+01,8.354108e+01,8.396355e+01,8.414562e+01,8.470971e+01,8.517667e+01,8.549989e+01,8.626730e+01,8.665435e+01,8.665435e+01,8.704049e+01,8.753828e+01,8.786618e+01,8.832413e+01,8.854797e+01,8.878082e+01,8.894826e+01,8.921767e+01,8.905979e+01,8.965337e+01,8.969039e+01,8.981992e+01,8.981992e+01,8.981992e+01,8.981992e+01,9.003251e+01,9.025404e+01,9.025404e+01,9.025404e+01,9.025404e+01,9.025404e+01,9.025404e+01,9.025404e+01,9.025404e+01,9.065943e+01,9.065943e+01,9.065943e+01,9.065943e+01,9.065943e+01,9.065943e+01,9.065943e+01,9.065943e+01,9.065943e+01,9.065943e+01,9.065943e+01,9.065943e+01,9.065943e+01,9.065943e+01,9.065943e+01,9.065943e+01,9.065943e+01,9.065943e+01,9.065943e+01,9.065943e+01,9.065943e+01,9.065943e+01,9.065943e+01,9.065943e+01,9.065943e+01,9.065943e+01,9.065943e+01,9.065943e+01,9.028172e+01,9.053976e+01,9.053976e+01,9.053976e+01,9.053976e+01,9.053976e+01,9.053976e+01,9.053976e+01,9.016177e+01,9.042001e+01,9.042001e+01,9.042001e+01,9.042001e+01,9.042001e+01,9.004175e+01,9.018946e+01,9.018946e+01,9.018946e+01,8.988465e+01,8.988465e+01,8.988465e+01,8.988465e+01,8.988465e+01,8.988465e+01,8.988465e+01,8.988465e+01,8.950517e+01,8.960707e+01,8.953297e+01,8.948664e+01,8.948664e+01,8.948664e+01,8.948664e+01,8.948664e+01,8.910624e+01,8.920838e+01,8.914339e+01,8.909695e+01,8.909695e+01,8.909695e+01,8.909695e+01,8.909695e+01,8.909695e+01,8.890176e+01,8.890176e+01,8.890176e+01,8.890176e+01,8.890176e+01,8.890176e+01,8.890176e+01,8.890176e+01,8.890176e+01,8.865046e+01,8.865046e+01,8.865046e+01,8.865046e+01,8.865046e+01,8.865046e+01,8.865046e+01,8.865046e+01,8.865046e+01,8.865046e+01,8.865046e+01,8.865046e+01,8.865046e+01,8.865046e+01,8.865046e+01,8.865046e+01,8.865046e+01,8.826813e+01,8.835213e+01,8.839878e+01,8.847340e+01,8.847340e+01,8.847340e+01,8.847340e+01,8.847340e+01,8.847340e+01,8.847340e+01,8.847340e+01,8.847340e+01,8.847340e+01,8.847340e+01,8.885526e+01,8.859457e+01,8.859457e+01,8.859457e+01,8.859457e+01,8.897614e+01,8.882734e+01,8.882734e+01,8.882734e+01,8.882734e+01,8.882734e+01,8.882734e+01,8.882734e+01,8.882734e+01,8.882734e+01,8.882734e+01,8.882734e+01,8.882734e+01,8.882734e+01,8.910624e+01,8.910624e+01,8.910624e+01,8.910624e+01,8.910624e+01,8.910624e+01,8.910624e+01,8.910624e+01,8.910624e+01,8.910624e+01,8.910624e+01,8.910624e+01,8.910624e+01,8.910624e+01,8.910624e+01,8.910624e+01,8.910624e+01,8.910624e+01,8.910624e+01,8.910624e+01,8.872496e+01,8.872496e+01,8.872496e+01,8.872496e+01,8.834280e+01,8.835213e+01,8.835213e+01,8.796909e+01,8.796909e+01,8.770699e+01,8.747262e+01,8.747262e+01,8.708752e+01,8.682399e+01,8.658833e+01,8.610654e+01,8.619167e+01,8.579402e+01,8.564227e+01,8.499577e+01,8.488140e+01,8.447093e+01,8.427009e+01,8.418393e+01,8.356992e+01,8.345453e+01,8.310785e+01,8.245092e+01,8.230564e+01,8.189813e+01,8.146034e+01,8.127512e+01,8.085514e+01,8.023775e+01,7.966716e+01,7.948965e+01,7.914391e+01,7.855931e+01,7.811192e+01,7.780296e+01,7.746336e+01,7.659090e+01,7.601654e+01,7.582460e+01,7.540956e+01,7.484080e+01,7.399379e+01,7.372746e+01,7.330649e+01,7.287399e+01,7.217104e+01,7.121455e+01,7.102666e+01,7.034615e+01,6.989417e+01,6.901771e+01,6.845518e+01,6.826363e+01,6.760184e+01,6.670020e+01,6.617155e+01,6.600932e+01,6.502099e+01,6.483557e+01,6.395962e+01,6.342032e+01,6.283457e+01,6.236859e+01,6.162189e+01,6.099457e+01,6.039813e+01,5.977634e+01,5.919714e+01,5.840944e+01,5.791615e+01,5.719001e+01,5.678485e+01,5.595900e+01,5.539766e+01,5.450378e+01,5.399523e+01,5.298389e+01,5.260102e+01,5.166284e+01,5.127588e+01,5.082695e+01,4.994862e+01,4.975258e+01,4.923647e+01,4.882941e+01,4.837137e+01,4.793649e+01,4.752502e+01,4.697418e+01,4.652160e+01,4.626942e+01,4.589014e+01,4.563661e+01,4.531893e+01,4.454018e+01,4.450174e+01,4.419382e+01,4.393660e+01,4.344630e+01,4.282401e+01,4.285000e+01,4.277200e+01,4.260281e+01,4.206756e+01,4.227673e+01,4.248552e+01,4.211989e+01,4.211989e+01,4.158238e+01,4.179244e+01,4.162180e+01,4.154295e+01,4.100272e+01,4.137194e+01,4.117429e+01,4.104234e+01,4.104234e+01,4.104234e+01,4.104234e+01,4.104234e+01,4.104234e+01,4.104234e+01,4.104234e+01,4.104234e+01,4.104234e+01,4.104234e+01,4.104234e+01,4.104234e+01,4.104234e+01,4.104234e+01,4.104234e+01,4.104234e+01,4.104234e+01,4.104234e+01,4.104234e+01,4.104234e+01,4.104234e+01,4.104234e+01,4.104234e+01,4.049971e+01,4.087056e+01,4.069854e+01,4.064555e+01,4.064555e+01,4.064555e+01,4.064555e+01,4.064555e+01,4.064555e+01,4.064555e+01,4.064555e+01,4.064555e+01,4.064555e+01,4.064555e+01,4.064555e+01,4.094987e+01,4.094987e+01,4.094987e+01,4.094987e+01,4.149036e+01,4.138510e+01,4.143774e+01,4.143774e+01,4.143774e+01,4.143774e+01,4.197593e+01,4.192353e+01,4.192353e+01,4.192353e+01,4.192353e+01,4.192353e+01,4.192353e+01,4.192353e+01,4.192353e+01,4.192353e+01,4.192353e+01,4.192353e+01,4.192353e+01,4.192353e+01,4.192353e+01,4.192353e+01,4.192353e+01,4.192353e+01,4.192353e+01,4.192353e+01,4.138510e+01,4.138510e+01,4.137194e+01,4.139826e+01,4.135877e+01,4.135877e+01,4.135877e+01,4.135877e+01,4.135877e+01,4.135877e+01,4.135877e+01,4.135877e+01,4.135877e+01,4.133244e+01,4.096309e+01,4.096309e+01,4.096309e+01,4.096309e+01,4.096309e+01,4.096309e+01,4.096309e+01,4.096309e+01,4.096309e+01,4.096309e+01,4.096309e+01,4.067204e+01,4.067204e+01,4.067204e+01,4.067204e+01,4.067204e+01,4.067204e+01,4.067204e+01,4.067204e+01,4.067204e+01,4.121385e+01,4.121385e+01,4.121385e+01,4.121385e+01,4.121385e+01,4.163493e+01,4.163493e+01,4.163493e+01,4.163493e+01,4.209373e+01,4.209373e+01,4.209373e+01,4.209373e+01,4.242032e+01,4.242032e+01,4.242032e+01,4.242032e+01,4.242032e+01,4.242032e+01,4.242032e+01,4.242032e+01,4.242032e+01,4.242032e+01,4.242032e+01,4.242032e+01,4.242032e+01,4.242032e+01,4.242032e+01,4.200212e+01,4.200212e+01,4.200212e+01,4.200212e+01,4.200212e+01,4.200212e+01,4.200212e+01,4.200212e+01,4.200212e+01,4.200212e+01,4.200212e+01,4.200212e+01,4.200212e+01,4.155610e+01,4.155610e+01,4.155610e+01,4.155610e+01,4.155610e+01,4.155610e+01,4.155610e+01,4.155610e+01,4.155610e+01,4.155610e+01,4.155610e+01,4.155610e+01,4.155610e+01,4.155610e+01,4.116110e+01,4.116110e+01,4.116110e+01,4.116110e+01,4.116110e+01,4.116110e+01,4.116110e+01,4.116110e+01,4.116110e+01,4.079120e+01,4.079120e+01,4.079120e+01,4.079120e+01
3.622702e+01,3.622702e+01,3.622702e+01,3.622702e+01,3.622702e+01,3.622702e+01,3.622702e+01,3.680449e+01,3.624080e+01,3.662607e+01,3.662607e+01,3.662607e+01,3.736530e+01,3.736530e+01,3.736530e+01,3.736530e+01,3.736530e+01,3.736530e+01,3.776026e+01,3.776026e+01,3.776026e+01,3.831625e+01,3.831625e+01,3.831625e+01,3.831625e+01,3.831625e+01,3.831625e+01,3.831625e+01,3.831625e+01,3.886948e+01,3.874828e+01,3.872132e+01,3.877522e+01,3.905777e+01,3.937980e+01,3.950032e+01,3.950032e+01,3.950032e+01,3.980775e+01,3.980775e+01,3.980775e+01,4.035369e+01,4.035369e+01,4.035369e+01,4.035369e+01,4.035369e+01,4.035369e+01,4.035369e+01,4.035369e+01,4.035369e+01,4.035369e+01,4.035369e+01,4.035369e+01,4.035369e+01,4.035369e+01,4.035369e+01,4.089701e+01,4.075150e+01,4.075150e+01,4.075150e+01,4.075150e+01,4.075150e+01,4.075150e+01,4.075150e+01,4.075150e+01,4.075150e+01,4.075150e+01,4.075150e+01,4.075150e+01,4.075150e+01,4.075150e+01,4.075150e+01,4.075150e+01,4.075150e+01,4.075150e+01,4.075150e+01,4.129292e+01,4.146405e+01,4.156924e+01,4.156924e+01,4.210681e+01,4.206756e+01,4.206756e+01,4.206756e+01,4.206756e+01,4.206756e+01,4.206756e+01,4.206756e+01,4.206756e+01,4.253766e+01,4.295393e+01,4.349801e+01,4.357553e+01,4.388509e+01,4.420667e+01,4.477051e+01,4.529348e+01,4.561123e+01,4.619366e+01,4.654679e+01,4.697418e+01,4.759994e+01,4.759994e+01,4.834657e+01,4.889117e+01,4.902694e+01,4.985064e+01,5.063231e+01,5.113046e+01,5.155413e+01,5.197635e+01,5.299583e+01,5.350842e+01,5.392411e+01,5.472784e+01,5.519825e+01,5.608730e+01,5.658759e+01,5.719001e+01,5.767455e+01,5.829488e+01,5.882100e+01,5.958355e+01,5.967431e+01,6.039813e+01,6.129739e+01,6.158835e+01,6.210159e+01,6.252410e+01,6.329896e+01,6.389370e+01,6.425588e+01,6.490104e+01,6.535847e+01,6.631200e+01,6.673251e+01,6.763393e+01,6.830622e+01,6.872080e+01,6.941965e+01,6.997837e+01,7.070251e+01,7.151673e+01,7.191175e+01,7.257462e+01,7.310069e+01,7.357358e+01,7.435155e+01,7.471864e+01,7.542983e+01,7.577405e+01,7.647017e+01,7.698263e+01,7.735332e+01,7.788274e+01,7.847987e+01,7.900539e+01,7.961787e+01,8.005106e+01,8.061044e+01,8.127512e+01,8.174261e+01,8.205350e+01,8.246060e+01,8.282803e+01,8.285699e+01,8.344491e+01,8.374285e+01,8.423180e+01,8.471925e+01,8.479558e+01,8.536687e+01,8.574661e+01,8.621058e+01,8.662606e+01,8.700285e+01,8.749138e+01,8.781001e+01,8.824945e+01,8.814671e+01,8.847340e+01,8.852001e+01,8.888316e+01,8.891106e+01,8.900403e+01,8.930119e+01,8.969039e+01,8.969039e+01,8.969039e+01,8.969039e+01,8.969039e+01,8.987541e+01,9.013409e+01,9.013409e+01,9.013409e+01,9.013409e+01,9.013409e+01,9.013409e+01,9.051213e+01,9.020792e+01,9.046607e+01,9.023560e+01,9.049371e+01,9.049371e+01,9.049371e+01,9.049371e+01,9.049371e+01,9.087095e+01,9.073303e+01,9.073303e+01,9.073303e+01,9.073303e+01,9.073303e+01,9.073303e+01,9.073303e+01,9.073303e+01,9.073303e+01,9.073303e+01,9.073303e+01,9.035548e+01,9.061341e+01,9.061341e+01,9.023560e+01,9.049371e+01,9.049371e+01,9.049371e+01,9.049371e+01,9.049371e+01,9.049371e+01,9.049371e+01,9.049371e+01,9.049371e+01,9.049371e+01,9.011562e+01,9.019869e+01,9.024482e+01,9.037392e+01,8.999556e+01,9.025404e+01,9.025404e+01,9.025404e+01,9.025404e+01,9.025404e+01,8.987541e+01,8.995860e+01,8.995860e+01,8.995860e+01,8.995860e+01,8.957928e+01,8.983842e+01,8.983842e+01,8.945883e+01,8.954223e+01,8.960707e+01,8.960707e+01,8.960707e+01,8.960707e+01,8.960707e+01,8.960707e+01,8.922695e+01,8.922695e+01,8.918053e+01,8.918053e+01,8.918053e+01,8.918053e+01,8.918053e+01,8.918053e+01,8.918053e+01,8.879942e+01,8.880873e+01,8.882734e+01,8.882734e+01,8.882734e+01,8.882734e+01,8.882734e+01,8.882734e+01,8.882734e+01,8.882734e+01,8.882734e+01,8.882734e+01,8.844542e+01,8.858525e+01,8.858525e+01,8.858525e+01,8.858525e+01,8.858525e+01,8.858525e+01,8.858525e+01,8.858525e+01,8.858525e+01,8.858525e+01,8.858525e+01,8.858525e+01,8.858525e+01,8.858525e+01,8.858525e+01,8.858525e+01,8.858525e+01,8.858525e+01,8.858525e+01,8.858525e+01,8.858525e+01,8.858525e+01,8.858525e+01,8.858525e+01,8.858525e+01,8.858525e+01,8.858525e+01,8.858525e+01,8.858525e+01,8.858525e+01,8.858525e+01,8.858525e+01,8.858525e+01,8.858525e+01,8.897614e+01,8.859457e+01,8.873427e+01,8.873427e+01,8.873427e+01,8.873427e+01,8.873427e+01,8.873427e+01,8.873427e+01,8.873427e+01,8.873427e+01,8.873427e+01,8.911552e+01,8.910624e+01,8.908766e+01,8.908766e+01,8.908766e+01,8.908766e+01,8.908766e+01,8.908766e+01,8.908766e+01,8.908766e+01,8.908766e+01,8.908766e+01,8.908766e+01,8.908766e+01,8.908766e+01,8.908766e+01,8.908766e+01,8.908766e+01,8.908766e+01,8.908766e+01,8.870634e+01,8.879012e+01,8.882734e+01,8.882734e+01,8.882734e+01,8.844542e+01,8.841743e+01,8.841743e+01,8.803455e+01,8.807195e+01,8.756641e+01,8.751014e+01,8.749138e+01,8.726609e+01,8.704990e+01,8.677689e+01,8.644678e+01,8.623894e+01,8.601190e+01,8.553787e+01,8.553787e+01,8.511956e+01,8.477650e+01,8.449004e+01,8.433706e+01,8.402106e+01,8.369483e+01,8.295352e+01,8.278939e+01,8.255737e+01,8.216992e+01,8.190785e+01,8.119707e+01,8.119707e+01,8.086491e+01,8.025739e+01,7.980508e+01,7.938107e+01,7.915380e+01,7.857916e+01,7.815174e+01,7.769317e+01,7.706286e+01,7.683208e+01,7.628888e+01,7.577405e+01,7.499336e+01,7.466771e+01,7.401425e+01,7.359411e+01,7.287399e+01,7.227463e+01,7.208812e+01,7.133966e+01,7.089082e+01,7.033565e+01,6.988364e+01,6.900711e+01,6.858275e+01,6.812513e+01,6.759114e+01,6.668944e+01,6.630120e+01,6.586856e+01,6.515173e+01,6.469360e+01,6.394864e+01,6.340929e+01,6.282350e+01,6.235748e+01,6.161071e+01,6.098334e+01,6.038685e+01,5.976500e+01,5.871824e+01,5.820317e+01,5.742097e+01,5.698180e+01,5.627368e+01,5.574878e+01,5.535077e+01,5.445656e+01,5.346083e+01,5.294804e+01,5.242115e+01,5.168699e+01,5.111834e+01,5.076616e+01,5.009545e+01,4.959306e+01,4.917488e+01,4.876761e+01,4.779949e+01,4.757497e+01,4.740005e+01,4.689887e+01,4.667265e+01,4.624417e+01,4.595344e+01,4.552234e+01,4.512791e+01,4.469378e+01,4.447611e+01,4.425804e+01,4.367881e+01,4.336870e+01,4.297990e+01,4.297990e+01,4.244640e+01,4.244640e+01,4.222448e+01,4.222448e+01,4.222448e+01,4.168746e+01,4.180556e+01,4.168746e+01,4.168746e+01,4.168746e+01,4.114791e+01,4.118748e+01,4.130609e+01,4.130609e+01,4.130609e+01,4.076473e+01,4.096309e+01,4.096309e+01,4.096309e+01,4.096309e+01,4.096309e+01,4.096309e+01,4.096309e+01,4.096309e+01,4.096309e+01,4.096309e+01,4.096309e+01,4.096309e+01,4.096309e+01,4.096309e+01,4.096309e+01,4.096309e+01,4.096309e+01,4.096309e+01,4.096309e+01,4.096309e+01,4.096309e+01,4.096309e+01,4.096309e+01,4.096309e+01,4.096309e+01,4.064555e+01,4.064555e+01,4.064555e+01,4.064555e+01,4.064555e+01,4.064555e+01,4.064555e+01,4.064555e+01,4.064555e+01,4.064555e+01,4.064555e+01,4.064555e+01,4.064555e+01,4.094987e+01,4.094987e+01,4.094987e+01,4.149036e+01,4.149036e+01,4.149036e+01,4.149036e+01,4.149036e+01,4.149036e+01,4.149036e+01,4.192353e+01,4.192353e+01,4.192353e+01,4.192353e+01,4.192353e+01,4.192353e+01,4.192353e+01,4.192353e+01,4.192353e+01,4.192353e+01,4.192353e+01,4.192353e+01,4.192353e+01,4.192353e+01,4.192353e+01,4.192353e+01,4.192353e+01,4.192353e+01,4.138510e+01,4.152981e+01,4.152981e+01,4.152981e+01,4.152981e+01,4.152981e+01,4.152981e+01,4.152981e+01,4.152981e+01,4.152981e+01,4.152981e+01,4.098951e+01,4.118748e+01,4.118748e+01,4.118748e+01,4.118748e+01,4.118748e+01,4.118748e+01,4.118748e+01,4.064555e+01,4.084412e+01,4.084412e+01,4.084412e+01,4.084412e+01,4.084412e+01,4.084412e+01,4.084412e+01,4.084412e+01,4.084412e+01,4.084412e+01,4.084412e+01,4.084412e+01,4.084412e+01,4.084412e+01,4.084412e+01,4.084412e+01,4.084412e+01,4.121385e+01,4.121385e+01,4.121385e+01,4.163493e+01,4.163493e+01,4.163493e+01,4.163493e+01,4.209373e+01,4.209373e+01,4.209373e+01,4.209373e+01,4.209373e+01,4.242032e+01,4.242032e+01,4.242032e+01,4.242032e+01,4.242032e+01,4.242032e+01,4.242032e+01,4.242032e+01,4.242032e+01,4.242032e+01,4.242032e+01,4.242032e+01,4.242032e+01,4.188422e+01,4.253766e+01,4.217220e+01,4.217220e+01,4.217220e+01,4.217220e+01,4.217220e+01,4.217220e+01,4.163493e+01,4.183178e+01,4.183178e+01,4.183178e+01,4.183178e+01,4.183178e+01,4.183178e+01,4.183178e+01,4.183178e+01,4.183178e+01,4.183178e+01,4.183178e+01,4.183178e+01,4.155610e+01,4.155610e+01,4.155610e+01,4.155610e+01,4.155610e+01,4.155610e+01,4.155610e+01,4.116110e+01,4.116110e+01,4.116110e+01,4.116110e+01,4.116110e+01,4.116110e+01,4.116110e+01,4.116110e+01,4.116110e+01,4.116110e+01,4.079120e+01,4.079120e+01,4.079120e+01
3.622702e+01,3.622702e+01,3.622702e+01,3.622702e+01,3.622702e+01,3.622702e+01,3.622702e+01,3.622702e+01,3.622702e+01,3.662607e+01,3.662607e+01,3.662607e+01,3.680449e+01,3.718779e+01,3.718779e+01,3.718779e+01,3.774666e+01,3.773306e+01,3.773306e+01,3.773306e+01,3.773306e+01,3.831625e+01,3.831625e+01,3.831625e+01,3.831625e+01,3.831625e+01,3.831625e+01,3.831625e+01,3.831625e+01,3.886948e+01,3.886948e+01,3.886948e+01,3.886948e+01,3.886948e+01,3.937980e+01,3.937980e+01,3.937980e+01,3.937980e+01,3.980775e+01,3.980775e+01,3.980775e+01,4.035369e+01,4.035369e+01,4.035369e+01,4.035369e+01,4.035369e+01,4.035369e+01,4.035369e+01,4.035369e+01,4.035369e+01,4.035369e+01,4.035369e+01,4.035369e+01,4.035369e+01,4.089701e+01,4.077797e+01,4.079120e+01,4.079120e+01,4.079120e+01,4.079120e+01,4.079120e+01,4.079120e+01,4.079120e+01,4.079120e+01,4.079120e+01,4.079120e+01,4.079120e+01,4.079120e+01,4.079120e+01,4.079120e+01,4.079120e+01,4.079120e+01,4.079120e+01,4.079120e+01,4.079120e+01,4.133244e+01,4.118748e+01,4.118748e+01,4.156924e+01,4.189733e+01,4.200212e+01,4.200212e+01,4.200212e+01,4.200212e+01,4.200212e+01,4.200212e+01,4.200212e+01,4.200212e+01,4.253766e+01,4.257675e+01,4.314854e+01,4.334282e+01,4.360136e+01,4.394947e+01,4.439919e+01,4.484719e+01,4.526802e+01,4.577612e+01,4.616840e+01,4.671038e+01,4.704945e+01,4.745005e+01,4.776210e+01,4.842097e+01,4.874289e+01,4.969125e+01,5.007099e+01,5.070533e+01,5.120319e+01,5.162661e+01,5.204859e+01,5.257705e+01,5.340131e+01,5.387667e+01,5.473962e+01,5.525694e+01,5.566694e+01,5.647142e+01,5.713221e+01,5.767455e+01,5.835218e+01,5.840944e+01,5.926542e+01,5.971967e+01,6.044324e+01,6.081479e+01,6.146533e+01,6.202362e+01,6.249079e+01,6.330999e+01,6.393765e+01,6.429971e+01,6.494467e+01,6.540195e+01,6.635519e+01,6.677557e+01,6.767671e+01,6.791177e+01,6.860400e+01,6.933512e+01,6.992576e+01,7.068157e+01,7.109975e+01,7.176634e+01,7.245056e+01,7.299770e+01,7.349145e+01,7.429028e+01,7.467789e+01,7.540956e+01,7.577405e+01,7.649030e+01,7.700269e+01,7.737334e+01,7.790269e+01,7.849973e+01,7.902519e+01,7.963759e+01,8.007072e+01,8.063003e+01,8.089426e+01,8.152853e+01,8.165507e+01,8.231533e+01,8.256705e+01,8.290527e+01,8.302106e+01,8.362759e+01,8.412646e+01,8.449960e+01,8.488140e+01,8.537638e+01,8.575610e+01,8.622003e+01,8.663550e+01,8.701227e+01,8.711572e+01,8.729427e+01,8.781001e+01,8.821210e+01,8.836146e+01,8.826813e+01,8.860388e+01,8.877151e+01,8.899474e+01,8.905050e+01,8.941248e+01,8.955150e+01,8.955150e+01,8.955150e+01,8.955150e+01,8.955150e+01,8.975517e+01,9.001404e+01,9.001404e+01,9.001404e+01,9.001404e+01,9.001404e+01,9.001404e+01,9.001404e+01,9.008792e+01,9.018024e+01,9.039236e+01,9.039236e+01,9.039236e+01,9.039236e+01,9.039236e+01,9.039236e+01,9.039236e+01,9.039236e+01,9.039236e+01,9.039236e+01,9.039236e+01,9.039236e+01,9.039236e+01,9.039236e+01,9.039236e+01,9.039236e+01,9.039236e+01,9.039236e+01,9.039236e+01,9.039236e+01,9.039236e+01,9.039236e+01,9.039236e+01,9.039236e+01,9.039236e+01,9.039236e+01,9.039236e+01,9.039236e+01,9.001404e+01,9.027249e+01,9.027249e+01,9.018946e+01,9.018946e+01,9.018946e+01,8.981068e+01,8.989390e+01,9.010638e+01,9.010638e+01,9.010638e+01,9.010638e+01,9.010638e+01,8.987541e+01,8.987541e+01,8.987541e+01,8.949590e+01,8.957928e+01,9.004175e+01,8.957002e+01,8.957002e+01,8.953297e+01,8.953297e+01,8.953297e+01,8.953297e+01,8.953297e+01,8.953297e+01,8.953297e+01,8.915268e+01,8.925479e+01,8.925479e+01,8.925479e+01,8.925479e+01,8.925479e+01,8.925479e+01,8.925479e+01,8.887386e+01,8.895755e+01,8.887386e+01,8.887386e+01,8.887386e+01,8.887386e+01,8.887386e+01,8.887386e+01,8.887386e+01,8.887386e+01,8.887386e+01,8.849204e+01,8.875289e+01,8.851069e+01,8.854797e+01,8.854797e+01,8.854797e+01,8.854797e+01,8.854797e+01,8.854797e+01,8.854797e+01,8.854797e+01,8.854797e+01,8.854797e+01,8.854797e+01,8.854797e+01,8.854797e+01,8.854797e+01,8.816540e+01,8.842677e+01,8.842677e+01,8.842677e+01,8.842677e+01,8.842677e+01,8.842677e+01,8.842677e+01,8.842677e+01,8.842677e+01,8.842677e+01,8.842677e+01,8.842677e+01,8.842677e+01,8.842677e+01,8.842677e+01,8.842677e+01,8.842677e+01,8.880873e+01,8.866909e+01,8.852933e+01,8.862252e+01,8.869703e+01,8.869703e+01,8.869703e+01,8.869703e+01,8.869703e+01,8.869703e+01,8.869703e+01,8.869703e+01,8.869703e+01,8.869703e+01,8.869703e+01,8.869703e+01,8.910624e+01,8.872496e+01,8.898544e+01,8.898544e+01,8.898544e+01,8.898544e+01,8.898544e+01,8.898544e+01,8.898544e+01,8.898544e+01,8.898544e+01,8.898544e+01,8.898544e+01,8.898544e+01,8.898544e+01,8.898544e+01,8.898544e+01,8.898544e+01,8.898544e+01,8.898544e+01,8.898544e+01,8.860388e+01,8.874358e+01,8.851069e+01,8.854797e+01,8.816540e+01,8.816540e+01,8.810934e+01,8.787553e+01,8.764140e+01,8.764140e+01,8.725670e+01,8.720033e+01,8.700285e+01,8.664493e+01,8.648454e+01,8.622948e+01,8.587931e+01,8.565176e+01,8.502434e+01,8.485280e+01,8.473833e+01,8.453783e+01,8.413605e+01,8.392519e+01,8.330054e+01,8.305964e+01,8.276041e+01,8.242188e+01,8.181068e+01,8.128488e+01,8.130438e+01,8.105062e+01,8.045362e+01,8.008055e+01,7.978539e+01,7.941070e+01,7.904498e+01,7.855931e+01,7.813184e+01,7.726324e+01,7.703278e+01,7.669144e+01,7.625864e+01,7.574371e+01,7.502385e+01,7.455560e+01,7.398355e+01,7.356332e+01,7.284306e+01,7.239884e+01,7.194289e+01,7.130840e+01,7.085944e+01,7.030416e+01,6.985206e+01,6.897533e+01,6.855087e+01,6.765533e+01,6.739841e+01,6.664635e+01,6.625800e+01,6.582522e+01,6.510816e+01,6.420107e+01,6.375076e+01,6.335414e+01,6.276810e+01,6.230189e+01,6.109558e+01,6.078106e+01,6.031915e+01,5.959490e+01,5.886665e+01,5.828342e+01,5.743251e+01,5.692390e+01,5.620382e+01,5.567863e+01,5.479851e+01,5.424385e+01,5.337749e+01,5.286437e+01,5.233712e+01,5.160246e+01,5.115471e+01,5.063231e+01,5.000982e+01,4.950708e+01,4.908860e+01,4.868105e+01,4.794894e+01,4.757497e+01,4.707452e+01,4.699928e+01,4.644600e+01,4.628204e+01,4.581414e+01,4.503866e+01,4.485996e+01,4.479607e+01,4.447611e+01,4.392372e+01,4.362718e+01,4.330399e+01,4.304479e+01,4.270695e+01,4.255069e+01,4.255069e+01,4.222448e+01,4.222448e+01,4.222448e+01,4.168746e+01,4.168746e+01,4.168746e+01,4.168746e+01,4.168746e+01,4.168746e+01,4.118748e+01,4.118748e+01,4.118748e+01,4.118748e+01,4.118748e+01,4.064555e+01,4.084412e+01,4.084412e+01,4.084412e+01,4.084412e+01,4.084412e+01,4.084412e+01,4.084412e+01,4.084412e+01,4.084412e+01,4.084412e+01,4.084412e+01,4.084412e+01,4.138510e+01,4.118748e+01,4.118748e+01,4.118748e+01,4.118748e+01,4.118748e+01,4.118748e+01,4.118748e+01,4.118748e+01,4.064555e+01,4.084412e+01,4.065880e+01,4.067204e+01,4.067204e+01,4.067204e+01,4.067204e+01,4.067204e+01,4.067204e+01,4.012764e+01,4.049971e+01,4.049971e+01,4.049971e+01,4.049971e+01,4.049971e+01,4.104234e+01,4.101593e+01,4.101593e+01,4.101593e+01,4.101593e+01,4.149036e+01,4.149036e+01,4.149036e+01,4.149036e+01,4.149036e+01,4.202830e+01,4.188422e+01,4.188422e+01,4.188422e+01,4.242032e+01,4.205447e+01,4.205447e+01,4.205447e+01,4.205447e+01,4.205447e+01,4.205447e+01,4.205447e+01,4.205447e+01,4.205447e+01,4.205447e+01,4.205447e+01,4.205447e+01,4.151666e+01,4.151666e+01,4.149036e+01,4.149036e+01,4.149036e+01,4.149036e+01,4.149036e+01,4.149036e+01,4.149036e+01,4.149036e+01,4.149036e+01,4.149036e+01,4.149036e+01,4.098951e+01,4.098951e+01,4.098951e+01,4.098951e+01,4.098951e+01,4.098951e+01,4.098951e+01,4.098951e+01,4.098951e+01,4.098951e+01,4.098951e+01,4.098951e+01,4.098951e+01,4.098951e+01,4.098951e+01,4.044664e+01,4.064555e+01,4.064555e+01,4.064555e+01,4.064555e+01,4.064555e+01,4.064555e+01,4.064555e+01,4.118748e+01,4.098951e+01,4.117429e+01,4.118748e+01,4.118748e+01,4.172684e+01,4.158238e+01,4.158238e+01,4.211989e+01,4.200212e+01,4.198902e+01,4.252463e+01,4.215912e+01,4.215912e+01,4.269394e+01,4.255069e+01,4.255069e+01,4.255069e+01,4.255069e+01,4.255069e+01,4.255069e+01,4.255069e+01,4.255069e+01,4.255069e+01,4.255069e+01,4.255069e+01,4.255069e+01,4.201521e+01,4.209373e+01,4.223754e+01,4.219834e+01,4.219834e+01,4.219834e+01,4.219834e+01,4.219834e+01,4.219834e+01,4.217220e+01,4.180556e+01,4.180556e+01,4.180556e+01,4.180556e+01,4.180556e+01,4.180556e+01,4.180556e+01,4.180556e+01,4.180556e+01,4.180556e+01,4.180556e+01,4.180556e+01,4.180556e+01,4.126657e+01,4.146405e+01,4.146405e+01,4.146405e+01,4.146405e+01,4.146405e+01,4.146405e+01,4.146405e+01,4.146405e+01,4.146405e+01,4.116110e+01,4.116110e+01,4.116110e+01,4.116110e+01,4.116110e+01,4.061905e+01,4.076473e+01,4.076473e+01,4.076473e+01
3.622702e+01,3.622702e+01,3.622702e+01,3.622702e+01,3.622702e+01,3.622702e+01,3.622702e+01,3.622702e+01,3.622702e+01,3.662607e+01,3.662607e+01,3.662607e+01,3.718779e+01,3.716046e+01,3.716046e+01,3.716046e+01,3.774666e+01,3.774666e+01,3.774666e+01,3.774666e+01,3.774666e+01,3.774666e+01,3.776026e+01,3.814026e+01,3.814026e+01,3.814026e+01,3.814026e+01,3.814026e+01,3.814026e+01,3.831625e+01,3.869437e+01,3.869437e+01,3.924573e+01,3.924573e+01,3.927256e+01,3.927256e+01,3.927256e+01,3.982109e+01,3.967419e+01,4.022078e+01,4.022078e+01,4.024737e+01,4.024737e+01,4.024737e+01,4.024737e+01,4.024737e+01,4.024737e+01,4.024737e+01,4.079120e+01,4.042009e+01,4.042009e+01,4.042009e+01,4.042009e+01,4.042009e+01,4.089701e+01,4.089701e+01,4.089701e+01,4.089701e+01,4.089701e+01,4.089701e+01,4.089701e+01,4.089701e+01,4.089701e+01,4.089701e+01,4.089701e+01,4.089701e+01,4.089701e+01,4.089701e+01,4.089701e+01,4.089701e+01,4.089701e+01,4.089701e+01,4.089701e+01,4.089701e+01,4.089701e+01,4.133244e+01,4.133244e+01,4.133244e+01,4.133244e+01,4.189733e+01,4.189733e+01,4.189733e+01,4.189733e+01,4.189733e+01,4.189733e+01,4.189733e+01,4.189733e+01,4.189733e+01,4.253766e+01,4.238118e+01,4.279800e+01,4.318742e+01,4.362718e+01,4.412957e+01,4.448893e+01,4.493658e+01,4.535710e+01,4.575077e+01,4.580146e+01,4.637035e+01,4.729998e+01,4.751253e+01,4.793649e+01,4.839618e+01,4.889117e+01,4.916256e+01,4.993638e+01,5.015657e+01,5.097273e+01,5.146951e+01,5.196431e+01,5.256507e+01,5.346083e+01,5.394782e+01,5.481029e+01,5.532732e+01,5.573709e+01,5.654113e+01,5.720157e+01,5.727090e+01,5.804251e+01,5.846668e+01,5.932228e+01,5.977634e+01,6.049960e+01,6.087100e+01,6.152127e+01,6.207932e+01,6.254630e+01,6.291208e+01,6.382775e+01,6.423396e+01,6.492286e+01,6.542369e+01,6.595519e+01,6.665713e+01,6.752692e+01,6.791177e+01,6.864648e+01,6.937740e+01,6.996785e+01,7.072344e+01,7.114151e+01,7.180790e+01,7.206738e+01,7.288431e+01,7.340927e+01,7.381970e+01,7.447401e+01,7.522698e+01,7.561216e+01,7.634933e+01,7.688229e+01,7.727325e+01,7.782291e+01,7.844014e+01,7.898560e+01,7.921312e+01,7.990352e+01,8.003139e+01,8.061044e+01,8.121659e+01,8.165507e+01,8.187870e+01,8.244124e+01,8.266376e+01,8.308857e+01,8.324276e+01,8.359875e+01,8.381965e+01,8.443269e+01,8.476696e+01,8.536687e+01,8.604976e+01,8.607816e+01,8.653173e+01,8.689932e+01,8.737878e+01,8.741632e+01,8.789425e+01,8.792233e+01,8.832413e+01,8.849204e+01,8.879012e+01,8.894826e+01,8.885526e+01,8.918982e+01,8.908766e+01,8.934757e+01,8.948664e+01,8.948664e+01,8.948664e+01,8.948664e+01,8.963485e+01,8.989390e+01,8.989390e+01,8.989390e+01,8.989390e+01,8.989390e+01,8.989390e+01,8.989390e+01,8.989390e+01,8.989390e+01,9.001404e+01,9.027249e+01,9.027249e+01,9.027249e+01,9.027249e+01,9.027249e+01,9.027249e+01,9.027249e+01,9.027249e+01,9.027249e+01,9.027249e+01,9.027249e+01,9.027249e+01,9.027249e+01,9.027249e+01,9.027249e+01,9.027249e+01,9.027249e+01,9.027249e+01,9.027249e+01,9.027249e+01,9.027249e+01,9.027249e+01,9.027249e+01,8.989390e+01,9.015254e+01,9.015254e+01,9.014332e+01,9.022637e+01,9.022637e+01,9.022637e+01,9.022637e+01,8.984767e+01,8.991238e+01,9.004175e+01,8.968114e+01,8.994012e+01,8.956076e+01,8.981992e+01,8.982917e+01,8.984767e+01,8.984767e+01,8.984767e+01,8.984767e+01,8.957928e+01,8.974592e+01,8.964410e+01,8.926407e+01,8.952370e+01,8.952370e+01,8.952370e+01,8.952370e+01,8.952370e+01,8.952370e+01,8.914339e+01,8.924551e+01,8.924551e+01,8.924551e+01,8.924551e+01,8.924551e+01,8.886456e+01,8.912482e+01,8.890176e+01,8.897614e+01,8.897614e+01,8.897614e+01,8.897614e+01,8.897614e+01,8.859457e+01,8.873427e+01,8.873427e+01,8.873427e+01,8.873427e+01,8.873427e+01,8.873427e+01,8.873427e+01,8.873427e+01,8.835213e+01,8.849204e+01,8.849204e+01,8.849204e+01,8.849204e+01,8.849204e+01,8.849204e+01,8.849204e+01,8.849204e+01,8.849204e+01,8.849204e+01,8.849204e+01,8.849204e+01,8.849204e+01,8.816540e+01,8.837079e+01,8.837079e+01,8.837079e+01,8.837079e+01,8.837079e+01,8.837079e+01,8.837079e+01,8.837079e+01,8.837079e+01,8.837079e+01,8.837079e+01,8.837079e+01,8.837079e+01,8.837079e+01,8.837079e+01,8.837079e+01,8.875289e+01,8.832413e+01,8.858525e+01,8.858525e+01,8.858525e+01,8.858525e+01,8.858525e+01,8.858525e+01,8.858525e+01,8.858525e+01,8.858525e+01,8.858525e+01,8.858525e+01,8.858525e+01,8.896685e+01,8.882734e+01,8.866909e+01,8.878082e+01,8.881804e+01,8.892966e+01,8.892966e+01,8.892966e+01,8.892966e+01,8.892966e+01,8.892966e+01,8.892966e+01,8.892966e+01,8.892966e+01,8.892966e+01,8.892966e+01,8.892966e+01,8.892966e+01,8.892966e+01,8.892966e+01,8.892966e+01,8.892966e+01,8.892966e+01,8.892966e+01,8.860388e+01,8.861320e+01,8.856661e+01,8.834280e+01,8.824011e+01,8.824011e+01,8.785682e+01,8.780065e+01,8.769762e+01,8.747262e+01,8.736938e+01,8.718153e+01,8.687108e+01,8.637123e+01,8.638068e+01,8.609708e+01,8.552837e+01,8.539539e+01,8.510052e+01,8.485280e+01,8.460469e+01,8.401148e+01,8.358915e+01,8.345453e+01,8.326202e+01,8.301141e+01,8.261541e+01,8.244124e+01,8.184955e+01,8.143111e+01,8.129463e+01,8.090403e+01,8.047323e+01,8.013952e+01,7.969672e+01,7.902519e+01,7.844014e+01,7.825125e+01,7.762326e+01,7.722318e+01,7.688229e+01,7.670149e+01,7.586503e+01,7.555141e+01,7.502385e+01,7.455560e+01,7.398355e+01,7.314188e+01,7.306980e+01,7.244022e+01,7.154796e+01,7.112063e+01,7.083853e+01,6.985206e+01,6.922939e+01,6.877386e+01,6.852961e+01,6.769810e+01,6.728049e+01,6.662481e+01,6.623640e+01,6.580354e+01,6.463897e+01,6.444209e+01,6.379476e+01,6.291208e+01,6.256849e+01,6.213499e+01,6.118531e+01,6.070231e+01,6.027400e+01,5.954950e+01,5.882100e+01,5.823757e+01,5.738636e+01,5.687757e+01,5.615722e+01,5.563185e+01,5.475140e+01,5.419653e+01,5.332985e+01,5.281653e+01,5.228908e+01,5.155413e+01,5.110621e+01,5.058360e+01,4.996087e+01,4.945792e+01,4.853250e+01,4.830934e+01,4.789914e+01,4.738755e+01,4.721236e+01,4.683607e+01,4.658456e+01,4.611785e+01,4.575077e+01,4.517888e+01,4.517888e+01,4.479607e+01,4.428371e+01,4.397522e+01,4.361427e+01,4.338164e+01,4.294094e+01,4.278500e+01,4.278500e+01,4.278500e+01,4.222448e+01,4.222448e+01,4.222448e+01,4.168746e+01,4.168746e+01,4.168746e+01,4.114791e+01,4.151666e+01,4.120066e+01,4.133244e+01,4.133244e+01,4.133244e+01,4.079120e+01,4.079120e+01,4.075150e+01,4.075150e+01,4.075150e+01,4.075150e+01,4.075150e+01,4.075150e+01,4.075150e+01,4.075150e+01,4.075150e+01,4.075150e+01,4.075150e+01,4.129292e+01,4.117429e+01,4.127974e+01,4.127974e+01,4.127974e+01,4.127974e+01,4.127974e+01,4.127974e+01,4.127974e+01,4.127974e+01,4.073826e+01,4.079120e+01,4.079120e+01,4.079120e+01,4.079120e+01,4.079120e+01,4.024737e+01,4.044664e+01,4.044664e+01,4.044664e+01,4.044664e+01,4.044664e+01,4.044664e+01,4.044664e+01,4.044664e+01,4.044664e+01,4.104234e+01,4.104234e+01,4.104234e+01,4.104234e+01,4.104234e+01,4.149036e+01,4.149036e+01,4.149036e+01,4.149036e+01,4.202830e+01,4.188422e+01,4.188422e+01,4.188422e+01,4.242032e+01,4.228979e+01,4.213297e+01,4.213297e+01,4.213297e+01,4.213297e+01,4.213297e+01,4.213297e+01,4.213297e+01,4.213297e+01,4.213297e+01,4.159552e+01,4.196283e+01,4.164807e+01,4.162180e+01,4.162180e+01,4.162180e+01,4.162180e+01,4.162180e+01,4.162180e+01,4.162180e+01,4.162180e+01,4.108194e+01,4.127974e+01,4.127974e+01,4.127974e+01,4.127974e+01,4.127974e+01,4.127974e+01,4.127974e+01,4.127974e+01,4.127974e+01,4.127974e+01,4.098951e+01,4.098951e+01,4.098951e+01,4.098951e+01,4.098951e+01,4.098951e+01,4.098951e+01,4.098951e+01,4.098951e+01,4.098951e+01,4.098951e+01,4.098951e+01,4.064555e+01,4.064555e+01,4.064555e+01,4.118748e+01,4.106874e+01,4.108194e+01,4.108194e+01,4.108194e+01,4.108194e+01,4.108194e+01,4.172684e+01,4.172684e+01,4.172684e+01,4.172684e+01,4.172684e+01,4.226367e+01,4.234202e+01,4.223754e+01,4.255069e+01,4.258978e+01,4.258978e+01,4.258978e+01,4.258978e+01,4.258978e+01,4.258978e+01,4.258978e+01,4.258978e+01,4.258978e+01,4.258978e+01,4.258978e+01,4.258978e+01,4.258978e+01,4.201521e+01,4.201521e+01,4.201521e+01,4.255069e+01,4.235508e+01,4.235508e+01,4.235508e+01,4.235508e+01,4.181867e+01,4.183178e+01,4.183178e+01,4.183178e+01,4.183178e+01,4.183178e+01,4.183178e+01,4.183178e+01,4.183178e+01,4.183178e+01,4.183178e+01,4.183178e+01,4.183178e+01,4.129292e+01,4.141142e+01,4.137194e+01,4.137194e+01,4.137194e+01,4.137194e+01,4.137194e+01,4.137194e+01,4.137194e+01,4.137194e+01,4.137194e+01,4.137194e+01,4.137194e+01,4.137194e+01,4.137194e+01,4.083089e+01,4.083089e+01,4.072502e+01,4.072502e+01,4.072502e+01,4.072502e+01
3.566034e+01,3.604765e+01,3.604765e+01,3.604765e+01,3.604765e+01,3.604765e+01,3.661234e+01,3.640608e+01,3.659860e+01,3.659860e+01,3.659860e+01,3.716046e+01,3.703736e+01,3.703736e+01,3.703736e+01,3.759700e+01,3.763783e+01,3.763783e+01,3.763783e+01,3.763783e+01,3.763783e+01,3.819444e+01,3.808606e+01,3.811316e+01,3.811316e+01,3.811316e+01,3.811316e+01,3.811316e+01,3.866740e+01,3.855947e+01,3.861345e+01,3.893676e+01,3.909807e+01,3.909807e+01,3.909807e+01,3.909807e+01,3.909807e+01,3.982109e+01,3.999446e+01,4.011433e+01,4.011433e+01,4.011433e+01,4.011433e+01,4.011433e+01,4.011433e+01,4.065880e+01,4.045991e+01,4.023407e+01,4.047318e+01,4.044664e+01,4.044664e+01,4.044664e+01,4.044664e+01,4.044664e+01,4.044664e+01,4.044664e+01,4.089701e+01,4.089701e+01,4.089701e+01,4.089701e+01,4.089701e+01,4.089701e+01,4.089701e+01,4.089701e+01,4.089701e+01,4.089701e+01,4.089701e+01,4.089701e+01,4.089701e+01,4.089701e+01,4.089701e+01,4.089701e+01,4.089701e+01,4.089701e+01,4.089701e+01,4.133244e+01,4.079120e+01,4.116110e+01,4.146405e+01,4.175309e+01,4.228979e+01,4.209373e+01,4.209373e+01,4.209373e+01,4.209373e+01,4.209373e+01,4.209373e+01,4.209373e+01,4.253766e+01,4.256372e+01,4.286300e+01,4.338164e+01,4.369171e+01,4.407814e+01,4.462980e+01,4.500039e+01,4.530621e+01,4.562392e+01,4.596609e+01,4.643340e+01,4.716225e+01,4.766233e+01,4.799871e+01,4.845816e+01,4.884176e+01,4.929802e+01,4.980162e+01,5.030315e+01,5.103342e+01,5.152996e+01,5.202452e+01,5.262498e+01,5.303166e+01,5.379361e+01,5.422019e+01,5.501030e+01,5.563185e+01,5.600567e+01,5.676165e+01,5.732864e+01,5.807696e+01,5.850101e+01,5.888947e+01,5.960625e+01,6.035300e+01,6.074731e+01,6.142057e+01,6.200133e+01,6.249079e+01,6.287887e+01,6.381675e+01,6.424492e+01,6.494467e+01,6.544543e+01,6.597684e+01,6.667867e+01,6.754833e+01,6.793313e+01,6.866772e+01,6.896473e+01,6.979940e+01,7.013610e+01,7.079669e+01,7.164159e+01,7.205701e+01,7.288431e+01,7.341955e+01,7.382995e+01,7.448421e+01,7.482045e+01,7.543996e+01,7.617799e+01,7.671155e+01,7.710296e+01,7.765323e+01,7.827115e+01,7.877756e+01,7.922301e+01,7.979523e+01,8.014935e+01,8.061044e+01,8.081601e+01,8.142136e+01,8.185927e+01,8.198555e+01,8.212142e+01,8.262508e+01,8.319460e+01,8.350262e+01,8.386763e+01,8.403065e+01,8.458559e+01,8.517667e+01,8.575610e+01,8.608762e+01,8.652229e+01,8.688049e+01,8.725670e+01,8.751014e+01,8.779129e+01,8.803455e+01,8.822144e+01,8.813737e+01,8.852933e+01,8.844542e+01,8.884595e+01,8.869703e+01,8.894826e+01,8.915268e+01,8.904121e+01,8.930119e+01,8.930119e+01,8.930119e+01,8.963485e+01,8.945883e+01,8.971815e+01,8.971815e+01,8.971815e+01,8.971815e+01,8.971815e+01,8.971815e+01,9.009715e+01,8.996784e+01,8.975517e+01,9.004175e+01,8.979218e+01,9.005098e+01,9.017101e+01,9.017101e+01,9.017101e+01,9.017101e+01,9.017101e+01,9.017101e+01,9.017101e+01,9.017101e+01,9.017101e+01,9.017101e+01,9.017101e+01,9.017101e+01,9.017101e+01,9.017101e+01,9.017101e+01,9.017101e+01,9.017101e+01,9.017101e+01,8.979218e+01,8.987541e+01,8.996784e+01,9.009715e+01,8.971815e+01,8.997708e+01,8.997708e+01,8.997708e+01,8.997708e+01,8.997708e+01,8.997708e+01,8.997708e+01,8.997708e+01,8.968114e+01,8.980143e+01,8.977367e+01,8.980143e+01,8.980143e+01,8.942175e+01,8.968114e+01,8.968114e+01,8.968114e+01,8.968114e+01,8.930119e+01,8.938467e+01,8.939394e+01,8.946810e+01,8.946810e+01,8.908766e+01,8.934757e+01,8.934757e+01,8.896685e+01,8.906908e+01,8.906908e+01,8.906908e+01,8.906908e+01,8.906908e+01,8.868771e+01,8.878082e+01,8.891106e+01,8.892036e+01,8.892036e+01,8.892036e+01,8.892036e+01,8.892036e+01,8.853865e+01,8.864115e+01,8.864115e+01,8.864115e+01,8.864115e+01,8.864115e+01,8.864115e+01,8.864115e+01,8.864115e+01,8.864115e+01,8.835213e+01,8.835213e+01,8.835213e+01,8.835213e+01,8.835213e+01,8.835213e+01,8.835213e+01,8.835213e+01,8.835213e+01,8.835213e+01,8.835213e+01,8.835213e+01,8.835213e+01,8.835213e+01,8.835213e+01,8.835213e+01,8.835213e+01,8.835213e+01,8.835213e+01,8.835213e+01,8.835213e+01,8.835213e+01,8.835213e+01,8.835213e+01,8.835213e+01,8.835213e+01,8.835213e+01,8.835213e+01,8.835213e+01,8.835213e+01,8.835213e+01,8.835213e+01,8.835213e+01,8.835213e+01,8.835213e+01,8.835213e+01,8.835213e+01,8.858525e+01,8.858525e+01,8.858525e+01,8.858525e+01,8.858525e+01,8.858525e+01,8.858525e+01,8.858525e+01,8.858525e+01,8.858525e+01,8.858525e+01,8.858525e+01,8.858525e+01,8.858525e+01,8.858525e+01,8.858525e+01,8.892966e+01,8.892966e+01,8.892966e+01,8.892966e+01,8.892966e+01,8.892966e+01,8.892966e+01,8.892966e+01,8.892966e+01,8.892966e+01,8.892966e+01,8.892966e+01,8.892966e+01,8.892966e+01,8.854797e+01,8.863184e+01,8.867841e+01,8.829613e+01,8.837079e+01,8.836146e+01,8.797845e+01,8.797845e+01,8.793168e+01,8.793168e+01,8.769762e+01,8.752890e+01,8.714393e+01,8.675804e+01,8.658833e+01,8.644678e+01,8.594562e+01,8.581298e+01,8.560432e+01,8.534786e+01,8.505292e+01,8.441357e+01,8.427966e+01,8.423180e+01,8.383884e+01,8.357954e+01,8.326202e+01,8.286665e+01,8.233471e+01,8.192728e+01,8.168426e+01,8.153826e+01,8.117756e+01,8.051244e+01,8.030647e+01,7.974599e+01,7.952911e+01,7.902519e+01,7.854939e+01,7.813184e+01,7.803225e+01,7.740335e+01,7.676178e+01,7.647017e+01,7.582460e+01,7.539942e+01,7.503402e+01,7.457599e+01,7.359411e+01,7.325507e+01,7.294617e+01,7.244022e+01,7.154796e+01,7.117281e+01,7.033565e+01,7.030416e+01,6.944077e+01,6.860400e+01,6.837009e+01,6.769810e+01,6.728049e+01,6.662481e+01,6.579271e+01,6.526057e+01,6.466083e+01,6.421203e+01,6.367373e+01,6.295635e+01,6.244637e+01,6.166658e+01,6.099457e+01,6.067980e+01,6.025142e+01,5.906049e+01,5.862682e+01,5.820317e+01,5.735173e+01,5.684280e+01,5.612226e+01,5.559675e+01,5.471606e+01,5.416103e+01,5.378174e+01,5.299583e+01,5.244515e+01,5.168699e+01,5.071750e+01,5.044955e+01,4.942104e+01,4.921183e+01,4.865630e+01,4.814791e+01,4.784933e+01,4.751253e+01,4.717478e+01,4.639558e+01,4.650900e+01,4.616840e+01,4.561123e+01,4.530621e+01,4.514066e+01,4.460420e+01,4.433505e+01,4.394947e+01,4.369171e+01,4.316150e+01,4.307073e+01,4.307073e+01,4.278500e+01,4.248552e+01,4.232896e+01,4.232896e+01,4.179244e+01,4.183178e+01,4.183178e+01,4.183178e+01,4.168746e+01,4.155610e+01,4.131926e+01,4.131926e+01,4.131926e+01,4.131926e+01,4.131926e+01,4.079120e+01,4.079120e+01,4.079120e+01,4.079120e+01,4.079120e+01,4.079120e+01,4.079120e+01,4.079120e+01,4.079120e+01,4.079120e+01,4.079120e+01,4.079120e+01,4.129292e+01,4.129292e+01,4.129292e+01,4.129292e+01,4.129292e+01,4.129292e+01,4.129292e+01,4.075150e+01,4.112152e+01,4.081766e+01,4.088379e+01,4.088379e+01,4.088379e+01,4.034040e+01,4.071178e+01,4.040681e+01,4.035369e+01,4.089701e+01,4.052624e+01,4.052624e+01,4.052624e+01,4.052624e+01,4.052624e+01,4.052624e+01,4.052624e+01,4.052624e+01,4.104234e+01,4.104234e+01,4.104234e+01,4.104234e+01,4.104234e+01,4.149036e+01,4.149036e+01,4.149036e+01,4.149036e+01,4.149036e+01,4.188422e+01,4.188422e+01,4.188422e+01,4.188422e+01,4.188422e+01,4.188422e+01,4.242032e+01,4.225061e+01,4.225061e+01,4.225061e+01,4.225061e+01,4.171371e+01,4.188422e+01,4.211989e+01,4.189733e+01,4.188422e+01,4.172684e+01,4.172684e+01,4.172684e+01,4.172684e+01,4.172684e+01,4.172684e+01,4.172684e+01,4.118748e+01,4.130609e+01,4.118748e+01,4.118748e+01,4.118748e+01,4.118748e+01,4.118748e+01,4.118748e+01,4.118748e+01,4.118748e+01,4.118748e+01,4.118748e+01,4.118748e+01,4.118748e+01,4.118748e+01,4.118748e+01,4.118748e+01,4.118748e+01,4.118748e+01,4.118748e+01,4.064555e+01,4.081766e+01,4.081766e+01,4.081766e+01,4.081766e+01,4.081766e+01,4.081766e+01,4.081766e+01,4.081766e+01,4.081766e+01,4.081766e+01,4.081766e+01,4.135877e+01,4.118748e+01,4.147721e+01,4.162180e+01,4.162180e+01,4.162180e+01,4.215912e+01,4.204139e+01,4.215912e+01,4.215912e+01,4.269394e+01,4.255069e+01,4.255069e+01,4.255069e+01,4.255069e+01,4.255069e+01,4.255069e+01,4.255069e+01,4.255069e+01,4.255069e+01,4.255069e+01,4.255069e+01,4.255069e+01,4.255069e+01,4.255069e+01,4.255069e+01,4.255069e+01,4.201521e+01,4.188422e+01,4.225061e+01,4.225061e+01,4.225061e+01,4.225061e+01,4.225061e+01,4.225061e+01,4.225061e+01,4.183178e+01,4.183178e+01,4.183178e+01,4.183178e+01,4.183178e+01,4.183178e+01,4.183178e+01,4.183178e+01,4.183178e+01,4.183178e+01,4.183178e+01,4.183178e+01,4.183178e+01,4.183178e+01,4.183178e+01,4.137194e+01,4.137194e+01,4.137194e+01,4.137194e+01,4.137194e+01,4.137194e+01,4.137194e+01,4.137194e+01,4.137194e+01,4.137194e+01,4.083089e+01,4.083089e+01,4.083089e+01,4.083089e+01,4.083089e+01,4.083089e+01
3.579882e+01,3.596477e+01,3.596477e+01,3.596477e+01,3.596477e+01,3.596477e+01,3.661234e+01,3.661234e+01,3.661234e+01,3.661234e+01,3.661234e+01,3.716046e+01,3.716046e+01,3.716046e+01,3.716046e+01,3.716046e+01,3.716046e+01,3.763783e+01,3.763783e+01,3.763783e+01,3.763783e+01,3.819444e+01,3.819444e+01,3.819444e+01,3.819444e+01,3.819444e+01,3.819444e+01,3.819444e+01,3.819444e+01,3.819444e+01,3.861345e+01,3.885602e+01,3.885602e+01,3.885602e+01,3.940659e+01,3.923232e+01,3.952709e+01,3.971427e+01,3.971427e+01,3.971427e+01,3.971427e+01,4.011433e+01,4.011433e+01,4.011433e+01,4.011433e+01,4.065880e+01,4.065880e+01,4.065880e+01,4.065880e+01,4.065880e+01,4.065880e+01,4.065880e+01,4.065880e+01,4.065880e+01,4.065880e+01,4.065880e+01,4.065880e+01,4.065880e+01,4.065880e+01,4.065880e+01,4.065880e+01,4.120066e+01,4.102913e+01,4.102913e+01,4.102913e+01,4.102913e+01,4.102913e+01,4.102913e+01,4.048645e+01,4.065880e+01,4.065880e+01,4.065880e+01,4.065880e+01,4.120066e+01,4.122703e+01,4.112152e+01,4.109513e+01,4.124021e+01,4.154295e+01,4.194973e+01,4.214605e+01,4.214605e+01,4.214605e+01,4.214605e+01,4.214605e+01,4.214605e+01,4.214605e+01,4.214605e+01,4.214605e+01,4.256372e+01,4.305776e+01,4.332988e+01,4.371751e+01,4.374331e+01,4.432222e+01,4.478329e+01,4.516614e+01,4.556044e+01,4.607993e+01,4.648381e+01,4.721236e+01,4.761242e+01,4.812306e+01,4.840858e+01,4.896524e+01,4.934724e+01,4.985064e+01,5.035197e+01,5.108195e+01,5.157830e+01,5.207266e+01,5.267290e+01,5.307942e+01,5.384108e+01,5.426750e+01,5.457458e+01,5.587729e+01,5.618052e+01,5.679644e+01,5.736327e+01,5.811139e+01,5.853533e+01,5.892369e+01,5.964029e+01,6.038685e+01,6.078106e+01,6.099457e+01,6.183406e+01,6.234636e+01,6.275702e+01,6.371775e+01,6.416817e+01,6.489013e+01,6.541282e+01,6.596602e+01,6.668944e+01,6.713028e+01,6.776224e+01,6.845518e+01,6.890114e+01,6.969402e+01,7.017814e+01,7.080715e+01,7.165199e+01,7.206738e+01,7.247124e+01,7.324478e+01,7.366592e+01,7.391189e+01,7.448421e+01,7.533858e+01,7.566277e+01,7.642990e+01,7.700269e+01,7.754333e+01,7.815174e+01,7.864864e+01,7.908456e+01,7.964745e+01,7.999207e+01,8.041439e+01,8.075730e+01,8.135314e+01,8.168426e+01,8.168426e+01,8.212142e+01,8.261541e+01,8.275074e+01,8.335831e+01,8.361798e+01,8.408815e+01,8.457603e+01,8.476696e+01,8.517667e+01,8.572765e+01,8.638068e+01,8.633344e+01,8.688049e+01,8.728487e+01,8.724730e+01,8.758516e+01,8.765077e+01,8.805325e+01,8.795974e+01,8.836146e+01,8.865046e+01,8.838012e+01,8.878082e+01,8.892966e+01,8.903191e+01,8.885526e+01,8.910624e+01,8.940321e+01,8.914339e+01,8.939394e+01,8.958855e+01,8.958855e+01,8.958855e+01,8.958855e+01,8.958855e+01,8.958855e+01,8.958855e+01,8.958855e+01,8.958855e+01,8.958855e+01,8.958855e+01,8.967188e+01,8.966262e+01,8.990314e+01,9.002327e+01,9.002327e+01,8.964410e+01,8.988465e+01,9.000480e+01,9.000480e+01,9.000480e+01,9.000480e+01,9.000480e+01,9.000480e+01,9.000480e+01,9.000480e+01,9.000480e+01,9.000480e+01,8.962559e+01,8.970890e+01,8.981068e+01,8.981068e+01,8.981068e+01,8.981068e+01,8.981068e+01,8.981068e+01,8.981068e+01,8.943102e+01,8.967188e+01,8.953297e+01,8.976443e+01,8.950517e+01,8.957928e+01,8.968114e+01,8.968114e+01,8.968114e+01,8.968114e+01,8.968114e+01,8.968114e+01,8.968114e+01,8.968114e+01,8.930119e+01,8.938467e+01,8.937539e+01,8.937539e+01,8.937539e+01,8.899474e+01,8.907837e+01,8.917125e+01,8.928263e+01,8.907837e+01,8.904121e+01,8.904121e+01,8.865977e+01,8.889246e+01,8.889246e+01,8.889246e+01,8.889246e+01,8.889246e+01,8.889246e+01,8.889246e+01,8.851069e+01,8.874358e+01,8.874358e+01,8.874358e+01,8.853865e+01,8.853865e+01,8.853865e+01,8.815605e+01,8.838945e+01,8.850137e+01,8.850137e+01,8.850137e+01,8.850137e+01,8.850137e+01,8.850137e+01,8.850137e+01,8.850137e+01,8.850137e+01,8.850137e+01,8.850137e+01,8.811868e+01,8.823077e+01,8.823077e+01,8.823077e+01,8.823077e+01,8.823077e+01,8.823077e+01,8.823077e+01,8.823077e+01,8.823077e+01,8.823077e+01,8.823077e+01,8.823077e+01,8.823077e+01,8.823077e+01,8.823077e+01,8.823077e+01,8.823077e+01,8.823077e+01,8.823077e+01,8.823077e+01,8.823077e+01,8.823077e+01,8.823077e+01,8.823077e+01,8.823077e+01,8.823077e+01,8.823077e+01,8.861320e+01,8.850137e+01,8.862252e+01,8.860388e+01,8.860388e+01,8.860388e+01,8.860388e+01,8.860388e+01,8.860388e+01,8.860388e+01,8.860388e+01,8.860388e+01,8.860388e+01,8.860388e+01,8.860388e+01,8.860388e+01,8.860388e+01,8.860388e+01,8.860388e+01,8.860388e+01,8.860388e+01,8.860388e+01,8.860388e+01,8.860388e+01,8.860388e+01,8.860388e+01,8.860388e+01,8.860388e+01,8.860388e+01,8.860388e+01,8.860388e+01,8.860388e+01,8.860388e+01,8.860388e+01,8.860388e+01,8.860388e+01,8.829613e+01,8.829613e+01,8.829613e+01,8.797845e+01,8.759454e+01,8.782874e+01,8.770699e+01,8.733183e+01,8.703108e+01,8.687108e+01,8.644678e+01,8.629565e+01,8.627675e+01,8.567074e+01,8.568023e+01,8.554736e+01,8.490047e+01,8.476696e+01,8.448049e+01,8.448049e+01,8.383884e+01,8.380045e+01,8.344491e+01,8.289561e+01,8.270242e+01,8.235408e+01,8.198555e+01,8.181068e+01,8.145060e+01,8.079645e+01,8.047323e+01,8.016899e+01,7.978539e+01,7.943044e+01,7.862879e+01,7.838052e+01,7.825125e+01,7.752335e+01,7.723320e+01,7.680196e+01,7.636948e+01,7.540956e+01,7.522698e+01,7.460657e+01,7.406541e+01,7.362489e+01,7.332705e+01,7.245056e+01,7.183907e+01,7.136050e+01,7.072344e+01,7.045105e+01,6.974671e+01,6.925055e+01,6.864648e+01,6.825298e+01,6.767671e+01,6.681861e+01,6.643073e+01,6.620398e+01,6.542369e+01,6.480282e+01,6.433258e+01,6.377276e+01,6.303379e+01,6.204590e+01,6.146533e+01,6.103947e+01,6.055594e+01,6.008194e+01,5.920852e+01,5.827196e+01,5.807696e+01,5.730555e+01,5.632023e+01,5.591232e+01,5.554993e+01,5.466891e+01,5.420836e+01,5.365110e+01,5.245715e+01,5.222900e+01,5.162661e+01,5.076616e+01,5.031536e+01,4.956850e+01,4.906394e+01,4.859442e+01,4.819761e+01,4.781195e+01,4.742506e+01,4.698673e+01,4.654679e+01,4.638297e+01,4.597874e+01,4.566199e+01,4.492382e+01,4.489828e+01,4.465540e+01,4.429655e+01,4.402669e+01,4.345923e+01,4.331693e+01,4.278500e+01,4.279800e+01,4.270695e+01,4.256372e+01,4.202830e+01,4.200212e+01,4.188422e+01,4.188422e+01,4.188422e+01,4.134560e+01,4.167433e+01,4.113472e+01,4.129292e+01,4.129292e+01,4.129292e+01,4.129292e+01,4.129292e+01,4.129292e+01,4.129292e+01,4.079120e+01,4.079120e+01,4.079120e+01,4.079120e+01,4.079120e+01,4.079120e+01,4.079120e+01,4.079120e+01,4.079120e+01,4.133244e+01,4.118748e+01,4.118748e+01,4.118748e+01,4.118748e+01,4.118748e+01,4.118748e+01,4.118748e+01,4.118748e+01,4.118748e+01,4.118748e+01,4.088379e+01,4.088379e+01,4.088379e+01,4.088379e+01,4.088379e+01,4.088379e+01,4.035369e+01,4.059254e+01,4.053951e+01,4.053951e+01,4.053951e+01,4.053951e+01,4.053951e+01,4.053951e+01,4.053951e+01,4.053951e+01,4.053951e+01,4.104234e+01,4.104234e+01,4.104234e+01,4.104234e+01,4.149036e+01,4.149036e+01,4.149036e+01,4.149036e+01,4.149036e+01,4.188422e+01,4.188422e+01,4.188422e+01,4.188422e+01,4.188422e+01,4.188422e+01,4.188422e+01,4.225061e+01,4.225061e+01,4.225061e+01,4.225061e+01,4.225061e+01,4.225061e+01,4.171371e+01,4.187111e+01,4.187111e+01,4.187111e+01,4.187111e+01,4.187111e+01,4.187111e+01,4.133244e+01,4.149036e+01,4.171371e+01,4.134560e+01,4.134560e+01,4.134560e+01,4.134560e+01,4.134560e+01,4.134560e+01,4.134560e+01,4.134560e+01,4.134560e+01,4.134560e+01,4.134560e+01,4.080443e+01,4.096309e+01,4.096309e+01,4.096309e+01,4.096309e+01,4.096309e+01,4.096309e+01,4.096309e+01,4.096309e+01,4.096309e+01,4.096309e+01,4.096309e+01,4.096309e+01,4.096309e+01,4.096309e+01,4.096309e+01,4.096309e+01,4.096309e+01,4.096309e+01,4.096309e+01,4.096309e+01,4.135877e+01,4.135877e+01,4.139826e+01,4.139826e+01,4.139826e+01,4.193663e+01,4.206756e+01,4.206756e+01,4.206756e+01,4.260281e+01,4.255069e+01,4.255069e+01,4.255069e+01,4.255069e+01,4.255069e+01,4.255069e+01,4.255069e+01,4.255069e+01,4.255069e+01,4.255069e+01,4.255069e+01,4.255069e+01,4.255069e+01,4.255069e+01,4.255069e+01,4.255069e+01,4.255069e+01,4.255069e+01,4.242032e+01,4.227673e+01,4.227673e+01,4.227673e+01,4.227673e+01,4.227673e+01,4.227673e+01,4.227673e+01,4.227673e+01,4.183178e+01,4.183178e+01,4.183178e+01,4.183178e+01,4.183178e+01,4.183178e+01,4.183178e+01,4.183178e+01,4.183178e+01,4.183178e+01,4.183178e+01,4.183178e+01,4.183178e+01,4.183178e+01,4.183178e+01,4.137194e+01,4.137194e+01,4.137194e+01,4.137194e+01,4.137194e+01,4.137194e+01,4.137194e+01,4.137194e+01,4.137194e+01,4.083089e+01,4.137194e+01,4.104234e+01,4.104234e+01,4.104234e+01,4.104234e+01
3.579882e+01,3.579882e+01,3.579882e+01,3.579882e+01,3.636478e+01,3.639232e+01,3.651613e+01,3.651613e+01,3.651613e+01,3.651613e+01,3.707841e+01,3.700999e+01,3.700999e+01,3.700999e+01,3.756976e+01,3.740622e+01,3.771946e+01,3.756976e+01,3.756976e+01,3.756976e+01,3.812671e+01,3.804538e+01,3.804538e+01,3.804538e+01,3.804538e+01,3.804538e+01,3.804538e+01,3.804538e+01,3.804538e+01,3.859996e+01,3.859996e+01,3.915179e+01,3.899056e+01,3.929938e+01,3.925914e+01,3.940659e+01,3.944677e+01,3.944677e+01,3.999446e+01,3.983444e+01,4.000779e+01,4.010102e+01,4.010102e+01,4.010102e+01,4.010102e+01,4.065880e+01,4.065880e+01,4.065880e+01,4.065880e+01,4.065880e+01,4.065880e+01,4.065880e+01,4.065880e+01,4.065880e+01,4.065880e+01,4.065880e+01,4.065880e+01,4.065880e+01,4.065880e+01,4.065880e+01,4.120066e+01,4.105554e+01,4.105554e+01,4.105554e+01,4.105554e+01,4.105554e+01,4.105554e+01,4.105554e+01,4.105554e+01,4.065880e+01,4.065880e+01,4.065880e+01,4.065880e+01,4.065880e+01,4.068529e+01,4.101593e+01,4.101593e+01,4.155610e+01,4.163493e+01,4.187111e+01,4.187111e+01,4.187111e+01,4.214605e+01,4.214605e+01,4.214605e+01,4.214605e+01,4.214605e+01,4.214605e+01,4.214605e+01,4.256372e+01,4.300586e+01,4.336870e+01,4.364009e+01,4.396235e+01,4.438637e+01,4.473215e+01,4.520436e+01,4.575077e+01,4.602935e+01,4.662232e+01,4.716225e+01,4.723740e+01,4.777457e+01,4.833416e+01,4.884176e+01,4.940875e+01,4.991189e+01,5.041297e+01,5.064448e+01,5.142113e+01,5.196431e+01,5.261301e+01,5.306748e+01,5.387667e+01,5.422019e+01,5.516303e+01,5.538594e+01,5.605232e+01,5.671526e+01,5.732864e+01,5.812287e+01,5.858108e+01,5.896931e+01,5.921990e+01,6.022884e+01,6.048833e+01,6.106192e+01,6.142057e+01,6.219065e+01,6.308908e+01,6.338723e+01,6.403649e+01,6.480282e+01,6.536934e+01,6.596602e+01,6.629041e+01,6.697990e+01,6.764463e+01,6.837009e+01,6.884812e+01,6.923997e+01,6.996785e+01,7.061874e+01,7.105799e+01,7.171437e+01,7.235744e+01,7.315217e+01,7.353252e+01,7.393237e+01,7.450462e+01,7.529801e+01,7.577405e+01,7.603674e+01,7.684212e+01,7.698263e+01,7.782291e+01,7.814179e+01,7.879739e+01,7.953898e+01,7.988383e+01,8.030647e+01,8.064961e+01,8.084536e+01,8.125562e+01,8.167453e+01,8.170371e+01,8.227657e+01,8.243156e+01,8.281837e+01,8.337756e+01,8.362759e+01,8.419350e+01,8.478604e+01,8.515764e+01,8.530033e+01,8.564227e+01,8.604030e+01,8.637123e+01,8.684283e+01,8.723791e+01,8.707811e+01,8.753828e+01,8.781937e+01,8.773510e+01,8.815605e+01,8.798780e+01,8.807195e+01,8.853865e+01,8.841743e+01,8.875289e+01,8.847340e+01,8.887386e+01,8.908766e+01,8.879942e+01,8.919910e+01,8.904121e+01,8.927335e+01,8.912482e+01,8.934757e+01,8.906908e+01,8.929191e+01,8.939394e+01,8.949590e+01,8.949590e+01,8.949590e+01,8.949590e+01,8.949590e+01,8.949590e+01,8.949590e+01,8.949590e+01,8.949590e+01,8.949590e+01,8.988465e+01,8.950517e+01,8.972741e+01,8.982917e+01,8.982917e+01,8.982917e+01,8.982917e+01,8.982917e+01,8.982917e+01,8.944956e+01,8.952370e+01,8.962559e+01,8.962559e+01,8.962559e+01,8.962559e+01,8.962559e+01,8.962559e+01,8.962559e+01,8.962559e+01,8.962559e+01,8.962559e+01,8.962559e+01,8.962559e+01,8.962559e+01,8.924551e+01,8.942175e+01,8.942175e+01,8.942175e+01,8.942175e+01,8.942175e+01,8.942175e+01,8.930119e+01,8.914339e+01,8.921767e+01,8.931974e+01,8.893896e+01,8.915268e+01,8.925479e+01,8.904121e+01,8.909695e+01,8.909695e+01,8.909695e+01,8.909695e+01,8.871565e+01,8.854797e+01,8.862252e+01,8.871565e+01,8.883665e+01,8.845474e+01,8.865977e+01,8.876220e+01,8.876220e+01,8.876220e+01,8.876220e+01,8.876220e+01,8.838012e+01,8.858525e+01,8.846407e+01,8.847340e+01,8.809064e+01,8.816540e+01,8.824945e+01,8.833347e+01,8.833347e+01,8.833347e+01,8.833347e+01,8.795039e+01,8.815605e+01,8.836146e+01,8.797845e+01,8.818408e+01,8.800650e+01,8.820276e+01,8.818408e+01,8.822144e+01,8.783810e+01,8.803455e+01,8.813737e+01,8.813737e+01,8.813737e+01,8.813737e+01,8.813737e+01,8.813737e+01,8.813737e+01,8.813737e+01,8.813737e+01,8.813737e+01,8.813737e+01,8.813737e+01,8.813737e+01,8.813737e+01,8.813737e+01,8.813737e+01,8.813737e+01,8.813737e+01,8.813737e+01,8.813737e+01,8.813737e+01,8.813737e+01,8.813737e+01,8.813737e+01,8.813737e+01,8.813737e+01,8.813737e+01,8.813737e+01,8.813737e+01,8.813737e+01,8.822144e+01,8.841743e+01,8.841743e+01,8.841743e+01,8.841743e+01,8.841743e+01,8.841743e+01,8.841743e+01,8.841743e+01,8.841743e+01,8.841743e+01,8.841743e+01,8.841743e+01,8.841743e+01,8.841743e+01,8.841743e+01,8.879942e+01,8.869703e+01,8.869703e+01,8.869703e+01,8.869703e+01,8.869703e+01,8.869703e+01,8.869703e+01,8.869703e+01,8.869703e+01,8.831480e+01,8.841743e+01,8.841743e+01,8.841743e+01,8.841743e+01,8.803455e+01,8.813737e+01,8.792233e+01,8.813737e+01,8.758516e+01,8.737878e+01,8.745386e+01,8.729427e+01,8.708752e+01,8.671092e+01,8.618221e+01,8.628620e+01,8.605923e+01,8.573713e+01,8.534786e+01,8.503387e+01,8.500529e+01,8.474788e+01,8.453783e+01,8.431793e+01,8.395396e+01,8.330054e+01,8.312713e+01,8.260574e+01,8.258640e+01,8.198555e+01,8.168426e+01,8.126537e+01,8.068878e+01,8.051244e+01,8.043401e+01,8.002157e+01,7.980508e+01,7.906477e+01,7.858909e+01,7.844014e+01,7.766322e+01,7.748335e+01,7.708291e+01,7.639970e+01,7.585492e+01,7.542983e+01,7.499336e+01,7.450462e+01,7.406541e+01,7.366592e+01,7.321391e+01,7.245056e+01,7.183907e+01,7.136050e+01,7.076530e+01,7.033565e+01,6.974671e+01,6.925055e+01,6.864648e+01,6.781566e+01,6.748410e+01,6.680785e+01,6.647388e+01,6.564088e+01,6.522793e+01,6.479190e+01,6.387172e+01,6.312224e+01,6.282350e+01,6.249079e+01,6.166658e+01,6.076981e+01,6.044324e+01,5.960625e+01,5.899211e+01,5.840944e+01,5.792764e+01,5.728245e+01,5.629696e+01,5.595900e+01,5.542110e+01,5.464534e+01,5.369862e+01,5.303166e+01,5.248114e+01,5.195227e+01,5.150578e+01,5.072967e+01,5.027873e+01,4.953165e+01,4.902694e+01,4.864392e+01,4.816034e+01,4.772470e+01,4.723740e+01,4.694908e+01,4.618103e+01,4.619366e+01,4.589014e+01,4.547152e+01,4.506417e+01,4.454018e+01,4.455298e+01,4.420667e+01,4.383355e+01,4.360136e+01,4.313557e+01,4.292796e+01,4.292796e+01,4.239423e+01,4.235508e+01,4.217220e+01,4.217220e+01,4.188422e+01,4.134560e+01,4.143774e+01,4.147721e+01,4.147721e+01,4.127974e+01,4.127974e+01,4.127974e+01,4.127974e+01,4.127974e+01,4.127974e+01,4.073826e+01,4.083089e+01,4.091023e+01,4.091023e+01,4.091023e+01,4.091023e+01,4.091023e+01,4.091023e+01,4.091023e+01,4.091023e+01,4.091023e+01,4.091023e+01,4.118748e+01,4.118748e+01,4.118748e+01,4.118748e+01,4.118748e+01,4.118748e+01,4.118748e+01,4.118748e+01,4.118748e+01,4.118748e+01,4.088379e+01,4.088379e+01,4.088379e+01,4.034040e+01,4.061905e+01,4.028725e+01,4.040681e+01,4.040681e+01,4.040681e+01,4.040681e+01,4.040681e+01,4.040681e+01,4.040681e+01,4.040681e+01,4.040681e+01,4.094987e+01,4.098951e+01,4.092345e+01,4.092345e+01,4.092345e+01,4.146405e+01,4.139826e+01,4.139826e+01,4.139826e+01,4.193663e+01,4.183178e+01,4.187111e+01,4.187111e+01,4.187111e+01,4.187111e+01,4.240727e+01,4.213297e+01,4.230285e+01,4.228979e+01,4.228979e+01,4.228979e+01,4.228979e+01,4.175309e+01,4.184489e+01,4.180556e+01,4.180556e+01,4.180556e+01,4.180556e+01,4.180556e+01,4.180556e+01,4.180556e+01,4.180556e+01,4.149036e+01,4.154295e+01,4.142458e+01,4.142458e+01,4.142458e+01,4.142458e+01,4.142458e+01,4.142458e+01,4.142458e+01,4.142458e+01,4.142458e+01,4.142458e+01,4.142458e+01,4.142458e+01,4.096309e+01,4.096309e+01,4.096309e+01,4.096309e+01,4.096309e+01,4.096309e+01,4.096309e+01,4.096309e+01,4.096309e+01,4.096309e+01,4.096309e+01,4.096309e+01,4.096309e+01,4.096309e+01,4.096309e+01,4.096309e+01,4.096309e+01,4.096309e+01,4.096309e+01,4.096309e+01,4.135877e+01,4.189733e+01,4.162180e+01,4.162180e+01,4.162180e+01,4.193663e+01,4.193663e+01,4.193663e+01,4.247248e+01,4.251160e+01,4.251160e+01,4.251160e+01,4.251160e+01,4.251160e+01,4.251160e+01,4.251160e+01,4.304479e+01,4.277200e+01,4.277200e+01,4.277200e+01,4.277200e+01,4.277200e+01,4.223754e+01,4.238118e+01,4.238118e+01,4.238118e+01,4.238118e+01,4.238118e+01,4.238118e+01,4.238118e+01,4.238118e+01,4.238118e+01,4.238118e+01,4.184489e+01,4.211989e+01,4.211989e+01,4.211989e+01,4.211989e+01,4.211989e+01,4.211989e+01,4.211989e+01,4.211989e+01,4.211989e+01,4.211989e+01,4.183178e+01,4.183178e+01,4.183178e+01,4.183178e+01,4.183178e+01,4.183178e+01,4.183178e+01,4.183178e+01,4.183178e+01,4.137194e+01,4.137194e+01,4.137194e+01,4.137194e+01,4.137194e+01,4.137194e+01,4.137194e+01,4.137194e+01,4.137194e+01,4.137194e+01,4.104234e+01,4.104234e+01,4.104234e+01,4.104234e+01
3.579882e+01,3.579882e+01,3.579882e+01,3.579882e+01,3.636478e+01,3.636478e+01,3.636478e+01,3.636478e+01,3.636478e+01,3.636478e+01,3.707841e+01,3.707841e+01,3.707841e+01,3.707841e+01,3.707841e+01,3.740622e+01,3.763783e+01,3.763783e+01,3.763783e+01,3.763783e+01,3.763783e+01,3.763783e+01,3.804538e+01,3.804538e+01,3.804538e+01,3.804538e+01,3.804538e+01,3.804538e+01,3.804538e+01,3.859996e+01,3.893676e+01,3.905777e+01,3.916521e+01,3.921890e+01,3.921890e+01,3.921890e+01,3.921890e+01,3.976770e+01,3.990114e+01,3.990114e+01,3.990114e+01,4.044664e+01,4.030054e+01,4.030054e+01,4.030054e+01,4.030054e+01,4.030054e+01,4.030054e+01,4.030054e+01,4.065880e+01,4.065880e+01,4.065880e+01,4.065880e+01,4.065880e+01,4.065880e+01,4.065880e+01,4.065880e+01,4.065880e+01,4.065880e+01,4.065880e+01,4.065880e+01,4.065880e+01,4.065880e+01,4.065880e+01,4.065880e+01,4.065880e+01,4.065880e+01,4.065880e+01,4.065880e+01,4.065880e+01,4.065880e+01,4.065880e+01,4.065880e+01,4.065880e+01,4.120066e+01,4.105554e+01,4.138510e+01,4.146405e+01,4.200212e+01,4.185801e+01,4.185801e+01,4.239423e+01,4.225061e+01,4.225061e+01,4.225061e+01,4.225061e+01,4.225061e+01,4.225061e+01,4.225061e+01,4.225061e+01,4.300586e+01,4.345923e+01,4.373041e+01,4.415527e+01,4.433505e+01,4.487273e+01,4.524256e+01,4.570004e+01,4.616840e+01,4.666007e+01,4.702436e+01,4.741256e+01,4.781195e+01,4.837137e+01,4.887882e+01,4.944563e+01,4.944563e+01,5.003429e+01,5.064448e+01,5.144532e+01,5.198840e+01,5.263697e+01,5.309135e+01,5.382922e+01,5.435025e+01,5.503381e+01,5.554993e+01,5.607564e+01,5.673846e+01,5.735173e+01,5.767455e+01,5.838654e+01,5.872966e+01,5.923128e+01,5.971967e+01,6.033044e+01,6.084852e+01,6.137579e+01,6.215726e+01,6.254630e+01,6.318853e+01,6.384974e+01,6.462804e+01,6.520616e+01,6.573850e+01,6.630120e+01,6.699065e+01,6.765533e+01,6.838072e+01,6.885873e+01,6.925055e+01,6.997837e+01,7.062921e+01,7.106844e+01,7.172477e+01,7.236780e+01,7.273987e+01,7.334761e+01,7.374796e+01,7.432092e+01,7.511530e+01,7.553115e+01,7.601654e+01,7.671155e+01,7.710296e+01,7.735332e+01,7.798243e+01,7.863871e+01,7.897569e+01,7.953898e+01,8.017882e+01,8.041439e+01,8.091381e+01,8.124586e+01,8.155773e+01,8.143111e+01,8.197584e+01,8.243156e+01,8.280871e+01,8.290527e+01,8.345453e+01,8.401148e+01,8.420308e+01,8.464288e+01,8.518619e+01,8.550938e+01,8.588879e+01,8.620113e+01,8.665435e+01,8.694640e+01,8.685224e+01,8.733183e+01,8.724730e+01,8.764140e+01,8.757578e+01,8.777256e+01,8.813737e+01,8.805325e+01,8.806260e+01,8.823077e+01,8.831480e+01,8.865046e+01,8.878082e+01,8.886456e+01,8.870634e+01,8.895755e+01,8.875289e+01,8.900403e+01,8.909695e+01,8.912482e+01,8.922695e+01,8.922695e+01,8.922695e+01,8.922695e+01,8.922695e+01,8.922695e+01,8.922695e+01,8.922695e+01,8.949590e+01,8.949590e+01,8.949590e+01,8.949590e+01,8.949590e+01,8.949590e+01,8.949590e+01,8.949590e+01,8.949590e+01,8.949590e+01,8.949590e+01,8.949590e+01,8.949590e+01,8.949590e+01,8.949590e+01,8.949590e+01,8.949590e+01,8.949590e+01,8.949590e+01,8.949590e+01,8.949590e+01,8.949590e+01,8.949590e+01,8.949590e+01,8.911552e+01,8.931046e+01,8.912482e+01,8.918982e+01,8.927335e+01,8.927335e+01,8.927335e+01,8.927335e+01,8.927335e+01,8.927335e+01,8.927335e+01,8.927335e+01,8.927335e+01,8.889246e+01,8.905979e+01,8.906908e+01,8.908766e+01,8.906908e+01,8.872496e+01,8.896685e+01,8.896685e+01,8.858525e+01,8.903191e+01,8.883665e+01,8.854797e+01,8.892966e+01,8.874358e+01,8.861320e+01,8.858525e+01,8.860388e+01,8.860388e+01,8.860388e+01,8.860388e+01,8.822144e+01,8.829613e+01,8.838945e+01,8.814671e+01,8.833347e+01,8.811868e+01,8.817474e+01,8.817474e+01,8.817474e+01,8.817474e+01,8.817474e+01,8.817474e+01,8.817474e+01,8.817474e+01,8.817474e+01,8.817474e+01,8.817474e+01,8.817474e+01,8.779129e+01,8.799715e+01,8.809999e+01,8.791296e+01,8.793168e+01,8.796909e+01,8.796909e+01,8.796909e+01,8.796909e+01,8.796909e+01,8.796909e+01,8.796909e+01,8.796909e+01,8.796909e+01,8.796909e+01,8.796909e+01,8.796909e+01,8.796909e+01,8.796909e+01,8.796909e+01,8.796909e+01,8.796909e+01,8.796909e+01,8.796909e+01,8.796909e+01,8.796909e+01,8.796909e+01,8.796909e+01,8.796909e+01,8.796909e+01,8.796909e+01,8.796909e+01,8.796909e+01,8.796909e+01,8.796909e+01,8.796909e+01,8.822144e+01,8.835213e+01,8.835213e+01,8.835213e+01,8.835213e+01,8.835213e+01,8.835213e+01,8.835213e+01,8.835213e+01,8.835213e+01,8.835213e+01,8.835213e+01,8.835213e+01,8.835213e+01,8.835213e+01,8.835213e+01,8.835213e+01,8.835213e+01,8.835213e+01,8.835213e+01,8.835213e+01,8.835213e+01,8.835213e+01,8.835213e+01,8.835213e+01,8.835213e+01,8.835213e+01,8.835213e+01,8.835213e+01,8.835213e+01,8.796909e+01,8.805325e+01,8.801585e+01,8.766952e+01,8.747262e+01,8.743509e+01,8.744447e+01,8.705930e+01,8.674862e+01,8.661663e+01,8.682399e+01,8.641846e+01,8.632400e+01,8.556635e+01,8.538589e+01,8.555686e+01,8.488140e+01,8.475742e+01,8.429879e+01,8.424137e+01,8.370444e+01,8.353147e+01,8.338718e+01,8.298248e+01,8.273141e+01,8.208261e+01,8.194670e+01,8.152853e+01,8.128488e+01,8.083558e+01,8.051244e+01,8.018864e+01,7.957843e+01,7.944031e+01,7.888657e+01,7.831093e+01,7.787277e+01,7.775306e+01,7.732330e+01,7.669144e+01,7.621832e+01,7.586503e+01,7.545010e+01,7.502385e+01,7.454541e+01,7.369669e+01,7.348118e+01,7.279147e+01,7.226427e+01,7.182867e+01,7.135008e+01,7.075484e+01,7.032516e+01,6.973618e+01,6.923997e+01,6.863586e+01,6.789043e+01,6.738769e+01,6.688315e+01,6.637678e+01,6.563003e+01,6.521704e+01,6.478098e+01,6.386073e+01,6.319958e+01,6.282350e+01,6.231301e+01,6.165541e+01,6.084852e+01,6.034172e+01,5.959490e+01,5.898071e+01,5.839799e+01,5.791615e+01,5.727090e+01,5.637840e+01,5.585394e+01,5.492798e+01,5.443294e+01,5.367486e+01,5.300777e+01,5.245715e+01,5.192817e+01,5.098487e+01,5.051050e+01,5.024210e+01,4.949480e+01,4.860680e+01,4.843337e+01,4.812306e+01,4.717478e+01,4.712466e+01,4.674810e+01,4.633251e+01,4.564930e+01,4.599140e+01,4.566199e+01,4.505142e+01,4.469378e+01,4.451455e+01,4.411671e+01,4.392372e+01,4.336870e+01,4.329104e+01,4.292796e+01,4.260281e+01,4.248552e+01,4.194973e+01,4.209373e+01,4.191043e+01,4.167433e+01,4.150351e+01,4.150351e+01,4.150351e+01,4.150351e+01,4.150351e+01,4.096309e+01,4.110833e+01,4.110833e+01,4.110833e+01,4.110833e+01,4.110833e+01,4.110833e+01,4.110833e+01,4.110833e+01,4.110833e+01,4.110833e+01,4.110833e+01,4.110833e+01,4.110833e+01,4.110833e+01,4.110833e+01,4.110833e+01,4.110833e+01,4.110833e+01,4.110833e+01,4.110833e+01,4.110833e+01,4.110833e+01,4.110833e+01,4.110833e+01,4.110833e+01,4.110833e+01,4.110833e+01,4.110833e+01,4.056602e+01,4.052624e+01,4.044664e+01,4.038025e+01,4.038025e+01,4.038025e+01,4.038025e+01,4.038025e+01,4.038025e+01,4.038025e+01,4.038025e+01,4.038025e+01,4.092345e+01,4.083089e+01,4.083089e+01,4.083089e+01,4.083089e+01,4.137194e+01,4.134560e+01,4.134560e+01,4.134560e+01,4.134560e+01,4.193663e+01,4.193663e+01,4.193663e+01,4.193663e+01,4.193663e+01,4.193663e+01,4.193663e+01,4.193663e+01,4.193663e+01,4.193663e+01,4.193663e+01,4.193663e+01,4.193663e+01,4.193663e+01,4.193663e+01,4.193663e+01,4.193663e+01,4.193663e+01,4.193663e+01,4.193663e+01,4.193663e+01,4.139826e+01,4.141142e+01,4.142458e+01,4.142458e+01,4.142458e+01,4.142458e+01,4.142458e+01,4.142458e+01,4.142458e+01,4.142458e+01,4.142458e+01,4.142458e+01,4.142458e+01,4.142458e+01,4.142458e+01,4.142458e+01,4.096309e+01,4.096309e+01,4.096309e+01,4.096309e+01,4.096309e+01,4.096309e+01,4.096309e+01,4.096309e+01,4.096309e+01,4.096309e+01,4.096309e+01,4.096309e+01,4.096309e+01,4.096309e+01,4.096309e+01,4.096309e+01,4.096309e+01,4.096309e+01,4.096309e+01,4.096309e+01,4.135877e+01,4.159552e+01,4.160866e+01,4.160866e+01,4.160866e+01,4.193663e+01,4.247248e+01,4.236813e+01,4.235508e+01,4.235508e+01,4.288898e+01,4.274598e+01,4.274598e+01,4.274598e+01,4.274598e+01,4.274598e+01,4.274598e+01,4.274598e+01,4.274598e+01,4.274598e+01,4.274598e+01,4.274598e+01,4.223754e+01,4.223754e+01,4.223754e+01,4.223754e+01,4.223754e+01,4.223754e+01,4.223754e+01,4.223754e+01,4.223754e+01,4.223754e+01,4.223754e+01,4.223754e+01,4.223754e+01,4.223754e+01,4.223754e+01,4.223754e+01,4.223754e+01,4.223754e+01,4.223754e+01,4.223754e+01,4.223754e+01,4.170059e+01,4.171371e+01,4.171371e+01,4.171371e+01,4.171371e+01,4.171371e+01,4.171371e+01,4.171371e+01,4.171371e+01,4.171371e+01,4.171371e+01,4.171371e+01,4.171371e+01,4.171371e+01,4.137194e+01,4.137194e+01,4.137194e+01,4.137194e+01,4.083089e+01,4.092345e+01,4.106874e+01,4.106874e+01,4.106874e+01,4.106874e+01
3.579882e+01,3.579882e+01,3.579882e+01,3.579882e+01,3.636478e+01,3.636478e+01,3.636478e+01,3.636478e+01,3.636478e+01,3.636478e+01,3.651613e+01,3.679078e+01,3.694154e+01,3.694154e+01,3.694154e+01,3.740622e+01,3.740622e+01,3.740622e+01,3.796399e+01,3.781462e+01,3.781462e+01,3.781462e+01,3.781462e+01,3.781462e+01,3.781462e+01,3.837035e+01,3.822152e+01,3.822152e+01,3.822152e+01,3.859996e+01,3.884256e+01,3.884256e+01,3.884256e+01,3.884256e+01,3.921890e+01,3.921890e+01,3.921890e+01,3.976770e+01,3.976770e+01,3.976770e+01,4.031383e+01,4.035369e+01,4.035369e+01,4.035369e+01,4.035369e+01,4.035369e+01,4.035369e+01,4.035369e+01,4.035369e+01,4.065880e+01,4.065880e+01,4.065880e+01,4.065880e+01,4.065880e+01,4.065880e+01,4.065880e+01,4.065880e+01,4.065880e+01,4.065880e+01,4.065880e+01,4.120066e+01,4.093666e+01,4.079120e+01,4.079120e+01,4.079120e+01,4.079120e+01,4.079120e+01,4.079120e+01,4.079120e+01,4.079120e+01,4.079120e+01,4.079120e+01,4.079120e+01,4.079120e+01,4.120066e+01,4.124021e+01,4.129292e+01,4.116110e+01,4.167433e+01,4.181867e+01,4.213297e+01,4.230285e+01,4.230285e+01,4.230285e+01,4.230285e+01,4.230285e+01,4.230285e+01,4.230285e+01,4.230285e+01,4.283701e+01,4.270695e+01,4.318742e+01,4.374331e+01,4.400096e+01,4.448893e+01,4.478329e+01,4.535710e+01,4.575077e+01,4.621892e+01,4.657197e+01,4.702436e+01,4.750004e+01,4.801115e+01,4.842097e+01,4.892821e+01,4.929802e+01,4.959306e+01,5.008322e+01,5.069316e+01,5.149369e+01,5.203656e+01,5.268488e+01,5.313909e+01,5.387667e+01,5.391225e+01,5.485738e+01,5.540938e+01,5.597067e+01,5.666885e+01,5.720157e+01,5.770909e+01,5.830635e+01,5.883242e+01,5.926542e+01,5.975367e+01,6.036429e+01,6.088224e+01,6.140937e+01,6.219065e+01,6.257959e+01,6.322167e+01,6.388271e+01,6.421203e+01,6.503189e+01,6.558661e+01,6.617155e+01,6.688315e+01,6.713028e+01,6.809315e+01,6.875265e+01,6.915534e+01,6.989417e+01,7.055588e+01,7.100577e+01,7.167278e+01,7.190137e+01,7.292554e+01,7.293586e+01,7.357358e+01,7.414722e+01,7.494253e+01,7.535886e+01,7.584481e+01,7.654061e+01,7.686221e+01,7.733331e+01,7.796250e+01,7.861887e+01,7.895589e+01,7.951925e+01,7.968687e+01,8.022793e+01,8.072794e+01,8.098223e+01,8.130438e+01,8.119707e+01,8.190785e+01,8.196613e+01,8.241219e+01,8.290527e+01,8.305000e+01,8.367562e+01,8.386763e+01,8.452827e+01,8.466198e+01,8.520522e+01,8.535737e+01,8.588879e+01,8.611600e+01,8.650342e+01,8.649398e+01,8.704049e+01,8.693698e+01,8.739754e+01,8.749138e+01,8.783810e+01,8.764140e+01,8.782874e+01,8.794103e+01,8.794103e+01,8.831480e+01,8.814671e+01,8.846407e+01,8.873427e+01,8.845474e+01,8.862252e+01,8.870634e+01,8.889246e+01,8.889246e+01,8.889246e+01,8.889246e+01,8.889246e+01,8.889246e+01,8.889246e+01,8.889246e+01,8.889246e+01,8.889246e+01,8.922695e+01,8.905050e+01,8.923623e+01,8.933829e+01,8.933829e+01,8.933829e+01,8.933829e+01,8.933829e+01,8.933829e+01,8.933829e+01,8.933829e+01,8.895755e+01,8.914339e+01,8.932902e+01,8.932902e+01,8.932902e+01,8.932902e+01,8.932902e+01,8.894826e+01,8.913410e+01,8.893896e+01,8.912482e+01,8.931046e+01,8.931046e+01,8.931046e+01,8.911552e+01,8.885526e+01,8.904121e+01,8.904121e+01,8.904121e+01,8.904121e+01,8.904121e+01,8.904121e+01,8.904121e+01,8.904121e+01,8.904121e+01,8.904121e+01,8.904121e+01,8.904121e+01,8.865977e+01,8.847340e+01,8.905050e+01,8.882734e+01,8.847340e+01,8.872496e+01,8.830547e+01,8.839878e+01,8.863184e+01,8.857593e+01,8.826813e+01,8.863184e+01,8.835213e+01,8.853865e+01,8.815605e+01,8.836146e+01,8.807195e+01,8.825879e+01,8.833347e+01,8.828680e+01,8.828680e+01,8.828680e+01,8.828680e+01,8.828680e+01,8.790361e+01,8.804391e+01,8.804391e+01,8.804391e+01,8.804391e+01,8.804391e+01,8.804391e+01,8.804391e+01,8.766015e+01,8.784746e+01,8.803455e+01,8.765077e+01,8.772573e+01,8.781937e+01,8.791296e+01,8.791296e+01,8.752890e+01,8.773510e+01,8.785682e+01,8.785682e+01,8.785682e+01,8.785682e+01,8.785682e+01,8.747262e+01,8.766015e+01,8.784746e+01,8.784746e+01,8.784746e+01,8.784746e+01,8.784746e+01,8.784746e+01,8.784746e+01,8.784746e+01,8.784746e+01,8.784746e+01,8.784746e+01,8.784746e+01,8.784746e+01,8.784746e+01,8.784746e+01,8.784746e+01,8.784746e+01,8.784746e+01,8.784746e+01,8.784746e+01,8.784746e+01,8.784746e+01,8.784746e+01,8.784746e+01,8.784746e+01,8.796909e+01,8.815605e+01,8.824011e+01,8.824011e+01,8.824011e+01,8.824011e+01,8.824011e+01,8.824011e+01,8.824011e+01,8.824011e+01,8.824011e+01,8.824011e+01,8.824011e+01,8.824011e+01,8.824011e+01,8.824011e+01,8.824011e+01,8.824011e+01,8.824011e+01,8.824011e+01,8.824011e+01,8.824011e+01,8.824011e+01,8.862252e+01,8.853865e+01,8.815605e+01,8.824011e+01,8.824011e+01,8.824011e+01,8.796909e+01,8.796909e+01,8.796909e+01,8.766952e+01,8.755703e+01,8.755703e+01,8.717213e+01,8.696522e+01,8.688049e+01,8.648454e+01,8.616330e+01,8.624839e+01,8.602137e+01,8.563279e+01,8.538589e+01,8.493859e+01,8.496718e+01,8.460469e+01,8.404024e+01,8.399231e+01,8.377165e+01,8.353147e+01,8.314641e+01,8.253802e+01,8.241219e+01,8.216992e+01,8.179123e+01,8.160641e+01,8.120683e+01,8.046342e+01,8.029665e+01,8.009039e+01,7.970658e+01,7.891628e+01,7.871807e+01,7.833081e+01,7.802229e+01,7.764324e+01,7.693246e+01,7.652048e+01,7.622841e+01,7.588524e+01,7.548050e+01,7.464733e+01,7.437197e+01,7.377871e+01,7.339899e+01,7.279147e+01,7.226427e+01,7.182867e+01,7.092217e+01,7.057684e+01,7.031466e+01,6.972564e+01,6.922939e+01,6.818907e+01,6.770879e+01,6.736626e+01,6.641994e+01,6.619317e+01,6.559747e+01,6.518439e+01,6.429971e+01,6.367373e+01,6.315539e+01,6.277918e+01,6.226853e+01,6.161071e+01,6.080355e+01,6.029658e+01,5.954950e+01,5.893510e+01,5.835218e+01,5.739790e+01,5.707438e+01,5.633187e+01,5.580721e+01,5.488091e+01,5.438569e+01,5.362733e+01,5.295999e+01,5.240915e+01,5.187997e+01,5.093630e+01,5.060796e+01,5.014435e+01,4.944563e+01,4.876761e+01,4.844577e+01,4.793649e+01,4.733752e+01,4.713719e+01,4.655938e+01,4.628204e+01,4.594078e+01,4.539525e+01,4.522983e+01,4.500039e+01,4.480885e+01,4.447611e+01,4.423236e+01,4.423236e+01,4.370461e+01,4.349801e+01,4.304479e+01,4.283701e+01,4.239423e+01,4.211989e+01,4.211989e+01,4.211989e+01,4.211989e+01,4.150351e+01,4.150351e+01,4.150351e+01,4.150351e+01,4.150351e+01,4.096309e+01,4.096309e+01,4.096309e+01,4.096309e+01,4.096309e+01,4.096309e+01,4.096309e+01,4.096309e+01,4.096309e+01,4.096309e+01,4.096309e+01,4.096309e+01,4.096309e+01,4.096309e+01,4.096309e+01,4.096309e+01,4.096309e+01,4.096309e+01,4.096309e+01,4.096309e+01,4.096309e+01,4.096309e+01,4.096309e+01,4.096309e+01,4.096309e+01,4.096309e+01,4.096309e+01,4.096309e+01,4.096309e+01,4.096309e+01,4.052624e+01,4.052624e+01,4.052624e+01,4.052624e+01,4.052624e+01,4.052624e+01,4.052624e+01,4.052624e+01,4.052624e+01,4.052624e+01,4.052624e+01,4.052624e+01,4.052624e+01,4.052624e+01,4.083089e+01,4.116110e+01,4.127974e+01,4.127974e+01,4.127974e+01,4.127974e+01,4.181867e+01,4.181867e+01,4.181867e+01,4.181867e+01,4.181867e+01,4.235508e+01,4.223754e+01,4.211989e+01,4.211989e+01,4.211989e+01,4.211989e+01,4.211989e+01,4.211989e+01,4.211989e+01,4.211989e+01,4.211989e+01,4.211989e+01,4.211989e+01,4.211989e+01,4.158238e+01,4.170059e+01,4.191043e+01,4.156924e+01,4.156924e+01,4.156924e+01,4.156924e+01,4.156924e+01,4.156924e+01,4.156924e+01,4.156924e+01,4.156924e+01,4.156924e+01,4.156924e+01,4.102913e+01,4.114791e+01,4.126657e+01,4.126657e+01,4.126657e+01,4.126657e+01,4.126657e+01,4.126657e+01,4.126657e+01,4.126657e+01,4.126657e+01,4.126657e+01,4.126657e+01,4.096309e+01,4.096309e+01,4.096309e+01,4.096309e+01,4.096309e+01,4.096309e+01,4.096309e+01,4.096309e+01,4.096309e+01,4.096309e+01,4.096309e+01,4.150351e+01,4.135877e+01,4.189733e+01,4.177932e+01,4.177932e+01,4.177932e+01,4.231591e+01,4.238118e+01,4.238118e+01,4.238118e+01,4.291497e+01,4.279800e+01,4.279800e+01,4.279800e+01,4.279800e+01,4.279800e+01,4.279800e+01,4.279800e+01,4.279800e+01,4.279800e+01,4.279800e+01,4.279800e+01,4.279800e+01,4.279800e+01,4.279800e+01,4.277200e+01,4.251160e+01,4.239423e+01,4.239423e+01,4.239423e+01,4.239423e+01,4.239423e+01,4.239423e+01,4.239423e+01,4.239423e+01,4.239423e+01,4.239423e+01,4.239423e+01,4.239423e+01,4.239423e+01,4.239423e+01,4.185801e+01,4.197593e+01,4.219834e+01,4.187111e+01,4.187111e+01,4.187111e+01,4.187111e+01,4.187111e+01,4.187111e+01,4.187111e+01,4.187111e+01,4.187111e+01,4.187111e+01,4.187111e+01,4.133244e+01,4.145090e+01,4.129292e+01,4.130609e+01,4.130609e+01,4.130609e+01,4.130609e+01,4.130609e+01,4.092345e+01,4.092345e+01,4.092345e+01,4.092345e+01,4.092345e+01
3.579882e+01,3.579882e+01,3.579882e+01,3.579882e+01,3.636478e+01,3.636478e+01,3.636478e+01,3.636478e+01,3.636478e+01,3.636478e+01,3.692784e+01,3.680449e+01,3.680449e+01,3.680449e+01,3.736530e+01,3.731071e+01,3.731071e+01,3.731071e+01,3.796399e+01,3.796399e+01,3.796399e+01,3.796399e+01,3.796399e+01,3.796399e+01,3.796399e+01,3.796399e+01,3.796399e+01,3.851897e+01,3.850547e+01,3.858646e+01,3.858646e+01,3.858646e+01,3.913836e+01,3.912493e+01,3.920548e+01,3.920548e+01,3.920548e+01,3.976770e+01,3.976770e+01,3.976770e+01,3.976770e+01,3.976770e+01,4.035369e+01,4.035369e+01,4.035369e+01,4.035369e+01,4.035369e+01,4.089701e+01,4.080443e+01,4.065880e+01,4.065880e+01,4.065880e+01,4.065880e+01,4.065880e+01,4.065880e+01,4.065880e+01,4.065880e+01,4.120066e+01,4.093666e+01,4.100272e+01,4.110833e+01,4.110833e+01,4.110833e+01,4.110833e+01,4.110833e+01,4.110833e+01,4.110833e+01,4.110833e+01,4.110833e+01,4.079120e+01,4.079120e+01,4.079120e+01,4.079120e+01,4.079120e+01,4.120066e+01,4.120066e+01,4.120066e+01,4.120066e+01,4.167433e+01,4.197593e+01,4.201521e+01,4.201521e+01,4.230285e+01,4.230285e+01,4.230285e+01,4.230285e+01,4.230285e+01,4.230285e+01,4.230285e+01,4.283701e+01,4.300586e+01,4.331693e+01,4.410386e+01,4.416813e+01,4.438637e+01,4.540797e+01,4.545882e+01,4.596609e+01,4.611785e+01,4.668523e+01,4.707452e+01,4.755000e+01,4.755000e+01,4.824728e+01,4.865630e+01,4.910093e+01,4.960534e+01,5.013213e+01,5.074183e+01,5.104555e+01,5.186792e+01,5.255308e+01,5.304360e+01,5.363921e+01,5.394782e+01,5.440932e+01,5.523347e+01,5.581889e+01,5.654113e+01,5.709752e+01,5.762848e+01,5.824903e+01,5.879817e+01,5.925404e+01,5.976500e+01,6.038685e+01,6.090471e+01,6.143176e+01,6.175593e+01,6.240193e+01,6.306696e+01,6.364070e+01,6.421203e+01,6.505368e+01,6.560832e+01,6.619317e+01,6.679709e+01,6.722687e+01,6.767671e+01,6.858275e+01,6.899652e+01,6.974671e+01,6.998889e+01,7.068157e+01,7.137093e+01,7.205701e+01,7.237814e+01,7.322421e+01,7.367618e+01,7.414722e+01,7.452502e+01,7.517622e+01,7.565265e+01,7.626873e+01,7.681200e+01,7.727325e+01,7.789272e+01,7.813184e+01,7.869823e+01,7.924277e+01,7.969672e+01,7.980508e+01,8.046342e+01,8.093336e+01,8.073773e+01,8.112875e+01,8.131414e+01,8.176206e+01,8.197584e+01,8.253802e+01,8.267342e+01,8.336794e+01,8.383884e+01,8.397313e+01,8.449004e+01,8.489094e+01,8.503387e+01,8.571816e+01,8.571816e+01,8.617275e+01,8.654117e+01,8.651286e+01,8.688049e+01,8.720033e+01,8.718153e+01,8.736000e+01,8.746323e+01,8.746323e+01,8.746323e+01,8.755703e+01,8.799715e+01,8.797845e+01,8.822144e+01,8.840811e+01,8.812802e+01,8.809999e+01,8.836146e+01,8.834280e+01,8.851069e+01,8.867841e+01,8.876220e+01,8.876220e+01,8.876220e+01,8.876220e+01,8.876220e+01,8.876220e+01,8.876220e+01,8.876220e+01,8.876220e+01,8.885526e+01,8.912482e+01,8.882734e+01,8.899474e+01,8.878082e+01,8.894826e+01,8.911552e+01,8.918982e+01,8.897614e+01,8.904121e+01,8.904121e+01,8.904121e+01,8.904121e+01,8.904121e+01,8.904121e+01,8.904121e+01,8.904121e+01,8.904121e+01,8.904121e+01,8.904121e+01,8.904121e+01,8.904121e+01,8.904121e+01,8.904121e+01,8.904121e+01,8.904121e+01,8.904121e+01,8.904121e+01,8.904121e+01,8.904121e+01,8.865977e+01,8.882734e+01,8.890176e+01,8.890176e+01,8.890176e+01,8.890176e+01,8.852001e+01,8.860388e+01,8.868771e+01,8.854797e+01,8.842677e+01,8.852001e+01,8.857593e+01,8.806260e+01,8.824945e+01,8.839878e+01,8.835213e+01,8.841743e+01,8.841743e+01,8.836146e+01,8.832413e+01,8.828680e+01,8.824011e+01,8.815605e+01,8.815605e+01,8.815605e+01,8.815605e+01,8.815605e+01,8.815605e+01,8.815605e+01,8.815605e+01,8.815605e+01,8.815605e+01,8.777256e+01,8.784746e+01,8.753828e+01,8.770699e+01,8.787553e+01,8.766015e+01,8.774446e+01,8.774446e+01,8.774446e+01,8.774446e+01,8.774446e+01,8.774446e+01,8.774446e+01,8.774446e+01,8.774446e+01,8.774446e+01,8.774446e+01,8.774446e+01,8.774446e+01,8.736000e+01,8.781937e+01,8.761328e+01,8.761328e+01,8.761328e+01,8.761328e+01,8.761328e+01,8.761328e+01,8.761328e+01,8.761328e+01,8.761328e+01,8.761328e+01,8.761328e+01,8.761328e+01,8.761328e+01,8.761328e+01,8.761328e+01,8.761328e+01,8.761328e+01,8.761328e+01,8.761328e+01,8.784746e+01,8.784746e+01,8.746323e+01,8.801585e+01,8.801585e+01,8.801585e+01,8.763203e+01,8.769762e+01,8.769762e+01,8.815605e+01,8.815605e+01,8.815605e+01,8.815605e+01,8.815605e+01,8.815605e+01,8.815605e+01,8.815605e+01,8.815605e+01,8.815605e+01,8.815605e+01,8.815605e+01,8.815605e+01,8.815605e+01,8.815605e+01,8.815605e+01,8.815605e+01,8.815605e+01,8.815605e+01,8.815605e+01,8.815605e+01,8.815605e+01,8.815605e+01,8.815605e+01,8.815605e+01,8.777256e+01,8.794103e+01,8.795039e+01,8.795974e+01,8.757578e+01,8.764140e+01,8.735061e+01,8.751952e+01,8.691815e+01,8.688049e+01,8.688991e+01,8.665435e+01,8.639012e+01,8.591721e+01,8.601190e+01,8.586036e+01,8.531934e+01,8.519570e+01,8.468107e+01,8.466198e+01,8.411689e+01,8.373325e+01,8.374285e+01,8.328129e+01,8.315604e+01,8.298248e+01,8.266376e+01,8.202438e+01,8.189813e+01,8.146034e+01,8.114827e+01,8.098223e+01,8.052225e+01,8.022793e+01,7.952911e+01,7.936133e+01,7.899550e+01,7.855931e+01,7.799239e+01,7.786280e+01,7.726324e+01,7.717310e+01,7.632919e+01,7.605692e+01,7.549063e+01,7.531830e+01,7.470846e+01,7.425964e+01,7.336816e+01,7.320363e+01,7.236780e+01,7.209849e+01,7.140218e+01,7.118324e+01,7.037762e+01,6.970455e+01,6.953579e+01,6.863586e+01,6.822103e+01,6.780498e+01,6.726977e+01,6.648467e+01,6.606342e+01,6.558661e+01,6.472638e+01,6.412429e+01,6.365171e+01,6.313329e+01,6.275702e+01,6.224628e+01,6.158835e+01,6.078106e+01,6.027400e+01,5.952680e+01,5.891229e+01,5.832926e+01,5.746711e+01,5.693549e+01,5.630860e+01,5.530386e+01,5.469249e+01,5.435025e+01,5.359167e+01,5.292414e+01,5.237314e+01,5.184381e+01,5.100914e+01,5.046174e+01,5.010767e+01,4.940875e+01,4.884176e+01,4.829693e+01,4.789914e+01,4.750004e+01,4.699928e+01,4.663491e+01,4.626942e+01,4.571273e+01,4.556044e+01,4.556044e+01,4.500039e+01,4.464260e+01,4.459140e+01,4.423236e+01,4.392372e+01,4.378199e+01,4.326514e+01,4.321333e+01,4.269394e+01,4.247248e+01,4.231591e+01,4.177932e+01,4.187111e+01,4.155610e+01,4.160866e+01,4.160866e+01,4.106874e+01,4.130609e+01,4.098951e+01,4.106874e+01,4.106874e+01,4.106874e+01,4.106874e+01,4.106874e+01,4.106874e+01,4.106874e+01,4.106874e+01,4.106874e+01,4.106874e+01,4.106874e+01,4.106874e+01,4.106874e+01,4.106874e+01,4.106874e+01,4.106874e+01,4.106874e+01,4.106874e+01,4.106874e+01,4.106874e+01,4.106874e+01,4.106874e+01,4.106874e+01,4.106874e+01,4.106874e+01,4.106874e+01,4.106874e+01,4.106874e+01,4.106874e+01,4.106874e+01,4.052624e+01,4.052624e+01,4.052624e+01,4.052624e+01,4.052624e+01,4.052624e+01,4.052624e+01,4.052624e+01,4.052624e+01,4.052624e+01,4.052624e+01,4.052624e+01,4.052624e+01,4.106874e+01,4.114791e+01,4.114791e+01,4.114791e+01,4.114791e+01,4.114791e+01,4.168746e+01,4.173996e+01,4.173996e+01,4.173996e+01,4.173996e+01,4.227673e+01,4.225061e+01,4.225061e+01,4.225061e+01,4.225061e+01,4.225061e+01,4.225061e+01,4.225061e+01,4.225061e+01,4.225061e+01,4.225061e+01,4.225061e+01,4.225061e+01,4.225061e+01,4.171371e+01,4.166120e+01,4.166120e+01,4.166120e+01,4.166120e+01,4.166120e+01,4.166120e+01,4.166120e+01,4.166120e+01,4.166120e+01,4.166120e+01,4.166120e+01,4.166120e+01,4.166120e+01,4.112152e+01,4.113472e+01,4.113472e+01,4.113472e+01,4.113472e+01,4.113472e+01,4.113472e+01,4.113472e+01,4.113472e+01,4.113472e+01,4.113472e+01,4.113472e+01,4.113472e+01,4.113472e+01,4.113472e+01,4.113472e+01,4.113472e+01,4.113472e+01,4.113472e+01,4.113472e+01,4.113472e+01,4.113472e+01,4.113472e+01,4.113472e+01,4.167433e+01,4.156924e+01,4.173996e+01,4.181867e+01,4.181867e+01,4.181867e+01,4.181867e+01,4.181867e+01,4.238118e+01,4.238118e+01,4.238118e+01,4.238118e+01,4.279800e+01,4.279800e+01,4.279800e+01,4.279800e+01,4.279800e+01,4.279800e+01,4.279800e+01,4.279800e+01,4.279800e+01,4.279800e+01,4.279800e+01,4.279800e+01,4.279800e+01,4.279800e+01,4.279800e+01,4.279800e+01,4.279800e+01,4.279800e+01,4.239423e+01,4.239423e+01,4.239423e+01,4.239423e+01,4.239423e+01,4.239423e+01,4.239423e+01,4.239423e+01,4.239423e+01,4.239423e+01,4.239423e+01,4.239423e+01,4.185801e+01,4.185801e+01,4.185801e+01,4.185801e+01,4.185801e+01,4.185801e+01,4.185801e+01,4.185801e+01,4.185801e+01,4.185801e+01,4.185801e+01,4.185801e+01,4.185801e+01,4.185801e+01,4.185801e+01,4.185801e+01,4.129292e+01,4.129292e+01,4.129292e+01,4.129292e+01,4.129292e+01,4.129292e+01,4.129292e+01,4.092345e+01,4.092345e+01,4.092345e+01,4.092345e+01
3.579882e+01,3.579882e+01,3.579882e+01,3.579882e+01,3.579882e+01,3.636478e+01,3.636478e+01,3.636478e+01,3.636478e+01,3.636478e+01,3.692784e+01,3.692784e+01,3.692784e+01,3.692784e+01,3.692784e+01,3.692784e+01,3.731071e+01,3.763783e+01,3.788254e+01,3.788254e+01,3.788254e+01,3.788254e+01,3.788254e+01,3.788254e+01,3.788254e+01,3.788254e+01,3.843793e+01,3.841090e+01,3.841090e+01,3.841090e+01,3.841090e+01,3.841090e+01,3.858646e+01,3.882909e+01,3.900400e+01,3.955385e+01,3.962072e+01,3.968755e+01,3.968755e+01,3.968755e+01,4.023407e+01,4.012764e+01,4.027396e+01,4.027396e+01,4.027396e+01,4.027396e+01,4.027396e+01,4.027396e+01,4.080443e+01,4.080443e+01,4.080443e+01,4.080443e+01,4.080443e+01,4.080443e+01,4.080443e+01,4.080443e+01,4.080443e+01,4.080443e+01,4.080443e+01,4.080443e+01,4.080443e+01,4.080443e+01,4.080443e+01,4.080443e+01,4.080443e+01,4.080443e+01,4.080443e+01,4.080443e+01,4.080443e+01,4.080443e+01,4.080443e+01,4.080443e+01,4.080443e+01,4.080443e+01,4.120066e+01,4.120066e+01,4.120066e+01,4.173996e+01,4.179244e+01,4.185801e+01,4.185801e+01,4.239423e+01,4.238118e+01,4.238118e+01,4.238118e+01,4.238118e+01,4.238118e+01,4.238118e+01,4.238118e+01,4.238118e+01,4.300586e+01,4.354969e+01,4.340751e+01,4.423236e+01,4.469378e+01,4.480885e+01,4.534438e+01,4.567467e+01,4.618103e+01,4.660974e+01,4.671038e+01,4.716225e+01,4.751253e+01,4.824728e+01,4.869342e+01,4.913791e+01,4.964217e+01,5.016879e+01,5.066883e+01,5.117896e+01,5.190408e+01,5.209673e+01,5.286437e+01,5.338940e+01,5.395967e+01,5.443294e+01,5.525694e+01,5.584226e+01,5.656437e+01,5.712065e+01,5.765152e+01,5.827196e+01,5.835218e+01,5.907188e+01,5.960625e+01,6.025142e+01,6.079230e+01,6.125257e+01,6.176709e+01,6.242415e+01,6.308908e+01,6.366272e+01,6.423396e+01,6.462804e+01,6.543456e+01,6.603096e+01,6.664635e+01,6.708733e+01,6.754833e+01,6.846582e+01,6.889054e+01,6.957800e+01,6.999941e+01,7.069204e+01,7.138135e+01,7.156877e+01,7.221249e+01,7.306980e+01,7.311099e+01,7.381970e+01,7.436176e+01,7.501369e+01,7.549063e+01,7.610738e+01,7.623849e+01,7.693246e+01,7.730328e+01,7.785283e+01,7.857916e+01,7.870815e+01,7.963759e+01,7.957843e+01,7.999207e+01,8.054185e+01,8.051244e+01,8.088448e+01,8.134339e+01,8.170371e+01,8.168426e+01,8.222810e+01,8.263475e+01,8.291492e+01,8.346415e+01,8.396355e+01,8.445181e+01,8.432750e+01,8.483372e+01,8.511005e+01,8.547140e+01,8.568023e+01,8.612546e+01,8.648454e+01,8.643734e+01,8.683340e+01,8.701227e+01,8.701227e+01,8.701227e+01,8.707811e+01,8.725670e+01,8.722851e+01,8.774446e+01,8.783810e+01,8.761328e+01,8.786618e+01,8.795039e+01,8.807195e+01,8.824011e+01,8.824011e+01,8.824011e+01,8.824011e+01,8.824011e+01,8.824011e+01,8.824011e+01,8.824011e+01,8.838012e+01,8.855729e+01,8.862252e+01,8.862252e+01,8.862252e+01,8.862252e+01,8.862252e+01,8.862252e+01,8.862252e+01,8.862252e+01,8.862252e+01,8.862252e+01,8.862252e+01,8.862252e+01,8.862252e+01,8.904121e+01,8.865977e+01,8.845474e+01,8.862252e+01,8.879012e+01,8.847340e+01,8.864115e+01,8.880873e+01,8.849204e+01,8.865977e+01,8.882734e+01,8.850137e+01,8.866909e+01,8.845474e+01,8.862252e+01,8.840811e+01,8.856661e+01,8.872496e+01,8.850137e+01,8.857593e+01,8.865046e+01,8.865046e+01,8.852001e+01,8.828680e+01,8.842677e+01,8.850137e+01,8.857593e+01,8.857593e+01,8.819342e+01,8.833347e+01,8.838012e+01,8.838012e+01,8.838012e+01,8.838012e+01,8.799715e+01,8.819342e+01,8.824011e+01,8.785682e+01,8.799715e+01,8.775383e+01,8.789425e+01,8.803455e+01,8.808130e+01,8.808130e+01,8.769762e+01,8.783810e+01,8.759454e+01,8.772573e+01,8.785682e+01,8.751952e+01,8.765077e+01,8.778192e+01,8.747262e+01,8.754765e+01,8.757578e+01,8.760391e+01,8.760391e+01,8.760391e+01,8.760391e+01,8.721912e+01,8.735061e+01,8.748200e+01,8.751952e+01,8.755703e+01,8.755703e+01,8.755703e+01,8.755703e+01,8.755703e+01,8.717213e+01,8.730366e+01,8.743509e+01,8.750076e+01,8.751014e+01,8.721912e+01,8.730366e+01,8.743509e+01,8.743509e+01,8.743509e+01,8.743509e+01,8.743509e+01,8.743509e+01,8.743509e+01,8.743509e+01,8.743509e+01,8.743509e+01,8.743509e+01,8.743509e+01,8.743509e+01,8.743509e+01,8.743509e+01,8.743509e+01,8.743509e+01,8.781937e+01,8.745386e+01,8.751952e+01,8.755703e+01,8.749138e+01,8.762266e+01,8.768826e+01,8.770699e+01,8.770699e+01,8.770699e+01,8.770699e+01,8.770699e+01,8.770699e+01,8.770699e+01,8.770699e+01,8.770699e+01,8.770699e+01,8.770699e+01,8.770699e+01,8.770699e+01,8.770699e+01,8.770699e+01,8.777256e+01,8.790361e+01,8.794103e+01,8.797845e+01,8.797845e+01,8.797845e+01,8.797845e+01,8.797845e+01,8.797845e+01,8.797845e+01,8.797845e+01,8.797845e+01,8.797845e+01,8.797845e+01,8.797845e+01,8.759454e+01,8.766952e+01,8.764140e+01,8.713453e+01,8.721912e+01,8.717213e+01,8.699345e+01,8.660720e+01,8.623894e+01,8.656947e+01,8.585088e+01,8.592668e+01,8.553787e+01,8.521473e+01,8.490047e+01,8.495765e+01,8.474788e+01,8.450916e+01,8.414562e+01,8.391560e+01,8.330054e+01,8.334868e+01,8.295352e+01,8.250900e+01,8.235408e+01,8.209232e+01,8.173289e+01,8.111898e+01,8.080623e+01,8.046342e+01,8.042420e+01,8.006089e+01,7.968687e+01,7.928230e+01,7.902519e+01,7.821146e+01,7.806213e+01,7.769317e+01,7.701272e+01,7.696256e+01,7.626873e+01,7.588524e+01,7.564252e+01,7.522698e+01,7.432092e+01,7.409609e+01,7.352225e+01,7.268825e+01,7.232639e+01,7.192213e+01,7.146468e+01,7.106844e+01,7.039861e+01,6.988364e+01,6.901771e+01,6.846582e+01,6.824233e+01,6.740912e+01,6.709807e+01,6.649545e+01,6.564088e+01,6.541282e+01,6.472638e+01,6.412429e+01,6.365171e+01,6.313329e+01,6.230189e+01,6.206818e+01,6.111802e+01,6.060099e+01,6.025142e+01,5.950409e+01,5.888947e+01,5.830635e+01,5.744405e+01,5.691232e+01,5.628532e+01,5.576047e+01,5.497503e+01,5.437388e+01,5.360356e+01,5.292414e+01,5.236114e+01,5.183175e+01,5.099701e+01,5.053487e+01,4.997311e+01,4.889117e+01,4.864392e+01,4.837137e+01,4.788669e+01,4.728747e+01,4.707452e+01,4.662232e+01,4.605464e+01,4.590280e+01,4.556044e+01,4.522983e+01,4.492382e+01,4.477051e+01,4.454018e+01,4.414242e+01,4.405242e+01,4.357553e+01,4.292796e+01,4.286300e+01,4.278500e+01,4.247248e+01,4.197593e+01,4.187111e+01,4.168746e+01,4.168746e+01,4.168746e+01,4.168746e+01,4.160866e+01,4.125339e+01,4.112152e+01,4.112152e+01,4.112152e+01,4.112152e+01,4.112152e+01,4.112152e+01,4.112152e+01,4.112152e+01,4.112152e+01,4.112152e+01,4.112152e+01,4.112152e+01,4.112152e+01,4.112152e+01,4.112152e+01,4.112152e+01,4.112152e+01,4.112152e+01,4.112152e+01,4.112152e+01,4.112152e+01,4.112152e+01,4.112152e+01,4.112152e+01,4.112152e+01,4.112152e+01,4.112152e+01,4.112152e+01,4.112152e+01,4.112152e+01,4.057928e+01,4.061905e+01,4.061905e+01,4.061905e+01,4.061905e+01,4.061905e+01,4.061905e+01,4.061905e+01,4.061905e+01,4.061905e+01,4.061905e+01,4.061905e+01,4.061905e+01,4.061905e+01,4.061905e+01,4.114791e+01,4.114791e+01,4.114791e+01,4.114791e+01,4.168746e+01,4.159552e+01,4.159552e+01,4.159552e+01,4.159552e+01,4.213297e+01,4.218526e+01,4.218526e+01,4.218526e+01,4.218526e+01,4.218526e+01,4.218526e+01,4.218526e+01,4.218526e+01,4.218526e+01,4.218526e+01,4.218526e+01,4.218526e+01,4.218526e+01,4.218526e+01,4.218526e+01,4.166120e+01,4.166120e+01,4.166120e+01,4.166120e+01,4.166120e+01,4.166120e+01,4.166120e+01,4.166120e+01,4.166120e+01,4.166120e+01,4.166120e+01,4.166120e+01,4.166120e+01,4.166120e+01,4.166120e+01,4.113472e+01,4.113472e+01,4.113472e+01,4.113472e+01,4.113472e+01,4.113472e+01,4.113472e+01,4.113472e+01,4.113472e+01,4.113472e+01,4.113472e+01,4.113472e+01,4.113472e+01,4.113472e+01,4.113472e+01,4.113472e+01,4.113472e+01,4.113472e+01,4.113472e+01,4.113472e+01,4.113472e+01,4.113472e+01,4.113472e+01,4.156924e+01,4.156924e+01,4.156924e+01,4.210681e+01,4.205447e+01,4.205447e+01,4.205447e+01,4.205447e+01,4.205447e+01,4.238118e+01,4.256372e+01,4.266791e+01,4.266791e+01,4.266791e+01,4.266791e+01,4.320038e+01,4.314854e+01,4.309667e+01,4.304479e+01,4.304479e+01,4.251160e+01,4.256372e+01,4.256372e+01,4.256372e+01,4.256372e+01,4.256372e+01,4.256372e+01,4.256372e+01,4.256372e+01,4.256372e+01,4.256372e+01,4.256372e+01,4.256372e+01,4.256372e+01,4.256372e+01,4.256372e+01,4.256372e+01,4.202830e+01,4.208064e+01,4.213297e+01,4.232896e+01,4.204139e+01,4.204139e+01,4.204139e+01,4.204139e+01,4.204139e+01,4.204139e+01,4.204139e+01,4.204139e+01,4.204139e+01,4.204139e+01,4.204139e+01,4.204139e+01,4.150351e+01,4.155610e+01,4.160866e+01,4.181867e+01,4.147721e+01,4.147721e+01,4.147721e+01,4.147721e+01,4.093666e+01,4.098951e+01,4.098951e+01,4.093666e+01,4.093666e+01,4.093666e+01,4.093666e+01
3.579882e+01,3.579882e+01,3.579882e+01,3.579882e+01,3.636478e+01,3.626836e+01,3.626836e+01,3.626836e+01,3.626836e+01,3.683191e+01,3.683191e+01,3.683191e+01,3.683191e+01,3.739258e+01,3.720145e+01,3.739258e+01,3.747440e+01,3.750165e+01,3.750165e+01,3.750165e+01,3.788254e+01,3.788254e+01,3.788254e+01,3.788254e+01,3.788254e+01,3.788254e+01,3.843793e+01,3.843793e+01,3.843793e+01,3.843793e+01,3.843793e+01,3.843793e+01,3.899056e+01,3.893676e+01,3.932619e+01,3.946016e+01,3.946016e+01,3.946016e+01,4.000779e+01,4.007439e+01,4.014095e+01,4.014095e+01,4.014095e+01,4.014095e+01,4.014095e+01,4.014095e+01,4.068529e+01,4.075150e+01,4.071178e+01,4.071178e+01,4.071178e+01,4.071178e+01,4.071178e+01,4.071178e+01,4.071178e+01,4.071178e+01,4.071178e+01,4.071178e+01,4.071178e+01,4.125339e+01,4.106874e+01,4.106874e+01,4.106874e+01,4.106874e+01,4.106874e+01,4.106874e+01,4.106874e+01,4.106874e+01,4.106874e+01,4.052624e+01,4.057928e+01,4.057928e+01,4.057928e+01,4.112152e+01,4.118748e+01,4.118748e+01,4.118748e+01,4.118748e+01,4.179244e+01,4.179244e+01,4.179244e+01,4.239423e+01,4.239423e+01,4.239423e+01,4.239423e+01,4.239423e+01,4.239423e+01,4.239423e+01,4.239423e+01,4.239423e+01,4.300586e+01,4.336870e+01,4.367881e+01,4.437354e+01,4.451455e+01,4.493658e+01,4.526802e+01,4.581414e+01,4.620629e+01,4.643340e+01,4.683607e+01,4.759994e+01,4.776210e+01,4.827211e+01,4.871815e+01,4.916256e+01,4.966671e+01,5.019323e+01,5.069316e+01,5.120319e+01,5.173526e+01,5.221698e+01,5.288828e+01,5.341321e+01,5.398338e+01,5.445656e+01,5.528040e+01,5.586562e+01,5.611061e+01,5.693549e+01,5.749018e+01,5.795062e+01,5.834072e+01,5.908327e+01,5.962894e+01,6.027400e+01,6.081479e+01,6.127499e+01,6.178942e+01,6.244637e+01,6.265725e+01,6.348647e+01,6.406942e+01,6.447492e+01,6.529321e+01,6.590105e+01,6.652781e+01,6.697990e+01,6.745197e+01,6.794380e+01,6.861462e+01,6.945133e+01,6.987312e+01,7.056635e+01,7.111019e+01,7.157917e+01,7.221249e+01,7.250227e+01,7.293586e+01,7.364541e+01,7.418811e+01,7.484080e+01,7.531830e+01,7.578416e+01,7.618807e+01,7.647017e+01,7.707288e+01,7.776304e+01,7.834075e+01,7.848981e+01,7.942057e+01,7.968687e+01,7.998222e+01,8.038496e+01,8.062023e+01,8.087469e+01,8.092358e+01,8.136288e+01,8.173289e+01,8.182040e+01,8.237345e+01,8.247028e+01,8.324276e+01,8.348338e+01,8.404982e+01,8.441357e+01,8.478604e+01,8.483372e+01,8.522424e+01,8.524327e+01,8.590773e+01,8.586036e+01,8.622003e+01,8.620113e+01,8.651286e+01,8.664493e+01,8.677689e+01,8.688049e+01,8.709692e+01,8.732244e+01,8.721912e+01,8.737878e+01,8.746323e+01,8.762266e+01,8.774446e+01,8.790361e+01,8.790361e+01,8.790361e+01,8.790361e+01,8.790361e+01,8.790361e+01,8.790361e+01,8.824011e+01,8.824011e+01,8.824011e+01,8.824011e+01,8.824011e+01,8.824011e+01,8.824011e+01,8.824011e+01,8.824011e+01,8.824011e+01,8.824011e+01,8.824011e+01,8.862252e+01,8.862252e+01,8.862252e+01,8.862252e+01,8.862252e+01,8.862252e+01,8.862252e+01,8.862252e+01,8.862252e+01,8.862252e+01,8.862252e+01,8.862252e+01,8.862252e+01,8.824011e+01,8.844542e+01,8.856661e+01,8.856661e+01,8.853865e+01,8.854797e+01,8.849204e+01,8.811868e+01,8.831480e+01,8.809064e+01,8.816540e+01,8.837079e+01,8.848272e+01,8.848272e+01,8.848272e+01,8.848272e+01,8.848272e+01,8.848272e+01,8.848272e+01,8.809999e+01,8.816540e+01,8.816540e+01,8.816540e+01,8.799715e+01,8.774446e+01,8.817474e+01,8.812802e+01,8.772573e+01,8.782874e+01,8.789425e+01,8.786618e+01,8.783810e+01,8.745386e+01,8.771636e+01,8.788490e+01,8.745386e+01,8.751952e+01,8.752890e+01,8.760391e+01,8.760391e+01,8.760391e+01,8.760391e+01,8.760391e+01,8.760391e+01,8.721912e+01,8.733183e+01,8.739754e+01,8.739754e+01,8.739754e+01,8.739754e+01,8.739754e+01,8.739754e+01,8.739754e+01,8.739754e+01,8.739754e+01,8.739754e+01,8.739754e+01,8.739754e+01,8.739754e+01,8.739754e+01,8.739754e+01,8.739754e+01,8.739754e+01,8.701227e+01,8.708752e+01,8.716273e+01,8.716273e+01,8.716273e+01,8.716273e+01,8.716273e+01,8.716273e+01,8.716273e+01,8.716273e+01,8.743509e+01,8.704990e+01,8.717213e+01,8.720972e+01,8.724730e+01,8.724730e+01,8.724730e+01,8.724730e+01,8.724730e+01,8.724730e+01,8.724730e+01,8.724730e+01,8.724730e+01,8.724730e+01,8.724730e+01,8.724730e+01,8.724730e+01,8.724730e+01,8.724730e+01,8.724730e+01,8.732244e+01,8.744447e+01,8.748200e+01,8.751952e+01,8.751952e+01,8.751952e+01,8.751952e+01,8.751952e+01,8.751952e+01,8.751952e+01,8.751952e+01,8.751952e+01,8.751952e+01,8.777256e+01,8.777256e+01,8.777256e+01,8.777256e+01,8.777256e+01,8.777256e+01,8.777256e+01,8.777256e+01,8.777256e+01,8.777256e+01,8.777256e+01,8.777256e+01,8.777256e+01,8.777256e+01,8.777256e+01,8.738816e+01,8.750076e+01,8.727548e+01,8.720033e+01,8.720033e+01,8.681457e+01,8.687108e+01,8.623894e+01,8.594562e+01,8.603083e+01,8.591721e+01,8.569920e+01,8.543340e+01,8.483372e+01,8.490047e+01,8.443269e+01,8.437532e+01,8.385803e+01,8.381965e+01,8.368523e+01,8.336794e+01,8.313677e+01,8.245092e+01,8.251867e+01,8.221841e+01,8.193699e+01,8.174261e+01,8.117756e+01,8.070836e+01,8.061044e+01,7.993304e+01,7.977554e+01,7.956857e+01,7.892619e+01,7.838052e+01,7.828109e+01,7.788274e+01,7.729327e+01,7.708291e+01,7.678188e+01,7.626873e+01,7.551089e+01,7.535886e+01,7.468809e+01,7.428007e+01,7.393237e+01,7.310069e+01,7.252294e+01,7.189098e+01,7.172477e+01,7.101621e+01,7.084899e+01,7.026216e+01,6.985206e+01,6.898592e+01,6.849772e+01,6.810381e+01,6.744126e+01,6.695841e+01,6.646310e+01,6.567342e+01,6.527145e+01,6.469360e+01,6.409137e+01,6.361868e+01,6.310013e+01,6.233524e+01,6.192329e+01,6.108437e+01,6.063477e+01,6.010455e+01,5.947002e+01,5.885524e+01,5.780116e+01,5.725935e+01,5.686598e+01,5.623875e+01,5.571371e+01,5.492798e+01,5.432661e+01,5.355600e+01,5.287632e+01,5.231310e+01,5.178352e+01,5.094844e+01,5.048612e+01,4.992413e+01,4.907627e+01,4.864392e+01,4.817276e+01,4.732501e+01,4.737504e+01,4.684864e+01,4.655938e+01,4.624417e+01,4.538253e+01,4.530621e+01,4.514066e+01,4.503866e+01,4.477051e+01,4.434788e+01,4.425804e+01,4.384644e+01,4.351093e+01,4.312261e+01,4.312261e+01,4.278500e+01,4.226367e+01,4.217220e+01,4.187111e+01,4.187111e+01,4.187111e+01,4.133244e+01,4.138510e+01,4.137194e+01,4.137194e+01,4.137194e+01,4.137194e+01,4.083089e+01,4.088379e+01,4.088379e+01,4.088379e+01,4.088379e+01,4.088379e+01,4.088379e+01,4.088379e+01,4.088379e+01,4.088379e+01,4.088379e+01,4.088379e+01,4.088379e+01,4.088379e+01,4.088379e+01,4.088379e+01,4.142458e+01,4.137194e+01,4.137194e+01,4.137194e+01,4.137194e+01,4.137194e+01,4.137194e+01,4.137194e+01,4.137194e+01,4.137194e+01,4.083089e+01,4.075150e+01,4.067204e+01,4.067204e+01,4.067204e+01,4.067204e+01,4.067204e+01,4.067204e+01,4.067204e+01,4.067204e+01,4.067204e+01,4.067204e+01,4.067204e+01,4.067204e+01,4.067204e+01,4.067204e+01,4.067204e+01,4.114791e+01,4.114791e+01,4.114791e+01,4.114791e+01,4.168746e+01,4.168746e+01,4.168746e+01,4.168746e+01,4.168746e+01,4.168746e+01,4.218526e+01,4.218526e+01,4.218526e+01,4.218526e+01,4.218526e+01,4.218526e+01,4.218526e+01,4.218526e+01,4.218526e+01,4.218526e+01,4.218526e+01,4.218526e+01,4.218526e+01,4.218526e+01,4.218526e+01,4.218526e+01,4.166120e+01,4.166120e+01,4.166120e+01,4.166120e+01,4.166120e+01,4.166120e+01,4.166120e+01,4.166120e+01,4.166120e+01,4.166120e+01,4.166120e+01,4.166120e+01,4.166120e+01,4.166120e+01,4.166120e+01,4.166120e+01,4.113472e+01,4.113472e+01,4.113472e+01,4.113472e+01,4.113472e+01,4.113472e+01,4.113472e+01,4.113472e+01,4.113472e+01,4.113472e+01,4.113472e+01,4.113472e+01,4.113472e+01,4.113472e+01,4.113472e+01,4.113472e+01,4.113472e+01,4.113472e+01,4.113472e+01,4.113472e+01,4.113472e+01,4.156924e+01,4.156924e+01,4.156924e+01,4.156924e+01,4.205447e+01,4.205447e+01,4.205447e+01,4.205447e+01,4.258978e+01,4.248552e+01,4.248552e+01,4.248552e+01,4.301883e+01,4.296691e+01,4.304479e+01,4.310964e+01,4.310964e+01,4.310964e+01,4.310964e+01,4.310964e+01,4.310964e+01,4.310964e+01,4.256372e+01,4.256372e+01,4.256372e+01,4.256372e+01,4.256372e+01,4.256372e+01,4.256372e+01,4.256372e+01,4.256372e+01,4.256372e+01,4.256372e+01,4.256372e+01,4.256372e+01,4.256372e+01,4.256372e+01,4.256372e+01,4.208064e+01,4.208064e+01,4.208064e+01,4.208064e+01,4.208064e+01,4.208064e+01,4.208064e+01,4.208064e+01,4.208064e+01,4.208064e+01,4.208064e+01,4.208064e+01,4.208064e+01,4.208064e+01,4.208064e+01,4.208064e+01,4.155610e+01,4.155610e+01,4.155610e+01,4.155610e+01,4.155610e+01,4.155610e+01,4.155610e+01,4.093666e+01,4.093666e+01,4.093666e+01,4.093666e+01,4.093666e+01,4.093666e+01,4.093666e+01
3.579882e+01,3.579882e+01,3.579882e+01,3.579882e+01,3.579882e+01,3.626836e+01,3.626836e+01,3.626836e+01,3.626836e+01,3.683191e+01,3.683191e+01,3.683191e+01,3.683191e+01,3.739258e+01,3.739258e+01,3.739258e+01,3.739258e+01,3.739258e+01,3.795042e+01,3.785538e+01,3.786896e+01,3.786896e+01,3.786896e+01,3.786896e+01,3.786896e+01,3.786896e+01,3.786896e+01,3.843793e+01,3.843793e+01,3.843793e+01,3.843793e+01,3.843793e+01,3.899056e+01,3.913836e+01,3.920548e+01,3.975434e+01,3.970091e+01,3.948694e+01,3.980775e+01,4.035369e+01,4.030054e+01,3.975434e+01,4.035369e+01,4.035369e+01,4.035369e+01,4.035369e+01,4.035369e+01,4.035369e+01,4.035369e+01,4.071178e+01,4.071178e+01,4.071178e+01,4.071178e+01,4.125339e+01,4.108194e+01,4.101593e+01,4.094987e+01,4.094987e+01,4.094987e+01,4.094987e+01,4.094987e+01,4.094987e+01,4.094987e+01,4.094987e+01,4.094987e+01,4.094987e+01,4.094987e+01,4.094987e+01,4.094987e+01,4.094987e+01,4.094987e+01,4.094987e+01,4.094987e+01,4.094987e+01,4.094987e+01,4.094987e+01,4.094987e+01,4.149036e+01,4.170059e+01,4.223754e+01,4.215912e+01,4.230285e+01,4.230285e+01,4.230285e+01,4.230285e+01,4.230285e+01,4.230285e+01,4.230285e+01,4.230285e+01,4.283701e+01,4.305776e+01,4.345923e+01,4.388509e+01,4.418097e+01,4.462980e+01,4.489828e+01,4.543340e+01,4.577612e+01,4.605464e+01,4.647121e+01,4.703690e+01,4.741256e+01,4.787424e+01,4.833416e+01,4.877997e+01,4.871815e+01,4.950708e+01,5.008322e+01,5.063231e+01,5.119107e+01,5.177145e+01,5.226505e+01,5.244515e+01,5.324643e+01,5.385294e+01,5.436206e+01,5.473962e+01,5.550310e+01,5.598234e+01,5.683121e+01,5.740944e+01,5.789315e+01,5.830635e+01,5.907188e+01,5.964029e+01,6.029658e+01,6.037557e+01,6.109558e+01,6.162189e+01,6.211273e+01,6.262397e+01,6.346442e+01,6.405845e+01,6.447492e+01,6.530409e+01,6.591188e+01,6.653859e+01,6.699065e+01,6.746268e+01,6.795448e+01,6.862524e+01,6.902830e+01,6.969402e+01,7.039861e+01,7.095353e+01,7.143343e+01,7.203626e+01,7.249193e+01,7.293586e+01,7.323449e+01,7.401425e+01,7.466771e+01,7.514576e+01,7.561216e+01,7.598625e+01,7.642990e+01,7.703278e+01,7.772311e+01,7.815174e+01,7.849973e+01,7.934158e+01,7.927242e+01,7.987399e+01,7.984447e+01,8.023775e+01,8.059084e+01,8.090403e+01,8.094314e+01,8.139213e+01,8.184955e+01,8.183012e+01,8.229595e+01,8.264442e+01,8.318496e+01,8.348338e+01,8.406898e+01,8.451871e+01,8.482419e+01,8.506244e+01,8.530984e+01,8.536687e+01,8.572765e+01,8.592668e+01,8.618221e+01,8.633344e+01,8.633344e+01,8.639012e+01,8.674862e+01,8.663550e+01,8.695580e+01,8.707811e+01,8.707811e+01,8.707811e+01,8.707811e+01,8.707811e+01,8.713453e+01,8.725670e+01,8.737878e+01,8.750076e+01,8.762266e+01,8.766952e+01,8.792233e+01,8.769762e+01,8.781937e+01,8.794103e+01,8.798780e+01,8.803455e+01,8.808130e+01,8.808130e+01,8.808130e+01,8.808130e+01,8.808130e+01,8.808130e+01,8.808130e+01,8.808130e+01,8.808130e+01,8.808130e+01,8.808130e+01,8.808130e+01,8.808130e+01,8.808130e+01,8.808130e+01,8.808130e+01,8.808130e+01,8.808130e+01,8.808130e+01,8.808130e+01,8.808130e+01,8.808130e+01,8.808130e+01,8.808130e+01,8.808130e+01,8.808130e+01,8.808130e+01,8.808130e+01,8.808130e+01,8.808130e+01,8.808130e+01,8.808130e+01,8.808130e+01,8.808130e+01,8.808130e+01,8.771636e+01,8.783810e+01,8.795974e+01,8.763203e+01,8.769762e+01,8.788490e+01,8.793168e+01,8.759454e+01,8.766015e+01,8.774446e+01,8.762266e+01,8.766952e+01,8.773510e+01,8.773510e+01,8.773510e+01,8.773510e+01,8.735061e+01,8.744447e+01,8.762266e+01,8.756641e+01,8.713453e+01,8.732244e+01,8.736938e+01,8.736938e+01,8.736938e+01,8.736938e+01,8.721912e+01,8.734122e+01,8.728487e+01,8.727548e+01,8.727548e+01,8.727548e+01,8.727548e+01,8.727548e+01,8.727548e+01,8.727548e+01,8.727548e+01,8.727548e+01,8.688991e+01,8.701227e+01,8.713453e+01,8.678631e+01,8.690874e+01,8.703108e+01,8.715333e+01,8.679573e+01,8.691815e+01,8.696522e+01,8.702168e+01,8.702168e+01,8.702168e+01,8.702168e+01,8.702168e+01,8.702168e+01,8.702168e+01,8.702168e+01,8.702168e+01,8.702168e+01,8.702168e+01,8.702168e+01,8.702168e+01,8.702168e+01,8.702168e+01,8.686166e+01,8.698404e+01,8.700285e+01,8.702168e+01,8.704049e+01,8.705930e+01,8.705930e+01,8.705930e+01,8.705930e+01,8.705930e+01,8.744447e+01,8.704049e+01,8.706870e+01,8.745386e+01,8.704049e+01,8.715333e+01,8.715333e+01,8.715333e+01,8.715333e+01,8.751952e+01,8.751952e+01,8.751952e+01,8.751952e+01,8.751952e+01,8.751952e+01,8.751952e+01,8.751952e+01,8.751952e+01,8.751952e+01,8.751952e+01,8.751952e+01,8.751952e+01,8.751952e+01,8.751952e+01,8.751952e+01,8.751952e+01,8.751952e+01,8.751952e+01,8.751952e+01,8.751952e+01,8.751952e+01,8.751952e+01,8.751952e+01,8.713453e+01,8.723791e+01,8.724730e+01,8.686166e+01,8.652229e+01,8.657890e+01,8.657890e+01,8.618221e+01,8.603083e+01,8.564227e+01,8.531934e+01,8.526229e+01,8.472879e+01,8.478604e+01,8.462379e+01,8.410731e+01,8.414562e+01,8.391560e+01,8.352185e+01,8.306928e+01,8.303071e+01,8.287630e+01,8.250900e+01,8.237345e+01,8.176206e+01,8.144086e+01,8.147983e+01,8.105062e+01,8.049284e+01,8.042420e+01,8.011004e+01,7.940083e+01,7.924277e+01,7.876765e+01,7.855931e+01,7.822141e+01,7.748335e+01,7.725323e+01,7.661102e+01,7.645004e+01,7.610738e+01,7.569312e+01,7.488150e+01,7.452502e+01,7.428007e+01,7.351199e+01,7.293586e+01,7.251260e+01,7.207775e+01,7.165199e+01,7.120411e+01,7.034615e+01,7.009406e+01,6.940909e+01,6.881631e+01,6.803983e+01,6.786906e+01,6.730194e+01,6.649545e+01,6.584689e+01,6.548888e+01,6.523881e+01,6.421203e+01,6.390469e+01,6.357462e+01,6.305591e+01,6.229077e+01,6.187868e+01,6.103947e+01,6.012716e+01,5.991225e+01,5.894650e+01,5.871824e+01,5.795062e+01,5.734018e+01,5.687757e+01,5.618052e+01,5.564355e+01,5.485738e+01,5.425567e+01,5.348463e+01,5.280457e+01,5.224102e+01,5.171112e+01,5.087556e+01,5.041297e+01,4.985064e+01,4.900227e+01,4.856965e+01,4.809820e+01,4.755000e+01,4.722488e+01,4.689887e+01,4.652160e+01,4.604200e+01,4.561123e+01,4.561123e+01,4.514066e+01,4.483441e+01,4.456579e+01,4.457859e+01,4.428371e+01,4.378199e+01,4.342044e+01,4.323924e+01,4.303181e+01,4.257675e+01,4.249856e+01,4.219834e+01,4.201521e+01,4.147721e+01,4.138510e+01,4.141142e+01,4.141142e+01,4.141142e+01,4.141142e+01,4.141142e+01,4.141142e+01,4.083089e+01,4.083089e+01,4.083089e+01,4.083089e+01,4.083089e+01,4.083089e+01,4.083089e+01,4.083089e+01,4.083089e+01,4.083089e+01,4.083089e+01,4.083089e+01,4.083089e+01,4.137194e+01,4.120066e+01,4.129292e+01,4.134560e+01,4.134560e+01,4.134560e+01,4.134560e+01,4.134560e+01,4.134560e+01,4.134560e+01,4.134560e+01,4.134560e+01,4.134560e+01,4.083089e+01,4.083089e+01,4.083089e+01,4.083089e+01,4.083089e+01,4.083089e+01,4.083089e+01,4.083089e+01,4.028725e+01,4.034040e+01,4.039353e+01,4.044664e+01,4.044664e+01,4.044664e+01,4.098951e+01,4.093666e+01,4.073826e+01,4.091023e+01,4.091023e+01,4.091023e+01,4.145090e+01,4.160866e+01,4.160866e+01,4.160866e+01,4.160866e+01,4.214605e+01,4.209373e+01,4.210681e+01,4.210681e+01,4.210681e+01,4.210681e+01,4.210681e+01,4.210681e+01,4.210681e+01,4.210681e+01,4.210681e+01,4.210681e+01,4.210681e+01,4.210681e+01,4.210681e+01,4.210681e+01,4.210681e+01,4.210681e+01,4.210681e+01,4.210681e+01,4.210681e+01,4.166120e+01,4.166120e+01,4.166120e+01,4.166120e+01,4.166120e+01,4.166120e+01,4.166120e+01,4.166120e+01,4.166120e+01,4.166120e+01,4.166120e+01,4.166120e+01,4.166120e+01,4.166120e+01,4.166120e+01,4.113472e+01,4.113472e+01,4.113472e+01,4.113472e+01,4.113472e+01,4.113472e+01,4.113472e+01,4.113472e+01,4.113472e+01,4.113472e+01,4.113472e+01,4.113472e+01,4.113472e+01,4.113472e+01,4.113472e+01,4.113472e+01,4.113472e+01,4.113472e+01,4.113472e+01,4.156924e+01,4.156924e+01,4.156924e+01,4.210681e+01,4.202830e+01,4.202830e+01,4.202830e+01,4.256372e+01,4.251160e+01,4.251160e+01,4.251160e+01,4.251160e+01,4.301883e+01,4.301883e+01,4.301883e+01,4.301883e+01,4.301883e+01,4.301883e+01,4.301883e+01,4.301883e+01,4.301883e+01,4.301883e+01,4.301883e+01,4.301883e+01,4.301883e+01,4.301883e+01,4.256372e+01,4.256372e+01,4.256372e+01,4.256372e+01,4.256372e+01,4.256372e+01,4.256372e+01,4.256372e+01,4.256372e+01,4.256372e+01,4.256372e+01,4.256372e+01,4.208064e+01,4.208064e+01,4.208064e+01,4.208064e+01,4.208064e+01,4.208064e+01,4.208064e+01,4.208064e+01,4.208064e+01,4.208064e+01,4.208064e+01,4.208064e+01,4.208064e+01,4.208064e+01,4.208064e+01,4.208064e+01,4.155610e+01,4.155610e+01,4.155610e+01,4.155610e+01,4.155610e+01,4.155610e+01,4.155610e+01,4.155610e+01,4.155610e+01,4.093666e+01,4.093666e+01,4.093666e+01,4.093666e+01,4.093666e+01
3.579882e+01,3.579882e+01,3.579882e+01,3.579882e+01,3.636478e+01,3.628214e+01,3.628214e+01,3.628214e+01,3.628214e+01,3.683191e+01,3.683191e+01,3.683191e+01,3.683191e+01,3.739258e+01,3.739258e+01,3.739258e+01,3.739258e+01,3.739258e+01,3.795042e+01,3.795042e+01,3.795042e+01,3.795042e+01,3.795042e+01,3.795042e+01,3.795042e+01,3.795042e+01,3.795042e+01,3.795042e+01,3.843793e+01,3.843793e+01,3.843793e+01,3.899056e+01,3.890985e+01,3.890985e+01,3.890985e+01,3.920548e+01,3.937980e+01,3.951371e+01,3.947355e+01,3.996781e+01,3.987447e+01,3.996781e+01,4.011433e+01,4.011433e+01,4.011433e+01,4.065880e+01,4.060579e+01,4.060579e+01,4.060579e+01,4.060579e+01,4.060579e+01,4.060579e+01,4.060579e+01,4.071178e+01,4.088379e+01,4.088379e+01,4.088379e+01,4.088379e+01,4.088379e+01,4.088379e+01,4.088379e+01,4.088379e+01,4.088379e+01,4.088379e+01,4.088379e+01,4.088379e+01,4.088379e+01,4.088379e+01,4.088379e+01,4.088379e+01,4.088379e+01,4.088379e+01,4.088379e+01,4.088379e+01,4.088379e+01,4.088379e+01,4.142458e+01,4.141142e+01,4.194973e+01,4.200212e+01,4.200212e+01,4.200212e+01,4.200212e+01,4.230285e+01,4.230285e+01,4.230285e+01,4.230285e+01,4.230285e+01,4.230285e+01,4.283701e+01,4.326514e+01,4.365300e+01,4.383355e+01,4.432222e+01,4.457859e+01,4.503866e+01,4.538253e+01,4.581414e+01,4.572541e+01,4.629466e+01,4.681095e+01,4.736254e+01,4.789914e+01,4.840858e+01,4.855727e+01,4.886647e+01,4.958078e+01,5.015657e+01,5.020545e+01,5.104555e+01,5.168699e+01,5.196431e+01,5.246914e+01,5.330602e+01,5.391225e+01,5.431479e+01,5.485738e+01,5.556164e+01,5.604066e+01,5.688915e+01,5.746711e+01,5.795062e+01,5.836363e+01,5.912883e+01,5.969699e+01,6.009325e+01,6.045451e+01,6.115167e+01,6.121895e+01,6.196789e+01,6.252410e+01,6.340929e+01,6.359665e+01,6.426684e+01,6.514083e+01,6.579271e+01,6.646310e+01,6.695841e+01,6.747339e+01,6.799715e+01,6.823168e+01,6.887994e+01,6.957800e+01,7.031466e+01,7.090127e+01,7.098487e+01,7.182867e+01,7.230569e+01,7.270890e+01,7.321391e+01,7.401425e+01,7.426985e+01,7.498319e+01,7.546024e+01,7.584481e+01,7.629896e+01,7.691239e+01,7.720316e+01,7.786280e+01,7.873790e+01,7.887666e+01,7.925266e+01,7.967702e+01,7.992320e+01,7.983462e+01,8.033591e+01,8.065941e+01,8.056145e+01,8.123611e+01,8.151878e+01,8.188842e+01,8.228626e+01,8.262508e+01,8.273141e+01,8.332943e+01,8.351224e+01,8.410731e+01,8.456648e+01,8.486234e+01,8.472879e+01,8.514812e+01,8.553787e+01,8.541439e+01,8.576558e+01,8.604030e+01,8.607816e+01,8.638068e+01,8.618221e+01,8.654117e+01,8.668264e+01,8.684283e+01,8.688049e+01,8.691815e+01,8.691815e+01,8.691815e+01,8.691815e+01,8.725670e+01,8.725670e+01,8.725670e+01,8.762266e+01,8.743509e+01,8.760391e+01,8.767889e+01,8.767889e+01,8.767889e+01,8.767889e+01,8.767889e+01,8.767889e+01,8.767889e+01,8.767889e+01,8.767889e+01,8.767889e+01,8.808130e+01,8.808130e+01,8.769762e+01,8.781937e+01,8.785682e+01,8.789425e+01,8.789425e+01,8.789425e+01,8.789425e+01,8.789425e+01,8.789425e+01,8.789425e+01,8.789425e+01,8.789425e+01,8.789425e+01,8.789425e+01,8.789425e+01,8.789425e+01,8.789425e+01,8.789425e+01,8.789425e+01,8.789425e+01,8.789425e+01,8.789425e+01,8.751014e+01,8.763203e+01,8.775383e+01,8.749138e+01,8.760391e+01,8.764140e+01,8.769762e+01,8.769762e+01,8.769762e+01,8.769762e+01,8.769762e+01,8.769762e+01,8.769762e+01,8.769762e+01,8.769762e+01,8.769762e+01,8.731305e+01,8.747262e+01,8.757578e+01,8.757578e+01,8.719093e+01,8.722851e+01,8.728487e+01,8.728487e+01,8.728487e+01,8.728487e+01,8.689932e+01,8.712512e+01,8.720972e+01,8.720972e+01,8.720972e+01,8.682399e+01,8.693698e+01,8.709692e+01,8.713453e+01,8.713453e+01,8.713453e+01,8.674862e+01,8.686166e+01,8.697462e+01,8.701227e+01,8.704990e+01,8.708752e+01,8.685224e+01,8.690874e+01,8.690874e+01,8.690874e+01,8.690874e+01,8.690874e+01,8.690874e+01,8.690874e+01,8.690874e+01,8.652229e+01,8.668264e+01,8.677689e+01,8.681457e+01,8.685224e+01,8.685224e+01,8.685224e+01,8.685224e+01,8.685224e+01,8.685224e+01,8.685224e+01,8.685224e+01,8.685224e+01,8.685224e+01,8.685224e+01,8.685224e+01,8.685224e+01,8.646566e+01,8.670149e+01,8.675804e+01,8.681457e+01,8.687108e+01,8.687108e+01,8.687108e+01,8.687108e+01,8.687108e+01,8.687108e+01,8.705930e+01,8.709692e+01,8.694640e+01,8.703108e+01,8.708752e+01,8.708752e+01,8.708752e+01,8.708752e+01,8.708752e+01,8.708752e+01,8.708752e+01,8.708752e+01,8.708752e+01,8.708752e+01,8.708752e+01,8.708752e+01,8.708752e+01,8.708752e+01,8.713453e+01,8.724730e+01,8.728487e+01,8.732244e+01,8.736000e+01,8.736000e+01,8.736000e+01,8.736000e+01,8.736000e+01,8.697462e+01,8.708752e+01,8.720033e+01,8.692757e+01,8.704049e+01,8.707811e+01,8.674862e+01,8.696522e+01,8.652229e+01,8.636179e+01,8.640901e+01,8.640901e+01,8.602137e+01,8.606869e+01,8.580350e+01,8.551888e+01,8.511005e+01,8.503387e+01,8.478604e+01,8.478604e+01,8.400189e+01,8.365641e+01,8.375246e+01,8.359875e+01,8.335831e+01,8.324276e+01,8.263475e+01,8.267342e+01,8.216992e+01,8.181068e+01,8.159667e+01,8.121659e+01,8.117756e+01,8.092358e+01,8.025739e+01,8.024757e+01,7.956857e+01,7.945018e+01,7.905488e+01,7.881721e+01,7.846001e+01,7.782291e+01,7.744336e+01,7.710296e+01,7.678188e+01,7.596606e+01,7.579427e+01,7.514576e+01,7.470846e+01,7.415745e+01,7.399379e+01,7.336816e+01,7.294617e+01,7.210886e+01,7.190137e+01,7.122498e+01,7.059779e+01,7.030416e+01,6.950413e+01,6.921882e+01,6.880569e+01,6.822103e+01,6.734483e+01,6.710881e+01,6.648467e+01,6.583605e+01,6.508637e+01,6.462804e+01,6.423396e+01,6.386073e+01,6.339826e+01,6.259069e+01,6.209045e+01,6.139818e+01,6.083728e+01,5.985564e+01,5.976500e+01,5.912883e+01,5.860395e+01,5.792764e+01,5.731709e+01,5.685439e+01,5.615722e+01,5.513955e+01,5.464534e+01,5.422019e+01,5.344893e+01,5.276867e+01,5.220496e+01,5.167491e+01,5.083910e+01,5.037637e+01,4.981388e+01,4.896524e+01,4.853250e+01,4.806091e+01,4.758746e+01,4.718731e+01,4.682351e+01,4.631990e+01,4.600405e+01,4.581414e+01,4.548423e+01,4.517888e+01,4.479607e+01,4.468099e+01,4.448893e+01,4.407814e+01,4.382066e+01,4.357553e+01,4.323924e+01,4.269394e+01,4.265489e+01,4.238118e+01,4.177932e+01,4.221141e+01,4.134560e+01,4.188422e+01,4.118748e+01,4.118748e+01,4.118748e+01,4.118748e+01,4.118748e+01,4.118748e+01,4.118748e+01,4.118748e+01,4.118748e+01,4.118748e+01,4.118748e+01,4.083089e+01,4.083089e+01,4.083089e+01,4.083089e+01,4.083089e+01,4.083089e+01,4.083089e+01,4.083089e+01,4.137194e+01,4.137194e+01,4.137194e+01,4.137194e+01,4.137194e+01,4.137194e+01,4.137194e+01,4.137194e+01,4.137194e+01,4.137194e+01,4.137194e+01,4.137194e+01,4.083089e+01,4.089701e+01,4.089701e+01,4.089701e+01,4.089701e+01,4.089701e+01,4.089701e+01,4.035369e+01,4.039353e+01,4.035369e+01,4.035369e+01,4.035369e+01,4.035369e+01,4.035369e+01,4.035369e+01,4.098951e+01,4.098951e+01,4.098951e+01,4.098951e+01,4.098951e+01,4.098951e+01,4.145090e+01,4.145090e+01,4.145090e+01,4.145090e+01,4.145090e+01,4.160866e+01,4.176620e+01,4.183178e+01,4.188422e+01,4.242032e+01,4.236813e+01,4.236813e+01,4.236813e+01,4.236813e+01,4.236813e+01,4.236813e+01,4.236813e+01,4.236813e+01,4.236813e+01,4.183178e+01,4.188422e+01,4.188422e+01,4.188422e+01,4.188422e+01,4.188422e+01,4.188422e+01,4.188422e+01,4.188422e+01,4.188422e+01,4.134560e+01,4.139826e+01,4.139826e+01,4.139826e+01,4.139826e+01,4.139826e+01,4.139826e+01,4.139826e+01,4.139826e+01,4.139826e+01,4.139826e+01,4.139826e+01,4.139826e+01,4.139826e+01,4.139826e+01,4.139826e+01,4.139826e+01,4.139826e+01,4.139826e+01,4.139826e+01,4.139826e+01,4.139826e+01,4.139826e+01,4.085734e+01,4.091023e+01,4.145090e+01,4.139826e+01,4.139826e+01,4.139826e+01,4.139826e+01,4.139826e+01,4.139826e+01,4.193663e+01,4.150351e+01,4.184489e+01,4.184489e+01,4.238118e+01,4.247248e+01,4.249856e+01,4.249856e+01,4.249856e+01,4.249856e+01,4.303181e+01,4.296691e+01,4.296691e+01,4.296691e+01,4.296691e+01,4.296691e+01,4.296691e+01,4.296691e+01,4.296691e+01,4.296691e+01,4.296691e+01,4.296691e+01,4.296691e+01,4.296691e+01,4.296691e+01,4.296691e+01,4.256372e+01,4.256372e+01,4.256372e+01,4.256372e+01,4.256372e+01,4.256372e+01,4.256372e+01,4.256372e+01,4.256372e+01,4.256372e+01,4.202830e+01,4.209373e+01,4.209373e+01,4.209373e+01,4.209373e+01,4.209373e+01,4.209373e+01,4.209373e+01,4.209373e+01,4.209373e+01,4.209373e+01,4.209373e+01,4.209373e+01,4.209373e+01,4.209373e+01,4.209373e+01,4.209373e+01,4.155610e+01,4.155610e+01,4.155610e+01,4.155610e+01,4.155610e+01,4.155610e+01,4.155610e+01,4.155610e+01,4.101593e+01,4.100272e+01,4.100272e+01,4.100272e+01,4.100272e+01,4.100272e+01
3.579882e+01,3.579882e+01,3.579882e+01,3.636478e+01,3.629592e+01,3.629592e+01,3.629592e+01,3.629592e+01,3.629592e+01,3.629592e+01,3.683191e+01,3.683191e+01,3.683191e+01,3.739258e+01,3.739258e+01,3.739258e+01,3.739258e+01,3.739258e+01,3.739258e+01,3.739258e+01,3.795042e+01,3.795042e+01,3.795042e+01,3.795042e+01,3.795042e+01,3.795042e+01,3.795042e+01,3.795042e+01,3.795042e+01,3.843793e+01,3.878869e+01,3.890985e+01,3.890985e+01,3.890985e+01,3.890985e+01,3.920548e+01,3.975434e+01,3.970091e+01,4.000779e+01,3.994115e+01,3.994115e+01,3.994115e+01,4.048645e+01,4.043336e+01,4.052624e+01,4.057928e+01,4.057928e+01,4.057928e+01,4.057928e+01,4.057928e+01,4.057928e+01,4.112152e+01,4.096309e+01,4.091023e+01,4.091023e+01,4.091023e+01,4.091023e+01,4.091023e+01,4.091023e+01,4.091023e+01,4.091023e+01,4.091023e+01,4.091023e+01,4.091023e+01,4.091023e+01,4.091023e+01,4.091023e+01,4.091023e+01,4.091023e+01,4.091023e+01,4.091023e+01,4.091023e+01,4.091023e+01,4.091023e+01,4.091023e+01,4.091023e+01,4.091023e+01,4.141142e+01,4.175309e+01,4.175309e+01,4.228979e+01,4.223754e+01,4.243336e+01,4.232896e+01,4.232896e+01,4.232896e+01,4.232896e+01,4.232896e+01,4.232896e+01,4.283701e+01,4.322629e+01,4.351093e+01,4.402669e+01,4.412957e+01,4.471936e+01,4.500039e+01,4.554774e+01,4.562392e+01,4.595344e+01,4.633251e+01,4.684864e+01,4.740005e+01,4.793649e+01,4.822245e+01,4.855727e+01,4.906394e+01,4.961762e+01,4.997311e+01,5.033977e+01,5.108195e+01,5.115471e+01,5.180764e+01,5.234913e+01,5.322258e+01,5.337749e+01,5.453918e+01,5.489268e+01,5.559675e+01,5.607564e+01,5.692390e+01,5.702810e+01,5.778965e+01,5.822610e+01,5.901490e+01,5.914022e+01,5.970833e+01,6.042068e+01,6.094965e+01,6.130859e+01,6.199018e+01,6.254630e+01,6.324376e+01,6.371775e+01,6.428876e+01,6.471545e+01,6.563003e+01,6.631200e+01,6.681861e+01,6.734483e+01,6.782635e+01,6.823168e+01,6.889054e+01,6.958855e+01,6.989417e+01,7.056635e+01,7.135008e+01,7.158958e+01,7.220213e+01,7.260562e+01,7.311099e+01,7.387093e+01,7.429028e+01,7.456580e+01,7.528786e+01,7.566277e+01,7.610738e+01,7.668140e+01,7.717310e+01,7.782291e+01,7.814179e+01,7.865855e+01,7.875773e+01,7.933170e+01,7.967702e+01,7.994288e+01,7.992320e+01,8.032610e+01,8.069857e+01,8.079645e+01,8.138239e+01,8.133364e+01,8.196613e+01,8.238314e+01,8.275074e+01,8.278939e+01,8.333906e+01,8.351224e+01,8.411689e+01,8.411689e+01,8.448049e+01,8.462379e+01,8.509100e+01,8.506244e+01,8.516715e+01,8.552837e+01,8.582246e+01,8.604030e+01,8.612546e+01,8.633344e+01,8.612546e+01,8.639957e+01,8.655060e+01,8.631455e+01,8.641846e+01,8.690874e+01,8.676746e+01,8.695580e+01,8.698404e+01,8.685224e+01,8.690874e+01,8.702168e+01,8.691815e+01,8.709692e+01,8.720033e+01,8.730366e+01,8.740694e+01,8.743509e+01,8.746323e+01,8.749138e+01,8.749138e+01,8.749138e+01,8.749138e+01,8.749138e+01,8.749138e+01,8.749138e+01,8.749138e+01,8.749138e+01,8.749138e+01,8.749138e+01,8.749138e+01,8.749138e+01,8.749138e+01,8.749138e+01,8.749138e+01,8.749138e+01,8.749138e+01,8.749138e+01,8.749138e+01,8.749138e+01,8.749138e+01,8.749138e+01,8.749138e+01,8.749138e+01,8.749138e+01,8.749138e+01,8.749138e+01,8.749138e+01,8.749138e+01,8.749138e+01,8.749138e+01,8.749138e+01,8.749138e+01,8.749138e+01,8.731305e+01,8.703108e+01,8.712512e+01,8.721912e+01,8.731305e+01,8.740694e+01,8.743509e+01,8.707811e+01,8.710632e+01,8.715333e+01,8.715333e+01,8.715333e+01,8.715333e+01,8.676746e+01,8.689932e+01,8.704990e+01,8.669206e+01,8.678631e+01,8.681457e+01,8.690874e+01,8.704990e+01,8.666378e+01,8.675804e+01,8.678631e+01,8.683340e+01,8.683340e+01,8.683340e+01,8.683340e+01,8.683340e+01,8.674862e+01,8.640901e+01,8.661663e+01,8.636179e+01,8.649398e+01,8.662606e+01,8.672034e+01,8.640901e+01,8.656004e+01,8.665435e+01,8.666378e+01,8.628620e+01,8.638068e+01,8.647511e+01,8.656947e+01,8.659777e+01,8.656004e+01,8.656004e+01,8.656004e+01,8.656004e+01,8.656004e+01,8.656004e+01,8.656004e+01,8.656004e+01,8.656004e+01,8.656004e+01,8.656004e+01,8.656004e+01,8.656004e+01,8.656004e+01,8.656004e+01,8.656004e+01,8.656004e+01,8.656004e+01,8.656004e+01,8.656004e+01,8.656004e+01,8.656004e+01,8.656004e+01,8.656004e+01,8.656004e+01,8.656004e+01,8.656004e+01,8.667321e+01,8.680515e+01,8.681457e+01,8.681457e+01,8.681457e+01,8.681457e+01,8.681457e+01,8.681457e+01,8.681457e+01,8.681457e+01,8.681457e+01,8.681457e+01,8.681457e+01,8.681457e+01,8.708752e+01,8.708752e+01,8.708752e+01,8.708752e+01,8.708752e+01,8.708752e+01,8.708752e+01,8.693698e+01,8.706870e+01,8.707811e+01,8.708752e+01,8.709692e+01,8.703108e+01,8.701227e+01,8.701227e+01,8.701227e+01,8.701227e+01,8.701227e+01,8.662606e+01,8.672034e+01,8.639957e+01,8.643734e+01,8.604976e+01,8.580350e+01,8.622003e+01,8.578454e+01,8.543340e+01,8.537638e+01,8.522424e+01,8.477650e+01,8.483372e+01,8.479558e+01,8.416478e+01,8.423180e+01,8.353147e+01,8.353147e+01,8.313677e+01,8.320422e+01,8.255737e+01,8.259607e+01,8.237345e+01,8.203409e+01,8.185927e+01,8.148956e+01,8.136288e+01,8.077687e+01,8.062023e+01,8.030647e+01,8.003139e+01,7.961787e+01,7.923289e+01,7.899550e+01,7.865855e+01,7.808205e+01,7.765323e+01,7.706286e+01,7.702275e+01,7.662107e+01,7.611747e+01,7.567289e+01,7.516607e+01,7.474919e+01,7.393237e+01,7.344009e+01,7.319334e+01,7.254362e+01,7.215031e+01,7.166239e+01,7.107887e+01,7.065015e+01,7.018864e+01,6.955690e+01,6.910242e+01,6.838072e+01,6.803983e+01,6.739841e+01,6.699065e+01,6.648467e+01,6.583605e+01,6.508637e+01,6.462804e+01,6.423396e+01,6.340929e+01,6.321062e+01,6.213499e+01,6.190099e+01,6.138699e+01,6.082603e+01,6.002541e+01,5.962894e+01,5.911744e+01,5.859252e+01,5.791615e+01,5.730555e+01,5.684280e+01,5.566694e+01,5.493974e+01,5.462175e+01,5.419653e+01,5.342512e+01,5.274473e+01,5.218092e+01,5.115471e+01,5.063231e+01,5.033977e+01,4.977710e+01,4.892821e+01,4.849534e+01,4.802359e+01,4.764986e+01,4.717478e+01,4.662232e+01,4.638297e+01,4.616840e+01,4.577612e+01,4.540797e+01,4.510242e+01,4.489828e+01,4.437354e+01,4.434788e+01,4.418097e+01,4.382066e+01,4.336870e+01,4.303181e+01,4.288898e+01,4.264187e+01,4.217220e+01,4.219834e+01,4.200212e+01,4.176620e+01,4.167433e+01,4.138510e+01,4.138510e+01,4.138510e+01,4.138510e+01,4.138510e+01,4.138510e+01,4.138510e+01,4.084412e+01,4.139826e+01,4.139826e+01,4.085734e+01,4.084412e+01,4.084412e+01,4.084412e+01,4.084412e+01,4.084412e+01,4.084412e+01,4.084412e+01,4.084412e+01,4.084412e+01,4.137194e+01,4.137194e+01,4.137194e+01,4.137194e+01,4.137194e+01,4.137194e+01,4.137194e+01,4.137194e+01,4.137194e+01,4.137194e+01,4.137194e+01,4.137194e+01,4.089701e+01,4.089701e+01,4.089701e+01,4.089701e+01,4.089701e+01,4.089701e+01,4.035369e+01,4.035369e+01,4.035369e+01,4.035369e+01,4.035369e+01,4.035369e+01,4.035369e+01,4.035369e+01,4.098951e+01,4.098951e+01,4.098951e+01,4.098951e+01,4.098951e+01,4.098951e+01,4.145090e+01,4.145090e+01,4.145090e+01,4.145090e+01,4.145090e+01,4.198902e+01,4.196283e+01,4.196283e+01,4.196283e+01,4.196283e+01,4.196283e+01,4.236813e+01,4.236813e+01,4.236813e+01,4.236813e+01,4.236813e+01,4.236813e+01,4.236813e+01,4.236813e+01,4.183178e+01,4.183178e+01,4.183178e+01,4.183178e+01,4.183178e+01,4.183178e+01,4.183178e+01,4.183178e+01,4.183178e+01,4.183178e+01,4.183178e+01,4.183178e+01,4.183178e+01,4.139826e+01,4.139826e+01,4.139826e+01,4.139826e+01,4.139826e+01,4.139826e+01,4.139826e+01,4.139826e+01,4.139826e+01,4.139826e+01,4.139826e+01,4.139826e+01,4.139826e+01,4.139826e+01,4.139826e+01,4.139826e+01,4.139826e+01,4.139826e+01,4.139826e+01,4.139826e+01,4.139826e+01,4.139826e+01,4.139826e+01,4.139826e+01,4.139826e+01,4.139826e+01,4.139826e+01,4.139826e+01,4.139826e+01,4.193663e+01,4.180556e+01,4.183178e+01,4.218526e+01,4.231591e+01,4.231591e+01,4.231591e+01,4.285000e+01,4.282401e+01,4.292796e+01,4.297990e+01,4.297990e+01,4.297990e+01,4.297990e+01,4.297990e+01,4.297990e+01,4.297990e+01,4.297990e+01,4.297990e+01,4.297990e+01,4.297990e+01,4.297990e+01,4.297990e+01,4.297990e+01,4.297990e+01,4.297990e+01,4.297990e+01,4.256372e+01,4.256372e+01,4.256372e+01,4.256372e+01,4.256372e+01,4.256372e+01,4.256372e+01,4.256372e+01,4.256372e+01,4.256372e+01,4.209373e+01,4.209373e+01,4.209373e+01,4.209373e+01,4.209373e+01,4.209373e+01,4.209373e+01,4.209373e+01,4.209373e+01,4.209373e+01,4.209373e+01,4.209373e+01,4.209373e+01,4.209373e+01,4.209373e+01,4.155610e+01,4.160866e+01,4.160866e+01,4.160866e+01,4.160866e+01,4.160866e+01,4.160866e+01,4.160866e+01,4.106874e+01,4.106874e+01,4.106874e+01,4.106874e+01,4.106874e+01,4.106874e+01,4.106874e+01
3.579882e+01,3.579882e+01,3.579882e+01,3.579882e+01,3.629592e+01,3.629592e+01,3.629592e+01,3.629592e+01,3.629592e+01,3.629592e+01,3.683191e+01,3.683191e+01,3.683191e+01,3.683191e+01,3.739258e+01,3.739258e+01,3.739258e+01,3.739258e+01,3.739258e+01,3.795042e+01,3.789612e+01,3.789612e+01,3.789612e+01,3.789612e+01,3.789612e+01,3.789612e+01,3.789612e+01,3.789612e+01,3.845144e+01,3.850547e+01,3.868088e+01,3.868088e+01,3.868088e+01,3.923232e+01,3.925914e+01,3.947355e+01,3.900400e+01,3.936640e+01,3.967419e+01,3.970091e+01,3.970091e+01,4.024737e+01,4.042009e+01,4.042009e+01,4.042009e+01,4.042009e+01,4.042009e+01,4.042009e+01,4.096309e+01,4.039353e+01,4.075150e+01,4.092345e+01,4.092345e+01,4.092345e+01,4.092345e+01,4.092345e+01,4.092345e+01,4.092345e+01,4.092345e+01,4.092345e+01,4.092345e+01,4.092345e+01,4.092345e+01,4.092345e+01,4.092345e+01,4.092345e+01,4.092345e+01,4.092345e+01,4.092345e+01,4.092345e+01,4.092345e+01,4.092345e+01,4.092345e+01,4.092345e+01,4.092345e+01,4.092345e+01,4.146405e+01,4.151666e+01,4.164807e+01,4.200212e+01,4.209373e+01,4.209373e+01,4.209373e+01,4.209373e+01,4.209373e+01,4.262885e+01,4.258978e+01,4.258978e+01,4.258978e+01,4.312261e+01,4.332988e+01,4.371751e+01,4.383355e+01,4.428371e+01,4.465540e+01,4.514066e+01,4.535710e+01,4.563661e+01,4.602935e+01,4.653419e+01,4.688631e+01,4.743756e+01,4.787424e+01,4.823487e+01,4.824728e+01,4.889117e+01,4.938415e+01,4.981388e+01,5.036417e+01,5.089986e+01,5.130010e+01,5.184381e+01,5.238515e+01,5.304360e+01,5.343702e+01,5.395967e+01,5.468070e+01,5.542110e+01,5.593566e+01,5.661081e+01,5.701653e+01,5.781266e+01,5.826050e+01,5.837508e+01,5.939049e+01,5.986696e+01,5.999147e+01,6.067980e+01,6.126378e+01,6.196789e+01,6.254630e+01,6.326584e+01,6.373976e+01,6.431068e+01,6.473730e+01,6.520616e+01,6.570597e+01,6.646310e+01,6.723759e+01,6.773017e+01,6.814645e+01,6.881631e+01,6.946189e+01,6.992576e+01,7.057684e+01,7.086990e+01,7.143343e+01,7.205701e+01,7.247124e+01,7.298739e+01,7.375821e+01,7.411655e+01,7.454541e+01,7.527772e+01,7.566277e+01,7.611747e+01,7.669144e+01,7.718312e+01,7.735332e+01,7.798243e+01,7.834075e+01,7.869823e+01,7.928230e+01,7.955871e+01,7.974599e+01,8.001173e+01,7.993304e+01,8.038496e+01,8.033591e+01,8.100178e+01,8.137263e+01,8.157721e+01,8.221841e+01,8.243156e+01,8.283768e+01,8.318496e+01,8.322350e+01,8.340643e+01,8.377165e+01,8.421265e+01,8.460469e+01,8.452827e+01,8.501482e+01,8.497671e+01,8.527180e+01,8.523376e+01,8.553787e+01,8.587931e+01,8.600243e+01,8.569920e+01,8.567074e+01,8.587931e+01,8.633344e+01,8.627675e+01,8.622003e+01,8.631455e+01,8.659777e+01,8.672034e+01,8.674862e+01,8.674862e+01,8.674862e+01,8.674862e+01,8.674862e+01,8.674862e+01,8.674862e+01,8.702168e+01,8.714393e+01,8.720033e+01,8.687108e+01,8.696522e+01,8.705930e+01,8.715333e+01,8.724730e+01,8.726609e+01,8.728487e+01,8.730366e+01,8.730366e+01,8.730366e+01,8.730366e+01,8.730366e+01,8.730366e+01,8.730366e+01,8.730366e+01,8.730366e+01,8.730366e+01,8.730366e+01,8.730366e+01,8.730366e+01,8.730366e+01,8.730366e+01,8.691815e+01,8.701227e+01,8.710632e+01,8.720033e+01,8.721912e+01,8.723791e+01,8.725670e+01,8.688991e+01,8.698404e+01,8.707811e+01,8.717213e+01,8.688049e+01,8.697462e+01,8.703108e+01,8.704049e+01,8.704049e+01,8.704049e+01,8.704049e+01,8.704049e+01,8.704049e+01,8.665435e+01,8.677689e+01,8.691815e+01,8.654117e+01,8.663550e+01,8.667321e+01,8.671092e+01,8.671092e+01,8.671092e+01,8.671092e+01,8.632400e+01,8.644678e+01,8.663550e+01,8.670149e+01,8.670149e+01,8.631455e+01,8.643734e+01,8.657890e+01,8.658833e+01,8.621058e+01,8.630510e+01,8.639957e+01,8.643734e+01,8.611600e+01,8.623894e+01,8.631455e+01,8.631455e+01,8.631455e+01,8.631455e+01,8.631455e+01,8.631455e+01,8.631455e+01,8.631455e+01,8.631455e+01,8.631455e+01,8.631455e+01,8.631455e+01,8.631455e+01,8.631455e+01,8.631455e+01,8.631455e+01,8.631455e+01,8.631455e+01,8.631455e+01,8.631455e+01,8.631455e+01,8.631455e+01,8.631455e+01,8.617275e+01,8.626730e+01,8.626730e+01,8.626730e+01,8.626730e+01,8.626730e+01,8.626730e+01,8.626730e+01,8.626730e+01,8.626730e+01,8.626730e+01,8.626730e+01,8.626730e+01,8.626730e+01,8.626730e+01,8.626730e+01,8.626730e+01,8.638068e+01,8.651286e+01,8.652229e+01,8.652229e+01,8.652229e+01,8.652229e+01,8.652229e+01,8.652229e+01,8.652229e+01,8.652229e+01,8.652229e+01,8.652229e+01,8.652229e+01,8.661663e+01,8.650342e+01,8.659777e+01,8.669206e+01,8.678631e+01,8.678631e+01,8.678631e+01,8.678631e+01,8.678631e+01,8.678631e+01,8.678631e+01,8.678631e+01,8.678631e+01,8.678631e+01,8.678631e+01,8.678631e+01,8.678631e+01,8.678631e+01,8.662606e+01,8.666378e+01,8.648454e+01,8.644678e+01,8.621058e+01,8.599297e+01,8.557584e+01,8.574661e+01,8.558533e+01,8.548090e+01,8.509100e+01,8.501482e+01,8.482419e+01,8.443269e+01,8.407857e+01,8.411689e+01,8.355070e+01,8.356992e+01,8.331980e+01,8.318496e+01,8.255737e+01,8.259607e+01,8.204379e+01,8.228626e+01,8.181068e+01,8.173289e+01,8.125562e+01,8.077687e+01,8.081601e+01,8.049284e+01,7.984447e+01,7.968687e+01,7.904498e+01,7.900539e+01,7.843020e+01,7.825125e+01,7.790269e+01,7.765323e+01,7.681200e+01,7.673164e+01,7.606701e+01,7.588524e+01,7.552103e+01,7.474919e+01,7.456580e+01,7.392213e+01,7.351199e+01,7.311099e+01,7.253328e+01,7.213995e+01,7.122498e+01,7.089082e+01,7.020966e+01,6.999941e+01,6.953579e+01,6.864648e+01,6.833816e+01,6.787975e+01,6.736626e+01,6.651702e+01,6.629041e+01,6.535847e+01,6.489013e+01,6.458430e+01,6.373976e+01,6.345340e+01,6.303379e+01,6.223516e+01,6.183406e+01,6.087100e+01,6.062352e+01,5.995752e+01,5.956086e+01,5.904910e+01,5.852389e+01,5.784716e+01,5.723624e+01,5.665725e+01,5.581889e+01,5.517477e+01,5.419653e+01,5.398338e+01,5.335367e+01,5.267290e+01,5.210876e+01,5.108195e+01,5.071750e+01,5.022988e+01,4.970352e+01,4.885411e+01,4.842097e+01,4.759994e+01,4.740005e+01,4.709959e+01,4.629466e+01,4.629466e+01,4.595344e+01,4.568736e+01,4.531893e+01,4.520436e+01,4.466819e+01,4.455298e+01,4.402669e+01,4.400096e+01,4.361427e+01,4.344630e+01,4.321333e+01,4.288898e+01,4.230285e+01,4.223754e+01,4.170059e+01,4.183178e+01,4.183178e+01,4.183178e+01,4.138510e+01,4.138510e+01,4.084412e+01,4.097630e+01,4.097630e+01,4.097630e+01,4.087056e+01,4.097630e+01,4.067204e+01,4.125339e+01,4.105554e+01,4.105554e+01,4.105554e+01,4.105554e+01,4.105554e+01,4.105554e+01,4.105554e+01,4.105554e+01,4.105554e+01,4.105554e+01,4.105554e+01,4.105554e+01,4.105554e+01,4.105554e+01,4.105554e+01,4.137194e+01,4.137194e+01,4.137194e+01,4.137194e+01,4.137194e+01,4.137194e+01,4.137194e+01,4.089701e+01,4.089701e+01,4.089701e+01,4.089701e+01,4.089701e+01,4.089701e+01,4.035369e+01,4.035369e+01,4.035369e+01,4.035369e+01,4.035369e+01,4.035369e+01,4.035369e+01,4.089701e+01,4.093666e+01,4.093666e+01,4.093666e+01,4.093666e+01,4.093666e+01,4.093666e+01,4.145090e+01,4.145090e+01,4.145090e+01,4.145090e+01,4.145090e+01,4.198902e+01,4.198902e+01,4.198902e+01,4.198902e+01,4.198902e+01,4.198902e+01,4.198902e+01,4.236813e+01,4.236813e+01,4.236813e+01,4.236813e+01,4.236813e+01,4.236813e+01,4.236813e+01,4.236813e+01,4.236813e+01,4.183178e+01,4.183178e+01,4.183178e+01,4.183178e+01,4.183178e+01,4.183178e+01,4.183178e+01,4.183178e+01,4.183178e+01,4.183178e+01,4.183178e+01,4.183178e+01,4.183178e+01,4.183178e+01,4.183178e+01,4.183178e+01,4.183178e+01,4.139826e+01,4.139826e+01,4.139826e+01,4.139826e+01,4.139826e+01,4.139826e+01,4.139826e+01,4.139826e+01,4.139826e+01,4.139826e+01,4.139826e+01,4.139826e+01,4.139826e+01,4.139826e+01,4.139826e+01,4.139826e+01,4.139826e+01,4.139826e+01,4.139826e+01,4.139826e+01,4.139826e+01,4.139826e+01,4.193663e+01,4.188422e+01,4.188422e+01,4.188422e+01,4.188422e+01,4.231591e+01,4.231591e+01,4.231591e+01,4.285000e+01,4.285000e+01,4.285000e+01,4.285000e+01,4.285000e+01,4.338164e+01,4.338164e+01,4.338164e+01,4.338164e+01,4.338164e+01,4.285000e+01,4.285000e+01,4.285000e+01,4.285000e+01,4.285000e+01,4.285000e+01,4.285000e+01,4.285000e+01,4.285000e+01,4.285000e+01,4.285000e+01,4.285000e+01,4.285000e+01,4.285000e+01,4.285000e+01,4.256372e+01,4.256372e+01,4.256372e+01,4.256372e+01,4.256372e+01,4.256372e+01,4.256372e+01,4.256372e+01,4.256372e+01,4.209373e+01,4.209373e+01,4.209373e+01,4.209373e+01,4.209373e+01,4.209373e+01,4.209373e+01,4.209373e+01,4.209373e+01,4.209373e+01,4.209373e+01,4.209373e+01,4.160866e+01,4.160866e+01,4.160866e+01,4.160866e+01,4.160866e+01,4.160866e+01,4.160866e+01,4.160866e+01,4.106874e+01,4.106874e+01,4.106874e+01,4.106874e+01,4.106874e+01,4.106874e+01
3.579882e+01,3.579882e+01,3.579882e+01,3.579882e+01,3.629592e+01,3.629592e+01,3.629592e+01,3.629592e+01,3.629592e+01,3.685933e+01,3.680449e+01,3.680449e+01,3.680449e+01,3.680449e+01,3.739258e+01,3.739258e+01,3.739258e+01,3.739258e+01,3.739258e+01,3.795042e+01,3.795042e+01,3.795042e+01,3.795042e+01,3.795042e+01,3.795042e+01,3.795042e+01,3.795042e+01,3.795042e+01,3.845144e+01,3.845144e+01,3.845144e+01,3.845144e+01,3.900400e+01,3.916521e+01,3.916521e+01,3.916521e+01,3.971427e+01,3.979440e+01,3.978105e+01,3.978105e+01,3.978105e+01,3.978105e+01,3.987447e+01,4.000779e+01,4.056602e+01,4.056602e+01,4.056602e+01,4.056602e+01,4.056602e+01,4.056602e+01,4.056602e+01,4.056602e+01,4.056602e+01,4.056602e+01,4.092345e+01,4.092345e+01,4.092345e+01,4.092345e+01,4.092345e+01,4.092345e+01,4.092345e+01,4.092345e+01,4.092345e+01,4.092345e+01,4.092345e+01,4.092345e+01,4.092345e+01,4.092345e+01,4.092345e+01,4.092345e+01,4.092345e+01,4.092345e+01,4.092345e+01,4.092345e+01,4.092345e+01,4.092345e+01,4.146405e+01,4.146405e+01,4.200212e+01,4.198902e+01,4.198902e+01,4.198902e+01,4.252463e+01,4.239423e+01,4.249856e+01,4.256372e+01,4.256372e+01,4.256372e+01,4.256372e+01,4.312261e+01,4.301883e+01,4.340751e+01,4.385932e+01,4.420667e+01,4.478329e+01,4.494934e+01,4.536982e+01,4.572541e+01,4.623154e+01,4.645860e+01,4.701182e+01,4.699928e+01,4.761242e+01,4.797383e+01,4.830934e+01,4.896524e+01,4.945792e+01,4.988739e+01,5.043736e+01,5.097273e+01,5.137273e+01,5.191612e+01,5.245715e+01,5.311523e+01,5.350842e+01,5.403078e+01,5.475140e+01,5.549139e+01,5.600567e+01,5.620382e+01,5.687757e+01,5.725935e+01,5.780116e+01,5.835218e+01,5.894650e+01,5.951545e+01,5.993489e+01,6.065729e+01,6.127499e+01,6.200133e+01,6.212386e+01,6.264616e+01,6.337620e+01,6.420107e+01,6.464989e+01,6.514083e+01,6.566257e+01,6.644153e+01,6.679709e+01,6.753763e+01,6.796514e+01,6.864648e+01,6.930341e+01,6.977833e+01,7.036713e+01,7.082807e+01,7.140218e+01,7.161038e+01,7.226427e+01,7.278115e+01,7.355305e+01,7.391189e+01,7.434135e+01,7.465752e+01,7.527772e+01,7.596606e+01,7.654061e+01,7.688229e+01,7.731329e+01,7.794257e+01,7.830098e+01,7.865855e+01,7.877756e+01,7.914391e+01,7.959815e+01,7.978539e+01,8.004123e+01,8.023775e+01,8.049284e+01,8.060064e+01,8.110922e+01,8.150905e+01,8.168426e+01,8.219901e+01,8.271209e+01,8.291492e+01,8.297282e+01,8.340643e+01,8.336794e+01,8.363720e+01,8.410731e+01,8.447093e+01,8.442313e+01,8.468107e+01,8.497671e+01,8.507196e+01,8.513860e+01,8.516715e+01,8.534786e+01,8.542390e+01,8.551888e+01,8.586983e+01,8.578454e+01,8.587931e+01,8.597403e+01,8.616330e+01,8.598350e+01,8.620113e+01,8.632400e+01,8.641846e+01,8.651286e+01,8.653173e+01,8.655060e+01,8.656947e+01,8.672034e+01,8.652229e+01,8.673920e+01,8.683340e+01,8.648454e+01,8.667321e+01,8.678631e+01,8.689932e+01,8.701227e+01,8.666378e+01,8.677689e+01,8.688991e+01,8.698404e+01,8.669206e+01,8.677689e+01,8.686166e+01,8.694640e+01,8.664493e+01,8.672034e+01,8.679573e+01,8.687108e+01,8.694640e+01,8.702168e+01,8.703108e+01,8.665435e+01,8.669206e+01,8.672034e+01,8.681457e+01,8.690874e+01,8.700285e+01,8.702168e+01,8.665435e+01,8.671092e+01,8.673920e+01,8.673920e+01,8.673920e+01,8.673920e+01,8.673920e+01,8.673920e+01,8.673920e+01,8.665435e+01,8.672977e+01,8.641846e+01,8.649398e+01,8.656947e+01,8.660720e+01,8.663550e+01,8.624839e+01,8.642789e+01,8.645622e+01,8.645622e+01,8.645622e+01,8.645622e+01,8.645622e+01,8.645622e+01,8.645622e+01,8.606869e+01,8.618221e+01,8.636179e+01,8.641846e+01,8.634290e+01,8.634290e+01,8.595509e+01,8.617275e+01,8.622003e+01,8.585088e+01,8.602137e+01,8.610654e+01,8.606869e+01,8.608762e+01,8.608762e+01,8.608762e+01,8.608762e+01,8.608762e+01,8.608762e+01,8.608762e+01,8.608762e+01,8.608762e+01,8.608762e+01,8.608762e+01,8.608762e+01,8.608762e+01,8.608762e+01,8.608762e+01,8.592668e+01,8.561381e+01,8.568023e+01,8.574661e+01,8.581298e+01,8.587931e+01,8.594562e+01,8.601190e+01,8.600243e+01,8.568023e+01,8.573713e+01,8.588879e+01,8.594562e+01,8.561381e+01,8.566125e+01,8.609708e+01,8.609708e+01,8.570868e+01,8.576558e+01,8.582246e+01,8.587931e+01,8.593615e+01,8.599297e+01,8.598350e+01,8.597403e+01,8.596456e+01,8.595509e+01,8.612546e+01,8.624839e+01,8.586036e+01,8.630510e+01,8.589826e+01,8.635234e+01,8.635234e+01,8.596456e+01,8.604030e+01,8.611600e+01,8.619167e+01,8.626730e+01,8.624839e+01,8.632400e+01,8.630510e+01,8.638068e+01,8.645622e+01,8.653173e+01,8.651286e+01,8.649398e+01,8.647511e+01,8.655060e+01,8.653173e+01,8.651286e+01,8.649398e+01,8.647511e+01,8.655060e+01,8.653173e+01,8.651286e+01,8.649398e+01,8.608762e+01,8.616330e+01,8.627675e+01,8.596456e+01,8.602137e+01,8.596456e+01,8.541439e+01,8.543340e+01,8.543340e+01,8.504339e+01,8.508148e+01,8.470971e+01,8.438489e+01,8.442313e+01,8.385803e+01,8.386763e+01,8.343529e+01,8.344491e+01,8.291492e+01,8.299212e+01,8.263475e+01,8.256705e+01,8.234440e+01,8.217962e+01,8.173289e+01,8.134339e+01,8.137263e+01,8.107016e+01,8.054185e+01,8.049284e+01,7.990352e+01,7.944031e+01,7.946992e+01,7.909445e+01,7.879739e+01,7.807209e+01,7.810197e+01,7.757331e+01,7.700269e+01,7.680196e+01,7.647017e+01,7.610738e+01,7.524728e+01,7.504418e+01,7.473901e+01,7.387093e+01,7.366592e+01,7.335789e+01,7.270890e+01,7.232639e+01,7.172477e+01,7.118324e+01,7.073391e+01,6.994680e+01,6.985206e+01,6.910242e+01,6.860400e+01,6.817841e+01,6.744126e+01,6.715175e+01,6.659248e+01,6.576019e+01,6.514083e+01,6.496648e+01,6.448586e+01,6.381675e+01,6.335414e+01,6.256849e+01,6.201247e+01,6.135340e+01,6.082603e+01,6.044324e+01,5.992357e+01,5.952680e+01,5.854677e+01,5.782416e+01,5.758240e+01,5.706281e+01,5.661081e+01,5.577216e+01,5.512780e+01,5.437388e+01,5.382922e+01,5.330602e+01,5.262498e+01,5.206063e+01,5.116683e+01,5.060796e+01,5.018102e+01,4.915023e+01,4.859442e+01,4.823487e+01,4.778703e+01,4.737504e+01,4.689887e+01,4.648381e+01,4.626942e+01,4.586481e+01,4.559853e+01,4.544611e+01,4.497487e+01,4.485996e+01,4.438637e+01,4.421951e+01,4.397522e+01,4.374331e+01,4.374331e+01,4.321333e+01,4.268092e+01,4.249856e+01,4.206756e+01,4.189733e+01,4.189733e+01,4.189733e+01,4.189733e+01,4.138510e+01,4.155610e+01,4.121385e+01,4.125339e+01,4.129292e+01,4.133244e+01,4.126657e+01,4.113472e+01,4.105554e+01,4.120066e+01,4.120066e+01,4.120066e+01,4.120066e+01,4.120066e+01,4.120066e+01,4.120066e+01,4.120066e+01,4.120066e+01,4.120066e+01,4.120066e+01,4.120066e+01,4.120066e+01,4.120066e+01,4.120066e+01,4.120066e+01,4.120066e+01,4.120066e+01,4.120066e+01,4.120066e+01,4.120066e+01,4.120066e+01,4.120066e+01,4.120066e+01,4.120066e+01,4.089701e+01,4.089701e+01,4.089701e+01,4.089701e+01,4.089701e+01,4.089701e+01,4.035369e+01,4.035369e+01,4.035369e+01,4.035369e+01,4.089701e+01,4.036697e+01,4.048645e+01,4.110833e+01,4.110833e+01,4.110833e+01,4.110833e+01,4.110833e+01,4.110833e+01,4.110833e+01,4.110833e+01,4.145090e+01,4.180556e+01,4.193663e+01,4.193663e+01,4.193663e+01,4.193663e+01,4.193663e+01,4.247248e+01,4.239423e+01,4.238118e+01,4.238118e+01,4.238118e+01,4.238118e+01,4.238118e+01,4.238118e+01,4.238118e+01,4.238118e+01,4.238118e+01,4.238118e+01,4.183178e+01,4.183178e+01,4.183178e+01,4.183178e+01,4.183178e+01,4.183178e+01,4.183178e+01,4.183178e+01,4.183178e+01,4.183178e+01,4.183178e+01,4.183178e+01,4.183178e+01,4.183178e+01,4.183178e+01,4.129292e+01,4.183178e+01,4.120066e+01,4.120066e+01,4.120066e+01,4.120066e+01,4.173996e+01,4.124021e+01,4.124021e+01,4.124021e+01,4.124021e+01,4.124021e+01,4.124021e+01,4.124021e+01,4.124021e+01,4.124021e+01,4.124021e+01,4.124021e+01,4.124021e+01,4.124021e+01,4.124021e+01,4.177932e+01,4.135877e+01,4.170059e+01,4.170059e+01,4.223754e+01,4.226367e+01,4.183178e+01,4.260281e+01,4.262885e+01,4.271996e+01,4.226367e+01,4.290198e+01,4.290198e+01,4.290198e+01,4.290198e+01,4.338164e+01,4.338164e+01,4.338164e+01,4.338164e+01,4.338164e+01,4.338164e+01,4.338164e+01,4.338164e+01,4.285000e+01,4.285000e+01,4.285000e+01,4.285000e+01,4.285000e+01,4.285000e+01,4.285000e+01,4.285000e+01,4.285000e+01,4.285000e+01,4.285000e+01,4.285000e+01,4.285000e+01,4.285000e+01,4.256372e+01,4.256372e+01,4.256372e+01,4.256372e+01,4.256372e+01,4.256372e+01,4.256372e+01,4.256372e+01,4.209373e+01,4.209373e+01,4.209373e+01,4.209373e+01,4.209373e+01,4.209373e+01,4.209373e+01,4.209373e+01,4.209373e+01,4.209373e+01,4.209373e+01,4.209373e+01,4.160866e+01,4.160866e+01,4.160866e+01,4.160866e+01,4.160866e+01,4.160866e+01,4.160866e+01,4.106874e+01,4.106874e+01,4.106874e+01,4.106874e+01,4.106874e+01,4.106874e+01
3.579882e+01,3.579882e+01,3.579882e+01,3.579882e+01,3.629592e+01,3.629592e+01,3.629592e+01,3.629592e+01,3.629592e+01,3.629592e+01,3.680449e+01,3.680449e+01,3.680449e+01,3.736530e+01,3.737894e+01,3.737894e+01,3.737894e+01,3.737894e+01,3.737894e+01,3.739258e+01,3.750165e+01,3.816735e+01,3.761061e+01,3.814026e+01,3.814026e+01,3.814026e+01,3.814026e+01,3.814026e+01,3.814026e+01,3.814026e+01,3.845144e+01,3.881563e+01,3.893676e+01,3.893676e+01,3.893676e+01,3.948694e+01,3.964746e+01,3.964746e+01,3.964746e+01,3.964746e+01,4.019417e+01,4.020747e+01,4.022078e+01,4.031383e+01,4.049971e+01,4.049971e+01,4.049971e+01,4.049971e+01,4.049971e+01,4.049971e+01,4.104234e+01,4.092345e+01,4.093666e+01,4.096309e+01,4.094987e+01,4.094987e+01,4.094987e+01,4.094987e+01,4.094987e+01,4.094987e+01,4.094987e+01,4.094987e+01,4.094987e+01,4.094987e+01,4.094987e+01,4.094987e+01,4.094987e+01,4.094987e+01,4.094987e+01,4.094987e+01,4.094987e+01,4.094987e+01,4.094987e+01,4.094987e+01,4.094987e+01,4.094987e+01,4.146405e+01,4.127974e+01,4.163493e+01,4.215912e+01,4.215912e+01,4.215912e+01,4.215912e+01,4.215912e+01,4.249856e+01,4.249856e+01,4.249856e+01,4.249856e+01,4.249856e+01,4.312261e+01,4.323924e+01,4.361427e+01,4.376910e+01,4.432222e+01,4.460420e+01,4.510242e+01,4.528075e+01,4.583948e+01,4.605464e+01,4.660974e+01,4.683607e+01,4.716225e+01,4.752502e+01,4.797383e+01,4.850772e+01,4.852011e+01,4.928571e+01,4.976484e+01,5.036417e+01,5.094844e+01,5.139693e+01,5.146951e+01,5.227707e+01,5.298389e+01,5.342512e+01,5.399523e+01,5.476318e+01,5.553822e+01,5.584226e+01,5.634350e+01,5.692390e+01,5.730555e+01,5.784716e+01,5.839799e+01,5.899211e+01,5.956086e+01,5.998016e+01,6.024013e+01,6.110681e+01,6.167775e+01,6.209045e+01,6.264616e+01,6.340929e+01,6.378376e+01,6.447492e+01,6.498829e+01,6.553233e+01,6.633360e+01,6.671098e+01,6.747339e+01,6.792245e+01,6.862524e+01,6.886933e+01,6.957800e+01,7.017814e+01,7.065015e+01,7.107887e+01,7.155836e+01,7.222285e+01,7.275019e+01,7.311099e+01,7.369669e+01,7.415745e+01,7.463715e+01,7.525742e+01,7.594585e+01,7.610738e+01,7.667134e+01,7.721317e+01,7.743336e+01,7.801232e+01,7.833081e+01,7.882712e+01,7.913402e+01,7.945018e+01,7.940083e+01,7.974599e+01,8.004123e+01,8.019846e+01,8.056145e+01,8.065941e+01,8.112875e+01,8.167453e+01,8.177179e+01,8.242188e+01,8.262508e+01,8.293423e+01,8.323313e+01,8.338718e+01,8.379086e+01,8.368523e+01,8.411689e+01,8.437532e+01,8.430836e+01,8.469062e+01,8.477650e+01,8.483372e+01,8.485280e+01,8.511956e+01,8.518619e+01,8.552837e+01,8.534786e+01,8.582246e+01,8.582246e+01,8.582246e+01,8.577506e+01,8.564227e+01,8.594562e+01,8.605923e+01,8.614438e+01,8.622948e+01,8.623894e+01,8.624839e+01,8.625784e+01,8.607816e+01,8.615384e+01,8.645622e+01,8.648454e+01,8.649398e+01,8.649398e+01,8.649398e+01,8.649398e+01,8.649398e+01,8.649398e+01,8.649398e+01,8.649398e+01,8.649398e+01,8.649398e+01,8.649398e+01,8.649398e+01,8.649398e+01,8.649398e+01,8.649398e+01,8.649398e+01,8.649398e+01,8.649398e+01,8.649398e+01,8.649398e+01,8.649398e+01,8.649398e+01,8.649398e+01,8.649398e+01,8.649398e+01,8.649398e+01,8.649398e+01,8.610654e+01,8.625784e+01,8.638068e+01,8.647511e+01,8.646566e+01,8.645622e+01,8.644678e+01,8.643734e+01,8.642789e+01,8.613492e+01,8.623894e+01,8.624839e+01,8.624839e+01,8.624839e+01,8.624839e+01,8.624839e+01,8.624839e+01,8.624839e+01,8.624839e+01,8.624839e+01,8.624839e+01,8.624839e+01,8.606869e+01,8.615384e+01,8.608762e+01,8.607816e+01,8.607816e+01,8.597403e+01,8.611600e+01,8.610654e+01,8.604030e+01,8.608762e+01,8.568971e+01,8.576558e+01,8.577506e+01,8.577506e+01,8.577506e+01,8.577506e+01,8.577506e+01,8.577506e+01,8.577506e+01,8.577506e+01,8.577506e+01,8.577506e+01,8.577506e+01,8.577506e+01,8.577506e+01,8.577506e+01,8.577506e+01,8.577506e+01,8.577506e+01,8.577506e+01,8.577506e+01,8.538589e+01,8.539539e+01,8.545239e+01,8.550938e+01,8.556635e+01,8.562330e+01,8.568023e+01,8.573713e+01,8.567074e+01,8.568023e+01,8.568023e+01,8.549989e+01,8.558533e+01,8.559483e+01,8.549989e+01,8.540489e+01,8.543340e+01,8.544289e+01,8.549039e+01,8.553787e+01,8.558533e+01,8.563279e+01,8.568023e+01,8.576558e+01,8.575610e+01,8.574661e+01,8.573713e+01,8.589826e+01,8.595509e+01,8.601190e+01,8.600243e+01,8.566125e+01,8.568971e+01,8.571816e+01,8.572765e+01,8.579402e+01,8.586036e+01,8.592668e+01,8.599297e+01,8.598350e+01,8.604976e+01,8.604030e+01,8.610654e+01,8.617275e+01,8.623894e+01,8.622948e+01,8.622003e+01,8.621058e+01,8.627675e+01,8.626730e+01,8.625784e+01,8.586036e+01,8.594562e+01,8.610654e+01,8.619167e+01,8.588879e+01,8.591721e+01,8.592668e+01,8.592668e+01,8.592668e+01,8.553787e+01,8.567074e+01,8.530984e+01,8.531934e+01,8.492906e+01,8.494812e+01,8.456648e+01,8.462379e+01,8.442313e+01,8.404024e+01,8.370444e+01,8.370444e+01,8.347377e+01,8.343529e+01,8.280871e+01,8.241219e+01,8.249932e+01,8.209232e+01,8.214082e+01,8.182040e+01,8.143111e+01,8.162588e+01,8.109946e+01,8.110922e+01,8.089426e+01,8.068878e+01,7.998222e+01,7.970658e+01,7.958829e+01,7.932182e+01,7.875773e+01,7.859901e+01,7.781293e+01,7.777302e+01,7.737334e+01,7.673164e+01,7.666129e+01,7.608720e+01,7.588524e+01,7.528786e+01,7.492219e+01,7.457599e+01,7.400402e+01,7.363515e+01,7.319334e+01,7.273987e+01,7.196365e+01,7.151673e+01,7.120411e+01,7.034615e+01,6.992576e+01,6.956745e+01,6.894353e+01,6.861462e+01,6.819972e+01,6.752692e+01,6.706586e+01,6.660326e+01,6.578187e+01,6.530409e+01,6.483557e+01,6.404747e+01,6.359665e+01,6.335414e+01,6.256849e+01,6.201247e+01,6.135340e+01,6.082603e+01,6.044324e+01,5.945866e+01,5.923128e+01,5.837508e+01,5.789315e+01,5.746711e+01,5.657598e+01,5.634350e+01,5.559675e+01,5.510431e+01,5.435025e+01,5.380548e+01,5.328218e+01,5.260102e+01,5.203656e+01,5.114259e+01,5.058360e+01,4.965444e+01,4.940875e+01,4.881705e+01,4.825970e+01,4.777457e+01,4.733752e+01,4.686120e+01,4.664749e+01,4.623154e+01,4.577612e+01,4.572541e+01,4.522983e+01,4.461700e+01,4.452737e+01,4.443766e+01,4.443766e+01,4.397522e+01,4.397522e+01,4.344630e+01,4.301883e+01,4.285000e+01,4.231591e+01,4.223754e+01,4.223754e+01,4.189733e+01,4.135877e+01,4.135877e+01,4.133244e+01,4.129292e+01,4.080443e+01,4.081766e+01,4.096309e+01,4.097630e+01,4.094987e+01,4.092345e+01,4.092345e+01,4.092345e+01,4.092345e+01,4.092345e+01,4.092345e+01,4.092345e+01,4.092345e+01,4.092345e+01,4.092345e+01,4.092345e+01,4.092345e+01,4.092345e+01,4.120066e+01,4.120066e+01,4.120066e+01,4.120066e+01,4.120066e+01,4.120066e+01,4.120066e+01,4.120066e+01,4.120066e+01,4.120066e+01,4.120066e+01,4.120066e+01,4.120066e+01,4.120066e+01,4.089701e+01,4.089701e+01,4.089701e+01,4.089701e+01,4.089701e+01,4.035369e+01,4.032712e+01,4.032712e+01,4.032712e+01,4.032712e+01,4.035369e+01,4.032712e+01,4.026067e+01,4.071178e+01,4.122703e+01,4.122703e+01,4.122703e+01,4.122703e+01,4.122703e+01,4.122703e+01,4.122703e+01,4.122703e+01,4.180556e+01,4.180556e+01,4.180556e+01,4.180556e+01,4.234202e+01,4.243336e+01,4.196283e+01,4.206756e+01,4.258978e+01,4.205447e+01,4.205447e+01,4.205447e+01,4.205447e+01,4.205447e+01,4.205447e+01,4.205447e+01,4.205447e+01,4.196283e+01,4.188422e+01,4.188422e+01,4.188422e+01,4.188422e+01,4.188422e+01,4.188422e+01,4.188422e+01,4.188422e+01,4.188422e+01,4.188422e+01,4.188422e+01,4.188422e+01,4.188422e+01,4.188422e+01,4.188422e+01,4.183178e+01,4.170059e+01,4.137194e+01,4.137194e+01,4.191043e+01,4.137194e+01,4.185801e+01,4.152981e+01,4.152981e+01,4.152981e+01,4.152981e+01,4.152981e+01,4.152981e+01,4.152981e+01,4.152981e+01,4.152981e+01,4.152981e+01,4.152981e+01,4.152981e+01,4.152981e+01,4.162180e+01,4.159552e+01,4.152981e+01,4.156924e+01,4.191043e+01,4.206756e+01,4.228979e+01,4.227673e+01,4.261583e+01,4.261583e+01,4.261583e+01,4.261583e+01,4.261583e+01,4.290198e+01,4.290198e+01,4.290198e+01,4.338164e+01,4.338164e+01,4.338164e+01,4.338164e+01,4.338164e+01,4.338164e+01,4.338164e+01,4.338164e+01,4.338164e+01,4.285000e+01,4.285000e+01,4.285000e+01,4.285000e+01,4.285000e+01,4.285000e+01,4.285000e+01,4.285000e+01,4.285000e+01,4.285000e+01,4.285000e+01,4.285000e+01,4.285000e+01,4.256372e+01,4.256372e+01,4.256372e+01,4.256372e+01,4.256372e+01,4.256372e+01,4.256372e+01,4.256372e+01,4.256372e+01,4.256372e+01,4.209373e+01,4.209373e+01,4.209373e+01,4.209373e+01,4.209373e+01,4.209373e+01,4.209373e+01,4.209373e+01,4.209373e+01,4.209373e+01,4.209373e+01,4.160866e+01,4.160866e+01,4.160866e+01,4.160866e+01,4.160866e+01,4.160866e+01,4.106874e+01,4.106874e+01,4.106874e+01,4.106874e+01,4.106874e+01,4.106874e+01
3.579882e+01,3.579882e+01,3.579882e+01,3.579882e+01,3.629592e+01,3.629592e+01,3.629592e+01,3.629592e+01,3.629592e+01,3.685933e+01,3.687303e+01,3.687303e+01,3.687303e+01,3.687303e+01,3.687303e+01,3.737894e+01,3.737894e+01,3.737894e+01,3.737894e+01,3.793685e+01,3.792327e+01,3.795042e+01,3.804538e+01,3.808606e+01,3.808606e+01,3.808606e+01,3.808606e+01,3.808606e+01,3.808606e+01,3.864043e+01,3.872132e+01,3.868088e+01,3.868088e+01,3.923232e+01,3.932619e+01,3.943338e+01,3.943338e+01,3.943338e+01,3.943338e+01,3.998114e+01,4.014095e+01,4.014095e+01,4.014095e+01,4.014095e+01,4.014095e+01,4.049971e+01,4.049971e+01,4.049971e+01,4.049971e+01,4.049971e+01,4.049971e+01,4.049971e+01,4.093666e+01,4.093666e+01,4.093666e+01,4.093666e+01,4.093666e+01,4.093666e+01,4.093666e+01,4.093666e+01,4.093666e+01,4.093666e+01,4.093666e+01,4.093666e+01,4.093666e+01,4.093666e+01,4.093666e+01,4.093666e+01,4.093666e+01,4.093666e+01,4.093666e+01,4.093666e+01,4.093666e+01,4.093666e+01,4.093666e+01,4.093666e+01,4.146405e+01,4.149036e+01,4.184489e+01,4.198902e+01,4.198902e+01,4.252463e+01,4.252463e+01,4.255069e+01,4.253766e+01,4.253766e+01,4.253766e+01,4.253766e+01,4.253766e+01,4.312261e+01,4.291497e+01,4.329104e+01,4.378199e+01,4.424520e+01,4.473215e+01,4.493658e+01,4.544611e+01,4.567467e+01,4.570004e+01,4.619366e+01,4.676068e+01,4.717478e+01,4.772470e+01,4.801115e+01,4.834657e+01,4.866867e+01,4.881705e+01,4.956850e+01,5.019323e+01,5.080264e+01,5.109408e+01,5.148160e+01,5.230109e+01,5.251711e+01,5.322258e+01,5.381735e+01,5.460996e+01,5.483384e+01,5.550310e+01,5.613392e+01,5.673846e+01,5.714378e+01,5.770909e+01,5.828342e+01,5.890088e+01,5.949274e+01,5.984431e+01,6.028529e+01,6.112924e+01,6.124137e+01,6.190099e+01,6.246858e+01,6.324376e+01,6.362969e+01,6.433258e+01,6.485740e+01,6.541282e+01,6.622559e+01,6.661404e+01,6.738769e+01,6.784771e+01,6.848709e+01,6.890114e+01,6.915534e+01,6.998889e+01,7.046153e+01,7.089082e+01,7.137093e+01,7.203626e+01,7.256429e+01,7.292554e+01,7.351199e+01,7.397332e+01,7.487132e+01,7.499336e+01,7.563241e+01,7.605692e+01,7.663113e+01,7.711298e+01,7.749335e+01,7.795253e+01,7.802229e+01,7.854939e+01,7.890638e+01,7.922301e+01,7.947978e+01,7.928230e+01,7.966716e+01,7.979523e+01,8.022793e+01,8.068878e+01,8.073773e+01,8.135314e+01,8.141162e+01,8.180096e+01,8.216022e+01,8.222810e+01,8.261541e+01,8.312713e+01,8.348338e+01,8.373325e+01,8.365641e+01,8.400189e+01,8.435619e+01,8.456648e+01,8.456648e+01,8.456648e+01,8.456648e+01,8.472879e+01,8.514812e+01,8.497671e+01,8.493859e+01,8.509100e+01,8.516715e+01,8.524327e+01,8.531934e+01,8.557584e+01,8.539539e+01,8.558533e+01,8.574661e+01,8.551888e+01,8.599297e+01,8.561381e+01,8.569920e+01,8.577506e+01,8.594562e+01,8.586036e+01,8.596456e+01,8.604976e+01,8.612546e+01,8.620113e+01,8.619167e+01,8.618221e+01,8.625784e+01,8.624839e+01,8.623894e+01,8.622948e+01,8.622003e+01,8.621058e+01,8.620113e+01,8.619167e+01,8.618221e+01,8.625784e+01,8.624839e+01,8.623894e+01,8.622948e+01,8.622003e+01,8.621058e+01,8.620113e+01,8.619167e+01,8.618221e+01,8.586983e+01,8.593615e+01,8.600243e+01,8.601190e+01,8.600243e+01,8.600243e+01,8.600243e+01,8.600243e+01,8.600243e+01,8.600243e+01,8.600243e+01,8.600243e+01,8.600243e+01,8.600243e+01,8.600243e+01,8.600243e+01,8.600243e+01,8.600243e+01,8.600243e+01,8.600243e+01,8.600243e+01,8.600243e+01,8.600243e+01,8.600243e+01,8.586036e+01,8.592668e+01,8.560432e+01,8.574661e+01,8.580350e+01,8.540489e+01,8.546190e+01,8.551888e+01,8.571816e+01,8.577506e+01,8.583193e+01,8.542390e+01,8.541439e+01,8.548090e+01,8.548090e+01,8.547140e+01,8.546190e+01,8.551888e+01,8.550938e+01,8.549989e+01,8.549039e+01,8.548090e+01,8.547140e+01,8.546190e+01,8.512908e+01,8.517667e+01,8.522424e+01,8.527180e+01,8.531934e+01,8.536687e+01,8.541439e+01,8.546190e+01,8.508148e+01,8.507196e+01,8.512908e+01,8.517667e+01,8.522424e+01,8.527180e+01,8.531934e+01,8.497671e+01,8.508148e+01,8.512908e+01,8.518619e+01,8.523376e+01,8.528131e+01,8.534786e+01,8.533836e+01,8.531934e+01,8.531934e+01,8.531934e+01,8.531934e+01,8.492906e+01,8.541439e+01,8.502434e+01,8.551888e+01,8.512908e+01,8.528131e+01,8.534786e+01,8.541439e+01,8.509100e+01,8.530984e+01,8.542390e+01,8.514812e+01,8.553787e+01,8.552837e+01,8.552837e+01,8.552837e+01,8.552837e+01,8.552837e+01,8.552837e+01,8.552837e+01,8.552837e+01,8.552837e+01,8.552837e+01,8.552837e+01,8.552837e+01,8.552837e+01,8.585088e+01,8.589826e+01,8.555686e+01,8.559483e+01,8.569920e+01,8.573713e+01,8.574661e+01,8.573713e+01,8.573713e+01,8.573713e+01,8.573713e+01,8.573713e+01,8.573713e+01,8.534786e+01,8.538589e+01,8.539539e+01,8.538589e+01,8.489094e+01,8.488140e+01,8.490047e+01,8.489094e+01,8.466198e+01,8.421265e+01,8.392519e+01,8.377165e+01,8.358915e+01,8.357954e+01,8.304035e+01,8.310785e+01,8.272176e+01,8.253802e+01,8.244124e+01,8.224749e+01,8.172317e+01,8.177179e+01,8.158694e+01,8.145060e+01,8.137263e+01,8.111898e+01,8.096268e+01,8.082579e+01,8.013952e+01,7.994288e+01,7.981493e+01,7.913402e+01,7.897569e+01,7.834075e+01,7.834075e+01,7.783288e+01,7.753334e+01,7.723320e+01,7.646011e+01,7.637955e+01,7.610738e+01,7.564252e+01,7.514576e+01,7.450462e+01,7.431071e+01,7.386068e+01,7.320363e+01,7.257462e+01,7.236780e+01,7.175595e+01,7.117281e+01,7.100577e+01,7.032516e+01,6.990470e+01,6.911301e+01,6.890114e+01,6.844455e+01,6.773017e+01,6.731266e+01,6.658170e+01,6.636598e+01,6.563003e+01,6.524969e+01,6.433258e+01,6.382775e+01,6.367373e+01,6.280134e+01,6.234636e+01,6.194559e+01,6.128619e+01,6.075856e+01,6.037557e+01,5.914022e+01,5.904910e+01,5.830635e+01,5.782416e+01,5.692390e+01,5.655275e+01,5.604066e+01,5.543281e+01,5.453918e+01,5.411368e+01,5.371050e+01,5.318681e+01,5.250512e+01,5.194022e+01,5.104555e+01,5.048612e+01,4.980162e+01,4.923647e+01,4.871815e+01,4.816034e+01,4.767481e+01,4.723740e+01,4.701182e+01,4.647121e+01,4.613049e+01,4.540797e+01,4.530621e+01,4.497487e+01,4.475772e+01,4.475772e+01,4.475772e+01,4.443766e+01,4.411671e+01,4.378199e+01,4.334282e+01,4.316150e+01,4.265489e+01,4.245945e+01,4.192353e+01,4.189733e+01,4.166120e+01,4.150351e+01,4.150351e+01,4.150351e+01,4.150351e+01,4.134560e+01,4.129292e+01,4.124021e+01,4.126657e+01,4.072502e+01,4.126657e+01,4.127974e+01,4.075150e+01,4.129292e+01,4.075150e+01,4.075150e+01,4.075150e+01,4.075150e+01,4.129292e+01,4.127974e+01,4.126657e+01,4.125339e+01,4.127974e+01,4.126657e+01,4.126657e+01,4.126657e+01,4.126657e+01,4.126657e+01,4.126657e+01,4.126657e+01,4.126657e+01,4.126657e+01,4.126657e+01,4.126657e+01,4.126657e+01,4.126657e+01,4.126657e+01,4.089701e+01,4.089701e+01,4.089701e+01,4.089701e+01,4.089701e+01,4.035369e+01,4.035369e+01,4.035369e+01,4.035369e+01,4.035369e+01,4.035369e+01,4.089701e+01,4.083089e+01,4.055276e+01,4.092345e+01,4.093666e+01,4.094987e+01,4.096309e+01,4.150351e+01,4.149036e+01,4.149036e+01,4.149036e+01,4.149036e+01,4.180556e+01,4.180556e+01,4.180556e+01,4.234202e+01,4.209373e+01,4.198902e+01,4.240727e+01,4.238118e+01,4.219834e+01,4.219834e+01,4.219834e+01,4.219834e+01,4.219834e+01,4.219834e+01,4.219834e+01,4.219834e+01,4.219834e+01,4.219834e+01,4.219834e+01,4.219834e+01,4.219834e+01,4.219834e+01,4.219834e+01,4.188422e+01,4.188422e+01,4.188422e+01,4.188422e+01,4.188422e+01,4.188422e+01,4.188422e+01,4.188422e+01,4.188422e+01,4.134560e+01,4.139826e+01,4.138510e+01,4.172684e+01,4.170059e+01,4.179244e+01,4.167433e+01,4.167433e+01,4.167433e+01,4.167433e+01,4.167433e+01,4.167433e+01,4.167433e+01,4.167433e+01,4.113472e+01,4.114791e+01,4.116110e+01,4.117429e+01,4.118748e+01,4.173996e+01,4.173996e+01,4.173996e+01,4.173996e+01,4.173996e+01,4.173996e+01,4.206756e+01,4.206756e+01,4.260281e+01,4.260281e+01,4.260281e+01,4.260281e+01,4.260281e+01,4.313557e+01,4.304479e+01,4.304479e+01,4.304479e+01,4.304479e+01,4.304479e+01,4.304479e+01,4.304479e+01,4.304479e+01,4.304479e+01,4.304479e+01,4.304479e+01,4.304479e+01,4.304479e+01,4.304479e+01,4.304479e+01,4.304479e+01,4.304479e+01,4.304479e+01,4.304479e+01,4.304479e+01,4.304479e+01,4.304479e+01,4.304479e+01,4.251160e+01,4.248552e+01,4.249856e+01,4.249856e+01,4.249856e+01,4.249856e+01,4.249856e+01,4.249856e+01,4.249856e+01,4.249856e+01,4.249856e+01,4.249856e+01,4.249856e+01,4.249856e+01,4.209373e+01,4.209373e+01,4.209373e+01,4.209373e+01,4.209373e+01,4.209373e+01,4.209373e+01,4.209373e+01,4.155610e+01,4.152981e+01,4.152981e+01,4.152981e+01,4.152981e+01,4.152981e+01,4.152981e+01,4.152981e+01,4.152981e+01,4.152981e+01,4.106874e+01,4.106874e+01,4.106874e+01
3.579882e+01,3.579882e+01,3.579882e+01,3.636478e+01,3.582650e+01,3.588183e+01,3.647488e+01,3.647488e+01,3.647488e+01,3.647488e+01,3.647488e+01,3.687303e+01,3.687303e+01,3.687303e+01,3.687303e+01,3.737894e+01,3.737894e+01,3.737894e+01,3.737894e+01,3.793685e+01,3.793685e+01,3.793685e+01,3.793685e+01,3.793685e+01,3.793685e+01,3.793685e+01,3.793685e+01,3.793685e+01,3.849196e+01,3.861345e+01,3.861345e+01,3.861345e+01,3.861345e+01,3.923232e+01,3.923232e+01,3.923232e+01,3.923232e+01,3.923232e+01,3.978105e+01,3.940659e+01,3.962072e+01,3.967419e+01,4.027396e+01,4.027396e+01,4.027396e+01,4.027396e+01,4.027396e+01,4.081766e+01,4.079120e+01,4.076473e+01,4.076473e+01,4.076473e+01,4.076473e+01,4.076473e+01,4.076473e+01,4.076473e+01,4.076473e+01,4.076473e+01,4.130609e+01,4.127974e+01,4.125339e+01,4.122703e+01,4.120066e+01,4.120066e+01,4.120066e+01,4.120066e+01,4.120066e+01,4.120066e+01,4.120066e+01,4.065880e+01,4.068529e+01,4.122703e+01,4.120066e+01,4.120066e+01,4.120066e+01,4.120066e+01,4.120066e+01,4.149036e+01,4.170059e+01,4.198902e+01,4.232896e+01,4.248552e+01,4.248552e+01,4.248552e+01,4.248552e+01,4.248552e+01,4.248552e+01,4.248552e+01,4.301883e+01,4.313557e+01,4.314854e+01,4.351093e+01,4.388509e+01,4.434788e+01,4.459140e+01,4.512791e+01,4.530621e+01,4.530621e+01,4.570004e+01,4.629466e+01,4.634513e+01,4.703690e+01,4.750004e+01,4.787424e+01,4.829693e+01,4.848294e+01,4.895290e+01,4.966671e+01,4.978936e+01,5.055924e+01,5.093630e+01,5.202452e+01,5.231310e+01,5.282849e+01,5.338940e+01,5.390039e+01,5.448017e+01,5.501030e+01,5.558504e+01,5.621547e+01,5.634350e+01,5.700495e+01,5.764000e+01,5.828342e+01,5.896931e+01,5.941322e+01,5.996884e+01,6.035300e+01,6.100580e+01,6.140937e+01,6.196789e+01,6.253520e+01,6.330999e+01,6.369574e+01,6.439829e+01,6.492286e+01,6.547802e+01,6.584689e+01,6.647388e+01,6.686164e+01,6.755904e+01,6.831687e+01,6.865710e+01,6.912359e+01,6.956745e+01,7.027267e+01,7.073391e+01,7.124583e+01,7.194289e+01,7.250227e+01,7.289462e+01,7.351199e+01,7.400402e+01,7.434135e+01,7.483063e+01,7.550076e+01,7.595596e+01,7.656073e+01,7.666129e+01,7.726324e+01,7.767319e+01,7.800236e+01,7.855931e+01,7.883703e+01,7.881721e+01,7.916369e+01,7.942057e+01,7.955871e+01,7.994288e+01,7.985431e+01,8.037515e+01,8.067899e+01,8.118732e+01,8.149931e+01,8.182040e+01,8.205350e+01,8.237345e+01,8.263475e+01,8.275074e+01,8.283768e+01,8.317532e+01,8.352185e+01,8.348338e+01,8.396355e+01,8.386763e+01,8.430836e+01,8.432750e+01,8.434663e+01,8.475742e+01,8.465244e+01,8.470016e+01,8.471925e+01,8.489094e+01,8.498624e+01,8.524327e+01,8.509100e+01,8.533836e+01,8.535737e+01,8.535737e+01,8.535737e+01,8.535737e+01,8.560432e+01,8.559483e+01,8.559483e+01,8.559483e+01,8.594562e+01,8.594562e+01,8.594562e+01,8.594562e+01,8.594562e+01,8.594562e+01,8.594562e+01,8.594562e+01,8.594562e+01,8.594562e+01,8.594562e+01,8.594562e+01,8.594562e+01,8.594562e+01,8.594562e+01,8.594562e+01,8.594562e+01,8.594562e+01,8.594562e+01,8.594562e+01,8.594562e+01,8.594562e+01,8.594562e+01,8.594562e+01,8.594562e+01,8.594562e+01,8.594562e+01,8.594562e+01,8.594562e+01,8.594562e+01,8.594562e+01,8.594562e+01,8.594562e+01,8.594562e+01,8.594562e+01,8.594562e+01,8.594562e+01,8.594562e+01,8.594562e+01,8.594562e+01,8.594562e+01,8.555686e+01,8.560432e+01,8.565176e+01,8.569920e+01,8.571816e+01,8.573713e+01,8.536687e+01,8.541439e+01,8.546190e+01,8.550938e+01,8.557584e+01,8.556635e+01,8.556635e+01,8.556635e+01,8.517667e+01,8.524327e+01,8.539539e+01,8.549039e+01,8.555686e+01,8.553787e+01,8.545239e+01,8.545239e+01,8.506244e+01,8.511005e+01,8.515764e+01,8.520522e+01,8.527180e+01,8.528131e+01,8.490047e+01,8.494812e+01,8.499577e+01,8.504339e+01,8.504339e+01,8.503387e+01,8.503387e+01,8.503387e+01,8.503387e+01,8.503387e+01,8.503387e+01,8.503387e+01,8.503387e+01,8.503387e+01,8.503387e+01,8.503387e+01,8.503387e+01,8.503387e+01,8.503387e+01,8.503387e+01,8.503387e+01,8.503387e+01,8.503387e+01,8.464288e+01,8.473833e+01,8.483372e+01,8.494812e+01,8.499577e+01,8.504339e+01,8.505292e+01,8.506244e+01,8.498624e+01,8.502434e+01,8.511005e+01,8.478604e+01,8.503387e+01,8.502434e+01,8.502434e+01,8.502434e+01,8.502434e+01,8.502434e+01,8.502434e+01,8.502434e+01,8.502434e+01,8.502434e+01,8.502434e+01,8.502434e+01,8.502434e+01,8.502434e+01,8.502434e+01,8.502434e+01,8.513860e+01,8.518619e+01,8.523376e+01,8.524327e+01,8.525278e+01,8.526229e+01,8.511956e+01,8.511005e+01,8.515764e+01,8.514812e+01,8.523376e+01,8.538589e+01,8.547140e+01,8.549039e+01,8.549989e+01,8.550938e+01,8.512908e+01,8.517667e+01,8.561381e+01,8.536687e+01,8.494812e+01,8.504339e+01,8.511005e+01,8.503387e+01,8.487186e+01,8.448049e+01,8.455693e+01,8.420308e+01,8.404982e+01,8.361798e+01,8.368523e+01,8.329092e+01,8.334868e+01,8.287630e+01,8.285699e+01,8.306928e+01,8.244124e+01,8.243156e+01,8.203409e+01,8.163560e+01,8.161614e+01,8.121659e+01,8.127512e+01,8.126537e+01,8.070836e+01,8.077687e+01,8.043401e+01,8.042420e+01,8.011987e+01,7.931194e+01,7.930206e+01,7.911423e+01,7.872798e+01,7.837057e+01,7.771313e+01,7.766322e+01,7.706286e+01,7.690236e+01,7.643997e+01,7.620824e+01,7.551089e+01,7.531830e+01,7.500352e+01,7.419833e+01,7.410632e+01,7.344009e+01,7.300800e+01,7.226427e+01,7.217104e+01,7.174555e+01,7.127711e+01,7.040910e+01,7.012560e+01,6.946189e+01,6.909184e+01,6.861462e+01,6.829558e+01,6.770879e+01,6.729121e+01,6.624720e+01,6.614993e+01,6.560832e+01,6.522793e+01,6.431068e+01,6.392667e+01,6.347545e+01,6.277918e+01,6.186753e+01,6.165541e+01,6.112924e+01,6.026271e+01,5.966297e+01,5.916299e+01,5.876392e+01,5.814582e+01,5.730555e+01,5.686598e+01,5.633187e+01,5.550310e+01,5.520999e+01,5.446836e+01,5.404263e+01,5.315102e+01,5.292414e+01,5.233712e+01,5.185587e+01,5.096059e+01,5.040077e+01,4.971579e+01,4.915023e+01,4.863155e+01,4.807334e+01,4.758746e+01,4.683607e+01,4.672296e+01,4.639558e+01,4.589014e+01,4.550964e+01,4.519162e+01,4.511517e+01,4.475772e+01,4.475772e+01,4.423236e+01,4.415527e+01,4.401382e+01,4.353678e+01,4.344630e+01,4.291497e+01,4.275899e+01,4.274598e+01,4.227673e+01,4.226367e+01,4.150351e+01,4.150351e+01,4.150351e+01,4.150351e+01,4.096309e+01,4.104234e+01,4.104234e+01,4.104234e+01,4.104234e+01,4.104234e+01,4.104234e+01,4.104234e+01,4.104234e+01,4.104234e+01,4.104234e+01,4.104234e+01,4.104234e+01,4.104234e+01,4.104234e+01,4.104234e+01,4.104234e+01,4.104234e+01,4.104234e+01,4.104234e+01,4.158238e+01,4.158238e+01,4.158238e+01,4.158238e+01,4.158238e+01,4.158238e+01,4.158238e+01,4.104234e+01,4.104234e+01,4.104234e+01,4.104234e+01,4.104234e+01,4.104234e+01,4.049971e+01,4.051298e+01,4.052624e+01,4.053951e+01,4.042009e+01,4.087056e+01,4.024737e+01,4.079120e+01,4.071178e+01,4.069854e+01,4.081766e+01,4.036697e+01,4.094987e+01,4.084412e+01,4.091023e+01,4.091023e+01,4.091023e+01,4.091023e+01,4.091023e+01,4.149036e+01,4.149036e+01,4.149036e+01,4.149036e+01,4.149036e+01,4.180556e+01,4.214605e+01,4.230285e+01,4.230285e+01,4.230285e+01,4.230285e+01,4.230285e+01,4.230285e+01,4.230285e+01,4.230285e+01,4.230285e+01,4.230285e+01,4.230285e+01,4.230285e+01,4.230285e+01,4.230285e+01,4.230285e+01,4.230285e+01,4.230285e+01,4.176620e+01,4.184489e+01,4.181867e+01,4.183178e+01,4.183178e+01,4.183178e+01,4.183178e+01,4.183178e+01,4.183178e+01,4.183178e+01,4.183178e+01,4.183178e+01,4.183178e+01,4.183178e+01,4.183178e+01,4.183178e+01,4.183178e+01,4.183178e+01,4.183178e+01,4.183178e+01,4.183178e+01,4.183178e+01,4.183178e+01,4.129292e+01,4.130609e+01,4.172684e+01,4.129292e+01,4.129292e+01,4.129292e+01,4.129292e+01,4.129292e+01,4.129292e+01,4.173996e+01,4.173996e+01,4.173996e+01,4.173996e+01,4.227673e+01,4.218526e+01,4.198902e+01,4.242032e+01,4.242032e+01,4.242032e+01,4.242032e+01,4.295393e+01,4.309667e+01,4.309667e+01,4.309667e+01,4.309667e+01,4.309667e+01,4.309667e+01,4.309667e+01,4.362718e+01,4.354969e+01,4.347216e+01,4.339457e+01,4.338164e+01,4.336870e+01,4.335576e+01,4.334282e+01,4.332988e+01,4.331693e+01,4.330399e+01,4.277200e+01,4.278500e+01,4.278500e+01,4.278500e+01,4.278500e+01,4.278500e+01,4.278500e+01,4.278500e+01,4.278500e+01,4.278500e+01,4.278500e+01,4.278500e+01,4.249856e+01,4.249856e+01,4.249856e+01,4.249856e+01,4.249856e+01,4.249856e+01,4.249856e+01,4.249856e+01,4.249856e+01,4.249856e+01,4.209373e+01,4.209373e+01,4.209373e+01,4.209373e+01,4.209373e+01,4.209373e+01,4.209373e+01,4.152981e+01,4.152981e+01,4.152981e+01,4.152981e+01,4.152981e+01,4.152981e+01,4.152981e+01,4.152981e+01,4.152981e+01,4.106874e+01,4.106874e+01,4.106874e+01
3.579882e+01,3.579882e+01,3.579882e+01,3.579882e+01,3.579882e+01,3.636478e+01,3.647488e+01,3.647488e+01,3.647488e+01,3.647488e+01,3.647488e+01,3.687303e+01,3.687303e+01,3.687303e+01,3.743349e+01,3.743349e+01,3.743349e+01,3.743349e+01,3.743349e+01,3.793685e+01,3.793685e+01,3.793685e+01,3.793685e+01,3.793685e+01,3.793685e+01,3.793685e+01,3.793685e+01,3.793685e+01,3.849196e+01,3.849196e+01,3.849196e+01,3.849196e+01,3.904433e+01,3.919206e+01,3.919206e+01,3.919206e+01,3.974099e+01,3.975434e+01,3.964746e+01,4.010102e+01,4.002111e+01,4.012764e+01,4.027396e+01,4.027396e+01,4.027396e+01,4.027396e+01,4.027396e+01,4.027396e+01,4.027396e+01,4.076473e+01,4.076473e+01,4.076473e+01,4.076473e+01,4.076473e+01,4.076473e+01,4.076473e+01,4.076473e+01,4.076473e+01,4.076473e+01,4.127974e+01,4.127974e+01,4.127974e+01,4.127974e+01,4.127974e+01,4.127974e+01,4.127974e+01,4.127974e+01,4.073826e+01,4.072502e+01,4.120066e+01,4.121385e+01,4.121385e+01,4.121385e+01,4.121385e+01,4.121385e+01,4.121385e+01,4.121385e+01,4.149036e+01,4.192353e+01,4.208064e+01,4.217220e+01,4.248552e+01,4.248552e+01,4.248552e+01,4.248552e+01,4.248552e+01,4.248552e+01,4.248552e+01,4.301883e+01,4.301883e+01,4.301883e+01,4.351093e+01,4.412957e+01,4.424520e+01,4.480885e+01,4.502591e+01,4.530621e+01,4.552234e+01,4.594078e+01,4.619366e+01,4.655938e+01,4.660974e+01,4.723740e+01,4.786179e+01,4.818519e+01,4.817276e+01,4.877997e+01,4.939645e+01,4.982613e+01,5.047393e+01,5.108195e+01,5.144532e+01,5.210876e+01,5.269685e+01,5.332985e+01,5.391225e+01,5.455098e+01,5.508081e+01,5.565525e+01,5.612226e+01,5.652952e+01,5.707438e+01,5.723624e+01,5.813434e+01,5.840944e+01,5.910606e+01,5.978767e+01,6.021754e+01,6.045451e+01,6.110681e+01,6.178942e+01,6.239082e+01,6.274594e+01,6.337620e+01,6.420107e+01,6.474822e+01,6.532584e+01,6.571681e+01,6.636598e+01,6.677557e+01,6.749480e+01,6.773017e+01,6.840201e+01,6.898592e+01,6.945133e+01,7.017814e+01,7.023066e+01,7.097443e+01,7.136050e+01,7.215031e+01,7.277083e+01,7.297708e+01,7.369669e+01,7.413699e+01,7.462695e+01,7.529801e+01,7.575381e+01,7.627881e+01,7.663113e+01,7.723320e+01,7.764324e+01,7.797247e+01,7.845007e+01,7.860894e+01,7.885684e+01,7.908456e+01,7.922301e+01,7.919335e+01,7.962773e+01,7.987399e+01,8.029665e+01,8.038496e+01,8.092358e+01,8.103108e+01,8.147983e+01,8.201467e+01,8.185927e+01,8.219901e+01,8.237345e+01,8.280871e+01,8.314641e+01,8.302106e+01,8.336794e+01,8.376205e+01,8.360837e+01,8.400189e+01,8.403065e+01,8.427966e+01,8.421265e+01,8.466198e+01,8.466198e+01,8.466198e+01,8.466198e+01,8.466198e+01,8.485280e+01,8.471925e+01,8.504339e+01,8.507196e+01,8.508148e+01,8.509100e+01,8.518619e+01,8.531934e+01,8.532885e+01,8.533836e+01,8.556635e+01,8.543340e+01,8.549989e+01,8.556635e+01,8.563279e+01,8.569920e+01,8.570868e+01,8.532885e+01,8.578454e+01,8.578454e+01,8.578454e+01,8.578454e+01,8.578454e+01,8.578454e+01,8.578454e+01,8.578454e+01,8.578454e+01,8.578454e+01,8.578454e+01,8.578454e+01,8.578454e+01,8.578454e+01,8.578454e+01,8.578454e+01,8.578454e+01,8.578454e+01,8.578454e+01,8.578454e+01,8.578454e+01,8.578454e+01,8.578454e+01,8.578454e+01,8.539539e+01,8.547140e+01,8.554736e+01,8.562330e+01,8.569920e+01,8.570868e+01,8.532885e+01,8.540489e+01,8.548090e+01,8.547140e+01,8.548090e+01,8.548090e+01,8.548090e+01,8.548090e+01,8.548090e+01,8.548090e+01,8.548090e+01,8.548090e+01,8.509100e+01,8.521473e+01,8.528131e+01,8.528131e+01,8.528131e+01,8.520522e+01,8.518619e+01,8.518619e+01,8.518619e+01,8.518619e+01,8.518619e+01,8.518619e+01,8.518619e+01,8.506244e+01,8.507196e+01,8.507196e+01,8.507196e+01,8.507196e+01,8.507196e+01,8.489094e+01,8.490047e+01,8.490047e+01,8.490047e+01,8.490047e+01,8.490047e+01,8.490047e+01,8.450916e+01,8.458559e+01,8.466198e+01,8.473833e+01,8.473833e+01,8.473833e+01,8.473833e+01,8.473833e+01,8.473833e+01,8.473833e+01,8.473833e+01,8.473833e+01,8.473833e+01,8.473833e+01,8.473833e+01,8.473833e+01,8.466198e+01,8.465244e+01,8.465244e+01,8.465244e+01,8.465244e+01,8.465244e+01,8.465244e+01,8.465244e+01,8.465244e+01,8.465244e+01,8.465244e+01,8.465244e+01,8.465244e+01,8.465244e+01,8.465244e+01,8.465244e+01,8.465244e+01,8.465244e+01,8.465244e+01,8.465244e+01,8.465244e+01,8.465244e+01,8.465244e+01,8.465244e+01,8.465244e+01,8.465244e+01,8.465244e+01,8.465244e+01,8.502434e+01,8.502434e+01,8.502434e+01,8.502434e+01,8.502434e+01,8.502434e+01,8.502434e+01,8.502434e+01,8.502434e+01,8.463334e+01,8.510052e+01,8.510052e+01,8.510052e+01,8.510052e+01,8.510052e+01,8.510052e+01,8.472879e+01,8.473833e+01,8.473833e+01,8.500529e+01,8.485280e+01,8.486234e+01,8.486234e+01,8.486234e+01,8.447093e+01,8.446137e+01,8.447093e+01,8.393478e+01,8.394437e+01,8.386763e+01,8.332943e+01,8.331980e+01,8.330054e+01,8.272176e+01,8.273141e+01,8.249932e+01,8.226688e+01,8.187870e+01,8.186899e+01,8.168426e+01,8.163560e+01,8.137263e+01,8.124586e+01,8.084536e+01,8.083558e+01,8.070836e+01,8.053205e+01,8.006089e+01,8.010021e+01,7.994288e+01,7.941070e+01,7.900539e+01,7.851960e+01,7.833081e+01,7.814179e+01,7.773310e+01,7.743336e+01,7.708291e+01,7.667134e+01,7.596606e+01,7.580437e+01,7.551089e+01,7.515591e+01,7.440260e+01,7.419833e+01,7.385043e+01,7.329620e+01,7.258495e+01,7.226427e+01,7.191175e+01,7.117281e+01,7.097443e+01,7.033565e+01,6.992576e+01,6.945133e+01,6.908125e+01,6.827428e+01,6.808248e+01,6.725905e+01,6.711954e+01,6.638757e+01,6.602014e+01,6.558661e+01,6.475915e+01,6.410235e+01,6.345340e+01,6.324376e+01,6.261288e+01,6.197904e+01,6.148771e+01,6.063477e+01,6.051087e+01,5.979900e+01,5.925404e+01,5.834072e+01,5.792764e+01,5.724780e+01,5.680803e+01,5.627368e+01,5.559675e+01,5.508081e+01,5.440932e+01,5.398338e+01,5.327027e+01,5.274473e+01,5.227707e+01,5.179558e+01,5.089986e+01,5.033977e+01,4.965444e+01,4.908860e+01,4.856965e+01,4.801115e+01,4.752502e+01,4.696163e+01,4.664749e+01,4.615576e+01,4.547152e+01,4.539525e+01,4.534438e+01,4.506417e+01,4.491105e+01,4.459140e+01,4.436071e+01,4.436071e+01,4.401382e+01,4.366590e+01,4.325219e+01,4.304479e+01,4.275899e+01,4.242032e+01,4.230285e+01,4.196283e+01,4.152981e+01,4.152981e+01,4.152981e+01,4.098951e+01,4.150351e+01,4.138510e+01,4.084412e+01,4.138510e+01,4.137194e+01,4.135877e+01,4.134560e+01,4.133244e+01,4.077797e+01,4.077797e+01,4.077797e+01,4.077797e+01,4.077797e+01,4.077797e+01,4.077797e+01,4.131926e+01,4.129292e+01,4.129292e+01,4.129292e+01,4.129292e+01,4.129292e+01,4.129292e+01,4.129292e+01,4.129292e+01,4.129292e+01,4.129292e+01,4.129292e+01,4.129292e+01,4.129292e+01,4.129292e+01,4.129292e+01,4.075150e+01,4.063230e+01,4.052624e+01,4.052624e+01,4.052624e+01,4.052624e+01,4.052624e+01,4.052624e+01,4.052624e+01,4.052624e+01,4.052624e+01,4.052624e+01,4.052624e+01,4.052624e+01,4.052624e+01,4.052624e+01,4.052624e+01,4.091023e+01,4.091023e+01,4.091023e+01,4.091023e+01,4.149036e+01,4.149036e+01,4.149036e+01,4.149036e+01,4.149036e+01,4.180556e+01,4.198902e+01,4.198902e+01,4.198902e+01,4.198902e+01,4.230285e+01,4.230285e+01,4.230285e+01,4.230285e+01,4.230285e+01,4.230285e+01,4.230285e+01,4.230285e+01,4.230285e+01,4.230285e+01,4.230285e+01,4.230285e+01,4.230285e+01,4.230285e+01,4.230285e+01,4.230285e+01,4.181867e+01,4.181867e+01,4.181867e+01,4.181867e+01,4.181867e+01,4.181867e+01,4.181867e+01,4.181867e+01,4.181867e+01,4.181867e+01,4.181867e+01,4.181867e+01,4.181867e+01,4.181867e+01,4.127974e+01,4.193663e+01,4.193663e+01,4.139826e+01,4.152981e+01,4.155610e+01,4.143774e+01,4.131926e+01,4.152981e+01,4.150351e+01,4.142458e+01,4.142458e+01,4.142458e+01,4.142458e+01,4.142458e+01,4.142458e+01,4.142458e+01,4.142458e+01,4.173996e+01,4.206756e+01,4.225061e+01,4.225061e+01,4.225061e+01,4.225061e+01,4.225061e+01,4.225061e+01,4.278500e+01,4.292796e+01,4.292796e+01,4.292796e+01,4.345923e+01,4.343337e+01,4.340751e+01,4.338164e+01,4.349801e+01,4.360136e+01,4.360136e+01,4.360136e+01,4.307073e+01,4.309667e+01,4.312261e+01,4.312261e+01,4.312261e+01,4.312261e+01,4.312261e+01,4.312261e+01,4.312261e+01,4.312261e+01,4.312261e+01,4.312261e+01,4.312261e+01,4.278500e+01,4.278500e+01,4.278500e+01,4.278500e+01,4.278500e+01,4.278500e+01,4.278500e+01,4.278500e+01,4.249856e+01,4.249856e+01,4.249856e+01,4.249856e+01,4.249856e+01,4.249856e+01,4.249856e+01,4.249856e+01,4.249856e+01,4.249856e+01,4.209373e+01,4.209373e+01,4.209373e+01,4.209373e+01,4.209373e+01,4.209373e+01,4.152981e+01,4.152981e+01,4.152981e+01,4.152981e+01,4.152981e+01,4.152981e+01,4.152981e+01,4.098951e+01,4.151666e+01,4.120066e+01,4.120066e+01,4.120066e+01
3.579882e+01,3.579882e+01,3.579882e+01,3.579882e+01,3.636478e+01,3.635102e+01,3.635102e+01,3.635102e+01,3.635102e+01,3.635102e+01,3.691414e+01,3.690044e+01,3.690044e+01,3.690044e+01,3.743349e+01,3.743349e+01,3.743349e+01,3.743349e+01,3.743349e+01,3.743349e+01,3.743349e+01,3.793685e+01,3.793685e+01,3.793685e+01,3.793685e+01,3.793685e+01,3.793685e+01,3.793685e+01,3.849196e+01,3.849196e+01,3.849196e+01,3.849196e+01,3.904433e+01,3.904433e+01,3.904433e+01,3.904433e+01,3.919206e+01,3.933960e+01,3.966082e+01,3.996781e+01,3.996781e+01,3.996781e+01,3.996781e+01,4.027396e+01,4.027396e+01,4.027396e+01,4.027396e+01,4.081766e+01,4.081766e+01,4.080443e+01,4.080443e+01,4.080443e+01,4.080443e+01,4.080443e+01,4.080443e+01,4.080443e+01,4.080443e+01,4.080443e+01,4.080443e+01,4.080443e+01,4.080443e+01,4.080443e+01,4.080443e+01,4.080443e+01,4.080443e+01,4.080443e+01,4.080443e+01,4.080443e+01,4.080443e+01,4.080443e+01,4.080443e+01,4.080443e+01,4.080443e+01,4.121385e+01,4.121385e+01,4.121385e+01,4.175309e+01,4.196283e+01,4.194973e+01,4.248552e+01,4.251160e+01,4.249856e+01,4.249856e+01,4.249856e+01,4.249856e+01,4.249856e+01,4.249856e+01,4.249856e+01,4.301883e+01,4.301883e+01,4.301883e+01,4.351093e+01,4.400096e+01,4.391084e+01,4.441201e+01,4.475772e+01,4.502591e+01,4.554774e+01,4.581414e+01,4.626942e+01,4.640818e+01,4.677325e+01,4.729998e+01,4.777457e+01,4.794894e+01,4.825970e+01,4.884176e+01,4.945792e+01,4.988739e+01,5.053487e+01,5.099701e+01,5.159038e+01,5.216889e+01,5.275670e+01,5.338940e+01,5.348463e+01,5.438569e+01,5.497503e+01,5.560845e+01,5.565525e+01,5.632023e+01,5.675006e+01,5.719001e+01,5.800806e+01,5.850101e+01,5.868396e+01,5.915161e+01,5.973100e+01,6.031915e+01,6.100580e+01,6.172243e+01,6.224628e+01,6.281242e+01,6.340929e+01,6.378376e+01,6.456244e+01,6.471545e+01,6.533672e+01,6.621478e+01,6.663558e+01,6.684013e+01,6.740912e+01,6.818907e+01,6.878448e+01,6.926112e+01,6.945133e+01,7.030416e+01,7.098487e+01,7.137093e+01,7.173516e+01,7.240919e+01,7.298739e+01,7.327563e+01,7.393237e+01,7.441280e+01,7.518638e+01,7.521683e+01,7.595596e+01,7.640977e+01,7.670149e+01,7.732330e+01,7.775306e+01,7.818160e+01,7.803225e+01,7.843020e+01,7.873790e+01,7.897569e+01,7.921312e+01,7.954884e+01,7.957843e+01,7.995272e+01,8.039478e+01,8.041439e+01,8.087469e+01,8.130438e+01,8.173289e+01,8.196613e+01,8.209232e+01,8.211172e+01,8.264442e+01,8.287630e+01,8.271209e+01,8.315604e+01,8.310785e+01,8.345453e+01,8.374285e+01,8.385803e+01,8.399231e+01,8.421265e+01,8.416478e+01,8.426051e+01,8.435619e+01,8.437532e+01,8.439445e+01,8.460469e+01,8.482419e+01,8.492906e+01,8.492906e+01,8.492906e+01,8.492906e+01,8.492906e+01,8.492906e+01,8.492906e+01,8.492906e+01,8.517667e+01,8.527180e+01,8.527180e+01,8.527180e+01,8.527180e+01,8.527180e+01,8.527180e+01,8.527180e+01,8.527180e+01,8.539539e+01,8.549039e+01,8.550938e+01,8.552837e+01,8.554736e+01,8.556635e+01,8.558533e+01,8.560432e+01,8.521473e+01,8.530984e+01,8.540489e+01,8.549989e+01,8.551888e+01,8.553787e+01,8.555686e+01,8.557584e+01,8.559483e+01,8.559483e+01,8.559483e+01,8.559483e+01,8.520522e+01,8.530033e+01,8.568971e+01,8.550938e+01,8.550938e+01,8.550938e+01,8.511956e+01,8.529082e+01,8.530984e+01,8.531934e+01,8.531934e+01,8.531934e+01,8.531934e+01,8.531934e+01,8.531934e+01,8.492906e+01,8.502434e+01,8.511956e+01,8.521473e+01,8.523376e+01,8.514812e+01,8.510052e+01,8.510052e+01,8.510052e+01,8.510052e+01,8.510052e+01,8.510052e+01,8.470971e+01,8.480511e+01,8.490047e+01,8.491953e+01,8.493859e+01,8.495765e+01,8.497671e+01,8.499577e+01,8.460469e+01,8.470016e+01,8.479558e+01,8.481465e+01,8.483372e+01,8.446137e+01,8.456648e+01,8.466198e+01,8.467152e+01,8.468107e+01,8.469062e+01,8.460469e+01,8.452827e+01,8.452827e+01,8.452827e+01,8.452827e+01,8.452827e+01,8.452827e+01,8.452827e+01,8.452827e+01,8.452827e+01,8.452827e+01,8.452827e+01,8.452827e+01,8.452827e+01,8.434663e+01,8.444225e+01,8.445181e+01,8.446137e+01,8.447093e+01,8.447093e+01,8.447093e+01,8.447093e+01,8.407857e+01,8.456648e+01,8.456648e+01,8.456648e+01,8.456648e+01,8.456648e+01,8.417435e+01,8.427966e+01,8.438489e+01,8.439445e+01,8.440401e+01,8.441357e+01,8.442313e+01,8.443269e+01,8.444225e+01,8.445181e+01,8.446137e+01,8.446137e+01,8.446137e+01,8.446137e+01,8.446137e+01,8.446137e+01,8.446137e+01,8.446137e+01,8.446137e+01,8.446137e+01,8.446137e+01,8.446137e+01,8.446137e+01,8.446137e+01,8.463334e+01,8.464288e+01,8.472879e+01,8.459514e+01,8.470016e+01,8.441357e+01,8.450916e+01,8.460469e+01,8.461424e+01,8.462379e+01,8.462379e+01,8.462379e+01,8.462379e+01,8.462379e+01,8.462379e+01,8.447093e+01,8.408815e+01,8.409773e+01,8.419350e+01,8.372365e+01,8.373325e+01,8.375246e+01,8.352185e+01,8.333906e+01,8.294388e+01,8.294388e+01,8.273141e+01,8.217962e+01,8.212142e+01,8.196613e+01,8.149931e+01,8.159667e+01,8.120683e+01,8.124586e+01,8.091381e+01,8.091381e+01,8.085514e+01,8.045362e+01,8.014935e+01,8.014935e+01,8.007072e+01,7.966716e+01,7.966716e+01,7.926254e+01,7.861887e+01,7.852953e+01,7.812188e+01,7.761327e+01,7.756332e+01,7.684212e+01,7.665124e+01,7.604683e+01,7.597615e+01,7.564252e+01,7.531830e+01,7.474919e+01,7.441280e+01,7.396308e+01,7.327563e+01,7.308010e+01,7.251260e+01,7.206738e+01,7.148550e+01,7.118324e+01,7.073391e+01,7.016763e+01,6.948301e+01,6.925055e+01,6.862524e+01,6.828493e+01,6.783703e+01,6.726977e+01,6.687240e+01,6.621478e+01,6.554318e+01,6.533672e+01,6.458430e+01,6.406942e+01,6.359665e+01,6.312224e+01,6.257959e+01,6.194559e+01,6.099457e+01,6.064603e+01,6.025142e+01,5.961760e+01,5.920852e+01,5.829488e+01,5.788166e+01,5.720157e+01,5.628532e+01,5.605232e+01,5.553822e+01,5.502205e+01,5.435025e+01,5.343702e+01,5.304360e+01,5.267290e+01,5.220496e+01,5.122743e+01,5.066883e+01,5.025431e+01,4.956850e+01,4.900227e+01,4.848294e+01,4.792405e+01,4.743756e+01,4.706199e+01,4.650900e+01,4.606729e+01,4.563661e+01,4.563661e+01,4.534438e+01,4.521709e+01,4.484719e+01,4.421951e+01,4.423236e+01,4.401382e+01,4.391084e+01,4.357553e+01,4.339457e+01,4.296691e+01,4.266791e+01,4.256372e+01,4.222448e+01,4.171371e+01,4.170059e+01,4.116110e+01,4.155610e+01,4.143774e+01,4.149036e+01,4.106874e+01,4.104234e+01,4.121385e+01,4.121385e+01,4.121385e+01,4.121385e+01,4.121385e+01,4.121385e+01,4.121385e+01,4.121385e+01,4.121385e+01,4.121385e+01,4.121385e+01,4.121385e+01,4.121385e+01,4.121385e+01,4.121385e+01,4.121385e+01,4.121385e+01,4.121385e+01,4.121385e+01,4.121385e+01,4.121385e+01,4.121385e+01,4.121385e+01,4.121385e+01,4.121385e+01,4.121385e+01,4.121385e+01,4.121385e+01,4.075150e+01,4.075150e+01,4.075150e+01,4.075150e+01,4.075150e+01,4.075150e+01,4.075150e+01,4.020747e+01,4.022078e+01,4.023407e+01,4.024737e+01,4.026067e+01,4.026067e+01,4.026067e+01,4.080443e+01,4.079120e+01,4.047318e+01,4.071178e+01,4.071178e+01,4.071178e+01,4.125339e+01,4.147721e+01,4.147721e+01,4.147721e+01,4.147721e+01,4.147721e+01,4.180556e+01,4.180556e+01,4.180556e+01,4.234202e+01,4.236813e+01,4.235508e+01,4.235508e+01,4.235508e+01,4.235508e+01,4.235508e+01,4.235508e+01,4.235508e+01,4.235508e+01,4.235508e+01,4.235508e+01,4.235508e+01,4.235508e+01,4.235508e+01,4.235508e+01,4.181867e+01,4.181867e+01,4.183178e+01,4.183178e+01,4.183178e+01,4.183178e+01,4.183178e+01,4.183178e+01,4.183178e+01,4.183178e+01,4.183178e+01,4.183178e+01,4.183178e+01,4.183178e+01,4.183178e+01,4.183178e+01,4.183178e+01,4.183178e+01,4.183178e+01,4.183178e+01,4.183178e+01,4.183178e+01,4.183178e+01,4.183178e+01,4.183178e+01,4.183178e+01,4.142458e+01,4.142458e+01,4.142458e+01,4.142458e+01,4.142458e+01,4.142458e+01,4.142458e+01,4.196283e+01,4.150351e+01,4.168746e+01,4.242032e+01,4.242032e+01,4.242032e+01,4.242032e+01,4.242032e+01,4.242032e+01,4.278500e+01,4.278500e+01,4.331693e+01,4.291497e+01,4.327810e+01,4.327810e+01,4.327810e+01,4.327810e+01,4.327810e+01,4.327810e+01,4.327810e+01,4.327810e+01,4.327810e+01,4.327810e+01,4.327810e+01,4.327810e+01,4.327810e+01,4.327810e+01,4.327810e+01,4.327810e+01,4.327810e+01,4.327810e+01,4.274598e+01,4.277200e+01,4.274598e+01,4.275899e+01,4.275899e+01,4.275899e+01,4.275899e+01,4.275899e+01,4.275899e+01,4.275899e+01,4.275899e+01,4.275899e+01,4.275899e+01,4.275899e+01,4.222448e+01,4.225061e+01,4.225061e+01,4.225061e+01,4.225061e+01,4.225061e+01,4.225061e+01,4.225061e+01,4.225061e+01,4.225061e+01,4.171371e+01,4.173996e+01,4.162180e+01,4.208064e+01,4.196283e+01,4.184489e+01,4.181867e+01,4.179244e+01,4.179244e+01,4.125339e+01,4.118748e+01,4.121385e+01,4.121385e+01,4.121385e+01,4.121385e+01
3.579882e+01,3.579882e+01,3.579882e+01,3.579882e+01,3.579882e+01,3.635102e+01,3.635102e+01,3.635102e+01,3.635102e+01,3.635102e+01,3.691414e+01,3.691414e+01,3.691414e+01,3.691414e+01,3.743349e+01,3.743349e+01,3.743349e+01,3.743349e+01,3.743349e+01,3.743349e+01,3.743349e+01,3.793685e+01,3.793685e+01,3.793685e+01,3.793685e+01,3.793685e+01,3.793685e+01,3.793685e+01,3.849196e+01,3.849196e+01,3.849196e+01,3.849196e+01,3.849196e+01,3.904433e+01,3.904433e+01,3.904433e+01,3.959398e+01,3.962072e+01,3.976770e+01,3.982109e+01,3.982109e+01,3.982109e+01,3.982109e+01,4.027396e+01,4.027396e+01,4.027396e+01,4.027396e+01,4.027396e+01,4.027396e+01,4.080443e+01,4.080443e+01,4.080443e+01,4.080443e+01,4.080443e+01,4.080443e+01,4.080443e+01,4.080443e+01,4.080443e+01,4.080443e+01,4.080443e+01,4.080443e+01,4.080443e+01,4.080443e+01,4.080443e+01,4.080443e+01,4.080443e+01,4.080443e+01,4.080443e+01,4.080443e+01,4.080443e+01,4.080443e+01,4.080443e+01,4.080443e+01,4.080443e+01,4.121385e+01,4.152981e+01,4.173996e+01,4.173996e+01,4.227673e+01,4.247248e+01,4.247248e+01,4.247248e+01,4.247248e+01,4.247248e+01,4.247248e+01,4.247248e+01,4.247248e+01,4.247248e+01,4.301883e+01,4.301883e+01,4.354969e+01,4.379488e+01,4.398809e+01,4.421951e+01,4.450174e+01,4.484719e+01,4.526802e+01,4.544611e+01,4.543340e+01,4.633251e+01,4.662232e+01,4.699928e+01,4.738755e+01,4.761242e+01,4.799871e+01,4.848294e+01,4.892821e+01,4.954394e+01,4.997311e+01,5.062013e+01,5.108195e+01,5.117896e+01,5.201248e+01,5.267290e+01,5.315102e+01,5.353221e+01,5.397153e+01,5.481029e+01,5.529213e+01,5.560845e+01,5.633187e+01,5.680803e+01,5.724780e+01,5.759392e+01,5.814582e+01,5.859252e+01,5.911744e+01,5.975367e+01,6.037557e+01,6.106192e+01,6.131980e+01,6.162189e+01,6.241304e+01,6.323272e+01,6.365171e+01,6.428876e+01,6.469360e+01,6.535847e+01,6.581438e+01,6.629041e+01,6.674327e+01,6.734483e+01,6.771948e+01,6.852961e+01,6.895413e+01,6.938796e+01,6.983099e+01,7.072344e+01,7.078623e+01,7.136050e+01,7.181829e+01,7.253328e+01,7.314188e+01,7.380946e+01,7.430050e+01,7.452502e+01,7.533858e+01,7.555141e+01,7.613764e+01,7.662107e+01,7.724322e+01,7.767319e+01,7.796250e+01,7.819155e+01,7.835069e+01,7.832087e+01,7.870815e+01,7.913402e+01,7.933170e+01,7.918346e+01,7.975584e+01,8.006089e+01,8.004123e+01,8.069857e+01,8.112875e+01,8.147983e+01,8.130438e+01,8.191756e+01,8.216992e+01,8.216992e+01,8.247996e+01,8.243156e+01,8.282803e+01,8.316568e+01,8.297282e+01,8.333906e+01,8.355070e+01,8.377165e+01,8.357954e+01,8.367562e+01,8.386763e+01,8.405940e+01,8.409773e+01,8.420308e+01,8.407857e+01,8.398272e+01,8.418393e+01,8.467152e+01,8.469062e+01,8.470971e+01,8.433706e+01,8.483372e+01,8.483372e+01,8.483372e+01,8.483372e+01,8.483372e+01,8.483372e+01,8.483372e+01,8.483372e+01,8.483372e+01,8.483372e+01,8.483372e+01,8.527180e+01,8.527180e+01,8.527180e+01,8.527180e+01,8.527180e+01,8.527180e+01,8.527180e+01,8.527180e+01,8.527180e+01,8.527180e+01,8.527180e+01,8.527180e+01,8.527180e+01,8.527180e+01,8.527180e+01,8.527180e+01,8.527180e+01,8.527180e+01,8.527180e+01,8.527180e+01,8.527180e+01,8.527180e+01,8.527180e+01,8.527180e+01,8.527180e+01,8.527180e+01,8.527180e+01,8.527180e+01,8.527180e+01,8.527180e+01,8.488140e+01,8.499577e+01,8.511005e+01,8.511956e+01,8.512908e+01,8.490047e+01,8.530033e+01,8.518619e+01,8.479558e+01,8.500529e+01,8.503387e+01,8.504339e+01,8.504339e+01,8.465244e+01,8.476696e+01,8.488140e+01,8.489094e+01,8.480511e+01,8.471925e+01,8.471925e+01,8.471925e+01,8.471925e+01,8.471925e+01,8.471925e+01,8.471925e+01,8.471925e+01,8.432750e+01,8.443269e+01,8.453783e+01,8.456648e+01,8.449960e+01,8.448049e+01,8.448049e+01,8.448049e+01,8.448049e+01,8.448049e+01,8.448049e+01,8.448049e+01,8.448049e+01,8.408815e+01,8.420308e+01,8.431793e+01,8.432750e+01,8.433706e+01,8.433706e+01,8.433706e+01,8.433706e+01,8.433706e+01,8.433706e+01,8.433706e+01,8.433706e+01,8.433706e+01,8.433706e+01,8.433706e+01,8.433706e+01,8.433706e+01,8.433706e+01,8.394437e+01,8.433706e+01,8.399231e+01,8.395396e+01,8.406898e+01,8.418393e+01,8.429879e+01,8.421265e+01,8.419350e+01,8.419350e+01,8.419350e+01,8.419350e+01,8.401148e+01,8.413605e+01,8.415520e+01,8.417435e+01,8.419350e+01,8.421265e+01,8.423180e+01,8.424137e+01,8.425095e+01,8.426051e+01,8.427009e+01,8.427009e+01,8.427009e+01,8.427009e+01,8.427009e+01,8.427009e+01,8.427009e+01,8.427009e+01,8.427009e+01,8.427009e+01,8.427009e+01,8.427009e+01,8.427009e+01,8.427009e+01,8.427009e+01,8.427009e+01,8.427009e+01,8.427009e+01,8.427009e+01,8.427009e+01,8.427009e+01,8.427009e+01,8.427009e+01,8.383884e+01,8.395396e+01,8.396355e+01,8.398272e+01,8.398272e+01,8.398272e+01,8.372365e+01,8.332943e+01,8.338718e+01,8.305000e+01,8.305964e+01,8.255737e+01,8.259607e+01,8.204379e+01,8.206320e+01,8.166479e+01,8.167453e+01,8.149931e+01,8.096268e+01,8.098223e+01,8.053205e+01,8.055165e+01,8.026720e+01,8.027702e+01,8.022793e+01,8.015917e+01,7.975584e+01,7.976569e+01,7.926254e+01,7.927242e+01,7.866847e+01,7.863871e+01,7.830098e+01,7.796250e+01,7.735332e+01,7.725323e+01,7.683208e+01,7.639970e+01,7.603674e+01,7.572347e+01,7.515591e+01,7.498319e+01,7.454541e+01,7.399379e+01,7.375821e+01,7.299770e+01,7.289462e+01,7.207775e+01,7.185983e+01,7.158958e+01,7.067110e+01,7.046153e+01,6.999941e+01,6.958855e+01,6.915534e+01,6.873141e+01,6.818907e+01,6.737698e+01,6.705511e+01,6.639836e+01,6.599850e+01,6.568427e+01,6.475915e+01,6.436544e+01,6.402551e+01,6.355259e+01,6.307802e+01,6.207932e+01,6.172243e+01,6.110681e+01,6.054467e+01,5.973100e+01,5.939049e+01,5.867253e+01,5.806548e+01,5.781266e+01,5.665725e+01,5.630860e+01,5.577216e+01,5.535077e+01,5.493974e+01,5.426750e+01,5.335367e+01,5.316295e+01,5.256507e+01,5.162661e+01,5.148160e+01,5.081479e+01,5.030315e+01,4.951937e+01,4.890352e+01,4.838377e+01,4.731250e+01,4.724992e+01,4.682351e+01,4.639558e+01,4.595344e+01,4.580146e+01,4.558584e+01,4.496211e+01,4.493658e+01,4.461700e+01,4.438637e+01,4.438637e+01,4.438637e+01,4.391084e+01,4.317446e+01,4.304479e+01,4.286300e+01,4.225061e+01,4.222448e+01,4.198902e+01,4.188422e+01,4.152981e+01,4.146405e+01,4.154295e+01,4.100272e+01,4.110833e+01,4.108194e+01,4.108194e+01,4.108194e+01,4.108194e+01,4.108194e+01,4.108194e+01,4.108194e+01,4.108194e+01,4.108194e+01,4.108194e+01,4.108194e+01,4.108194e+01,4.108194e+01,4.108194e+01,4.108194e+01,4.108194e+01,4.108194e+01,4.108194e+01,4.108194e+01,4.162180e+01,4.160866e+01,4.159552e+01,4.158238e+01,4.156924e+01,4.155610e+01,4.100272e+01,4.100272e+01,4.100272e+01,4.100272e+01,4.100272e+01,4.100272e+01,4.100272e+01,4.045991e+01,4.048645e+01,4.048645e+01,4.048645e+01,4.048645e+01,4.048645e+01,4.048645e+01,4.048645e+01,4.048645e+01,4.048645e+01,4.048645e+01,4.048645e+01,4.048645e+01,4.048645e+01,4.048645e+01,4.102913e+01,4.100272e+01,4.113472e+01,4.126657e+01,4.126657e+01,4.126657e+01,4.126657e+01,4.126657e+01,4.126657e+01,4.180556e+01,4.180556e+01,4.180556e+01,4.180556e+01,4.236813e+01,4.236813e+01,4.236813e+01,4.236813e+01,4.236813e+01,4.236813e+01,4.236813e+01,4.236813e+01,4.236813e+01,4.236813e+01,4.236813e+01,4.236813e+01,4.236813e+01,4.236813e+01,4.236813e+01,4.235508e+01,4.221141e+01,4.218526e+01,4.215912e+01,4.213297e+01,4.210681e+01,4.208064e+01,4.208064e+01,4.208064e+01,4.208064e+01,4.208064e+01,4.208064e+01,4.208064e+01,4.154295e+01,4.156924e+01,4.156924e+01,4.156924e+01,4.156924e+01,4.156924e+01,4.210681e+01,4.154295e+01,4.158238e+01,4.158238e+01,4.158238e+01,4.158238e+01,4.158238e+01,4.158238e+01,4.158238e+01,4.158238e+01,4.158238e+01,4.158238e+01,4.158238e+01,4.158238e+01,4.158238e+01,4.211989e+01,4.210681e+01,4.243336e+01,4.243336e+01,4.243336e+01,4.243336e+01,4.243336e+01,4.296691e+01,4.290198e+01,4.270695e+01,4.294094e+01,4.300586e+01,4.316150e+01,4.316150e+01,4.316150e+01,4.316150e+01,4.369171e+01,4.365300e+01,4.361427e+01,4.357553e+01,4.353678e+01,4.353678e+01,4.353678e+01,4.353678e+01,4.353678e+01,4.300586e+01,4.304479e+01,4.304479e+01,4.304479e+01,4.304479e+01,4.304479e+01,4.304479e+01,4.304479e+01,4.304479e+01,4.304479e+01,4.304479e+01,4.304479e+01,4.304479e+01,4.275899e+01,4.275899e+01,4.275899e+01,4.275899e+01,4.275899e+01,4.275899e+01,4.275899e+01,4.225061e+01,4.278500e+01,4.210681e+01,4.210681e+01,4.210681e+01,4.210681e+01,4.210681e+01,4.210681e+01,4.210681e+01,4.210681e+01,4.210681e+01,4.210681e+01,4.156924e+01,4.172684e+01,4.172684e+01,4.172684e+01,4.172684e+01,4.172684e+01,4.125339e+01,4.125339e+01,4.125339e+01,4.125339e+01,4.125339e+01,4.125339e+01
3.579882e+01,3.579882e+01,3.579882e+01,3.579882e+01,3.579882e+01,3.635102e+01,3.635102e+01,3.635102e+01,3.635102e+01,3.635102e+01,3.691414e+01,3.691414e+01,3.691414e+01,3.691414e+01,3.691414e+01,3.743349e+01,3.743349e+01,3.743349e+01,3.743349e+01,3.743349e+01,3.743349e+01,3.743349e+01,3.793685e+01,3.793685e+01,3.793685e+01,3.793685e+01,3.793685e+01,3.793685e+01,3.849196e+01,3.849196e+01,3.849196e+01,3.849196e+01,3.849196e+01,3.904433e+01,3.904433e+01,3.904433e+01,3.904433e+01,3.962072e+01,3.962072e+01,3.962072e+01,4.016756e+01,4.012764e+01,4.026067e+01,4.024737e+01,4.024737e+01,4.024737e+01,4.024737e+01,4.079120e+01,4.077797e+01,4.077797e+01,4.077797e+01,4.077797e+01,4.077797e+01,4.077797e+01,4.077797e+01,4.077797e+01,4.077797e+01,4.077797e+01,4.077797e+01,4.077797e+01,4.077797e+01,4.077797e+01,4.077797e+01,4.077797e+01,4.077797e+01,4.077797e+01,4.077797e+01,4.077797e+01,4.077797e+01,4.077797e+01,4.131926e+01,4.116110e+01,4.112152e+01,4.114791e+01,4.131926e+01,4.141142e+01,4.141142e+01,4.173996e+01,4.210681e+01,4.210681e+01,4.247248e+01,4.247248e+01,4.247248e+01,4.247248e+01,4.247248e+01,4.247248e+01,4.247248e+01,4.300586e+01,4.299288e+01,4.278500e+01,4.314854e+01,4.343337e+01,4.366590e+01,4.401382e+01,4.436071e+01,4.494934e+01,4.510242e+01,4.544611e+01,4.573809e+01,4.591546e+01,4.639558e+01,4.683607e+01,4.711213e+01,4.745005e+01,4.807334e+01,4.859442e+01,4.903927e+01,4.915023e+01,4.969125e+01,5.044955e+01,5.075399e+01,5.161454e+01,5.175939e+01,5.252911e+01,5.288828e+01,5.349652e+01,5.403078e+01,5.442113e+01,5.505731e+01,5.559675e+01,5.592399e+01,5.663403e+01,5.695864e+01,5.752477e+01,5.814582e+01,5.866111e+01,5.918576e+01,5.935639e+01,6.020625e+01,6.078106e+01,6.109558e+01,6.161071e+01,6.245747e+01,6.283457e+01,6.347545e+01,6.370675e+01,6.433258e+01,6.521704e+01,6.570597e+01,6.621478e+01,6.670020e+01,6.689391e+01,6.748410e+01,6.795448e+01,6.859337e+01,6.923997e+01,6.970455e+01,7.003097e+01,7.089082e+01,7.138135e+01,7.141260e+01,7.233675e+01,7.253328e+01,7.340927e+01,7.361463e+01,7.415745e+01,7.467789e+01,7.520668e+01,7.599635e+01,7.649030e+01,7.671155e+01,7.725323e+01,7.769317e+01,7.789272e+01,7.808205e+01,7.831093e+01,7.829104e+01,7.876765e+01,7.908456e+01,7.890638e+01,7.950938e+01,7.978539e+01,8.000190e+01,8.024757e+01,8.047323e+01,8.087469e+01,8.122635e+01,8.134339e+01,8.166479e+01,8.191756e+01,8.219901e+01,8.241219e+01,8.239282e+01,8.277973e+01,8.273141e+01,8.312713e+01,8.338718e+01,8.312713e+01,8.363720e+01,8.363720e+01,8.363720e+01,8.405940e+01,8.405940e+01,8.405940e+01,8.405940e+01,8.405940e+01,8.405940e+01,8.427966e+01,8.442313e+01,8.434663e+01,8.443269e+01,8.430836e+01,8.443269e+01,8.455693e+01,8.458559e+01,8.461424e+01,8.464288e+01,8.464288e+01,8.464288e+01,8.464288e+01,8.503387e+01,8.473833e+01,8.504339e+01,8.507196e+01,8.510052e+01,8.510052e+01,8.510052e+01,8.510052e+01,8.510052e+01,8.510052e+01,8.510052e+01,8.510052e+01,8.510052e+01,8.510052e+01,8.510052e+01,8.510052e+01,8.510052e+01,8.510052e+01,8.510052e+01,8.510052e+01,8.510052e+01,8.510052e+01,8.510052e+01,8.510052e+01,8.510052e+01,8.510052e+01,8.470971e+01,8.483372e+01,8.495765e+01,8.508148e+01,8.469062e+01,8.470016e+01,8.471925e+01,8.471925e+01,8.471925e+01,8.471925e+01,8.471925e+01,8.471925e+01,8.471925e+01,8.471925e+01,8.471925e+01,8.471925e+01,8.471925e+01,8.471925e+01,8.471925e+01,8.471925e+01,8.432750e+01,8.456648e+01,8.470016e+01,8.470016e+01,8.470016e+01,8.470016e+01,8.430836e+01,8.443269e+01,8.446137e+01,8.449004e+01,8.451871e+01,8.443269e+01,8.431793e+01,8.431793e+01,8.431793e+01,8.431793e+01,8.431793e+01,8.431793e+01,8.431793e+01,8.431793e+01,8.431793e+01,8.431793e+01,8.431793e+01,8.431793e+01,8.392519e+01,8.394437e+01,8.394437e+01,8.394437e+01,8.394437e+01,8.394437e+01,8.394437e+01,8.394437e+01,8.394437e+01,8.394437e+01,8.394437e+01,8.394437e+01,8.394437e+01,8.394437e+01,8.394437e+01,8.394437e+01,8.394437e+01,8.394437e+01,8.394437e+01,8.394437e+01,8.394437e+01,8.394437e+01,8.394437e+01,8.394437e+01,8.394437e+01,8.394437e+01,8.394437e+01,8.394437e+01,8.394437e+01,8.394437e+01,8.394437e+01,8.394437e+01,8.394437e+01,8.394437e+01,8.394437e+01,8.394437e+01,8.394437e+01,8.394437e+01,8.394437e+01,8.394437e+01,8.394437e+01,8.394437e+01,8.394437e+01,8.394437e+01,8.394437e+01,8.394437e+01,8.394437e+01,8.394437e+01,8.394437e+01,8.394437e+01,8.394437e+01,8.394437e+01,8.394437e+01,8.394437e+01,8.394437e+01,8.394437e+01,8.394437e+01,8.394437e+01,8.394437e+01,8.394437e+01,8.394437e+01,8.394437e+01,8.394437e+01,8.394437e+01,8.394437e+01,8.355070e+01,8.368523e+01,8.373325e+01,8.336794e+01,8.340643e+01,8.324276e+01,8.286665e+01,8.293423e+01,8.254770e+01,8.256705e+01,8.216022e+01,8.220871e+01,8.163560e+01,8.166479e+01,8.124586e+01,8.138239e+01,8.089426e+01,8.086491e+01,8.064961e+01,8.050264e+01,8.035553e+01,7.996255e+01,7.999207e+01,8.001173e+01,7.991336e+01,7.974599e+01,7.951925e+01,7.925266e+01,7.902519e+01,7.825125e+01,7.826120e+01,7.766322e+01,7.746336e+01,7.732330e+01,7.701272e+01,7.667134e+01,7.600645e+01,7.595596e+01,7.553115e+01,7.488150e+01,7.477973e+01,7.414722e+01,7.394260e+01,7.314188e+01,7.296678e+01,7.264694e+01,7.200515e+01,7.180790e+01,7.138135e+01,7.080715e+01,7.034615e+01,6.957800e+01,6.936683e+01,6.898592e+01,6.829558e+01,6.753763e+01,6.732338e+01,6.684013e+01,6.639836e+01,6.566257e+01,6.546716e+01,6.475915e+01,6.402551e+01,6.382775e+01,6.310013e+01,6.240193e+01,6.202362e+01,6.149889e+01,6.109558e+01,6.053341e+01,5.983298e+01,5.926542e+01,5.866111e+01,5.816876e+01,5.728245e+01,5.668045e+01,5.609895e+01,5.528040e+01,5.503381e+01,5.475140e+01,5.375800e+01,5.331794e+01,5.287632e+01,5.237314e+01,5.178352e+01,5.085126e+01,5.055924e+01,4.960534e+01,4.926109e+01,4.869342e+01,4.783687e+01,4.727495e+01,4.693653e+01,4.660974e+01,4.634513e+01,4.559853e+01,4.562392e+01,4.526802e+01,4.494934e+01,4.471936e+01,4.420667e+01,4.423236e+01,4.423236e+01,4.423236e+01,4.391084e+01,4.332988e+01,4.332988e+01,4.286300e+01,4.240727e+01,4.240727e+01,4.198902e+01,4.166120e+01,4.163493e+01,4.163493e+01,4.109513e+01,4.096309e+01,4.096309e+01,4.096309e+01,4.096309e+01,4.096309e+01,4.096309e+01,4.096309e+01,4.096309e+01,4.096309e+01,4.096309e+01,4.096309e+01,4.096309e+01,4.096309e+01,4.096309e+01,4.096309e+01,4.096309e+01,4.096309e+01,4.096309e+01,4.096309e+01,4.150351e+01,4.109513e+01,4.146405e+01,4.146405e+01,4.146405e+01,4.146405e+01,4.146405e+01,4.146405e+01,4.146405e+01,4.146405e+01,4.100272e+01,4.100272e+01,4.100272e+01,4.100272e+01,4.045991e+01,4.042009e+01,4.042009e+01,4.042009e+01,4.042009e+01,4.042009e+01,4.042009e+01,4.042009e+01,4.042009e+01,4.042009e+01,4.042009e+01,4.042009e+01,4.042009e+01,4.042009e+01,4.042009e+01,4.042009e+01,4.042009e+01,4.100272e+01,4.100272e+01,4.100272e+01,4.100272e+01,4.154295e+01,4.151666e+01,4.151666e+01,4.151666e+01,4.151666e+01,4.180556e+01,4.180556e+01,4.234202e+01,4.187111e+01,4.204139e+01,4.206756e+01,4.209373e+01,4.211989e+01,4.211989e+01,4.211989e+01,4.211989e+01,4.211989e+01,4.211989e+01,4.211989e+01,4.211989e+01,4.211989e+01,4.211989e+01,4.211989e+01,4.211989e+01,4.211989e+01,4.211989e+01,4.211989e+01,4.211989e+01,4.211989e+01,4.211989e+01,4.211989e+01,4.211989e+01,4.211989e+01,4.211989e+01,4.211989e+01,4.211989e+01,4.154295e+01,4.208064e+01,4.191043e+01,4.188422e+01,4.185801e+01,4.197593e+01,4.191043e+01,4.170059e+01,4.170059e+01,4.170059e+01,4.170059e+01,4.170059e+01,4.170059e+01,4.170059e+01,4.170059e+01,4.170059e+01,4.170059e+01,4.170059e+01,4.170059e+01,4.170059e+01,4.170059e+01,4.170059e+01,4.210681e+01,4.232896e+01,4.232896e+01,4.232896e+01,4.232896e+01,4.286300e+01,4.300586e+01,4.300586e+01,4.300586e+01,4.300586e+01,4.300586e+01,4.353678e+01,4.351093e+01,4.348509e+01,4.360136e+01,4.373041e+01,4.373041e+01,4.373041e+01,4.373041e+01,4.373041e+01,4.373041e+01,4.320038e+01,4.322629e+01,4.310964e+01,4.349801e+01,4.332988e+01,4.330399e+01,4.330399e+01,4.330399e+01,4.330399e+01,4.330399e+01,4.277200e+01,4.279800e+01,4.279800e+01,4.279800e+01,4.279800e+01,4.279800e+01,4.279800e+01,4.279800e+01,4.279800e+01,4.279800e+01,4.279800e+01,4.279800e+01,4.279800e+01,4.279800e+01,4.279800e+01,4.264187e+01,4.247248e+01,4.244640e+01,4.242032e+01,4.239423e+01,4.236813e+01,4.236813e+01,4.236813e+01,4.183178e+01,4.225061e+01,4.187111e+01,4.184489e+01,4.184489e+01,4.184489e+01,4.184489e+01,4.130609e+01,4.124021e+01,4.124021e+01,4.124021e+01,4.124021e+01,4.124021e+01,4.124021e+01
3.579882e+01,3.579882e+01,3.579882e+01,3.579882e+01,3.579882e+01,3.635102e+01,3.635102e+01,3.635102e+01,3.635102e+01,3.635102e+01,3.635102e+01,3.691414e+01,3.691414e+01,3.691414e+01,3.691414e+01,3.743349e+01,3.743349e+01,3.743349e+01,3.743349e+01,3.743349e+01,3.743349e+01,3.799113e+01,3.746076e+01,3.763783e+01,3.766505e+01,3.766505e+01,3.766505e+01,3.822152e+01,3.795042e+01,3.812671e+01,3.870784e+01,3.870784e+01,3.870784e+01,3.870784e+01,3.870784e+01,3.904433e+01,3.937980e+01,3.963409e+01,3.963409e+01,3.963409e+01,4.016756e+01,4.016756e+01,4.016756e+01,4.016756e+01,4.016756e+01,4.016756e+01,4.016756e+01,4.024737e+01,4.042009e+01,4.045991e+01,4.049971e+01,4.053951e+01,4.108194e+01,4.104234e+01,4.104234e+01,4.049971e+01,4.108194e+01,4.102913e+01,4.102913e+01,4.102913e+01,4.102913e+01,4.102913e+01,4.102913e+01,4.102913e+01,4.102913e+01,4.102913e+01,4.102913e+01,4.102913e+01,4.102913e+01,4.102913e+01,4.102913e+01,4.102913e+01,4.102913e+01,4.102913e+01,4.131926e+01,4.131926e+01,4.185801e+01,4.192353e+01,4.200212e+01,4.222448e+01,4.290198e+01,4.273298e+01,4.273298e+01,4.273298e+01,4.273298e+01,4.273298e+01,4.273298e+01,4.273298e+01,4.273298e+01,4.326514e+01,4.332988e+01,4.334282e+01,4.379488e+01,4.407814e+01,4.461700e+01,4.479607e+01,4.516614e+01,4.550964e+01,4.564930e+01,4.614313e+01,4.644600e+01,4.672296e+01,4.706199e+01,4.764986e+01,4.812306e+01,4.813549e+01,4.864392e+01,4.902694e+01,4.960534e+01,4.975258e+01,5.043736e+01,5.123954e+01,5.165076e+01,5.230109e+01,5.290023e+01,5.353221e+01,5.406631e+01,5.445656e+01,5.509256e+01,5.547967e+01,5.604066e+01,5.651790e+01,5.707438e+01,5.755935e+01,5.770909e+01,5.844379e+01,5.883242e+01,5.925404e+01,6.013846e+01,6.013846e+01,6.080355e+01,6.140937e+01,6.183406e+01,6.242415e+01,6.318853e+01,6.362969e+01,6.427780e+01,6.473730e+01,6.543456e+01,6.603096e+01,6.638757e+01,6.681861e+01,6.741984e+01,6.790110e+01,6.811447e+01,6.896473e+01,6.946189e+01,6.998889e+01,7.041959e+01,7.096397e+01,7.136050e+01,7.173516e+01,7.229534e+01,7.269857e+01,7.326535e+01,7.400402e+01,7.452502e+01,7.505434e+01,7.542983e+01,7.603674e+01,7.657079e+01,7.669144e+01,7.718312e+01,7.751334e+01,7.755332e+01,7.785283e+01,7.820151e+01,7.856924e+01,7.841033e+01,7.875773e+01,7.884694e+01,7.927242e+01,7.963759e+01,8.003139e+01,8.004123e+01,8.063003e+01,8.053205e+01,8.099200e+01,8.142136e+01,8.172317e+01,8.165507e+01,8.193699e+01,8.227657e+01,8.214082e+01,8.247996e+01,8.250900e+01,8.271209e+01,8.279905e+01,8.296317e+01,8.308857e+01,8.303071e+01,8.309821e+01,8.363720e+01,8.376205e+01,8.380045e+01,8.383884e+01,8.392519e+01,8.367562e+01,8.394437e+01,8.406898e+01,8.380045e+01,8.392519e+01,8.417435e+01,8.393478e+01,8.448049e+01,8.408815e+01,8.425095e+01,8.438489e+01,8.401148e+01,8.434663e+01,8.453783e+01,8.461424e+01,8.445181e+01,8.461424e+01,8.438489e+01,8.450916e+01,8.463334e+01,8.475742e+01,8.449004e+01,8.460469e+01,8.471925e+01,8.483372e+01,8.484326e+01,8.446137e+01,8.457603e+01,8.469062e+01,8.480511e+01,8.480511e+01,8.480511e+01,8.480511e+01,8.480511e+01,8.480511e+01,8.480511e+01,8.480511e+01,8.480511e+01,8.472879e+01,8.470016e+01,8.470016e+01,8.470016e+01,8.470016e+01,8.470016e+01,8.470016e+01,8.470016e+01,8.470016e+01,8.470016e+01,8.470016e+01,8.470016e+01,8.470016e+01,8.470016e+01,8.430836e+01,8.442313e+01,8.442313e+01,8.442313e+01,8.442313e+01,8.442313e+01,8.434663e+01,8.442313e+01,8.448049e+01,8.448049e+01,8.448049e+01,8.430836e+01,8.431793e+01,8.429879e+01,8.429879e+01,8.429879e+01,8.429879e+01,8.429879e+01,8.429879e+01,8.429879e+01,8.390601e+01,8.402106e+01,8.402106e+01,8.402106e+01,8.402106e+01,8.402106e+01,8.402106e+01,8.402106e+01,8.402106e+01,8.402106e+01,8.394437e+01,8.391560e+01,8.391560e+01,8.391560e+01,8.391560e+01,8.391560e+01,8.391560e+01,8.391560e+01,8.391560e+01,8.391560e+01,8.391560e+01,8.391560e+01,8.391560e+01,8.352185e+01,8.363720e+01,8.363720e+01,8.363720e+01,8.363720e+01,8.363720e+01,8.363720e+01,8.363720e+01,8.403065e+01,8.363720e+01,8.364680e+01,8.365641e+01,8.366602e+01,8.367562e+01,8.368523e+01,8.369483e+01,8.370444e+01,8.371404e+01,8.372365e+01,8.373325e+01,8.374285e+01,8.375246e+01,8.375246e+01,8.375246e+01,8.375246e+01,8.375246e+01,8.375246e+01,8.375246e+01,8.375246e+01,8.375246e+01,8.375246e+01,8.375246e+01,8.375246e+01,8.375246e+01,8.375246e+01,8.375246e+01,8.375246e+01,8.414562e+01,8.374285e+01,8.376205e+01,8.376205e+01,8.376205e+01,8.376205e+01,8.376205e+01,8.376205e+01,8.376205e+01,8.376205e+01,8.376205e+01,8.376205e+01,8.376205e+01,8.376205e+01,8.376205e+01,8.376205e+01,8.355070e+01,8.355070e+01,8.355070e+01,8.315604e+01,8.281837e+01,8.282803e+01,8.281837e+01,8.264442e+01,8.253802e+01,8.231533e+01,8.215053e+01,8.195641e+01,8.162588e+01,8.141162e+01,8.123611e+01,8.072794e+01,8.071815e+01,8.055165e+01,8.056145e+01,8.015917e+01,8.016899e+01,8.010021e+01,8.010021e+01,7.969672e+01,7.970658e+01,7.968687e+01,7.946992e+01,7.920323e+01,7.882712e+01,7.839045e+01,7.813184e+01,7.739335e+01,7.740335e+01,7.674169e+01,7.657079e+01,7.635941e+01,7.599635e+01,7.527772e+01,7.506450e+01,7.487132e+01,7.450462e+01,7.413699e+01,7.366592e+01,7.313158e+01,7.278115e+01,7.244022e+01,7.171437e+01,7.120411e+01,7.098487e+01,7.015712e+01,6.992576e+01,6.956745e+01,6.908125e+01,6.837009e+01,6.806116e+01,6.752692e+01,6.703363e+01,6.664635e+01,6.597684e+01,6.565173e+01,6.517350e+01,6.456244e+01,6.415720e+01,6.366272e+01,6.311118e+01,6.242415e+01,6.205704e+01,6.154363e+01,6.069106e+01,6.028529e+01,5.962894e+01,5.879817e+01,5.840944e+01,5.749018e+01,5.750171e+01,5.688915e+01,5.629696e+01,5.562015e+01,5.483384e+01,5.451558e+01,5.374612e+01,5.330602e+01,5.237314e+01,5.212078e+01,5.155413e+01,5.099701e+01,5.046174e+01,4.975258e+01,4.916256e+01,4.866867e+01,4.781195e+01,4.742506e+01,4.702436e+01,4.663491e+01,4.611785e+01,4.575077e+01,4.552234e+01,4.520436e+01,4.506417e+01,4.501315e+01,4.457859e+01,4.456579e+01,4.402669e+01,4.432222e+01,4.374331e+01,4.348509e+01,4.314854e+01,4.283701e+01,4.256372e+01,4.180556e+01,4.173996e+01,4.177932e+01,4.124021e+01,4.112152e+01,4.108194e+01,4.108194e+01,4.108194e+01,4.108194e+01,4.108194e+01,4.108194e+01,4.108194e+01,4.108194e+01,4.108194e+01,4.108194e+01,4.108194e+01,4.108194e+01,4.108194e+01,4.108194e+01,4.108194e+01,4.108194e+01,4.108194e+01,4.108194e+01,4.108194e+01,4.108194e+01,4.150351e+01,4.126657e+01,4.134560e+01,4.134560e+01,4.134560e+01,4.134560e+01,4.134560e+01,4.134560e+01,4.134560e+01,4.134560e+01,4.134560e+01,4.100272e+01,4.100272e+01,4.100272e+01,4.045991e+01,4.045991e+01,4.045991e+01,4.045991e+01,4.045991e+01,3.991448e+01,4.007439e+01,4.010102e+01,4.012764e+01,4.015426e+01,4.015426e+01,4.015426e+01,4.069854e+01,4.067204e+01,4.067204e+01,4.067204e+01,4.067204e+01,4.067204e+01,4.067204e+01,4.067204e+01,4.100272e+01,4.084412e+01,4.100272e+01,4.170059e+01,4.170059e+01,4.170059e+01,4.170059e+01,4.223754e+01,4.221141e+01,4.204139e+01,4.204139e+01,4.204139e+01,4.257675e+01,4.240727e+01,4.238118e+01,4.238118e+01,4.238118e+01,4.238118e+01,4.238118e+01,4.238118e+01,4.238118e+01,4.238118e+01,4.238118e+01,4.238118e+01,4.184489e+01,4.240727e+01,4.236813e+01,4.236813e+01,4.183178e+01,4.187111e+01,4.187111e+01,4.187111e+01,4.187111e+01,4.187111e+01,4.187111e+01,4.187111e+01,4.187111e+01,4.187111e+01,4.187111e+01,4.187111e+01,4.187111e+01,4.187111e+01,4.187111e+01,4.187111e+01,4.187111e+01,4.187111e+01,4.187111e+01,4.187111e+01,4.187111e+01,4.187111e+01,4.187111e+01,4.187111e+01,4.187111e+01,4.187111e+01,4.187111e+01,4.187111e+01,4.187111e+01,4.187111e+01,4.187111e+01,4.240727e+01,4.236813e+01,4.236813e+01,4.236813e+01,4.290198e+01,4.291497e+01,4.291497e+01,4.291497e+01,4.291497e+01,4.344630e+01,4.343337e+01,4.354969e+01,4.354969e+01,4.354969e+01,4.354969e+01,4.354969e+01,4.354969e+01,4.354969e+01,4.354969e+01,4.354969e+01,4.354969e+01,4.354969e+01,4.354969e+01,4.354969e+01,4.354969e+01,4.301883e+01,4.305776e+01,4.305776e+01,4.305776e+01,4.305776e+01,4.305776e+01,4.305776e+01,4.305776e+01,4.305776e+01,4.305776e+01,4.305776e+01,4.305776e+01,4.305776e+01,4.305776e+01,4.252463e+01,4.256372e+01,4.256372e+01,4.256372e+01,4.256372e+01,4.256372e+01,4.256372e+01,4.256372e+01,4.256372e+01,4.256372e+01,4.202830e+01,4.206756e+01,4.210681e+01,4.210681e+01,4.210681e+01,4.210681e+01,4.210681e+01,4.210681e+01,4.210681e+01,4.210681e+01,4.210681e+01,4.156924e+01,4.129292e+01,4.129292e+01,4.129292e+01,4.129292e+01,4.129292e+01,4.129292e+01,4.129292e+01
3.579882e+01,3.579882e+01,3.579882e+01,3.579882e+01,3.579882e+01,3.635102e+01,3.635102e+01,3.635102e+01,3.635102e+01,3.635102e+01,3.635102e+01,3.691414e+01,3.691414e+01,3.691414e+01,3.691414e+01,3.691414e+01,3.743349e+01,3.743349e+01,3.743349e+01,3.743349e+01,3.743349e+01,3.799113e+01,3.763783e+01,3.763783e+01,3.763783e+01,3.819444e+01,3.818090e+01,3.823506e+01,3.823506e+01,3.823506e+01,3.870784e+01,3.870784e+01,3.870784e+01,3.870784e+01,3.925914e+01,3.932619e+01,3.936640e+01,3.936640e+01,3.936640e+01,3.991448e+01,3.963409e+01,3.980775e+01,4.039353e+01,4.039353e+01,4.039353e+01,4.039353e+01,4.039353e+01,4.039353e+01,4.039353e+01,4.039353e+01,4.039353e+01,4.093666e+01,4.108194e+01,4.108194e+01,4.108194e+01,4.108194e+01,4.108194e+01,4.108194e+01,4.108194e+01,4.108194e+01,4.108194e+01,4.108194e+01,4.108194e+01,4.108194e+01,4.108194e+01,4.108194e+01,4.108194e+01,4.108194e+01,4.108194e+01,4.108194e+01,4.108194e+01,4.108194e+01,4.108194e+01,4.108194e+01,4.108194e+01,4.162180e+01,4.185801e+01,4.185801e+01,4.185801e+01,4.222448e+01,4.273298e+01,4.273298e+01,4.273298e+01,4.273298e+01,4.273298e+01,4.273298e+01,4.273298e+01,4.273298e+01,4.273298e+01,4.326514e+01,4.326514e+01,4.379488e+01,4.385932e+01,4.433505e+01,4.445048e+01,4.485996e+01,4.522983e+01,4.539525e+01,4.534438e+01,4.586481e+01,4.624417e+01,4.658456e+01,4.717478e+01,4.767481e+01,4.796139e+01,4.828452e+01,4.849534e+01,4.912558e+01,4.944563e+01,4.989964e+01,5.046174e+01,5.126377e+01,5.167491e+01,5.232511e+01,5.292414e+01,5.306748e+01,5.382922e+01,5.424385e+01,5.490445e+01,5.531559e+01,5.590064e+01,5.640166e+01,5.650628e+01,5.702810e+01,5.758240e+01,5.832926e+01,5.872966e+01,5.916299e+01,5.943594e+01,6.029658e+01,6.081479e+01,6.142057e+01,6.184522e+01,6.243526e+01,6.274594e+01,6.339826e+01,6.368473e+01,6.435449e+01,6.481374e+01,6.560832e+01,6.616074e+01,6.666790e+01,6.682937e+01,6.734483e+01,6.793313e+01,6.833816e+01,6.902830e+01,6.931399e+01,6.992576e+01,7.065015e+01,7.112063e+01,7.156877e+01,7.210886e+01,7.249193e+01,7.303890e+01,7.342982e+01,7.412677e+01,7.441280e+01,7.495269e+01,7.530815e+01,7.587513e+01,7.676178e+01,7.675174e+01,7.711298e+01,7.740335e+01,7.749335e+01,7.800236e+01,7.783288e+01,7.819155e+01,7.847987e+01,7.838052e+01,7.896580e+01,7.939095e+01,7.972629e+01,7.994288e+01,7.999207e+01,8.034572e+01,8.077687e+01,8.082579e+01,8.119707e+01,8.144086e+01,8.149931e+01,8.186899e+01,8.182040e+01,8.179123e+01,8.206320e+01,8.233471e+01,8.254770e+01,8.235408e+01,8.260574e+01,8.273141e+01,8.300177e+01,8.300177e+01,8.325240e+01,8.302106e+01,8.318496e+01,8.331017e+01,8.338718e+01,8.362759e+01,8.339680e+01,8.344491e+01,8.381005e+01,8.354108e+01,8.402106e+01,8.379086e+01,8.378126e+01,8.397313e+01,8.402106e+01,8.410731e+01,8.419350e+01,8.375246e+01,8.395396e+01,8.407857e+01,8.427009e+01,8.392519e+01,8.417435e+01,8.403065e+01,8.418393e+01,8.422223e+01,8.397313e+01,8.420308e+01,8.443269e+01,8.445181e+01,8.444225e+01,8.444225e+01,8.444225e+01,8.444225e+01,8.444225e+01,8.444225e+01,8.444225e+01,8.444225e+01,8.444225e+01,8.444225e+01,8.444225e+01,8.444225e+01,8.444225e+01,8.444225e+01,8.444225e+01,8.444225e+01,8.444225e+01,8.444225e+01,8.444225e+01,8.444225e+01,8.444225e+01,8.444225e+01,8.444225e+01,8.444225e+01,8.430836e+01,8.431793e+01,8.429879e+01,8.429879e+01,8.429879e+01,8.429879e+01,8.429879e+01,8.429879e+01,8.429879e+01,8.429879e+01,8.429879e+01,8.429879e+01,8.390601e+01,8.402106e+01,8.404982e+01,8.406898e+01,8.408815e+01,8.371404e+01,8.382925e+01,8.394437e+01,8.405940e+01,8.397313e+01,8.389641e+01,8.389641e+01,8.389641e+01,8.389641e+01,8.389641e+01,8.389641e+01,8.389641e+01,8.389641e+01,8.389641e+01,8.350262e+01,8.361798e+01,8.373325e+01,8.373325e+01,8.373325e+01,8.373325e+01,8.373325e+01,8.373325e+01,8.373325e+01,8.373325e+01,8.373325e+01,8.373325e+01,8.373325e+01,8.373325e+01,8.373325e+01,8.333906e+01,8.334868e+01,8.375246e+01,8.335831e+01,8.337756e+01,8.339680e+01,8.359875e+01,8.368523e+01,8.362759e+01,8.362759e+01,8.362759e+01,8.323313e+01,8.375246e+01,8.335831e+01,8.349300e+01,8.352185e+01,8.352185e+01,8.352185e+01,8.352185e+01,8.352185e+01,8.352185e+01,8.352185e+01,8.352185e+01,8.352185e+01,8.352185e+01,8.352185e+01,8.352185e+01,8.352185e+01,8.352185e+01,8.352185e+01,8.352185e+01,8.352185e+01,8.352185e+01,8.352185e+01,8.352185e+01,8.352185e+01,8.352185e+01,8.352185e+01,8.352185e+01,8.352185e+01,8.352185e+01,8.352185e+01,8.352185e+01,8.352185e+01,8.352185e+01,8.352185e+01,8.352185e+01,8.352185e+01,8.352185e+01,8.352185e+01,8.352185e+01,8.352185e+01,8.312713e+01,8.325240e+01,8.316568e+01,8.295352e+01,8.281837e+01,8.281837e+01,8.242188e+01,8.254770e+01,8.196613e+01,8.200497e+01,8.202438e+01,8.171344e+01,8.115804e+01,8.119707e+01,8.070836e+01,8.069857e+01,8.069857e+01,8.069857e+01,8.029665e+01,8.015917e+01,8.015917e+01,7.975584e+01,7.976569e+01,7.968687e+01,7.928230e+01,7.931194e+01,7.926254e+01,7.902519e+01,7.845007e+01,7.793259e+01,7.776304e+01,7.738335e+01,7.714304e+01,7.674169e+01,7.637955e+01,7.616790e+01,7.560204e+01,7.521683e+01,7.473901e+01,7.463715e+01,7.431071e+01,7.372746e+01,7.302860e+01,7.280179e+01,7.216068e+01,7.193251e+01,7.148550e+01,7.112063e+01,7.035664e+01,7.009406e+01,6.971510e+01,6.913417e+01,6.884812e+01,6.828493e+01,6.784771e+01,6.707659e+01,6.679709e+01,6.643073e+01,6.566257e+01,6.545629e+01,6.471545e+01,6.432163e+01,6.393765e+01,6.318853e+01,6.286780e+01,6.220178e+01,6.156599e+01,6.129739e+01,6.046579e+01,5.977634e+01,5.937912e+01,5.856964e+01,5.835218e+01,5.767455e+01,5.691232e+01,5.663403e+01,5.606398e+01,5.556164e+01,5.496326e+01,5.392411e+01,5.348463e+01,5.306748e+01,5.250512e+01,5.200044e+01,5.149369e+01,5.093630e+01,5.040077e+01,4.969125e+01,4.910093e+01,4.860680e+01,4.794894e+01,4.750004e+01,4.703690e+01,4.638297e+01,4.625679e+01,4.599140e+01,4.552234e+01,4.530621e+01,4.478329e+01,4.465540e+01,4.457859e+01,4.423236e+01,4.420667e+01,4.410386e+01,4.342044e+01,4.339457e+01,4.308371e+01,4.277200e+01,4.228979e+01,4.234202e+01,4.210681e+01,4.183178e+01,4.149036e+01,4.149036e+01,4.149036e+01,4.149036e+01,4.108194e+01,4.108194e+01,4.108194e+01,4.108194e+01,4.108194e+01,4.108194e+01,4.108194e+01,4.108194e+01,4.108194e+01,4.108194e+01,4.108194e+01,4.108194e+01,4.108194e+01,4.108194e+01,4.108194e+01,4.108194e+01,4.108194e+01,4.108194e+01,4.108194e+01,4.108194e+01,4.162180e+01,4.159552e+01,4.159552e+01,4.159552e+01,4.159552e+01,4.159552e+01,4.105554e+01,4.108194e+01,4.137194e+01,4.113472e+01,4.059254e+01,4.100272e+01,4.065880e+01,4.065880e+01,4.065880e+01,4.011433e+01,3.999446e+01,3.990114e+01,3.990114e+01,3.990114e+01,3.990114e+01,3.990114e+01,3.990114e+01,3.990114e+01,4.015426e+01,4.032712e+01,4.035369e+01,4.038025e+01,4.040681e+01,4.040681e+01,4.094987e+01,4.097630e+01,4.098951e+01,4.098951e+01,4.098951e+01,4.098951e+01,4.170059e+01,4.170059e+01,4.170059e+01,4.170059e+01,4.221141e+01,4.221141e+01,4.221141e+01,4.221141e+01,4.221141e+01,4.221141e+01,4.221141e+01,4.221141e+01,4.221141e+01,4.221141e+01,4.221141e+01,4.221141e+01,4.221141e+01,4.221141e+01,4.221141e+01,4.221141e+01,4.221141e+01,4.221141e+01,4.221141e+01,4.221141e+01,4.221141e+01,4.221141e+01,4.221141e+01,4.221141e+01,4.221141e+01,4.221141e+01,4.221141e+01,4.221141e+01,4.221141e+01,4.221141e+01,4.221141e+01,4.221141e+01,4.187111e+01,4.187111e+01,4.187111e+01,4.187111e+01,4.187111e+01,4.187111e+01,4.187111e+01,4.187111e+01,4.187111e+01,4.187111e+01,4.187111e+01,4.187111e+01,4.187111e+01,4.187111e+01,4.187111e+01,4.187111e+01,4.187111e+01,4.187111e+01,4.187111e+01,4.240727e+01,4.240727e+01,4.240727e+01,4.240727e+01,4.290198e+01,4.290198e+01,4.290198e+01,4.290198e+01,4.343337e+01,4.345923e+01,4.345923e+01,4.345923e+01,4.345923e+01,4.345923e+01,4.345923e+01,4.345923e+01,4.345923e+01,4.345923e+01,4.345923e+01,4.345923e+01,4.345923e+01,4.345923e+01,4.345923e+01,4.345923e+01,4.345923e+01,4.345923e+01,4.345923e+01,4.345923e+01,4.305776e+01,4.305776e+01,4.305776e+01,4.305776e+01,4.305776e+01,4.305776e+01,4.305776e+01,4.305776e+01,4.305776e+01,4.305776e+01,4.252463e+01,4.251160e+01,4.251160e+01,4.251160e+01,4.304479e+01,4.287599e+01,4.231591e+01,4.231591e+01,4.231591e+01,4.231591e+01,4.231591e+01,4.231591e+01,4.231591e+01,4.231591e+01,4.231591e+01,4.231591e+01,4.231591e+01,4.177932e+01,4.181867e+01,4.185801e+01,4.185801e+01,4.185801e+01,4.185801e+01,4.129292e+01,4.183178e+01,4.166120e+01,4.108194e+01,4.108194e+01,4.108194e+01,4.108194e+01
3.579882e+01,3.579882e+01,3.579882e+01,3.579882e+01,3.579882e+01,3.579882e+01,3.635102e+01,3.635102e+01,3.635102e+01,3.635102e+01,3.635102e+01,3.635102e+01,3.691414e+01,3.691414e+01,3.691414e+01,3.691414e+01,3.743349e+01,3.743349e+01,3.743349e+01,3.743349e+01,3.743349e+01,3.743349e+01,3.743349e+01,3.799113e+01,3.755614e+01,3.790970e+01,3.796399e+01,3.796399e+01,3.796399e+01,3.851897e+01,3.869437e+01,3.869437e+01,3.869437e+01,3.869437e+01,3.869437e+01,3.932619e+01,3.932619e+01,3.932619e+01,3.932619e+01,3.991448e+01,3.974099e+01,3.960735e+01,3.999446e+01,4.004775e+01,4.010102e+01,4.015426e+01,4.015426e+01,4.015426e+01,4.069854e+01,4.064555e+01,4.043336e+01,4.073826e+01,4.073826e+01,4.073826e+01,4.073826e+01,4.108194e+01,4.108194e+01,4.108194e+01,4.108194e+01,4.108194e+01,4.108194e+01,4.108194e+01,4.108194e+01,4.108194e+01,4.108194e+01,4.108194e+01,4.108194e+01,4.108194e+01,4.108194e+01,4.108194e+01,4.108194e+01,4.108194e+01,4.108194e+01,4.108194e+01,4.162180e+01,4.163493e+01,4.163493e+01,4.217220e+01,4.219834e+01,4.245945e+01,4.253766e+01,4.253766e+01,4.253766e+01,4.253766e+01,4.253766e+01,4.253766e+01,4.253766e+01,4.253766e+01,4.307073e+01,4.325219e+01,4.304479e+01,4.338164e+01,4.371751e+01,4.400096e+01,4.423236e+01,4.470657e+01,4.497487e+01,4.497487e+01,4.534438e+01,4.572541e+01,4.616840e+01,4.677325e+01,4.723740e+01,4.702436e+01,4.750004e+01,4.791159e+01,4.838377e+01,4.886647e+01,4.940875e+01,4.992413e+01,5.052269e+01,5.082695e+01,5.143323e+01,5.213282e+01,5.255308e+01,5.294804e+01,5.375800e+01,5.422019e+01,5.444475e+01,5.504556e+01,5.570202e+01,5.602900e+01,5.637840e+01,5.693549e+01,5.752477e+01,5.830635e+01,5.827196e+01,5.883242e+01,5.931091e+01,5.973100e+01,6.043196e+01,6.121895e+01,6.165541e+01,6.211273e+01,6.262397e+01,6.314434e+01,6.362969e+01,6.386073e+01,6.449680e+01,6.535847e+01,6.553233e+01,6.607423e+01,6.661404e+01,6.713028e+01,6.771948e+01,6.812513e+01,6.868896e+01,6.916592e+01,6.934570e+01,7.024117e+01,7.045105e+01,7.105799e+01,7.132924e+01,7.228498e+01,7.239884e+01,7.294617e+01,7.375821e+01,7.394260e+01,7.463715e+01,7.504418e+01,7.566277e+01,7.607710e+01,7.642990e+01,7.680196e+01,7.706286e+01,7.709293e+01,7.722318e+01,7.756332e+01,7.752335e+01,7.788274e+01,7.822141e+01,7.878748e+01,7.878748e+01,7.923289e+01,7.951925e+01,7.949952e+01,8.000190e+01,8.005106e+01,8.042420e+01,8.050264e+01,8.081601e+01,8.119707e+01,8.109946e+01,8.122635e+01,8.147009e+01,8.188842e+01,8.181068e+01,8.169398e+01,8.193699e+01,8.224749e+01,8.261541e+01,8.241219e+01,8.265409e+01,8.245092e+01,8.248964e+01,8.277973e+01,8.303071e+01,8.279905e+01,8.297282e+01,8.301141e+01,8.337756e+01,8.312713e+01,8.322350e+01,8.313677e+01,8.322350e+01,8.334868e+01,8.327165e+01,8.343529e+01,8.363720e+01,8.333906e+01,8.343529e+01,8.369483e+01,8.346415e+01,8.365641e+01,8.375246e+01,8.352185e+01,8.363720e+01,8.390601e+01,8.392519e+01,8.359875e+01,8.397313e+01,8.417435e+01,8.382925e+01,8.394437e+01,8.366602e+01,8.378126e+01,8.389641e+01,8.401148e+01,8.412646e+01,8.384844e+01,8.395396e+01,8.405940e+01,8.416478e+01,8.418393e+01,8.420308e+01,8.382925e+01,8.393478e+01,8.404024e+01,8.375246e+01,8.384844e+01,8.394437e+01,8.404024e+01,8.413605e+01,8.414562e+01,8.376205e+01,8.385803e+01,8.395396e+01,8.404982e+01,8.405940e+01,8.405940e+01,8.405940e+01,8.366602e+01,8.376205e+01,8.385803e+01,8.395396e+01,8.365641e+01,8.374285e+01,8.382925e+01,8.382925e+01,8.381965e+01,8.381965e+01,8.381965e+01,8.381965e+01,8.381965e+01,8.342567e+01,8.353147e+01,8.363720e+01,8.334868e+01,8.382925e+01,8.343529e+01,8.353147e+01,8.362759e+01,8.360837e+01,8.358915e+01,8.356992e+01,8.327165e+01,8.335831e+01,8.335831e+01,8.334868e+01,8.334868e+01,8.334868e+01,8.334868e+01,8.334868e+01,8.334868e+01,8.334868e+01,8.334868e+01,8.334868e+01,8.334868e+01,8.334868e+01,8.334868e+01,8.334868e+01,8.334868e+01,8.334868e+01,8.334868e+01,8.334868e+01,8.334868e+01,8.334868e+01,8.334868e+01,8.334868e+01,8.334868e+01,8.334868e+01,8.334868e+01,8.334868e+01,8.334868e+01,8.295352e+01,8.322350e+01,8.321386e+01,8.321386e+01,8.321386e+01,8.321386e+01,8.321386e+01,8.321386e+01,8.321386e+01,8.321386e+01,8.321386e+01,8.321386e+01,8.321386e+01,8.321386e+01,8.321386e+01,8.352185e+01,8.352185e+01,8.312713e+01,8.321386e+01,8.319460e+01,8.328129e+01,8.326202e+01,8.324276e+01,8.322350e+01,8.320422e+01,8.368523e+01,8.368523e+01,8.368523e+01,8.368523e+01,8.368523e+01,8.329092e+01,8.327165e+01,8.325240e+01,8.323313e+01,8.321386e+01,8.319460e+01,8.329092e+01,8.327165e+01,8.325240e+01,8.323313e+01,8.315604e+01,8.311749e+01,8.272176e+01,8.275074e+01,8.278939e+01,8.278939e+01,8.239282e+01,8.238314e+01,8.227657e+01,8.197584e+01,8.157721e+01,8.162588e+01,8.146034e+01,8.116779e+01,8.096268e+01,8.071815e+01,8.071815e+01,8.031628e+01,8.031628e+01,7.988383e+01,7.998222e+01,7.974599e+01,7.972629e+01,7.972629e+01,7.972629e+01,7.928230e+01,7.928230e+01,7.887666e+01,7.830098e+01,7.808205e+01,7.791266e+01,7.752335e+01,7.730328e+01,7.693246e+01,7.654061e+01,7.608720e+01,7.590545e+01,7.539942e+01,7.483063e+01,7.471864e+01,7.445361e+01,7.367618e+01,7.345036e+01,7.294617e+01,7.257462e+01,7.207775e+01,7.170398e+01,7.127711e+01,7.071297e+01,7.029366e+01,6.986259e+01,6.950413e+01,6.881631e+01,6.818907e+01,6.795448e+01,6.763393e+01,6.718394e+01,6.666790e+01,6.599850e+01,6.564088e+01,6.519527e+01,6.449680e+01,6.432163e+01,6.348647e+01,6.312224e+01,6.262397e+01,6.197904e+01,6.121895e+01,6.100580e+01,6.024013e+01,5.976500e+01,5.936776e+01,5.874108e+01,5.777814e+01,5.742097e+01,5.681963e+01,5.637840e+01,5.583058e+01,5.506907e+01,5.470427e+01,5.417286e+01,5.318681e+01,5.284045e+01,5.249313e+01,5.198840e+01,5.098487e+01,5.066883e+01,5.016879e+01,4.916256e+01,4.882941e+01,4.837137e+01,4.791159e+01,4.746255e+01,4.699928e+01,4.605464e+01,4.602935e+01,4.571273e+01,4.501315e+01,4.501315e+01,4.478329e+01,4.478329e+01,4.425804e+01,4.424520e+01,4.424520e+01,4.371751e+01,4.342044e+01,4.369171e+01,4.330399e+01,4.270695e+01,4.247248e+01,4.247248e+01,4.210681e+01,4.177932e+01,4.162180e+01,4.162180e+01,4.162180e+01,4.108194e+01,4.109513e+01,4.109513e+01,4.109513e+01,4.109513e+01,4.109513e+01,4.109513e+01,4.109513e+01,4.109513e+01,4.109513e+01,4.109513e+01,4.109513e+01,4.109513e+01,4.109513e+01,4.109513e+01,4.109513e+01,4.109513e+01,4.109513e+01,4.109513e+01,4.109513e+01,4.109513e+01,4.109513e+01,4.109513e+01,4.109513e+01,4.159552e+01,4.159552e+01,4.159552e+01,4.105554e+01,4.130609e+01,4.124021e+01,4.080443e+01,4.077797e+01,4.081766e+01,4.079120e+01,4.024737e+01,4.068529e+01,4.032712e+01,3.999446e+01,3.999446e+01,3.999446e+01,3.999446e+01,3.999446e+01,3.999446e+01,3.999446e+01,3.999446e+01,3.999446e+01,3.999446e+01,3.999446e+01,4.038025e+01,4.038025e+01,4.038025e+01,4.038025e+01,4.097630e+01,4.097630e+01,4.097630e+01,4.097630e+01,4.151666e+01,4.118748e+01,4.185801e+01,4.185801e+01,4.185801e+01,4.185801e+01,4.185801e+01,4.185801e+01,4.221141e+01,4.221141e+01,4.221141e+01,4.221141e+01,4.221141e+01,4.221141e+01,4.221141e+01,4.221141e+01,4.221141e+01,4.221141e+01,4.221141e+01,4.221141e+01,4.221141e+01,4.221141e+01,4.221141e+01,4.221141e+01,4.221141e+01,4.221141e+01,4.221141e+01,4.221141e+01,4.221141e+01,4.221141e+01,4.221141e+01,4.221141e+01,4.221141e+01,4.221141e+01,4.221141e+01,4.221141e+01,4.221141e+01,4.187111e+01,4.187111e+01,4.187111e+01,4.187111e+01,4.187111e+01,4.187111e+01,4.187111e+01,4.187111e+01,4.187111e+01,4.187111e+01,4.187111e+01,4.187111e+01,4.187111e+01,4.187111e+01,4.187111e+01,4.187111e+01,4.187111e+01,4.187111e+01,4.187111e+01,4.240727e+01,4.240727e+01,4.240727e+01,4.294094e+01,4.295393e+01,4.295393e+01,4.295393e+01,4.295393e+01,4.343337e+01,4.343337e+01,4.343337e+01,4.343337e+01,4.343337e+01,4.343337e+01,4.396235e+01,4.382066e+01,4.384644e+01,4.387220e+01,4.336870e+01,4.336870e+01,4.336870e+01,4.336870e+01,4.336870e+01,4.336870e+01,4.336870e+01,4.336870e+01,4.336870e+01,4.336870e+01,4.336870e+01,4.336870e+01,4.336870e+01,4.336870e+01,4.336870e+01,4.336870e+01,4.305776e+01,4.305776e+01,4.305776e+01,4.305776e+01,4.305776e+01,4.305776e+01,4.251160e+01,4.283701e+01,4.251160e+01,4.251160e+01,4.232896e+01,4.232896e+01,4.232896e+01,4.232896e+01,4.232896e+01,4.232896e+01,4.232896e+01,4.232896e+01,4.232896e+01,4.232896e+01,4.232896e+01,4.231591e+01,4.217220e+01,4.218526e+01,4.166120e+01,4.166120e+01,4.166120e+01,4.166120e+01,4.166120e+01,4.166120e+01,4.108194e+01,4.108194e+01,4.108194e+01,4.108194e+01
3.579882e+01,3.579882e+01,3.579882e+01,3.579882e+01,3.636478e+01,3.636478e+01,3.637855e+01,3.637855e+01,3.637855e+01,3.637855e+01,3.637855e+01,3.694154e+01,3.695523e+01,3.695523e+01,3.695523e+01,3.751528e+01,3.696893e+01,3.711944e+01,3.711944e+01,3.767866e+01,3.767866e+01,3.767866e+01,3.767866e+01,3.767866e+01,3.767866e+01,3.767866e+01,3.796399e+01,3.796399e+01,3.796399e+01,3.851897e+01,3.851897e+01,3.851897e+01,3.851897e+01,3.907120e+01,3.917863e+01,3.933960e+01,3.933960e+01,3.933960e+01,3.933960e+01,3.933960e+01,3.974099e+01,4.038025e+01,4.032712e+01,4.031383e+01,4.031383e+01,4.031383e+01,4.031383e+01,4.031383e+01,4.031383e+01,4.064555e+01,4.067204e+01,4.060579e+01,4.060579e+01,4.114791e+01,4.117429e+01,4.112152e+01,4.112152e+01,4.112152e+01,4.112152e+01,4.112152e+01,4.112152e+01,4.112152e+01,4.112152e+01,4.112152e+01,4.112152e+01,4.112152e+01,4.112152e+01,4.112152e+01,4.112152e+01,4.112152e+01,4.112152e+01,4.112152e+01,4.112152e+01,4.112152e+01,4.162180e+01,4.162180e+01,4.162180e+01,4.162180e+01,4.219834e+01,4.219834e+01,4.219834e+01,4.253766e+01,4.253766e+01,4.253766e+01,4.253766e+01,4.253766e+01,4.253766e+01,4.253766e+01,4.253766e+01,4.325219e+01,4.327810e+01,4.343337e+01,4.376910e+01,4.387220e+01,4.442484e+01,4.459140e+01,4.473215e+01,4.496211e+01,4.538253e+01,4.600405e+01,4.589014e+01,4.657197e+01,4.686120e+01,4.712466e+01,4.753751e+01,4.794894e+01,4.842097e+01,4.890352e+01,4.944563e+01,4.996087e+01,5.041297e+01,5.098487e+01,5.146951e+01,5.167491e+01,5.227707e+01,5.274473e+01,5.357978e+01,5.387667e+01,5.435025e+01,5.497503e+01,5.552652e+01,5.590064e+01,5.602900e+01,5.665725e+01,5.731709e+01,5.793913e+01,5.818023e+01,5.876392e+01,5.926542e+01,5.970833e+01,6.043196e+01,6.078106e+01,6.138699e+01,6.191214e+01,6.243526e+01,6.296742e+01,6.335414e+01,6.378376e+01,6.443114e+01,6.469360e+01,6.567342e+01,6.564088e+01,6.634440e+01,6.692616e+01,6.707659e+01,6.764463e+01,6.793313e+01,6.885873e+01,6.926112e+01,6.957800e+01,7.014661e+01,7.075484e+01,7.106844e+01,7.159998e+01,7.206738e+01,7.267792e+01,7.298739e+01,7.352225e+01,7.394260e+01,7.448421e+01,7.523713e+01,7.536900e+01,7.542983e+01,7.621832e+01,7.654061e+01,7.668140e+01,7.674169e+01,7.710296e+01,7.744336e+01,7.780296e+01,7.773310e+01,7.832087e+01,7.825125e+01,7.879739e+01,7.914391e+01,7.906477e+01,7.918346e+01,7.954884e+01,7.993304e+01,8.025739e+01,8.034572e+01,8.073773e+01,8.044382e+01,8.081601e+01,8.095291e+01,8.098223e+01,8.113851e+01,8.138239e+01,8.168426e+01,8.176206e+01,8.194670e+01,8.162588e+01,8.219901e+01,8.223779e+01,8.236377e+01,8.229595e+01,8.209232e+01,8.217962e+01,8.245092e+01,8.279905e+01,8.256705e+01,8.260574e+01,8.279905e+01,8.289561e+01,8.299212e+01,8.273141e+01,8.282803e+01,8.283768e+01,8.297282e+01,8.301141e+01,8.333906e+01,8.306928e+01,8.310785e+01,8.339680e+01,8.347377e+01,8.348338e+01,8.337756e+01,8.361798e+01,8.316568e+01,8.326202e+01,8.333906e+01,8.348338e+01,8.347377e+01,8.322350e+01,8.326202e+01,8.347377e+01,8.358915e+01,8.331017e+01,8.344491e+01,8.348338e+01,8.368523e+01,8.339680e+01,8.359875e+01,8.371404e+01,8.373325e+01,8.372365e+01,8.354108e+01,8.366602e+01,8.331017e+01,8.350262e+01,8.369483e+01,8.338718e+01,8.357954e+01,8.358915e+01,8.357954e+01,8.357954e+01,8.357954e+01,8.357954e+01,8.357954e+01,8.357954e+01,8.357954e+01,8.318496e+01,8.337756e+01,8.356992e+01,8.325240e+01,8.328129e+01,8.346415e+01,8.353147e+01,8.351224e+01,8.321386e+01,8.331017e+01,8.340643e+01,8.350262e+01,8.350262e+01,8.341605e+01,8.341605e+01,8.341605e+01,8.302106e+01,8.329092e+01,8.328129e+01,8.328129e+01,8.328129e+01,8.328129e+01,8.328129e+01,8.317532e+01,8.320422e+01,8.320422e+01,8.320422e+01,8.320422e+01,8.320422e+01,8.320422e+01,8.320422e+01,8.320422e+01,8.320422e+01,8.280871e+01,8.290527e+01,8.300177e+01,8.309821e+01,8.307893e+01,8.305964e+01,8.304035e+01,8.302106e+01,8.311749e+01,8.309821e+01,8.307893e+01,8.305964e+01,8.304035e+01,8.302106e+01,8.311749e+01,8.270242e+01,8.319460e+01,8.319460e+01,8.319460e+01,8.279905e+01,8.289561e+01,8.306928e+01,8.306928e+01,8.306928e+01,8.306928e+01,8.306928e+01,8.306928e+01,8.306928e+01,8.306928e+01,8.306928e+01,8.306928e+01,8.306928e+01,8.306928e+01,8.306928e+01,8.306928e+01,8.306928e+01,8.306928e+01,8.306928e+01,8.306928e+01,8.306928e+01,8.306928e+01,8.306928e+01,8.306928e+01,8.306928e+01,8.306928e+01,8.306928e+01,8.306928e+01,8.306928e+01,8.306928e+01,8.306928e+01,8.306928e+01,8.306928e+01,8.306928e+01,8.306928e+01,8.306928e+01,8.306928e+01,8.306928e+01,8.287630e+01,8.298248e+01,8.295352e+01,8.292457e+01,8.245092e+01,8.244124e+01,8.244124e+01,8.245092e+01,8.205350e+01,8.204379e+01,8.175234e+01,8.177179e+01,8.159667e+01,8.156747e+01,8.116779e+01,8.118732e+01,8.068878e+01,8.063982e+01,8.066920e+01,8.042420e+01,7.992320e+01,7.991336e+01,7.987399e+01,7.980508e+01,7.944031e+01,7.941070e+01,7.938107e+01,7.937120e+01,7.927242e+01,7.902519e+01,7.869823e+01,7.839045e+01,7.785283e+01,7.735332e+01,7.729327e+01,7.710296e+01,7.653055e+01,7.630904e+01,7.567289e+01,7.524728e+01,7.502385e+01,7.482045e+01,7.454541e+01,7.381970e+01,7.361463e+01,7.322421e+01,7.276051e+01,7.215031e+01,7.184945e+01,7.151673e+01,7.084899e+01,7.048251e+01,7.010457e+01,6.941965e+01,6.918708e+01,6.862524e+01,6.828493e+01,6.758044e+01,6.738769e+01,6.699065e+01,6.620398e+01,6.576019e+01,6.544543e+01,6.471545e+01,6.448586e+01,6.404747e+01,6.328792e+01,6.263506e+01,6.237970e+01,6.177826e+01,6.138699e+01,6.043196e+01,6.045451e+01,5.947002e+01,5.916299e+01,5.868396e+01,5.788166e+01,5.727090e+01,5.676165e+01,5.632023e+01,5.577216e+01,5.517477e+01,5.455098e+01,5.362733e+01,5.360356e+01,5.258904e+01,5.226505e+01,5.191612e+01,5.109408e+01,5.051050e+01,5.009545e+01,4.927340e+01,4.917488e+01,4.813549e+01,4.732501e+01,4.706199e+01,4.677325e+01,4.624417e+01,4.600405e+01,4.544611e+01,4.552234e+01,4.487273e+01,4.487273e+01,4.434788e+01,4.424520e+01,4.424520e+01,4.424520e+01,4.371751e+01,4.361427e+01,4.349801e+01,4.303181e+01,4.270695e+01,4.217220e+01,4.213297e+01,4.200212e+01,4.188422e+01,4.188422e+01,4.134560e+01,4.121385e+01,4.108194e+01,4.108194e+01,4.108194e+01,4.108194e+01,4.108194e+01,4.108194e+01,4.108194e+01,4.108194e+01,4.108194e+01,4.108194e+01,4.108194e+01,4.108194e+01,4.108194e+01,4.108194e+01,4.108194e+01,4.108194e+01,4.108194e+01,4.108194e+01,4.108194e+01,4.108194e+01,4.162180e+01,4.147721e+01,4.151666e+01,4.110833e+01,4.139826e+01,4.139826e+01,4.139826e+01,4.139826e+01,4.085734e+01,4.083089e+01,4.080443e+01,4.080443e+01,4.026067e+01,4.023407e+01,4.036697e+01,4.036697e+01,4.022078e+01,4.010102e+01,4.010102e+01,4.010102e+01,3.955385e+01,3.970091e+01,3.966082e+01,3.962072e+01,4.012764e+01,4.012764e+01,4.012764e+01,4.012764e+01,4.012764e+01,4.067204e+01,4.069854e+01,4.027396e+01,4.067204e+01,4.064555e+01,4.061905e+01,4.089701e+01,4.112152e+01,4.125339e+01,4.166120e+01,4.166120e+01,4.166120e+01,4.219834e+01,4.222448e+01,4.226367e+01,4.225061e+01,4.225061e+01,4.225061e+01,4.225061e+01,4.225061e+01,4.225061e+01,4.225061e+01,4.225061e+01,4.225061e+01,4.225061e+01,4.225061e+01,4.225061e+01,4.225061e+01,4.225061e+01,4.225061e+01,4.225061e+01,4.225061e+01,4.225061e+01,4.225061e+01,4.225061e+01,4.225061e+01,4.225061e+01,4.225061e+01,4.225061e+01,4.225061e+01,4.225061e+01,4.225061e+01,4.225061e+01,4.225061e+01,4.225061e+01,4.225061e+01,4.225061e+01,4.225061e+01,4.225061e+01,4.225061e+01,4.187111e+01,4.187111e+01,4.187111e+01,4.187111e+01,4.187111e+01,4.187111e+01,4.187111e+01,4.187111e+01,4.187111e+01,4.187111e+01,4.187111e+01,4.187111e+01,4.240727e+01,4.242032e+01,4.242032e+01,4.242032e+01,4.242032e+01,4.295393e+01,4.295393e+01,4.295393e+01,4.295393e+01,4.295393e+01,4.343337e+01,4.343337e+01,4.396235e+01,4.382066e+01,4.392372e+01,4.397522e+01,4.397522e+01,4.344630e+01,4.389796e+01,4.358844e+01,4.358844e+01,4.358844e+01,4.358844e+01,4.358844e+01,4.358844e+01,4.358844e+01,4.358844e+01,4.358844e+01,4.358844e+01,4.305776e+01,4.303181e+01,4.300586e+01,4.351093e+01,4.297990e+01,4.294094e+01,4.297990e+01,4.297990e+01,4.297990e+01,4.297990e+01,4.297990e+01,4.297990e+01,4.297990e+01,4.297990e+01,4.297990e+01,4.251160e+01,4.251160e+01,4.251160e+01,4.251160e+01,4.251160e+01,4.251160e+01,4.251160e+01,4.197593e+01,4.249856e+01,4.249856e+01,4.196283e+01,4.196283e+01,4.196283e+01,4.196283e+01,4.163493e+01,4.162180e+01,4.162180e+01,4.162180e+01,4.162180e+01,4.162180e+01,4.162180e+01,4.162180e+01,4.108194e+01,4.108194e+01,4.108194e+01
3.579882e+01,3.579882e+01,3.579882e+01,3.579882e+01,3.579882e+01,3.579882e+01,3.637855e+01,3.637855e+01,3.637855e+01,3.637855e+01,3.637855e+01,3.694154e+01,3.694154e+01,3.694154e+01,3.694154e+01,3.751528e+01,3.717413e+01,3.717413e+01,3.717413e+01,3.767866e+01,3.767866e+01,3.767866e+01,3.767866e+01,3.767866e+01,3.767866e+01,3.767866e+01,3.796399e+01,3.796399e+01,3.851897e+01,3.853247e+01,3.853247e+01,3.853247e+01,3.853247e+01,3.853247e+01,3.917863e+01,3.917863e+01,3.917863e+01,3.917863e+01,3.972763e+01,3.976770e+01,4.002111e+01,3.983444e+01,3.998114e+01,3.998114e+01,4.052624e+01,4.052624e+01,4.052624e+01,4.052624e+01,4.052624e+01,4.052624e+01,4.052624e+01,4.106874e+01,4.109513e+01,4.116110e+01,4.116110e+01,4.116110e+01,4.116110e+01,4.116110e+01,4.116110e+01,4.116110e+01,4.116110e+01,4.116110e+01,4.116110e+01,4.116110e+01,4.116110e+01,4.116110e+01,4.116110e+01,4.116110e+01,4.116110e+01,4.116110e+01,4.116110e+01,4.116110e+01,4.116110e+01,4.116110e+01,4.116110e+01,4.162180e+01,4.162180e+01,4.162180e+01,4.219834e+01,4.219834e+01,4.273298e+01,4.269394e+01,4.269394e+01,4.269394e+01,4.269394e+01,4.269394e+01,4.269394e+01,4.269394e+01,4.269394e+01,4.325219e+01,4.325219e+01,4.325219e+01,4.376910e+01,4.420667e+01,4.441201e+01,4.441201e+01,4.473215e+01,4.529348e+01,4.561123e+01,4.581414e+01,4.614313e+01,4.645860e+01,4.679838e+01,4.732501e+01,4.762490e+01,4.803603e+01,4.850772e+01,4.848294e+01,4.916256e+01,4.976484e+01,5.029094e+01,5.043736e+01,5.142113e+01,5.194022e+01,5.200044e+01,5.255308e+01,5.328218e+01,5.376987e+01,5.430297e+01,5.450378e+01,5.516303e+01,5.550310e+01,5.600567e+01,5.668045e+01,5.688915e+01,5.761696e+01,5.804251e+01,5.866111e+01,5.919714e+01,5.967431e+01,5.983298e+01,6.052214e+01,6.074731e+01,6.139818e+01,6.204590e+01,6.270160e+01,6.315539e+01,6.361868e+01,6.415720e+01,6.459524e+01,6.496648e+01,6.531496e+01,6.608505e+01,6.613912e+01,6.707659e+01,6.753763e+01,6.805049e+01,6.845518e+01,6.851898e+01,6.915534e+01,6.984153e+01,7.002045e+01,7.065015e+01,7.086990e+01,7.144385e+01,7.171437e+01,7.245056e+01,7.309040e+01,7.361463e+01,7.421877e+01,7.446381e+01,7.512545e+01,7.539942e+01,7.567289e+01,7.605692e+01,7.631911e+01,7.629896e+01,7.676178e+01,7.679192e+01,7.716309e+01,7.748335e+01,7.756332e+01,7.788274e+01,7.771313e+01,7.806213e+01,7.862879e+01,7.906477e+01,7.946004e+01,7.946992e+01,7.940083e+01,7.980508e+01,8.001173e+01,8.011004e+01,8.048304e+01,8.033591e+01,8.047323e+01,8.086491e+01,8.116779e+01,8.104086e+01,8.122635e+01,8.139213e+01,8.148956e+01,8.150905e+01,8.165507e+01,8.188842e+01,8.190785e+01,8.193699e+01,8.179123e+01,8.195641e+01,8.212142e+01,8.215053e+01,8.229595e+01,8.210202e+01,8.230564e+01,8.242188e+01,8.245092e+01,8.254770e+01,8.255737e+01,8.269276e+01,8.253802e+01,8.268309e+01,8.271209e+01,8.258640e+01,8.293423e+01,8.272176e+01,8.282803e+01,8.265409e+01,8.283768e+01,8.282803e+01,8.302106e+01,8.270242e+01,8.294388e+01,8.296317e+01,8.299212e+01,8.272176e+01,8.299212e+01,8.312713e+01,8.315604e+01,8.315604e+01,8.315604e+01,8.315604e+01,8.315604e+01,8.315604e+01,8.315604e+01,8.315604e+01,8.315604e+01,8.315604e+01,8.315604e+01,8.315604e+01,8.315604e+01,8.315604e+01,8.315604e+01,8.315604e+01,8.315604e+01,8.315604e+01,8.315604e+01,8.315604e+01,8.315604e+01,8.315604e+01,8.315604e+01,8.315604e+01,8.315604e+01,8.315604e+01,8.315604e+01,8.315604e+01,8.315604e+01,8.315604e+01,8.315604e+01,8.311749e+01,8.275074e+01,8.294388e+01,8.313677e+01,8.283768e+01,8.293423e+01,8.303071e+01,8.273141e+01,8.310785e+01,8.276041e+01,8.299212e+01,8.298248e+01,8.297282e+01,8.296317e+01,8.266376e+01,8.275074e+01,8.283768e+01,8.255737e+01,8.263475e+01,8.271209e+01,8.278939e+01,8.247028e+01,8.253802e+01,8.260574e+01,8.267342e+01,8.266376e+01,8.265409e+01,8.265409e+01,8.265409e+01,8.265409e+01,8.265409e+01,8.265409e+01,8.265409e+01,8.265409e+01,8.265409e+01,8.265409e+01,8.265409e+01,8.265409e+01,8.265409e+01,8.265409e+01,8.265409e+01,8.265409e+01,8.265409e+01,8.265409e+01,8.265409e+01,8.265409e+01,8.265409e+01,8.265409e+01,8.265409e+01,8.265409e+01,8.265409e+01,8.265409e+01,8.227657e+01,8.274108e+01,8.242188e+01,8.248964e+01,8.255737e+01,8.262508e+01,8.269276e+01,8.276041e+01,8.275074e+01,8.281837e+01,8.280871e+01,8.279905e+01,8.278939e+01,8.277973e+01,8.277007e+01,8.276041e+01,8.275074e+01,8.281837e+01,8.280871e+01,8.279905e+01,8.278939e+01,8.277973e+01,8.277007e+01,8.276041e+01,8.275074e+01,8.281837e+01,8.280871e+01,8.279905e+01,8.278939e+01,8.277973e+01,8.277007e+01,8.276041e+01,8.276041e+01,8.276041e+01,8.236377e+01,8.235408e+01,8.235408e+01,8.235408e+01,8.195641e+01,8.194670e+01,8.178151e+01,8.176206e+01,8.176206e+01,8.136288e+01,8.128488e+01,8.117756e+01,8.093336e+01,8.069857e+01,8.029665e+01,8.034572e+01,8.016899e+01,7.993304e+01,7.993304e+01,7.952911e+01,7.951925e+01,7.945018e+01,7.945018e+01,7.904498e+01,7.911423e+01,7.908456e+01,7.881721e+01,7.861887e+01,7.818160e+01,7.768318e+01,7.711298e+01,7.710296e+01,7.684212e+01,7.645004e+01,7.609729e+01,7.550076e+01,7.494253e+01,7.453521e+01,7.455560e+01,7.393237e+01,7.338872e+01,7.337844e+01,7.262628e+01,7.240919e+01,7.167278e+01,7.119368e+01,7.100577e+01,7.062921e+01,7.029366e+01,6.965184e+01,6.935626e+01,6.852961e+01,6.846582e+01,6.805049e+01,6.759114e+01,6.711954e+01,6.635519e+01,6.597684e+01,6.567342e+01,6.520616e+01,6.462804e+01,6.424492e+01,6.383874e+01,6.325480e+01,6.274594e+01,6.224628e+01,6.128619e+01,6.105070e+01,6.044324e+01,6.016106e+01,5.937912e+01,5.891229e+01,5.846668e+01,5.784716e+01,5.723624e+01,5.672686e+01,5.628532e+01,5.525694e+01,5.492798e+01,5.432661e+01,5.381735e+01,5.299583e+01,5.251711e+01,5.221698e+01,5.165076e+01,5.086341e+01,5.046174e+01,5.004652e+01,4.947022e+01,4.903927e+01,4.808577e+01,4.745005e+01,4.713719e+01,4.657197e+01,4.644600e+01,4.586481e+01,4.512791e+01,4.510242e+01,4.484719e+01,4.450174e+01,4.436071e+01,4.436071e+01,4.436071e+01,4.383355e+01,4.373041e+01,4.373041e+01,4.320038e+01,4.292796e+01,4.242032e+01,4.218526e+01,4.218526e+01,4.164807e+01,4.163493e+01,4.127974e+01,4.125339e+01,4.125339e+01,4.125339e+01,4.125339e+01,4.125339e+01,4.125339e+01,4.125339e+01,4.125339e+01,4.125339e+01,4.125339e+01,4.125339e+01,4.125339e+01,4.125339e+01,4.125339e+01,4.125339e+01,4.125339e+01,4.125339e+01,4.125339e+01,4.125339e+01,4.125339e+01,4.125339e+01,4.125339e+01,4.125339e+01,4.125339e+01,4.125339e+01,4.125339e+01,4.125339e+01,4.125339e+01,4.125339e+01,4.125339e+01,4.125339e+01,4.125339e+01,4.080443e+01,4.044664e+01,4.027396e+01,4.027396e+01,4.027396e+01,4.027396e+01,3.972763e+01,3.982109e+01,3.980775e+01,3.970091e+01,3.956723e+01,3.956723e+01,3.956723e+01,3.956723e+01,4.012764e+01,4.012764e+01,3.958060e+01,4.022078e+01,4.003443e+01,4.038025e+01,4.036697e+01,4.035369e+01,4.056602e+01,4.056602e+01,4.056602e+01,4.089701e+01,4.143774e+01,4.147721e+01,4.155610e+01,4.155610e+01,4.209373e+01,4.222448e+01,4.222448e+01,4.222448e+01,4.222448e+01,4.222448e+01,4.222448e+01,4.222448e+01,4.222448e+01,4.222448e+01,4.222448e+01,4.222448e+01,4.222448e+01,4.222448e+01,4.222448e+01,4.222448e+01,4.222448e+01,4.222448e+01,4.222448e+01,4.222448e+01,4.222448e+01,4.222448e+01,4.222448e+01,4.222448e+01,4.222448e+01,4.222448e+01,4.222448e+01,4.222448e+01,4.222448e+01,4.222448e+01,4.222448e+01,4.222448e+01,4.222448e+01,4.222448e+01,4.222448e+01,4.222448e+01,4.222448e+01,4.222448e+01,4.222448e+01,4.222448e+01,4.222448e+01,4.222448e+01,4.187111e+01,4.187111e+01,4.187111e+01,4.187111e+01,4.187111e+01,4.187111e+01,4.187111e+01,4.187111e+01,4.187111e+01,4.240727e+01,4.240727e+01,4.240727e+01,4.240727e+01,4.294094e+01,4.297990e+01,4.297990e+01,4.297990e+01,4.297990e+01,4.297990e+01,4.343337e+01,4.376910e+01,4.394947e+01,4.394947e+01,4.394947e+01,4.394947e+01,4.394947e+01,4.394947e+01,4.394947e+01,4.358844e+01,4.358844e+01,4.358844e+01,4.358844e+01,4.358844e+01,4.358844e+01,4.358844e+01,4.358844e+01,4.358844e+01,4.358844e+01,4.358844e+01,4.358844e+01,4.353678e+01,4.340751e+01,4.317446e+01,4.317446e+01,4.317446e+01,4.317446e+01,4.317446e+01,4.317446e+01,4.317446e+01,4.317446e+01,4.264187e+01,4.316150e+01,4.282401e+01,4.270695e+01,4.270695e+01,4.270695e+01,4.270695e+01,4.270695e+01,4.270695e+01,4.217220e+01,4.217220e+01,4.230285e+01,4.196283e+01,4.193663e+01,4.193663e+01,4.193663e+01,4.193663e+01,4.193663e+01,4.193663e+01,4.193663e+01,4.162180e+01,4.162180e+01,4.162180e+01,4.162180e+01,4.108194e+01,4.105554e+01,4.105554e+01,4.105554e+01
3.579882e+01,3.579882e+01,3.579882e+01,3.579882e+01,3.579882e+01,3.579882e+01,3.637855e+01,3.637855e+01,3.637855e+01,3.637855e+01,3.637855e+01,3.694154e+01,3.694154e+01,3.694154e+01,3.694154e+01,3.694154e+01,3.694154e+01,3.694154e+01,3.750165e+01,3.766505e+01,3.766505e+01,3.766505e+01,3.766505e+01,3.766505e+01,3.766505e+01,3.766505e+01,3.796399e+01,3.776026e+01,3.811316e+01,3.812671e+01,3.812671e+01,3.868088e+01,3.868088e+01,3.868088e+01,3.868088e+01,3.917863e+01,3.917863e+01,3.917863e+01,3.972763e+01,3.972763e+01,3.972763e+01,3.972763e+01,4.027396e+01,4.038025e+01,3.996781e+01,4.061905e+01,4.061905e+01,4.061905e+01,4.007439e+01,4.073826e+01,4.052624e+01,4.087056e+01,4.087056e+01,4.087056e+01,4.087056e+01,4.087056e+01,4.087056e+01,4.087056e+01,4.087056e+01,4.087056e+01,4.087056e+01,4.087056e+01,4.087056e+01,4.087056e+01,4.087056e+01,4.087056e+01,4.087056e+01,4.087056e+01,4.087056e+01,4.087056e+01,4.087056e+01,4.087056e+01,4.087056e+01,4.116110e+01,4.149036e+01,4.159552e+01,4.159552e+01,4.213297e+01,4.222448e+01,4.255069e+01,4.270695e+01,4.270695e+01,4.270695e+01,4.270695e+01,4.270695e+01,4.270695e+01,4.270695e+01,4.270695e+01,4.270695e+01,4.325219e+01,4.325219e+01,4.325219e+01,4.376910e+01,4.401382e+01,4.401382e+01,4.441201e+01,4.501315e+01,4.487273e+01,4.526802e+01,4.557314e+01,4.595344e+01,4.631990e+01,4.642079e+01,4.693653e+01,4.743756e+01,4.789914e+01,4.818519e+01,4.844577e+01,4.917488e+01,4.931033e+01,5.033977e+01,5.074183e+01,5.115471e+01,5.155413e+01,5.186792e+01,5.245715e+01,5.322258e+01,5.374612e+01,5.410184e+01,5.459817e+01,5.504556e+01,5.563185e+01,5.556164e+01,5.625040e+01,5.683121e+01,5.710908e+01,5.764000e+01,5.836363e+01,5.850101e+01,5.899211e+01,5.998016e+01,6.035300e+01,6.085976e+01,6.140937e+01,6.159953e+01,6.235748e+01,6.286780e+01,6.338723e+01,6.398159e+01,6.442019e+01,6.468268e+01,6.520616e+01,6.536934e+01,6.622559e+01,6.663558e+01,6.675404e+01,6.735554e+01,6.777293e+01,6.819972e+01,6.889054e+01,6.903889e+01,6.957800e+01,6.986259e+01,7.038811e+01,7.103710e+01,7.161038e+01,7.191175e+01,7.263661e+01,7.282242e+01,7.350172e+01,7.404495e+01,7.436176e+01,7.480009e+01,7.536900e+01,7.532844e+01,7.565265e+01,7.558179e+01,7.605692e+01,7.641983e+01,7.685217e+01,7.672160e+01,7.702275e+01,7.740335e+01,7.773310e+01,7.763326e+01,7.786280e+01,7.837057e+01,7.877756e+01,7.888657e+01,7.880730e+01,7.927242e+01,7.953898e+01,7.954884e+01,7.993304e+01,8.003139e+01,7.997239e+01,8.042420e+01,8.038496e+01,8.048304e+01,8.036534e+01,8.062023e+01,8.080623e+01,8.091381e+01,8.087469e+01,8.116779e+01,8.127512e+01,8.099200e+01,8.114827e+01,8.139213e+01,8.163560e+01,8.134339e+01,8.156747e+01,8.178151e+01,8.164534e+01,8.183984e+01,8.194670e+01,8.172317e+01,8.180096e+01,8.200497e+01,8.207291e+01,8.228626e+01,8.238314e+01,8.228626e+01,8.242188e+01,8.244124e+01,8.216022e+01,8.222810e+01,8.247996e+01,8.254770e+01,8.266376e+01,8.236377e+01,8.225718e+01,8.234440e+01,8.239282e+01,8.246060e+01,8.268309e+01,8.242188e+01,8.251867e+01,8.258640e+01,8.265409e+01,8.272176e+01,8.278939e+01,8.246060e+01,8.251867e+01,8.257672e+01,8.263475e+01,8.269276e+01,8.275074e+01,8.280871e+01,8.247028e+01,8.252835e+01,8.258640e+01,8.264442e+01,8.270242e+01,8.276041e+01,8.281837e+01,8.287630e+01,8.286665e+01,8.285699e+01,8.245092e+01,8.250900e+01,8.256705e+01,8.262508e+01,8.268309e+01,8.274108e+01,8.279905e+01,8.246060e+01,8.250900e+01,8.249932e+01,8.247996e+01,8.266376e+01,8.243156e+01,8.245092e+01,8.259607e+01,8.231533e+01,8.241219e+01,8.257672e+01,8.226688e+01,8.253802e+01,8.258640e+01,8.263475e+01,8.264442e+01,8.266376e+01,8.226688e+01,8.236377e+01,8.238314e+01,8.238314e+01,8.238314e+01,8.238314e+01,8.238314e+01,8.238314e+01,8.238314e+01,8.238314e+01,8.238314e+01,8.238314e+01,8.238314e+01,8.238314e+01,8.238314e+01,8.238314e+01,8.238314e+01,8.238314e+01,8.238314e+01,8.238314e+01,8.238314e+01,8.238314e+01,8.238314e+01,8.238314e+01,8.238314e+01,8.238314e+01,8.238314e+01,8.238314e+01,8.225718e+01,8.230564e+01,8.235408e+01,8.234440e+01,8.233471e+01,8.238314e+01,8.197584e+01,8.242188e+01,8.234440e+01,8.242188e+01,8.243156e+01,8.204379e+01,8.256705e+01,8.256705e+01,8.216992e+01,8.230564e+01,8.244124e+01,8.250900e+01,8.255737e+01,8.253802e+01,8.251867e+01,8.249932e+01,8.208261e+01,8.215053e+01,8.261541e+01,8.221841e+01,8.235408e+01,8.242188e+01,8.248964e+01,8.246060e+01,8.252835e+01,8.249932e+01,8.247028e+01,8.244124e+01,8.247996e+01,8.254770e+01,8.251867e+01,8.248964e+01,8.246060e+01,8.252835e+01,8.249932e+01,8.207291e+01,8.206320e+01,8.204379e+01,8.211172e+01,8.207291e+01,8.199525e+01,8.153826e+01,8.160641e+01,8.167453e+01,8.127512e+01,8.126537e+01,8.123611e+01,8.083558e+01,8.084536e+01,8.038496e+01,8.020828e+01,7.977554e+01,7.989368e+01,7.990352e+01,7.949952e+01,7.948965e+01,7.946004e+01,7.946004e+01,7.905488e+01,7.904498e+01,7.901529e+01,7.860894e+01,7.861887e+01,7.823135e+01,7.781293e+01,7.760329e+01,7.739335e+01,7.712300e+01,7.653055e+01,7.634933e+01,7.572347e+01,7.550076e+01,7.527772e+01,7.475937e+01,7.426985e+01,7.420855e+01,7.370695e+01,7.339899e+01,7.270890e+01,7.256429e+01,7.176634e+01,7.144385e+01,7.120411e+01,7.075484e+01,7.012560e+01,6.993628e+01,6.915534e+01,6.896473e+01,6.849772e+01,6.819972e+01,6.741984e+01,6.718394e+01,6.644153e+01,6.610668e+01,6.544543e+01,6.524969e+01,6.495557e+01,6.442019e+01,6.382775e+01,6.357462e+01,6.304485e+01,6.231301e+01,6.199018e+01,6.164424e+01,6.076981e+01,6.035300e+01,5.991225e+01,5.916299e+01,5.892369e+01,5.801955e+01,5.758240e+01,5.701653e+01,5.672686e+01,5.580721e+01,5.517477e+01,5.466891e+01,5.410184e+01,5.380548e+01,5.298389e+01,5.263697e+01,5.157830e+01,5.130010e+01,5.113046e+01,5.016879e+01,4.982613e+01,4.895290e+01,4.866867e+01,4.786179e+01,4.757497e+01,4.697418e+01,4.624417e+01,4.614313e+01,4.563661e+01,4.530621e+01,4.530621e+01,4.484719e+01,4.460420e+01,4.460420e+01,4.407814e+01,4.397522e+01,4.384644e+01,4.384644e+01,4.384644e+01,4.320038e+01,4.316150e+01,4.283701e+01,4.211989e+01,4.232896e+01,4.197593e+01,4.131926e+01,4.127974e+01,4.127974e+01,4.127974e+01,4.127974e+01,4.127974e+01,4.127974e+01,4.127974e+01,4.127974e+01,4.127974e+01,4.127974e+01,4.127974e+01,4.127974e+01,4.127974e+01,4.127974e+01,4.127974e+01,4.127974e+01,4.127974e+01,4.127974e+01,4.127974e+01,4.127974e+01,4.127974e+01,4.127974e+01,4.127974e+01,4.127974e+01,4.127974e+01,4.127974e+01,4.127974e+01,4.127974e+01,4.127974e+01,4.127974e+01,4.127974e+01,4.127974e+01,4.073826e+01,4.064555e+01,4.055276e+01,4.055276e+01,4.055276e+01,4.027396e+01,3.994115e+01,3.974099e+01,3.974099e+01,3.974099e+01,3.974099e+01,3.974099e+01,3.974099e+01,3.974099e+01,3.974099e+01,3.974099e+01,3.974099e+01,3.974099e+01,4.022078e+01,4.026067e+01,4.027396e+01,4.027396e+01,4.027396e+01,4.027396e+01,4.056602e+01,4.079120e+01,4.118748e+01,4.088379e+01,4.101593e+01,4.118748e+01,4.145090e+01,4.180556e+01,4.189733e+01,4.185801e+01,4.181867e+01,4.231591e+01,4.231591e+01,4.231591e+01,4.231591e+01,4.231591e+01,4.231591e+01,4.231591e+01,4.231591e+01,4.231591e+01,4.231591e+01,4.231591e+01,4.231591e+01,4.231591e+01,4.231591e+01,4.231591e+01,4.231591e+01,4.231591e+01,4.231591e+01,4.231591e+01,4.231591e+01,4.231591e+01,4.231591e+01,4.231591e+01,4.231591e+01,4.177932e+01,4.240727e+01,4.240727e+01,4.240727e+01,4.187111e+01,4.238118e+01,4.184489e+01,4.236813e+01,4.236813e+01,4.236813e+01,4.236813e+01,4.183178e+01,4.235508e+01,4.213297e+01,4.197593e+01,4.197593e+01,4.197593e+01,4.197593e+01,4.197593e+01,4.197593e+01,4.197593e+01,4.197593e+01,4.251160e+01,4.201521e+01,4.255069e+01,4.255069e+01,4.255069e+01,4.294094e+01,4.294094e+01,4.294094e+01,4.294094e+01,4.294094e+01,4.347216e+01,4.356261e+01,4.366590e+01,4.366590e+01,4.366590e+01,4.366590e+01,4.366590e+01,4.366590e+01,4.366590e+01,4.366590e+01,4.366590e+01,4.366590e+01,4.366590e+01,4.366590e+01,4.366590e+01,4.366590e+01,4.366590e+01,4.366590e+01,4.366590e+01,4.366590e+01,4.366590e+01,4.313557e+01,4.323924e+01,4.325219e+01,4.325219e+01,4.325219e+01,4.325219e+01,4.325219e+01,4.325219e+01,4.325219e+01,4.271996e+01,4.269394e+01,4.277200e+01,4.285000e+01,4.282401e+01,4.282401e+01,4.282401e+01,4.282401e+01,4.282401e+01,4.282401e+01,4.282401e+01,4.282401e+01,4.270695e+01,4.242032e+01,4.218526e+01,4.218526e+01,4.218526e+01,4.218526e+01,4.218526e+01,4.164807e+01,4.166120e+01,4.160866e+01,4.160866e+01,4.160866e+01,4.160866e+01,4.160866e+01,4.160866e+01,4.105554e+01,4.105554e+01,4.105554e+01
3.579882e+01,3.579882e+01,3.579882e+01,3.579882e+01,3.579882e+01,3.579882e+01,3.579882e+01,3.637855e+01,3.637855e+01,3.637855e+01,3.637855e+01,3.694154e+01,3.694154e+01,3.694154e+01,3.694154e+01,3.750165e+01,3.739258e+01,3.741986e+01,3.752890e+01,3.752890e+01,3.752890e+01,3.752890e+01,3.752890e+01,3.752890e+01,3.808606e+01,3.814026e+01,3.812671e+01,3.815381e+01,3.815381e+01,3.815381e+01,3.815381e+01,3.868088e+01,3.868088e+01,3.868088e+01,3.923232e+01,3.925914e+01,3.925914e+01,3.925914e+01,3.972763e+01,3.972763e+01,3.972763e+01,3.972763e+01,4.027396e+01,4.015426e+01,4.019417e+01,4.043336e+01,4.043336e+01,4.043336e+01,4.043336e+01,4.043336e+01,4.043336e+01,4.043336e+01,4.087056e+01,4.087056e+01,4.087056e+01,4.087056e+01,4.087056e+01,4.087056e+01,4.087056e+01,4.087056e+01,4.087056e+01,4.087056e+01,4.087056e+01,4.087056e+01,4.087056e+01,4.087056e+01,4.087056e+01,4.087056e+01,4.087056e+01,4.087056e+01,4.087056e+01,4.087056e+01,4.087056e+01,4.116110e+01,4.138510e+01,4.138510e+01,4.192353e+01,4.210681e+01,4.242032e+01,4.244640e+01,4.244640e+01,4.244640e+01,4.244640e+01,4.244640e+01,4.297990e+01,4.296691e+01,4.243336e+01,4.297990e+01,4.308371e+01,4.322629e+01,4.322629e+01,4.322629e+01,4.376910e+01,4.376910e+01,4.376910e+01,4.441201e+01,4.483441e+01,4.505142e+01,4.531893e+01,4.562392e+01,4.600405e+01,4.621892e+01,4.663491e+01,4.696163e+01,4.746255e+01,4.777457e+01,4.811063e+01,4.864392e+01,4.900227e+01,4.944563e+01,4.986289e+01,5.085126e+01,5.116683e+01,5.143323e+01,5.201248e+01,5.246914e+01,5.323450e+01,5.362733e+01,5.424385e+01,5.460996e+01,5.505731e+01,5.546796e+01,5.576047e+01,5.626204e+01,5.671526e+01,5.724780e+01,5.765152e+01,5.820317e+01,5.862682e+01,5.900351e+01,5.952680e+01,5.998016e+01,6.056720e+01,6.099457e+01,6.153245e+01,6.183406e+01,6.242415e+01,6.302273e+01,6.324376e+01,6.375076e+01,6.433258e+01,6.473730e+01,6.523881e+01,6.564088e+01,6.606342e+01,6.651702e+01,6.718394e+01,6.758044e+01,6.798649e+01,6.852961e+01,6.900711e+01,6.944077e+01,6.952524e+01,7.011508e+01,7.082807e+01,7.129797e+01,7.135008e+01,7.208812e+01,7.259528e+01,7.291524e+01,7.352225e+01,7.413699e+01,7.420855e+01,7.478991e+01,7.459638e+01,7.537914e+01,7.516607e+01,7.570324e+01,7.571336e+01,7.615781e+01,7.636948e+01,7.655067e+01,7.698263e+01,7.691239e+01,7.753334e+01,7.756332e+01,7.770315e+01,7.811192e+01,7.830098e+01,7.860894e+01,7.856924e+01,7.888657e+01,7.879739e+01,7.918346e+01,7.936133e+01,7.965730e+01,7.959815e+01,7.967702e+01,7.985431e+01,8.007072e+01,8.027702e+01,8.054185e+01,8.026720e+01,8.048304e+01,8.042420e+01,8.054185e+01,8.055165e+01,8.092358e+01,8.082579e+01,8.100178e+01,8.107016e+01,8.094314e+01,8.119707e+01,8.127512e+01,8.114827e+01,8.126537e+01,8.127512e+01,8.156747e+01,8.172317e+01,8.147983e+01,8.173289e+01,8.150905e+01,8.157721e+01,8.178151e+01,8.181068e+01,8.182040e+01,8.170371e+01,8.159667e+01,8.173289e+01,8.185927e+01,8.186899e+01,8.193699e+01,8.169398e+01,8.180096e+01,8.207291e+01,8.183012e+01,8.183984e+01,8.199525e+01,8.212142e+01,8.184955e+01,8.196613e+01,8.201467e+01,8.199525e+01,8.210202e+01,8.220871e+01,8.191756e+01,8.202438e+01,8.213113e+01,8.216992e+01,8.215053e+01,8.225718e+01,8.192728e+01,8.203409e+01,8.214082e+01,8.184955e+01,8.206320e+01,8.216022e+01,8.219901e+01,8.217962e+01,8.216022e+01,8.221841e+01,8.227657e+01,8.193699e+01,8.203409e+01,8.213113e+01,8.216992e+01,8.215053e+01,8.219901e+01,8.219901e+01,8.219901e+01,8.194670e+01,8.195641e+01,8.201467e+01,8.216992e+01,8.217962e+01,8.217962e+01,8.217962e+01,8.178151e+01,8.208261e+01,8.216992e+01,8.185927e+01,8.189813e+01,8.189813e+01,8.187870e+01,8.200497e+01,8.165507e+01,8.207291e+01,8.207291e+01,8.207291e+01,8.207291e+01,8.207291e+01,8.207291e+01,8.207291e+01,8.207291e+01,8.207291e+01,8.207291e+01,8.167453e+01,8.170371e+01,8.213113e+01,8.172317e+01,8.176206e+01,8.180096e+01,8.183984e+01,8.187870e+01,8.191756e+01,8.195641e+01,8.199525e+01,8.203409e+01,8.207291e+01,8.205350e+01,8.209232e+01,8.167453e+01,8.176206e+01,8.184955e+01,8.188842e+01,8.192728e+01,8.195641e+01,8.165507e+01,8.170371e+01,8.174261e+01,8.185927e+01,8.184955e+01,8.193699e+01,8.192728e+01,8.190785e+01,8.188842e+01,8.199525e+01,8.170371e+01,8.181068e+01,8.189813e+01,8.193699e+01,8.157721e+01,8.162588e+01,8.200497e+01,8.191756e+01,8.173289e+01,8.212142e+01,8.212142e+01,8.212142e+01,8.212142e+01,8.212142e+01,8.212142e+01,8.212142e+01,8.212142e+01,8.212142e+01,8.212142e+01,8.212142e+01,8.212142e+01,8.212142e+01,8.212142e+01,8.212142e+01,8.210202e+01,8.167453e+01,8.170371e+01,8.173289e+01,8.176206e+01,8.139213e+01,8.137263e+01,8.136288e+01,8.136288e+01,8.136288e+01,8.096268e+01,8.092358e+01,8.050264e+01,8.049284e+01,8.007072e+01,8.006089e+01,7.961787e+01,7.960802e+01,7.960802e+01,7.960802e+01,7.920323e+01,7.916369e+01,7.918346e+01,7.869823e+01,7.868832e+01,7.870815e+01,7.865855e+01,7.819155e+01,7.815174e+01,7.792263e+01,7.773310e+01,7.756332e+01,7.694250e+01,7.676178e+01,7.651042e+01,7.610738e+01,7.564252e+01,7.545010e+01,7.465752e+01,7.442300e+01,7.424942e+01,7.354279e+01,7.347091e+01,7.277083e+01,7.268825e+01,7.188060e+01,7.169358e+01,7.139176e+01,7.055588e+01,7.031466e+01,7.010457e+01,6.922939e+01,6.913417e+01,6.867834e+01,6.797581e+01,6.778361e+01,6.734483e+01,6.650624e+01,6.636598e+01,6.585773e+01,6.546716e+01,6.508637e+01,6.425588e+01,6.400356e+01,6.375076e+01,6.285672e+01,6.260178e+01,6.223516e+01,6.147652e+01,6.127499e+01,6.051087e+01,6.014976e+01,5.947002e+01,5.908327e+01,5.863824e+01,5.781266e+01,5.759392e+01,5.668045e+01,5.643654e+01,5.607564e+01,5.540938e+01,5.443294e+01,5.422019e+01,5.362733e+01,5.310329e+01,5.196431e+01,5.149369e+01,5.089986e+01,5.083910e+01,5.055924e+01,4.951937e+01,4.885411e+01,4.835897e+01,4.776210e+01,4.726244e+01,4.676068e+01,4.642079e+01,4.597874e+01,4.576344e+01,4.552234e+01,4.517888e+01,4.450174e+01,4.445048e+01,4.462980e+01,4.428371e+01,4.428371e+01,4.384644e+01,4.384644e+01,4.384644e+01,4.320038e+01,4.294094e+01,4.251160e+01,4.214605e+01,4.210681e+01,4.164807e+01,4.188422e+01,4.127974e+01,4.127974e+01,4.127974e+01,4.127974e+01,4.127974e+01,4.127974e+01,4.127974e+01,4.127974e+01,4.127974e+01,4.127974e+01,4.127974e+01,4.127974e+01,4.127974e+01,4.127974e+01,4.127974e+01,4.127974e+01,4.127974e+01,4.127974e+01,4.127974e+01,4.127974e+01,4.127974e+01,4.127974e+01,4.127974e+01,4.127974e+01,4.127974e+01,4.127974e+01,4.127974e+01,4.127974e+01,4.127974e+01,4.127974e+01,4.127974e+01,4.127974e+01,4.073826e+01,4.073826e+01,4.073826e+01,4.019417e+01,4.014095e+01,4.003443e+01,4.003443e+01,4.003443e+01,4.003443e+01,3.974099e+01,3.974099e+01,3.974099e+01,3.974099e+01,3.974099e+01,3.974099e+01,3.974099e+01,3.974099e+01,3.974099e+01,3.974099e+01,3.974099e+01,4.027396e+01,4.027396e+01,4.027396e+01,4.027396e+01,4.056602e+01,4.047318e+01,4.075150e+01,4.130609e+01,4.135877e+01,4.141142e+01,4.166120e+01,4.171371e+01,4.171371e+01,4.225061e+01,4.179244e+01,4.210681e+01,4.210681e+01,4.210681e+01,4.210681e+01,4.210681e+01,4.210681e+01,4.264187e+01,4.269394e+01,4.274598e+01,4.270695e+01,4.222448e+01,4.222448e+01,4.222448e+01,4.222448e+01,4.222448e+01,4.222448e+01,4.222448e+01,4.222448e+01,4.222448e+01,4.222448e+01,4.222448e+01,4.222448e+01,4.222448e+01,4.222448e+01,4.222448e+01,4.222448e+01,4.222448e+01,4.222448e+01,4.222448e+01,4.222448e+01,4.222448e+01,4.222448e+01,4.222448e+01,4.222448e+01,4.222448e+01,4.222448e+01,4.222448e+01,4.222448e+01,4.222448e+01,4.222448e+01,4.222448e+01,4.222448e+01,4.222448e+01,4.222448e+01,4.222448e+01,4.222448e+01,4.222448e+01,4.222448e+01,4.255069e+01,4.255069e+01,4.255069e+01,4.294094e+01,4.294094e+01,4.294094e+01,4.294094e+01,4.347216e+01,4.349801e+01,4.349801e+01,4.349801e+01,4.349801e+01,4.402669e+01,4.406528e+01,4.410386e+01,4.406528e+01,4.357553e+01,4.357553e+01,4.357553e+01,4.357553e+01,4.357553e+01,4.357553e+01,4.357553e+01,4.357553e+01,4.357553e+01,4.357553e+01,4.357553e+01,4.357553e+01,4.357553e+01,4.357553e+01,4.357553e+01,4.357553e+01,4.325219e+01,4.325219e+01,4.325219e+01,4.325219e+01,4.325219e+01,4.325219e+01,4.325219e+01,4.325219e+01,4.277200e+01,4.277200e+01,4.277200e+01,4.277200e+01,4.277200e+01,4.277200e+01,4.277200e+01,4.277200e+01,4.223754e+01,4.227673e+01,4.228979e+01,4.228979e+01,4.228979e+01,4.228979e+01,4.228979e+01,4.228979e+01,4.228979e+01,4.164807e+01,4.164807e+01,4.164807e+01,4.164807e+01,4.164807e+01,4.164807e+01,4.164807e+01,4.110833e+01,4.156924e+01,4.098951e+01,4.098951e+01
3.579882e+01,3.579882e+01,3.579882e+01,3.579882e+01,3.579882e+01,3.579882e+01,3.636478e+01,3.639232e+01,3.639232e+01,3.639232e+01,3.639232e+01,3.639232e+01,3.694154e+01,3.694154e+01,3.694154e+01,3.750165e+01,3.750165e+01,3.750165e+01,3.750165e+01,3.750165e+01,3.750165e+01,3.750165e+01,3.750165e+01,3.750165e+01,3.750165e+01,3.750165e+01,3.756976e+01,3.765144e+01,3.826213e+01,3.826213e+01,3.826213e+01,3.868088e+01,3.868088e+01,3.868088e+01,3.868088e+01,3.925914e+01,3.925914e+01,3.925914e+01,3.972763e+01,3.972763e+01,3.972763e+01,3.972763e+01,4.027396e+01,4.027396e+01,4.027396e+01,4.027396e+01,4.027396e+01,4.027396e+01,4.027396e+01,4.027396e+01,4.081766e+01,4.092345e+01,4.093666e+01,4.093666e+01,4.093666e+01,4.093666e+01,4.093666e+01,4.093666e+01,4.093666e+01,4.093666e+01,4.093666e+01,4.093666e+01,4.093666e+01,4.093666e+01,4.093666e+01,4.093666e+01,4.093666e+01,4.093666e+01,4.093666e+01,4.093666e+01,4.093666e+01,4.093666e+01,4.093666e+01,4.147721e+01,4.150351e+01,4.130609e+01,4.166120e+01,4.205447e+01,4.227673e+01,4.227673e+01,4.281101e+01,4.283701e+01,4.286300e+01,4.243336e+01,4.278500e+01,4.245945e+01,4.255069e+01,4.279800e+01,4.279800e+01,4.279800e+01,4.322629e+01,4.354969e+01,4.374331e+01,4.374331e+01,4.374331e+01,4.441201e+01,4.465540e+01,4.507692e+01,4.539525e+01,4.570004e+01,4.591546e+01,4.592812e+01,4.633251e+01,4.687376e+01,4.724992e+01,4.763738e+01,4.777457e+01,4.829693e+01,4.886647e+01,4.931033e+01,4.972805e+01,5.009545e+01,5.060796e+01,5.121531e+01,5.179558e+01,5.225304e+01,5.301972e+01,5.341321e+01,5.390039e+01,5.446836e+01,5.491621e+01,5.519825e+01,5.569033e+01,5.619217e+01,5.664564e+01,5.717846e+01,5.758240e+01,5.813434e+01,5.808844e+01,5.899211e+01,5.950409e+01,5.994621e+01,6.052214e+01,6.047706e+01,6.108437e+01,6.170009e+01,6.227965e+01,6.272377e+01,6.315539e+01,6.365171e+01,6.422299e+01,6.461710e+01,6.510816e+01,6.549974e+01,6.591188e+01,6.635519e+01,6.657092e+01,6.703363e+01,6.750552e+01,6.811447e+01,6.865710e+01,6.908125e+01,6.948301e+01,7.005200e+01,7.031466e+01,7.077576e+01,7.114151e+01,7.184945e+01,7.192213e+01,7.253328e+01,7.320363e+01,7.327563e+01,7.365567e+01,7.422899e+01,7.453521e+01,7.465752e+01,7.475937e+01,7.528786e+01,7.518638e+01,7.527772e+01,7.593575e+01,7.599635e+01,7.600645e+01,7.643997e+01,7.664118e+01,7.713302e+01,7.715306e+01,7.754333e+01,7.794257e+01,7.788274e+01,7.809201e+01,7.844014e+01,7.871807e+01,7.896580e+01,7.881721e+01,7.914391e+01,7.920323e+01,7.934158e+01,7.932182e+01,7.969672e+01,7.965730e+01,7.984447e+01,7.991336e+01,7.975584e+01,7.981493e+01,7.999207e+01,8.027702e+01,8.011987e+01,8.017882e+01,8.041439e+01,8.054185e+01,8.033591e+01,8.061044e+01,8.074751e+01,8.080623e+01,8.098223e+01,8.065941e+01,8.097246e+01,8.113851e+01,8.080623e+01,8.098223e+01,8.100178e+01,8.085514e+01,8.107993e+01,8.116779e+01,8.123611e+01,8.089426e+01,8.134339e+01,8.146034e+01,8.116779e+01,8.123611e+01,8.131414e+01,8.133364e+01,8.121659e+01,8.141162e+01,8.143111e+01,8.149931e+01,8.131414e+01,8.145060e+01,8.147009e+01,8.163560e+01,8.133364e+01,8.137263e+01,8.151878e+01,8.123611e+01,8.132389e+01,8.147009e+01,8.161614e+01,8.169398e+01,8.173289e+01,8.179123e+01,8.138239e+01,8.152853e+01,8.163560e+01,8.169398e+01,8.144086e+01,8.157721e+01,8.165507e+01,8.169398e+01,8.173289e+01,8.143111e+01,8.144086e+01,8.142136e+01,8.154800e+01,8.167453e+01,8.174261e+01,8.177179e+01,8.145060e+01,8.147983e+01,8.147983e+01,8.149931e+01,8.153826e+01,8.162588e+01,8.141162e+01,8.144086e+01,8.146034e+01,8.141162e+01,8.148956e+01,8.174261e+01,8.143111e+01,8.145060e+01,8.150905e+01,8.152853e+01,8.154800e+01,8.162588e+01,8.131414e+01,8.131414e+01,8.133364e+01,8.135314e+01,8.137263e+01,8.139213e+01,8.141162e+01,8.143111e+01,8.145060e+01,8.147009e+01,8.142136e+01,8.140188e+01,8.161614e+01,8.173289e+01,8.130438e+01,8.136288e+01,8.142136e+01,8.147983e+01,8.153826e+01,8.119707e+01,8.124586e+01,8.129463e+01,8.134339e+01,8.139213e+01,8.140188e+01,8.139213e+01,8.136288e+01,8.142136e+01,8.151878e+01,8.156747e+01,8.121659e+01,8.124586e+01,8.126537e+01,8.131414e+01,8.135314e+01,8.147009e+01,8.147009e+01,8.155773e+01,8.155773e+01,8.115804e+01,8.155773e+01,8.166479e+01,8.168426e+01,8.168426e+01,8.168426e+01,8.168426e+01,8.168426e+01,8.168426e+01,8.168426e+01,8.168426e+01,8.168426e+01,8.168426e+01,8.168426e+01,8.168426e+01,8.168426e+01,8.168426e+01,8.168426e+01,8.168426e+01,8.168426e+01,8.168426e+01,8.168426e+01,8.168426e+01,8.168426e+01,8.168426e+01,8.168426e+01,8.168426e+01,8.168426e+01,8.168426e+01,8.168426e+01,8.128488e+01,8.126537e+01,8.123611e+01,8.083558e+01,8.083558e+01,8.083558e+01,8.078666e+01,8.075730e+01,8.068878e+01,8.011987e+01,8.007072e+01,8.004123e+01,7.980508e+01,7.962773e+01,7.922301e+01,7.922301e+01,7.917358e+01,7.873790e+01,7.873790e+01,7.870815e+01,7.825125e+01,7.865855e+01,7.825125e+01,7.820151e+01,7.814179e+01,7.798243e+01,7.758331e+01,7.759329e+01,7.691239e+01,7.686221e+01,7.618807e+01,7.600645e+01,7.577405e+01,7.517622e+01,7.512545e+01,7.457599e+01,7.407564e+01,7.360437e+01,7.348118e+01,7.279147e+01,7.228498e+01,7.222285e+01,7.180790e+01,7.108932e+01,7.090127e+01,7.048251e+01,6.994680e+01,6.945133e+01,6.915534e+01,6.842328e+01,6.817841e+01,6.790110e+01,6.749480e+01,6.672174e+01,6.643073e+01,6.607423e+01,6.566257e+01,6.505368e+01,6.480282e+01,6.416817e+01,6.393765e+01,6.347545e+01,6.276810e+01,6.232413e+01,6.203476e+01,6.117410e+01,6.109558e+01,6.063477e+01,5.999147e+01,5.949274e+01,5.866111e+01,5.837508e+01,5.782416e+01,5.681963e+01,5.659920e+01,5.588897e+01,5.567863e+01,5.465713e+01,5.435025e+01,5.390039e+01,5.341321e+01,5.291219e+01,5.212078e+01,5.166284e+01,5.072967e+01,5.051050e+01,5.025431e+01,4.929802e+01,4.886647e+01,4.838377e+01,4.779949e+01,4.731250e+01,4.694908e+01,4.629466e+01,4.613049e+01,4.576344e+01,4.529348e+01,4.485996e+01,4.451455e+01,4.451455e+01,4.451455e+01,4.398809e+01,4.389796e+01,4.385932e+01,4.385932e+01,4.332988e+01,4.310964e+01,4.312261e+01,4.283701e+01,4.200212e+01,4.218526e+01,4.188422e+01,4.154295e+01,4.129292e+01,4.129292e+01,4.129292e+01,4.129292e+01,4.129292e+01,4.129292e+01,4.129292e+01,4.129292e+01,4.129292e+01,4.129292e+01,4.129292e+01,4.129292e+01,4.129292e+01,4.129292e+01,4.129292e+01,4.129292e+01,4.129292e+01,4.129292e+01,4.129292e+01,4.129292e+01,4.129292e+01,4.129292e+01,4.129292e+01,4.129292e+01,4.129292e+01,4.129292e+01,4.129292e+01,4.129292e+01,4.129292e+01,4.129292e+01,4.129292e+01,4.075150e+01,4.064555e+01,4.064555e+01,4.064555e+01,4.064555e+01,4.014095e+01,4.014095e+01,4.014095e+01,3.959398e+01,3.959398e+01,3.962072e+01,3.962072e+01,3.962072e+01,3.962072e+01,3.962072e+01,3.962072e+01,3.962072e+01,3.962072e+01,3.962072e+01,4.016756e+01,3.971427e+01,4.008770e+01,4.008770e+01,4.008770e+01,4.008770e+01,4.056602e+01,4.071178e+01,4.108194e+01,4.075150e+01,4.135877e+01,4.135877e+01,4.135877e+01,4.171371e+01,4.151666e+01,4.217220e+01,4.211989e+01,4.211989e+01,4.211989e+01,4.211989e+01,4.211989e+01,4.211989e+01,4.211989e+01,4.264187e+01,4.264187e+01,4.264187e+01,4.264187e+01,4.264187e+01,4.264187e+01,4.264187e+01,4.264187e+01,4.222448e+01,4.222448e+01,4.222448e+01,4.222448e+01,4.222448e+01,4.222448e+01,4.222448e+01,4.222448e+01,4.222448e+01,4.222448e+01,4.222448e+01,4.222448e+01,4.222448e+01,4.222448e+01,4.222448e+01,4.222448e+01,4.222448e+01,4.222448e+01,4.222448e+01,4.222448e+01,4.222448e+01,4.222448e+01,4.222448e+01,4.222448e+01,4.222448e+01,4.222448e+01,4.222448e+01,4.222448e+01,4.222448e+01,4.222448e+01,4.222448e+01,4.222448e+01,4.222448e+01,4.275899e+01,4.273298e+01,4.273298e+01,4.273298e+01,4.273298e+01,4.326514e+01,4.330399e+01,4.338164e+01,4.356261e+01,4.356261e+01,4.356261e+01,4.356261e+01,4.356261e+01,4.402669e+01,4.402669e+01,4.402669e+01,4.402669e+01,4.402669e+01,4.402669e+01,4.402669e+01,4.402669e+01,4.402669e+01,4.402669e+01,4.402669e+01,4.402669e+01,4.357553e+01,4.357553e+01,4.357553e+01,4.357553e+01,4.357553e+01,4.357553e+01,4.357553e+01,4.357553e+01,4.357553e+01,4.357553e+01,4.325219e+01,4.325219e+01,4.325219e+01,4.325219e+01,4.325219e+01,4.325219e+01,4.325219e+01,4.277200e+01,4.277200e+01,4.277200e+01,4.277200e+01,4.277200e+01,4.277200e+01,4.277200e+01,4.277200e+01,4.227673e+01,4.227673e+01,4.227673e+01,4.227673e+01,4.227673e+01,4.227673e+01,4.227673e+01,4.227673e+01,4.218526e+01,4.162180e+01,4.162180e+01,4.162180e+01,4.162180e+01,4.162180e+01,4.162180e+01,4.110833e+01,4.116110e+01,4.101593e+01,4.101593e+01
3.579882e+01,3.579882e+01,3.579882e+01,3.579882e+01,3.579882e+01,3.579882e+01,3.636478e+01,3.636478e+01,3.636478e+01,3.636478e+01,3.636478e+01,3.636478e+01,3.694154e+01,3.694154e+01,3.694154e+01,3.694154e+01,3.750165e+01,3.750165e+01,3.750165e+01,3.750165e+01,3.750165e+01,3.750165e+01,3.750165e+01,3.750165e+01,3.805894e+01,3.803182e+01,3.800470e+01,3.808606e+01,3.823506e+01,3.823506e+01,3.823506e+01,3.823506e+01,3.868088e+01,3.868088e+01,3.868088e+01,3.925914e+01,3.925914e+01,3.925914e+01,3.972763e+01,3.972763e+01,3.972763e+01,3.972763e+01,3.972763e+01,4.027396e+01,4.027396e+01,4.027396e+01,4.027396e+01,4.027396e+01,4.027396e+01,4.081766e+01,4.036697e+01,4.049971e+01,4.101593e+01,4.101593e+01,4.101593e+01,4.101593e+01,4.101593e+01,4.101593e+01,4.101593e+01,4.101593e+01,4.101593e+01,4.101593e+01,4.101593e+01,4.101593e+01,4.101593e+01,4.101593e+01,4.101593e+01,4.101593e+01,4.101593e+01,4.101593e+01,4.101593e+01,4.101593e+01,4.101593e+01,4.101593e+01,4.150351e+01,4.154295e+01,4.175309e+01,4.198902e+01,4.198902e+01,4.227673e+01,4.265489e+01,4.265489e+01,4.265489e+01,4.265489e+01,4.318742e+01,4.291497e+01,4.288898e+01,4.291497e+01,4.291497e+01,4.291497e+01,4.291497e+01,4.354969e+01,4.354969e+01,4.407814e+01,4.362718e+01,4.414242e+01,4.462980e+01,4.491105e+01,4.531893e+01,4.556044e+01,4.591546e+01,4.615576e+01,4.664749e+01,4.697418e+01,4.733752e+01,4.757497e+01,4.751253e+01,4.807334e+01,4.863155e+01,4.906394e+01,4.985064e+01,5.040077e+01,5.082695e+01,5.120319e+01,5.177145e+01,5.221698e+01,5.248114e+01,5.294804e+01,5.399523e+01,5.395967e+01,5.446836e+01,5.508081e+01,5.553822e+01,5.600567e+01,5.642492e+01,5.692390e+01,5.688915e+01,5.742097e+01,5.821464e+01,5.848957e+01,5.908327e+01,5.960625e+01,6.002541e+01,6.035300e+01,6.092718e+01,6.151008e+01,6.205704e+01,6.246858e+01,6.292315e+01,6.344238e+01,6.398159e+01,6.439829e+01,6.485740e+01,6.527145e+01,6.526057e+01,6.568427e+01,6.621478e+01,6.675404e+01,6.724832e+01,6.787975e+01,6.800783e+01,6.850835e+01,6.898592e+01,6.960965e+01,6.973618e+01,7.027267e+01,7.071297e+01,7.097443e+01,7.135008e+01,7.203626e+01,7.225392e+01,7.278115e+01,7.323449e+01,7.344009e+01,7.418811e+01,7.433113e+01,7.462695e+01,7.461676e+01,7.463715e+01,7.502385e+01,7.512545e+01,7.562228e+01,7.592565e+01,7.622841e+01,7.620824e+01,7.666129e+01,7.697260e+01,7.692243e+01,7.728326e+01,7.745336e+01,7.753334e+01,7.793259e+01,7.795253e+01,7.823135e+01,7.811192e+01,7.840039e+01,7.848981e+01,7.865855e+01,7.852953e+01,7.886675e+01,7.889647e+01,7.911423e+01,7.921312e+01,7.924277e+01,7.933170e+01,7.927242e+01,7.958829e+01,7.961787e+01,7.983462e+01,7.969672e+01,7.982478e+01,7.988383e+01,8.017882e+01,7.994288e+01,8.003139e+01,8.013952e+01,8.021810e+01,8.014935e+01,8.024757e+01,8.017882e+01,8.038496e+01,8.043401e+01,8.059084e+01,8.037515e+01,8.049284e+01,8.049284e+01,8.057124e+01,8.058105e+01,8.069857e+01,8.071815e+01,8.081601e+01,8.092358e+01,8.057124e+01,8.059084e+01,8.080623e+01,8.084536e+01,8.093336e+01,8.055165e+01,8.069857e+01,8.072794e+01,8.089426e+01,8.091381e+01,8.096268e+01,8.110922e+01,8.072794e+01,8.082579e+01,8.098223e+01,8.113851e+01,8.122635e+01,8.087469e+01,8.086491e+01,8.092358e+01,8.107016e+01,8.117756e+01,8.083558e+01,8.084536e+01,8.098223e+01,8.106039e+01,8.109946e+01,8.112875e+01,8.113851e+01,8.112875e+01,8.110922e+01,8.121659e+01,8.094314e+01,8.100178e+01,8.096268e+01,8.089426e+01,8.091381e+01,8.090403e+01,8.091381e+01,8.094314e+01,8.102132e+01,8.103108e+01,8.105062e+01,8.106039e+01,8.105062e+01,8.088448e+01,8.106039e+01,8.107016e+01,8.107993e+01,8.072794e+01,8.113851e+01,8.074751e+01,8.081601e+01,8.082579e+01,8.081601e+01,8.082579e+01,8.083558e+01,8.084536e+01,8.085514e+01,8.086491e+01,8.127512e+01,8.127512e+01,8.087469e+01,8.086491e+01,8.101154e+01,8.083558e+01,8.088448e+01,8.081601e+01,8.086491e+01,8.091381e+01,8.096268e+01,8.095291e+01,8.088448e+01,8.091381e+01,8.095291e+01,8.099200e+01,8.103108e+01,8.103108e+01,8.102132e+01,8.101154e+01,8.106039e+01,8.114827e+01,8.112875e+01,8.106039e+01,8.106039e+01,8.106039e+01,8.106039e+01,8.106039e+01,8.106039e+01,8.066920e+01,8.114827e+01,8.107993e+01,8.115804e+01,8.103108e+01,8.113851e+01,8.115804e+01,8.115804e+01,8.115804e+01,8.115804e+01,8.115804e+01,8.115804e+01,8.115804e+01,8.115804e+01,8.115804e+01,8.115804e+01,8.115804e+01,8.115804e+01,8.115804e+01,8.115804e+01,8.115804e+01,8.115804e+01,8.115804e+01,8.115804e+01,8.115804e+01,8.115804e+01,8.115804e+01,8.115804e+01,8.115804e+01,8.115804e+01,8.115804e+01,8.115804e+01,8.108969e+01,8.102132e+01,8.100178e+01,8.054185e+01,8.047323e+01,8.047323e+01,8.047323e+01,8.047323e+01,8.045362e+01,7.999207e+01,7.992320e+01,7.951925e+01,7.950938e+01,7.911423e+01,7.904498e+01,7.897569e+01,7.895589e+01,7.847987e+01,7.841033e+01,7.841033e+01,7.834075e+01,7.833081e+01,7.794257e+01,7.787277e+01,7.787277e+01,7.787277e+01,7.738335e+01,7.731329e+01,7.723320e+01,7.684212e+01,7.617799e+01,7.610738e+01,7.582460e+01,7.510514e+01,7.503402e+01,7.436176e+01,7.411655e+01,7.382995e+01,7.320363e+01,7.313158e+01,7.254362e+01,7.229534e+01,7.153754e+01,7.128754e+01,7.101621e+01,7.061874e+01,6.986259e+01,6.960965e+01,6.893294e+01,6.874203e+01,6.834880e+01,6.766602e+01,6.747339e+01,6.721613e+01,6.662481e+01,6.614993e+01,6.586856e+01,6.526057e+01,6.497738e+01,6.451868e+01,6.406942e+01,6.319958e+01,6.293422e+01,6.250189e+01,6.222403e+01,6.173360e+01,6.118531e+01,6.080355e+01,5.995752e+01,5.968565e+01,5.927679e+01,5.830635e+01,5.806548e+01,5.760544e+01,5.697022e+01,5.643654e+01,5.604066e+01,5.551480e+01,5.476318e+01,5.413736e+01,5.344893e+01,5.312716e+01,5.268488e+01,5.214484e+01,5.121531e+01,5.114259e+01,5.024210e+01,4.998534e+01,4.956850e+01,4.912558e+01,4.812306e+01,4.756248e+01,4.742506e+01,4.672296e+01,4.645860e+01,4.606729e+01,4.542068e+01,4.505142e+01,4.497487e+01,4.469378e+01,4.469378e+01,4.416813e+01,4.400096e+01,4.400096e+01,4.400096e+01,4.400096e+01,4.332988e+01,4.332988e+01,4.279800e+01,4.252463e+01,4.201521e+01,4.194973e+01,4.177932e+01,4.160866e+01,4.160866e+01,4.160866e+01,4.129292e+01,4.129292e+01,4.129292e+01,4.129292e+01,4.129292e+01,4.129292e+01,4.129292e+01,4.129292e+01,4.129292e+01,4.129292e+01,4.129292e+01,4.129292e+01,4.129292e+01,4.129292e+01,4.129292e+01,4.129292e+01,4.129292e+01,4.129292e+01,4.129292e+01,4.129292e+01,4.129292e+01,4.129292e+01,4.129292e+01,4.129292e+01,4.129292e+01,4.129292e+01,4.129292e+01,4.129292e+01,4.129292e+01,4.075150e+01,4.075150e+01,4.075150e+01,4.075150e+01,4.020747e+01,4.006107e+01,4.006107e+01,4.006107e+01,4.006107e+01,4.006107e+01,3.962072e+01,3.962072e+01,3.962072e+01,3.962072e+01,3.962072e+01,3.962072e+01,3.962072e+01,3.962072e+01,3.962072e+01,3.962072e+01,4.016756e+01,4.016756e+01,4.016756e+01,4.016756e+01,4.016756e+01,4.056602e+01,4.040681e+01,4.065880e+01,4.079120e+01,4.118748e+01,4.118748e+01,4.118748e+01,4.171371e+01,4.187111e+01,4.215912e+01,4.215912e+01,4.215912e+01,4.215912e+01,4.215912e+01,4.215912e+01,4.215912e+01,4.215912e+01,4.264187e+01,4.264187e+01,4.264187e+01,4.264187e+01,4.264187e+01,4.264187e+01,4.264187e+01,4.264187e+01,4.222448e+01,4.222448e+01,4.222448e+01,4.222448e+01,4.222448e+01,4.222448e+01,4.222448e+01,4.275899e+01,4.222448e+01,4.222448e+01,4.222448e+01,4.222448e+01,4.222448e+01,4.222448e+01,4.222448e+01,4.222448e+01,4.222448e+01,4.222448e+01,4.222448e+01,4.222448e+01,4.222448e+01,4.222448e+01,4.222448e+01,4.222448e+01,4.222448e+01,4.222448e+01,4.222448e+01,4.222448e+01,4.222448e+01,4.222448e+01,4.222448e+01,4.222448e+01,4.275899e+01,4.283701e+01,4.283701e+01,4.283701e+01,4.283701e+01,4.283701e+01,4.326514e+01,4.326514e+01,4.326514e+01,4.326514e+01,4.356261e+01,4.356261e+01,4.356261e+01,4.356261e+01,4.356261e+01,4.402669e+01,4.402669e+01,4.402669e+01,4.402669e+01,4.402669e+01,4.402669e+01,4.402669e+01,4.402669e+01,4.402669e+01,4.402669e+01,4.402669e+01,4.402669e+01,4.402669e+01,4.357553e+01,4.357553e+01,4.357553e+01,4.357553e+01,4.357553e+01,4.357553e+01,4.357553e+01,4.357553e+01,4.325219e+01,4.325219e+01,4.325219e+01,4.325219e+01,4.325219e+01,4.325219e+01,4.325219e+01,4.325219e+01,4.277200e+01,4.277200e+01,4.277200e+01,4.277200e+01,4.277200e+01,4.277200e+01,4.277200e+01,4.277200e+01,4.277200e+01,4.277200e+01,4.227673e+01,4.227673e+01,4.227673e+01,4.227673e+01,4.227673e+01,4.173996e+01,4.208064e+01,4.206756e+01,4.151666e+01,4.151666e+01,4.151666e+01,4.151666e+01,4.151666e+01,4.151666e+01,4.101593e+01,4.101593e+01
3.579882e+01,3.579882e+01,3.579882e+01,3.579882e+01,3.579882e+01,3.636478e+01,3.643361e+01,3.643361e+01,3.643361e+01,3.643361e+01,3.643361e+01,3.643361e+01,3.643361e+01,3.694154e+01,3.694154e+01,3.694154e+01,3.694154e+01,3.750165e+01,3.750165e+01,3.750165e+01,3.750165e+01,3.750165e+01,3.750165e+01,3.750165e+01,3.805894e+01,3.805894e+01,3.805894e+01,3.805894e+01,3.805894e+01,3.805894e+01,3.861345e+01,3.873480e+01,3.880216e+01,3.880216e+01,3.880216e+01,3.880216e+01,3.925914e+01,3.962072e+01,3.971427e+01,3.971427e+01,3.971427e+01,3.971427e+01,4.026067e+01,4.034040e+01,4.034040e+01,4.034040e+01,4.034040e+01,4.034040e+01,4.034040e+01,4.034040e+01,4.088379e+01,4.043336e+01,4.077797e+01,4.077797e+01,4.077797e+01,4.077797e+01,4.077797e+01,4.077797e+01,4.077797e+01,4.131926e+01,4.080443e+01,4.080443e+01,4.080443e+01,4.134560e+01,4.081766e+01,4.135877e+01,4.135877e+01,4.135877e+01,4.081766e+01,4.135877e+01,4.134560e+01,4.133244e+01,4.131926e+01,4.143774e+01,4.149036e+01,4.149036e+01,4.149036e+01,4.198902e+01,4.221141e+01,4.238118e+01,4.258978e+01,4.258978e+01,4.258978e+01,4.258978e+01,4.318742e+01,4.244640e+01,4.300586e+01,4.247248e+01,4.251160e+01,4.252463e+01,4.275899e+01,4.322629e+01,4.345923e+01,4.357553e+01,4.367881e+01,4.412957e+01,4.450174e+01,4.488551e+01,4.471936e+01,4.516614e+01,4.597874e+01,4.597874e+01,4.635774e+01,4.674810e+01,4.704945e+01,4.729998e+01,4.803603e+01,4.837137e+01,4.886647e+01,4.905161e+01,4.982613e+01,4.986289e+01,5.035197e+01,5.105769e+01,5.160246e+01,5.194022e+01,5.240915e+01,5.285241e+01,5.325835e+01,5.406631e+01,5.444475e+01,5.455098e+01,5.509256e+01,5.564355e+01,5.608730e+01,5.641329e+01,5.673846e+01,5.723624e+01,5.792764e+01,5.792764e+01,5.860395e+01,5.920852e+01,5.968565e+01,6.020625e+01,6.074731e+01,6.129739e+01,6.135340e+01,6.184522e+01,6.237970e+01,6.297848e+01,6.359665e+01,6.364070e+01,6.416817e+01,6.452962e+01,6.528233e+01,6.564088e+01,6.568427e+01,6.629041e+01,6.685088e+01,6.743055e+01,6.743055e+01,6.843391e+01,6.886933e+01,6.934570e+01,6.967293e+01,6.973618e+01,7.023066e+01,7.077576e+01,7.109975e+01,7.133966e+01,7.183907e+01,7.244022e+01,7.284306e+01,7.333733e+01,7.352225e+01,7.340927e+01,7.371720e+01,7.416766e+01,7.405518e+01,7.439239e+01,7.476955e+01,7.490184e+01,7.534872e+01,7.524728e+01,7.570324e+01,7.578416e+01,7.651042e+01,7.636948e+01,7.668140e+01,7.689232e+01,7.723320e+01,7.707288e+01,7.724322e+01,7.753334e+01,7.768318e+01,7.757331e+01,7.770315e+01,7.791266e+01,7.817165e+01,7.846001e+01,7.823135e+01,7.845007e+01,7.858909e+01,7.865855e+01,7.878748e+01,7.892619e+01,7.883703e+01,7.900539e+01,7.921312e+01,7.925266e+01,7.901529e+01,7.921312e+01,7.943044e+01,7.943044e+01,7.954884e+01,7.968687e+01,7.979523e+01,7.982478e+01,7.954884e+01,7.968687e+01,7.988383e+01,7.996255e+01,7.970658e+01,8.011004e+01,7.983462e+01,7.986415e+01,7.997239e+01,8.001173e+01,8.015917e+01,8.020828e+01,7.993304e+01,7.998222e+01,8.004123e+01,8.019846e+01,8.040459e+01,8.006089e+01,8.009039e+01,8.044382e+01,8.044382e+01,8.044382e+01,8.044382e+01,8.044382e+01,8.044382e+01,8.044382e+01,8.044382e+01,8.044382e+01,8.044382e+01,8.044382e+01,8.044382e+01,8.044382e+01,8.044382e+01,8.044382e+01,8.044382e+01,8.044382e+01,8.044382e+01,8.044382e+01,8.044382e+01,8.044382e+01,8.044382e+01,8.044382e+01,8.044382e+01,8.044382e+01,8.044382e+01,8.044382e+01,8.044382e+01,8.044382e+01,8.044382e+01,8.044382e+01,8.044382e+01,8.044382e+01,8.044382e+01,8.044382e+01,8.044382e+01,8.044382e+01,8.044382e+01,8.044382e+01,8.044382e+01,8.044382e+01,8.044382e+01,8.044382e+01,8.044382e+01,8.044382e+01,8.044382e+01,8.044382e+01,8.044382e+01,8.044382e+01,8.044382e+01,8.044382e+01,8.044382e+01,8.044382e+01,8.044382e+01,8.044382e+01,8.044382e+01,8.044382e+01,8.044382e+01,8.044382e+01,8.044382e+01,8.044382e+01,8.044382e+01,8.044382e+01,8.044382e+01,8.044382e+01,8.044382e+01,8.044382e+01,8.044382e+01,8.044382e+01,8.044382e+01,8.044382e+01,8.044382e+01,8.044382e+01,8.044382e+01,8.044382e+01,8.044382e+01,8.044382e+01,8.044382e+01,8.044382e+01,8.044382e+01,8.044382e+01,8.044382e+01,8.044382e+01,8.044382e+01,8.044382e+01,8.044382e+01,8.044382e+01,8.044382e+01,8.044382e+01,8.044382e+01,8.075730e+01,8.076709e+01,8.077687e+01,8.078666e+01,8.079645e+01,8.080623e+01,8.081601e+01,8.082579e+01,8.083558e+01,8.084536e+01,8.084536e+01,8.084536e+01,8.084536e+01,8.084536e+01,8.084536e+01,8.084536e+01,8.084536e+01,8.084536e+01,8.084536e+01,8.084536e+01,8.084536e+01,8.084536e+01,8.084536e+01,8.084536e+01,8.044382e+01,8.045362e+01,8.046342e+01,8.047323e+01,8.041439e+01,8.037515e+01,7.997239e+01,7.998222e+01,7.999207e+01,8.000190e+01,7.994288e+01,7.949952e+01,7.944031e+01,7.939095e+01,7.913402e+01,7.906477e+01,7.865855e+01,7.866847e+01,7.857916e+01,7.843020e+01,7.802229e+01,7.803225e+01,7.804221e+01,7.795253e+01,7.789272e+01,7.748335e+01,7.749335e+01,7.743336e+01,7.692243e+01,7.693246e+01,7.687225e+01,7.618807e+01,7.611747e+01,7.552103e+01,7.533858e+01,7.504418e+01,7.435155e+01,7.386068e+01,7.336816e+01,7.318304e+01,7.269857e+01,7.263661e+01,7.203626e+01,7.184945e+01,7.144385e+01,7.077576e+01,7.058731e+01,6.989417e+01,6.976779e+01,6.932455e+01,6.894353e+01,6.846582e+01,6.814645e+01,6.782635e+01,6.700140e+01,6.680785e+01,6.634440e+01,6.560832e+01,6.541282e+01,6.471545e+01,6.451868e+01,6.423396e+01,6.386073e+01,6.329896e+01,6.273486e+01,6.214613e+01,6.191214e+01,6.106192e+01,6.076981e+01,6.047706e+01,5.984431e+01,5.937912e+01,5.859252e+01,5.819170e+01,5.775513e+01,5.737481e+01,5.702810e+01,5.607564e+01,5.580721e+01,5.508081e+01,5.445656e+01,5.438569e+01,5.373425e+01,5.321066e+01,5.232511e+01,5.191612e+01,5.139693e+01,5.049831e+01,5.011990e+01,4.965444e+01,4.933494e+01,4.865630e+01,4.830934e+01,4.742506e+01,4.707452e+01,4.659715e+01,4.634513e+01,4.572541e+01,4.529348e+01,4.511517e+01,4.479607e+01,4.475772e+01,4.439919e+01,4.418097e+01,4.418097e+01,4.418097e+01,4.418097e+01,4.365300e+01,4.334282e+01,4.297990e+01,4.266791e+01,4.270695e+01,4.238118e+01,4.179244e+01,4.179244e+01,4.179244e+01,4.125339e+01,4.120066e+01,4.120066e+01,4.120066e+01,4.120066e+01,4.120066e+01,4.120066e+01,4.120066e+01,4.120066e+01,4.120066e+01,4.120066e+01,4.120066e+01,4.120066e+01,4.120066e+01,4.120066e+01,4.120066e+01,4.120066e+01,4.120066e+01,4.120066e+01,4.120066e+01,4.120066e+01,4.120066e+01,4.120066e+01,4.120066e+01,4.120066e+01,4.120066e+01,4.120066e+01,4.120066e+01,4.120066e+01,4.120066e+01,4.120066e+01,4.075150e+01,4.075150e+01,4.075150e+01,4.020747e+01,4.011433e+01,4.011433e+01,4.011433e+01,4.011433e+01,4.011433e+01,3.956723e+01,3.947355e+01,3.947355e+01,3.947355e+01,3.947355e+01,3.947355e+01,3.947355e+01,3.947355e+01,3.947355e+01,3.947355e+01,4.002111e+01,3.960735e+01,4.016756e+01,4.016756e+01,4.016756e+01,4.016756e+01,4.056602e+01,4.056602e+01,4.056602e+01,4.110833e+01,4.118748e+01,4.118748e+01,4.118748e+01,4.171371e+01,4.158238e+01,4.181867e+01,4.181867e+01,4.235508e+01,4.235508e+01,4.235508e+01,4.235508e+01,4.235508e+01,4.235508e+01,4.235508e+01,4.235508e+01,4.235508e+01,4.235508e+01,4.235508e+01,4.235508e+01,4.235508e+01,4.235508e+01,4.235508e+01,4.235508e+01,4.235508e+01,4.235508e+01,4.235508e+01,4.235508e+01,4.235508e+01,4.235508e+01,4.235508e+01,4.235508e+01,4.235508e+01,4.235508e+01,4.235508e+01,4.235508e+01,4.235508e+01,4.235508e+01,4.235508e+01,4.235508e+01,4.235508e+01,4.235508e+01,4.235508e+01,4.235508e+01,4.235508e+01,4.235508e+01,4.235508e+01,4.235508e+01,4.235508e+01,4.235508e+01,4.235508e+01,4.235508e+01,4.235508e+01,4.235508e+01,4.235508e+01,4.283701e+01,4.283701e+01,4.283701e+01,4.283701e+01,4.283701e+01,4.326514e+01,4.326514e+01,4.326514e+01,4.326514e+01,4.356261e+01,4.356261e+01,4.409100e+01,4.406528e+01,4.361427e+01,4.384644e+01,4.384644e+01,4.384644e+01,4.384644e+01,4.384644e+01,4.384644e+01,4.384644e+01,4.384644e+01,4.384644e+01,4.384644e+01,4.384644e+01,4.384644e+01,4.384644e+01,4.384644e+01,4.384644e+01,4.357553e+01,4.357553e+01,4.357553e+01,4.357553e+01,4.357553e+01,4.357553e+01,4.325219e+01,4.325219e+01,4.325219e+01,4.325219e+01,4.325219e+01,4.325219e+01,4.325219e+01,4.325219e+01,4.277200e+01,4.277200e+01,4.277200e+01,4.277200e+01,4.277200e+01,4.277200e+01,4.277200e+01,4.277200e+01,4.223754e+01,4.215912e+01,4.260281e+01,4.205447e+01,4.205447e+01,4.205447e+01,4.205447e+01,4.205447e+01,4.205447e+01,4.205447e+01,4.151666e+01,4.151666e+01,4.151666e+01,4.151666e+01,4.151666e+01,4.097630e+01,4.143774e+01,4.087056e+01
3.522990e+01,3.582650e+01,3.582650e+01,3.582650e+01,3.582650e+01,3.582650e+01,3.582650e+01,3.582650e+01,3.643361e+01,3.643361e+01,3.643361e+01,3.643361e+01,3.643361e+01,3.694154e+01,3.694154e+01,3.750165e+01,3.702368e+01,3.731071e+01,3.731071e+01,3.731071e+01,3.731071e+01,3.731071e+01,3.786896e+01,3.743349e+01,3.780103e+01,3.780103e+01,3.780103e+01,3.780103e+01,3.835683e+01,3.846495e+01,3.858646e+01,3.858646e+01,3.858646e+01,3.858646e+01,3.858646e+01,3.913836e+01,3.939320e+01,3.900400e+01,3.912493e+01,3.970091e+01,3.970091e+01,3.970091e+01,3.970091e+01,4.034040e+01,4.034040e+01,4.034040e+01,4.034040e+01,4.034040e+01,4.034040e+01,4.088379e+01,4.077797e+01,4.076473e+01,4.077797e+01,4.077797e+01,4.077797e+01,4.077797e+01,4.077797e+01,4.077797e+01,4.131926e+01,4.121385e+01,4.098951e+01,4.098951e+01,4.098951e+01,4.098951e+01,4.098951e+01,4.098951e+01,4.098951e+01,4.098951e+01,4.098951e+01,4.098951e+01,4.098951e+01,4.098951e+01,4.098951e+01,4.098951e+01,4.149036e+01,4.149036e+01,4.149036e+01,4.198902e+01,4.198902e+01,4.238118e+01,4.238118e+01,4.238118e+01,4.238118e+01,4.291497e+01,4.299288e+01,4.286300e+01,4.281101e+01,4.265489e+01,4.265489e+01,4.265489e+01,4.265489e+01,4.322629e+01,4.322629e+01,4.357553e+01,4.351093e+01,4.385932e+01,4.429655e+01,4.460420e+01,4.484719e+01,4.514066e+01,4.577612e+01,4.600405e+01,4.647121e+01,4.634513e+01,4.711213e+01,4.712466e+01,4.776210e+01,4.830934e+01,4.863155e+01,4.915023e+01,4.965444e+01,5.002206e+01,5.032756e+01,5.051050e+01,5.109408e+01,5.175939e+01,5.219294e+01,5.260102e+01,5.303166e+01,5.325835e+01,5.411368e+01,5.444475e+01,5.495150e+01,5.546796e+01,5.581889e+01,5.620382e+01,5.683121e+01,5.720157e+01,5.773211e+01,5.804251e+01,5.856964e+01,5.914022e+01,5.958355e+01,6.007064e+01,6.057847e+01,6.097211e+01,6.124137e+01,6.170009e+01,6.220178e+01,6.276810e+01,6.277918e+01,6.356361e+01,6.405845e+01,6.438734e+01,6.466083e+01,6.496648e+01,6.574934e+01,6.580354e+01,6.644153e+01,6.696915e+01,6.744126e+01,6.741984e+01,6.785839e+01,6.878448e+01,6.911301e+01,6.947245e+01,6.998889e+01,7.007303e+01,7.054539e+01,7.106844e+01,7.158958e+01,7.178712e+01,7.226427e+01,7.228498e+01,7.305950e+01,7.320363e+01,7.335789e+01,7.332705e+01,7.361463e+01,7.402448e+01,7.433113e+01,7.433113e+01,7.470846e+01,7.498319e+01,7.527772e+01,7.563241e+01,7.579427e+01,7.593575e+01,7.638963e+01,7.635941e+01,7.663113e+01,7.666129e+01,7.697260e+01,7.682204e+01,7.700269e+01,7.703278e+01,7.730328e+01,7.724322e+01,7.763326e+01,7.784286e+01,7.790269e+01,7.812188e+01,7.788274e+01,7.797247e+01,7.812188e+01,7.828109e+01,7.830098e+01,7.820151e+01,7.841033e+01,7.843020e+01,7.843020e+01,7.876765e+01,7.857916e+01,7.900539e+01,7.874782e+01,7.890638e+01,7.903509e+01,7.904498e+01,7.904498e+01,7.920323e+01,7.942057e+01,7.947978e+01,7.917358e+01,7.939095e+01,7.939095e+01,7.944031e+01,7.956857e+01,7.962773e+01,7.939095e+01,7.942057e+01,7.942057e+01,7.947978e+01,7.954884e+01,7.944031e+01,7.958829e+01,7.953898e+01,7.983462e+01,7.962773e+01,7.963759e+01,7.964745e+01,7.965730e+01,7.966716e+01,7.967702e+01,7.968687e+01,7.969672e+01,7.970658e+01,7.971643e+01,7.972629e+01,7.973614e+01,7.974599e+01,7.975584e+01,7.976569e+01,7.977554e+01,7.978539e+01,7.979523e+01,7.980508e+01,7.981493e+01,7.982478e+01,7.983462e+01,7.984447e+01,7.985431e+01,7.986415e+01,7.987399e+01,7.988383e+01,7.989368e+01,7.990352e+01,7.991336e+01,7.992320e+01,7.993304e+01,7.994288e+01,7.995272e+01,7.996255e+01,7.997239e+01,7.998222e+01,7.999207e+01,7.959815e+01,8.001173e+01,7.961787e+01,7.962773e+01,7.963759e+01,7.964745e+01,8.006089e+01,8.007072e+01,7.967702e+01,7.967702e+01,7.967702e+01,7.967702e+01,7.967702e+01,7.967702e+01,7.967702e+01,7.967702e+01,7.967702e+01,7.967702e+01,7.967702e+01,7.967702e+01,7.967702e+01,7.967702e+01,7.967702e+01,7.967702e+01,7.967702e+01,8.008055e+01,7.968687e+01,7.968687e+01,7.968687e+01,7.968687e+01,7.968687e+01,7.968687e+01,7.968687e+01,7.968687e+01,7.968687e+01,7.968687e+01,7.968687e+01,8.009039e+01,7.969672e+01,7.969672e+01,7.969672e+01,8.010021e+01,8.011004e+01,7.971643e+01,8.011987e+01,8.012969e+01,8.015917e+01,8.018864e+01,8.021810e+01,7.984447e+01,8.025739e+01,8.003139e+01,8.033591e+01,8.036534e+01,8.039478e+01,8.002157e+01,8.005106e+01,8.008055e+01,8.011004e+01,8.013952e+01,8.016899e+01,8.019846e+01,8.021810e+01,8.023775e+01,8.025739e+01,8.027702e+01,8.029665e+01,8.031628e+01,8.033591e+01,8.035553e+01,8.037515e+01,8.039478e+01,8.041439e+01,8.003139e+01,8.004123e+01,7.999207e+01,7.994288e+01,7.996255e+01,7.998222e+01,8.000190e+01,8.001173e+01,7.955871e+01,7.991336e+01,7.950938e+01,7.952911e+01,7.954884e+01,7.948965e+01,7.903509e+01,7.904498e+01,7.902519e+01,7.861887e+01,7.855931e+01,7.810197e+01,7.812188e+01,7.813184e+01,7.766322e+01,7.760329e+01,7.762326e+01,7.764324e+01,7.724322e+01,7.758331e+01,7.709293e+01,7.710296e+01,7.704280e+01,7.686221e+01,7.645004e+01,7.638963e+01,7.612756e+01,7.584481e+01,7.511530e+01,7.467789e+01,7.449442e+01,7.367618e+01,7.340927e+01,7.330649e+01,7.290493e+01,7.227463e+01,7.178712e+01,7.172477e+01,7.121455e+01,7.051395e+01,7.045105e+01,6.992576e+01,6.939852e+01,6.932455e+01,6.860400e+01,6.831687e+01,6.777293e+01,6.768741e+01,6.705511e+01,6.692616e+01,6.607423e+01,6.578187e+01,6.553233e+01,6.511905e+01,6.470453e+01,6.432163e+01,6.394864e+01,6.319958e+01,6.290101e+01,6.243526e+01,6.203476e+01,6.162189e+01,6.140937e+01,6.060099e+01,6.018366e+01,5.961760e+01,5.895790e+01,5.828342e+01,5.796211e+01,5.780116e+01,5.703967e+01,5.630860e+01,5.594733e+01,5.550310e+01,5.484560e+01,5.416103e+01,5.355600e+01,5.323450e+01,5.288828e+01,5.208469e+01,5.196431e+01,5.149369e+01,5.069316e+01,4.999758e+01,4.975258e+01,4.911326e+01,4.875525e+01,4.808577e+01,4.752502e+01,4.684864e+01,4.678581e+01,4.619366e+01,4.577612e+01,4.553505e+01,4.512791e+01,4.488551e+01,4.461700e+01,4.447611e+01,4.447611e+01,4.418097e+01,4.418097e+01,4.418097e+01,4.365300e+01,4.323924e+01,4.340751e+01,4.257675e+01,4.238118e+01,4.209373e+01,4.177932e+01,4.177932e+01,4.177932e+01,4.125339e+01,4.125339e+01,4.125339e+01,4.125339e+01,4.125339e+01,4.125339e+01,4.125339e+01,4.125339e+01,4.125339e+01,4.125339e+01,4.125339e+01,4.125339e+01,4.125339e+01,4.125339e+01,4.125339e+01,4.125339e+01,4.125339e+01,4.125339e+01,4.125339e+01,4.125339e+01,4.125339e+01,4.125339e+01,4.125339e+01,4.125339e+01,4.125339e+01,4.125339e+01,4.125339e+01,4.125339e+01,4.125339e+01,4.125339e+01,4.125339e+01,4.075150e+01,4.075150e+01,4.020747e+01,4.011433e+01,4.011433e+01,4.011433e+01,4.011433e+01,4.011433e+01,3.956723e+01,3.947355e+01,3.947355e+01,3.947355e+01,3.947355e+01,3.947355e+01,3.947355e+01,3.947355e+01,3.947355e+01,3.947355e+01,3.947355e+01,3.947355e+01,4.002111e+01,4.018087e+01,4.018087e+01,4.018087e+01,4.018087e+01,4.056602e+01,4.056602e+01,4.056602e+01,4.056602e+01,4.118748e+01,4.118748e+01,4.172684e+01,4.181867e+01,4.181867e+01,4.181867e+01,4.181867e+01,4.235508e+01,4.235508e+01,4.235508e+01,4.235508e+01,4.235508e+01,4.235508e+01,4.235508e+01,4.235508e+01,4.235508e+01,4.235508e+01,4.235508e+01,4.235508e+01,4.235508e+01,4.235508e+01,4.235508e+01,4.235508e+01,4.235508e+01,4.235508e+01,4.235508e+01,4.235508e+01,4.235508e+01,4.235508e+01,4.235508e+01,4.288898e+01,4.235508e+01,4.235508e+01,4.235508e+01,4.235508e+01,4.235508e+01,4.235508e+01,4.235508e+01,4.235508e+01,4.235508e+01,4.235508e+01,4.235508e+01,4.235508e+01,4.235508e+01,4.235508e+01,4.235508e+01,4.235508e+01,4.235508e+01,4.235508e+01,4.235508e+01,4.235508e+01,4.235508e+01,4.235508e+01,4.235508e+01,4.283701e+01,4.283701e+01,4.283701e+01,4.283701e+01,4.336870e+01,4.345923e+01,4.345923e+01,4.345923e+01,4.345923e+01,4.398809e+01,4.354969e+01,4.388509e+01,4.406528e+01,4.380777e+01,4.380777e+01,4.433505e+01,4.432222e+01,4.430939e+01,4.429655e+01,4.428371e+01,4.374331e+01,4.374331e+01,4.374331e+01,4.374331e+01,4.374331e+01,4.374331e+01,4.374331e+01,4.374331e+01,4.374331e+01,4.374331e+01,4.374331e+01,4.374331e+01,4.321333e+01,4.323924e+01,4.318742e+01,4.318742e+01,4.318742e+01,4.318742e+01,4.318742e+01,4.318742e+01,4.318742e+01,4.318742e+01,4.318742e+01,4.318742e+01,4.277200e+01,4.277200e+01,4.277200e+01,4.277200e+01,4.277200e+01,4.277200e+01,4.223754e+01,4.268092e+01,4.268092e+01,4.257675e+01,4.225061e+01,4.225061e+01,4.225061e+01,4.225061e+01,4.171371e+01,4.173996e+01,4.213297e+01,4.179244e+01,4.176620e+01,4.176620e+01,4.122703e+01,4.163493e+01,4.097630e+01,4.102913e+01,4.085734e+01
3.534114e+01,3.561876e+01,3.561876e+01,3.561876e+01,3.561876e+01,3.618565e+01,3.615807e+01,3.628214e+01,3.651613e+01,3.651613e+01,3.651613e+01,3.651613e+01,3.651613e+01,3.694154e+01,3.674962e+01,3.688674e+01,3.699631e+01,3.720145e+01,3.720145e+01,3.776026e+01,3.773306e+01,3.729706e+01,3.751528e+01,3.751528e+01,3.771946e+01,3.771946e+01,3.771946e+01,3.771946e+01,3.835683e+01,3.835683e+01,3.835683e+01,3.835683e+01,3.835683e+01,3.890985e+01,3.901744e+01,3.915179e+01,3.915179e+01,3.908464e+01,3.947355e+01,3.971427e+01,3.971427e+01,3.971427e+01,3.971427e+01,4.034040e+01,4.034040e+01,4.034040e+01,4.034040e+01,4.034040e+01,4.034040e+01,4.034040e+01,4.077797e+01,4.077797e+01,4.077797e+01,4.077797e+01,4.077797e+01,4.077797e+01,4.077797e+01,4.077797e+01,4.077797e+01,4.077797e+01,4.131926e+01,4.129292e+01,4.126657e+01,4.124021e+01,4.124021e+01,4.124021e+01,4.124021e+01,4.124021e+01,4.124021e+01,4.124021e+01,4.124021e+01,4.124021e+01,4.124021e+01,4.124021e+01,4.124021e+01,4.124021e+01,4.177932e+01,4.200212e+01,4.223754e+01,4.230285e+01,4.230285e+01,4.283701e+01,4.291497e+01,4.245945e+01,4.256372e+01,4.258978e+01,4.261583e+01,4.261583e+01,4.261583e+01,4.261583e+01,4.314854e+01,4.329104e+01,4.352386e+01,4.357553e+01,4.374331e+01,4.419382e+01,4.441201e+01,4.452737e+01,4.500039e+01,4.547152e+01,4.526802e+01,4.583948e+01,4.611785e+01,4.635774e+01,4.692398e+01,4.726244e+01,4.771223e+01,4.816034e+01,4.829693e+01,4.882941e+01,4.928571e+01,4.971579e+01,5.047393e+01,5.082695e+01,5.133643e+01,5.171112e+01,5.209673e+01,5.245715e+01,5.319873e+01,5.356789e+01,5.373425e+01,5.425567e+01,5.471606e+01,5.513955e+01,5.567863e+01,5.601733e+01,5.655275e+01,5.710908e+01,5.707438e+01,5.769758e+01,5.823757e+01,5.882100e+01,5.927679e+01,5.977634e+01,6.029658e+01,6.064603e+01,6.109558e+01,6.151008e+01,6.196789e+01,6.234636e+01,6.265725e+01,6.294529e+01,6.347545e+01,6.394864e+01,6.436544e+01,6.484648e+01,6.503189e+01,6.538021e+01,6.609586e+01,6.619317e+01,6.703363e+01,6.732338e+01,6.771948e+01,6.812513e+01,6.830622e+01,6.874203e+01,6.919766e+01,6.956745e+01,7.011508e+01,7.028316e+01,7.074438e+01,7.122498e+01,7.164159e+01,7.194289e+01,7.223320e+01,7.282242e+01,7.258495e+01,7.314188e+01,7.326535e+01,7.328592e+01,7.359411e+01,7.387093e+01,7.385043e+01,7.425964e+01,7.482045e+01,7.510514e+01,7.487132e+01,7.528786e+01,7.525742e+01,7.568301e+01,7.595596e+01,7.612756e+01,7.643997e+01,7.645004e+01,7.664118e+01,7.681200e+01,7.705283e+01,7.683208e+01,7.723320e+01,7.744336e+01,7.723320e+01,7.737334e+01,7.737334e+01,7.747336e+01,7.763326e+01,7.780296e+01,7.783288e+01,7.796250e+01,7.773310e+01,7.776304e+01,7.803225e+01,7.830098e+01,7.816170e+01,7.840039e+01,7.840039e+01,7.816170e+01,7.830098e+01,7.832087e+01,7.873790e+01,7.855931e+01,7.877756e+01,7.880730e+01,7.846001e+01,7.867840e+01,7.869823e+01,7.876765e+01,7.891628e+01,7.894599e+01,7.894599e+01,7.899550e+01,7.901529e+01,7.909445e+01,7.918346e+01,7.879739e+01,7.895589e+01,7.908456e+01,7.889647e+01,7.898560e+01,7.900539e+01,7.902519e+01,7.904498e+01,7.906477e+01,7.948965e+01,7.908456e+01,7.911423e+01,7.914391e+01,7.917358e+01,7.920323e+01,7.923289e+01,7.926254e+01,7.929218e+01,7.932182e+01,7.935145e+01,7.938107e+01,7.941070e+01,7.944031e+01,7.946992e+01,7.909445e+01,7.911423e+01,7.913402e+01,7.915380e+01,7.917358e+01,7.919335e+01,7.921312e+01,7.923289e+01,7.925266e+01,7.927242e+01,7.929218e+01,7.931194e+01,7.933170e+01,7.935145e+01,7.937120e+01,7.898560e+01,7.916369e+01,7.911423e+01,7.919335e+01,7.939095e+01,7.934158e+01,7.937120e+01,7.940083e+01,7.918346e+01,7.952911e+01,7.947978e+01,7.943044e+01,7.945018e+01,7.906477e+01,7.907467e+01,7.908456e+01,7.909445e+01,7.910435e+01,7.911423e+01,7.912413e+01,7.913402e+01,7.914391e+01,7.915380e+01,7.916369e+01,7.917358e+01,7.918346e+01,7.919335e+01,7.904498e+01,7.923289e+01,7.918346e+01,7.919335e+01,7.920323e+01,7.921312e+01,7.922301e+01,7.923289e+01,7.924277e+01,7.925266e+01,7.926254e+01,7.927242e+01,7.951925e+01,7.921312e+01,7.916369e+01,7.917358e+01,7.942057e+01,7.925266e+01,7.920323e+01,7.922301e+01,7.955871e+01,7.957843e+01,7.961787e+01,7.925266e+01,7.933170e+01,7.981493e+01,7.957843e+01,7.963759e+01,7.953898e+01,7.956857e+01,7.953898e+01,7.948965e+01,7.951925e+01,7.954884e+01,7.957843e+01,7.960802e+01,7.963759e+01,7.966716e+01,7.968687e+01,7.970658e+01,7.972629e+01,7.974599e+01,7.976569e+01,7.978539e+01,7.980508e+01,7.982478e+01,7.984447e+01,7.986415e+01,7.982478e+01,7.977554e+01,7.980508e+01,7.942057e+01,7.942057e+01,7.944031e+01,7.946004e+01,7.947978e+01,7.943044e+01,7.911423e+01,7.925266e+01,7.920323e+01,7.882712e+01,7.884694e+01,7.878748e+01,7.873790e+01,7.834075e+01,7.828109e+01,7.823135e+01,7.776304e+01,7.771313e+01,7.732330e+01,7.726324e+01,7.721317e+01,7.720316e+01,7.721317e+01,7.716309e+01,7.683208e+01,7.695253e+01,7.690236e+01,7.690236e+01,7.649030e+01,7.641983e+01,7.595596e+01,7.551089e+01,7.542983e+01,7.523713e+01,7.484080e+01,7.425964e+01,7.376846e+01,7.356332e+01,7.304920e+01,7.254362e+01,7.226427e+01,7.198440e+01,7.135008e+01,7.125626e+01,7.093262e+01,7.049299e+01,7.017814e+01,6.971510e+01,6.912359e+01,6.860400e+01,6.848709e+01,6.806116e+01,6.775155e+01,6.696915e+01,6.690466e+01,6.661404e+01,6.598767e+01,6.526057e+01,6.505368e+01,6.475915e+01,6.440924e+01,6.365171e+01,6.335414e+01,6.307802e+01,6.263506e+01,6.220178e+01,6.180058e+01,6.114046e+01,6.103947e+01,6.029658e+01,5.994621e+01,5.937912e+01,5.871824e+01,5.819170e+01,5.801955e+01,5.707438e+01,5.672686e+01,5.621547e+01,5.566694e+01,5.525694e+01,5.459817e+01,5.439751e+01,5.390039e+01,5.303166e+01,5.260102e+01,5.204859e+01,5.162661e+01,5.125166e+01,5.074183e+01,5.021767e+01,4.912558e+01,4.897758e+01,4.845816e+01,4.783687e+01,4.757497e+01,4.707452e+01,4.664749e+01,4.624417e+01,4.548423e+01,4.543340e+01,4.519162e+01,4.471936e+01,4.468099e+01,4.415527e+01,4.410386e+01,4.410386e+01,4.410386e+01,4.410386e+01,4.365300e+01,4.330399e+01,4.303181e+01,4.253766e+01,4.268092e+01,4.231591e+01,4.206756e+01,4.152981e+01,4.168746e+01,4.142458e+01,4.142458e+01,4.142458e+01,4.142458e+01,4.142458e+01,4.088379e+01,4.143774e+01,4.143774e+01,4.143774e+01,4.143774e+01,4.089701e+01,4.092345e+01,4.149036e+01,4.149036e+01,4.149036e+01,4.149036e+01,4.149036e+01,4.149036e+01,4.149036e+01,4.149036e+01,4.149036e+01,4.149036e+01,4.149036e+01,4.149036e+01,4.149036e+01,4.149036e+01,4.094987e+01,4.098951e+01,4.098951e+01,4.098951e+01,4.098951e+01,4.098951e+01,4.098951e+01,4.075150e+01,4.067204e+01,4.014095e+01,4.014095e+01,4.014095e+01,3.959398e+01,4.003443e+01,3.939320e+01,3.939320e+01,3.939320e+01,3.939320e+01,3.939320e+01,3.939320e+01,3.939320e+01,3.939320e+01,3.939320e+01,3.939320e+01,3.939320e+01,4.002111e+01,4.002111e+01,4.002111e+01,4.002111e+01,4.002111e+01,4.056602e+01,4.056602e+01,4.056602e+01,4.110833e+01,4.071178e+01,4.158238e+01,4.122703e+01,4.187111e+01,4.187111e+01,4.187111e+01,4.187111e+01,4.187111e+01,4.187111e+01,4.235508e+01,4.235508e+01,4.235508e+01,4.235508e+01,4.235508e+01,4.235508e+01,4.235508e+01,4.235508e+01,4.288898e+01,4.232896e+01,4.232896e+01,4.286300e+01,4.282401e+01,4.278500e+01,4.274598e+01,4.270695e+01,4.266791e+01,4.262885e+01,4.258978e+01,4.258978e+01,4.258978e+01,4.258978e+01,4.258978e+01,4.258978e+01,4.258978e+01,4.258978e+01,4.258978e+01,4.258978e+01,4.258978e+01,4.258978e+01,4.258978e+01,4.258978e+01,4.258978e+01,4.258978e+01,4.258978e+01,4.258978e+01,4.258978e+01,4.205447e+01,4.209373e+01,4.209373e+01,4.262885e+01,4.258978e+01,4.258978e+01,4.258978e+01,4.258978e+01,4.258978e+01,4.258978e+01,4.312261e+01,4.323924e+01,4.339457e+01,4.339457e+01,4.339457e+01,4.339457e+01,4.392372e+01,4.389796e+01,4.388509e+01,4.388509e+01,4.388509e+01,4.388509e+01,4.388509e+01,4.388509e+01,4.388509e+01,4.388509e+01,4.429655e+01,4.392372e+01,4.424520e+01,4.420667e+01,4.416813e+01,4.360136e+01,4.360136e+01,4.360136e+01,4.360136e+01,4.360136e+01,4.360136e+01,4.360136e+01,4.360136e+01,4.360136e+01,4.360136e+01,4.360136e+01,4.360136e+01,4.318742e+01,4.318742e+01,4.318742e+01,4.318742e+01,4.318742e+01,4.318742e+01,4.318742e+01,4.318742e+01,4.318742e+01,4.318742e+01,4.318742e+01,4.277200e+01,4.277200e+01,4.277200e+01,4.277200e+01,4.277200e+01,4.223754e+01,4.228979e+01,4.223754e+01,4.223754e+01,4.223754e+01,4.223754e+01,4.223754e+01,4.223754e+01,4.173996e+01,4.193663e+01,4.185801e+01,4.185801e+01,4.185801e+01,4.176620e+01,4.164807e+01,4.116110e+01,4.116110e+01,4.116110e+01
3.534114e+01,3.534114e+01,3.534114e+01,3.590948e+01,3.603384e+01,3.619944e+01,3.619944e+01,3.619944e+01,3.619944e+01,3.619944e+01,3.619944e+01,3.651613e+01,3.674962e+01,3.687303e+01,3.687303e+01,3.687303e+01,3.687303e+01,3.720145e+01,3.758338e+01,3.777385e+01,3.751528e+01,3.736530e+01,3.792327e+01,3.788254e+01,3.784180e+01,3.784180e+01,3.784180e+01,3.784180e+01,3.835683e+01,3.835683e+01,3.835683e+01,3.835683e+01,3.890985e+01,3.896367e+01,3.896367e+01,3.896367e+01,3.896367e+01,3.951371e+01,3.951371e+01,3.951371e+01,3.951371e+01,3.951371e+01,3.951371e+01,3.979440e+01,3.984778e+01,4.044664e+01,4.044664e+01,4.044664e+01,4.044664e+01,4.044664e+01,4.044664e+01,4.044664e+01,4.044664e+01,4.077797e+01,4.077797e+01,4.077797e+01,4.077797e+01,4.077797e+01,4.077797e+01,4.077797e+01,4.077797e+01,4.077797e+01,4.077797e+01,4.077797e+01,4.077797e+01,4.077797e+01,4.077797e+01,4.077797e+01,4.077797e+01,4.077797e+01,4.124021e+01,4.124021e+01,4.124021e+01,4.124021e+01,4.124021e+01,4.124021e+01,4.177932e+01,4.177932e+01,4.177932e+01,4.230285e+01,4.213297e+01,4.249856e+01,4.299288e+01,4.270695e+01,4.270695e+01,4.270695e+01,4.270695e+01,4.270695e+01,4.270695e+01,4.270695e+01,4.270695e+01,4.329104e+01,4.329104e+01,4.357553e+01,4.357553e+01,4.385932e+01,4.411671e+01,4.445048e+01,4.487273e+01,4.517888e+01,4.539525e+01,4.572541e+01,4.594078e+01,4.652160e+01,4.681095e+01,4.693653e+01,4.738755e+01,4.761242e+01,4.807334e+01,4.855727e+01,4.901460e+01,4.944563e+01,5.015657e+01,5.070533e+01,5.110621e+01,5.157830e+01,5.206063e+01,5.220496e+01,5.290023e+01,5.322258e+01,5.359167e+01,5.406631e+01,5.448017e+01,5.485738e+01,5.535077e+01,5.587729e+01,5.636677e+01,5.677325e+01,5.697022e+01,5.754782e+01,5.804251e+01,5.811139e+01,5.863824e+01,5.920852e+01,5.974234e+01,5.992357e+01,6.090471e+01,6.126378e+01,6.126378e+01,6.211273e+01,6.249079e+01,6.256849e+01,6.317749e+01,6.364070e+01,6.404747e+01,6.433258e+01,6.466083e+01,6.528233e+01,6.541282e+01,6.579271e+01,6.665713e+01,6.677557e+01,6.724832e+01,6.758044e+01,6.803983e+01,6.846582e+01,6.891174e+01,6.927170e+01,6.963074e+01,7.007303e+01,7.048251e+01,7.052444e+01,7.139176e+01,7.132924e+01,7.144385e+01,7.226427e+01,7.235744e+01,7.272955e+01,7.248158e+01,7.305950e+01,7.299770e+01,7.326535e+01,7.353252e+01,7.392213e+01,7.409609e+01,7.429028e+01,7.438218e+01,7.472882e+01,7.499336e+01,7.496286e+01,7.522698e+01,7.554128e+01,7.542983e+01,7.561216e+01,7.584481e+01,7.615781e+01,7.630904e+01,7.639970e+01,7.640977e+01,7.653055e+01,7.653055e+01,7.671155e+01,7.675174e+01,7.689232e+01,7.709293e+01,7.689232e+01,7.737334e+01,7.746336e+01,7.746336e+01,7.755332e+01,7.746336e+01,7.772311e+01,7.745336e+01,7.768318e+01,7.764324e+01,7.764324e+01,7.782291e+01,7.769317e+01,7.804221e+01,7.776304e+01,7.797247e+01,7.791266e+01,7.799239e+01,7.820151e+01,7.826120e+01,7.837057e+01,7.815174e+01,7.822141e+01,7.826120e+01,7.835069e+01,7.841033e+01,7.852953e+01,7.852953e+01,7.848981e+01,7.827115e+01,7.844014e+01,7.847987e+01,7.860894e+01,7.866847e+01,7.872798e+01,7.836063e+01,7.862879e+01,7.843020e+01,7.848981e+01,7.855931e+01,7.862879e+01,7.869823e+01,7.876765e+01,7.883703e+01,7.890638e+01,7.856924e+01,7.862879e+01,7.868832e+01,7.874782e+01,7.880730e+01,7.846001e+01,7.853946e+01,7.859901e+01,7.863871e+01,7.867840e+01,7.871807e+01,7.875773e+01,7.879739e+01,7.883703e+01,7.887666e+01,7.850967e+01,7.895589e+01,7.858909e+01,7.862879e+01,7.866847e+01,7.870815e+01,7.863871e+01,7.859901e+01,7.879739e+01,7.881721e+01,7.890638e+01,7.870815e+01,7.872798e+01,7.877756e+01,7.876765e+01,7.885684e+01,7.872798e+01,7.874782e+01,7.876765e+01,7.869823e+01,7.865855e+01,7.868832e+01,7.871807e+01,7.874782e+01,7.877756e+01,7.880730e+01,7.881721e+01,7.882712e+01,7.883703e+01,7.884694e+01,7.885684e+01,7.886675e+01,7.887666e+01,7.847987e+01,7.849973e+01,7.870815e+01,7.872798e+01,7.875773e+01,7.878748e+01,7.881721e+01,7.884694e+01,7.887666e+01,7.849973e+01,7.852953e+01,7.855931e+01,7.868832e+01,7.844014e+01,7.852953e+01,7.854939e+01,7.867840e+01,7.850967e+01,7.867840e+01,7.869823e+01,7.855931e+01,7.881721e+01,7.885684e+01,7.880730e+01,7.876765e+01,7.908456e+01,7.894599e+01,7.894599e+01,7.902519e+01,7.863871e+01,7.867840e+01,7.909445e+01,7.911423e+01,7.916369e+01,7.921312e+01,7.926254e+01,7.928230e+01,7.933170e+01,7.894599e+01,7.898560e+01,7.902519e+01,7.946992e+01,7.907467e+01,7.911423e+01,7.915380e+01,7.919335e+01,7.923289e+01,7.927242e+01,7.931194e+01,7.933170e+01,7.894599e+01,7.929218e+01,7.925266e+01,7.884694e+01,7.887666e+01,7.890638e+01,7.893609e+01,7.889647e+01,7.889647e+01,7.860894e+01,7.852953e+01,7.848981e+01,7.851960e+01,7.812188e+01,7.804221e+01,7.800236e+01,7.760329e+01,7.752335e+01,7.748335e+01,7.740335e+01,7.690236e+01,7.690236e+01,7.690236e+01,7.687225e+01,7.647017e+01,7.680196e+01,7.634933e+01,7.646011e+01,7.645004e+01,7.637955e+01,7.591555e+01,7.584481e+01,7.557166e+01,7.503402e+01,7.502385e+01,7.453521e+01,7.425964e+01,7.356332e+01,7.349145e+01,7.298739e+01,7.227463e+01,7.216068e+01,7.165199e+01,7.145426e+01,7.084899e+01,7.080715e+01,7.017814e+01,7.006252e+01,6.941965e+01,6.911301e+01,6.880569e+01,6.814645e+01,6.762324e+01,6.750552e+01,6.728049e+01,6.688315e+01,6.625800e+01,6.603096e+01,6.567342e+01,6.522793e+01,6.485740e+01,6.467175e+01,6.372875e+01,6.353056e+01,6.326584e+01,6.283457e+01,6.195675e+01,6.163306e+01,6.130859e+01,6.105070e+01,6.073606e+01,5.974234e+01,5.950409e+01,5.904910e+01,5.847812e+01,5.768607e+01,5.758240e+01,5.694707e+01,5.647142e+01,5.597067e+01,5.590064e+01,5.506907e+01,5.476318e+01,5.424385e+01,5.346083e+01,5.268488e+01,5.285241e+01,5.183175e+01,5.173526e+01,5.109408e+01,5.027873e+01,4.986289e+01,4.907627e+01,4.864392e+01,4.821003e+01,4.794894e+01,4.741256e+01,4.709959e+01,4.626942e+01,4.596609e+01,4.543340e+01,4.543340e+01,4.491105e+01,4.466819e+01,4.484719e+01,4.450174e+01,4.448893e+01,4.400096e+01,4.400096e+01,4.400096e+01,4.400096e+01,4.330399e+01,4.274598e+01,4.301883e+01,4.286300e+01,4.256372e+01,4.197593e+01,4.171371e+01,4.171371e+01,4.142458e+01,4.142458e+01,4.142458e+01,4.142458e+01,4.142458e+01,4.142458e+01,4.142458e+01,4.142458e+01,4.142458e+01,4.142458e+01,4.089701e+01,4.126657e+01,4.098951e+01,4.151666e+01,4.097630e+01,4.097630e+01,4.097630e+01,4.151666e+01,4.151666e+01,4.151666e+01,4.151666e+01,4.151666e+01,4.151666e+01,4.151666e+01,4.151666e+01,4.151666e+01,4.149036e+01,4.149036e+01,4.094987e+01,4.094987e+01,4.094987e+01,4.094987e+01,4.094987e+01,4.040681e+01,4.028725e+01,4.011433e+01,4.011433e+01,4.011433e+01,4.011433e+01,3.956723e+01,3.983444e+01,3.927256e+01,3.927256e+01,3.927256e+01,3.927256e+01,3.927256e+01,3.927256e+01,3.927256e+01,3.927256e+01,3.927256e+01,3.982109e+01,3.950032e+01,4.007439e+01,4.007439e+01,4.007439e+01,4.061905e+01,4.071178e+01,4.071178e+01,4.071178e+01,4.071178e+01,4.125339e+01,4.093666e+01,4.159552e+01,4.135877e+01,4.193663e+01,4.193663e+01,4.193663e+01,4.193663e+01,4.193663e+01,4.193663e+01,4.193663e+01,4.235508e+01,4.235508e+01,4.235508e+01,4.235508e+01,4.235508e+01,4.235508e+01,4.235508e+01,4.235508e+01,4.288898e+01,4.244640e+01,4.242032e+01,4.239423e+01,4.290198e+01,4.290198e+01,4.236813e+01,4.235508e+01,4.287599e+01,4.234202e+01,4.234202e+01,4.287599e+01,4.232896e+01,4.286300e+01,4.230285e+01,4.287599e+01,4.228979e+01,4.235508e+01,4.235508e+01,4.235508e+01,4.235508e+01,4.235508e+01,4.235508e+01,4.235508e+01,4.235508e+01,4.235508e+01,4.235508e+01,4.235508e+01,4.235508e+01,4.235508e+01,4.235508e+01,4.235508e+01,4.235508e+01,4.288898e+01,4.282401e+01,4.282401e+01,4.282401e+01,4.282401e+01,4.323924e+01,4.323924e+01,4.323924e+01,4.323924e+01,4.376910e+01,4.393660e+01,4.393660e+01,4.393660e+01,4.393660e+01,4.446329e+01,4.389796e+01,4.389796e+01,4.389796e+01,4.389796e+01,4.389796e+01,4.389796e+01,4.389796e+01,4.389796e+01,4.389796e+01,4.389796e+01,4.389796e+01,4.389796e+01,4.389796e+01,4.389796e+01,4.389796e+01,4.389796e+01,4.389796e+01,4.389796e+01,4.360136e+01,4.360136e+01,4.360136e+01,4.360136e+01,4.360136e+01,4.318742e+01,4.318742e+01,4.318742e+01,4.318742e+01,4.318742e+01,4.318742e+01,4.318742e+01,4.318742e+01,4.318742e+01,4.318742e+01,4.277200e+01,4.277200e+01,4.277200e+01,4.277200e+01,4.277200e+01,4.277200e+01,4.277200e+01,4.223754e+01,4.223754e+01,4.223754e+01,4.223754e+01,4.223754e+01,4.223754e+01,4.223754e+01,4.193663e+01,4.193663e+01,4.193663e+01,4.139826e+01,4.145090e+01,4.133244e+01,4.114791e+01,4.114791e+01,4.114791e+01
3.534114e+01,3.534114e+01,3.534114e+01,3.590948e+01,3.590948e+01,3.590948e+01,3.590948e+01,3.590948e+01,3.619944e+01,3.619944e+01,3.619944e+01,3.651613e+01,3.651613e+01,3.651613e+01,3.687303e+01,3.687303e+01,3.687303e+01,3.720145e+01,3.751528e+01,3.751528e+01,3.751528e+01,3.751528e+01,3.751528e+01,3.751528e+01,3.751528e+01,3.784180e+01,3.784180e+01,3.784180e+01,3.835683e+01,3.835683e+01,3.835683e+01,3.835683e+01,3.890985e+01,3.890985e+01,3.890985e+01,3.890985e+01,3.946016e+01,3.959398e+01,3.959398e+01,3.959398e+01,3.959398e+01,3.959398e+01,3.959398e+01,4.014095e+01,4.026067e+01,3.991448e+01,3.996781e+01,4.056602e+01,4.056602e+01,4.056602e+01,4.056602e+01,4.056602e+01,4.056602e+01,4.056602e+01,4.110833e+01,4.104234e+01,4.104234e+01,4.104234e+01,4.104234e+01,4.104234e+01,4.104234e+01,4.104234e+01,4.104234e+01,4.104234e+01,4.104234e+01,4.104234e+01,4.104234e+01,4.104234e+01,4.104234e+01,4.104234e+01,4.104234e+01,4.104234e+01,4.104234e+01,4.104234e+01,4.104234e+01,4.158238e+01,4.124021e+01,4.184489e+01,4.164807e+01,4.198902e+01,4.206756e+01,4.271996e+01,4.265489e+01,4.265489e+01,4.265489e+01,4.265489e+01,4.265489e+01,4.265489e+01,4.265489e+01,4.265489e+01,4.265489e+01,4.275899e+01,4.344630e+01,4.351093e+01,4.374331e+01,4.379488e+01,4.428371e+01,4.473215e+01,4.498763e+01,4.511517e+01,4.556044e+01,4.566199e+01,4.567467e+01,4.620629e+01,4.644600e+01,4.678581e+01,4.757497e+01,4.791159e+01,4.832175e+01,4.853250e+01,4.896524e+01,4.937185e+01,5.005876e+01,5.058360e+01,5.096059e+01,5.140903e+01,5.173526e+01,5.208469e+01,5.268488e+01,5.310329e+01,5.324643e+01,5.419653e+01,5.438569e+01,5.452738e+01,5.550310e+01,5.537421e+01,5.594733e+01,5.626204e+01,5.673846e+01,5.728245e+01,5.757087e+01,5.791615e+01,5.840944e+01,5.894650e+01,5.927679e+01,5.973100e+01,6.016106e+01,6.049960e+01,6.123016e+01,6.158835e+01,6.187868e+01,6.269051e+01,6.267942e+01,6.322167e+01,6.364070e+01,6.406942e+01,6.412429e+01,6.466083e+01,6.507548e+01,6.546716e+01,6.569512e+01,6.609586e+01,6.702289e+01,6.707659e+01,6.761254e+01,6.811447e+01,6.819972e+01,6.862524e+01,6.904948e+01,6.955690e+01,6.988364e+01,7.019915e+01,7.044056e+01,7.093262e+01,7.131882e+01,7.115194e+01,7.172477e+01,7.191175e+01,7.244022e+01,7.245056e+01,7.258495e+01,7.298739e+01,7.298739e+01,7.329620e+01,7.354279e+01,7.380946e+01,7.416766e+01,7.447401e+01,7.428007e+01,7.441280e+01,7.481027e+01,7.468809e+01,7.517622e+01,7.541969e+01,7.531830e+01,7.560204e+01,7.583471e+01,7.559191e+01,7.567289e+01,7.586503e+01,7.593575e+01,7.618807e+01,7.629896e+01,7.609729e+01,7.636948e+01,7.621832e+01,7.662107e+01,7.678188e+01,7.685217e+01,7.701272e+01,7.673164e+01,7.690236e+01,7.696256e+01,7.716309e+01,7.723320e+01,7.730328e+01,7.714304e+01,7.698263e+01,7.715306e+01,7.721317e+01,7.739335e+01,7.745336e+01,7.765323e+01,7.742336e+01,7.754333e+01,7.761327e+01,7.761327e+01,7.733331e+01,7.783288e+01,7.798243e+01,7.769317e+01,7.786280e+01,7.791266e+01,7.787277e+01,7.787277e+01,7.768318e+01,7.777302e+01,7.795253e+01,7.806213e+01,7.803225e+01,7.812188e+01,7.794257e+01,7.799239e+01,7.810197e+01,7.822141e+01,7.793259e+01,7.804221e+01,7.815174e+01,7.826120e+01,7.824130e+01,7.818160e+01,7.787277e+01,7.796250e+01,7.805217e+01,7.802229e+01,7.796250e+01,7.807209e+01,7.816170e+01,7.823135e+01,7.830098e+01,7.796250e+01,7.802229e+01,7.808205e+01,7.814179e+01,7.809201e+01,7.816170e+01,7.838052e+01,7.832087e+01,7.800236e+01,7.806213e+01,7.812188e+01,7.814179e+01,7.816170e+01,7.838052e+01,7.801232e+01,7.811192e+01,7.812188e+01,7.815174e+01,7.821146e+01,7.822141e+01,7.832087e+01,7.833081e+01,7.795253e+01,7.797247e+01,7.797247e+01,7.797247e+01,7.800236e+01,7.803225e+01,7.806213e+01,7.809201e+01,7.812188e+01,7.813184e+01,7.814179e+01,7.815174e+01,7.816170e+01,7.817165e+01,7.818160e+01,7.810197e+01,7.804221e+01,7.818160e+01,7.834075e+01,7.836063e+01,7.839045e+01,7.801232e+01,7.804221e+01,7.807209e+01,7.801232e+01,7.795253e+01,7.798243e+01,7.842027e+01,7.837057e+01,7.837057e+01,7.837057e+01,7.837057e+01,7.837057e+01,7.837057e+01,7.837057e+01,7.837057e+01,7.837057e+01,7.837057e+01,7.837057e+01,7.837057e+01,7.837057e+01,7.837057e+01,7.837057e+01,7.837057e+01,7.837057e+01,7.837057e+01,7.837057e+01,7.837057e+01,7.837057e+01,7.837057e+01,7.880730e+01,7.845007e+01,7.846994e+01,7.843020e+01,7.837057e+01,7.841033e+01,7.869823e+01,7.850967e+01,7.856924e+01,7.860894e+01,7.864864e+01,7.868832e+01,7.872798e+01,7.836063e+01,7.856924e+01,7.849973e+01,7.856924e+01,7.843020e+01,7.834075e+01,7.840039e+01,7.842027e+01,7.844014e+01,7.846001e+01,7.845007e+01,7.841033e+01,7.800236e+01,7.799239e+01,7.798243e+01,7.792263e+01,7.786280e+01,7.749335e+01,7.740335e+01,7.734332e+01,7.697260e+01,7.696256e+01,7.687225e+01,7.681200e+01,7.639970e+01,7.638963e+01,7.629896e+01,7.636948e+01,7.596606e+01,7.590545e+01,7.600645e+01,7.599635e+01,7.549063e+01,7.542983e+01,7.538928e+01,7.517622e+01,7.455560e+01,7.445361e+01,7.392213e+01,7.328592e+01,7.334761e+01,7.283274e+01,7.210886e+01,7.203626e+01,7.150632e+01,7.100577e+01,7.090127e+01,7.033565e+01,7.023066e+01,6.965184e+01,6.954634e+01,6.885873e+01,6.876326e+01,6.852961e+01,6.793313e+01,6.734483e+01,6.730194e+01,6.661404e+01,6.629041e+01,6.611749e+01,6.580354e+01,6.501009e+01,6.468268e+01,6.457337e+01,6.400356e+01,6.361868e+01,6.333207e+01,6.257959e+01,6.224628e+01,6.181174e+01,6.154363e+01,6.121895e+01,6.049960e+01,6.025142e+01,5.959490e+01,5.925404e+01,5.882100e+01,5.805400e+01,5.757087e+01,5.729400e+01,5.671526e+01,5.604066e+01,5.585394e+01,5.509256e+01,5.491621e+01,5.450378e+01,5.352032e+01,5.359167e+01,5.298389e+01,5.228908e+01,5.171112e+01,5.140903e+01,5.083910e+01,5.002206e+01,4.960534e+01,4.932264e+01,4.892821e+01,4.803603e+01,4.767481e+01,4.729998e+01,4.682351e+01,4.615576e+01,4.568736e+01,4.543340e+01,4.511517e+01,4.491105e+01,4.491105e+01,4.491105e+01,4.450174e+01,4.416813e+01,4.400096e+01,4.400096e+01,4.400096e+01,4.400096e+01,4.330399e+01,4.308371e+01,4.308371e+01,4.269394e+01,4.227673e+01,4.197593e+01,4.197593e+01,4.143774e+01,4.142458e+01,4.142458e+01,4.142458e+01,4.142458e+01,4.142458e+01,4.142458e+01,4.142458e+01,4.142458e+01,4.142458e+01,4.142458e+01,4.142458e+01,4.142458e+01,4.142458e+01,4.142458e+01,4.142458e+01,4.142458e+01,4.142458e+01,4.142458e+01,4.142458e+01,4.142458e+01,4.142458e+01,4.142458e+01,4.142458e+01,4.142458e+01,4.142458e+01,4.142458e+01,4.142458e+01,4.142458e+01,4.094987e+01,4.094987e+01,4.094987e+01,4.094987e+01,4.040681e+01,4.081766e+01,4.065880e+01,4.044664e+01,3.986113e+01,3.986113e+01,3.986113e+01,3.986113e+01,3.986113e+01,3.986113e+01,3.982109e+01,3.928597e+01,3.928597e+01,3.928597e+01,3.928597e+01,3.928597e+01,3.983444e+01,3.941999e+01,4.002111e+01,3.992781e+01,4.007439e+01,4.007439e+01,4.007439e+01,4.061905e+01,4.061905e+01,4.061905e+01,4.061905e+01,4.116110e+01,4.113472e+01,4.116110e+01,4.141142e+01,4.168746e+01,4.139826e+01,4.193663e+01,4.193663e+01,4.193663e+01,4.193663e+01,4.247248e+01,4.198902e+01,4.228979e+01,4.228979e+01,4.282401e+01,4.281101e+01,4.279800e+01,4.278500e+01,4.277200e+01,4.292796e+01,4.283701e+01,4.262885e+01,4.262885e+01,4.262885e+01,4.262885e+01,4.262885e+01,4.262885e+01,4.262885e+01,4.262885e+01,4.262885e+01,4.262885e+01,4.262885e+01,4.262885e+01,4.262885e+01,4.262885e+01,4.262885e+01,4.262885e+01,4.262885e+01,4.262885e+01,4.262885e+01,4.262885e+01,4.262885e+01,4.262885e+01,4.262885e+01,4.262885e+01,4.262885e+01,4.262885e+01,4.262885e+01,4.262885e+01,4.262885e+01,4.262885e+01,4.262885e+01,4.262885e+01,4.262885e+01,4.262885e+01,4.262885e+01,4.316150e+01,4.321333e+01,4.323924e+01,4.323924e+01,4.323924e+01,4.323924e+01,4.376910e+01,4.376910e+01,4.376910e+01,4.429655e+01,4.392372e+01,4.402669e+01,4.429655e+01,4.424520e+01,4.419382e+01,4.414242e+01,4.414242e+01,4.414242e+01,4.414242e+01,4.414242e+01,4.414242e+01,4.414242e+01,4.414242e+01,4.414242e+01,4.414242e+01,4.361427e+01,4.366590e+01,4.366590e+01,4.366590e+01,4.366590e+01,4.366590e+01,4.366590e+01,4.366590e+01,4.366590e+01,4.366590e+01,4.366590e+01,4.318742e+01,4.318742e+01,4.318742e+01,4.318742e+01,4.318742e+01,4.318742e+01,4.318742e+01,4.318742e+01,4.318742e+01,4.318742e+01,4.277200e+01,4.277200e+01,4.277200e+01,4.277200e+01,4.277200e+01,4.277200e+01,4.223754e+01,4.223754e+01,4.223754e+01,4.223754e+01,4.223754e+01,4.223754e+01,4.170059e+01,4.168746e+01,4.168746e+01,4.168746e+01,4.168746e+01,4.168746e+01,4.133244e+01,4.133244e+01,4.133244e+01,4.133244e+01
3.534114e+01,3.534114e+01,3.590948e+01,3.546616e+01,3.552167e+01,3.557716e+01,3.619944e+01,3.625458e+01,3.625458e+01,3.625458e+01,3.625458e+01,3.625458e+01,3.681820e+01,3.687303e+01,3.687303e+01,3.687303e+01,3.743349e+01,3.699631e+01,3.724244e+01,3.724244e+01,3.780103e+01,3.774666e+01,3.774666e+01,3.774666e+01,3.774666e+01,3.774666e+01,3.774666e+01,3.830272e+01,3.790970e+01,3.847846e+01,3.847846e+01,3.847846e+01,3.847846e+01,3.847846e+01,3.890985e+01,3.924573e+01,3.944677e+01,3.944677e+01,3.944677e+01,3.944677e+01,3.944677e+01,3.944677e+01,3.999446e+01,4.012764e+01,4.000779e+01,3.998114e+01,4.031383e+01,4.055276e+01,4.055276e+01,4.055276e+01,4.055276e+01,4.055276e+01,4.055276e+01,4.109513e+01,4.065880e+01,4.068529e+01,4.073826e+01,4.079120e+01,4.079120e+01,4.079120e+01,4.079120e+01,4.079120e+01,4.079120e+01,4.079120e+01,4.079120e+01,4.079120e+01,4.079120e+01,4.079120e+01,4.079120e+01,4.079120e+01,4.079120e+01,4.133244e+01,4.127974e+01,4.127974e+01,4.127974e+01,4.127974e+01,4.127974e+01,4.184489e+01,4.188422e+01,4.192353e+01,4.232896e+01,4.253766e+01,4.253766e+01,4.253766e+01,4.253766e+01,4.253766e+01,4.253766e+01,4.253766e+01,4.253766e+01,4.253766e+01,4.307073e+01,4.268092e+01,4.318742e+01,4.351093e+01,4.351093e+01,4.379488e+01,4.424520e+01,4.451455e+01,4.451455e+01,4.511517e+01,4.538253e+01,4.538253e+01,4.567467e+01,4.602935e+01,4.649640e+01,4.706199e+01,4.717478e+01,4.768728e+01,4.792405e+01,4.835897e+01,4.875525e+01,4.912558e+01,4.977710e+01,5.025431e+01,5.080264e+01,5.114259e+01,5.151787e+01,5.213282e+01,5.215687e+01,5.295999e+01,5.340131e+01,5.354411e+01,5.375800e+01,5.419653e+01,5.495150e+01,5.524520e+01,5.571371e+01,5.628532e+01,5.621547e+01,5.678485e+01,5.722469e+01,5.773211e+01,5.816876e+01,5.866111e+01,5.915161e+01,5.954950e+01,5.987828e+01,6.037557e+01,6.100580e+01,6.099457e+01,6.154363e+01,6.214613e+01,6.242415e+01,6.297848e+01,6.295635e+01,6.329896e+01,6.362969e+01,6.423396e+01,6.471545e+01,6.512994e+01,6.551060e+01,6.585773e+01,6.613912e+01,6.690466e+01,6.694766e+01,6.736626e+01,6.773017e+01,6.822103e+01,6.871019e+01,6.917651e+01,6.920824e+01,6.965184e+01,7.013610e+01,7.062921e+01,7.037762e+01,7.065015e+01,7.114151e+01,7.159998e+01,7.148550e+01,7.167278e+01,7.207775e+01,7.239884e+01,7.252294e+01,7.253328e+01,7.289462e+01,7.339899e+01,7.335789e+01,7.363515e+01,7.365567e+01,7.405518e+01,7.395284e+01,7.421877e+01,7.430050e+01,7.451482e+01,7.463715e+01,7.461676e+01,7.485098e+01,7.494253e+01,7.546024e+01,7.527772e+01,7.547037e+01,7.569312e+01,7.583471e+01,7.554128e+01,7.578416e+01,7.563241e+01,7.594585e+01,7.613764e+01,7.582460e+01,7.603674e+01,7.612756e+01,7.631911e+01,7.639970e+01,7.662107e+01,7.629896e+01,7.654061e+01,7.655067e+01,7.656073e+01,7.674169e+01,7.681200e+01,7.659090e+01,7.666129e+01,7.683208e+01,7.682204e+01,7.695253e+01,7.703278e+01,7.700269e+01,7.711298e+01,7.699266e+01,7.711298e+01,7.710296e+01,7.728326e+01,7.734332e+01,7.735332e+01,7.695253e+01,7.712300e+01,7.721317e+01,7.739335e+01,7.750335e+01,7.750335e+01,7.759329e+01,7.718312e+01,7.763326e+01,7.733331e+01,7.742336e+01,7.741335e+01,7.751334e+01,7.761327e+01,7.730328e+01,7.747336e+01,7.744336e+01,7.743336e+01,7.750335e+01,7.757331e+01,7.755332e+01,7.753334e+01,7.762326e+01,7.769317e+01,7.774308e+01,7.772311e+01,7.766322e+01,7.775306e+01,7.784286e+01,7.752335e+01,7.750335e+01,7.768318e+01,7.746336e+01,7.751334e+01,7.750335e+01,7.754333e+01,7.758331e+01,7.758331e+01,7.771313e+01,7.746336e+01,7.752335e+01,7.760329e+01,7.759329e+01,7.760329e+01,7.764324e+01,7.763326e+01,7.771313e+01,7.763326e+01,7.757331e+01,7.757331e+01,7.755332e+01,7.753334e+01,7.754333e+01,7.755332e+01,7.756332e+01,7.757331e+01,7.758331e+01,7.757331e+01,7.756332e+01,7.755332e+01,7.754333e+01,7.753334e+01,7.752335e+01,7.750335e+01,7.748335e+01,7.760329e+01,7.733331e+01,7.752335e+01,7.746336e+01,7.752335e+01,7.753334e+01,7.754333e+01,7.752335e+01,7.750335e+01,7.778300e+01,7.766322e+01,7.764324e+01,7.762326e+01,7.760329e+01,7.758331e+01,7.756332e+01,7.754333e+01,7.752335e+01,7.791266e+01,7.748335e+01,7.786280e+01,7.784286e+01,7.782291e+01,7.780296e+01,7.778300e+01,7.776304e+01,7.774308e+01,7.772311e+01,7.770315e+01,7.768318e+01,7.766322e+01,7.805217e+01,7.782291e+01,7.802229e+01,7.796250e+01,7.797247e+01,7.796250e+01,7.795253e+01,7.810197e+01,7.793259e+01,7.792263e+01,7.797247e+01,7.800236e+01,7.803225e+01,7.806213e+01,7.801232e+01,7.810197e+01,7.784286e+01,7.783288e+01,7.789272e+01,7.788274e+01,7.787277e+01,7.792263e+01,7.793259e+01,7.794257e+01,7.754333e+01,7.771313e+01,7.762326e+01,7.756332e+01,7.755332e+01,7.754333e+01,7.712300e+01,7.703278e+01,7.697260e+01,7.695253e+01,7.686221e+01,7.680196e+01,7.638963e+01,7.636948e+01,7.586503e+01,7.592565e+01,7.590545e+01,7.588524e+01,7.585492e+01,7.537914e+01,7.535886e+01,7.543996e+01,7.533858e+01,7.485098e+01,7.483063e+01,7.480009e+01,7.415745e+01,7.421877e+01,7.369669e+01,7.339899e+01,7.278115e+01,7.272955e+01,7.200515e+01,7.192213e+01,7.166239e+01,7.119368e+01,7.058731e+01,7.047202e+01,7.025166e+01,6.953579e+01,6.945133e+01,6.917651e+01,6.877386e+01,6.813579e+01,6.789043e+01,6.756974e+01,6.725905e+01,6.653859e+01,6.639836e+01,6.590105e+01,6.542369e+01,6.517350e+01,6.486831e+01,6.427780e+01,6.415720e+01,6.367373e+01,6.307802e+01,6.282350e+01,6.243526e+01,6.200133e+01,6.171126e+01,6.099457e+01,6.073606e+01,6.035300e+01,6.000278e+01,5.949274e+01,5.853533e+01,5.866111e+01,5.812287e+01,5.774362e+01,5.672686e+01,5.637840e+01,5.604066e+01,5.505731e+01,5.544453e+01,5.458637e+01,5.426750e+01,5.371050e+01,5.337749e+01,5.256507e+01,5.194022e+01,5.160246e+01,5.111834e+01,5.059578e+01,5.008322e+01,4.977710e+01,4.889117e+01,4.860680e+01,4.792405e+01,4.756248e+01,4.699928e+01,4.657197e+01,4.621892e+01,4.595344e+01,4.562392e+01,4.534438e+01,4.491105e+01,4.491105e+01,4.438637e+01,4.428371e+01,4.420667e+01,4.420667e+01,4.367881e+01,4.370461e+01,4.357553e+01,4.320038e+01,4.320038e+01,4.266791e+01,4.256372e+01,4.215912e+01,4.201521e+01,4.164807e+01,4.143774e+01,4.143774e+01,4.143774e+01,4.143774e+01,4.143774e+01,4.089701e+01,4.141142e+01,4.141142e+01,4.141142e+01,4.141142e+01,4.141142e+01,4.141142e+01,4.141142e+01,4.141142e+01,4.141142e+01,4.141142e+01,4.141142e+01,4.141142e+01,4.141142e+01,4.141142e+01,4.141142e+01,4.141142e+01,4.141142e+01,4.141142e+01,4.141142e+01,4.141142e+01,4.141142e+01,4.141142e+01,4.141142e+01,4.094987e+01,4.094987e+01,4.094987e+01,4.094987e+01,4.040681e+01,4.077797e+01,4.023407e+01,4.010102e+01,3.986113e+01,3.986113e+01,3.986113e+01,3.986113e+01,3.986113e+01,3.986113e+01,3.931279e+01,3.917863e+01,3.917863e+01,3.917863e+01,3.917863e+01,3.917863e+01,3.983444e+01,3.964746e+01,3.980775e+01,3.980775e+01,3.980775e+01,3.980775e+01,4.035369e+01,4.061905e+01,4.061905e+01,4.061905e+01,4.061905e+01,4.061905e+01,4.113472e+01,4.113472e+01,4.141142e+01,4.149036e+01,4.162180e+01,4.172684e+01,4.172684e+01,4.226367e+01,4.239423e+01,4.238118e+01,4.232896e+01,4.232896e+01,4.269394e+01,4.282401e+01,4.282401e+01,4.282401e+01,4.282401e+01,4.282401e+01,4.282401e+01,4.282401e+01,4.282401e+01,4.282401e+01,4.282401e+01,4.282401e+01,4.282401e+01,4.282401e+01,4.282401e+01,4.282401e+01,4.282401e+01,4.282401e+01,4.282401e+01,4.282401e+01,4.282401e+01,4.282401e+01,4.282401e+01,4.282401e+01,4.282401e+01,4.282401e+01,4.282401e+01,4.282401e+01,4.282401e+01,4.282401e+01,4.282401e+01,4.282401e+01,4.228979e+01,4.231591e+01,4.234202e+01,4.236813e+01,4.236813e+01,4.236813e+01,4.236813e+01,4.290198e+01,4.287599e+01,4.287599e+01,4.287599e+01,4.287599e+01,4.287599e+01,4.323924e+01,4.323924e+01,4.323924e+01,4.376910e+01,4.387220e+01,4.387220e+01,4.387220e+01,4.429655e+01,4.448893e+01,4.454018e+01,4.455298e+01,4.424520e+01,4.424520e+01,4.424520e+01,4.424520e+01,4.424520e+01,4.424520e+01,4.424520e+01,4.424520e+01,4.424520e+01,4.424520e+01,4.424520e+01,4.424520e+01,4.414242e+01,4.362718e+01,4.362718e+01,4.362718e+01,4.362718e+01,4.362718e+01,4.362718e+01,4.362718e+01,4.362718e+01,4.362718e+01,4.362718e+01,4.362718e+01,4.362718e+01,4.362718e+01,4.318742e+01,4.318742e+01,4.318742e+01,4.318742e+01,4.318742e+01,4.318742e+01,4.265489e+01,4.264187e+01,4.264187e+01,4.264187e+01,4.264187e+01,4.264187e+01,4.264187e+01,4.264187e+01,4.264187e+01,4.223754e+01,4.223754e+01,4.223754e+01,4.223754e+01,4.223754e+01,4.223754e+01,4.168746e+01,4.168746e+01,4.168746e+01,4.168746e+01,4.133244e+01,4.133244e+01,4.133244e+01,4.133244e+01
3.534114e+01,3.534114e+01,3.590948e+01,3.552167e+01,3.552167e+01,3.552167e+01,3.619944e+01,3.619944e+01,3.619944e+01,3.619944e+01,3.619944e+01,3.676334e+01,3.692784e+01,3.692784e+01,3.692784e+01,3.692784e+01,3.692784e+01,3.692784e+01,3.724244e+01,3.762422e+01,3.780103e+01,3.780103e+01,3.780103e+01,3.780103e+01,3.780103e+01,3.780103e+01,3.780103e+01,3.780103e+01,3.835683e+01,3.803182e+01,3.803182e+01,3.858646e+01,3.858646e+01,3.858646e+01,3.858646e+01,3.924573e+01,3.924573e+01,3.924573e+01,3.924573e+01,3.924573e+01,3.979440e+01,3.992781e+01,3.954047e+01,3.968755e+01,4.024737e+01,3.992781e+01,4.020747e+01,4.020747e+01,4.020747e+01,4.020747e+01,4.055276e+01,4.055276e+01,4.055276e+01,4.055276e+01,4.055276e+01,4.055276e+01,4.109513e+01,4.106874e+01,4.104234e+01,4.104234e+01,4.104234e+01,4.104234e+01,4.104234e+01,4.104234e+01,4.104234e+01,4.104234e+01,4.104234e+01,4.104234e+01,4.104234e+01,4.104234e+01,4.104234e+01,4.104234e+01,4.104234e+01,4.104234e+01,4.104234e+01,4.104234e+01,4.158238e+01,4.184489e+01,4.184489e+01,4.184489e+01,4.232896e+01,4.232896e+01,4.286300e+01,4.283701e+01,4.281101e+01,4.278500e+01,4.278500e+01,4.278500e+01,4.278500e+01,4.278500e+01,4.278500e+01,4.278500e+01,4.318742e+01,4.345923e+01,4.369171e+01,4.357553e+01,4.391084e+01,4.409100e+01,4.441201e+01,4.489828e+01,4.511517e+01,4.519162e+01,4.559853e+01,4.572541e+01,4.619366e+01,4.699928e+01,4.694908e+01,4.777457e+01,4.827211e+01,4.847055e+01,4.886647e+01,4.889117e+01,4.948251e+01,4.996087e+01,5.046174e+01,5.085126e+01,5.139693e+01,5.183175e+01,5.207266e+01,5.281653e+01,5.307942e+01,5.324643e+01,5.367486e+01,5.405447e+01,5.470427e+01,5.468070e+01,5.522173e+01,5.569033e+01,5.598234e+01,5.649466e+01,5.693549e+01,5.744405e+01,5.788166e+01,5.837508e+01,5.886665e+01,5.921990e+01,5.969699e+01,6.013846e+01,6.053341e+01,6.081479e+01,6.130859e+01,6.140937e+01,6.194559e+01,6.240193e+01,6.252410e+01,6.297848e+01,6.345340e+01,6.400356e+01,6.403649e+01,6.451868e+01,6.490104e+01,6.535847e+01,6.589022e+01,6.598767e+01,6.630120e+01,6.722687e+01,6.709807e+01,6.766602e+01,6.779430e+01,6.816776e+01,6.869957e+01,6.920824e+01,6.975726e+01,7.006252e+01,7.012560e+01,7.053492e+01,7.053492e+01,7.090127e+01,7.092217e+01,7.094308e+01,7.135008e+01,7.163119e+01,7.177673e+01,7.203626e+01,7.246090e+01,7.245056e+01,7.289462e+01,7.313158e+01,7.339899e+01,7.357358e+01,7.368644e+01,7.388116e+01,7.407564e+01,7.421877e+01,7.394260e+01,7.405518e+01,7.424942e+01,7.458619e+01,7.458619e+01,7.460657e+01,7.491202e+01,7.509498e+01,7.477973e+01,7.481027e+01,7.501369e+01,7.512545e+01,7.498319e+01,7.522698e+01,7.528786e+01,7.545010e+01,7.556154e+01,7.577405e+01,7.555141e+01,7.568301e+01,7.571336e+01,7.590545e+01,7.593575e+01,7.596606e+01,7.575381e+01,7.587513e+01,7.596606e+01,7.604683e+01,7.622841e+01,7.623849e+01,7.637955e+01,7.647017e+01,7.648023e+01,7.618807e+01,7.635941e+01,7.649030e+01,7.650036e+01,7.627881e+01,7.651042e+01,7.640977e+01,7.647017e+01,7.664118e+01,7.673164e+01,7.691239e+01,7.661102e+01,7.660096e+01,7.658085e+01,7.660096e+01,7.687225e+01,7.686221e+01,7.694250e+01,7.693246e+01,7.702275e+01,7.707288e+01,7.706286e+01,7.683208e+01,7.682204e+01,7.681200e+01,7.687225e+01,7.693246e+01,7.692243e+01,7.691239e+01,7.699266e+01,7.705283e+01,7.709293e+01,7.708291e+01,7.707288e+01,7.715306e+01,7.719314e+01,7.718312e+01,7.717310e+01,7.689232e+01,7.688229e+01,7.692243e+01,7.691239e+01,7.694250e+01,7.697260e+01,7.696256e+01,7.703278e+01,7.702275e+01,7.707288e+01,7.714304e+01,7.713302e+01,7.713302e+01,7.716309e+01,7.715306e+01,7.722318e+01,7.721317e+01,7.679192e+01,7.677183e+01,7.675174e+01,7.673164e+01,7.713302e+01,7.713302e+01,7.713302e+01,7.713302e+01,7.713302e+01,7.712300e+01,7.711298e+01,7.710296e+01,7.709293e+01,7.708291e+01,7.707288e+01,7.706286e+01,7.705283e+01,7.711298e+01,7.710296e+01,7.689232e+01,7.688229e+01,7.693246e+01,7.693246e+01,7.693246e+01,7.692243e+01,7.702275e+01,7.725323e+01,7.724322e+01,7.723320e+01,7.722318e+01,7.721317e+01,7.720316e+01,7.719314e+01,7.718312e+01,7.701272e+01,7.716309e+01,7.682204e+01,7.710296e+01,7.709293e+01,7.708291e+01,7.707288e+01,7.706286e+01,7.705283e+01,7.704280e+01,7.703278e+01,7.743336e+01,7.743336e+01,7.720316e+01,7.741335e+01,7.740335e+01,7.760329e+01,7.760329e+01,7.720316e+01,7.719314e+01,7.759329e+01,7.733331e+01,7.732330e+01,7.731329e+01,7.735332e+01,7.737334e+01,7.739335e+01,7.741335e+01,7.740335e+01,7.743336e+01,7.742336e+01,7.741335e+01,7.705283e+01,7.704280e+01,7.703278e+01,7.707288e+01,7.707288e+01,7.738335e+01,7.732330e+01,7.708291e+01,7.707288e+01,7.706286e+01,7.705283e+01,7.695253e+01,7.689232e+01,7.647017e+01,7.646011e+01,7.645004e+01,7.602663e+01,7.592565e+01,7.586503e+01,7.576393e+01,7.528786e+01,7.532844e+01,7.530815e+01,7.528786e+01,7.518638e+01,7.511530e+01,7.509498e+01,7.473901e+01,7.463715e+01,7.456580e+01,7.412677e+01,7.402448e+01,7.353252e+01,7.349145e+01,7.335789e+01,7.269857e+01,7.219176e+01,7.208812e+01,7.191175e+01,7.129797e+01,7.104755e+01,7.031466e+01,7.022015e+01,7.015712e+01,6.949357e+01,6.939852e+01,6.919766e+01,6.850835e+01,6.818907e+01,6.799715e+01,6.735554e+01,6.726977e+01,6.657092e+01,6.599850e+01,6.589022e+01,6.556490e+01,6.532584e+01,6.461710e+01,6.435449e+01,6.416817e+01,6.339826e+01,6.306696e+01,6.292315e+01,6.259069e+01,6.175593e+01,6.161071e+01,6.134220e+01,6.084852e+01,6.049960e+01,5.978767e+01,5.951545e+01,5.915161e+01,5.853533e+01,5.787016e+01,5.752477e+01,5.717846e+01,5.657598e+01,5.625040e+01,5.579553e+01,5.523347e+01,5.457458e+01,5.442113e+01,5.401893e+01,5.359167e+01,5.312716e+01,5.231310e+01,5.181969e+01,5.134853e+01,5.086341e+01,5.033977e+01,4.996087e+01,4.951937e+01,4.876761e+01,4.834657e+01,4.779949e+01,4.729998e+01,4.673553e+01,4.644600e+01,4.607993e+01,4.581414e+01,4.548423e+01,4.507692e+01,4.491105e+01,4.454018e+01,4.438637e+01,4.438637e+01,4.385932e+01,4.373041e+01,4.407814e+01,4.358844e+01,4.332988e+01,4.325219e+01,4.287599e+01,4.266791e+01,4.231591e+01,4.221141e+01,4.181867e+01,4.170059e+01,4.170059e+01,4.116110e+01,4.113472e+01,4.110833e+01,4.151666e+01,4.142458e+01,4.100272e+01,4.151666e+01,4.151666e+01,4.097630e+01,4.149036e+01,4.149036e+01,4.149036e+01,4.149036e+01,4.149036e+01,4.149036e+01,4.149036e+01,4.149036e+01,4.149036e+01,4.149036e+01,4.149036e+01,4.149036e+01,4.149036e+01,4.149036e+01,4.149036e+01,4.149036e+01,4.149036e+01,4.094987e+01,4.135877e+01,4.114791e+01,4.114791e+01,4.114791e+01,4.060579e+01,4.057928e+01,4.055276e+01,4.043336e+01,4.043336e+01,4.043336e+01,3.986113e+01,3.986113e+01,3.986113e+01,3.986113e+01,3.986113e+01,3.986113e+01,3.986113e+01,3.986113e+01,3.972763e+01,3.974099e+01,3.987447e+01,3.998114e+01,3.998114e+01,3.998114e+01,3.998114e+01,3.998114e+01,4.052624e+01,4.063230e+01,4.065880e+01,4.065880e+01,4.065880e+01,4.120066e+01,4.079120e+01,4.147721e+01,4.098951e+01,4.121385e+01,4.149036e+01,4.149036e+01,4.202830e+01,4.215912e+01,4.236813e+01,4.236813e+01,4.236813e+01,4.236813e+01,4.236813e+01,4.236813e+01,4.236813e+01,4.282401e+01,4.282401e+01,4.282401e+01,4.282401e+01,4.282401e+01,4.282401e+01,4.282401e+01,4.282401e+01,4.282401e+01,4.282401e+01,4.282401e+01,4.282401e+01,4.282401e+01,4.282401e+01,4.282401e+01,4.282401e+01,4.282401e+01,4.282401e+01,4.282401e+01,4.282401e+01,4.282401e+01,4.282401e+01,4.282401e+01,4.282401e+01,4.282401e+01,4.282401e+01,4.282401e+01,4.282401e+01,4.282401e+01,4.282401e+01,4.282401e+01,4.282401e+01,4.282401e+01,4.282401e+01,4.282401e+01,4.282401e+01,4.282401e+01,4.282401e+01,4.282401e+01,4.282401e+01,4.282401e+01,4.335576e+01,4.343337e+01,4.344630e+01,4.344630e+01,4.344630e+01,4.344630e+01,4.387220e+01,4.387220e+01,4.387220e+01,4.387220e+01,4.448893e+01,4.448893e+01,4.448893e+01,4.448893e+01,4.448893e+01,4.448893e+01,4.448893e+01,4.396235e+01,4.446329e+01,4.446329e+01,4.393660e+01,4.392372e+01,4.391084e+01,4.389796e+01,4.388509e+01,4.375620e+01,4.415527e+01,4.364009e+01,4.364009e+01,4.364009e+01,4.364009e+01,4.364009e+01,4.364009e+01,4.364009e+01,4.364009e+01,4.364009e+01,4.364009e+01,4.364009e+01,4.310964e+01,4.353678e+01,4.354969e+01,4.356261e+01,4.304479e+01,4.304479e+01,4.304479e+01,4.304479e+01,4.304479e+01,4.304479e+01,4.304479e+01,4.264187e+01,4.264187e+01,4.264187e+01,4.264187e+01,4.264187e+01,4.264187e+01,4.223754e+01,4.223754e+01,4.223754e+01,4.223754e+01,4.170059e+01,4.213297e+01,4.159552e+01,4.159552e+01,4.159552e+01,4.159552e+01,4.105554e+01,4.105554e+01,4.105554e+01
3.534114e+01,3.534114e+01,3.534114e+01,3.590948e+01,3.590948e+01,3.604765e+01,3.629592e+01,3.629592e+01,3.629592e+01,3.629592e+01,3.629592e+01,3.629592e+01,3.692784e+01,3.692784e+01,3.692784e+01,3.692784e+01,3.692784e+01,3.692784e+01,3.724244e+01,3.756976e+01,3.756976e+01,3.756976e+01,3.756976e+01,3.756976e+01,3.756976e+01,3.756976e+01,3.812671e+01,3.826213e+01,3.823506e+01,3.808606e+01,3.847846e+01,3.868088e+01,3.868088e+01,3.868088e+01,3.868088e+01,3.924573e+01,3.924573e+01,3.924573e+01,3.924573e+01,3.924573e+01,3.979440e+01,3.967419e+01,3.959398e+01,4.007439e+01,4.007439e+01,4.012764e+01,4.015426e+01,4.015426e+01,4.015426e+01,4.015426e+01,4.055276e+01,4.055276e+01,4.055276e+01,4.055276e+01,4.055276e+01,4.055276e+01,4.055276e+01,4.106874e+01,4.106874e+01,4.106874e+01,4.106874e+01,4.106874e+01,4.106874e+01,4.106874e+01,4.106874e+01,4.106874e+01,4.106874e+01,4.106874e+01,4.106874e+01,4.106874e+01,4.106874e+01,4.106874e+01,4.106874e+01,4.106874e+01,4.106874e+01,4.106874e+01,4.158238e+01,4.158238e+01,4.158238e+01,4.211989e+01,4.231591e+01,4.215912e+01,4.251160e+01,4.251160e+01,4.251160e+01,4.251160e+01,4.251160e+01,4.251160e+01,4.251160e+01,4.251160e+01,4.304479e+01,4.329104e+01,4.286300e+01,4.304479e+01,4.329104e+01,4.336870e+01,4.418097e+01,4.421951e+01,4.468099e+01,4.488551e+01,4.488551e+01,4.519162e+01,4.556044e+01,4.605464e+01,4.645860e+01,4.698673e+01,4.731250e+01,4.752502e+01,4.784933e+01,4.817276e+01,4.848294e+01,4.922415e+01,4.974032e+01,5.021767e+01,5.058360e+01,5.060796e+01,5.108195e+01,5.174733e+01,5.184381e+01,5.248114e+01,5.266092e+01,5.310329e+01,5.342512e+01,5.395967e+01,5.444475e+01,5.465713e+01,5.512780e+01,5.549139e+01,5.601733e+01,5.642492e+01,5.679644e+01,5.676165e+01,5.774362e+01,5.815729e+01,5.854677e+01,5.904910e+01,5.898071e+01,5.950409e+01,5.990093e+01,6.044324e+01,6.082603e+01,6.118531e+01,6.163306e+01,6.185637e+01,6.223516e+01,6.267942e+01,6.314434e+01,6.346442e+01,6.375076e+01,6.422299e+01,6.459524e+01,6.504279e+01,6.534760e+01,6.555405e+01,6.611749e+01,6.645232e+01,6.670020e+01,6.716248e+01,6.753763e+01,6.790110e+01,6.842328e+01,6.848709e+01,6.903889e+01,6.929284e+01,6.959910e+01,6.990470e+01,7.014661e+01,6.997837e+01,7.044056e+01,7.070251e+01,7.062921e+01,7.128754e+01,7.111019e+01,7.161038e+01,7.192213e+01,7.173516e+01,7.218140e+01,7.209849e+01,7.236780e+01,7.271922e+01,7.285336e+01,7.306980e+01,7.328592e+01,7.336816e+01,7.335789e+01,7.349145e+01,7.350172e+01,7.372746e+01,7.374796e+01,7.386068e+01,7.412677e+01,7.424942e+01,7.423920e+01,7.429028e+01,7.451482e+01,7.464733e+01,7.473901e+01,7.491202e+01,7.456580e+01,7.474919e+01,7.495269e+01,7.507466e+01,7.506450e+01,7.480009e+01,7.526757e+01,7.506450e+01,7.553115e+01,7.508482e+01,7.507466e+01,7.521683e+01,7.532844e+01,7.542983e+01,7.563241e+01,7.566277e+01,7.540956e+01,7.567289e+01,7.561216e+01,7.560204e+01,7.579427e+01,7.594585e+01,7.588524e+01,7.594585e+01,7.572347e+01,7.574371e+01,7.582460e+01,7.601654e+01,7.612756e+01,7.623849e+01,7.622841e+01,7.624857e+01,7.626873e+01,7.634933e+01,7.613764e+01,7.615781e+01,7.625864e+01,7.627881e+01,7.638963e+01,7.646011e+01,7.638963e+01,7.637955e+01,7.639970e+01,7.641983e+01,7.608720e+01,7.615781e+01,7.616790e+01,7.617799e+01,7.626873e+01,7.633926e+01,7.638963e+01,7.639970e+01,7.640977e+01,7.650036e+01,7.655067e+01,7.656073e+01,7.649030e+01,7.648023e+01,7.649030e+01,7.612756e+01,7.654061e+01,7.658085e+01,7.620824e+01,7.620824e+01,7.627881e+01,7.627881e+01,7.632919e+01,7.639970e+01,7.639970e+01,7.639970e+01,7.642990e+01,7.642990e+01,7.650036e+01,7.640977e+01,7.633926e+01,7.633926e+01,7.633926e+01,7.614773e+01,7.643997e+01,7.643997e+01,7.643997e+01,7.643997e+01,7.643997e+01,7.643997e+01,7.643997e+01,7.643997e+01,7.643997e+01,7.643997e+01,7.643997e+01,7.643997e+01,7.643997e+01,7.650036e+01,7.642990e+01,7.641983e+01,7.641983e+01,7.647017e+01,7.647017e+01,7.647017e+01,7.647017e+01,7.666129e+01,7.642990e+01,7.642990e+01,7.642990e+01,7.642990e+01,7.642990e+01,7.642990e+01,7.642990e+01,7.642990e+01,7.642990e+01,7.649030e+01,7.658085e+01,7.636948e+01,7.636948e+01,7.636948e+01,7.636948e+01,7.678188e+01,7.678188e+01,7.678188e+01,7.655067e+01,7.684212e+01,7.677183e+01,7.683208e+01,7.698263e+01,7.658085e+01,7.678188e+01,7.669144e+01,7.703278e+01,7.690236e+01,7.707288e+01,7.706286e+01,7.706286e+01,7.665124e+01,7.710296e+01,7.712300e+01,7.673164e+01,7.676178e+01,7.677183e+01,7.681200e+01,7.682204e+01,7.673164e+01,7.667134e+01,7.668140e+01,7.669144e+01,7.674169e+01,7.683208e+01,7.664118e+01,7.657079e+01,7.656073e+01,7.657079e+01,7.658085e+01,7.659090e+01,7.618807e+01,7.609729e+01,7.603674e+01,7.604683e+01,7.595596e+01,7.548050e+01,7.549063e+01,7.550076e+01,7.540956e+01,7.521683e+01,7.480009e+01,7.481027e+01,7.482045e+01,7.441280e+01,7.441280e+01,7.432092e+01,7.424942e+01,7.424942e+01,7.373771e+01,7.366592e+01,7.356332e+01,7.346064e+01,7.303890e+01,7.251260e+01,7.220213e+01,7.169358e+01,7.169358e+01,7.115194e+01,7.101621e+01,7.033565e+01,6.979940e+01,6.979940e+01,6.923997e+01,6.914476e+01,6.871019e+01,6.857212e+01,6.793313e+01,6.748410e+01,6.734483e+01,6.680785e+01,6.666790e+01,6.624720e+01,6.600932e+01,6.524969e+01,6.517350e+01,6.491195e+01,6.446397e+01,6.393765e+01,6.379476e+01,6.324376e+01,6.263506e+01,6.255740e+01,6.183406e+01,6.164424e+01,6.139818e+01,6.065729e+01,6.049960e+01,5.976500e+01,5.960625e+01,5.939049e+01,5.891229e+01,5.829488e+01,5.775513e+01,5.739790e+01,5.693549e+01,5.645979e+01,5.600567e+01,5.554993e+01,5.498678e+01,5.458637e+01,5.411368e+01,5.376987e+01,5.334176e+01,5.287632e+01,5.255308e+01,5.166284e+01,5.143323e+01,5.053487e+01,5.021767e+01,4.970352e+01,4.927340e+01,4.884176e+01,4.849534e+01,4.802359e+01,4.708706e+01,4.684864e+01,4.642079e+01,4.594078e+01,4.567467e+01,4.534438e+01,4.508967e+01,4.468099e+01,4.455298e+01,4.455298e+01,4.455298e+01,4.438637e+01,4.382066e+01,4.385932e+01,4.378199e+01,4.332988e+01,4.300586e+01,4.288898e+01,4.296691e+01,4.221141e+01,4.197593e+01,4.183178e+01,4.183178e+01,4.129292e+01,4.117429e+01,4.117429e+01,4.117429e+01,4.117429e+01,4.117429e+01,4.117429e+01,4.117429e+01,4.117429e+01,4.117429e+01,4.117429e+01,4.117429e+01,4.117429e+01,4.117429e+01,4.117429e+01,4.117429e+01,4.117429e+01,4.117429e+01,4.117429e+01,4.117429e+01,4.117429e+01,4.117429e+01,4.149036e+01,4.149036e+01,4.149036e+01,4.149036e+01,4.149036e+01,4.094987e+01,4.134560e+01,4.134560e+01,4.080443e+01,4.121385e+01,4.087056e+01,4.087056e+01,4.055276e+01,4.055276e+01,4.055276e+01,4.000779e+01,4.042009e+01,4.043336e+01,3.990114e+01,3.990114e+01,3.990114e+01,3.990114e+01,3.990114e+01,3.990114e+01,3.990114e+01,3.990114e+01,3.990114e+01,3.990114e+01,3.990114e+01,3.990114e+01,3.990114e+01,3.990114e+01,4.052624e+01,4.052624e+01,4.052624e+01,4.106874e+01,4.118748e+01,4.108194e+01,4.101593e+01,4.156924e+01,4.127974e+01,4.131926e+01,4.147721e+01,4.183178e+01,4.200212e+01,4.200212e+01,4.200212e+01,4.200212e+01,4.236813e+01,4.236813e+01,4.236813e+01,4.236813e+01,4.236813e+01,4.282401e+01,4.282401e+01,4.282401e+01,4.282401e+01,4.282401e+01,4.282401e+01,4.282401e+01,4.282401e+01,4.282401e+01,4.282401e+01,4.282401e+01,4.282401e+01,4.282401e+01,4.282401e+01,4.282401e+01,4.282401e+01,4.282401e+01,4.282401e+01,4.282401e+01,4.282401e+01,4.282401e+01,4.282401e+01,4.282401e+01,4.282401e+01,4.282401e+01,4.282401e+01,4.282401e+01,4.282401e+01,4.282401e+01,4.282401e+01,4.282401e+01,4.282401e+01,4.282401e+01,4.282401e+01,4.282401e+01,4.282401e+01,4.282401e+01,4.282401e+01,4.282401e+01,4.282401e+01,4.282401e+01,4.335576e+01,4.335576e+01,4.335576e+01,4.335576e+01,4.335576e+01,4.388509e+01,4.401382e+01,4.401382e+01,4.401382e+01,4.454018e+01,4.414242e+01,4.412957e+01,4.411671e+01,4.410386e+01,4.461700e+01,4.461700e+01,4.409100e+01,4.415527e+01,4.427088e+01,4.445048e+01,4.412957e+01,4.412957e+01,4.412957e+01,4.412957e+01,4.412957e+01,4.412957e+01,4.412957e+01,4.412957e+01,4.364009e+01,4.364009e+01,4.364009e+01,4.364009e+01,4.364009e+01,4.364009e+01,4.364009e+01,4.364009e+01,4.364009e+01,4.364009e+01,4.364009e+01,4.364009e+01,4.310964e+01,4.348509e+01,4.323924e+01,4.323924e+01,4.323924e+01,4.270695e+01,4.270695e+01,4.270695e+01,4.266791e+01,4.264187e+01,4.264187e+01,4.264187e+01,4.264187e+01,4.264187e+01,4.264187e+01,4.223754e+01,4.223754e+01,4.223754e+01,4.223754e+01,4.170059e+01,4.170059e+01,4.147721e+01,4.147721e+01,4.147721e+01,4.147721e+01,4.147721e+01,4.147721e+01,4.105554e+01
3.534114e+01,3.534114e+01,3.534114e+01,3.590948e+01,3.590948e+01,3.590948e+01,3.590948e+01,3.590948e+01,3.629592e+01,3.629592e+01,3.629592e+01,3.629592e+01,3.636478e+01,3.692784e+01,3.692784e+01,3.692784e+01,3.692784e+01,3.692784e+01,3.724244e+01,3.755614e+01,3.755614e+01,3.755614e+01,3.755614e+01,3.755614e+01,3.755614e+01,3.755614e+01,3.812671e+01,3.812671e+01,3.812671e+01,3.812671e+01,3.812671e+01,3.868088e+01,3.868088e+01,3.868088e+01,3.868088e+01,3.924573e+01,3.924573e+01,3.924573e+01,3.924573e+01,3.979440e+01,3.991448e+01,3.991448e+01,3.991448e+01,3.991448e+01,3.991448e+01,3.991448e+01,3.991448e+01,3.991448e+01,4.045991e+01,4.049971e+01,4.055276e+01,4.055276e+01,4.055276e+01,4.055276e+01,4.055276e+01,4.055276e+01,4.055276e+01,4.106874e+01,4.106874e+01,4.106874e+01,4.106874e+01,4.106874e+01,4.106874e+01,4.106874e+01,4.106874e+01,4.106874e+01,4.106874e+01,4.106874e+01,4.106874e+01,4.106874e+01,4.106874e+01,4.106874e+01,4.106874e+01,4.106874e+01,4.106874e+01,4.106874e+01,4.158238e+01,4.158238e+01,4.158238e+01,4.211989e+01,4.211989e+01,4.211989e+01,4.211989e+01,4.251160e+01,4.251160e+01,4.251160e+01,4.251160e+01,4.251160e+01,4.251160e+01,4.251160e+01,4.304479e+01,4.295393e+01,4.288898e+01,4.288898e+01,4.329104e+01,4.370461e+01,4.415527e+01,4.400096e+01,4.427088e+01,4.500039e+01,4.470657e+01,4.515340e+01,4.578879e+01,4.594078e+01,4.609257e+01,4.654679e+01,4.679838e+01,4.763738e+01,4.747505e+01,4.835897e+01,4.873052e+01,4.916256e+01,4.911326e+01,4.959306e+01,5.038857e+01,5.072967e+01,5.102128e+01,5.150578e+01,5.191612e+01,5.230109e+01,5.279260e+01,5.299583e+01,5.306748e+01,5.357978e+01,5.381735e+01,5.476318e+01,5.502205e+01,5.512780e+01,5.563185e+01,5.604066e+01,5.635514e+01,5.661081e+01,5.753630e+01,5.789315e+01,5.826050e+01,5.852389e+01,5.877534e+01,5.924266e+01,5.961760e+01,6.013846e+01,6.045451e+01,6.061226e+01,6.139818e+01,6.181174e+01,6.167775e+01,6.220178e+01,6.266833e+01,6.310013e+01,6.317749e+01,6.372875e+01,6.417914e+01,6.462804e+01,6.487922e+01,6.487922e+01,6.544543e+01,6.589022e+01,6.637678e+01,6.681861e+01,6.717322e+01,6.717322e+01,6.759114e+01,6.831687e+01,6.833816e+01,6.869957e+01,6.867834e+01,6.908125e+01,6.927170e+01,6.950413e+01,6.996785e+01,7.017814e+01,6.997837e+01,7.010457e+01,7.060826e+01,7.111019e+01,7.137093e+01,7.116238e+01,7.149591e+01,7.159998e+01,7.209849e+01,7.223320e+01,7.204664e+01,7.235744e+01,7.252294e+01,7.261595e+01,7.262628e+01,7.319334e+01,7.326535e+01,7.297708e+01,7.301830e+01,7.322421e+01,7.344009e+01,7.358385e+01,7.360437e+01,7.374796e+01,7.392213e+01,7.407564e+01,7.376846e+01,7.399379e+01,7.432092e+01,7.408587e+01,7.430050e+01,7.443320e+01,7.436176e+01,7.447401e+01,7.431071e+01,7.439239e+01,7.461676e+01,7.453521e+01,7.454541e+01,7.469827e+01,7.482045e+01,7.493236e+01,7.472882e+01,7.468809e+01,7.471864e+01,7.493236e+01,7.493236e+01,7.493236e+01,7.512545e+01,7.527772e+01,7.527772e+01,7.526757e+01,7.524728e+01,7.526757e+01,7.534872e+01,7.554128e+01,7.523713e+01,7.534872e+01,7.534872e+01,7.536900e+01,7.538928e+01,7.539942e+01,7.549063e+01,7.551089e+01,7.561216e+01,7.563241e+01,7.574371e+01,7.581449e+01,7.539942e+01,7.557166e+01,7.558179e+01,7.548050e+01,7.554128e+01,7.560204e+01,7.560204e+01,7.560204e+01,7.568301e+01,7.574371e+01,7.578416e+01,7.578416e+01,7.578416e+01,7.586503e+01,7.590545e+01,7.590545e+01,7.589534e+01,7.588524e+01,7.577405e+01,7.583471e+01,7.561216e+01,7.570324e+01,7.562228e+01,7.561216e+01,7.567289e+01,7.566277e+01,7.570324e+01,7.576393e+01,7.575381e+01,7.574371e+01,7.576393e+01,7.575381e+01,7.581449e+01,7.580437e+01,7.579427e+01,7.578416e+01,7.577405e+01,7.586503e+01,7.564252e+01,7.563241e+01,7.562228e+01,7.561216e+01,7.560204e+01,7.559191e+01,7.558179e+01,7.557166e+01,7.556154e+01,7.555141e+01,7.595596e+01,7.595596e+01,7.595596e+01,7.560204e+01,7.559191e+01,7.599635e+01,7.558179e+01,7.562228e+01,7.561216e+01,7.560204e+01,7.559191e+01,7.571336e+01,7.580437e+01,7.579427e+01,7.578416e+01,7.577405e+01,7.576393e+01,7.575381e+01,7.574371e+01,7.573359e+01,7.572347e+01,7.577405e+01,7.579427e+01,7.577405e+01,7.617799e+01,7.617799e+01,7.576393e+01,7.606701e+01,7.606701e+01,7.599635e+01,7.605692e+01,7.588524e+01,7.605692e+01,7.611747e+01,7.614773e+01,7.606701e+01,7.626873e+01,7.605692e+01,7.628888e+01,7.628888e+01,7.646011e+01,7.604683e+01,7.609729e+01,7.611747e+01,7.646011e+01,7.635941e+01,7.627881e+01,7.629896e+01,7.629896e+01,7.632919e+01,7.632919e+01,7.631911e+01,7.630904e+01,7.630904e+01,7.630904e+01,7.634933e+01,7.601654e+01,7.599635e+01,7.597615e+01,7.595596e+01,7.594585e+01,7.593575e+01,7.582460e+01,7.574371e+01,7.572347e+01,7.570324e+01,7.527772e+01,7.515591e+01,7.507466e+01,7.505434e+01,7.461676e+01,7.458619e+01,7.446381e+01,7.438218e+01,7.436176e+01,7.424942e+01,7.416766e+01,7.374796e+01,7.371720e+01,7.368644e+01,7.356332e+01,7.348118e+01,7.304920e+01,7.301830e+01,7.289462e+01,7.258495e+01,7.194289e+01,7.168318e+01,7.117281e+01,7.104755e+01,7.052444e+01,7.039861e+01,7.002045e+01,6.982047e+01,6.954634e+01,6.882691e+01,6.869957e+01,6.815710e+01,6.802916e+01,6.761254e+01,6.705511e+01,6.692616e+01,6.670020e+01,6.594437e+01,6.578187e+01,6.551060e+01,6.514083e+01,6.450774e+01,6.423396e+01,6.390469e+01,6.379476e+01,6.304485e+01,6.271268e+01,6.252410e+01,6.221291e+01,6.183406e+01,6.144295e+01,6.072482e+01,6.054467e+01,6.018366e+01,5.976500e+01,5.929954e+01,5.872966e+01,5.838654e+01,5.795062e+01,5.764000e+01,5.717846e+01,5.652952e+01,5.611061e+01,5.577216e+01,5.512780e+01,5.463354e+01,5.435025e+01,5.373425e+01,5.343702e+01,5.310329e+01,5.249313e+01,5.219294e+01,5.166284e+01,5.109408e+01,5.041297e+01,4.998534e+01,4.976484e+01,4.889117e+01,4.871815e+01,4.825970e+01,4.756248e+01,4.696163e+01,4.649640e+01,4.668523e+01,4.576344e+01,4.554774e+01,4.535710e+01,4.487273e+01,4.469378e+01,4.469378e+01,4.469378e+01,4.416813e+01,4.403955e+01,4.382066e+01,4.382066e+01,4.382066e+01,4.332988e+01,4.301883e+01,4.301883e+01,4.248552e+01,4.208064e+01,4.208064e+01,4.208064e+01,4.154295e+01,4.129292e+01,4.129292e+01,4.129292e+01,4.129292e+01,4.129292e+01,4.129292e+01,4.129292e+01,4.129292e+01,4.129292e+01,4.129292e+01,4.129292e+01,4.129292e+01,4.129292e+01,4.129292e+01,4.129292e+01,4.129292e+01,4.129292e+01,4.129292e+01,4.129292e+01,4.129292e+01,4.129292e+01,4.129292e+01,4.129292e+01,4.129292e+01,4.129292e+01,4.129292e+01,4.129292e+01,4.129292e+01,4.129292e+01,4.129292e+01,4.129292e+01,4.129292e+01,4.087056e+01,4.063230e+01,4.056602e+01,4.056602e+01,4.056602e+01,4.055276e+01,4.003443e+01,4.045991e+01,4.012764e+01,4.012764e+01,4.012764e+01,3.958060e+01,3.955385e+01,4.007439e+01,4.007439e+01,4.007439e+01,4.007439e+01,4.007439e+01,4.007439e+01,4.007439e+01,4.007439e+01,4.007439e+01,4.052624e+01,4.052624e+01,4.052624e+01,4.052624e+01,4.118748e+01,4.118748e+01,4.118748e+01,4.118748e+01,4.118748e+01,4.172684e+01,4.176620e+01,4.183178e+01,4.183178e+01,4.183178e+01,4.183178e+01,4.183178e+01,4.236813e+01,4.236813e+01,4.236813e+01,4.236813e+01,4.290198e+01,4.249856e+01,4.301883e+01,4.248552e+01,4.301883e+01,4.301883e+01,4.301883e+01,4.301883e+01,4.301883e+01,4.301883e+01,4.301883e+01,4.301883e+01,4.301883e+01,4.301883e+01,4.301883e+01,4.301883e+01,4.301883e+01,4.301883e+01,4.301883e+01,4.301883e+01,4.301883e+01,4.301883e+01,4.301883e+01,4.301883e+01,4.301883e+01,4.301883e+01,4.301883e+01,4.301883e+01,4.301883e+01,4.301883e+01,4.301883e+01,4.301883e+01,4.301883e+01,4.248552e+01,4.249856e+01,4.251160e+01,4.252463e+01,4.307073e+01,4.307073e+01,4.307073e+01,4.307073e+01,4.307073e+01,4.335576e+01,4.335576e+01,4.335576e+01,4.335576e+01,4.335576e+01,4.388509e+01,4.388509e+01,4.441201e+01,4.400096e+01,4.419382e+01,4.414242e+01,4.414242e+01,4.466819e+01,4.428371e+01,4.442484e+01,4.459140e+01,4.428371e+01,4.428371e+01,4.428371e+01,4.428371e+01,4.428371e+01,4.428371e+01,4.428371e+01,4.428371e+01,4.375620e+01,4.378199e+01,4.380777e+01,4.370461e+01,4.405242e+01,4.402669e+01,4.400096e+01,4.397522e+01,4.342044e+01,4.394947e+01,4.391084e+01,4.387220e+01,4.334282e+01,4.338164e+01,4.338164e+01,4.338164e+01,4.338164e+01,4.338164e+01,4.338164e+01,4.338164e+01,4.285000e+01,4.323924e+01,4.274598e+01,4.274598e+01,4.274598e+01,4.274598e+01,4.274598e+01,4.274598e+01,4.274598e+01,4.274598e+01,4.221141e+01,4.219834e+01,4.219834e+01,4.219834e+01,4.219834e+01,4.219834e+01,4.170059e+01,4.170059e+01,4.170059e+01,4.170059e+01,4.116110e+01,4.120066e+01,4.116110e+01,4.105554e+01
3.534114e+01,3.534114e+01,3.590948e+01,3.602003e+01,3.602003e+01,3.602003e+01,3.602003e+01,3.602003e+01,3.602003e+01,3.658486e+01,3.654363e+01,3.654363e+01,3.654363e+01,3.654363e+01,3.654363e+01,3.692784e+01,3.692784e+01,3.692784e+01,3.724244e+01,3.754252e+01,3.754252e+01,3.754252e+01,3.754252e+01,3.754252e+01,3.754252e+01,3.754252e+01,3.812671e+01,3.812671e+01,3.812671e+01,3.812671e+01,3.812671e+01,3.868088e+01,3.868088e+01,3.868088e+01,3.868088e+01,3.868088e+01,3.924573e+01,3.924573e+01,3.924573e+01,3.924573e+01,3.936640e+01,3.987447e+01,3.987447e+01,3.987447e+01,3.987447e+01,3.987447e+01,3.987447e+01,3.987447e+01,4.045991e+01,4.045991e+01,4.045991e+01,4.045991e+01,4.045991e+01,4.045991e+01,4.045991e+01,4.045991e+01,4.100272e+01,4.063230e+01,4.060579e+01,4.112152e+01,4.112152e+01,4.112152e+01,4.112152e+01,4.112152e+01,4.112152e+01,4.112152e+01,4.112152e+01,4.112152e+01,4.112152e+01,4.112152e+01,4.112152e+01,4.112152e+01,4.112152e+01,4.112152e+01,4.112152e+01,4.112152e+01,4.158238e+01,4.158238e+01,4.158238e+01,4.158238e+01,4.211989e+01,4.211989e+01,4.211989e+01,4.251160e+01,4.251160e+01,4.251160e+01,4.251160e+01,4.251160e+01,4.251160e+01,4.251160e+01,4.251160e+01,4.295393e+01,4.295393e+01,4.295393e+01,4.329104e+01,4.394947e+01,4.396235e+01,4.419382e+01,4.451455e+01,4.466819e+01,4.479607e+01,4.511517e+01,4.556044e+01,4.556044e+01,4.609257e+01,4.635774e+01,4.694908e+01,4.745005e+01,4.778703e+01,4.797383e+01,4.850772e+01,4.875525e+01,4.898993e+01,4.943334e+01,5.013213e+01,5.053487e+01,5.105769e+01,5.097273e+01,5.187997e+01,5.200044e+01,5.221698e+01,5.290023e+01,5.329410e+01,5.340131e+01,5.395967e+01,5.418470e+01,5.485738e+01,5.479851e+01,5.528040e+01,5.563185e+01,5.605232e+01,5.645979e+01,5.680803e+01,5.727090e+01,5.774362e+01,5.811139e+01,5.861538e+01,5.903770e+01,5.936776e+01,5.983298e+01,6.002541e+01,6.039813e+01,6.067980e+01,6.097211e+01,6.164424e+01,6.166658e+01,6.221291e+01,6.252410e+01,6.282350e+01,6.335414e+01,6.388271e+01,6.427780e+01,6.440924e+01,6.507548e+01,6.494467e+01,6.546716e+01,6.603096e+01,6.600932e+01,6.668944e+01,6.691541e+01,6.730194e+01,6.734483e+01,6.759114e+01,6.784771e+01,6.807182e+01,6.837009e+01,6.865710e+01,6.912359e+01,6.904948e+01,6.968347e+01,6.968347e+01,6.998889e+01,6.999941e+01,7.051395e+01,7.072344e+01,7.081761e+01,7.067110e+01,7.099532e+01,7.138135e+01,7.151673e+01,7.161038e+01,7.185983e+01,7.202589e+01,7.211922e+01,7.234710e+01,7.224356e+01,7.236780e+01,7.278115e+01,7.278115e+01,7.278115e+01,7.278115e+01,7.316246e+01,7.318304e+01,7.290493e+01,7.306980e+01,7.315217e+01,7.321391e+01,7.353252e+01,7.334761e+01,7.337844e+01,7.353252e+01,7.365567e+01,7.364541e+01,7.374796e+01,7.373771e+01,7.391189e+01,7.407564e+01,7.406541e+01,7.406541e+01,7.378896e+01,7.432092e+01,7.400402e+01,7.399379e+01,7.440260e+01,7.407564e+01,7.422899e+01,7.421877e+01,7.420855e+01,7.439239e+01,7.453521e+01,7.452502e+01,7.451482e+01,7.450462e+01,7.451482e+01,7.458619e+01,7.470846e+01,7.469827e+01,7.480009e+01,7.478991e+01,7.480009e+01,7.481027e+01,7.481027e+01,7.489167e+01,7.490184e+01,7.499336e+01,7.500352e+01,7.510514e+01,7.505434e+01,7.498319e+01,7.514576e+01,7.514576e+01,7.471864e+01,7.517622e+01,7.522698e+01,7.521683e+01,7.520668e+01,7.527772e+01,7.491202e+01,7.494253e+01,7.493236e+01,7.492219e+01,7.499336e+01,7.502385e+01,7.501369e+01,7.500352e+01,7.499336e+01,7.498319e+01,7.497303e+01,7.537914e+01,7.508482e+01,7.507466e+01,7.506450e+01,7.511530e+01,7.510514e+01,7.513560e+01,7.518638e+01,7.517622e+01,7.516607e+01,7.517622e+01,7.516607e+01,7.521683e+01,7.520668e+01,7.519653e+01,7.518638e+01,7.517622e+01,7.519653e+01,7.519653e+01,7.518638e+01,7.517622e+01,7.516607e+01,7.515591e+01,7.514576e+01,7.513560e+01,7.512545e+01,7.511530e+01,7.491202e+01,7.520668e+01,7.519653e+01,7.507466e+01,7.500352e+01,7.520668e+01,7.536900e+01,7.529801e+01,7.535886e+01,7.537914e+01,7.539942e+01,7.539942e+01,7.539942e+01,7.497303e+01,7.537914e+01,7.537914e+01,7.537914e+01,7.537914e+01,7.537914e+01,7.537914e+01,7.537914e+01,7.537914e+01,7.542983e+01,7.545010e+01,7.523713e+01,7.553115e+01,7.540956e+01,7.550076e+01,7.527772e+01,7.527772e+01,7.569312e+01,7.535886e+01,7.536900e+01,7.555141e+01,7.562228e+01,7.566277e+01,7.567289e+01,7.580437e+01,7.545010e+01,7.562228e+01,7.563241e+01,7.568301e+01,7.561216e+01,7.567289e+01,7.588524e+01,7.556154e+01,7.557166e+01,7.558179e+01,7.561216e+01,7.562228e+01,7.566277e+01,7.567289e+01,7.568301e+01,7.569312e+01,7.570324e+01,7.571336e+01,7.563241e+01,7.556154e+01,7.557166e+01,7.558179e+01,7.559191e+01,7.518638e+01,7.518638e+01,7.518638e+01,7.518638e+01,7.518638e+01,7.506450e+01,7.499336e+01,7.458619e+01,7.458619e+01,7.446381e+01,7.439239e+01,7.398355e+01,7.398355e+01,7.398355e+01,7.356332e+01,7.355305e+01,7.342982e+01,7.335789e+01,7.334761e+01,7.291524e+01,7.290493e+01,7.278115e+01,7.270890e+01,7.227463e+01,7.220213e+01,7.194289e+01,7.136050e+01,7.109975e+01,7.102666e+01,7.032516e+01,6.982047e+01,6.969402e+01,6.917651e+01,6.910242e+01,6.883752e+01,6.829558e+01,6.816776e+01,6.805049e+01,6.774086e+01,6.696915e+01,6.686164e+01,6.666790e+01,6.595519e+01,6.583605e+01,6.558661e+01,6.486831e+01,6.454057e+01,6.434354e+01,6.367373e+01,6.367373e+01,6.313329e+01,6.287887e+01,6.272377e+01,6.187868e+01,6.159953e+01,6.126378e+01,6.092718e+01,6.061226e+01,5.986696e+01,5.958355e+01,5.924266e+01,5.890088e+01,5.855821e+01,5.816876e+01,5.758240e+01,5.728245e+01,5.647142e+01,5.612226e+01,5.593566e+01,5.554993e+01,5.519825e+01,5.432661e+01,5.401893e+01,5.361544e+01,5.330602e+01,5.287632e+01,5.209673e+01,5.179558e+01,5.130010e+01,5.083910e+01,5.015657e+01,4.999758e+01,4.944563e+01,4.890352e+01,4.839618e+01,4.799871e+01,4.781195e+01,4.728747e+01,4.663491e+01,4.634513e+01,4.577612e+01,4.577612e+01,4.535710e+01,4.506417e+01,4.469378e+01,4.469378e+01,4.469378e+01,4.416813e+01,4.416813e+01,4.416813e+01,4.382066e+01,4.347216e+01,4.320038e+01,4.303181e+01,4.321333e+01,4.277200e+01,4.251160e+01,4.200212e+01,4.166120e+01,4.155610e+01,4.155610e+01,4.155610e+01,4.155610e+01,4.101593e+01,4.155610e+01,4.155610e+01,4.101593e+01,4.156924e+01,4.155610e+01,4.155610e+01,4.155610e+01,4.155610e+01,4.155610e+01,4.155610e+01,4.155610e+01,4.155610e+01,4.155610e+01,4.155610e+01,4.155610e+01,4.155610e+01,4.155610e+01,4.155610e+01,4.155610e+01,4.155610e+01,4.155610e+01,4.155610e+01,4.155610e+01,4.101593e+01,4.102913e+01,4.102913e+01,4.102913e+01,4.102913e+01,4.102913e+01,4.102913e+01,4.056602e+01,4.056602e+01,4.056602e+01,4.056602e+01,4.056602e+01,4.002111e+01,4.002111e+01,4.002111e+01,4.002111e+01,4.002111e+01,4.002111e+01,4.002111e+01,4.002111e+01,4.002111e+01,4.002111e+01,4.002111e+01,4.002111e+01,4.056602e+01,4.057928e+01,4.073826e+01,4.032712e+01,4.087056e+01,4.085734e+01,4.097630e+01,4.076473e+01,4.131926e+01,4.131926e+01,4.131926e+01,4.131926e+01,4.131926e+01,4.131926e+01,4.183178e+01,4.183178e+01,4.183178e+01,4.183178e+01,4.236813e+01,4.247248e+01,4.247248e+01,4.247248e+01,4.247248e+01,4.247248e+01,4.247248e+01,4.301883e+01,4.291497e+01,4.258978e+01,4.310964e+01,4.310964e+01,4.310964e+01,4.310964e+01,4.310964e+01,4.310964e+01,4.310964e+01,4.310964e+01,4.310964e+01,4.310964e+01,4.310964e+01,4.310964e+01,4.310964e+01,4.310964e+01,4.310964e+01,4.310964e+01,4.310964e+01,4.310964e+01,4.310964e+01,4.257675e+01,4.310964e+01,4.310964e+01,4.310964e+01,4.310964e+01,4.310964e+01,4.310964e+01,4.310964e+01,4.310964e+01,4.301883e+01,4.300586e+01,4.299288e+01,4.261583e+01,4.287599e+01,4.287599e+01,4.287599e+01,4.340751e+01,4.344630e+01,4.344630e+01,4.344630e+01,4.344630e+01,4.344630e+01,4.344630e+01,4.388509e+01,4.369171e+01,4.388509e+01,4.441201e+01,4.438637e+01,4.438637e+01,4.438637e+01,4.438637e+01,4.438637e+01,4.438637e+01,4.438637e+01,4.438637e+01,4.438637e+01,4.438637e+01,4.438637e+01,4.438637e+01,4.438637e+01,4.438637e+01,4.385932e+01,4.418097e+01,4.416813e+01,4.414242e+01,4.407814e+01,4.407814e+01,4.407814e+01,4.354969e+01,4.393660e+01,4.384644e+01,4.351093e+01,4.352386e+01,4.340751e+01,4.379488e+01,4.325219e+01,4.325219e+01,4.325219e+01,4.325219e+01,4.325219e+01,4.325219e+01,4.325219e+01,4.285000e+01,4.301883e+01,4.294094e+01,4.294094e+01,4.294094e+01,4.294094e+01,4.294094e+01,4.240727e+01,4.243336e+01,4.231591e+01,4.213297e+01,4.213297e+01,4.213297e+01,4.213297e+01,4.213297e+01,4.213297e+01,4.213297e+01,4.170059e+01,4.170059e+01,4.170059e+01,4.116110e+01,4.116110e+01,4.116110e+01,4.116110e+01
3.534114e+01,3.534114e+01,3.590948e+01,3.590948e+01,3.590948e+01,3.590948e+01,3.590948e+01,3.590948e+01,3.590948e+01,3.658486e+01,3.658486e+01,3.658486e+01,3.658486e+01,3.658486e+01,3.658486e+01,3.692784e+01,3.692784e+01,3.692784e+01,3.724244e+01,3.752890e+01,3.752890e+01,3.752890e+01,3.752890e+01,3.752890e+01,3.752890e+01,3.752890e+01,3.812671e+01,3.812671e+01,3.812671e+01,3.812671e+01,3.812671e+01,3.868088e+01,3.868088e+01,3.868088e+01,3.868088e+01,3.923232e+01,3.932619e+01,3.932619e+01,3.932619e+01,3.932619e+01,3.932619e+01,3.987447e+01,3.987447e+01,3.987447e+01,3.987447e+01,3.987447e+01,3.987447e+01,3.987447e+01,4.045991e+01,4.045991e+01,4.045991e+01,4.045991e+01,4.045991e+01,4.045991e+01,4.045991e+01,4.100272e+01,4.088379e+01,4.064555e+01,4.096309e+01,4.110833e+01,4.110833e+01,4.110833e+01,4.110833e+01,4.110833e+01,4.110833e+01,4.110833e+01,4.110833e+01,4.110833e+01,4.110833e+01,4.110833e+01,4.110833e+01,4.110833e+01,4.110833e+01,4.110833e+01,4.110833e+01,4.110833e+01,4.110833e+01,4.158238e+01,4.158238e+01,4.158238e+01,4.211989e+01,4.211989e+01,4.265489e+01,4.264187e+01,4.264187e+01,4.264187e+01,4.264187e+01,4.264187e+01,4.264187e+01,4.264187e+01,4.264187e+01,4.264187e+01,4.264187e+01,4.348509e+01,4.327810e+01,4.321333e+01,4.378199e+01,4.427088e+01,4.450174e+01,4.450174e+01,4.450174e+01,4.511517e+01,4.536982e+01,4.570004e+01,4.600405e+01,4.650900e+01,4.635774e+01,4.738755e+01,4.771223e+01,4.771223e+01,4.844577e+01,4.844577e+01,4.898993e+01,4.934724e+01,4.996087e+01,5.027873e+01,5.051050e+01,5.123954e+01,5.137273e+01,5.152996e+01,5.198840e+01,5.258904e+01,5.269685e+01,5.304360e+01,5.331794e+01,5.378174e+01,5.432661e+01,5.456278e+01,5.496326e+01,5.546796e+01,5.580721e+01,5.615722e+01,5.618052e+01,5.720157e+01,5.712065e+01,5.774362e+01,5.821464e+01,5.866111e+01,5.877534e+01,5.911744e+01,5.953815e+01,5.993489e+01,6.031915e+01,6.074731e+01,6.125257e+01,6.149889e+01,6.195675e+01,6.232413e+01,6.283457e+01,6.282350e+01,6.297848e+01,6.370675e+01,6.405845e+01,6.446397e+01,6.468268e+01,6.517350e+01,6.547802e+01,6.569512e+01,6.587939e+01,6.633360e+01,6.661404e+01,6.675404e+01,6.709807e+01,6.745197e+01,6.777293e+01,6.812513e+01,6.810381e+01,6.846582e+01,6.867834e+01,6.877386e+01,6.930341e+01,6.954634e+01,6.933512e+01,6.973618e+01,6.997837e+01,7.010457e+01,7.020966e+01,7.032516e+01,7.059779e+01,7.076530e+01,7.096397e+01,7.115194e+01,7.135008e+01,7.154796e+01,7.171437e+01,7.174555e+01,7.164159e+01,7.194289e+01,7.197402e+01,7.200515e+01,7.219176e+01,7.246090e+01,7.240919e+01,7.241953e+01,7.261595e+01,7.272955e+01,7.289462e+01,7.267792e+01,7.270890e+01,7.277083e+01,7.295647e+01,7.311099e+01,7.314188e+01,7.327563e+01,7.330649e+01,7.309040e+01,7.328592e+01,7.331676e+01,7.324478e+01,7.335789e+01,7.328592e+01,7.337844e+01,7.356332e+01,7.377871e+01,7.378896e+01,7.354279e+01,7.357358e+01,7.360437e+01,7.381970e+01,7.357358e+01,7.374796e+01,7.376846e+01,7.378896e+01,7.381970e+01,7.391189e+01,7.405518e+01,7.407564e+01,7.419833e+01,7.421877e+01,7.424942e+01,7.428007e+01,7.430050e+01,7.398355e+01,7.400402e+01,7.410632e+01,7.412677e+01,7.423920e+01,7.424942e+01,7.425964e+01,7.443320e+01,7.433113e+01,7.439239e+01,7.418811e+01,7.441280e+01,7.442300e+01,7.443320e+01,7.440260e+01,7.434135e+01,7.438218e+01,7.439239e+01,7.440260e+01,7.448421e+01,7.452502e+01,7.453521e+01,7.454541e+01,7.455560e+01,7.456580e+01,7.433113e+01,7.454541e+01,7.455560e+01,7.456580e+01,7.457599e+01,7.463715e+01,7.464733e+01,7.468809e+01,7.433113e+01,7.474919e+01,7.434135e+01,7.435155e+01,7.435155e+01,7.440260e+01,7.440260e+01,7.440260e+01,7.440260e+01,7.440260e+01,7.442300e+01,7.442300e+01,7.442300e+01,7.442300e+01,7.442300e+01,7.442300e+01,7.442300e+01,7.442300e+01,7.442300e+01,7.442300e+01,7.452502e+01,7.475937e+01,7.434135e+01,7.475937e+01,7.435155e+01,7.455560e+01,7.471864e+01,7.471864e+01,7.436176e+01,7.455560e+01,7.457599e+01,7.457599e+01,7.447401e+01,7.453521e+01,7.483063e+01,7.441280e+01,7.458619e+01,7.457599e+01,7.456580e+01,7.455560e+01,7.454541e+01,7.453521e+01,7.457599e+01,7.452502e+01,7.457599e+01,7.481027e+01,7.480009e+01,7.482045e+01,7.483063e+01,7.500352e+01,7.514576e+01,7.466771e+01,7.508482e+01,7.485098e+01,7.492219e+01,7.496286e+01,7.497303e+01,7.500352e+01,7.494253e+01,7.511530e+01,7.512545e+01,7.517622e+01,7.517622e+01,7.492219e+01,7.503402e+01,7.504418e+01,7.505434e+01,7.506450e+01,7.509498e+01,7.510514e+01,7.514576e+01,7.515591e+01,7.516607e+01,7.517622e+01,7.518638e+01,7.519653e+01,7.477973e+01,7.477973e+01,7.478991e+01,7.480009e+01,7.470846e+01,7.464733e+01,7.464733e+01,7.464733e+01,7.464733e+01,7.464733e+01,7.422899e+01,7.412677e+01,7.406541e+01,7.405518e+01,7.362489e+01,7.352225e+01,7.346064e+01,7.344009e+01,7.333733e+01,7.327563e+01,7.284306e+01,7.282242e+01,7.280179e+01,7.269857e+01,7.263661e+01,7.219176e+01,7.217104e+01,7.164159e+01,7.170398e+01,7.163119e+01,7.138135e+01,7.077576e+01,7.035664e+01,7.024117e+01,6.992576e+01,6.932455e+01,6.920824e+01,6.910242e+01,6.845518e+01,6.819972e+01,6.812513e+01,6.768741e+01,6.717322e+01,6.691541e+01,6.684013e+01,6.639836e+01,6.583605e+01,6.576019e+01,6.508637e+01,6.482465e+01,6.464989e+01,6.410235e+01,6.351954e+01,6.344238e+01,6.334310e+01,6.302273e+01,6.242415e+01,6.183406e+01,6.165541e+01,6.147652e+01,6.114046e+01,6.034172e+01,6.007064e+01,5.968565e+01,5.898071e+01,5.890088e+01,5.834072e+01,5.806548e+01,5.772060e+01,5.739790e+01,5.706281e+01,5.656437e+01,5.620382e+01,5.572541e+01,5.516303e+01,5.439751e+01,5.413736e+01,5.379361e+01,5.321066e+01,5.291219e+01,5.251711e+01,5.197635e+01,5.156621e+01,5.139693e+01,5.053487e+01,5.018102e+01,4.971579e+01,4.919952e+01,4.848294e+01,4.819761e+01,4.798627e+01,4.750004e+01,4.703690e+01,4.671038e+01,4.618103e+01,4.596609e+01,4.564930e+01,4.543340e+01,4.497487e+01,4.468099e+01,4.468099e+01,4.415527e+01,4.406528e+01,4.406528e+01,4.406528e+01,4.353678e+01,4.335576e+01,4.318742e+01,4.318742e+01,4.265489e+01,4.256372e+01,4.218526e+01,4.187111e+01,4.164807e+01,4.164807e+01,4.164807e+01,4.164807e+01,4.110833e+01,4.109513e+01,4.135877e+01,4.156924e+01,4.146405e+01,4.112152e+01,4.109513e+01,4.160866e+01,4.160866e+01,4.160866e+01,4.106874e+01,4.159552e+01,4.159552e+01,4.159552e+01,4.159552e+01,4.159552e+01,4.159552e+01,4.159552e+01,4.159552e+01,4.159552e+01,4.159552e+01,4.159552e+01,4.159552e+01,4.159552e+01,4.159552e+01,4.159552e+01,4.102913e+01,4.102913e+01,4.102913e+01,4.102913e+01,4.102913e+01,4.102913e+01,4.102913e+01,4.056602e+01,4.056602e+01,4.056602e+01,4.056602e+01,4.056602e+01,4.056602e+01,4.002111e+01,4.002111e+01,4.002111e+01,4.002111e+01,4.002111e+01,4.002111e+01,4.002111e+01,4.056602e+01,4.056602e+01,4.019417e+01,4.036697e+01,4.036697e+01,4.036697e+01,4.036697e+01,4.087056e+01,4.087056e+01,4.087056e+01,4.087056e+01,4.131926e+01,4.131926e+01,4.131926e+01,4.131926e+01,4.131926e+01,4.185801e+01,4.193663e+01,4.193663e+01,4.193663e+01,4.193663e+01,4.236813e+01,4.236813e+01,4.236813e+01,4.236813e+01,4.290198e+01,4.290198e+01,4.252463e+01,4.282401e+01,4.307073e+01,4.296691e+01,4.308371e+01,4.308371e+01,4.308371e+01,4.308371e+01,4.308371e+01,4.308371e+01,4.308371e+01,4.308371e+01,4.308371e+01,4.308371e+01,4.308371e+01,4.308371e+01,4.308371e+01,4.308371e+01,4.308371e+01,4.308371e+01,4.308371e+01,4.308371e+01,4.308371e+01,4.308371e+01,4.308371e+01,4.308371e+01,4.308371e+01,4.308371e+01,4.308371e+01,4.308371e+01,4.308371e+01,4.308371e+01,4.308371e+01,4.308371e+01,4.308371e+01,4.308371e+01,4.308371e+01,4.308371e+01,4.308371e+01,4.308371e+01,4.344630e+01,4.344630e+01,4.344630e+01,4.397522e+01,4.397522e+01,4.412957e+01,4.420667e+01,4.405242e+01,4.416813e+01,4.385932e+01,4.438637e+01,4.438637e+01,4.438637e+01,4.438637e+01,4.438637e+01,4.438637e+01,4.438637e+01,4.438637e+01,4.438637e+01,4.438637e+01,4.438637e+01,4.438637e+01,4.438637e+01,4.438637e+01,4.385932e+01,4.419382e+01,4.419382e+01,4.419382e+01,4.366590e+01,4.362718e+01,4.400096e+01,4.388509e+01,4.393660e+01,4.357553e+01,4.351093e+01,4.351093e+01,4.351093e+01,4.351093e+01,4.351093e+01,4.351093e+01,4.351093e+01,4.351093e+01,4.297990e+01,4.294094e+01,4.343337e+01,4.301883e+01,4.301883e+01,4.301883e+01,4.301883e+01,4.301883e+01,4.248552e+01,4.234202e+01,4.279800e+01,4.283701e+01,4.275899e+01,4.257675e+01,4.257675e+01,4.257675e+01,4.204139e+01,4.204139e+01,4.204139e+01,4.204139e+01,4.204139e+01,4.170059e+01,4.138510e+01,4.120066e+01,4.120066e+01,4.120066e+01,4.120066e+01
3.534114e+01,3.534114e+01,3.590948e+01,3.590948e+01,3.590948e+01,3.590948e+01,3.590948e+01,3.590948e+01,3.590948e+01,3.602003e+01,3.659860e+01,3.659860e+01,3.659860e+01,3.659860e+01,3.659860e+01,3.692784e+01,3.692784e+01,3.748802e+01,3.702368e+01,3.732436e+01,3.732436e+01,3.732436e+01,3.732436e+01,3.788254e+01,3.792327e+01,3.748802e+01,3.788254e+01,3.788254e+01,3.788254e+01,3.843793e+01,3.854597e+01,3.864043e+01,3.864043e+01,3.864043e+01,3.864043e+01,3.923232e+01,3.923232e+01,3.923232e+01,3.923232e+01,3.923232e+01,3.978105e+01,3.995448e+01,3.995448e+01,3.995448e+01,3.995448e+01,3.995448e+01,3.995448e+01,3.995448e+01,3.995448e+01,4.045991e+01,4.045991e+01,4.045991e+01,4.045991e+01,4.045991e+01,4.045991e+01,4.100272e+01,4.100272e+01,4.100272e+01,4.100272e+01,4.100272e+01,4.100272e+01,4.100272e+01,4.100272e+01,4.100272e+01,4.100272e+01,4.100272e+01,4.100272e+01,4.100272e+01,4.100272e+01,4.100272e+01,4.100272e+01,4.100272e+01,4.100272e+01,4.100272e+01,4.100272e+01,4.100272e+01,4.154295e+01,4.166120e+01,4.166120e+01,4.166120e+01,4.211989e+01,4.189733e+01,4.223754e+01,4.219834e+01,4.222448e+01,4.271996e+01,4.271996e+01,4.271996e+01,4.271996e+01,4.271996e+01,4.271996e+01,4.271996e+01,4.271996e+01,4.295393e+01,4.351093e+01,4.375620e+01,4.364009e+01,4.393660e+01,4.414242e+01,4.464260e+01,4.442484e+01,4.484719e+01,4.516614e+01,4.566199e+01,4.568736e+01,4.639558e+01,4.664749e+01,4.699928e+01,4.717478e+01,4.789914e+01,4.825970e+01,4.854489e+01,4.891587e+01,4.950708e+01,4.988739e+01,4.971579e+01,5.016879e+01,5.060796e+01,5.127588e+01,5.121531e+01,5.163869e+01,5.244515e+01,5.231310e+01,5.272079e+01,5.312716e+01,5.352032e+01,5.379361e+01,5.424385e+01,5.460996e+01,5.504556e+01,5.549139e+01,5.618052e+01,5.643654e+01,5.669206e+01,5.690074e+01,5.745558e+01,5.742097e+01,5.821464e+01,5.843234e+01,5.890088e+01,5.925404e+01,5.961760e+01,5.996884e+01,6.036429e+01,6.089347e+01,6.126378e+01,6.123016e+01,6.167775e+01,6.207932e+01,6.212386e+01,6.293422e+01,6.314434e+01,6.326584e+01,6.356361e+01,6.399257e+01,6.450774e+01,6.474822e+01,6.501009e+01,6.540195e+01,6.587939e+01,6.609586e+01,6.633360e+01,6.689391e+01,6.673251e+01,6.682937e+01,6.751622e+01,6.771948e+01,6.798649e+01,6.824233e+01,6.854024e+01,6.857212e+01,6.875265e+01,6.895413e+01,6.894353e+01,6.955690e+01,6.929284e+01,6.986259e+01,7.007303e+01,7.023066e+01,7.000993e+01,7.024117e+01,7.046153e+01,7.069204e+01,7.092217e+01,7.112063e+01,7.118324e+01,7.127711e+01,7.109975e+01,7.158958e+01,7.166239e+01,7.151673e+01,7.172477e+01,7.176634e+01,7.181829e+01,7.205701e+01,7.178712e+01,7.187022e+01,7.196365e+01,7.202589e+01,7.211922e+01,7.233675e+01,7.209849e+01,7.230569e+01,7.246090e+01,7.240919e+01,7.240919e+01,7.262628e+01,7.267792e+01,7.269857e+01,7.283274e+01,7.285336e+01,7.254362e+01,7.281210e+01,7.296678e+01,7.289462e+01,7.289462e+01,7.294617e+01,7.305950e+01,7.317275e+01,7.317275e+01,7.336816e+01,7.298739e+01,7.301830e+01,7.305950e+01,7.316246e+01,7.331676e+01,7.334761e+01,7.348118e+01,7.351199e+01,7.355305e+01,7.359411e+01,7.353252e+01,7.353252e+01,7.356332e+01,7.367618e+01,7.370695e+01,7.340927e+01,7.384019e+01,7.344009e+01,7.361463e+01,7.361463e+01,7.367618e+01,7.375821e+01,7.350172e+01,7.351199e+01,7.352225e+01,7.394260e+01,7.353252e+01,7.357358e+01,7.358385e+01,7.359411e+01,7.367618e+01,7.371720e+01,7.372746e+01,7.373771e+01,7.374796e+01,7.367618e+01,7.372746e+01,7.388116e+01,7.389141e+01,7.390165e+01,7.391189e+01,7.397332e+01,7.398355e+01,7.391189e+01,7.397332e+01,7.372746e+01,7.378896e+01,7.379921e+01,7.379921e+01,7.385043e+01,7.385043e+01,7.385043e+01,7.385043e+01,7.385043e+01,7.387093e+01,7.387093e+01,7.387093e+01,7.387093e+01,7.387093e+01,7.387093e+01,7.387093e+01,7.387093e+01,7.387093e+01,7.387093e+01,7.363515e+01,7.379921e+01,7.381970e+01,7.356332e+01,7.362489e+01,7.382995e+01,7.399379e+01,7.388116e+01,7.381970e+01,7.401425e+01,7.361463e+01,7.378896e+01,7.377871e+01,7.391189e+01,7.371720e+01,7.377871e+01,7.394260e+01,7.393237e+01,7.392213e+01,7.391189e+01,7.390165e+01,7.389141e+01,7.392213e+01,7.391189e+01,7.403472e+01,7.420855e+01,7.419833e+01,7.420855e+01,7.420855e+01,7.437197e+01,7.440260e+01,7.404495e+01,7.426985e+01,7.426985e+01,7.433113e+01,7.436176e+01,7.436176e+01,7.438218e+01,7.437197e+01,7.453521e+01,7.453521e+01,7.415745e+01,7.420855e+01,7.430050e+01,7.439239e+01,7.438218e+01,7.437197e+01,7.436176e+01,7.437197e+01,7.436176e+01,7.438218e+01,7.437197e+01,7.436176e+01,7.435155e+01,7.434135e+01,7.423920e+01,7.430050e+01,7.428007e+01,7.426985e+01,7.425964e+01,7.423920e+01,7.421877e+01,7.419833e+01,7.417789e+01,7.415745e+01,7.404495e+01,7.398355e+01,7.397332e+01,7.355305e+01,7.344009e+01,7.337844e+01,7.294617e+01,7.292554e+01,7.290493e+01,7.246090e+01,7.234710e+01,7.228498e+01,7.226427e+01,7.224356e+01,7.222285e+01,7.210886e+01,7.162079e+01,7.150632e+01,7.144385e+01,7.127711e+01,7.076530e+01,7.093262e+01,7.003097e+01,6.996785e+01,6.945133e+01,6.919766e+01,6.913417e+01,6.869957e+01,6.858275e+01,6.828493e+01,6.776224e+01,6.764463e+01,6.731266e+01,6.700140e+01,6.646310e+01,6.634440e+01,6.600932e+01,6.577103e+01,6.507548e+01,6.490104e+01,6.435449e+01,6.423396e+01,6.376176e+01,6.356361e+01,6.311118e+01,6.262397e+01,6.235748e+01,6.201247e+01,6.130859e+01,6.128619e+01,6.072482e+01,6.045451e+01,6.016106e+01,5.985564e+01,5.928816e+01,5.890088e+01,5.863824e+01,5.823757e+01,5.744405e+01,5.737481e+01,5.679644e+01,5.651790e+01,5.585394e+01,5.557334e+01,5.520999e+01,5.479851e+01,5.429115e+01,5.398338e+01,5.356789e+01,5.330602e+01,5.278064e+01,5.208469e+01,5.160246e+01,5.111834e+01,5.098487e+01,5.032756e+01,4.994862e+01,4.926109e+01,4.881705e+01,4.837137e+01,4.817276e+01,4.769976e+01,4.724992e+01,4.662232e+01,4.631990e+01,4.621892e+01,4.575077e+01,4.562392e+01,4.514066e+01,4.485996e+01,4.465540e+01,4.436071e+01,4.419382e+01,4.419382e+01,4.419382e+01,4.366590e+01,4.357553e+01,4.357553e+01,4.318742e+01,4.288898e+01,4.269394e+01,4.234202e+01,4.201521e+01,4.184489e+01,4.184489e+01,4.184489e+01,4.130609e+01,4.120066e+01,4.155610e+01,4.102913e+01,4.135877e+01,4.135877e+01,4.135877e+01,4.135877e+01,4.135877e+01,4.135877e+01,4.135877e+01,4.135877e+01,4.135877e+01,4.135877e+01,4.135877e+01,4.135877e+01,4.135877e+01,4.135877e+01,4.135877e+01,4.135877e+01,4.135877e+01,4.135877e+01,4.135877e+01,4.135877e+01,4.135877e+01,4.135877e+01,4.135877e+01,4.135877e+01,4.135877e+01,4.135877e+01,4.135877e+01,4.135877e+01,4.102913e+01,4.102913e+01,4.102913e+01,4.056602e+01,4.056602e+01,4.056602e+01,4.056602e+01,4.056602e+01,4.056602e+01,4.056602e+01,4.056602e+01,4.056602e+01,4.056602e+01,4.056602e+01,4.056602e+01,4.002111e+01,4.036697e+01,4.064555e+01,4.079120e+01,4.081766e+01,4.084412e+01,4.087056e+01,4.101593e+01,4.110833e+01,4.110833e+01,4.110833e+01,4.110833e+01,4.110833e+01,4.164807e+01,4.113472e+01,4.167433e+01,4.124021e+01,4.158238e+01,4.164807e+01,4.217220e+01,4.217220e+01,4.217220e+01,4.217220e+01,4.217220e+01,4.217220e+01,4.270695e+01,4.286300e+01,4.260281e+01,4.260281e+01,4.285000e+01,4.285000e+01,4.285000e+01,4.285000e+01,4.285000e+01,4.285000e+01,4.285000e+01,4.285000e+01,4.285000e+01,4.285000e+01,4.285000e+01,4.285000e+01,4.285000e+01,4.285000e+01,4.285000e+01,4.285000e+01,4.285000e+01,4.285000e+01,4.285000e+01,4.285000e+01,4.285000e+01,4.285000e+01,4.285000e+01,4.285000e+01,4.285000e+01,4.285000e+01,4.285000e+01,4.285000e+01,4.285000e+01,4.285000e+01,4.285000e+01,4.285000e+01,4.285000e+01,4.285000e+01,4.285000e+01,4.285000e+01,4.338164e+01,4.338164e+01,4.342044e+01,4.344630e+01,4.344630e+01,4.344630e+01,4.397522e+01,4.397522e+01,4.397522e+01,4.397522e+01,4.397522e+01,4.397522e+01,4.397522e+01,4.438637e+01,4.438637e+01,4.438637e+01,4.438637e+01,4.438637e+01,4.438637e+01,4.438637e+01,4.438637e+01,4.438637e+01,4.438637e+01,4.438637e+01,4.438637e+01,4.438637e+01,4.438637e+01,4.438637e+01,4.438637e+01,4.385932e+01,4.429655e+01,4.396235e+01,4.396235e+01,4.400096e+01,4.400096e+01,4.400096e+01,4.400096e+01,4.400096e+01,4.351093e+01,4.351093e+01,4.351093e+01,4.351093e+01,4.351093e+01,4.351093e+01,4.351093e+01,4.351093e+01,4.351093e+01,4.351093e+01,4.301883e+01,4.301883e+01,4.301883e+01,4.301883e+01,4.301883e+01,4.248552e+01,4.264187e+01,4.275899e+01,4.275899e+01,4.275899e+01,4.275899e+01,4.222448e+01,4.214605e+01,4.194973e+01,4.194973e+01,4.194973e+01,4.194973e+01,4.194973e+01,4.194973e+01,4.138510e+01,4.138510e+01,4.138510e+01,4.138510e+01,4.138510e+01
3.534114e+01,3.534114e+01,3.534114e+01,3.534114e+01,3.590948e+01,3.590948e+01,3.590948e+01,3.590948e+01,3.590948e+01,3.647488e+01,3.613047e+01,3.666727e+01,3.666727e+01,3.666727e+01,3.666727e+01,3.722878e+01,3.731071e+01,3.728341e+01,3.737894e+01,3.737894e+01,3.737894e+01,3.737894e+01,3.737894e+01,3.737894e+01,3.792327e+01,3.769226e+01,3.790970e+01,3.790970e+01,3.790970e+01,3.790970e+01,3.854597e+01,3.854597e+01,3.854597e+01,3.854597e+01,3.854597e+01,3.923232e+01,3.923232e+01,3.923232e+01,3.923232e+01,3.923232e+01,3.978105e+01,3.978105e+01,3.978105e+01,3.978105e+01,3.978105e+01,3.978105e+01,3.978105e+01,3.978105e+01,4.032712e+01,4.042009e+01,4.042009e+01,4.042009e+01,4.042009e+01,4.042009e+01,4.042009e+01,4.042009e+01,4.045991e+01,4.098951e+01,4.098951e+01,4.098951e+01,4.098951e+01,4.098951e+01,4.098951e+01,4.098951e+01,4.098951e+01,4.098951e+01,4.098951e+01,4.098951e+01,4.098951e+01,4.098951e+01,4.098951e+01,4.098951e+01,4.098951e+01,4.098951e+01,4.098951e+01,4.098951e+01,4.098951e+01,4.166120e+01,4.166120e+01,4.166120e+01,4.166120e+01,4.219834e+01,4.223754e+01,4.223754e+01,4.223754e+01,4.223754e+01,4.271996e+01,4.271996e+01,4.271996e+01,4.271996e+01,4.271996e+01,4.271996e+01,4.271996e+01,4.325219e+01,4.347216e+01,4.347216e+01,4.347216e+01,4.393660e+01,4.391084e+01,4.421951e+01,4.446329e+01,4.475772e+01,4.479607e+01,4.500039e+01,4.578879e+01,4.568736e+01,4.602935e+01,4.682351e+01,4.727495e+01,4.781195e+01,4.782441e+01,4.822245e+01,4.873052e+01,4.923647e+01,4.948251e+01,4.972805e+01,5.013213e+01,5.053487e+01,5.100914e+01,5.121531e+01,5.160246e+01,5.172319e+01,5.245715e+01,5.268488e+01,5.305554e+01,5.336558e+01,5.385294e+01,5.416103e+01,5.473962e+01,5.452738e+01,5.505731e+01,5.577216e+01,5.565525e+01,5.632023e+01,5.672686e+01,5.708595e+01,5.728245e+01,5.788166e+01,5.782416e+01,5.831780e+01,5.876392e+01,5.921990e+01,5.932228e+01,5.979900e+01,6.040941e+01,6.067980e+01,6.091595e+01,6.131980e+01,6.146533e+01,6.174476e+01,6.245747e+01,6.266833e+01,6.286780e+01,6.336517e+01,6.375076e+01,6.373976e+01,6.451868e+01,6.445303e+01,6.492286e+01,6.530409e+01,6.559747e+01,6.558661e+01,6.605260e+01,6.649545e+01,6.633360e+01,6.648467e+01,6.716248e+01,6.708733e+01,6.743055e+01,6.767671e+01,6.771948e+01,6.834880e+01,6.813579e+01,6.835944e+01,6.877386e+01,6.889054e+01,6.892234e+01,6.915534e+01,6.964129e+01,6.969402e+01,6.954634e+01,6.985206e+01,7.016763e+01,6.991523e+01,7.029366e+01,7.037762e+01,7.049299e+01,7.071297e+01,7.066063e+01,7.075484e+01,7.077576e+01,7.100577e+01,7.106844e+01,7.119368e+01,7.132924e+01,7.132924e+01,7.143343e+01,7.154796e+01,7.163119e+01,7.137093e+01,7.148550e+01,7.148550e+01,7.171437e+01,7.189098e+01,7.191175e+01,7.197402e+01,7.170398e+01,7.177673e+01,7.181829e+01,7.197402e+01,7.190137e+01,7.193251e+01,7.213995e+01,7.231605e+01,7.233675e+01,7.235744e+01,7.242987e+01,7.256429e+01,7.227463e+01,7.228498e+01,7.236780e+01,7.242987e+01,7.247124e+01,7.252294e+01,7.263661e+01,7.280179e+01,7.284306e+01,7.298739e+01,7.260562e+01,7.264694e+01,7.268825e+01,7.268825e+01,7.268825e+01,7.271922e+01,7.283274e+01,7.277083e+01,7.288431e+01,7.304920e+01,7.298739e+01,7.273987e+01,7.272955e+01,7.278115e+01,7.277083e+01,7.286368e+01,7.286368e+01,7.309040e+01,7.324478e+01,7.318304e+01,7.321391e+01,7.321391e+01,7.321391e+01,7.328592e+01,7.331676e+01,7.331676e+01,7.331676e+01,7.331676e+01,7.330649e+01,7.292554e+01,7.306980e+01,7.306980e+01,7.306980e+01,7.306980e+01,7.312129e+01,7.312129e+01,7.311099e+01,7.308010e+01,7.308010e+01,7.313158e+01,7.313158e+01,7.312129e+01,7.316246e+01,7.315217e+01,7.314188e+01,7.313158e+01,7.312129e+01,7.313158e+01,7.312129e+01,7.311099e+01,7.310069e+01,7.309040e+01,7.308010e+01,7.306980e+01,7.305950e+01,7.304920e+01,7.337844e+01,7.295647e+01,7.311099e+01,7.303890e+01,7.302860e+01,7.308010e+01,7.327563e+01,7.300800e+01,7.318304e+01,7.316246e+01,7.324478e+01,7.318304e+01,7.333733e+01,7.331676e+01,7.342982e+01,7.340927e+01,7.304920e+01,7.319334e+01,7.317275e+01,7.315217e+01,7.313158e+01,7.311099e+01,7.309040e+01,7.352225e+01,7.351199e+01,7.320363e+01,7.335789e+01,7.333733e+01,7.332705e+01,7.372746e+01,7.346064e+01,7.337844e+01,7.380946e+01,7.350172e+01,7.348118e+01,7.352225e+01,7.353252e+01,7.351199e+01,7.393237e+01,7.392213e+01,7.365567e+01,7.354279e+01,7.360437e+01,7.363515e+01,7.370695e+01,7.377871e+01,7.375821e+01,7.373771e+01,7.371720e+01,7.370695e+01,7.368644e+01,7.368644e+01,7.366592e+01,7.364541e+01,7.362489e+01,7.360437e+01,7.358385e+01,7.362489e+01,7.360437e+01,7.358385e+01,7.356332e+01,7.354279e+01,7.352225e+01,7.350172e+01,7.348118e+01,7.346064e+01,7.344009e+01,7.299770e+01,7.304920e+01,7.298739e+01,7.296678e+01,7.285336e+01,7.236780e+01,7.234710e+01,7.223320e+01,7.216068e+01,7.215031e+01,7.172477e+01,7.170398e+01,7.168318e+01,7.166239e+01,7.154796e+01,7.104755e+01,7.102666e+01,7.100577e+01,7.046153e+01,7.037762e+01,6.998889e+01,6.947245e+01,6.933512e+01,6.915534e+01,6.872080e+01,6.858275e+01,6.805049e+01,6.795448e+01,6.769810e+01,6.716248e+01,6.706586e+01,6.700140e+01,6.627960e+01,6.617155e+01,6.569512e+01,6.563003e+01,6.492286e+01,6.481374e+01,6.429971e+01,6.419010e+01,6.349749e+01,6.338723e+01,6.279026e+01,6.290101e+01,6.224628e+01,6.172243e+01,6.144295e+01,6.119653e+01,6.093842e+01,6.062352e+01,5.984431e+01,5.976500e+01,5.948138e+01,5.894650e+01,5.879817e+01,5.843234e+01,5.781266e+01,5.732864e+01,5.706281e+01,5.669206e+01,5.630860e+01,5.592399e+01,5.549139e+01,5.499854e+01,5.435025e+01,5.457458e+01,5.366298e+01,5.297194e+01,5.267290e+01,5.231310e+01,5.172319e+01,5.136063e+01,5.132432e+01,5.041297e+01,5.011990e+01,4.972805e+01,4.928571e+01,4.886647e+01,4.812306e+01,4.782441e+01,4.745005e+01,4.676068e+01,4.692398e+01,4.625679e+01,4.591546e+01,4.578879e+01,4.535710e+01,4.501315e+01,4.483441e+01,4.492382e+01,4.477051e+01,4.409100e+01,4.409100e+01,4.409100e+01,4.366590e+01,4.366590e+01,4.366590e+01,4.318742e+01,4.286300e+01,4.297990e+01,4.257675e+01,4.222448e+01,4.184489e+01,4.184489e+01,4.130609e+01,4.171371e+01,4.166120e+01,4.151666e+01,4.137194e+01,4.138510e+01,4.138510e+01,4.138510e+01,4.138510e+01,4.138510e+01,4.138510e+01,4.138510e+01,4.138510e+01,4.138510e+01,4.138510e+01,4.138510e+01,4.138510e+01,4.138510e+01,4.138510e+01,4.138510e+01,4.138510e+01,4.138510e+01,4.138510e+01,4.138510e+01,4.138510e+01,4.138510e+01,4.138510e+01,4.138510e+01,4.138510e+01,4.138510e+01,4.138510e+01,4.138510e+01,4.138510e+01,4.102913e+01,4.102913e+01,4.102913e+01,4.102913e+01,4.056602e+01,4.056602e+01,4.056602e+01,4.056602e+01,4.056602e+01,4.056602e+01,4.056602e+01,4.056602e+01,4.056602e+01,4.056602e+01,4.056602e+01,4.056602e+01,4.110833e+01,4.057928e+01,4.057928e+01,4.112152e+01,4.057928e+01,4.087056e+01,4.087056e+01,4.087056e+01,4.141142e+01,4.087056e+01,4.141142e+01,4.150351e+01,4.145090e+01,4.156924e+01,4.159552e+01,4.158238e+01,4.213297e+01,4.230285e+01,4.189733e+01,4.191043e+01,4.191043e+01,4.244640e+01,4.243336e+01,4.221141e+01,4.249856e+01,4.249856e+01,4.303181e+01,4.305776e+01,4.308371e+01,4.308371e+01,4.308371e+01,4.308371e+01,4.308371e+01,4.308371e+01,4.308371e+01,4.308371e+01,4.308371e+01,4.308371e+01,4.308371e+01,4.308371e+01,4.308371e+01,4.308371e+01,4.308371e+01,4.308371e+01,4.308371e+01,4.308371e+01,4.308371e+01,4.308371e+01,4.308371e+01,4.308371e+01,4.308371e+01,4.308371e+01,4.308371e+01,4.308371e+01,4.308371e+01,4.308371e+01,4.308371e+01,4.308371e+01,4.308371e+01,4.308371e+01,4.308371e+01,4.308371e+01,4.308371e+01,4.308371e+01,4.308371e+01,4.308371e+01,4.308371e+01,4.344630e+01,4.344630e+01,4.344630e+01,4.397522e+01,4.397522e+01,4.397522e+01,4.397522e+01,4.450174e+01,4.452737e+01,4.411671e+01,4.441201e+01,4.441201e+01,4.441201e+01,4.441201e+01,4.441201e+01,4.441201e+01,4.441201e+01,4.441201e+01,4.441201e+01,4.441201e+01,4.441201e+01,4.441201e+01,4.441201e+01,4.441201e+01,4.441201e+01,4.441201e+01,4.441201e+01,4.388509e+01,4.385932e+01,4.438637e+01,4.388509e+01,4.388509e+01,4.388509e+01,4.388509e+01,4.388509e+01,4.388509e+01,4.388509e+01,4.388509e+01,4.351093e+01,4.351093e+01,4.351093e+01,4.351093e+01,4.351093e+01,4.351093e+01,4.351093e+01,4.301883e+01,4.301883e+01,4.301883e+01,4.301883e+01,4.301883e+01,4.301883e+01,4.264187e+01,4.264187e+01,4.264187e+01,4.264187e+01,4.264187e+01,4.264187e+01,4.214605e+01,4.214605e+01,4.214605e+01,4.214605e+01,4.214605e+01,4.160866e+01,4.151666e+01,4.180556e+01,4.179244e+01,4.124021e+01,4.124021e+01,4.124021e+01
3.534114e+01,3.534114e+01,3.534114e+01,3.534114e+01,3.590948e+01,3.590948e+01,3.590948e+01,3.590948e+01,3.590948e+01,3.590948e+01,3.647488e+01,3.662607e+01,3.662607e+01,3.662607e+01,3.718779e+01,3.677706e+01,3.739258e+01,3.739258e+01,3.739258e+01,3.739258e+01,3.739258e+01,3.739258e+01,3.739258e+01,3.739258e+01,3.792327e+01,3.792327e+01,3.792327e+01,3.792327e+01,3.792327e+01,3.792327e+01,3.854597e+01,3.854597e+01,3.854597e+01,3.854597e+01,3.909807e+01,3.877522e+01,3.931279e+01,3.931279e+01,3.931279e+01,3.931279e+01,3.931279e+01,3.931279e+01,3.931279e+01,3.978105e+01,3.978105e+01,3.978105e+01,3.978105e+01,4.032712e+01,4.042009e+01,3.987447e+01,4.042009e+01,4.042009e+01,4.042009e+01,4.042009e+01,4.042009e+01,4.042009e+01,4.096309e+01,4.053951e+01,4.055276e+01,4.056602e+01,4.059254e+01,4.061905e+01,4.064555e+01,4.067204e+01,4.069854e+01,4.072502e+01,4.072502e+01,4.072502e+01,4.072502e+01,4.072502e+01,4.072502e+01,4.072502e+01,4.126657e+01,4.124021e+01,4.124021e+01,4.124021e+01,4.124021e+01,4.124021e+01,4.166120e+01,4.166120e+01,4.166120e+01,4.219834e+01,4.219834e+01,4.219834e+01,4.219834e+01,4.219834e+01,4.271996e+01,4.271996e+01,4.271996e+01,4.271996e+01,4.271996e+01,4.271996e+01,4.271996e+01,4.325219e+01,4.325219e+01,4.325219e+01,4.325219e+01,4.393660e+01,4.414242e+01,4.424520e+01,4.469378e+01,4.478329e+01,4.478329e+01,4.530621e+01,4.575077e+01,4.591546e+01,4.625679e+01,4.679838e+01,4.671038e+01,4.709959e+01,4.769976e+01,4.832175e+01,4.870578e+01,4.901460e+01,4.948251e+01,4.950708e+01,4.988739e+01,5.026652e+01,5.046174e+01,5.125166e+01,5.162661e+01,5.198840e+01,5.192817e+01,5.225304e+01,5.272079e+01,5.316295e+01,5.357978e+01,5.353221e+01,5.397153e+01,5.470427e+01,5.455098e+01,5.512780e+01,5.585394e+01,5.580721e+01,5.623875e+01,5.652952e+01,5.698180e+01,5.731709e+01,5.757087e+01,5.801955e+01,5.842089e+01,5.861538e+01,5.896931e+01,5.940186e+01,6.003671e+01,5.993489e+01,6.036429e+01,6.109558e+01,6.098334e+01,6.145414e+01,6.191214e+01,6.213499e+01,6.257959e+01,6.303379e+01,6.316644e+01,6.340929e+01,6.393765e+01,6.417914e+01,6.415720e+01,6.456244e+01,6.479190e+01,6.503189e+01,6.557576e+01,6.590105e+01,6.591188e+01,6.585773e+01,6.641994e+01,6.694766e+01,6.699065e+01,6.717322e+01,6.744126e+01,6.738769e+01,6.748410e+01,6.789043e+01,6.818907e+01,6.831687e+01,6.844455e+01,6.842328e+01,6.879509e+01,6.885873e+01,6.895413e+01,6.933512e+01,6.911301e+01,6.954634e+01,6.937740e+01,6.990470e+01,6.968347e+01,6.984153e+01,6.985206e+01,6.995733e+01,7.006252e+01,7.023066e+01,7.030416e+01,7.044056e+01,7.058731e+01,7.059779e+01,7.071297e+01,7.083853e+01,7.083853e+01,7.083853e+01,7.096397e+01,7.104755e+01,7.121455e+01,7.097443e+01,7.099532e+01,7.097443e+01,7.106844e+01,7.114151e+01,7.118324e+01,7.133966e+01,7.133966e+01,7.137093e+01,7.157917e+01,7.132924e+01,7.152714e+01,7.154796e+01,7.162079e+01,7.167278e+01,7.167278e+01,7.168318e+01,7.176634e+01,7.182867e+01,7.187022e+01,7.192213e+01,7.203626e+01,7.177673e+01,7.199477e+01,7.200515e+01,7.206738e+01,7.209849e+01,7.212959e+01,7.211922e+01,7.210886e+01,7.212959e+01,7.223320e+01,7.222285e+01,7.232639e+01,7.205701e+01,7.210886e+01,7.210886e+01,7.208812e+01,7.211922e+01,7.209849e+01,7.217104e+01,7.225392e+01,7.241953e+01,7.255395e+01,7.253328e+01,7.211922e+01,7.229534e+01,7.226427e+01,7.251260e+01,7.251260e+01,7.248158e+01,7.245056e+01,7.241953e+01,7.228498e+01,7.234710e+01,7.246090e+01,7.242987e+01,7.239884e+01,7.236780e+01,7.238849e+01,7.235744e+01,7.232639e+01,7.229534e+01,7.268825e+01,7.271922e+01,7.269857e+01,7.267792e+01,7.269857e+01,7.267792e+01,7.265726e+01,7.263661e+01,7.261595e+01,7.260562e+01,7.258495e+01,7.256429e+01,7.254362e+01,7.252294e+01,7.250227e+01,7.248158e+01,7.246090e+01,7.254362e+01,7.236780e+01,7.242987e+01,7.256429e+01,7.254362e+01,7.252294e+01,7.255395e+01,7.266759e+01,7.266759e+01,7.239884e+01,7.236780e+01,7.284306e+01,7.282242e+01,7.253328e+01,7.250227e+01,7.258495e+01,7.287399e+01,7.281210e+01,7.255395e+01,7.252294e+01,7.249193e+01,7.246090e+01,7.242987e+01,7.264694e+01,7.253328e+01,7.258495e+01,7.258495e+01,7.270890e+01,7.267792e+01,7.289462e+01,7.267792e+01,7.277083e+01,7.298739e+01,7.279147e+01,7.288431e+01,7.285336e+01,7.286368e+01,7.284306e+01,7.305950e+01,7.292554e+01,7.297708e+01,7.306980e+01,7.303890e+01,7.306980e+01,7.306980e+01,7.311099e+01,7.315217e+01,7.312129e+01,7.309040e+01,7.305950e+01,7.302860e+01,7.299770e+01,7.296678e+01,7.293586e+01,7.290493e+01,7.287399e+01,7.326535e+01,7.324478e+01,7.326535e+01,7.282242e+01,7.279147e+01,7.276051e+01,7.272955e+01,7.269857e+01,7.266759e+01,7.263661e+01,7.260562e+01,7.247124e+01,7.253328e+01,7.255395e+01,7.252294e+01,7.249193e+01,7.193251e+01,7.187022e+01,7.183907e+01,7.180790e+01,7.177673e+01,7.164159e+01,7.157917e+01,7.115194e+01,7.112063e+01,7.108932e+01,7.095353e+01,7.046153e+01,7.043008e+01,7.029366e+01,6.978886e+01,6.965184e+01,6.933512e+01,6.926112e+01,6.882691e+01,6.868896e+01,6.861462e+01,6.791177e+01,6.783703e+01,6.721613e+01,6.694766e+01,6.687240e+01,6.644153e+01,6.630120e+01,6.576019e+01,6.561917e+01,6.553233e+01,6.483557e+01,6.474822e+01,6.403649e+01,6.394864e+01,6.342032e+01,6.333207e+01,6.306696e+01,6.236859e+01,6.233524e+01,6.191214e+01,6.161071e+01,6.130859e+01,6.106192e+01,6.034172e+01,6.005933e+01,5.975367e+01,5.954950e+01,5.880959e+01,5.871824e+01,5.851245e+01,5.765152e+01,5.730555e+01,5.712065e+01,5.643654e+01,5.614557e+01,5.579553e+01,5.544453e+01,5.509256e+01,5.464534e+01,5.437388e+01,5.380548e+01,5.330602e+01,5.285241e+01,5.250512e+01,5.208469e+01,5.179558e+01,5.140903e+01,5.057142e+01,5.021767e+01,4.994862e+01,4.949480e+01,4.882941e+01,4.845816e+01,4.792405e+01,4.764986e+01,4.721236e+01,4.696163e+01,4.663491e+01,4.613049e+01,4.589014e+01,4.545882e+01,4.522983e+01,4.498763e+01,4.498763e+01,4.446329e+01,4.429655e+01,4.451455e+01,4.402669e+01,4.369171e+01,4.369171e+01,4.369171e+01,4.369171e+01,4.318742e+01,4.283701e+01,4.271996e+01,4.239423e+01,4.204139e+01,4.181867e+01,4.147721e+01,4.147721e+01,4.173996e+01,4.173996e+01,4.120066e+01,4.120066e+01,4.120066e+01,4.120066e+01,4.120066e+01,4.173996e+01,4.120066e+01,4.173996e+01,4.172684e+01,4.117429e+01,4.171371e+01,4.168746e+01,4.166120e+01,4.163493e+01,4.163493e+01,4.163493e+01,4.163493e+01,4.163493e+01,4.163493e+01,4.163493e+01,4.163493e+01,4.163493e+01,4.163493e+01,4.163493e+01,4.163493e+01,4.163493e+01,4.163493e+01,4.109513e+01,4.112152e+01,4.142458e+01,4.104234e+01,4.104234e+01,4.104234e+01,4.104234e+01,4.104234e+01,4.104234e+01,4.056602e+01,4.056602e+01,4.056602e+01,4.056602e+01,4.056602e+01,4.056602e+01,4.056602e+01,4.056602e+01,4.110833e+01,4.073826e+01,4.121385e+01,4.089701e+01,4.100272e+01,4.092345e+01,4.092345e+01,4.094987e+01,4.094987e+01,4.094987e+01,4.094987e+01,4.149036e+01,4.159552e+01,4.105554e+01,4.156924e+01,4.156924e+01,4.156924e+01,4.156924e+01,4.213297e+01,4.208064e+01,4.187111e+01,4.240727e+01,4.204139e+01,4.223754e+01,4.223754e+01,4.277200e+01,4.277200e+01,4.287599e+01,4.300586e+01,4.300586e+01,4.300586e+01,4.300586e+01,4.300586e+01,4.300586e+01,4.300586e+01,4.300586e+01,4.300586e+01,4.300586e+01,4.300586e+01,4.300586e+01,4.300586e+01,4.300586e+01,4.300586e+01,4.300586e+01,4.300586e+01,4.300586e+01,4.300586e+01,4.300586e+01,4.300586e+01,4.300586e+01,4.300586e+01,4.300586e+01,4.300586e+01,4.300586e+01,4.300586e+01,4.300586e+01,4.300586e+01,4.300586e+01,4.300586e+01,4.300586e+01,4.300586e+01,4.300586e+01,4.300586e+01,4.300586e+01,4.300586e+01,4.300586e+01,4.300586e+01,4.300586e+01,4.353678e+01,4.353678e+01,4.353678e+01,4.353678e+01,4.353678e+01,4.397522e+01,4.397522e+01,4.397522e+01,4.397522e+01,4.452737e+01,4.430939e+01,4.443766e+01,4.443766e+01,4.443766e+01,4.496211e+01,4.445048e+01,4.445048e+01,4.445048e+01,4.445048e+01,4.445048e+01,4.445048e+01,4.445048e+01,4.445048e+01,4.445048e+01,4.445048e+01,4.445048e+01,4.445048e+01,4.445048e+01,4.441201e+01,4.401382e+01,4.397522e+01,4.391084e+01,4.391084e+01,4.391084e+01,4.391084e+01,4.391084e+01,4.391084e+01,4.391084e+01,4.391084e+01,4.351093e+01,4.351093e+01,4.351093e+01,4.351093e+01,4.351093e+01,4.351093e+01,4.297990e+01,4.287599e+01,4.287599e+01,4.287599e+01,4.287599e+01,4.287599e+01,4.287599e+01,4.287599e+01,4.234202e+01,4.236813e+01,4.239423e+01,4.239423e+01,4.239423e+01,4.239423e+01,4.239423e+01,4.239423e+01,4.185801e+01,4.175309e+01,4.163493e+01,4.176620e+01,4.183178e+01,4.147721e+01,4.126657e+01,4.126657e+01,4.126657e+01
3.534114e+01,3.534114e+01,3.534114e+01,3.534114e+01,3.590948e+01,3.590948e+01,3.590948e+01,3.590948e+01,3.590948e+01,3.590948e+01,3.647488e+01,3.647488e+01,3.647488e+01,3.703736e+01,3.700999e+01,3.700999e+01,3.717413e+01,3.717413e+01,3.717413e+01,3.717413e+01,3.773306e+01,3.770586e+01,3.767866e+01,3.778744e+01,3.789612e+01,3.789612e+01,3.789612e+01,3.789612e+01,3.789612e+01,3.789612e+01,3.854597e+01,3.854597e+01,3.854597e+01,3.854597e+01,3.909807e+01,3.900400e+01,3.909807e+01,3.909807e+01,3.909807e+01,3.964746e+01,3.962072e+01,3.959398e+01,3.970091e+01,3.975434e+01,3.975434e+01,3.975434e+01,3.975434e+01,4.032712e+01,4.007439e+01,4.007439e+01,4.020747e+01,4.020747e+01,4.020747e+01,4.075150e+01,4.072502e+01,4.083089e+01,4.079120e+01,4.051298e+01,4.051298e+01,4.051298e+01,4.051298e+01,4.051298e+01,4.105554e+01,4.048645e+01,4.048645e+01,4.048645e+01,4.048645e+01,4.102913e+01,4.098951e+01,4.098951e+01,4.098951e+01,4.098951e+01,4.098951e+01,4.098951e+01,4.098951e+01,4.098951e+01,4.152981e+01,4.158238e+01,4.114791e+01,4.168746e+01,4.202830e+01,4.217220e+01,4.217220e+01,4.217220e+01,4.217220e+01,4.217220e+01,4.271996e+01,4.271996e+01,4.271996e+01,4.271996e+01,4.271996e+01,4.271996e+01,4.271996e+01,4.271996e+01,4.325219e+01,4.325219e+01,4.325219e+01,4.340751e+01,4.415527e+01,4.405242e+01,4.429655e+01,4.494934e+01,4.474494e+01,4.522983e+01,4.547152e+01,4.570004e+01,4.576344e+01,4.613049e+01,4.674810e+01,4.732501e+01,4.766233e+01,4.821003e+01,4.825970e+01,4.876761e+01,4.903927e+01,4.967898e+01,5.004652e+01,5.029094e+01,5.025431e+01,5.047393e+01,5.093630e+01,5.172319e+01,5.178352e+01,5.232511e+01,5.268488e+01,5.260102e+01,5.334176e+01,5.361544e+01,5.392411e+01,5.398338e+01,5.423202e+01,5.475140e+01,5.519825e+01,5.544453e+01,5.627368e+01,5.626204e+01,5.663403e+01,5.701653e+01,5.738636e+01,5.778965e+01,5.799657e+01,5.830635e+01,5.877534e+01,5.916299e+01,5.952680e+01,5.976500e+01,6.014976e+01,6.022884e+01,6.092718e+01,6.089347e+01,6.120774e+01,6.167775e+01,6.174476e+01,6.205704e+01,6.275702e+01,6.272377e+01,6.327688e+01,6.346442e+01,6.370675e+01,6.413526e+01,6.399257e+01,6.439829e+01,6.496648e+01,6.523881e+01,6.527145e+01,6.551060e+01,6.602014e+01,6.596602e+01,6.647388e+01,6.632280e+01,6.653859e+01,6.701214e+01,6.734483e+01,6.723759e+01,6.748410e+01,6.765533e+01,6.782635e+01,6.762324e+01,6.784771e+01,6.839137e+01,6.827428e+01,6.844455e+01,6.856149e+01,6.884812e+01,6.862524e+01,6.894353e+01,6.894353e+01,6.915534e+01,6.921882e+01,6.937740e+01,6.953579e+01,6.932455e+01,6.945133e+01,6.964129e+01,6.984153e+01,6.990470e+01,7.007303e+01,6.982047e+01,6.999941e+01,7.004148e+01,7.020966e+01,7.033565e+01,7.041959e+01,7.041959e+01,7.048251e+01,7.052444e+01,7.066063e+01,7.077576e+01,7.043008e+01,7.061874e+01,7.065015e+01,7.071297e+01,7.083853e+01,7.083853e+01,7.063969e+01,7.112063e+01,7.080715e+01,7.089082e+01,7.092217e+01,7.096397e+01,7.107887e+01,7.117281e+01,7.124583e+01,7.132924e+01,7.136050e+01,7.141260e+01,7.157917e+01,7.119368e+01,7.127711e+01,7.132924e+01,7.138135e+01,7.140218e+01,7.142301e+01,7.146468e+01,7.158958e+01,7.161038e+01,7.163119e+01,7.163119e+01,7.170398e+01,7.172477e+01,7.131882e+01,7.136050e+01,7.179751e+01,7.148550e+01,7.158958e+01,7.177673e+01,7.150632e+01,7.155836e+01,7.162079e+01,7.180790e+01,7.148550e+01,7.168318e+01,7.169358e+01,7.170398e+01,7.171437e+01,7.172477e+01,7.173516e+01,7.180790e+01,7.193251e+01,7.151673e+01,7.151673e+01,7.151673e+01,7.153754e+01,7.196365e+01,7.197402e+01,7.175595e+01,7.157917e+01,7.178712e+01,7.179751e+01,7.180790e+01,7.183907e+01,7.184945e+01,7.185983e+01,7.187022e+01,7.188060e+01,7.189098e+01,7.190137e+01,7.191175e+01,7.149591e+01,7.167278e+01,7.210886e+01,7.211922e+01,7.170398e+01,7.179751e+01,7.180790e+01,7.188060e+01,7.202589e+01,7.203626e+01,7.204664e+01,7.208812e+01,7.178712e+01,7.170398e+01,7.179751e+01,7.199477e+01,7.190137e+01,7.181829e+01,7.191175e+01,7.191175e+01,7.208812e+01,7.190137e+01,7.195326e+01,7.195326e+01,7.195326e+01,7.195326e+01,7.195326e+01,7.204664e+01,7.177673e+01,7.177673e+01,7.225392e+01,7.228498e+01,7.201552e+01,7.210886e+01,7.221249e+01,7.221249e+01,7.239884e+01,7.211922e+01,7.212959e+01,7.223320e+01,7.224356e+01,7.226427e+01,7.235744e+01,7.206738e+01,7.224356e+01,7.230569e+01,7.240919e+01,7.241953e+01,7.246090e+01,7.247124e+01,7.252294e+01,7.257462e+01,7.258495e+01,7.259528e+01,7.260562e+01,7.261595e+01,7.262628e+01,7.263661e+01,7.223320e+01,7.266759e+01,7.240919e+01,7.264694e+01,7.224356e+01,7.231605e+01,7.237814e+01,7.238849e+01,7.239884e+01,7.240919e+01,7.241953e+01,7.242987e+01,7.244022e+01,7.201552e+01,7.202589e+01,7.209849e+01,7.170398e+01,7.171437e+01,7.159998e+01,7.151673e+01,7.152714e+01,7.111019e+01,7.111019e+01,7.111019e+01,7.068157e+01,7.073391e+01,7.065015e+01,7.020966e+01,7.018864e+01,7.007303e+01,6.998889e+01,6.996785e+01,6.941965e+01,6.933512e+01,6.925055e+01,6.881631e+01,6.868896e+01,6.816776e+01,6.814645e+01,6.758044e+01,6.764463e+01,6.711954e+01,6.694766e+01,6.649545e+01,6.636598e+01,6.627960e+01,6.558661e+01,6.505368e+01,6.503189e+01,6.490104e+01,6.473730e+01,6.402551e+01,6.392667e+01,6.319958e+01,6.310013e+01,6.260178e+01,6.232413e+01,6.222403e+01,6.193444e+01,6.127499e+01,6.119653e+01,6.065729e+01,6.037557e+01,6.014976e+01,5.944730e+01,5.943594e+01,5.886665e+01,5.870681e+01,5.823757e+01,5.809991e+01,5.745558e+01,5.728245e+01,5.681963e+01,5.632023e+01,5.598234e+01,5.563185e+01,5.528040e+01,5.489268e+01,5.425567e+01,5.395967e+01,5.344893e+01,5.306748e+01,5.244515e+01,5.214484e+01,5.196431e+01,5.162661e+01,5.120319e+01,5.014435e+01,5.004652e+01,4.974032e+01,4.905161e+01,4.861917e+01,4.824728e+01,4.799871e+01,4.751253e+01,4.742506e+01,4.696163e+01,4.642079e+01,4.634513e+01,4.577612e+01,4.567467e+01,4.522983e+01,4.470657e+01,4.457859e+01,4.448893e+01,4.448893e+01,4.448893e+01,4.448893e+01,4.369171e+01,4.369171e+01,4.369171e+01,4.369171e+01,4.318742e+01,4.281101e+01,4.249856e+01,4.221141e+01,4.201521e+01,4.213297e+01,4.193663e+01,4.142458e+01,4.142458e+01,4.142458e+01,4.142458e+01,4.142458e+01,4.142458e+01,4.142458e+01,4.142458e+01,4.142458e+01,4.142458e+01,4.142458e+01,4.142458e+01,4.142458e+01,4.142458e+01,4.142458e+01,4.142458e+01,4.142458e+01,4.142458e+01,4.142458e+01,4.142458e+01,4.142458e+01,4.142458e+01,4.142458e+01,4.142458e+01,4.142458e+01,4.142458e+01,4.142458e+01,4.142458e+01,4.142458e+01,4.142458e+01,4.142458e+01,4.142458e+01,4.142458e+01,4.104234e+01,4.104234e+01,4.104234e+01,4.104234e+01,4.104234e+01,4.104234e+01,4.104234e+01,4.104234e+01,4.104234e+01,4.104234e+01,4.104234e+01,4.104234e+01,4.104234e+01,4.104234e+01,4.104234e+01,4.104234e+01,4.104234e+01,4.104234e+01,4.104234e+01,4.158238e+01,4.105554e+01,4.105554e+01,4.105554e+01,4.105554e+01,4.105554e+01,4.149036e+01,4.125339e+01,4.179244e+01,4.137194e+01,4.191043e+01,4.189733e+01,4.202830e+01,4.225061e+01,4.225061e+01,4.225061e+01,4.225061e+01,4.225061e+01,4.225061e+01,4.225061e+01,4.277200e+01,4.277200e+01,4.277200e+01,4.277200e+01,4.277200e+01,4.277200e+01,4.330399e+01,4.329104e+01,4.327810e+01,4.326514e+01,4.326514e+01,4.326514e+01,4.326514e+01,4.326514e+01,4.326514e+01,4.326514e+01,4.326514e+01,4.326514e+01,4.326514e+01,4.326514e+01,4.326514e+01,4.326514e+01,4.326514e+01,4.326514e+01,4.326514e+01,4.326514e+01,4.326514e+01,4.326514e+01,4.326514e+01,4.326514e+01,4.326514e+01,4.326514e+01,4.326514e+01,4.326514e+01,4.326514e+01,4.326514e+01,4.326514e+01,4.326514e+01,4.326514e+01,4.326514e+01,4.326514e+01,4.326514e+01,4.326514e+01,4.353678e+01,4.353678e+01,4.353678e+01,4.353678e+01,4.353678e+01,4.397522e+01,4.397522e+01,4.397522e+01,4.450174e+01,4.464260e+01,4.464260e+01,4.464260e+01,4.464260e+01,4.464260e+01,4.464260e+01,4.464260e+01,4.464260e+01,4.464260e+01,4.464260e+01,4.464260e+01,4.464260e+01,4.464260e+01,4.411671e+01,4.412957e+01,4.414242e+01,4.415527e+01,4.416813e+01,4.418097e+01,4.411671e+01,4.398809e+01,4.398809e+01,4.398809e+01,4.398809e+01,4.398809e+01,4.398809e+01,4.398809e+01,4.398809e+01,4.345923e+01,4.388509e+01,4.348509e+01,4.348509e+01,4.348509e+01,4.348509e+01,4.348509e+01,4.348509e+01,4.348509e+01,4.287599e+01,4.287599e+01,4.287599e+01,4.287599e+01,4.287599e+01,4.287599e+01,4.287599e+01,4.287599e+01,4.287599e+01,4.239423e+01,4.239423e+01,4.239423e+01,4.239423e+01,4.239423e+01,4.239423e+01,4.185801e+01,4.185801e+01,4.185801e+01,4.185801e+01,4.185801e+01,4.185801e+01,4.126657e+01,4.126657e+01,4.126657e+01
3.534114e+01,3.534114e+01,3.590948e+01,3.550779e+01,3.567419e+01,3.567419e+01,3.624080e+01,3.622702e+01,3.621323e+01,3.635102e+01,3.644736e+01,3.644736e+01,3.644736e+01,3.644736e+01,3.700999e+01,3.700999e+01,3.700999e+01,3.700999e+01,3.700999e+01,3.756976e+01,3.770586e+01,3.770586e+01,3.770586e+01,3.770586e+01,3.770586e+01,3.770586e+01,3.770586e+01,3.770586e+01,3.770586e+01,3.826213e+01,3.851897e+01,3.851897e+01,3.851897e+01,3.907120e+01,3.921890e+01,3.921890e+01,3.921890e+01,3.921890e+01,3.921890e+01,3.921890e+01,3.921890e+01,3.959398e+01,3.959398e+01,3.959398e+01,3.959398e+01,4.014095e+01,3.972763e+01,4.007439e+01,4.007439e+01,4.007439e+01,4.007439e+01,4.007439e+01,4.061905e+01,4.072502e+01,4.072502e+01,4.072502e+01,4.072502e+01,4.072502e+01,4.072502e+01,4.072502e+01,4.072502e+01,4.072502e+01,4.072502e+01,4.072502e+01,4.072502e+01,4.072502e+01,4.072502e+01,4.072502e+01,4.072502e+01,4.072502e+01,4.072502e+01,4.072502e+01,4.072502e+01,4.072502e+01,4.126657e+01,4.138510e+01,4.150351e+01,4.121385e+01,4.135877e+01,4.160866e+01,4.143774e+01,4.211989e+01,4.211989e+01,4.211989e+01,4.211989e+01,4.211989e+01,4.218526e+01,4.219834e+01,4.221141e+01,4.222448e+01,4.277200e+01,4.277200e+01,4.277200e+01,4.277200e+01,4.325219e+01,4.325219e+01,4.325219e+01,4.378199e+01,4.412957e+01,4.412957e+01,4.412957e+01,4.442484e+01,4.466819e+01,4.493658e+01,4.519162e+01,4.543340e+01,4.556044e+01,4.614313e+01,4.669781e+01,4.668523e+01,4.721236e+01,4.757497e+01,4.837137e+01,4.868105e+01,4.865630e+01,4.921183e+01,4.948251e+01,5.025431e+01,5.025431e+01,5.025431e+01,5.093630e+01,5.151787e+01,5.139693e+01,5.185587e+01,5.212078e+01,5.236114e+01,5.252911e+01,5.288828e+01,5.359167e+01,5.371050e+01,5.407816e+01,5.455098e+01,5.490445e+01,5.526867e+01,5.542110e+01,5.600567e+01,5.601733e+01,5.642492e+01,5.697022e+01,5.720157e+01,5.752477e+01,5.800806e+01,5.842089e+01,5.872966e+01,5.870681e+01,5.911744e+01,5.933365e+01,5.964029e+01,6.017236e+01,6.028529e+01,6.076981e+01,6.107314e+01,6.125257e+01,6.173360e+01,6.216839e+01,6.239082e+01,6.267942e+01,6.297848e+01,6.293422e+01,6.365171e+01,6.342032e+01,6.389370e+01,6.403649e+01,6.422299e+01,6.474822e+01,6.514083e+01,6.549974e+01,6.526057e+01,6.561917e+01,6.565173e+01,6.606342e+01,6.654937e+01,6.635519e+01,6.640916e+01,6.701214e+01,6.721613e+01,6.697990e+01,6.708733e+01,6.746268e+01,6.741984e+01,6.787975e+01,6.764463e+01,6.786906e+01,6.803983e+01,6.809315e+01,6.832751e+01,6.834880e+01,6.858275e+01,6.866772e+01,6.884812e+01,6.902830e+01,6.904948e+01,6.918708e+01,6.895413e+01,6.917651e+01,6.926112e+01,6.935626e+01,6.934570e+01,6.954634e+01,6.960965e+01,6.979940e+01,6.951468e+01,6.960965e+01,6.962020e+01,6.969402e+01,6.974671e+01,6.989417e+01,6.988364e+01,6.978886e+01,6.998889e+01,7.003097e+01,7.010457e+01,7.024117e+01,7.025166e+01,7.000993e+01,7.028316e+01,7.027267e+01,7.036713e+01,7.040910e+01,7.046153e+01,7.015712e+01,7.025166e+01,7.075484e+01,7.041959e+01,7.045105e+01,7.050347e+01,7.054539e+01,7.060826e+01,7.069204e+01,7.074438e+01,7.079669e+01,7.081761e+01,7.083853e+01,7.088036e+01,7.057684e+01,7.077576e+01,7.079669e+01,7.079669e+01,7.086990e+01,7.076530e+01,7.082807e+01,7.105799e+01,7.082807e+01,7.092217e+01,7.102666e+01,7.071297e+01,7.080715e+01,7.085944e+01,7.092217e+01,7.102666e+01,7.101621e+01,7.121455e+01,7.122498e+01,7.123540e+01,7.124583e+01,7.125626e+01,7.083853e+01,7.090127e+01,7.132924e+01,7.123540e+01,7.123540e+01,7.123540e+01,7.098487e+01,7.125626e+01,7.118324e+01,7.117281e+01,7.116238e+01,7.136050e+01,7.093262e+01,7.092217e+01,7.093262e+01,7.092217e+01,7.133966e+01,7.133966e+01,7.091172e+01,7.109975e+01,7.108932e+01,7.141260e+01,7.089082e+01,7.125626e+01,7.111019e+01,7.117281e+01,7.106844e+01,7.114151e+01,7.113107e+01,7.118324e+01,7.088036e+01,7.106844e+01,7.125626e+01,7.121455e+01,7.120411e+01,7.117281e+01,7.123540e+01,7.140218e+01,7.137093e+01,7.133966e+01,7.140218e+01,7.137093e+01,7.108932e+01,7.126669e+01,7.128754e+01,7.125626e+01,7.122498e+01,7.119368e+01,7.116238e+01,7.117281e+01,7.158958e+01,7.142301e+01,7.130840e+01,7.125626e+01,7.135008e+01,7.141260e+01,7.148550e+01,7.145426e+01,7.155836e+01,7.155836e+01,7.153754e+01,7.161038e+01,7.158958e+01,7.157917e+01,7.158958e+01,7.158958e+01,7.173516e+01,7.176634e+01,7.183907e+01,7.181829e+01,7.182867e+01,7.180790e+01,7.182867e+01,7.184945e+01,7.182867e+01,7.180790e+01,7.178712e+01,7.176634e+01,7.174555e+01,7.207775e+01,7.171437e+01,7.194289e+01,7.199477e+01,7.171437e+01,7.161038e+01,7.165199e+01,7.168318e+01,7.166239e+01,7.164159e+01,7.162079e+01,7.159998e+01,7.157917e+01,7.148550e+01,7.154796e+01,7.109975e+01,7.149591e+01,7.139176e+01,7.097443e+01,7.093262e+01,7.089082e+01,7.080715e+01,7.070251e+01,7.066063e+01,7.056635e+01,7.046153e+01,7.007303e+01,6.997837e+01,6.987312e+01,6.986259e+01,6.941965e+01,6.937740e+01,6.884812e+01,6.891174e+01,6.886933e+01,6.832751e+01,6.822103e+01,6.810381e+01,6.755904e+01,6.744126e+01,6.732338e+01,6.685088e+01,6.673251e+01,6.661404e+01,6.607423e+01,6.603096e+01,6.547802e+01,6.515173e+01,6.493376e+01,6.493376e+01,6.448586e+01,6.391568e+01,6.379476e+01,6.322167e+01,6.307802e+01,6.281242e+01,6.203476e+01,6.203476e+01,6.152127e+01,6.124137e+01,6.111802e+01,6.084852e+01,6.053341e+01,5.990093e+01,5.976500e+01,5.932228e+01,5.904910e+01,5.874108e+01,5.843234e+01,5.777814e+01,5.764000e+01,5.685439e+01,5.671526e+01,5.636677e+01,5.564355e+01,5.554993e+01,5.497503e+01,5.468070e+01,5.432661e+01,5.405447e+01,5.376987e+01,5.305554e+01,5.275670e+01,5.231310e+01,5.212078e+01,5.177145e+01,5.093630e+01,5.057142e+01,4.999758e+01,4.980162e+01,4.953165e+01,4.910093e+01,4.875525e+01,4.835897e+01,4.781195e+01,4.773717e+01,4.735003e+01,4.701182e+01,4.618103e+01,4.639558e+01,4.552234e+01,4.521709e+01,4.535710e+01,4.503866e+01,4.441201e+01,4.441201e+01,4.441201e+01,4.441201e+01,4.388509e+01,4.406528e+01,4.354969e+01,4.354969e+01,4.354969e+01,4.318742e+01,4.262885e+01,4.231591e+01,4.218526e+01,4.218526e+01,4.164807e+01,4.149036e+01,4.181867e+01,4.129292e+01,4.129292e+01,4.129292e+01,4.129292e+01,4.129292e+01,4.129292e+01,4.129292e+01,4.129292e+01,4.129292e+01,4.129292e+01,4.129292e+01,4.129292e+01,4.129292e+01,4.129292e+01,4.129292e+01,4.129292e+01,4.183178e+01,4.183178e+01,4.183178e+01,4.183178e+01,4.183178e+01,4.183178e+01,4.183178e+01,4.183178e+01,4.183178e+01,4.183178e+01,4.183178e+01,4.129292e+01,4.129292e+01,4.129292e+01,4.129292e+01,4.129292e+01,4.129292e+01,4.129292e+01,4.129292e+01,4.075150e+01,4.076473e+01,4.077797e+01,4.077797e+01,4.077797e+01,4.077797e+01,4.077797e+01,4.077797e+01,4.077797e+01,4.077797e+01,4.131926e+01,4.130609e+01,4.130609e+01,4.130609e+01,4.130609e+01,4.130609e+01,4.130609e+01,4.130609e+01,4.130609e+01,4.130609e+01,4.130609e+01,4.130609e+01,4.184489e+01,4.122703e+01,4.196283e+01,4.176620e+01,4.191043e+01,4.191043e+01,4.191043e+01,4.191043e+01,4.191043e+01,4.225061e+01,4.225061e+01,4.225061e+01,4.225061e+01,4.278500e+01,4.291497e+01,4.291497e+01,4.291497e+01,4.291497e+01,4.291497e+01,4.291497e+01,4.291497e+01,4.291497e+01,4.291497e+01,4.291497e+01,4.291497e+01,4.291497e+01,4.291497e+01,4.326514e+01,4.326514e+01,4.326514e+01,4.326514e+01,4.326514e+01,4.326514e+01,4.326514e+01,4.326514e+01,4.326514e+01,4.326514e+01,4.326514e+01,4.326514e+01,4.326514e+01,4.326514e+01,4.326514e+01,4.326514e+01,4.326514e+01,4.326514e+01,4.326514e+01,4.326514e+01,4.326514e+01,4.326514e+01,4.326514e+01,4.326514e+01,4.326514e+01,4.326514e+01,4.326514e+01,4.326514e+01,4.326514e+01,4.379488e+01,4.379488e+01,4.379488e+01,4.379488e+01,4.379488e+01,4.379488e+01,4.379488e+01,4.432222e+01,4.446329e+01,4.410386e+01,4.425804e+01,4.427088e+01,4.480885e+01,4.480885e+01,4.480885e+01,4.480885e+01,4.480885e+01,4.480885e+01,4.480885e+01,4.480885e+01,4.480885e+01,4.428371e+01,4.466819e+01,4.434788e+01,4.434788e+01,4.434788e+01,4.434788e+01,4.434788e+01,4.434788e+01,4.434788e+01,4.434788e+01,4.434788e+01,4.434788e+01,4.434788e+01,4.398809e+01,4.398809e+01,4.398809e+01,4.398809e+01,4.398809e+01,4.398809e+01,4.398809e+01,4.348509e+01,4.348509e+01,4.348509e+01,4.348509e+01,4.348509e+01,4.348509e+01,4.287599e+01,4.287599e+01,4.287599e+01,4.287599e+01,4.287599e+01,4.287599e+01,4.287599e+01,4.287599e+01,4.234202e+01,4.274598e+01,4.271996e+01,4.215912e+01,4.215912e+01,4.215912e+01,4.215912e+01,4.215912e+01,4.215912e+01,4.215912e+01,4.185801e+01,4.185801e+01,4.131926e+01,4.168746e+01,4.164807e+01,4.160866e+01
3.534114e+01,3.534114e+01,3.590948e+01,3.548004e+01,3.548004e+01,3.604765e+01,3.624080e+01,3.624080e+01,3.624080e+01,3.624080e+01,3.624080e+01,3.680449e+01,3.676334e+01,3.690044e+01,3.711944e+01,3.711944e+01,3.711944e+01,3.711944e+01,3.711944e+01,3.711944e+01,3.770586e+01,3.770586e+01,3.770586e+01,3.770586e+01,3.770586e+01,3.770586e+01,3.770586e+01,3.770586e+01,3.770586e+01,3.826213e+01,3.826213e+01,3.826213e+01,3.826213e+01,3.851897e+01,3.916521e+01,3.916521e+01,3.916521e+01,3.916521e+01,3.916521e+01,3.916521e+01,3.916521e+01,3.959398e+01,3.959398e+01,3.959398e+01,3.959398e+01,3.959398e+01,4.014095e+01,4.016756e+01,4.016756e+01,4.016756e+01,4.016756e+01,4.016756e+01,4.016756e+01,4.072502e+01,4.072502e+01,4.072502e+01,4.072502e+01,4.072502e+01,4.072502e+01,4.072502e+01,4.072502e+01,4.072502e+01,4.072502e+01,4.072502e+01,4.072502e+01,4.072502e+01,4.072502e+01,4.072502e+01,4.072502e+01,4.072502e+01,4.072502e+01,4.072502e+01,4.072502e+01,4.072502e+01,4.126657e+01,4.126657e+01,4.126657e+01,4.126657e+01,4.126657e+01,4.160866e+01,4.175309e+01,4.211989e+01,4.211989e+01,4.211989e+01,4.211989e+01,4.211989e+01,4.265489e+01,4.269394e+01,4.273298e+01,4.288898e+01,4.245945e+01,4.249856e+01,4.307073e+01,4.320038e+01,4.282401e+01,4.331693e+01,4.362718e+01,4.339457e+01,4.360136e+01,4.410386e+01,4.430939e+01,4.445048e+01,4.487273e+01,4.496211e+01,4.496211e+01,4.543340e+01,4.586481e+01,4.587748e+01,4.664749e+01,4.694908e+01,4.682351e+01,4.731250e+01,4.802359e+01,4.819761e+01,4.842097e+01,4.889117e+01,4.928571e+01,4.986289e+01,4.991189e+01,5.009545e+01,5.072967e+01,5.062013e+01,5.133643e+01,5.171112e+01,5.200044e+01,5.200044e+01,5.252911e+01,5.260102e+01,5.352032e+01,5.334176e+01,5.382922e+01,5.422019e+01,5.462175e+01,5.485738e+01,5.523347e+01,5.562015e+01,5.585394e+01,5.621547e+01,5.656437e+01,5.691232e+01,5.735173e+01,5.778965e+01,5.812287e+01,5.830635e+01,5.852389e+01,5.874108e+01,5.907188e+01,5.949274e+01,5.983298e+01,6.011586e+01,6.005933e+01,6.027400e+01,6.066854e+01,6.121895e+01,6.146533e+01,6.180058e+01,6.215726e+01,6.236859e+01,6.257959e+01,6.303379e+01,6.315539e+01,6.338723e+01,6.351954e+01,6.391568e+01,6.438734e+01,6.439829e+01,6.454057e+01,6.510816e+01,6.528233e+01,6.503189e+01,6.549974e+01,6.580354e+01,6.579271e+01,6.605260e+01,6.647388e+01,6.614993e+01,6.668944e+01,6.650624e+01,6.670020e+01,6.690466e+01,6.715175e+01,6.720541e+01,6.734483e+01,6.750552e+01,6.766602e+01,6.781566e+01,6.794380e+01,6.809315e+01,6.816776e+01,6.833816e+01,6.807182e+01,6.808248e+01,6.856149e+01,6.861462e+01,6.872080e+01,6.879509e+01,6.887994e+01,6.886933e+01,6.862524e+01,6.866772e+01,6.877386e+01,6.887994e+01,6.895413e+01,6.894353e+01,6.899652e+01,6.946189e+01,6.921882e+01,6.920824e+01,6.919766e+01,6.938796e+01,6.941965e+01,6.948301e+01,6.960965e+01,6.953579e+01,6.958855e+01,6.934570e+01,6.933512e+01,6.941965e+01,6.945133e+01,6.985206e+01,6.985206e+01,6.965184e+01,6.951468e+01,6.962020e+01,6.964129e+01,6.968347e+01,6.971510e+01,6.976779e+01,6.984153e+01,6.988364e+01,6.992576e+01,6.993628e+01,6.994680e+01,6.991523e+01,7.002045e+01,7.020966e+01,7.022015e+01,7.020966e+01,7.027267e+01,7.026216e+01,6.999941e+01,7.011508e+01,7.011508e+01,7.019915e+01,7.023066e+01,7.023066e+01,7.031466e+01,7.035664e+01,7.040910e+01,7.050347e+01,7.049299e+01,7.025166e+01,7.044056e+01,7.043008e+01,7.041959e+01,7.030416e+01,7.023066e+01,7.049299e+01,7.031466e+01,7.049299e+01,7.047202e+01,7.039861e+01,7.045105e+01,7.020966e+01,7.038811e+01,7.036713e+01,7.034615e+01,7.041959e+01,7.034615e+01,7.032516e+01,7.031466e+01,7.051395e+01,7.031466e+01,7.036713e+01,7.043008e+01,7.059779e+01,7.069204e+01,7.048251e+01,7.053492e+01,7.071297e+01,7.026216e+01,7.029366e+01,7.026216e+01,7.030416e+01,7.070251e+01,7.068157e+01,7.025166e+01,7.041959e+01,7.058731e+01,7.056635e+01,7.054539e+01,7.052444e+01,7.056635e+01,7.071297e+01,7.069204e+01,7.067110e+01,7.071297e+01,7.063969e+01,7.062921e+01,7.078623e+01,7.078623e+01,7.076530e+01,7.074438e+01,7.072344e+01,7.070251e+01,7.091172e+01,7.067110e+01,7.065015e+01,7.062921e+01,7.060826e+01,7.068157e+01,7.072344e+01,7.077576e+01,7.075484e+01,7.083853e+01,7.081761e+01,7.079669e+01,7.084899e+01,7.082807e+01,7.080715e+01,7.122498e+01,7.121455e+01,7.135008e+01,7.094308e+01,7.099532e+01,7.097443e+01,7.096397e+01,7.094308e+01,7.094308e+01,7.094308e+01,7.135008e+01,7.133966e+01,7.132924e+01,7.131882e+01,7.098487e+01,7.120411e+01,7.129797e+01,7.100577e+01,7.098487e+01,7.108932e+01,7.107887e+01,7.111019e+01,7.113107e+01,7.112063e+01,7.111019e+01,7.109975e+01,7.108932e+01,7.107887e+01,7.106844e+01,7.100577e+01,7.062921e+01,7.083853e+01,7.071297e+01,7.063969e+01,7.024117e+01,7.023066e+01,7.022015e+01,7.020966e+01,6.976779e+01,6.975726e+01,6.963074e+01,6.955690e+01,6.911301e+01,6.909184e+01,6.896473e+01,6.889054e+01,6.876326e+01,6.868896e+01,6.847646e+01,6.791177e+01,6.783703e+01,6.781566e+01,6.723759e+01,6.716248e+01,6.714101e+01,6.659248e+01,6.651702e+01,6.609586e+01,6.594437e+01,6.542369e+01,6.527145e+01,6.508637e+01,6.507548e+01,6.417914e+01,6.402551e+01,6.370675e+01,6.361868e+01,6.304485e+01,6.295635e+01,6.243526e+01,6.215726e+01,6.194559e+01,6.167775e+01,6.142057e+01,6.075856e+01,6.067980e+01,6.012716e+01,5.984431e+01,5.928816e+01,5.912883e+01,5.893510e+01,5.836363e+01,5.824903e+01,5.796211e+01,5.720157e+01,5.703967e+01,5.673846e+01,5.606398e+01,5.577216e+01,5.552652e+01,5.524520e+01,5.486914e+01,5.451558e+01,5.416103e+01,5.340131e+01,5.310329e+01,5.285241e+01,5.256507e+01,5.202452e+01,5.145742e+01,5.115471e+01,5.072967e+01,5.037637e+01,4.969125e+01,4.960534e+01,4.933494e+01,4.869342e+01,4.806091e+01,4.825970e+01,4.748754e+01,4.740005e+01,4.722488e+01,4.629466e+01,4.605464e+01,4.596609e+01,4.582681e+01,4.514066e+01,4.507692e+01,4.468099e+01,4.441201e+01,4.441201e+01,4.441201e+01,4.388509e+01,4.375620e+01,4.362718e+01,4.342044e+01,4.342044e+01,4.342044e+01,4.288898e+01,4.251160e+01,4.227673e+01,4.227673e+01,4.227673e+01,4.164807e+01,4.170059e+01,4.159552e+01,4.149036e+01,4.149036e+01,4.149036e+01,4.149036e+01,4.149036e+01,4.149036e+01,4.149036e+01,4.149036e+01,4.149036e+01,4.149036e+01,4.149036e+01,4.149036e+01,4.149036e+01,4.149036e+01,4.149036e+01,4.149036e+01,4.149036e+01,4.149036e+01,4.149036e+01,4.149036e+01,4.183178e+01,4.183178e+01,4.183178e+01,4.183178e+01,4.183178e+01,4.183178e+01,4.183178e+01,4.183178e+01,4.183178e+01,4.183178e+01,4.129292e+01,4.129292e+01,4.129292e+01,4.129292e+01,4.129292e+01,4.129292e+01,4.129292e+01,4.129292e+01,4.129292e+01,4.077797e+01,4.077797e+01,4.077797e+01,4.131926e+01,4.134560e+01,4.098951e+01,4.112152e+01,4.112152e+01,4.112152e+01,4.112152e+01,4.166120e+01,4.109513e+01,4.109513e+01,4.163493e+01,4.160866e+01,4.158238e+01,4.155610e+01,4.187111e+01,4.181867e+01,4.164807e+01,4.196283e+01,4.196283e+01,4.196283e+01,4.196283e+01,4.196283e+01,4.196283e+01,4.196283e+01,4.196283e+01,4.225061e+01,4.225061e+01,4.278500e+01,4.238118e+01,4.253766e+01,4.256372e+01,4.312261e+01,4.312261e+01,4.312261e+01,4.312261e+01,4.312261e+01,4.312261e+01,4.312261e+01,4.312261e+01,4.312261e+01,4.312261e+01,4.312261e+01,4.312261e+01,4.312261e+01,4.365300e+01,4.308371e+01,4.308371e+01,4.308371e+01,4.308371e+01,4.308371e+01,4.361427e+01,4.356261e+01,4.351093e+01,4.351093e+01,4.351093e+01,4.351093e+01,4.351093e+01,4.351093e+01,4.351093e+01,4.351093e+01,4.351093e+01,4.351093e+01,4.351093e+01,4.351093e+01,4.351093e+01,4.351093e+01,4.297990e+01,4.303181e+01,4.356261e+01,4.351093e+01,4.382066e+01,4.340751e+01,4.345923e+01,4.351093e+01,4.356261e+01,4.356261e+01,4.409100e+01,4.424520e+01,4.442484e+01,4.425804e+01,4.406528e+01,4.459140e+01,4.421951e+01,4.456579e+01,4.456579e+01,4.508967e+01,4.503866e+01,4.451455e+01,4.456579e+01,4.508967e+01,4.503866e+01,4.473215e+01,4.460420e+01,4.459140e+01,4.430939e+01,4.430939e+01,4.430939e+01,4.430939e+01,4.430939e+01,4.430939e+01,4.430939e+01,4.430939e+01,4.430939e+01,4.430939e+01,4.430939e+01,4.430939e+01,4.430939e+01,4.398809e+01,4.398809e+01,4.398809e+01,4.398809e+01,4.398809e+01,4.348509e+01,4.348509e+01,4.348509e+01,4.348509e+01,4.348509e+01,4.348509e+01,4.348509e+01,4.287599e+01,4.287599e+01,4.287599e+01,4.287599e+01,4.287599e+01,4.287599e+01,4.287599e+01,4.287599e+01,4.234202e+01,4.273298e+01,4.236813e+01,4.236813e+01,4.236813e+01,4.236813e+01,4.183178e+01,4.188422e+01,4.179244e+01,4.176620e+01,4.198902e+01,4.177932e+01,4.179244e+01,4.125339e+01,4.130609e+01
3.534114e+01,3.534114e+01,3.534114e+01,3.590948e+01,3.549392e+01,3.584033e+01,3.584033e+01,3.584033e+01,3.624080e+01,3.624080e+01,3.624080e+01,3.624080e+01,3.676334e+01,3.676334e+01,3.676334e+01,3.676334e+01,3.711944e+01,3.711944e+01,3.711944e+01,3.711944e+01,3.770586e+01,3.770586e+01,3.770586e+01,3.770586e+01,3.770586e+01,3.770586e+01,3.770586e+01,3.770586e+01,3.770586e+01,3.826213e+01,3.826213e+01,3.826213e+01,3.826213e+01,3.881563e+01,3.916521e+01,3.916521e+01,3.916521e+01,3.916521e+01,3.916521e+01,3.916521e+01,3.971427e+01,3.972763e+01,3.972763e+01,3.972763e+01,3.972763e+01,3.972763e+01,3.972763e+01,3.972763e+01,4.016756e+01,4.016756e+01,4.016756e+01,4.016756e+01,4.016756e+01,4.016756e+01,4.072502e+01,4.072502e+01,4.072502e+01,4.072502e+01,4.072502e+01,4.072502e+01,4.072502e+01,4.072502e+01,4.072502e+01,4.072502e+01,4.072502e+01,4.072502e+01,4.072502e+01,4.072502e+01,4.072502e+01,4.072502e+01,4.072502e+01,4.072502e+01,4.072502e+01,4.072502e+01,4.072502e+01,4.126657e+01,4.126657e+01,4.126657e+01,4.126657e+01,4.126657e+01,4.175309e+01,4.162180e+01,4.159552e+01,4.210681e+01,4.210681e+01,4.210681e+01,4.210681e+01,4.215912e+01,4.218526e+01,4.217220e+01,4.260281e+01,4.290198e+01,4.253766e+01,4.310964e+01,4.304479e+01,4.322629e+01,4.356261e+01,4.356261e+01,4.356261e+01,4.356261e+01,4.430939e+01,4.421951e+01,4.445048e+01,4.452737e+01,4.477051e+01,4.519162e+01,4.543340e+01,4.620629e+01,4.624417e+01,4.642079e+01,4.667265e+01,4.711213e+01,4.763738e+01,4.786179e+01,4.823487e+01,4.861917e+01,4.913791e+01,4.953165e+01,4.962989e+01,4.996087e+01,5.041297e+01,5.055924e+01,5.069316e+01,5.114259e+01,5.131221e+01,5.204859e+01,5.234913e+01,5.219294e+01,5.290023e+01,5.315102e+01,5.359167e+01,5.393596e+01,5.406631e+01,5.440932e+01,5.495150e+01,5.506907e+01,5.540938e+01,5.584226e+01,5.623875e+01,5.670366e+01,5.662242e+01,5.707438e+01,5.729400e+01,5.793913e+01,5.820317e+01,5.847812e+01,5.845523e+01,5.888947e+01,5.929954e+01,5.947002e+01,5.993489e+01,5.992357e+01,6.026271e+01,6.082603e+01,6.114046e+01,6.106192e+01,6.176709e+01,6.199018e+01,6.197904e+01,6.223516e+01,6.291208e+01,6.303379e+01,6.329896e+01,6.318853e+01,6.346442e+01,6.393765e+01,6.429971e+01,6.416817e+01,6.427780e+01,6.473730e+01,6.512994e+01,6.489013e+01,6.498829e+01,6.540195e+01,6.559747e+01,6.572765e+01,6.607423e+01,6.609586e+01,6.631200e+01,6.617155e+01,6.631200e+01,6.638757e+01,6.654937e+01,6.673251e+01,6.691541e+01,6.708733e+01,6.723759e+01,6.740912e+01,6.750552e+01,6.717322e+01,6.728049e+01,6.750552e+01,6.779430e+01,6.786906e+01,6.799715e+01,6.809315e+01,6.819972e+01,6.812513e+01,6.811447e+01,6.817841e+01,6.830622e+01,6.843391e+01,6.809315e+01,6.855087e+01,6.838072e+01,6.862524e+01,6.861462e+01,6.863586e+01,6.865710e+01,6.886933e+01,6.848709e+01,6.856149e+01,6.869957e+01,6.871019e+01,6.868896e+01,6.911301e+01,6.872080e+01,6.881631e+01,6.904948e+01,6.882691e+01,6.900711e+01,6.901771e+01,6.902830e+01,6.914476e+01,6.917651e+01,6.922939e+01,6.927170e+01,6.933512e+01,6.941965e+01,6.947245e+01,6.952524e+01,6.954634e+01,6.913417e+01,6.913417e+01,6.923997e+01,6.943021e+01,6.944077e+01,6.944077e+01,6.907066e+01,6.912359e+01,6.966238e+01,6.937740e+01,6.937740e+01,6.946189e+01,6.949357e+01,6.949357e+01,6.957800e+01,6.962020e+01,6.967293e+01,6.976779e+01,6.969402e+01,6.969402e+01,6.988364e+01,6.988364e+01,6.988364e+01,6.988364e+01,6.954634e+01,6.970455e+01,6.970455e+01,6.945133e+01,6.963074e+01,6.962020e+01,7.003097e+01,6.959910e+01,6.976779e+01,6.975726e+01,6.974671e+01,6.980993e+01,6.979940e+01,6.978886e+01,6.977833e+01,6.996785e+01,6.995733e+01,6.999941e+01,7.005200e+01,6.977833e+01,6.985206e+01,6.983099e+01,6.986259e+01,6.990470e+01,6.982047e+01,6.983099e+01,6.980993e+01,7.005200e+01,6.976779e+01,6.963074e+01,6.969402e+01,6.984153e+01,6.998889e+01,6.996785e+01,6.994680e+01,6.992576e+01,6.994680e+01,7.007303e+01,7.005200e+01,7.003097e+01,7.005200e+01,7.003097e+01,7.000993e+01,7.014661e+01,7.012560e+01,7.010457e+01,7.008354e+01,7.006252e+01,7.004148e+01,7.018864e+01,7.017814e+01,7.015712e+01,7.013610e+01,7.011508e+01,7.016763e+01,7.018864e+01,7.022015e+01,7.019915e+01,7.026216e+01,7.024117e+01,7.022015e+01,7.025166e+01,7.023066e+01,7.043008e+01,7.022015e+01,7.039861e+01,7.039861e+01,7.031466e+01,7.034615e+01,7.032516e+01,7.030416e+01,7.028316e+01,7.069204e+01,7.038811e+01,7.058731e+01,7.057684e+01,7.056635e+01,7.050347e+01,7.055588e+01,7.067110e+01,7.070251e+01,7.069204e+01,7.072344e+01,7.043008e+01,7.041959e+01,7.044056e+01,7.045105e+01,7.044056e+01,7.043008e+01,7.041959e+01,7.040910e+01,7.039861e+01,7.038811e+01,7.025166e+01,7.016763e+01,6.993628e+01,6.991523e+01,6.977833e+01,6.969402e+01,6.967293e+01,6.965184e+01,6.951468e+01,6.943021e+01,6.901771e+01,6.899652e+01,6.885873e+01,6.877386e+01,6.878448e+01,6.835944e+01,6.833816e+01,6.831687e+01,6.785839e+01,6.771948e+01,6.763393e+01,6.719468e+01,6.705511e+01,6.696915e+01,6.652781e+01,6.638757e+01,6.585773e+01,6.571681e+01,6.563003e+01,6.504279e+01,6.495557e+01,6.492286e+01,6.446397e+01,6.431068e+01,6.409137e+01,6.339826e+01,6.293422e+01,6.277918e+01,6.269051e+01,6.212386e+01,6.194559e+01,6.192329e+01,6.138699e+01,6.080355e+01,6.053341e+01,6.044324e+01,5.985564e+01,5.967431e+01,5.940186e+01,5.919714e+01,5.872966e+01,5.856964e+01,5.790465e+01,5.783566e+01,5.755935e+01,5.710908e+01,5.684280e+01,5.654113e+01,5.567863e+01,5.553822e+01,5.535077e+01,5.506907e+01,5.420836e+01,5.406631e+01,5.378174e+01,5.329410e+01,5.291219e+01,5.266092e+01,5.236114e+01,5.159038e+01,5.126377e+01,5.094844e+01,5.031536e+01,5.002206e+01,4.969125e+01,4.939645e+01,4.912558e+01,4.875525e+01,4.830934e+01,4.806091e+01,4.767481e+01,4.740005e+01,4.697418e+01,4.648381e+01,4.605464e+01,4.605464e+01,4.553505e+01,4.514066e+01,4.485996e+01,4.447611e+01,4.438637e+01,4.438637e+01,4.438637e+01,4.388509e+01,4.388509e+01,4.388509e+01,4.342044e+01,4.342044e+01,4.342044e+01,4.288898e+01,4.248552e+01,4.248552e+01,4.248552e+01,4.194973e+01,4.164807e+01,4.164807e+01,4.164807e+01,4.164807e+01,4.164807e+01,4.164807e+01,4.164807e+01,4.164807e+01,4.164807e+01,4.164807e+01,4.164807e+01,4.164807e+01,4.164807e+01,4.164807e+01,4.164807e+01,4.164807e+01,4.164807e+01,4.164807e+01,4.164807e+01,4.164807e+01,4.164807e+01,4.164807e+01,4.164807e+01,4.164807e+01,4.164807e+01,4.164807e+01,4.164807e+01,4.164807e+01,4.164807e+01,4.164807e+01,4.164807e+01,4.164807e+01,4.164807e+01,4.164807e+01,4.164807e+01,4.164807e+01,4.164807e+01,4.164807e+01,4.129292e+01,4.129292e+01,4.129292e+01,4.129292e+01,4.129292e+01,4.077797e+01,4.104234e+01,4.112152e+01,4.146405e+01,4.108194e+01,4.162180e+01,4.166120e+01,4.170059e+01,4.188422e+01,4.183178e+01,4.146405e+01,4.160866e+01,4.173996e+01,4.173996e+01,4.173996e+01,4.173996e+01,4.173996e+01,4.173996e+01,4.173996e+01,4.173996e+01,4.173996e+01,4.227673e+01,4.230285e+01,4.232896e+01,4.235508e+01,4.238118e+01,4.248552e+01,4.251160e+01,4.223754e+01,4.244640e+01,4.288898e+01,4.292796e+01,4.307073e+01,4.322629e+01,4.322629e+01,4.322629e+01,4.322629e+01,4.322629e+01,4.322629e+01,4.322629e+01,4.322629e+01,4.322629e+01,4.322629e+01,4.322629e+01,4.322629e+01,4.322629e+01,4.322629e+01,4.322629e+01,4.322629e+01,4.322629e+01,4.322629e+01,4.322629e+01,4.361427e+01,4.361427e+01,4.361427e+01,4.361427e+01,4.361427e+01,4.361427e+01,4.361427e+01,4.361427e+01,4.361427e+01,4.361427e+01,4.361427e+01,4.361427e+01,4.361427e+01,4.361427e+01,4.308371e+01,4.343337e+01,4.317446e+01,4.342044e+01,4.356261e+01,4.371751e+01,4.362718e+01,4.391084e+01,4.394947e+01,4.398809e+01,4.402669e+01,4.420667e+01,4.430939e+01,4.430939e+01,4.430939e+01,4.430939e+01,4.430939e+01,4.430939e+01,4.483441e+01,4.485996e+01,4.500039e+01,4.466819e+01,4.501315e+01,4.470657e+01,4.494934e+01,4.508967e+01,4.483441e+01,4.471936e+01,4.471936e+01,4.471936e+01,4.471936e+01,4.471936e+01,4.471936e+01,4.471936e+01,4.430939e+01,4.430939e+01,4.430939e+01,4.430939e+01,4.430939e+01,4.430939e+01,4.430939e+01,4.430939e+01,4.430939e+01,4.430939e+01,4.398809e+01,4.398809e+01,4.398809e+01,4.398809e+01,4.348509e+01,4.348509e+01,4.348509e+01,4.348509e+01,4.348509e+01,4.348509e+01,4.348509e+01,4.348509e+01,4.340751e+01,4.291497e+01,4.291497e+01,4.291497e+01,4.291497e+01,4.291497e+01,4.291497e+01,4.291497e+01,4.238118e+01,4.234202e+01,4.234202e+01,4.234202e+01,4.234202e+01,4.183178e+01,4.183178e+01,4.183178e+01,4.183178e+01,4.183178e+01,4.183178e+01,4.129292e+01,4.170059e+01,4.118748e+01
3.534114e+01,3.534114e+01,3.534114e+01,3.590948e+01,3.570190e+01,3.585417e+01,3.585417e+01,3.585417e+01,3.624080e+01,3.624080e+01,3.624080e+01,3.680449e+01,3.688674e+01,3.688674e+01,3.688674e+01,3.688674e+01,3.688674e+01,3.744713e+01,3.747440e+01,3.706473e+01,3.744713e+01,3.744713e+01,3.744713e+01,3.744713e+01,3.800470e+01,3.747440e+01,3.803182e+01,3.748802e+01,3.774666e+01,3.805894e+01,3.805894e+01,3.861345e+01,3.876175e+01,3.847846e+01,3.869437e+01,3.923232e+01,3.923232e+01,3.923232e+01,3.923232e+01,3.923232e+01,3.923232e+01,3.972763e+01,3.972763e+01,3.972763e+01,3.972763e+01,3.972763e+01,3.972763e+01,3.972763e+01,3.972763e+01,4.016756e+01,4.016756e+01,4.016756e+01,4.016756e+01,4.071178e+01,4.026067e+01,4.026067e+01,4.026067e+01,4.080443e+01,4.080443e+01,4.080443e+01,4.080443e+01,4.080443e+01,4.080443e+01,4.080443e+01,4.080443e+01,4.080443e+01,4.080443e+01,4.080443e+01,4.080443e+01,4.080443e+01,4.080443e+01,4.080443e+01,4.080443e+01,4.080443e+01,4.080443e+01,4.080443e+01,4.080443e+01,4.126657e+01,4.126657e+01,4.126657e+01,4.175309e+01,4.175309e+01,4.175309e+01,4.210681e+01,4.210681e+01,4.210681e+01,4.210681e+01,4.210681e+01,4.210681e+01,4.264187e+01,4.283701e+01,4.270695e+01,4.275899e+01,4.291497e+01,4.291497e+01,4.291497e+01,4.303181e+01,4.303181e+01,4.356261e+01,4.380777e+01,4.358844e+01,4.412957e+01,4.445048e+01,4.445048e+01,4.477051e+01,4.500039e+01,4.548423e+01,4.549694e+01,4.607993e+01,4.642079e+01,4.691143e+01,4.704945e+01,4.737504e+01,4.766233e+01,4.823487e+01,4.832175e+01,4.875525e+01,4.902694e+01,4.922415e+01,4.972805e+01,4.998534e+01,5.015657e+01,5.052269e+01,5.127588e+01,5.104555e+01,5.169905e+01,5.187997e+01,5.210876e+01,5.225304e+01,5.316295e+01,5.301972e+01,5.373425e+01,5.356789e+01,5.409000e+01,5.433843e+01,5.503381e+01,5.508081e+01,5.545625e+01,5.591232e+01,5.608730e+01,5.630860e+01,5.694707e+01,5.691232e+01,5.709752e+01,5.743251e+01,5.760544e+01,5.782416e+01,5.831780e+01,5.896931e+01,5.879817e+01,5.904910e+01,5.961760e+01,6.005933e+01,6.007064e+01,6.028529e+01,6.049960e+01,6.099457e+01,6.124137e+01,6.134220e+01,6.176709e+01,6.223516e+01,6.245747e+01,6.262397e+01,6.272377e+01,6.316644e+01,6.313329e+01,6.328792e+01,6.347545e+01,6.379476e+01,6.386073e+01,6.402551e+01,6.459524e+01,6.435449e+01,6.456244e+01,6.478098e+01,6.501009e+01,6.526057e+01,6.530409e+01,6.554318e+01,6.556490e+01,6.572765e+01,6.582522e+01,6.600932e+01,6.621478e+01,6.641994e+01,6.661404e+01,6.634440e+01,6.652781e+01,6.656015e+01,6.697990e+01,6.681861e+01,6.710881e+01,6.686164e+01,6.738769e+01,6.709807e+01,6.720541e+01,6.732338e+01,6.733411e+01,6.734483e+01,6.741984e+01,6.755904e+01,6.762324e+01,6.775155e+01,6.795448e+01,6.761254e+01,6.775155e+01,6.776224e+01,6.779430e+01,6.782635e+01,6.790110e+01,6.783703e+01,6.792245e+01,6.807182e+01,6.809315e+01,6.829558e+01,6.800783e+01,6.807182e+01,6.825298e+01,6.837009e+01,6.835944e+01,6.855087e+01,6.857212e+01,6.859337e+01,6.828493e+01,6.832751e+01,6.839137e+01,6.844455e+01,6.851898e+01,6.861462e+01,6.867834e+01,6.874203e+01,6.862524e+01,6.856149e+01,6.857212e+01,6.868896e+01,6.889054e+01,6.891174e+01,6.877386e+01,6.871019e+01,6.896473e+01,6.880569e+01,6.879509e+01,6.880569e+01,6.890114e+01,6.894353e+01,6.895413e+01,6.904948e+01,6.866772e+01,6.872080e+01,6.881631e+01,6.881631e+01,6.881631e+01,6.900711e+01,6.900711e+01,6.900711e+01,6.894353e+01,6.893294e+01,6.909184e+01,6.902830e+01,6.901771e+01,6.919766e+01,6.896473e+01,6.909184e+01,6.902830e+01,6.919766e+01,6.919766e+01,6.919766e+01,6.882691e+01,6.900711e+01,6.900711e+01,6.900711e+01,6.919766e+01,6.919766e+01,6.923997e+01,6.922939e+01,6.921882e+01,6.929284e+01,6.885873e+01,6.907066e+01,6.910242e+01,6.909184e+01,6.909184e+01,6.874203e+01,6.898592e+01,6.910242e+01,6.909184e+01,6.914476e+01,6.928227e+01,6.898592e+01,6.916592e+01,6.914476e+01,6.912359e+01,6.912359e+01,6.922939e+01,6.920824e+01,6.918708e+01,6.918708e+01,6.916592e+01,6.914476e+01,6.926112e+01,6.923997e+01,6.921882e+01,6.919766e+01,6.917651e+01,6.958855e+01,6.929284e+01,6.927170e+01,6.925055e+01,6.922939e+01,6.920824e+01,6.923997e+01,6.967293e+01,6.969402e+01,6.968347e+01,6.973618e+01,6.972564e+01,6.971510e+01,6.973618e+01,6.972564e+01,6.948301e+01,6.989417e+01,6.964129e+01,6.963074e+01,6.962020e+01,6.964129e+01,6.963074e+01,6.962020e+01,6.980993e+01,6.999941e+01,6.998889e+01,6.974671e+01,6.972564e+01,6.970455e+01,6.968347e+01,6.971510e+01,6.980993e+01,6.982047e+01,6.979940e+01,6.976779e+01,6.975726e+01,6.973618e+01,6.973618e+01,6.972564e+01,6.970455e+01,6.968347e+01,6.966238e+01,6.964129e+01,6.962020e+01,6.959910e+01,6.957800e+01,6.951468e+01,6.950413e+01,6.948301e+01,6.946189e+01,6.901771e+01,6.899652e+01,6.897533e+01,6.895413e+01,6.881631e+01,6.875265e+01,6.829558e+01,6.827428e+01,6.825298e+01,6.812513e+01,6.806116e+01,6.759114e+01,6.745197e+01,6.738769e+01,6.692616e+01,6.678633e+01,6.672174e+01,6.670020e+01,6.611749e+01,6.605260e+01,6.590105e+01,6.579271e+01,6.534760e+01,6.519527e+01,6.452962e+01,6.450774e+01,6.435449e+01,6.383874e+01,6.381675e+01,6.321062e+01,6.288994e+01,6.281242e+01,6.281242e+01,6.235748e+01,6.212386e+01,6.166658e+01,6.154363e+01,6.106192e+01,6.070231e+01,6.005933e+01,5.990093e+01,5.977634e+01,5.950409e+01,5.891229e+01,5.875250e+01,5.864968e+01,5.789315e+01,5.781266e+01,5.716690e+01,5.688915e+01,5.671526e+01,5.609895e+01,5.581889e+01,5.559675e+01,5.511606e+01,5.504556e+01,5.471606e+01,5.420836e+01,5.387667e+01,5.311523e+01,5.293609e+01,5.279260e+01,5.197635e+01,5.168699e+01,5.140903e+01,5.106982e+01,5.075399e+01,5.041297e+01,4.992413e+01,4.949480e+01,4.919952e+01,4.892821e+01,4.855727e+01,4.798627e+01,4.737504e+01,4.721236e+01,4.691143e+01,4.654679e+01,4.663491e+01,4.587748e+01,4.563661e+01,4.534438e+01,4.545882e+01,4.514066e+01,4.488551e+01,4.432222e+01,4.432222e+01,4.432222e+01,4.432222e+01,4.388509e+01,4.364009e+01,4.360136e+01,4.360136e+01,4.307073e+01,4.277200e+01,4.244640e+01,4.244640e+01,4.191043e+01,4.225061e+01,4.208064e+01,4.156924e+01,4.156924e+01,4.156924e+01,4.156924e+01,4.156924e+01,4.156924e+01,4.156924e+01,4.156924e+01,4.156924e+01,4.156924e+01,4.156924e+01,4.156924e+01,4.156924e+01,4.156924e+01,4.156924e+01,4.156924e+01,4.156924e+01,4.156924e+01,4.156924e+01,4.156924e+01,4.156924e+01,4.210681e+01,4.159552e+01,4.159552e+01,4.159552e+01,4.213297e+01,4.214605e+01,4.215912e+01,4.217220e+01,4.164807e+01,4.164807e+01,4.164807e+01,4.164807e+01,4.164807e+01,4.164807e+01,4.164807e+01,4.164807e+01,4.129292e+01,4.129292e+01,4.129292e+01,4.129292e+01,4.129292e+01,4.129292e+01,4.129292e+01,4.129292e+01,4.129292e+01,4.129292e+01,4.162180e+01,4.162180e+01,4.162180e+01,4.162180e+01,4.162180e+01,4.162180e+01,4.162180e+01,4.215912e+01,4.219834e+01,4.219834e+01,4.219834e+01,4.166120e+01,4.219834e+01,4.218526e+01,4.217220e+01,4.181867e+01,4.209373e+01,4.209373e+01,4.262885e+01,4.213297e+01,4.266791e+01,4.215912e+01,4.260281e+01,4.282401e+01,4.247248e+01,4.270695e+01,4.270695e+01,4.307073e+01,4.307073e+01,4.307073e+01,4.307073e+01,4.307073e+01,4.360136e+01,4.361427e+01,4.362718e+01,4.364009e+01,4.365300e+01,4.364009e+01,4.365300e+01,4.364009e+01,4.365300e+01,4.364009e+01,4.365300e+01,4.364009e+01,4.365300e+01,4.364009e+01,4.321333e+01,4.362718e+01,4.362718e+01,4.362718e+01,4.362718e+01,4.362718e+01,4.362718e+01,4.362718e+01,4.362718e+01,4.362718e+01,4.362718e+01,4.362718e+01,4.362718e+01,4.362718e+01,4.362718e+01,4.362718e+01,4.309667e+01,4.308371e+01,4.342044e+01,4.342044e+01,4.342044e+01,4.394947e+01,4.397522e+01,4.397522e+01,4.397522e+01,4.397522e+01,4.397522e+01,4.397522e+01,4.430939e+01,4.430939e+01,4.430939e+01,4.483441e+01,4.447611e+01,4.465540e+01,4.517888e+01,4.511517e+01,4.497487e+01,4.493658e+01,4.468099e+01,4.468099e+01,4.468099e+01,4.468099e+01,4.468099e+01,4.468099e+01,4.468099e+01,4.468099e+01,4.468099e+01,4.468099e+01,4.468099e+01,4.468099e+01,4.468099e+01,4.430939e+01,4.430939e+01,4.430939e+01,4.430939e+01,4.430939e+01,4.430939e+01,4.430939e+01,4.430939e+01,4.398809e+01,4.398809e+01,4.398809e+01,4.398809e+01,4.398809e+01,4.348509e+01,4.348509e+01,4.348509e+01,4.348509e+01,4.348509e+01,4.348509e+01,4.348509e+01,4.348509e+01,4.344630e+01,4.290198e+01,4.290198e+01,4.290198e+01,4.290198e+01,4.290198e+01,4.290198e+01,4.238118e+01,4.238118e+01,4.238118e+01,4.238118e+01,4.238118e+01,4.238118e+01,4.183178e+01,4.183178e+01,4.183178e+01,4.183178e+01,4.183178e+01,4.183178e+01,4.183178e+01,4.172684e+01
3.534114e+01,3.534114e+01,3.534114e+01,3.590948e+01,3.590948e+01,3.590948e+01,3.590948e+01,3.590948e+01,3.590948e+01,3.624080e+01,3.650238e+01,3.661234e+01,3.661234e+01,3.661234e+01,3.661234e+01,3.717413e+01,3.676334e+01,3.713311e+01,3.706473e+01,3.714679e+01,3.747440e+01,3.747440e+01,3.747440e+01,3.747440e+01,3.747440e+01,3.747440e+01,3.803182e+01,3.767866e+01,3.796399e+01,3.808606e+01,3.834330e+01,3.861345e+01,3.854597e+01,3.900400e+01,3.861345e+01,3.896367e+01,3.896367e+01,3.896367e+01,3.896367e+01,3.951371e+01,3.909807e+01,3.940659e+01,3.939320e+01,3.992781e+01,3.992781e+01,3.992781e+01,3.992781e+01,3.992781e+01,3.992781e+01,3.992781e+01,3.992781e+01,3.992781e+01,3.992781e+01,4.016756e+01,4.007439e+01,4.061905e+01,4.073826e+01,4.035369e+01,4.092345e+01,4.092345e+01,4.038025e+01,4.092345e+01,4.038025e+01,4.039353e+01,4.040681e+01,4.042009e+01,4.043336e+01,4.044664e+01,4.045991e+01,4.047318e+01,4.048645e+01,4.049971e+01,4.105554e+01,4.105554e+01,4.105554e+01,4.105554e+01,4.105554e+01,4.105554e+01,4.105554e+01,4.105554e+01,4.121385e+01,4.177932e+01,4.198902e+01,4.213297e+01,4.213297e+01,4.213297e+01,4.213297e+01,4.213297e+01,4.213297e+01,4.213297e+01,4.213297e+01,4.270695e+01,4.270695e+01,4.270695e+01,4.270695e+01,4.323924e+01,4.322629e+01,4.347216e+01,4.365300e+01,4.365300e+01,4.365300e+01,4.365300e+01,4.445048e+01,4.465540e+01,4.479607e+01,4.471936e+01,4.489828e+01,4.514066e+01,4.563661e+01,4.616840e+01,4.648381e+01,4.671038e+01,4.707452e+01,4.747505e+01,4.787424e+01,4.807334e+01,4.840858e+01,4.855727e+01,4.897758e+01,4.938415e+01,4.951937e+01,5.027873e+01,5.021767e+01,5.068100e+01,5.089986e+01,5.138484e+01,5.157830e+01,5.181969e+01,5.207266e+01,5.232511e+01,5.254110e+01,5.303166e+01,5.324643e+01,5.368674e+01,5.411368e+01,5.464534e+01,5.478674e+01,5.526867e+01,5.556164e+01,5.574878e+01,5.607564e+01,5.607564e+01,5.658759e+01,5.683121e+01,5.705124e+01,5.727090e+01,5.759392e+01,5.803103e+01,5.840944e+01,5.850101e+01,5.885524e+01,5.890088e+01,5.912883e+01,5.965163e+01,5.992357e+01,6.024013e+01,6.019495e+01,6.033044e+01,6.063477e+01,6.110681e+01,6.136459e+01,6.164424e+01,6.186753e+01,6.216839e+01,6.240193e+01,6.245747e+01,6.266833e+01,6.294529e+01,6.315539e+01,6.327688e+01,6.364070e+01,6.353056e+01,6.410235e+01,6.387172e+01,6.417914e+01,6.447492e+01,6.461710e+01,6.474822e+01,6.487922e+01,6.495557e+01,6.517350e+01,6.532584e+01,6.556490e+01,6.538021e+01,6.563003e+01,6.576019e+01,6.574934e+01,6.597684e+01,6.620398e+01,6.597684e+01,6.603096e+01,6.620398e+01,6.633360e+01,6.662481e+01,6.661404e+01,6.676480e+01,6.648467e+01,6.652781e+01,6.657092e+01,6.667867e+01,6.685088e+01,6.694766e+01,6.710881e+01,6.724832e+01,6.723759e+01,6.696915e+01,6.701214e+01,6.751622e+01,6.754833e+01,6.718394e+01,6.721613e+01,6.733411e+01,6.707659e+01,6.728049e+01,6.741984e+01,6.740912e+01,6.750552e+01,6.771948e+01,6.743055e+01,6.745197e+01,6.766602e+01,6.770879e+01,6.766602e+01,6.765533e+01,6.771948e+01,6.780498e+01,6.787975e+01,6.797581e+01,6.765533e+01,6.773017e+01,6.780498e+01,6.781566e+01,6.782635e+01,6.784771e+01,6.797581e+01,6.818907e+01,6.822103e+01,6.823168e+01,6.787975e+01,6.802916e+01,6.803983e+01,6.805049e+01,6.807182e+01,6.817841e+01,6.823168e+01,6.825298e+01,6.822103e+01,6.814645e+01,6.821038e+01,6.831687e+01,6.832751e+01,6.833816e+01,6.854024e+01,6.855087e+01,6.856149e+01,6.857212e+01,6.814645e+01,6.831687e+01,6.832751e+01,6.833816e+01,6.801849e+01,6.814645e+01,6.828493e+01,6.829558e+01,6.847646e+01,6.848709e+01,6.835944e+01,6.828493e+01,6.847646e+01,6.848709e+01,6.849772e+01,6.826363e+01,6.826363e+01,6.830622e+01,6.830622e+01,6.830622e+01,6.825298e+01,6.831687e+01,6.852961e+01,6.856149e+01,6.856149e+01,6.843391e+01,6.852961e+01,6.835944e+01,6.847646e+01,6.847646e+01,6.852961e+01,6.859337e+01,6.858275e+01,6.832751e+01,6.875265e+01,6.831687e+01,6.830622e+01,6.840201e+01,6.882691e+01,6.882691e+01,6.882691e+01,6.839137e+01,6.881631e+01,6.848709e+01,6.848709e+01,6.848709e+01,6.848709e+01,6.867834e+01,6.885873e+01,6.884812e+01,6.841264e+01,6.840201e+01,6.882691e+01,6.882691e+01,6.861462e+01,6.883752e+01,6.885873e+01,6.885873e+01,6.891174e+01,6.891174e+01,6.891174e+01,6.893294e+01,6.885873e+01,6.898592e+01,6.916592e+01,6.915534e+01,6.915534e+01,6.915534e+01,6.917651e+01,6.917651e+01,6.917651e+01,6.936683e+01,6.912359e+01,6.904948e+01,6.903889e+01,6.902830e+01,6.901771e+01,6.900711e+01,6.902830e+01,6.911301e+01,6.911301e+01,6.910242e+01,6.909184e+01,6.908125e+01,6.907066e+01,6.906007e+01,6.904948e+01,6.903889e+01,6.902830e+01,6.901771e+01,6.900711e+01,6.899652e+01,6.898592e+01,6.897533e+01,6.896473e+01,6.895413e+01,6.894353e+01,6.881631e+01,6.874203e+01,6.828493e+01,6.827428e+01,6.782635e+01,6.800783e+01,6.787975e+01,6.780498e+01,6.778361e+01,6.732338e+01,6.730194e+01,6.717322e+01,6.709807e+01,6.707659e+01,6.650624e+01,6.643073e+01,6.640916e+01,6.594437e+01,6.580354e+01,6.572765e+01,6.569512e+01,6.521704e+01,6.507548e+01,6.455150e+01,6.440924e+01,6.432163e+01,6.387172e+01,6.372875e+01,6.318853e+01,6.304485e+01,6.288994e+01,6.286780e+01,6.241304e+01,6.226853e+01,6.165541e+01,6.138699e+01,6.128619e+01,6.067980e+01,6.051087e+01,6.024013e+01,5.995752e+01,5.949274e+01,5.941322e+01,5.909467e+01,5.880959e+01,5.834072e+01,5.818023e+01,5.778965e+01,5.710908e+01,5.693549e+01,5.640166e+01,5.623875e+01,5.592399e+01,5.531559e+01,5.515129e+01,5.501030e+01,5.433843e+01,5.405447e+01,5.387667e+01,5.354411e+01,5.311523e+01,5.262498e+01,5.202452e+01,5.179558e+01,5.150578e+01,5.122743e+01,5.088771e+01,5.057142e+01,5.022988e+01,4.948251e+01,4.929802e+01,4.901460e+01,4.874289e+01,4.837137e+01,4.804847e+01,4.762490e+01,4.724992e+01,4.676068e+01,4.652160e+01,4.637035e+01,4.587748e+01,4.542068e+01,4.531893e+01,4.521709e+01,4.511517e+01,4.464260e+01,4.451455e+01,4.451455e+01,4.398809e+01,4.385932e+01,4.374331e+01,4.374331e+01,4.374331e+01,4.321333e+01,4.295393e+01,4.310964e+01,4.291497e+01,4.215912e+01,4.208064e+01,4.173996e+01,4.209373e+01,4.177932e+01,4.177932e+01,4.177932e+01,4.177932e+01,4.177932e+01,4.177932e+01,4.177932e+01,4.177932e+01,4.177932e+01,4.177932e+01,4.177932e+01,4.177932e+01,4.177932e+01,4.177932e+01,4.177932e+01,4.177932e+01,4.177932e+01,4.177932e+01,4.177932e+01,4.177932e+01,4.177932e+01,4.177932e+01,4.177932e+01,4.177932e+01,4.177932e+01,4.177932e+01,4.214605e+01,4.214605e+01,4.214605e+01,4.164807e+01,4.164807e+01,4.164807e+01,4.164807e+01,4.164807e+01,4.164807e+01,4.164807e+01,4.164807e+01,4.164807e+01,4.164807e+01,4.164807e+01,4.164807e+01,4.164807e+01,4.164807e+01,4.164807e+01,4.164807e+01,4.164807e+01,4.164807e+01,4.164807e+01,4.164807e+01,4.164807e+01,4.164807e+01,4.164807e+01,4.164807e+01,4.218526e+01,4.230285e+01,4.230285e+01,4.176620e+01,4.213297e+01,4.208064e+01,4.219834e+01,4.219834e+01,4.219834e+01,4.219834e+01,4.219834e+01,4.219834e+01,4.219834e+01,4.273298e+01,4.268092e+01,4.258978e+01,4.271996e+01,4.260281e+01,4.297990e+01,4.303181e+01,4.258978e+01,4.296691e+01,4.296691e+01,4.349801e+01,4.354969e+01,4.317446e+01,4.340751e+01,4.340751e+01,4.340751e+01,4.340751e+01,4.340751e+01,4.340751e+01,4.340751e+01,4.340751e+01,4.340751e+01,4.340751e+01,4.340751e+01,4.340751e+01,4.340751e+01,4.340751e+01,4.340751e+01,4.340751e+01,4.340751e+01,4.340751e+01,4.340751e+01,4.340751e+01,4.340751e+01,4.340751e+01,4.340751e+01,4.340751e+01,4.340751e+01,4.340751e+01,4.340751e+01,4.340751e+01,4.340751e+01,4.340751e+01,4.340751e+01,4.340751e+01,4.340751e+01,4.340751e+01,4.340751e+01,4.394947e+01,4.394947e+01,4.394947e+01,4.394947e+01,4.394947e+01,4.447611e+01,4.456579e+01,4.457859e+01,4.461700e+01,4.474494e+01,4.471936e+01,4.498763e+01,4.461700e+01,4.494934e+01,4.494934e+01,4.494934e+01,4.494934e+01,4.494934e+01,4.494934e+01,4.494934e+01,4.494934e+01,4.494934e+01,4.494934e+01,4.494934e+01,4.494934e+01,4.494934e+01,4.468099e+01,4.468099e+01,4.468099e+01,4.468099e+01,4.468099e+01,4.430939e+01,4.430939e+01,4.430939e+01,4.430939e+01,4.430939e+01,4.430939e+01,4.430939e+01,4.398809e+01,4.398809e+01,4.398809e+01,4.398809e+01,4.398809e+01,4.398809e+01,4.348509e+01,4.348509e+01,4.348509e+01,4.348509e+01,4.348509e+01,4.348509e+01,4.348509e+01,4.295393e+01,4.331693e+01,4.282401e+01,4.282401e+01,4.282401e+01,4.282401e+01,4.282401e+01,4.282401e+01,4.282401e+01,4.238118e+01,4.238118e+01,4.238118e+01,4.238118e+01,4.238118e+01,4.183178e+01,4.183178e+01,4.183178e+01,4.183178e+01,4.183178e+01,4.129292e+01,4.124021e+01
3.534114e+01,3.534114e+01,3.534114e+01,3.590948e+01,3.590948e+01,3.590948e+01,3.590948e+01,3.590948e+01,3.590948e+01,3.590948e+01,3.650238e+01,3.650238e+01,3.650238e+01,3.706473e+01,3.721512e+01,3.709209e+01,3.696893e+01,3.713311e+01,3.713311e+01,3.713311e+01,3.747440e+01,3.747440e+01,3.747440e+01,3.747440e+01,3.747440e+01,3.747440e+01,3.803182e+01,3.788254e+01,3.796399e+01,3.796399e+01,3.834330e+01,3.834330e+01,3.889640e+01,3.882909e+01,3.881563e+01,3.896367e+01,3.896367e+01,3.896367e+01,3.951371e+01,3.939320e+01,3.929938e+01,3.940659e+01,3.964746e+01,3.972763e+01,3.972763e+01,3.972763e+01,3.972763e+01,3.972763e+01,3.972763e+01,3.972763e+01,3.972763e+01,4.027396e+01,4.030054e+01,4.032712e+01,4.048645e+01,4.061905e+01,4.051298e+01,4.057928e+01,4.072502e+01,4.047318e+01,4.043336e+01,4.049971e+01,4.038025e+01,4.092345e+01,4.043336e+01,4.097630e+01,4.047318e+01,4.047318e+01,4.047318e+01,4.047318e+01,4.047318e+01,4.047318e+01,4.051298e+01,4.102913e+01,4.102913e+01,4.102913e+01,4.102913e+01,4.102913e+01,4.102913e+01,4.102913e+01,4.156924e+01,4.177932e+01,4.177932e+01,4.177932e+01,4.213297e+01,4.213297e+01,4.213297e+01,4.213297e+01,4.213297e+01,4.213297e+01,4.213297e+01,4.270695e+01,4.270695e+01,4.270695e+01,4.270695e+01,4.270695e+01,4.322629e+01,4.322629e+01,4.322629e+01,4.322629e+01,4.365300e+01,4.389796e+01,4.425804e+01,4.425804e+01,4.425804e+01,4.471936e+01,4.524256e+01,4.536982e+01,4.557314e+01,4.600405e+01,4.631990e+01,4.624417e+01,4.668523e+01,4.712466e+01,4.740005e+01,4.768728e+01,4.789914e+01,4.827211e+01,4.861917e+01,4.923647e+01,4.960534e+01,4.959306e+01,4.981388e+01,5.003429e+01,5.047393e+01,5.071750e+01,5.138484e+01,5.132432e+01,5.165076e+01,5.227707e+01,5.272079e+01,5.234913e+01,5.327027e+01,5.362733e+01,5.350842e+01,5.429115e+01,5.453918e+01,5.445656e+01,5.464534e+01,5.491621e+01,5.562015e+01,5.584226e+01,5.578384e+01,5.641329e+01,5.662242e+01,5.692390e+01,5.735173e+01,5.724780e+01,5.740944e+01,5.805400e+01,5.832926e+01,5.836363e+01,5.880959e+01,5.924266e+01,5.911744e+01,5.982166e+01,5.981033e+01,6.003671e+01,6.044324e+01,6.081479e+01,6.110681e+01,6.081479e+01,6.158835e+01,6.146533e+01,6.163306e+01,6.213499e+01,6.194559e+01,6.261288e+01,6.234636e+01,6.267942e+01,6.283457e+01,6.304485e+01,6.337620e+01,6.343135e+01,6.379476e+01,6.357462e+01,6.371775e+01,6.384974e+01,6.443114e+01,6.451868e+01,6.474822e+01,6.455150e+01,6.472638e+01,6.481374e+01,6.499918e+01,6.514083e+01,6.522793e+01,6.506458e+01,6.517350e+01,6.530409e+01,6.536934e+01,6.555405e+01,6.577103e+01,6.555405e+01,6.573850e+01,6.581438e+01,6.580354e+01,6.585773e+01,6.591188e+01,6.603096e+01,6.621478e+01,6.632280e+01,6.649545e+01,6.620398e+01,6.625800e+01,6.624720e+01,6.649545e+01,6.635519e+01,6.644153e+01,6.650624e+01,6.653859e+01,6.658170e+01,6.657092e+01,6.677557e+01,6.691541e+01,6.691541e+01,6.701214e+01,6.671098e+01,6.684013e+01,6.686164e+01,6.707659e+01,6.711954e+01,6.711954e+01,6.711954e+01,6.718394e+01,6.682937e+01,6.690466e+01,6.691541e+01,6.704437e+01,6.711954e+01,6.719468e+01,6.720541e+01,6.721613e+01,6.723759e+01,6.736626e+01,6.714101e+01,6.735554e+01,6.724832e+01,6.731266e+01,6.745197e+01,6.745197e+01,6.745197e+01,6.746268e+01,6.755904e+01,6.760184e+01,6.761254e+01,6.760184e+01,6.759114e+01,6.764463e+01,6.774086e+01,6.774086e+01,6.774086e+01,6.749480e+01,6.768741e+01,6.767671e+01,6.756974e+01,6.763393e+01,6.778361e+01,6.777293e+01,6.769810e+01,6.768741e+01,6.778361e+01,6.746268e+01,6.744126e+01,6.759114e+01,6.756974e+01,6.753763e+01,6.750552e+01,6.766602e+01,6.764463e+01,6.756974e+01,6.755904e+01,6.752692e+01,6.753763e+01,6.750552e+01,6.791177e+01,6.789043e+01,6.793313e+01,6.768741e+01,6.768741e+01,6.765533e+01,6.762324e+01,6.768741e+01,6.765533e+01,6.774086e+01,6.770879e+01,6.773017e+01,6.776224e+01,6.767671e+01,6.780498e+01,6.794380e+01,6.785839e+01,6.782635e+01,6.812513e+01,6.786906e+01,6.783703e+01,6.789043e+01,6.793313e+01,6.812513e+01,6.811447e+01,6.808248e+01,6.805049e+01,6.801849e+01,6.774086e+01,6.787975e+01,6.793313e+01,6.784771e+01,6.805049e+01,6.826363e+01,6.822103e+01,6.786906e+01,6.801849e+01,6.799715e+01,6.839137e+01,6.841264e+01,6.838072e+01,6.834880e+01,6.833816e+01,6.830622e+01,6.840201e+01,6.855087e+01,6.851898e+01,6.848709e+01,6.845518e+01,6.844455e+01,6.841264e+01,6.838072e+01,6.848709e+01,6.847646e+01,6.844455e+01,6.841264e+01,6.838072e+01,6.834880e+01,6.831687e+01,6.830622e+01,6.835944e+01,6.876326e+01,6.874203e+01,6.872080e+01,6.869957e+01,6.867834e+01,6.865710e+01,6.863586e+01,6.861462e+01,6.859337e+01,6.857212e+01,6.855087e+01,6.852961e+01,6.807182e+01,6.803983e+01,6.800783e+01,6.797581e+01,6.815710e+01,6.812513e+01,6.800783e+01,6.748410e+01,6.736626e+01,6.770879e+01,6.756974e+01,6.709807e+01,6.706586e+01,6.694766e+01,6.686164e+01,6.682937e+01,6.679709e+01,6.632280e+01,6.620398e+01,6.611749e+01,6.607423e+01,6.595519e+01,6.541282e+01,6.492286e+01,6.487922e+01,6.520616e+01,6.466083e+01,6.410235e+01,6.399257e+01,6.394864e+01,6.382775e+01,6.326584e+01,6.314434e+01,6.257959e+01,6.253520e+01,6.249079e+01,6.191214e+01,6.178942e+01,6.165541e+01,6.102825e+01,6.101702e+01,6.088224e+01,6.009325e+01,6.000278e+01,5.985564e+01,5.958355e+01,5.935639e+01,5.871824e+01,5.856964e+01,5.829488e+01,5.768607e+01,5.754782e+01,5.722469e+01,5.695864e+01,5.671526e+01,5.612226e+01,5.605232e+01,5.574878e+01,5.502205e+01,5.450378e+01,5.436206e+01,5.414919e+01,5.405447e+01,5.368674e+01,5.287632e+01,5.254110e+01,5.220496e+01,5.186792e+01,5.160246e+01,5.132432e+01,5.104555e+01,5.070533e+01,5.038857e+01,4.953165e+01,4.932264e+01,4.910093e+01,4.882941e+01,4.804847e+01,4.788669e+01,4.758746e+01,4.738755e+01,4.703690e+01,4.643340e+01,4.638297e+01,4.613049e+01,4.595344e+01,4.567467e+01,4.531893e+01,4.479607e+01,4.464260e+01,4.447611e+01,4.447611e+01,4.447611e+01,4.398809e+01,4.398809e+01,4.398809e+01,4.345923e+01,4.332988e+01,4.321333e+01,4.321333e+01,4.268092e+01,4.252463e+01,4.215912e+01,4.187111e+01,4.193663e+01,4.189733e+01,4.177932e+01,4.177932e+01,4.177932e+01,4.177932e+01,4.177932e+01,4.177932e+01,4.177932e+01,4.177932e+01,4.177932e+01,4.177932e+01,4.177932e+01,4.177932e+01,4.177932e+01,4.177932e+01,4.177932e+01,4.177932e+01,4.177932e+01,4.177932e+01,4.177932e+01,4.177932e+01,4.177932e+01,4.177932e+01,4.177932e+01,4.177932e+01,4.177932e+01,4.177932e+01,4.177932e+01,4.177932e+01,4.177932e+01,4.177932e+01,4.177932e+01,4.177932e+01,4.177932e+01,4.177932e+01,4.177932e+01,4.177932e+01,4.177932e+01,4.177932e+01,4.177932e+01,4.177932e+01,4.177932e+01,4.177932e+01,4.177932e+01,4.177932e+01,4.177932e+01,4.177932e+01,4.177932e+01,4.177932e+01,4.177932e+01,4.177932e+01,4.231591e+01,4.183178e+01,4.208064e+01,4.181867e+01,4.188422e+01,4.228979e+01,4.210681e+01,4.215912e+01,4.215912e+01,4.215912e+01,4.215912e+01,4.215912e+01,4.215912e+01,4.215912e+01,4.269394e+01,4.231591e+01,4.255069e+01,4.255069e+01,4.255069e+01,4.255069e+01,4.255069e+01,4.297990e+01,4.278500e+01,4.292796e+01,4.299288e+01,4.323924e+01,4.349801e+01,4.334282e+01,4.317446e+01,4.370461e+01,4.375620e+01,4.327810e+01,4.380777e+01,4.331693e+01,4.331693e+01,4.331693e+01,4.384644e+01,4.335576e+01,4.335576e+01,4.388509e+01,4.391084e+01,4.340751e+01,4.340751e+01,4.340751e+01,4.393660e+01,4.342044e+01,4.342044e+01,4.342044e+01,4.342044e+01,4.342044e+01,4.342044e+01,4.342044e+01,4.342044e+01,4.394947e+01,4.394947e+01,4.342044e+01,4.342044e+01,4.342044e+01,4.342044e+01,4.342044e+01,4.342044e+01,4.342044e+01,4.342044e+01,4.342044e+01,4.394947e+01,4.394947e+01,4.394947e+01,4.394947e+01,4.394947e+01,4.394947e+01,4.403955e+01,4.459140e+01,4.459140e+01,4.459140e+01,4.459140e+01,4.459140e+01,4.511517e+01,4.512791e+01,4.512791e+01,4.512791e+01,4.512791e+01,4.512791e+01,4.512791e+01,4.512791e+01,4.512791e+01,4.512791e+01,4.512791e+01,4.460420e+01,4.457859e+01,4.450174e+01,4.448893e+01,4.448893e+01,4.448893e+01,4.448893e+01,4.448893e+01,4.448893e+01,4.448893e+01,4.448893e+01,4.448893e+01,4.396235e+01,4.393660e+01,4.385932e+01,4.384644e+01,4.384644e+01,4.384644e+01,4.384644e+01,4.384644e+01,4.384644e+01,4.384644e+01,4.384644e+01,4.384644e+01,4.348509e+01,4.348509e+01,4.348509e+01,4.348509e+01,4.295393e+01,4.309667e+01,4.300586e+01,4.300586e+01,4.300586e+01,4.300586e+01,4.247248e+01,4.297990e+01,4.273298e+01,4.256372e+01,4.256372e+01,4.256372e+01,4.202830e+01,4.191043e+01,4.221141e+01,4.222448e+01,4.170059e+01,4.170059e+01,4.170059e+01,4.170059e+01,4.170059e+01
3.534114e+01,3.534114e+01,3.534114e+01,3.590948e+01,3.590948e+01,3.590948e+01,3.590948e+01,3.590948e+01,3.647488e+01,3.606146e+01,3.630970e+01,3.630970e+01,3.630970e+01,3.650238e+01,3.668100e+01,3.726975e+01,3.696893e+01,3.696893e+01,3.752890e+01,3.761061e+01,3.762422e+01,3.762422e+01,3.762422e+01,3.762422e+01,3.762422e+01,3.762422e+01,3.762422e+01,3.762422e+01,3.762422e+01,3.796399e+01,3.834330e+01,3.859996e+01,3.870784e+01,3.870784e+01,3.870784e+01,3.870784e+01,3.925914e+01,3.937980e+01,3.896367e+01,3.955385e+01,3.955385e+01,3.955385e+01,3.955385e+01,3.955385e+01,3.955385e+01,3.955385e+01,4.010102e+01,4.011433e+01,4.012764e+01,4.014095e+01,4.026067e+01,3.987447e+01,3.988781e+01,4.044664e+01,4.044664e+01,4.044664e+01,4.044664e+01,4.044664e+01,4.044664e+01,4.044664e+01,4.044664e+01,4.044664e+01,4.044664e+01,4.044664e+01,4.044664e+01,4.044664e+01,4.044664e+01,4.044664e+01,4.044664e+01,4.044664e+01,4.044664e+01,4.098951e+01,4.057928e+01,4.084412e+01,4.084412e+01,4.084412e+01,4.084412e+01,4.084412e+01,4.084412e+01,4.138510e+01,4.155610e+01,4.155610e+01,4.155610e+01,4.209373e+01,4.215912e+01,4.215912e+01,4.215912e+01,4.215912e+01,4.215912e+01,4.215912e+01,4.215912e+01,4.215912e+01,4.270695e+01,4.270695e+01,4.270695e+01,4.270695e+01,4.270695e+01,4.322629e+01,4.322629e+01,4.322629e+01,4.365300e+01,4.357553e+01,4.379488e+01,4.383355e+01,4.460420e+01,4.443766e+01,4.465540e+01,4.534438e+01,4.526802e+01,4.559853e+01,4.577612e+01,4.602935e+01,4.639558e+01,4.673553e+01,4.703690e+01,4.769976e+01,4.757497e+01,4.797383e+01,4.843337e+01,4.894056e+01,4.918720e+01,4.974032e+01,4.974032e+01,5.003429e+01,5.030315e+01,5.076616e+01,5.071750e+01,5.131221e+01,5.134853e+01,5.189202e+01,5.204859e+01,5.268488e+01,5.288828e+01,5.312716e+01,5.336558e+01,5.355600e+01,5.372237e+01,5.426750e+01,5.462175e+01,5.459817e+01,5.502205e+01,5.531559e+01,5.554993e+01,5.600567e+01,5.630860e+01,5.623875e+01,5.643654e+01,5.698180e+01,5.724780e+01,5.730555e+01,5.750171e+01,5.823757e+01,5.814582e+01,5.835218e+01,5.858108e+01,5.906049e+01,5.914022e+01,5.959490e+01,6.004802e+01,6.042068e+01,6.012716e+01,6.027400e+01,6.082603e+01,6.090471e+01,6.129739e+01,6.153245e+01,6.175593e+01,6.213499e+01,6.219065e+01,6.206818e+01,6.230189e+01,6.260178e+01,6.240193e+01,6.313329e+01,6.277918e+01,6.296742e+01,6.318853e+01,6.355259e+01,6.340929e+01,6.355259e+01,6.414623e+01,6.377276e+01,6.401453e+01,6.416817e+01,6.442019e+01,6.417914e+01,6.477007e+01,6.483557e+01,6.449680e+01,6.469360e+01,6.482465e+01,6.507548e+01,6.491195e+01,6.496648e+01,6.520616e+01,6.533672e+01,6.539108e+01,6.549974e+01,6.560832e+01,6.528233e+01,6.552147e+01,6.568427e+01,6.577103e+01,6.576019e+01,6.586856e+01,6.551060e+01,6.568427e+01,6.573850e+01,6.587939e+01,6.599850e+01,6.564088e+01,6.572765e+01,6.577103e+01,6.602014e+01,6.620398e+01,6.624720e+01,6.625800e+01,6.624720e+01,6.597684e+01,6.604178e+01,6.630120e+01,6.638757e+01,6.643073e+01,6.647388e+01,6.644153e+01,6.633360e+01,6.645232e+01,6.606342e+01,6.622559e+01,6.633360e+01,6.644153e+01,6.648467e+01,6.652781e+01,6.658170e+01,6.662481e+01,6.661404e+01,6.686164e+01,6.689391e+01,6.654937e+01,6.671098e+01,6.673251e+01,6.675404e+01,6.678633e+01,6.690466e+01,6.696915e+01,6.700140e+01,6.702289e+01,6.704437e+01,6.667867e+01,6.678633e+01,6.679709e+01,6.671098e+01,6.684013e+01,6.704437e+01,6.705511e+01,6.706586e+01,6.670020e+01,6.686164e+01,6.687240e+01,6.688315e+01,6.689391e+01,6.690466e+01,6.689391e+01,6.690466e+01,6.706586e+01,6.707659e+01,6.708733e+01,6.709807e+01,6.682937e+01,6.726977e+01,6.684013e+01,6.684013e+01,6.684013e+01,6.685088e+01,6.707659e+01,6.682937e+01,6.701214e+01,6.696915e+01,6.695841e+01,6.695841e+01,6.695841e+01,6.695841e+01,6.702289e+01,6.702289e+01,6.710881e+01,6.710881e+01,6.713028e+01,6.716248e+01,6.716248e+01,6.729121e+01,6.699065e+01,6.697990e+01,6.706586e+01,6.723759e+01,6.722687e+01,6.721613e+01,6.725905e+01,6.729121e+01,6.703363e+01,6.721613e+01,6.719468e+01,6.717322e+01,6.708733e+01,6.707659e+01,6.719468e+01,6.722687e+01,6.720541e+01,6.738769e+01,6.714101e+01,6.719468e+01,6.725905e+01,6.738769e+01,6.717322e+01,6.734483e+01,6.754833e+01,6.752692e+01,6.750552e+01,6.748410e+01,6.790110e+01,6.754833e+01,6.767671e+01,6.765533e+01,6.763393e+01,6.761254e+01,6.759114e+01,6.756974e+01,6.754833e+01,6.763393e+01,6.805049e+01,6.760184e+01,6.801849e+01,6.756974e+01,6.798649e+01,6.797581e+01,6.796514e+01,6.767671e+01,6.785839e+01,6.784771e+01,6.783703e+01,6.782635e+01,6.781566e+01,6.780498e+01,6.779430e+01,6.778361e+01,6.777293e+01,6.776224e+01,6.775155e+01,6.765533e+01,6.754833e+01,6.753763e+01,6.752692e+01,6.751622e+01,6.724832e+01,6.722687e+01,6.713028e+01,6.702289e+01,6.710881e+01,6.690466e+01,6.680785e+01,6.670020e+01,6.667867e+01,6.665713e+01,6.620398e+01,6.618236e+01,6.608505e+01,6.597684e+01,6.595519e+01,6.548888e+01,6.546716e+01,6.492286e+01,6.492286e+01,6.481374e+01,6.451868e+01,6.427780e+01,6.397061e+01,6.386073e+01,6.382775e+01,6.337620e+01,6.326584e+01,6.270160e+01,6.259069e+01,6.245747e+01,6.200133e+01,6.188984e+01,6.176709e+01,6.130859e+01,6.073606e+01,6.061226e+01,6.012716e+01,6.000278e+01,5.987828e+01,5.941322e+01,5.932228e+01,5.884383e+01,5.871824e+01,5.812287e+01,5.803103e+01,5.775513e+01,5.754782e+01,5.691232e+01,5.676165e+01,5.661081e+01,5.628532e+01,5.598234e+01,5.533904e+01,5.505731e+01,5.469249e+01,5.451558e+01,5.403078e+01,5.399523e+01,5.332985e+01,5.304360e+01,5.268488e+01,5.236114e+01,5.202452e+01,5.168699e+01,5.142113e+01,5.114259e+01,5.036417e+01,5.020545e+01,4.991189e+01,4.938415e+01,4.938415e+01,4.859442e+01,4.880469e+01,4.823487e+01,4.787424e+01,4.759994e+01,4.719983e+01,4.684864e+01,4.662232e+01,4.662232e+01,4.613049e+01,4.575077e+01,4.547152e+01,4.512791e+01,4.498763e+01,4.498763e+01,4.447611e+01,4.447611e+01,4.447611e+01,4.398809e+01,4.398809e+01,4.345923e+01,4.383355e+01,4.321333e+01,4.321333e+01,4.321333e+01,4.268092e+01,4.231591e+01,4.248552e+01,4.234202e+01,4.184489e+01,4.184489e+01,4.184489e+01,4.184489e+01,4.184489e+01,4.130609e+01,4.181867e+01,4.181867e+01,4.181867e+01,4.181867e+01,4.181867e+01,4.181867e+01,4.181867e+01,4.181867e+01,4.181867e+01,4.181867e+01,4.181867e+01,4.181867e+01,4.181867e+01,4.181867e+01,4.181867e+01,4.181867e+01,4.181867e+01,4.235508e+01,4.183178e+01,4.183178e+01,4.183178e+01,4.183178e+01,4.236813e+01,4.236813e+01,4.183178e+01,4.183178e+01,4.183178e+01,4.183178e+01,4.183178e+01,4.183178e+01,4.183178e+01,4.183178e+01,4.183178e+01,4.183178e+01,4.183178e+01,4.183178e+01,4.183178e+01,4.183178e+01,4.183178e+01,4.183178e+01,4.183178e+01,4.183178e+01,4.183178e+01,4.183178e+01,4.236813e+01,4.197593e+01,4.243336e+01,4.214605e+01,4.217220e+01,4.217220e+01,4.217220e+01,4.217220e+01,4.217220e+01,4.217220e+01,4.217220e+01,4.217220e+01,4.217220e+01,4.217220e+01,4.217220e+01,4.217220e+01,4.269394e+01,4.232896e+01,4.286300e+01,4.288898e+01,4.291497e+01,4.294094e+01,4.305776e+01,4.320038e+01,4.320038e+01,4.320038e+01,4.320038e+01,4.320038e+01,4.320038e+01,4.373041e+01,4.367881e+01,4.331693e+01,4.378199e+01,4.370461e+01,4.375620e+01,4.351093e+01,4.351093e+01,4.351093e+01,4.351093e+01,4.351093e+01,4.403955e+01,4.364009e+01,4.343337e+01,4.380777e+01,4.383355e+01,4.396235e+01,4.391084e+01,4.361427e+01,4.361427e+01,4.361427e+01,4.361427e+01,4.361427e+01,4.361427e+01,4.361427e+01,4.361427e+01,4.361427e+01,4.361427e+01,4.361427e+01,4.361427e+01,4.361427e+01,4.361427e+01,4.361427e+01,4.361427e+01,4.361427e+01,4.414242e+01,4.374331e+01,4.393660e+01,4.393660e+01,4.393660e+01,4.393660e+01,4.446329e+01,4.445048e+01,4.457859e+01,4.470657e+01,4.470657e+01,4.470657e+01,4.470657e+01,4.470657e+01,4.470657e+01,4.512791e+01,4.512791e+01,4.512791e+01,4.512791e+01,4.512791e+01,4.512791e+01,4.512791e+01,4.512791e+01,4.512791e+01,4.512791e+01,4.512791e+01,4.457859e+01,4.457859e+01,4.457859e+01,4.457859e+01,4.457859e+01,4.457859e+01,4.457859e+01,4.457859e+01,4.457859e+01,4.457859e+01,4.457859e+01,4.448893e+01,4.445048e+01,4.436071e+01,4.433505e+01,4.432222e+01,4.430939e+01,4.376910e+01,4.376910e+01,4.376910e+01,4.376910e+01,4.376910e+01,4.376910e+01,4.348509e+01,4.348509e+01,4.348509e+01,4.348509e+01,4.348509e+01,4.348509e+01,4.348509e+01,4.300586e+01,4.300586e+01,4.300586e+01,4.300586e+01,4.247248e+01,4.249856e+01,4.249856e+01,4.249856e+01,4.249856e+01,4.249856e+01,4.191043e+01,4.219834e+01,4.197593e+01,4.189733e+01,4.189733e+01,4.189733e+01,4.135877e+01,4.133244e+01
3.534114e+01,3.534114e+01,3.534114e+01,3.590948e+01,3.590948e+01,3.590948e+01,3.590948e+01,3.590948e+01,3.647488e+01,3.663980e+01,3.661234e+01,3.663980e+01,3.666727e+01,3.669473e+01,3.694154e+01,3.691414e+01,3.688674e+01,3.713311e+01,3.732436e+01,3.732436e+01,3.732436e+01,3.732436e+01,3.732436e+01,3.732436e+01,3.732436e+01,3.762422e+01,3.762422e+01,3.818090e+01,3.773306e+01,3.816735e+01,3.831625e+01,3.831625e+01,3.831625e+01,3.870784e+01,3.870784e+01,3.925914e+01,3.882909e+01,3.941999e+01,3.923232e+01,3.935300e+01,3.935300e+01,3.935300e+01,3.935300e+01,3.935300e+01,3.990114e+01,4.002111e+01,3.966082e+01,3.970091e+01,3.968755e+01,4.027396e+01,4.006107e+01,3.990114e+01,4.014095e+01,4.024737e+01,4.024737e+01,4.024737e+01,4.024737e+01,4.079120e+01,4.027396e+01,4.081766e+01,4.083089e+01,4.084412e+01,4.085734e+01,4.087056e+01,4.034040e+01,4.034040e+01,4.088379e+01,4.084412e+01,4.084412e+01,4.084412e+01,4.096309e+01,4.087056e+01,4.060579e+01,4.060579e+01,4.060579e+01,4.060579e+01,4.060579e+01,4.114791e+01,4.126657e+01,4.137194e+01,4.137194e+01,4.137194e+01,4.191043e+01,4.208064e+01,4.208064e+01,4.208064e+01,4.208064e+01,4.208064e+01,4.208064e+01,4.208064e+01,4.261583e+01,4.221141e+01,4.251160e+01,4.304479e+01,4.304479e+01,4.304479e+01,4.262885e+01,4.295393e+01,4.295393e+01,4.358844e+01,4.364009e+01,4.364009e+01,4.364009e+01,4.416813e+01,4.406528e+01,4.410386e+01,4.443766e+01,4.493658e+01,4.498763e+01,4.517888e+01,4.539525e+01,4.621892e+01,4.658456e+01,4.692398e+01,4.722488e+01,4.699928e+01,4.761242e+01,4.764986e+01,4.802359e+01,4.827211e+01,4.876761e+01,4.906394e+01,4.916256e+01,5.000982e+01,4.994862e+01,5.010767e+01,5.035197e+01,5.064448e+01,5.092415e+01,5.121531e+01,5.161454e+01,5.200044e+01,5.224102e+01,5.251711e+01,5.279260e+01,5.301972e+01,5.342512e+01,5.387667e+01,5.414919e+01,5.390039e+01,5.432661e+01,5.502205e+01,5.536249e+01,5.522173e+01,5.545625e+01,5.597067e+01,5.579553e+01,5.634350e+01,5.654113e+01,5.712065e+01,5.705124e+01,5.754782e+01,5.759392e+01,5.784716e+01,5.830635e+01,5.850101e+01,5.880959e+01,5.918576e+01,5.921990e+01,5.934502e+01,5.948138e+01,5.985564e+01,6.017236e+01,6.047706e+01,6.040941e+01,6.057847e+01,6.102825e+01,6.117410e+01,6.127499e+01,6.136459e+01,6.165541e+01,6.188984e+01,6.211273e+01,6.212386e+01,6.210159e+01,6.233524e+01,6.277918e+01,6.245747e+01,6.264616e+01,6.301167e+01,6.330999e+01,6.340929e+01,6.313329e+01,6.382775e+01,6.353056e+01,6.367373e+01,6.403649e+01,6.401453e+01,6.399257e+01,6.423396e+01,6.401453e+01,6.419010e+01,6.423396e+01,6.437640e+01,6.454057e+01,6.471545e+01,6.481374e+01,6.451868e+01,6.498829e+01,6.504279e+01,6.471545e+01,6.491195e+01,6.503189e+01,6.506458e+01,6.507548e+01,6.498829e+01,6.519527e+01,6.483557e+01,6.499918e+01,6.502099e+01,6.493376e+01,6.504279e+01,6.517350e+01,6.534760e+01,6.510816e+01,6.533672e+01,6.536934e+01,6.529321e+01,6.527145e+01,6.542369e+01,6.560832e+01,6.571681e+01,6.578187e+01,6.584689e+01,6.542369e+01,6.560832e+01,6.563003e+01,6.554318e+01,6.571681e+01,6.583605e+01,6.551060e+01,6.555405e+01,6.559747e+01,6.565173e+01,6.569512e+01,6.578187e+01,6.595519e+01,6.591188e+01,6.589022e+01,6.605260e+01,6.607423e+01,6.609586e+01,6.568427e+01,6.598767e+01,6.605260e+01,6.608505e+01,6.610668e+01,6.603096e+01,6.609586e+01,6.620398e+01,6.621478e+01,6.621478e+01,6.590105e+01,6.609586e+01,6.609586e+01,6.600932e+01,6.607423e+01,6.622559e+01,6.622559e+01,6.622559e+01,6.622559e+01,6.622559e+01,6.621478e+01,6.621478e+01,6.636598e+01,6.636598e+01,6.636598e+01,6.630120e+01,6.644153e+01,6.614993e+01,6.621478e+01,6.620398e+01,6.619317e+01,6.629041e+01,6.638757e+01,6.636598e+01,6.609586e+01,6.651702e+01,6.606342e+01,6.648467e+01,6.647388e+01,6.646310e+01,6.651702e+01,6.650624e+01,6.658170e+01,6.657092e+01,6.658170e+01,6.660326e+01,6.659248e+01,6.664635e+01,6.662481e+01,6.661404e+01,6.668944e+01,6.640916e+01,6.638757e+01,6.636598e+01,6.638757e+01,6.678633e+01,6.676480e+01,6.650624e+01,6.648467e+01,6.646310e+01,6.644153e+01,6.641994e+01,6.651702e+01,6.652781e+01,6.650624e+01,6.662481e+01,6.660326e+01,6.663558e+01,6.667867e+01,6.678633e+01,6.676480e+01,6.691541e+01,6.665713e+01,6.706586e+01,6.704437e+01,6.681861e+01,6.693691e+01,6.685088e+01,6.695841e+01,6.693691e+01,6.691541e+01,6.689391e+01,6.731266e+01,6.730194e+01,6.729121e+01,6.702289e+01,6.714101e+01,6.718394e+01,6.730194e+01,6.734483e+01,6.705511e+01,6.704437e+01,6.697990e+01,6.710881e+01,6.728049e+01,6.726977e+01,6.725905e+01,6.724832e+01,6.723759e+01,6.722687e+01,6.721613e+01,6.720541e+01,6.719468e+01,6.718394e+01,6.717322e+01,6.716248e+01,6.715175e+01,6.714101e+01,6.713028e+01,6.662481e+01,6.660326e+01,6.659248e+01,6.658170e+01,6.657092e+01,6.664635e+01,6.619317e+01,6.617155e+01,6.614993e+01,6.568427e+01,6.573850e+01,6.565173e+01,6.563003e+01,6.516261e+01,6.512994e+01,6.503189e+01,6.494467e+01,6.484648e+01,6.475915e+01,6.431068e+01,6.423396e+01,6.409137e+01,6.349749e+01,6.347545e+01,6.344238e+01,6.288994e+01,6.280134e+01,6.269051e+01,6.214613e+01,6.211273e+01,6.200133e+01,6.144295e+01,6.140937e+01,6.083728e+01,6.098334e+01,6.029658e+01,6.017236e+01,6.001409e+01,5.954950e+01,5.942458e+01,5.883242e+01,5.870681e+01,5.858108e+01,5.801955e+01,5.789315e+01,5.770909e+01,5.721313e+01,5.708595e+01,5.678485e+01,5.630860e+01,5.622711e+01,5.558504e+01,5.530386e+01,5.511606e+01,5.488091e+01,5.423202e+01,5.410184e+01,5.390039e+01,5.321066e+01,5.301972e+01,5.290023e+01,5.250512e+01,5.218092e+01,5.184381e+01,5.150578e+01,5.123954e+01,5.048612e+01,5.022988e+01,5.000982e+01,4.923647e+01,4.910093e+01,4.898993e+01,4.860680e+01,4.807334e+01,4.787424e+01,4.774963e+01,4.741256e+01,4.701182e+01,4.686120e+01,4.634513e+01,4.623154e+01,4.602935e+01,4.556044e+01,4.528075e+01,4.514066e+01,4.461700e+01,4.450174e+01,4.433505e+01,4.433505e+01,4.433505e+01,4.433505e+01,4.398809e+01,4.379488e+01,4.370461e+01,4.342044e+01,4.342044e+01,4.288898e+01,4.257675e+01,4.232896e+01,4.232896e+01,4.179244e+01,4.164807e+01,4.164807e+01,4.164807e+01,4.164807e+01,4.164807e+01,4.164807e+01,4.164807e+01,4.164807e+01,4.164807e+01,4.164807e+01,4.164807e+01,4.164807e+01,4.164807e+01,4.164807e+01,4.164807e+01,4.164807e+01,4.164807e+01,4.218526e+01,4.219834e+01,4.221141e+01,4.222448e+01,4.223754e+01,4.235508e+01,4.230285e+01,4.204139e+01,4.204139e+01,4.204139e+01,4.204139e+01,4.204139e+01,4.204139e+01,4.204139e+01,4.204139e+01,4.204139e+01,4.204139e+01,4.204139e+01,4.204139e+01,4.204139e+01,4.204139e+01,4.204139e+01,4.204139e+01,4.204139e+01,4.204139e+01,4.204139e+01,4.204139e+01,4.204139e+01,4.204139e+01,4.204139e+01,4.204139e+01,4.204139e+01,4.204139e+01,4.204139e+01,4.204139e+01,4.204139e+01,4.204139e+01,4.257675e+01,4.258978e+01,4.260281e+01,4.264187e+01,4.268092e+01,4.271996e+01,4.222448e+01,4.275899e+01,4.278500e+01,4.281101e+01,4.230285e+01,4.255069e+01,4.252463e+01,4.255069e+01,4.265489e+01,4.265489e+01,4.265489e+01,4.294094e+01,4.294094e+01,4.294094e+01,4.347216e+01,4.348509e+01,4.349801e+01,4.351093e+01,4.362718e+01,4.387220e+01,4.361427e+01,4.353678e+01,4.357553e+01,4.357553e+01,4.357553e+01,4.357553e+01,4.357553e+01,4.357553e+01,4.357553e+01,4.410386e+01,4.398809e+01,4.365300e+01,4.365300e+01,4.379488e+01,4.379488e+01,4.379488e+01,4.379488e+01,4.379488e+01,4.379488e+01,4.379488e+01,4.379488e+01,4.379488e+01,4.379488e+01,4.379488e+01,4.379488e+01,4.379488e+01,4.379488e+01,4.379488e+01,4.379488e+01,4.379488e+01,4.379488e+01,4.379488e+01,4.379488e+01,4.379488e+01,4.379488e+01,4.379488e+01,4.432222e+01,4.433505e+01,4.434788e+01,4.446329e+01,4.460420e+01,4.460420e+01,4.460420e+01,4.460420e+01,4.460420e+01,4.460420e+01,4.512791e+01,4.514066e+01,4.528075e+01,4.489828e+01,4.489828e+01,4.542068e+01,4.491105e+01,4.491105e+01,4.491105e+01,4.491105e+01,4.491105e+01,4.491105e+01,4.491105e+01,4.491105e+01,4.491105e+01,4.491105e+01,4.491105e+01,4.491105e+01,4.491105e+01,4.491105e+01,4.457859e+01,4.457859e+01,4.457859e+01,4.457859e+01,4.457859e+01,4.405242e+01,4.403955e+01,4.403955e+01,4.403955e+01,4.403955e+01,4.392372e+01,4.430939e+01,4.379488e+01,4.379488e+01,4.379488e+01,4.379488e+01,4.379488e+01,4.348509e+01,4.348509e+01,4.348509e+01,4.348509e+01,4.348509e+01,4.348509e+01,4.295393e+01,4.335576e+01,4.282401e+01,4.282401e+01,4.282401e+01,4.282401e+01,4.282401e+01,4.282401e+01,4.249856e+01,4.249856e+01,4.249856e+01,4.191043e+01,4.218526e+01,4.218526e+01,4.218526e+01,4.218526e+01,4.189733e+01,4.156924e+01,4.156924e+01
3.534114e+01,3.534114e+01,3.534114e+01,3.534114e+01,3.590948e+01,3.590948e+01,3.590948e+01,3.590948e+01,3.647488e+01,3.647488e+01,3.647488e+01,3.647488e+01,3.647488e+01,3.647488e+01,3.694154e+01,3.694154e+01,3.694154e+01,3.694154e+01,3.732436e+01,3.732436e+01,3.732436e+01,3.732436e+01,3.732436e+01,3.732436e+01,3.788254e+01,3.790970e+01,3.803182e+01,3.796399e+01,3.808606e+01,3.819444e+01,3.819444e+01,3.819444e+01,3.819444e+01,3.870784e+01,3.896367e+01,3.890985e+01,3.896367e+01,3.920548e+01,3.920548e+01,3.920548e+01,3.920548e+01,3.975434e+01,3.974099e+01,3.931279e+01,3.964746e+01,3.955385e+01,3.952709e+01,3.952709e+01,4.007439e+01,4.024737e+01,4.024737e+01,4.024737e+01,4.024737e+01,4.024737e+01,4.024737e+01,4.024737e+01,4.079120e+01,4.073826e+01,4.068529e+01,4.079120e+01,4.079120e+01,4.079120e+01,4.079120e+01,4.079120e+01,4.079120e+01,4.079120e+01,4.079120e+01,4.079120e+01,4.079120e+01,4.079120e+01,4.079120e+01,4.079120e+01,4.079120e+01,4.079120e+01,4.079120e+01,4.079120e+01,4.079120e+01,4.079120e+01,4.079120e+01,4.083089e+01,4.137194e+01,4.108194e+01,4.127974e+01,4.200212e+01,4.200212e+01,4.200212e+01,4.200212e+01,4.200212e+01,4.200212e+01,4.200212e+01,4.208064e+01,4.214605e+01,4.264187e+01,4.283701e+01,4.283701e+01,4.283701e+01,4.283701e+01,4.283701e+01,4.283701e+01,4.305776e+01,4.313557e+01,4.369171e+01,4.339457e+01,4.371751e+01,4.428371e+01,4.448893e+01,4.432222e+01,4.461700e+01,4.468099e+01,4.488551e+01,4.571273e+01,4.580146e+01,4.623154e+01,4.659715e+01,4.676068e+01,4.699928e+01,4.741256e+01,4.764986e+01,4.801115e+01,4.797383e+01,4.837137e+01,4.903927e+01,4.884176e+01,4.937185e+01,4.942104e+01,4.962989e+01,4.997311e+01,5.079048e+01,5.110621e+01,5.089986e+01,5.120319e+01,5.150578e+01,5.184381e+01,5.218092e+01,5.232511e+01,5.278064e+01,5.310329e+01,5.346083e+01,5.359167e+01,5.374612e+01,5.409000e+01,5.417286e+01,5.491621e+01,5.496326e+01,5.529213e+01,5.513955e+01,5.536249e+01,5.566694e+01,5.608730e+01,5.642492e+01,5.664564e+01,5.690074e+01,5.703967e+01,5.746711e+01,5.768607e+01,5.797360e+01,5.798509e+01,5.859252e+01,5.867253e+01,5.884383e+01,5.919714e+01,5.901490e+01,5.939049e+01,5.962894e+01,6.013846e+01,6.039813e+01,6.019495e+01,6.039813e+01,6.055594e+01,6.073606e+01,6.108437e+01,6.125257e+01,6.107314e+01,6.127499e+01,6.136459e+01,6.176709e+01,6.196789e+01,6.194559e+01,6.234636e+01,6.215726e+01,6.239082e+01,6.241304e+01,6.255740e+01,6.301167e+01,6.298954e+01,6.288994e+01,6.303379e+01,6.307802e+01,6.316644e+01,6.334310e+01,6.338723e+01,6.360767e+01,6.369574e+01,6.388271e+01,6.364070e+01,6.386073e+01,6.388271e+01,6.402551e+01,6.382775e+01,6.393765e+01,6.406942e+01,6.431068e+01,6.402551e+01,6.424492e+01,6.428876e+01,6.432163e+01,6.440924e+01,6.431068e+01,6.450774e+01,6.456244e+01,6.459524e+01,6.426684e+01,6.443114e+01,6.452962e+01,6.458430e+01,6.474822e+01,6.436544e+01,6.455150e+01,6.457337e+01,6.474822e+01,6.450774e+01,6.480282e+01,6.487922e+01,6.482465e+01,6.489013e+01,6.508637e+01,6.467175e+01,6.467175e+01,6.484648e+01,6.489013e+01,6.486831e+01,6.491195e+01,6.495557e+01,6.501009e+01,6.505368e+01,6.514083e+01,6.531496e+01,6.531496e+01,6.531496e+01,6.503189e+01,6.523881e+01,6.514083e+01,6.523881e+01,6.547802e+01,6.553233e+01,6.555405e+01,6.556490e+01,6.555405e+01,6.516261e+01,6.526057e+01,6.526057e+01,6.563003e+01,6.560832e+01,6.535847e+01,6.534760e+01,6.533672e+01,6.539108e+01,6.553233e+01,6.552147e+01,6.551060e+01,6.549974e+01,6.548888e+01,6.547802e+01,6.546716e+01,6.560832e+01,6.559747e+01,6.558661e+01,6.557576e+01,6.565173e+01,6.563003e+01,6.568427e+01,6.567342e+01,6.566257e+01,6.574934e+01,6.539108e+01,6.544543e+01,6.558661e+01,6.570597e+01,6.574934e+01,6.544543e+01,6.563003e+01,6.560832e+01,6.564088e+01,6.561917e+01,6.567342e+01,6.565173e+01,6.564088e+01,6.564088e+01,6.561917e+01,6.565173e+01,6.583605e+01,6.581438e+01,6.582522e+01,6.580354e+01,6.578187e+01,6.576019e+01,6.597684e+01,6.570597e+01,6.576019e+01,6.589022e+01,6.586856e+01,6.584689e+01,6.582522e+01,6.580354e+01,6.587939e+01,6.586856e+01,6.584689e+01,6.594437e+01,6.592271e+01,6.593354e+01,6.595519e+01,6.604178e+01,6.602014e+01,6.610668e+01,6.624720e+01,6.641994e+01,6.635519e+01,6.633360e+01,6.643073e+01,6.640916e+01,6.649545e+01,6.647388e+01,6.645232e+01,6.620398e+01,6.638757e+01,6.680785e+01,6.630120e+01,6.643073e+01,6.653859e+01,6.657092e+01,6.667867e+01,6.664635e+01,6.662481e+01,6.661404e+01,6.660326e+01,6.672174e+01,6.644153e+01,6.641994e+01,6.639836e+01,6.637678e+01,6.635519e+01,6.633360e+01,6.631200e+01,6.629041e+01,6.671098e+01,6.670020e+01,6.624720e+01,6.622559e+01,6.620398e+01,6.618236e+01,6.606342e+01,6.612831e+01,6.610668e+01,6.608505e+01,6.606342e+01,6.604178e+01,6.599850e+01,6.545629e+01,6.543456e+01,6.576019e+01,6.557576e+01,6.512994e+01,6.510816e+01,6.499918e+01,6.489013e+01,6.487922e+01,6.442019e+01,6.439829e+01,6.437640e+01,6.381675e+01,6.370675e+01,6.368473e+01,6.356361e+01,6.293422e+01,6.291208e+01,6.279026e+01,6.266833e+01,6.266833e+01,6.175593e+01,6.209045e+01,6.163306e+01,6.151008e+01,6.133100e+01,6.069106e+01,6.011586e+01,6.013846e+01,6.001409e+01,5.953815e+01,5.941322e+01,5.882100e+01,5.869538e+01,5.855821e+01,5.853533e+01,5.834072e+01,5.757087e+01,5.754782e+01,5.745558e+01,5.675006e+01,5.666885e+01,5.639003e+01,5.616887e+01,5.549139e+01,5.530386e+01,5.479851e+01,5.477496e+01,5.419653e+01,5.405447e+01,5.356789e+01,5.343702e+01,5.306748e+01,5.257705e+01,5.244515e+01,5.225304e+01,5.156621e+01,5.138484e+01,5.120319e+01,5.087556e+01,5.040077e+01,5.024210e+01,4.980162e+01,4.944563e+01,4.910093e+01,4.879233e+01,4.843337e+01,4.828452e+01,4.787424e+01,4.755000e+01,4.722488e+01,4.702436e+01,4.664749e+01,4.655938e+01,4.623154e+01,4.580146e+01,4.519162e+01,4.515340e+01,4.491105e+01,4.483441e+01,4.483441e+01,4.483441e+01,4.433505e+01,4.433505e+01,4.433505e+01,4.398809e+01,4.345923e+01,4.339457e+01,4.335576e+01,4.312261e+01,4.279800e+01,4.258978e+01,4.258978e+01,4.205447e+01,4.179244e+01,4.179244e+01,4.179244e+01,4.179244e+01,4.179244e+01,4.179244e+01,4.179244e+01,4.179244e+01,4.179244e+01,4.179244e+01,4.179244e+01,4.179244e+01,4.179244e+01,4.179244e+01,4.179244e+01,4.179244e+01,4.179244e+01,4.179244e+01,4.179244e+01,4.219834e+01,4.219834e+01,4.219834e+01,4.219834e+01,4.219834e+01,4.219834e+01,4.219834e+01,4.219834e+01,4.219834e+01,4.219834e+01,4.219834e+01,4.219834e+01,4.219834e+01,4.219834e+01,4.219834e+01,4.219834e+01,4.219834e+01,4.219834e+01,4.219834e+01,4.219834e+01,4.219834e+01,4.219834e+01,4.219834e+01,4.219834e+01,4.219834e+01,4.219834e+01,4.219834e+01,4.219834e+01,4.219834e+01,4.219834e+01,4.219834e+01,4.219834e+01,4.219834e+01,4.219834e+01,4.219834e+01,4.219834e+01,4.257675e+01,4.257675e+01,4.257675e+01,4.257675e+01,4.257675e+01,4.257675e+01,4.257675e+01,4.257675e+01,4.257675e+01,4.257675e+01,4.257675e+01,4.257675e+01,4.257675e+01,4.257675e+01,4.310964e+01,4.313557e+01,4.269394e+01,4.292796e+01,4.292796e+01,4.292796e+01,4.347216e+01,4.347216e+01,4.347216e+01,4.347216e+01,4.347216e+01,4.347216e+01,4.400096e+01,4.394947e+01,4.397522e+01,4.400096e+01,4.402669e+01,4.405242e+01,4.354969e+01,4.407814e+01,4.369171e+01,4.388509e+01,4.420667e+01,4.388509e+01,4.388509e+01,4.388509e+01,4.388509e+01,4.388509e+01,4.388509e+01,4.388509e+01,4.388509e+01,4.388509e+01,4.388509e+01,4.388509e+01,4.388509e+01,4.388509e+01,4.388509e+01,4.388509e+01,4.388509e+01,4.388509e+01,4.388509e+01,4.388509e+01,4.388509e+01,4.388509e+01,4.388509e+01,4.388509e+01,4.388509e+01,4.388509e+01,4.388509e+01,4.433505e+01,4.433505e+01,4.433505e+01,4.433505e+01,4.460420e+01,4.460420e+01,4.460420e+01,4.460420e+01,4.460420e+01,4.512791e+01,4.512791e+01,4.512791e+01,4.512791e+01,4.512791e+01,4.512791e+01,4.512791e+01,4.512791e+01,4.512791e+01,4.512791e+01,4.512791e+01,4.512791e+01,4.512791e+01,4.512791e+01,4.460420e+01,4.457859e+01,4.455298e+01,4.452737e+01,4.450174e+01,4.443766e+01,4.441201e+01,4.441201e+01,4.441201e+01,4.441201e+01,4.441201e+01,4.441201e+01,4.441201e+01,4.441201e+01,4.441201e+01,4.403955e+01,4.411671e+01,4.409100e+01,4.401382e+01,4.401382e+01,4.401382e+01,4.348509e+01,4.342044e+01,4.338164e+01,4.338164e+01,4.338164e+01,4.338164e+01,4.338164e+01,4.338164e+01,4.338164e+01,4.338164e+01,4.282401e+01,4.282401e+01,4.282401e+01,4.282401e+01,4.282401e+01,4.282401e+01,4.282401e+01,4.249856e+01,4.226367e+01,4.225061e+01,4.228979e+01,4.175309e+01,4.173996e+01,4.166120e+01,4.200212e+01,4.168746e+01,4.168746e+01
3.534114e+01,3.534114e+01,3.534114e+01,3.590948e+01,3.550779e+01,3.604765e+01,3.604765e+01,3.604765e+01,3.604765e+01,3.604765e+01,3.647488e+01,3.647488e+01,3.647488e+01,3.647488e+01,3.694154e+01,3.694154e+01,3.694154e+01,3.694154e+01,3.732436e+01,3.732436e+01,3.732436e+01,3.732436e+01,3.732436e+01,3.732436e+01,3.788254e+01,3.788254e+01,3.788254e+01,3.788254e+01,3.788254e+01,3.788254e+01,3.819444e+01,3.874828e+01,3.834330e+01,3.847846e+01,3.896367e+01,3.896367e+01,3.896367e+01,3.896367e+01,3.896367e+01,3.896367e+01,3.896367e+01,3.920548e+01,3.967419e+01,3.951371e+01,3.963409e+01,3.963409e+01,3.963409e+01,3.963409e+01,4.007439e+01,4.007439e+01,4.007439e+01,4.007439e+01,4.007439e+01,4.007439e+01,4.007439e+01,4.061905e+01,4.024737e+01,4.023407e+01,4.076473e+01,4.076473e+01,4.076473e+01,4.076473e+01,4.076473e+01,4.076473e+01,4.076473e+01,4.076473e+01,4.076473e+01,4.076473e+01,4.076473e+01,4.076473e+01,4.076473e+01,4.076473e+01,4.076473e+01,4.076473e+01,4.076473e+01,4.076473e+01,4.076473e+01,4.076473e+01,4.076473e+01,4.130609e+01,4.125339e+01,4.109513e+01,4.151666e+01,4.177932e+01,4.177932e+01,4.177932e+01,4.177932e+01,4.177932e+01,4.177932e+01,4.231591e+01,4.232896e+01,4.256372e+01,4.262885e+01,4.262885e+01,4.262885e+01,4.262885e+01,4.262885e+01,4.262885e+01,4.316150e+01,4.317446e+01,4.340751e+01,4.352386e+01,4.358844e+01,4.389796e+01,4.406528e+01,4.406528e+01,4.406528e+01,4.461700e+01,4.461700e+01,4.488551e+01,4.549694e+01,4.581414e+01,4.557314e+01,4.586481e+01,4.654679e+01,4.649640e+01,4.714972e+01,4.745005e+01,4.779949e+01,4.798627e+01,4.803603e+01,4.837137e+01,4.858204e+01,4.877997e+01,4.884176e+01,4.965444e+01,4.964217e+01,5.033977e+01,5.058360e+01,5.069316e+01,5.117896e+01,5.116683e+01,5.154205e+01,5.174733e+01,5.209673e+01,5.240915e+01,5.276867e+01,5.299583e+01,5.313909e+01,5.340131e+01,5.361544e+01,5.390039e+01,5.432661e+01,5.448017e+01,5.473962e+01,5.475140e+01,5.508081e+01,5.547967e+01,5.576047e+01,5.597067e+01,5.629696e+01,5.642492e+01,5.676165e+01,5.687757e+01,5.720157e+01,5.742097e+01,5.762848e+01,5.792764e+01,5.801955e+01,5.829488e+01,5.858108e+01,5.877534e+01,5.903770e+01,5.936776e+01,5.929954e+01,5.949274e+01,5.996884e+01,5.996884e+01,5.996884e+01,5.996884e+01,6.062352e+01,6.081479e+01,6.083728e+01,6.056720e+01,6.084852e+01,6.101702e+01,6.124137e+01,6.143176e+01,6.159953e+01,6.170009e+01,6.186753e+01,6.191214e+01,6.224628e+01,6.194559e+01,6.213499e+01,6.215726e+01,6.232413e+01,6.239082e+01,6.250189e+01,6.270160e+01,6.276810e+01,6.301167e+01,6.312224e+01,6.280134e+01,6.293422e+01,6.317749e+01,6.322167e+01,6.338723e+01,6.340929e+01,6.308908e+01,6.332103e+01,6.343135e+01,6.340929e+01,6.364070e+01,6.369574e+01,6.373976e+01,6.338723e+01,6.357462e+01,6.377276e+01,6.382775e+01,6.379476e+01,6.377276e+01,6.348647e+01,6.357462e+01,6.361868e+01,6.367373e+01,6.373976e+01,6.391568e+01,6.392667e+01,6.403649e+01,6.409137e+01,6.432163e+01,6.393765e+01,6.392667e+01,6.398159e+01,6.406942e+01,6.413526e+01,6.412429e+01,6.428876e+01,6.432163e+01,6.431068e+01,6.434354e+01,6.437640e+01,6.442019e+01,6.445303e+01,6.452962e+01,6.424492e+01,6.443114e+01,6.436544e+01,6.434354e+01,6.452962e+01,6.450774e+01,6.425588e+01,6.443114e+01,6.467175e+01,6.467175e+01,6.466083e+01,6.455150e+01,6.461710e+01,6.469360e+01,6.487922e+01,6.457337e+01,6.462804e+01,6.460617e+01,6.458430e+01,6.456244e+01,6.459524e+01,6.471545e+01,6.469360e+01,6.467175e+01,6.464989e+01,6.462804e+01,6.460617e+01,6.503189e+01,6.471545e+01,6.469360e+01,6.467175e+01,6.464989e+01,6.470453e+01,6.468268e+01,6.471545e+01,6.469360e+01,6.467175e+01,6.509727e+01,6.496648e+01,6.499918e+01,6.511905e+01,6.477007e+01,6.474822e+01,6.487922e+01,6.503189e+01,6.499918e+01,6.499918e+01,6.496648e+01,6.498829e+01,6.495557e+01,6.492286e+01,6.489013e+01,6.485740e+01,6.485740e+01,6.501009e+01,6.497738e+01,6.495557e+01,6.492286e+01,6.533672e+01,6.531496e+01,6.502099e+01,6.499918e+01,6.503189e+01,6.514083e+01,6.511905e+01,6.509727e+01,6.507548e+01,6.549974e+01,6.510816e+01,6.554318e+01,6.551060e+01,6.512994e+01,6.512994e+01,6.514083e+01,6.516261e+01,6.569512e+01,6.565173e+01,6.574934e+01,6.545629e+01,6.563003e+01,6.563003e+01,6.563003e+01,6.572765e+01,6.572765e+01,6.581438e+01,6.581438e+01,6.573850e+01,6.571681e+01,6.564088e+01,6.576019e+01,6.582522e+01,6.551060e+01,6.560832e+01,6.607423e+01,6.573850e+01,6.572765e+01,6.571681e+01,6.570597e+01,6.569512e+01,6.573850e+01,6.571681e+01,6.570597e+01,6.569512e+01,6.568427e+01,6.567342e+01,6.566257e+01,6.565173e+01,6.582522e+01,6.600932e+01,6.591188e+01,6.578187e+01,6.577103e+01,6.576019e+01,6.574934e+01,6.573850e+01,6.576019e+01,6.530409e+01,6.528233e+01,6.526057e+01,6.523881e+01,6.514083e+01,6.501009e+01,6.510816e+01,6.486831e+01,6.477007e+01,6.463897e+01,6.461710e+01,6.414623e+01,6.412429e+01,6.402551e+01,6.389370e+01,6.387172e+01,6.377276e+01,6.364070e+01,6.318853e+01,6.316644e+01,6.261288e+01,6.247969e+01,6.245747e+01,6.197904e+01,6.194559e+01,6.183406e+01,6.139818e+01,6.123016e+01,6.109558e+01,6.106192e+01,6.048833e+01,6.018366e+01,5.998016e+01,5.998016e+01,5.951545e+01,5.937912e+01,5.918576e+01,5.854677e+01,5.850101e+01,5.803103e+01,5.799657e+01,5.739790e+01,5.725935e+01,5.721313e+01,5.663403e+01,5.649466e+01,5.595900e+01,5.593566e+01,5.531559e+01,5.517477e+01,5.506907e+01,5.451558e+01,5.440932e+01,5.372237e+01,5.356789e+01,5.342512e+01,5.275670e+01,5.295999e+01,5.227707e+01,5.222900e+01,5.202452e+01,5.125166e+01,5.120319e+01,5.100914e+01,5.021767e+01,5.007099e+01,4.996087e+01,4.971579e+01,4.926109e+01,4.891587e+01,4.860680e+01,4.844577e+01,4.808577e+01,4.751253e+01,4.737504e+01,4.672296e+01,4.663491e+01,4.659715e+01,4.583948e+01,4.606729e+01,4.589014e+01,4.545882e+01,4.494934e+01,4.494934e+01,4.494934e+01,4.494934e+01,4.442484e+01,4.433505e+01,4.433505e+01,4.380777e+01,4.405242e+01,4.370461e+01,4.339457e+01,4.339457e+01,4.339457e+01,4.279800e+01,4.279800e+01,4.226367e+01,4.205447e+01,4.205447e+01,4.205447e+01,4.205447e+01,4.151666e+01,4.147721e+01,4.143774e+01,4.139826e+01,4.189733e+01,4.189733e+01,4.189733e+01,4.189733e+01,4.189733e+01,4.189733e+01,4.189733e+01,4.189733e+01,4.189733e+01,4.189733e+01,4.189733e+01,4.189733e+01,4.189733e+01,4.219834e+01,4.219834e+01,4.219834e+01,4.219834e+01,4.219834e+01,4.219834e+01,4.219834e+01,4.219834e+01,4.219834e+01,4.219834e+01,4.219834e+01,4.219834e+01,4.219834e+01,4.219834e+01,4.219834e+01,4.219834e+01,4.219834e+01,4.219834e+01,4.219834e+01,4.219834e+01,4.219834e+01,4.219834e+01,4.219834e+01,4.219834e+01,4.219834e+01,4.219834e+01,4.219834e+01,4.219834e+01,4.219834e+01,4.219834e+01,4.273298e+01,4.277200e+01,4.281101e+01,4.231591e+01,4.253766e+01,4.261583e+01,4.261583e+01,4.261583e+01,4.314854e+01,4.264187e+01,4.264187e+01,4.264187e+01,4.264187e+01,4.264187e+01,4.264187e+01,4.264187e+01,4.317446e+01,4.318742e+01,4.282401e+01,4.292796e+01,4.326514e+01,4.300586e+01,4.304479e+01,4.304479e+01,4.357553e+01,4.320038e+01,4.369171e+01,4.369171e+01,4.369171e+01,4.369171e+01,4.369171e+01,4.369171e+01,4.369171e+01,4.369171e+01,4.369171e+01,4.369171e+01,4.405242e+01,4.394947e+01,4.391084e+01,4.369171e+01,4.410386e+01,4.401382e+01,4.388509e+01,4.388509e+01,4.388509e+01,4.388509e+01,4.388509e+01,4.388509e+01,4.388509e+01,4.388509e+01,4.388509e+01,4.388509e+01,4.388509e+01,4.388509e+01,4.388509e+01,4.388509e+01,4.388509e+01,4.388509e+01,4.388509e+01,4.388509e+01,4.388509e+01,4.388509e+01,4.388509e+01,4.388509e+01,4.388509e+01,4.388509e+01,4.388509e+01,4.388509e+01,4.433505e+01,4.433505e+01,4.433505e+01,4.485996e+01,4.436071e+01,4.436071e+01,4.488551e+01,4.491105e+01,4.502591e+01,4.526802e+01,4.526802e+01,4.526802e+01,4.526802e+01,4.526802e+01,4.526802e+01,4.526802e+01,4.526802e+01,4.526802e+01,4.526802e+01,4.526802e+01,4.526802e+01,4.526802e+01,4.526802e+01,4.512791e+01,4.511517e+01,4.457859e+01,4.457859e+01,4.457859e+01,4.457859e+01,4.457859e+01,4.457859e+01,4.457859e+01,4.457859e+01,4.457859e+01,4.457859e+01,4.457859e+01,4.457859e+01,4.405242e+01,4.400096e+01,4.400096e+01,4.400096e+01,4.400096e+01,4.400096e+01,4.400096e+01,4.400096e+01,4.400096e+01,4.391084e+01,4.391084e+01,4.338164e+01,4.338164e+01,4.338164e+01,4.338164e+01,4.338164e+01,4.338164e+01,4.338164e+01,4.335576e+01,4.281101e+01,4.281101e+01,4.281101e+01,4.281101e+01,4.281101e+01,4.281101e+01,4.226367e+01,4.226367e+01,4.226367e+01,4.226367e+01,4.226367e+01,4.219834e+01,4.213297e+01,4.181867e+01,4.181867e+01
3.534114e+01,3.534114e+01,3.534114e+01,3.590948e+01,3.574345e+01,3.585417e+01,3.585417e+01,3.585417e+01,3.641985e+01,3.650238e+01,3.651613e+01,3.651613e+01,3.651613e+01,3.707841e+01,3.666727e+01,3.722878e+01,3.725610e+01,3.733801e+01,3.737894e+01,3.737894e+01,3.737894e+01,3.737894e+01,3.737894e+01,3.737894e+01,3.737894e+01,3.788254e+01,3.788254e+01,3.788254e+01,3.788254e+01,3.788254e+01,3.819444e+01,3.839738e+01,3.830272e+01,3.865392e+01,3.877522e+01,3.877522e+01,3.877522e+01,3.932619e+01,3.935300e+01,3.937980e+01,3.940659e+01,3.901744e+01,3.929938e+01,3.927256e+01,3.927256e+01,3.927256e+01,3.963409e+01,3.984778e+01,3.988781e+01,3.988781e+01,3.988781e+01,3.988781e+01,3.988781e+01,4.043336e+01,4.000779e+01,4.020747e+01,4.071178e+01,4.030054e+01,4.057928e+01,4.057928e+01,4.057928e+01,4.057928e+01,4.057928e+01,4.057928e+01,4.057928e+01,4.057928e+01,4.057928e+01,4.057928e+01,4.057928e+01,4.057928e+01,4.057928e+01,4.057928e+01,4.057928e+01,4.057928e+01,4.057928e+01,4.057928e+01,4.057928e+01,4.057928e+01,4.112152e+01,4.076473e+01,4.079120e+01,4.145090e+01,4.155610e+01,4.155610e+01,4.155610e+01,4.155610e+01,4.155610e+01,4.155610e+01,4.209373e+01,4.176620e+01,4.234202e+01,4.234202e+01,4.234202e+01,4.234202e+01,4.234202e+01,4.262885e+01,4.262885e+01,4.262885e+01,4.316150e+01,4.262885e+01,4.290198e+01,4.305776e+01,4.323924e+01,4.339457e+01,4.360136e+01,4.364009e+01,4.384644e+01,4.421951e+01,4.428371e+01,4.465540e+01,4.512791e+01,4.529348e+01,4.540797e+01,4.587748e+01,4.637035e+01,4.657197e+01,4.701182e+01,4.698673e+01,4.726244e+01,4.748754e+01,4.816034e+01,4.837137e+01,4.837137e+01,4.877997e+01,4.903927e+01,4.897758e+01,4.967898e+01,4.966671e+01,4.994862e+01,5.026652e+01,5.048612e+01,5.110621e+01,5.098487e+01,5.132432e+01,5.173526e+01,5.208469e+01,5.230109e+01,5.256507e+01,5.284045e+01,5.295999e+01,5.330602e+01,5.368674e+01,5.393596e+01,5.373425e+01,5.440932e+01,5.448017e+01,5.490445e+01,5.517477e+01,5.531559e+01,5.516303e+01,5.543281e+01,5.614557e+01,5.634350e+01,5.657598e+01,5.676165e+01,5.701653e+01,5.734018e+01,5.750171e+01,5.770909e+01,5.754782e+01,5.777814e+01,5.808844e+01,5.840944e+01,5.868396e+01,5.871824e+01,5.910606e+01,5.933365e+01,5.936776e+01,5.940186e+01,5.959490e+01,6.000278e+01,6.022884e+01,6.017236e+01,6.022884e+01,6.037557e+01,6.057847e+01,6.037557e+01,6.060099e+01,6.080355e+01,6.093842e+01,6.114046e+01,6.129739e+01,6.149889e+01,6.148771e+01,6.171126e+01,6.176709e+01,6.151008e+01,6.159953e+01,6.173360e+01,6.195675e+01,6.213499e+01,6.186753e+01,6.203476e+01,6.216839e+01,6.241304e+01,6.213499e+01,6.236859e+01,6.255740e+01,6.250189e+01,6.255740e+01,6.271268e+01,6.284565e+01,6.250189e+01,6.265725e+01,6.273486e+01,6.270160e+01,6.283457e+01,6.259069e+01,6.280134e+01,6.286780e+01,6.287887e+01,6.280134e+01,6.279026e+01,6.288994e+01,6.294529e+01,6.301167e+01,6.308908e+01,6.327688e+01,6.329896e+01,6.296742e+01,6.307802e+01,6.330999e+01,6.337620e+01,6.337620e+01,6.343135e+01,6.351954e+01,6.313329e+01,6.312224e+01,6.327688e+01,6.349749e+01,6.348647e+01,6.350851e+01,6.353056e+01,6.356361e+01,6.358564e+01,6.358564e+01,6.357462e+01,6.375076e+01,6.328792e+01,6.347545e+01,6.365171e+01,6.357462e+01,6.356361e+01,6.383874e+01,6.400356e+01,6.399257e+01,6.398159e+01,6.397061e+01,6.402551e+01,6.364070e+01,6.388271e+01,6.387172e+01,6.390469e+01,6.388271e+01,6.386073e+01,6.383874e+01,6.384974e+01,6.394864e+01,6.392667e+01,6.390469e+01,6.388271e+01,6.386073e+01,6.404747e+01,6.423396e+01,6.422299e+01,6.420107e+01,6.417914e+01,6.415720e+01,6.419010e+01,6.416817e+01,6.417914e+01,6.415720e+01,6.434354e+01,6.401453e+01,6.420107e+01,6.421203e+01,6.425588e+01,6.424492e+01,6.422299e+01,6.433258e+01,6.401453e+01,6.420107e+01,6.416817e+01,6.413526e+01,6.412429e+01,6.409137e+01,6.405845e+01,6.447492e+01,6.445303e+01,6.443114e+01,6.411332e+01,6.452962e+01,6.450774e+01,6.424492e+01,6.442019e+01,6.434354e+01,6.433258e+01,6.431068e+01,6.432163e+01,6.440924e+01,6.438734e+01,6.436544e+01,6.455150e+01,6.467175e+01,6.471545e+01,6.446397e+01,6.451868e+01,6.485740e+01,6.483557e+01,6.482465e+01,6.448586e+01,6.477007e+01,6.474822e+01,6.477007e+01,6.475915e+01,6.491195e+01,6.489013e+01,6.486831e+01,6.494467e+01,6.492286e+01,6.498829e+01,6.496648e+01,6.494467e+01,6.492286e+01,6.490104e+01,6.499918e+01,6.498829e+01,6.497738e+01,6.526057e+01,6.501009e+01,6.514083e+01,6.511905e+01,6.509727e+01,6.507548e+01,6.505368e+01,6.507548e+01,6.505368e+01,6.503189e+01,6.545629e+01,6.543456e+01,6.541282e+01,6.539108e+01,6.536934e+01,6.507548e+01,6.524969e+01,6.523881e+01,6.522793e+01,6.521704e+01,6.475915e+01,6.494467e+01,6.492286e+01,6.483557e+01,6.472638e+01,6.470453e+01,6.468268e+01,6.466083e+01,6.463897e+01,6.461710e+01,6.419010e+01,6.417914e+01,6.415720e+01,6.413526e+01,6.357462e+01,6.364070e+01,6.361868e+01,6.359665e+01,6.312224e+01,6.308908e+01,6.305591e+01,6.293422e+01,6.282350e+01,6.224628e+01,6.213499e+01,6.210159e+01,6.196789e+01,6.139818e+01,6.136459e+01,6.123016e+01,6.111802e+01,6.063477e+01,6.060099e+01,6.000278e+01,6.000278e+01,5.999147e+01,5.952680e+01,5.937912e+01,5.926542e+01,5.876392e+01,5.861538e+01,5.843234e+01,5.777814e+01,5.766304e+01,5.757087e+01,5.728245e+01,5.680803e+01,5.665725e+01,5.651790e+01,5.581889e+01,5.570202e+01,5.560845e+01,5.485738e+01,5.482206e+01,5.472784e+01,5.404263e+01,5.388853e+01,5.360356e+01,5.311523e+01,5.295999e+01,5.263697e+01,5.213282e+01,5.201248e+01,5.196431e+01,5.137273e+01,5.113046e+01,5.063231e+01,5.047393e+01,5.009545e+01,4.959306e+01,4.955622e+01,4.939645e+01,4.917488e+01,4.874289e+01,4.811063e+01,4.801115e+01,4.774963e+01,4.751253e+01,4.713719e+01,4.691143e+01,4.663491e+01,4.635774e+01,4.602935e+01,4.602935e+01,4.550964e+01,4.522983e+01,4.514066e+01,4.514066e+01,4.461700e+01,4.450174e+01,4.429655e+01,4.429655e+01,4.429655e+01,4.380777e+01,4.383355e+01,4.352386e+01,4.339457e+01,4.339457e+01,4.286300e+01,4.266791e+01,4.242032e+01,4.226367e+01,4.226367e+01,4.226367e+01,4.172684e+01,4.160866e+01,4.192353e+01,4.193663e+01,4.193663e+01,4.152981e+01,4.170059e+01,4.170059e+01,4.170059e+01,4.170059e+01,4.170059e+01,4.170059e+01,4.170059e+01,4.170059e+01,4.170059e+01,4.223754e+01,4.175309e+01,4.228979e+01,4.236813e+01,4.184489e+01,4.234202e+01,4.234202e+01,4.234202e+01,4.234202e+01,4.234202e+01,4.234202e+01,4.234202e+01,4.234202e+01,4.234202e+01,4.234202e+01,4.234202e+01,4.234202e+01,4.234202e+01,4.234202e+01,4.234202e+01,4.234202e+01,4.234202e+01,4.234202e+01,4.234202e+01,4.234202e+01,4.234202e+01,4.234202e+01,4.234202e+01,4.234202e+01,4.234202e+01,4.234202e+01,4.234202e+01,4.234202e+01,4.234202e+01,4.234202e+01,4.277200e+01,4.256372e+01,4.304479e+01,4.308371e+01,4.312261e+01,4.262885e+01,4.287599e+01,4.327810e+01,4.297990e+01,4.300586e+01,4.303181e+01,4.305776e+01,4.308371e+01,4.310964e+01,4.326514e+01,4.286300e+01,4.332988e+01,4.296691e+01,4.318742e+01,4.326514e+01,4.326514e+01,4.326514e+01,4.326514e+01,4.357553e+01,4.394947e+01,4.353678e+01,4.406528e+01,4.409100e+01,4.411671e+01,4.414242e+01,4.364009e+01,4.416813e+01,4.418097e+01,4.419382e+01,4.376910e+01,4.405242e+01,4.405242e+01,4.405242e+01,4.405242e+01,4.405242e+01,4.405242e+01,4.405242e+01,4.405242e+01,4.405242e+01,4.405242e+01,4.405242e+01,4.405242e+01,4.405242e+01,4.405242e+01,4.405242e+01,4.405242e+01,4.405242e+01,4.405242e+01,4.405242e+01,4.405242e+01,4.405242e+01,4.405242e+01,4.405242e+01,4.405242e+01,4.405242e+01,4.405242e+01,4.405242e+01,4.405242e+01,4.405242e+01,4.405242e+01,4.405242e+01,4.405242e+01,4.433505e+01,4.433505e+01,4.433505e+01,4.485996e+01,4.456579e+01,4.480885e+01,4.498763e+01,4.498763e+01,4.498763e+01,4.498763e+01,4.498763e+01,4.526802e+01,4.526802e+01,4.526802e+01,4.526802e+01,4.526802e+01,4.526802e+01,4.526802e+01,4.526802e+01,4.526802e+01,4.526802e+01,4.526802e+01,4.526802e+01,4.526802e+01,4.474494e+01,4.457859e+01,4.457859e+01,4.457859e+01,4.457859e+01,4.457859e+01,4.457859e+01,4.457859e+01,4.457859e+01,4.457859e+01,4.457859e+01,4.457859e+01,4.457859e+01,4.405242e+01,4.405242e+01,4.405242e+01,4.405242e+01,4.405242e+01,4.405242e+01,4.405242e+01,4.405242e+01,4.405242e+01,4.352386e+01,4.393660e+01,4.361427e+01,4.361427e+01,4.361427e+01,4.361427e+01,4.308371e+01,4.305776e+01,4.303181e+01,4.292796e+01,4.270695e+01,4.270695e+01,4.270695e+01,4.270695e+01,4.270695e+01,4.270695e+01,4.270695e+01,4.226367e+01,4.226367e+01,4.226367e+01,4.226367e+01,4.226367e+01,4.172684e+01,4.222448e+01,4.171371e+01
3.534114e+01,3.534114e+01,3.534114e+01,3.534114e+01,3.574345e+01,3.574345e+01,3.574345e+01,3.630970e+01,3.596477e+01,3.603384e+01,3.659860e+01,3.659860e+01,3.659860e+01,3.659860e+01,3.716046e+01,3.676334e+01,3.735165e+01,3.735165e+01,3.735165e+01,3.735165e+01,3.735165e+01,3.735165e+01,3.735165e+01,3.735165e+01,3.790970e+01,3.799113e+01,3.799113e+01,3.799113e+01,3.799113e+01,3.799113e+01,3.854597e+01,3.855947e+01,3.869437e+01,3.872132e+01,3.872132e+01,3.872132e+01,3.872132e+01,3.872132e+01,3.935300e+01,3.935300e+01,3.935300e+01,3.935300e+01,3.935300e+01,3.935300e+01,3.935300e+01,3.935300e+01,3.963409e+01,3.963409e+01,3.963409e+01,4.018087e+01,4.019417e+01,4.020747e+01,4.031383e+01,4.026067e+01,4.000779e+01,4.045991e+01,4.036697e+01,4.038025e+01,4.057928e+01,4.057928e+01,4.057928e+01,4.057928e+01,4.057928e+01,4.057928e+01,4.057928e+01,4.057928e+01,4.057928e+01,4.057928e+01,4.057928e+01,4.057928e+01,4.057928e+01,4.057928e+01,4.057928e+01,4.057928e+01,4.057928e+01,4.057928e+01,4.057928e+01,4.057928e+01,4.112152e+01,4.076473e+01,4.104234e+01,4.124021e+01,4.124021e+01,4.124021e+01,4.155610e+01,4.155610e+01,4.155610e+01,4.209373e+01,4.197593e+01,4.200212e+01,4.213297e+01,4.213297e+01,4.213297e+01,4.266791e+01,4.219834e+01,4.248552e+01,4.248552e+01,4.248552e+01,4.248552e+01,4.301883e+01,4.304479e+01,4.304479e+01,4.357553e+01,4.358844e+01,4.358844e+01,4.358844e+01,4.411671e+01,4.424520e+01,4.450174e+01,4.483441e+01,4.492382e+01,4.492382e+01,4.540797e+01,4.578879e+01,4.607993e+01,4.637035e+01,4.660974e+01,4.667265e+01,4.731250e+01,4.772470e+01,4.796139e+01,4.796139e+01,4.796139e+01,4.827211e+01,4.844577e+01,4.865630e+01,4.900227e+01,4.961762e+01,4.956850e+01,5.025431e+01,5.020545e+01,5.047393e+01,5.109408e+01,5.099701e+01,5.127588e+01,5.154205e+01,5.189202e+01,5.221698e+01,5.237314e+01,5.262498e+01,5.299583e+01,5.340131e+01,5.304360e+01,5.373425e+01,5.373425e+01,5.400708e+01,5.443294e+01,5.462175e+01,5.477496e+01,5.490445e+01,5.526867e+01,5.531559e+01,5.552652e+01,5.577216e+01,5.608730e+01,5.640166e+01,5.664564e+01,5.681963e+01,5.703967e+01,5.705124e+01,5.740944e+01,5.774362e+01,5.761696e+01,5.828342e+01,5.804251e+01,5.816876e+01,5.840944e+01,5.892369e+01,5.898071e+01,5.890088e+01,5.904910e+01,5.929954e+01,5.932228e+01,5.940186e+01,5.957220e+01,5.979900e+01,5.982166e+01,6.007064e+01,6.029658e+01,6.045451e+01,6.021754e+01,6.038685e+01,6.060099e+01,6.061226e+01,6.084852e+01,6.082603e+01,6.081479e+01,6.091595e+01,6.106192e+01,6.129739e+01,6.139818e+01,6.138699e+01,6.156599e+01,6.136459e+01,6.147652e+01,6.153245e+01,6.170009e+01,6.190099e+01,6.191214e+01,6.197904e+01,6.168892e+01,6.187868e+01,6.186753e+01,6.202362e+01,6.210159e+01,6.210159e+01,6.215726e+01,6.214613e+01,6.235748e+01,6.196789e+01,6.242415e+01,6.196789e+01,6.241304e+01,6.251300e+01,6.211273e+01,6.216839e+01,6.223516e+01,6.241304e+01,6.235748e+01,6.234636e+01,6.256849e+01,6.227965e+01,6.253520e+01,6.252410e+01,6.256849e+01,6.252410e+01,6.245747e+01,6.244637e+01,6.259069e+01,6.280134e+01,6.279026e+01,6.280134e+01,6.281242e+01,6.283457e+01,6.284565e+01,6.283457e+01,6.282350e+01,6.286780e+01,6.280134e+01,6.297848e+01,6.314434e+01,6.313329e+01,6.324376e+01,6.294529e+01,6.310013e+01,6.308908e+01,6.307802e+01,6.306696e+01,6.298954e+01,6.301167e+01,6.317749e+01,6.316644e+01,6.318853e+01,6.317749e+01,6.316644e+01,6.315539e+01,6.315539e+01,6.324376e+01,6.323272e+01,6.322167e+01,6.321062e+01,6.319958e+01,6.337620e+01,6.355259e+01,6.354157e+01,6.353056e+01,6.351954e+01,6.350851e+01,6.353056e+01,6.351954e+01,6.351954e+01,6.350851e+01,6.361868e+01,6.360767e+01,6.333207e+01,6.333207e+01,6.336517e+01,6.335414e+01,6.334310e+01,6.337620e+01,6.336517e+01,6.354157e+01,6.353056e+01,6.351954e+01,6.350851e+01,6.349749e+01,6.367373e+01,6.338723e+01,6.357462e+01,6.349749e+01,6.364070e+01,6.379476e+01,6.371775e+01,6.370675e+01,6.387172e+01,6.386073e+01,6.384974e+01,6.383874e+01,6.383874e+01,6.391568e+01,6.390469e+01,6.389370e+01,6.406942e+01,6.372875e+01,6.369574e+01,6.382775e+01,6.399257e+01,6.380575e+01,6.399257e+01,6.391568e+01,6.397061e+01,6.417914e+01,6.415720e+01,6.415720e+01,6.413526e+01,6.426684e+01,6.424492e+01,6.422299e+01,6.427780e+01,6.425588e+01,6.429971e+01,6.427780e+01,6.425588e+01,6.423396e+01,6.421203e+01,6.428876e+01,6.426684e+01,6.437640e+01,6.452962e+01,6.451868e+01,6.462804e+01,6.460617e+01,6.458430e+01,6.456244e+01,6.454057e+01,6.454057e+01,6.451868e+01,6.469360e+01,6.435449e+01,6.454057e+01,6.451868e+01,6.449680e+01,6.442019e+01,6.440924e+01,6.456244e+01,6.454057e+01,6.451868e+01,6.438734e+01,6.432163e+01,6.448586e+01,6.401453e+01,6.398159e+01,6.394864e+01,6.391568e+01,6.388271e+01,6.384974e+01,6.381675e+01,6.368473e+01,6.361868e+01,6.358564e+01,6.355259e+01,6.342032e+01,6.290101e+01,6.293422e+01,6.290101e+01,6.276810e+01,6.269051e+01,6.265725e+01,6.216839e+01,6.212386e+01,6.199018e+01,6.191214e+01,6.144295e+01,6.139818e+01,6.126378e+01,6.072482e+01,6.067980e+01,6.063477e+01,6.049960e+01,6.040941e+01,5.974234e+01,5.965163e+01,5.962894e+01,5.902630e+01,5.893510e+01,5.888947e+01,5.874108e+01,5.818023e+01,5.813434e+01,5.751324e+01,5.740944e+01,5.738636e+01,5.686598e+01,5.662242e+01,5.651790e+01,5.601733e+01,5.585394e+01,5.571371e+01,5.523347e+01,5.506907e+01,5.475140e+01,5.426750e+01,5.410184e+01,5.393596e+01,5.368674e+01,5.344893e+01,5.282849e+01,5.276867e+01,5.248114e+01,5.183175e+01,5.179558e+01,5.156621e+01,5.126377e+01,5.089986e+01,5.081479e+01,5.044955e+01,4.993638e+01,4.977710e+01,4.927340e+01,4.923647e+01,4.843337e+01,4.860680e+01,4.829693e+01,4.798627e+01,4.774963e+01,4.729998e+01,4.713719e+01,4.669781e+01,4.647121e+01,4.619366e+01,4.602935e+01,4.577612e+01,4.564930e+01,4.484719e+01,4.480885e+01,4.470657e+01,4.450174e+01,4.450174e+01,4.450174e+01,4.450174e+01,4.397522e+01,4.380777e+01,4.414242e+01,4.345923e+01,4.345923e+01,4.345923e+01,4.286300e+01,4.286300e+01,4.242032e+01,4.242032e+01,4.242032e+01,4.188422e+01,4.172684e+01,4.181867e+01,4.193663e+01,4.193663e+01,4.139826e+01,4.192353e+01,4.196283e+01,4.196283e+01,4.196283e+01,4.196283e+01,4.196283e+01,4.196283e+01,4.196283e+01,4.196283e+01,4.196283e+01,4.196283e+01,4.249856e+01,4.208064e+01,4.243336e+01,4.231591e+01,4.244640e+01,4.244640e+01,4.244640e+01,4.244640e+01,4.244640e+01,4.244640e+01,4.244640e+01,4.244640e+01,4.244640e+01,4.244640e+01,4.244640e+01,4.244640e+01,4.244640e+01,4.244640e+01,4.244640e+01,4.244640e+01,4.244640e+01,4.244640e+01,4.244640e+01,4.244640e+01,4.244640e+01,4.244640e+01,4.244640e+01,4.244640e+01,4.244640e+01,4.244640e+01,4.244640e+01,4.297990e+01,4.249856e+01,4.274598e+01,4.277200e+01,4.281101e+01,4.285000e+01,4.338164e+01,4.329104e+01,4.299288e+01,4.305776e+01,4.308371e+01,4.349801e+01,4.300586e+01,4.300586e+01,4.300586e+01,4.353678e+01,4.303181e+01,4.351093e+01,4.334282e+01,4.322629e+01,4.349801e+01,4.351093e+01,4.354969e+01,4.358844e+01,4.362718e+01,4.369171e+01,4.387220e+01,4.387220e+01,4.376910e+01,4.387220e+01,4.387220e+01,4.387220e+01,4.387220e+01,4.387220e+01,4.387220e+01,4.387220e+01,4.387220e+01,4.387220e+01,4.439919e+01,4.391084e+01,4.391084e+01,4.391084e+01,4.443766e+01,4.446329e+01,4.396235e+01,4.396235e+01,4.396235e+01,4.396235e+01,4.396235e+01,4.396235e+01,4.396235e+01,4.396235e+01,4.396235e+01,4.396235e+01,4.396235e+01,4.396235e+01,4.396235e+01,4.396235e+01,4.396235e+01,4.396235e+01,4.396235e+01,4.396235e+01,4.396235e+01,4.396235e+01,4.396235e+01,4.396235e+01,4.396235e+01,4.448893e+01,4.450174e+01,4.406528e+01,4.433505e+01,4.433505e+01,4.485996e+01,4.474494e+01,4.456579e+01,4.508967e+01,4.510242e+01,4.510242e+01,4.510242e+01,4.510242e+01,4.510242e+01,4.510242e+01,4.510242e+01,4.510242e+01,4.510242e+01,4.510242e+01,4.510242e+01,4.510242e+01,4.510242e+01,4.510242e+01,4.510242e+01,4.510242e+01,4.510242e+01,4.510242e+01,4.510242e+01,4.510242e+01,4.457859e+01,4.457859e+01,4.457859e+01,4.457859e+01,4.457859e+01,4.457859e+01,4.457859e+01,4.457859e+01,4.457859e+01,4.457859e+01,4.457859e+01,4.457859e+01,4.405242e+01,4.405242e+01,4.405242e+01,4.405242e+01,4.405242e+01,4.405242e+01,4.405242e+01,4.405242e+01,4.352386e+01,4.374331e+01,4.361427e+01,4.361427e+01,4.361427e+01,4.361427e+01,4.361427e+01,4.305776e+01,4.305776e+01,4.305776e+01,4.305776e+01,4.305776e+01,4.305776e+01,4.305776e+01,4.270695e+01,4.270695e+01,4.217220e+01,4.260281e+01,4.261583e+01,4.209373e+01,4.209373e+01,4.209373e+01,4.209373e+01,4.209373e+01,4.171371e+01
3.534114e+01,3.534114e+01,3.534114e+01,3.590948e+01,3.590948e+01,3.590948e+01,3.590948e+01,3.590948e+01,3.647488e+01,3.610287e+01,3.639232e+01,3.639232e+01,3.639232e+01,3.695523e+01,3.698262e+01,3.700999e+01,3.714679e+01,3.714679e+01,3.714679e+01,3.714679e+01,3.770586e+01,3.770586e+01,3.770586e+01,3.781462e+01,3.744713e+01,3.807250e+01,3.807250e+01,3.807250e+01,3.807250e+01,3.807250e+01,3.854597e+01,3.854597e+01,3.854597e+01,3.854597e+01,3.854597e+01,3.909807e+01,3.909807e+01,3.865392e+01,3.908464e+01,3.908464e+01,3.908464e+01,3.908464e+01,3.963409e+01,3.963409e+01,3.963409e+01,3.970091e+01,3.972763e+01,3.972763e+01,3.972763e+01,3.972763e+01,3.972763e+01,4.020747e+01,4.020747e+01,4.020747e+01,4.020747e+01,4.020747e+01,4.020747e+01,4.075150e+01,4.075150e+01,4.075150e+01,4.075150e+01,4.075150e+01,4.075150e+01,4.075150e+01,4.075150e+01,4.075150e+01,4.075150e+01,4.075150e+01,4.075150e+01,4.075150e+01,4.075150e+01,4.075150e+01,4.075150e+01,4.075150e+01,4.075150e+01,4.075150e+01,4.075150e+01,4.075150e+01,4.075150e+01,4.075150e+01,4.075150e+01,4.124021e+01,4.124021e+01,4.124021e+01,4.124021e+01,4.155610e+01,4.180556e+01,4.189733e+01,4.189733e+01,4.189733e+01,4.189733e+01,4.189733e+01,4.189733e+01,4.213297e+01,4.225061e+01,4.248552e+01,4.248552e+01,4.248552e+01,4.301883e+01,4.256372e+01,4.310964e+01,4.335576e+01,4.304479e+01,4.358844e+01,4.358844e+01,4.358844e+01,4.358844e+01,4.424520e+01,4.418097e+01,4.437354e+01,4.447611e+01,4.468099e+01,4.554774e+01,4.543340e+01,4.575077e+01,4.590280e+01,4.615576e+01,4.642079e+01,4.697418e+01,4.701182e+01,4.726244e+01,4.778703e+01,4.797383e+01,4.827211e+01,4.827211e+01,4.865630e+01,4.916256e+01,4.943334e+01,4.916256e+01,4.955622e+01,4.967898e+01,5.013213e+01,5.038857e+01,5.051050e+01,5.085126e+01,5.117896e+01,5.155413e+01,5.174733e+01,5.202452e+01,5.230109e+01,5.276867e+01,5.286437e+01,5.301972e+01,5.304360e+01,5.316295e+01,5.361544e+01,5.375800e+01,5.397153e+01,5.414919e+01,5.439751e+01,5.468070e+01,5.475140e+01,5.508081e+01,5.538594e+01,5.576047e+01,5.562015e+01,5.578384e+01,5.645979e+01,5.668045e+01,5.675006e+01,5.664564e+01,5.690074e+01,5.708595e+01,5.750171e+01,5.750171e+01,5.774362e+01,5.815729e+01,5.785866e+01,5.811139e+01,5.861538e+01,5.835218e+01,5.852389e+01,5.859252e+01,5.871824e+01,5.940186e+01,5.886665e+01,5.947002e+01,5.912883e+01,5.941322e+01,5.950409e+01,5.950409e+01,5.973100e+01,6.000278e+01,6.013846e+01,6.029658e+01,6.035300e+01,6.040941e+01,6.056720e+01,6.030787e+01,6.046579e+01,6.062352e+01,6.067980e+01,6.091595e+01,6.097211e+01,6.067980e+01,6.078106e+01,6.099457e+01,6.124137e+01,6.129739e+01,6.083728e+01,6.097211e+01,6.120774e+01,6.125257e+01,6.145414e+01,6.111802e+01,6.116289e+01,6.126378e+01,6.130859e+01,6.137579e+01,6.142057e+01,6.156599e+01,6.161071e+01,6.171126e+01,6.166658e+01,6.159953e+01,6.170009e+01,6.181174e+01,6.157718e+01,6.161071e+01,6.164424e+01,6.178942e+01,6.184522e+01,6.202362e+01,6.205704e+01,6.167775e+01,6.170009e+01,6.217952e+01,6.217952e+01,6.186753e+01,6.211273e+01,6.214613e+01,6.219065e+01,6.223516e+01,6.229077e+01,6.233524e+01,6.236859e+01,6.194559e+01,6.201247e+01,6.203476e+01,6.223516e+01,6.196789e+01,6.215726e+01,6.219065e+01,6.232413e+01,6.250189e+01,6.252410e+01,6.254630e+01,6.256849e+01,6.213499e+01,6.262397e+01,6.235748e+01,6.236859e+01,6.240193e+01,6.241304e+01,6.242415e+01,6.243526e+01,6.244637e+01,6.254630e+01,6.255740e+01,6.256849e+01,6.257959e+01,6.259069e+01,6.277918e+01,6.251300e+01,6.270160e+01,6.270160e+01,6.270160e+01,6.270160e+01,6.272377e+01,6.272377e+01,6.272377e+01,6.272377e+01,6.283457e+01,6.275702e+01,6.275702e+01,6.275702e+01,6.279026e+01,6.279026e+01,6.279026e+01,6.282350e+01,6.282350e+01,6.300061e+01,6.254630e+01,6.300061e+01,6.300061e+01,6.300061e+01,6.264616e+01,6.277918e+01,6.296742e+01,6.296742e+01,6.311118e+01,6.281242e+01,6.280134e+01,6.279026e+01,6.294529e+01,6.293422e+01,6.292315e+01,6.291208e+01,6.335414e+01,6.297848e+01,6.342032e+01,6.296742e+01,6.305591e+01,6.318853e+01,6.317749e+01,6.329896e+01,6.345340e+01,6.298954e+01,6.315539e+01,6.313329e+01,6.316644e+01,6.335414e+01,6.333207e+01,6.330999e+01,6.328792e+01,6.339826e+01,6.337620e+01,6.335414e+01,6.338723e+01,6.336517e+01,6.338723e+01,6.336517e+01,6.334310e+01,6.377276e+01,6.376176e+01,6.382775e+01,6.336517e+01,6.345340e+01,6.358564e+01,6.356361e+01,6.365171e+01,6.362969e+01,6.360767e+01,6.358564e+01,6.401453e+01,6.400356e+01,6.399257e+01,6.408040e+01,6.408040e+01,6.425588e+01,6.379476e+01,6.378376e+01,6.377276e+01,6.376176e+01,6.390469e+01,6.389370e+01,6.388271e+01,6.387172e+01,6.386073e+01,6.388271e+01,6.381675e+01,6.336517e+01,6.335414e+01,6.334310e+01,6.333207e+01,6.332103e+01,6.330999e+01,6.329896e+01,6.328792e+01,6.327688e+01,6.281242e+01,6.266833e+01,6.260178e+01,6.215726e+01,6.214613e+01,6.213499e+01,6.212386e+01,6.197904e+01,6.191214e+01,6.142057e+01,6.140937e+01,6.126378e+01,6.119653e+01,6.069106e+01,6.100580e+01,6.027400e+01,6.026271e+01,6.025142e+01,5.977634e+01,5.964029e+01,5.957220e+01,5.910606e+01,5.896931e+01,5.890088e+01,5.843234e+01,5.840944e+01,5.780116e+01,5.773211e+01,5.758240e+01,5.744405e+01,5.697022e+01,5.681963e+01,5.663403e+01,5.614557e+01,5.599400e+01,5.592399e+01,5.544453e+01,5.529213e+01,5.468070e+01,5.458637e+01,5.433843e+01,5.371050e+01,5.368674e+01,5.359167e+01,5.307942e+01,5.292414e+01,5.274473e+01,5.207266e+01,5.181969e+01,5.173526e+01,5.123954e+01,5.114259e+01,5.097273e+01,5.086341e+01,5.011990e+01,4.986289e+01,4.977710e+01,4.955622e+01,4.896524e+01,4.887882e+01,4.843337e+01,4.789914e+01,4.772470e+01,4.772470e+01,4.712466e+01,4.703690e+01,4.693653e+01,4.637035e+01,4.630728e+01,4.567467e+01,4.564930e+01,4.559853e+01,4.536982e+01,4.484719e+01,4.484719e+01,4.484719e+01,4.484719e+01,4.484719e+01,4.450174e+01,4.427088e+01,4.415527e+01,4.367881e+01,4.378199e+01,4.345923e+01,4.345923e+01,4.292796e+01,4.277200e+01,4.253766e+01,4.242032e+01,4.242032e+01,4.242032e+01,4.188422e+01,4.188422e+01,4.188422e+01,4.188422e+01,4.188422e+01,4.188422e+01,4.188422e+01,4.188422e+01,4.188422e+01,4.188422e+01,4.188422e+01,4.188422e+01,4.188422e+01,4.188422e+01,4.188422e+01,4.242032e+01,4.205447e+01,4.215912e+01,4.215912e+01,4.191043e+01,4.242032e+01,4.242032e+01,4.242032e+01,4.242032e+01,4.242032e+01,4.242032e+01,4.242032e+01,4.242032e+01,4.242032e+01,4.242032e+01,4.242032e+01,4.242032e+01,4.242032e+01,4.242032e+01,4.242032e+01,4.242032e+01,4.242032e+01,4.242032e+01,4.242032e+01,4.242032e+01,4.242032e+01,4.295393e+01,4.243336e+01,4.296691e+01,4.296691e+01,4.243336e+01,4.296691e+01,4.312261e+01,4.307073e+01,4.277200e+01,4.335576e+01,4.334282e+01,4.332988e+01,4.348509e+01,4.357553e+01,4.327810e+01,4.352386e+01,4.351093e+01,4.361427e+01,4.344630e+01,4.318742e+01,4.318742e+01,4.318742e+01,4.353678e+01,4.343337e+01,4.351093e+01,4.351093e+01,4.351093e+01,4.351093e+01,4.351093e+01,4.351093e+01,4.351093e+01,4.351093e+01,4.351093e+01,4.387220e+01,4.387220e+01,4.387220e+01,4.387220e+01,4.387220e+01,4.387220e+01,4.387220e+01,4.439919e+01,4.438637e+01,4.437354e+01,4.436071e+01,4.398809e+01,4.400096e+01,4.443766e+01,4.442484e+01,4.403955e+01,4.425804e+01,4.405242e+01,4.397522e+01,4.397522e+01,4.450174e+01,4.396235e+01,4.448893e+01,4.393660e+01,4.393660e+01,4.393660e+01,4.446329e+01,4.442484e+01,4.438637e+01,4.434788e+01,4.441201e+01,4.384644e+01,4.437354e+01,4.443766e+01,4.438637e+01,4.433505e+01,4.439919e+01,4.434788e+01,4.441201e+01,4.436071e+01,4.446329e+01,4.457859e+01,4.434788e+01,4.439919e+01,4.443766e+01,4.466819e+01,4.484719e+01,4.484719e+01,4.484719e+01,4.484719e+01,4.484719e+01,4.484719e+01,4.536982e+01,4.543340e+01,4.549694e+01,4.556044e+01,4.550964e+01,4.557314e+01,4.552234e+01,4.547152e+01,4.553505e+01,4.548423e+01,4.554774e+01,4.549694e+01,4.503866e+01,4.503866e+01,4.503866e+01,4.503866e+01,4.503866e+01,4.503866e+01,4.503866e+01,4.503866e+01,4.503866e+01,4.503866e+01,4.457859e+01,4.457859e+01,4.457859e+01,4.457859e+01,4.457859e+01,4.457859e+01,4.457859e+01,4.457859e+01,4.457859e+01,4.405242e+01,4.405242e+01,4.405242e+01,4.405242e+01,4.405242e+01,4.405242e+01,4.405242e+01,4.405242e+01,4.374331e+01,4.374331e+01,4.374331e+01,4.374331e+01,4.321333e+01,4.364009e+01,4.326514e+01,4.326514e+01,4.326514e+01,4.326514e+01,4.326514e+01,4.273298e+01,4.266791e+01,4.262885e+01,4.292796e+01,4.279800e+01,4.235508e+01,4.268092e+01,4.234202e+01,4.234202e+01,4.234202e+01,4.180556e+01,4.227673e+01,4.191043e+01
3.534114e+01,3.534114e+01,3.534114e+01,3.534114e+01,3.590948e+01,3.590948e+01,3.647488e+01,3.604765e+01,3.611667e+01,3.618565e+01,3.637855e+01,3.637855e+01,3.637855e+01,3.695523e+01,3.695523e+01,3.695523e+01,3.695523e+01,3.695523e+01,3.695523e+01,3.751528e+01,3.769226e+01,3.769226e+01,3.769226e+01,3.769226e+01,3.769226e+01,3.769226e+01,3.769226e+01,3.769226e+01,3.807250e+01,3.774666e+01,3.835683e+01,3.835683e+01,3.890985e+01,3.841090e+01,3.862694e+01,3.890985e+01,3.924573e+01,3.915179e+01,3.915179e+01,3.915179e+01,3.915179e+01,3.915179e+01,3.915179e+01,3.963409e+01,3.963409e+01,3.963409e+01,3.963409e+01,3.963409e+01,3.963409e+01,3.963409e+01,4.018087e+01,4.028725e+01,4.028725e+01,4.028725e+01,4.028725e+01,4.028725e+01,4.028725e+01,4.028725e+01,4.028725e+01,4.028725e+01,4.028725e+01,4.028725e+01,4.075150e+01,4.075150e+01,4.075150e+01,4.075150e+01,4.075150e+01,4.075150e+01,4.075150e+01,4.075150e+01,4.075150e+01,4.075150e+01,4.075150e+01,4.075150e+01,4.075150e+01,4.075150e+01,4.075150e+01,4.075150e+01,4.075150e+01,4.075150e+01,4.075150e+01,4.075150e+01,4.124021e+01,4.124021e+01,4.124021e+01,4.124021e+01,4.180556e+01,4.180556e+01,4.180556e+01,4.180556e+01,4.180556e+01,4.180556e+01,4.234202e+01,4.228979e+01,4.228979e+01,4.228979e+01,4.228979e+01,4.282401e+01,4.281101e+01,4.296691e+01,4.309667e+01,4.313557e+01,4.327810e+01,4.340751e+01,4.340751e+01,4.340751e+01,4.393660e+01,4.370461e+01,4.428371e+01,4.428371e+01,4.428371e+01,4.468099e+01,4.484719e+01,4.550964e+01,4.573809e+01,4.573809e+01,4.615576e+01,4.658456e+01,4.678581e+01,4.678581e+01,4.726244e+01,4.759994e+01,4.747505e+01,4.768728e+01,4.834657e+01,4.830934e+01,4.868105e+01,4.880469e+01,4.886647e+01,4.911326e+01,4.943334e+01,4.976484e+01,4.987514e+01,5.015657e+01,5.049831e+01,5.082695e+01,5.105769e+01,5.140903e+01,5.168699e+01,5.156621e+01,5.174733e+01,5.239715e+01,5.262498e+01,5.272079e+01,5.292414e+01,5.319873e+01,5.341321e+01,5.359167e+01,5.381735e+01,5.406631e+01,5.420836e+01,5.443294e+01,5.476318e+01,5.506907e+01,5.530386e+01,5.537421e+01,5.562015e+01,5.564355e+01,5.593566e+01,5.607564e+01,5.622711e+01,5.640166e+01,5.677325e+01,5.684280e+01,5.699338e+01,5.693549e+01,5.757087e+01,5.762848e+01,5.754782e+01,5.781266e+01,5.781266e+01,5.805400e+01,5.819170e+01,5.803103e+01,5.839799e+01,5.844379e+01,5.880959e+01,5.839799e+01,5.860395e+01,5.923128e+01,5.919714e+01,5.900351e+01,5.919714e+01,5.941322e+01,5.965163e+01,5.978767e+01,5.945866e+01,5.952680e+01,5.966297e+01,5.988961e+01,5.965163e+01,5.985564e+01,6.001409e+01,5.998016e+01,5.998016e+01,6.013846e+01,6.049960e+01,6.020625e+01,6.031915e+01,6.025142e+01,6.053341e+01,6.067980e+01,6.078106e+01,6.089347e+01,6.043196e+01,6.053341e+01,6.069106e+01,6.079230e+01,6.091595e+01,6.055594e+01,6.075856e+01,6.085976e+01,6.101702e+01,6.061226e+01,6.080355e+01,6.094965e+01,6.097211e+01,6.096088e+01,6.103947e+01,6.065729e+01,6.083728e+01,6.092718e+01,6.114046e+01,6.107314e+01,6.100580e+01,6.119653e+01,6.140937e+01,6.131980e+01,6.137579e+01,6.107314e+01,6.129739e+01,6.137579e+01,6.145414e+01,6.108437e+01,6.131980e+01,6.125257e+01,6.131980e+01,6.140937e+01,6.145414e+01,6.156599e+01,6.155481e+01,6.130859e+01,6.135340e+01,6.149889e+01,6.168892e+01,6.172243e+01,6.175593e+01,6.167775e+01,6.172243e+01,6.197904e+01,6.196789e+01,6.199018e+01,6.157718e+01,6.158835e+01,6.159953e+01,6.161071e+01,6.162189e+01,6.172243e+01,6.173360e+01,6.174476e+01,6.175593e+01,6.176709e+01,6.186753e+01,6.185637e+01,6.204590e+01,6.204590e+01,6.204590e+01,6.204590e+01,6.206818e+01,6.206818e+01,6.206818e+01,6.206818e+01,6.217952e+01,6.217952e+01,6.217952e+01,6.217952e+01,6.221291e+01,6.221291e+01,6.175593e+01,6.197904e+01,6.196789e+01,6.204590e+01,6.209045e+01,6.227965e+01,6.226853e+01,6.217952e+01,6.216839e+01,6.229077e+01,6.201247e+01,6.200133e+01,6.205704e+01,6.219065e+01,6.217952e+01,6.216839e+01,6.231301e+01,6.230189e+01,6.229077e+01,6.245747e+01,6.259069e+01,6.217952e+01,6.231301e+01,6.237970e+01,6.245747e+01,6.257959e+01,6.256849e+01,6.267942e+01,6.273486e+01,6.266833e+01,6.234636e+01,6.279026e+01,6.277918e+01,6.250189e+01,6.249079e+01,6.247969e+01,6.246858e+01,6.256849e+01,6.255740e+01,6.254630e+01,6.256849e+01,6.301167e+01,6.298954e+01,6.298954e+01,6.270160e+01,6.286780e+01,6.286780e+01,6.283457e+01,6.276810e+01,6.285672e+01,6.298954e+01,6.298954e+01,6.307802e+01,6.307802e+01,6.307802e+01,6.277918e+01,6.294529e+01,6.313329e+01,6.313329e+01,6.322167e+01,6.322167e+01,6.329896e+01,6.323272e+01,6.323272e+01,6.323272e+01,6.323272e+01,6.337620e+01,6.292315e+01,6.291208e+01,6.290101e+01,6.288994e+01,6.290101e+01,6.280134e+01,6.286780e+01,6.285672e+01,6.284565e+01,6.283457e+01,6.282350e+01,6.235748e+01,6.234636e+01,6.233524e+01,6.223516e+01,6.230189e+01,6.183406e+01,6.173360e+01,6.166658e+01,6.164424e+01,6.162189e+01,6.159953e+01,6.111802e+01,6.101702e+01,6.094965e+01,6.091595e+01,6.088224e+01,6.031915e+01,6.042068e+01,6.021754e+01,6.014976e+01,5.968565e+01,5.957220e+01,5.903770e+01,5.900351e+01,5.888947e+01,5.880959e+01,5.829488e+01,5.818023e+01,5.809991e+01,5.800806e+01,5.772060e+01,5.724780e+01,5.721313e+01,5.712065e+01,5.651790e+01,5.648304e+01,5.591232e+01,5.583058e+01,5.529213e+01,5.517477e+01,5.509256e+01,5.499854e+01,5.469249e+01,5.440932e+01,5.371050e+01,5.362733e+01,5.313909e+01,5.301972e+01,5.244515e+01,5.240915e+01,5.228908e+01,5.187997e+01,5.183175e+01,5.156621e+01,5.092415e+01,5.085126e+01,5.027873e+01,5.015657e+01,4.992413e+01,4.987514e+01,4.937185e+01,4.924878e+01,4.897758e+01,4.870578e+01,4.852011e+01,4.766233e+01,4.766233e+01,4.714972e+01,4.702436e+01,4.702436e+01,4.650900e+01,4.678581e+01,4.604200e+01,4.568736e+01,4.568736e+01,4.568736e+01,4.536982e+01,4.502591e+01,4.502591e+01,4.502591e+01,4.450174e+01,4.445048e+01,4.441201e+01,4.441201e+01,4.388509e+01,4.369171e+01,4.357553e+01,4.347216e+01,4.327810e+01,4.310964e+01,4.310964e+01,4.253766e+01,4.253766e+01,4.253766e+01,4.253766e+01,4.188422e+01,4.188422e+01,4.188422e+01,4.188422e+01,4.188422e+01,4.188422e+01,4.188422e+01,4.188422e+01,4.188422e+01,4.188422e+01,4.188422e+01,4.188422e+01,4.188422e+01,4.188422e+01,4.188422e+01,4.242032e+01,4.206756e+01,4.206756e+01,4.206756e+01,4.260281e+01,4.269394e+01,4.225061e+01,4.278500e+01,4.232896e+01,4.286300e+01,4.236813e+01,4.290198e+01,4.239423e+01,4.239423e+01,4.292796e+01,4.240727e+01,4.294094e+01,4.294094e+01,4.294094e+01,4.294094e+01,4.294094e+01,4.294094e+01,4.294094e+01,4.294094e+01,4.294094e+01,4.253766e+01,4.255069e+01,4.264187e+01,4.278500e+01,4.258978e+01,4.264187e+01,4.278500e+01,4.312261e+01,4.286300e+01,4.300586e+01,4.317446e+01,4.317446e+01,4.317446e+01,4.317446e+01,4.357553e+01,4.329104e+01,4.382066e+01,4.387220e+01,4.340751e+01,4.340751e+01,4.340751e+01,4.340751e+01,4.340751e+01,4.340751e+01,4.340751e+01,4.340751e+01,4.340751e+01,4.340751e+01,4.393660e+01,4.393660e+01,4.393660e+01,4.393660e+01,4.393660e+01,4.403955e+01,4.405242e+01,4.405242e+01,4.405242e+01,4.405242e+01,4.405242e+01,4.405242e+01,4.405242e+01,4.439919e+01,4.439919e+01,4.439919e+01,4.439919e+01,4.439919e+01,4.439919e+01,4.439919e+01,4.439919e+01,4.439919e+01,4.439919e+01,4.439919e+01,4.439919e+01,4.439919e+01,4.439919e+01,4.439919e+01,4.439919e+01,4.439919e+01,4.439919e+01,4.439919e+01,4.439919e+01,4.439919e+01,4.439919e+01,4.439919e+01,4.439919e+01,4.439919e+01,4.439919e+01,4.439919e+01,4.439919e+01,4.439919e+01,4.439919e+01,4.439919e+01,4.439919e+01,4.439919e+01,4.439919e+01,4.439919e+01,4.439919e+01,4.439919e+01,4.439919e+01,4.466819e+01,4.466819e+01,4.466819e+01,4.519162e+01,4.524256e+01,4.529348e+01,4.488551e+01,4.519162e+01,4.571273e+01,4.524256e+01,4.524256e+01,4.524256e+01,4.557314e+01,4.557314e+01,4.557314e+01,4.557314e+01,4.557314e+01,4.557314e+01,4.505142e+01,4.494934e+01,4.547152e+01,4.494934e+01,4.494934e+01,4.494934e+01,4.494934e+01,4.494934e+01,4.494934e+01,4.494934e+01,4.494934e+01,4.494934e+01,4.494934e+01,4.494934e+01,4.457859e+01,4.457859e+01,4.457859e+01,4.457859e+01,4.457859e+01,4.457859e+01,4.405242e+01,4.405242e+01,4.405242e+01,4.405242e+01,4.405242e+01,4.405242e+01,4.405242e+01,4.405242e+01,4.405242e+01,4.374331e+01,4.374331e+01,4.374331e+01,4.374331e+01,4.374331e+01,4.326514e+01,4.326514e+01,4.326514e+01,4.326514e+01,4.326514e+01,4.326514e+01,4.326514e+01,4.262885e+01,4.291497e+01,4.260281e+01,4.269394e+01,4.261583e+01,4.235508e+01,4.235508e+01,4.235508e+01,4.235508e+01,4.181867e+01,4.180556e+01
3.534114e+01,3.534114e+01,3.534114e+01,3.590948e+01,3.600622e+01,3.564648e+01,3.585417e+01,3.640608e+01,3.644736e+01,3.648863e+01,3.652988e+01,3.652988e+01,3.652988e+01,3.695523e+01,3.695523e+01,3.695523e+01,3.695523e+01,3.695523e+01,3.751528e+01,3.705105e+01,3.724244e+01,3.725610e+01,3.777385e+01,3.777385e+01,3.777385e+01,3.777385e+01,3.777385e+01,3.777385e+01,3.777385e+01,3.832978e+01,3.788254e+01,3.862694e+01,3.849196e+01,3.842442e+01,3.884256e+01,3.851897e+01,3.869437e+01,3.870784e+01,3.927256e+01,3.927256e+01,3.927256e+01,3.927256e+01,3.927256e+01,3.927256e+01,3.927256e+01,3.927256e+01,3.963409e+01,3.963409e+01,3.963409e+01,3.963409e+01,3.963409e+01,3.974099e+01,3.976770e+01,4.034040e+01,4.034040e+01,4.034040e+01,4.034040e+01,4.034040e+01,4.034040e+01,4.034040e+01,4.034040e+01,4.034040e+01,4.034040e+01,4.034040e+01,4.034040e+01,4.075150e+01,4.075150e+01,4.075150e+01,4.075150e+01,4.075150e+01,4.075150e+01,4.075150e+01,4.075150e+01,4.075150e+01,4.075150e+01,4.075150e+01,4.075150e+01,4.075150e+01,4.075150e+01,4.075150e+01,4.075150e+01,4.075150e+01,4.124021e+01,4.124021e+01,4.124021e+01,4.124021e+01,4.126657e+01,4.183178e+01,4.183178e+01,4.183178e+01,4.183178e+01,4.183178e+01,4.183178e+01,4.228979e+01,4.228979e+01,4.228979e+01,4.228979e+01,4.282401e+01,4.282401e+01,4.282401e+01,4.282401e+01,4.282401e+01,4.282401e+01,4.287599e+01,4.344630e+01,4.364009e+01,4.375620e+01,4.389796e+01,4.410386e+01,4.410386e+01,4.462980e+01,4.471936e+01,4.503866e+01,4.533165e+01,4.533165e+01,4.573809e+01,4.606729e+01,4.631990e+01,4.649640e+01,4.658456e+01,4.693653e+01,4.712466e+01,4.717478e+01,4.747505e+01,4.796139e+01,4.799871e+01,4.822245e+01,4.839618e+01,4.901460e+01,4.931033e+01,4.958078e+01,4.924878e+01,4.951937e+01,4.980162e+01,5.014435e+01,5.032756e+01,5.071750e+01,5.106982e+01,5.120319e+01,5.126377e+01,5.152996e+01,5.201248e+01,5.172319e+01,5.237314e+01,5.261301e+01,5.274473e+01,5.303166e+01,5.317488e+01,5.306748e+01,5.369862e+01,5.380548e+01,5.418470e+01,5.403078e+01,5.424385e+01,5.455098e+01,5.477496e+01,5.492798e+01,5.510431e+01,5.530386e+01,5.551480e+01,5.573709e+01,5.558504e+01,5.634350e+01,5.648304e+01,5.659920e+01,5.629696e+01,5.665725e+01,5.678485e+01,5.692390e+01,5.710908e+01,5.724780e+01,5.740944e+01,5.761696e+01,5.775513e+01,5.798509e+01,5.769758e+01,5.792764e+01,5.785866e+01,5.822610e+01,5.811139e+01,5.830635e+01,5.837508e+01,5.863824e+01,5.851245e+01,5.867253e+01,5.871824e+01,5.885524e+01,5.899211e+01,5.919714e+01,5.933365e+01,5.933365e+01,5.903770e+01,5.926542e+01,5.933365e+01,5.940186e+01,5.968565e+01,5.944730e+01,5.958355e+01,5.976500e+01,5.942458e+01,5.962894e+01,5.984431e+01,5.954950e+01,5.971967e+01,5.978767e+01,5.994621e+01,5.969699e+01,5.985564e+01,5.988961e+01,5.988961e+01,6.014976e+01,5.984431e+01,5.990093e+01,5.996884e+01,6.020625e+01,5.993489e+01,5.999147e+01,6.002541e+01,6.046579e+01,6.039813e+01,6.053341e+01,6.011586e+01,6.036429e+01,6.039813e+01,6.043196e+01,6.065729e+01,6.044324e+01,6.046579e+01,6.043196e+01,6.043196e+01,6.067980e+01,6.078106e+01,6.076981e+01,6.040941e+01,6.056720e+01,6.058973e+01,6.067980e+01,6.079230e+01,6.085976e+01,6.053341e+01,6.058973e+01,6.058973e+01,6.064603e+01,6.080355e+01,6.100580e+01,6.105070e+01,6.109558e+01,6.110681e+01,6.080355e+01,6.098334e+01,6.099457e+01,6.092718e+01,6.099457e+01,6.101702e+01,6.103947e+01,6.106192e+01,6.108437e+01,6.119653e+01,6.121895e+01,6.124137e+01,6.126378e+01,6.128619e+01,6.093842e+01,6.094965e+01,6.115167e+01,6.116289e+01,6.117410e+01,6.118531e+01,6.121895e+01,6.123016e+01,6.124137e+01,6.125257e+01,6.137579e+01,6.138699e+01,6.139818e+01,6.140937e+01,6.145414e+01,6.136459e+01,6.129739e+01,6.107314e+01,6.153245e+01,6.116289e+01,6.120774e+01,6.139818e+01,6.139818e+01,6.139818e+01,6.139818e+01,6.143176e+01,6.143176e+01,6.143176e+01,6.148771e+01,6.162189e+01,6.162189e+01,6.162189e+01,6.130859e+01,6.175593e+01,6.175593e+01,6.146533e+01,6.151008e+01,6.157718e+01,6.170009e+01,6.175593e+01,6.182290e+01,6.193444e+01,6.192329e+01,6.202362e+01,6.161071e+01,6.166658e+01,6.181174e+01,6.199018e+01,6.190099e+01,6.190099e+01,6.187868e+01,6.185637e+01,6.183406e+01,6.191214e+01,6.188984e+01,6.186753e+01,6.204590e+01,6.222403e+01,6.220178e+01,6.211273e+01,6.211273e+01,6.225740e+01,6.223516e+01,6.221291e+01,6.219065e+01,6.225740e+01,6.236859e+01,6.234636e+01,6.241304e+01,6.239082e+01,6.230189e+01,6.230189e+01,6.244637e+01,6.215726e+01,6.213499e+01,6.220178e+01,6.239082e+01,6.244637e+01,6.242415e+01,6.240193e+01,6.237970e+01,6.235748e+01,6.241304e+01,6.234636e+01,6.232413e+01,6.230189e+01,6.227965e+01,6.226853e+01,6.224628e+01,6.229077e+01,6.226853e+01,6.224628e+01,6.222403e+01,6.213499e+01,6.206818e+01,6.202362e+01,6.197904e+01,6.193444e+01,6.145414e+01,6.138699e+01,6.136459e+01,6.134220e+01,6.129739e+01,6.125257e+01,6.070231e+01,6.063477e+01,6.061226e+01,6.058973e+01,6.008194e+01,5.998016e+01,5.991225e+01,5.999147e+01,5.996884e+01,5.940186e+01,5.933365e+01,5.921990e+01,5.904910e+01,5.858108e+01,5.855821e+01,5.797360e+01,5.790465e+01,5.788166e+01,5.735173e+01,5.725935e+01,5.701653e+01,5.694707e+01,5.687757e+01,5.628532e+01,5.621547e+01,5.608730e+01,5.536249e+01,5.525694e+01,5.517477e+01,5.469249e+01,5.466891e+01,5.409000e+01,5.392411e+01,5.367486e+01,5.359167e+01,5.292414e+01,5.284045e+01,5.270882e+01,5.245715e+01,5.196431e+01,5.185587e+01,5.127588e+01,5.116683e+01,5.091201e+01,5.081479e+01,5.062013e+01,4.994862e+01,4.987514e+01,4.980162e+01,4.910093e+01,4.900227e+01,4.895290e+01,4.830934e+01,4.830934e+01,4.817276e+01,4.767481e+01,4.746255e+01,4.731250e+01,4.702436e+01,4.681095e+01,4.631990e+01,4.637035e+01,4.635774e+01,4.563661e+01,4.563661e+01,4.563661e+01,4.484719e+01,4.484719e+01,4.484719e+01,4.484719e+01,4.450174e+01,4.450174e+01,4.450174e+01,4.450174e+01,4.388509e+01,4.388509e+01,4.388509e+01,4.347216e+01,4.294094e+01,4.286300e+01,4.317446e+01,4.277200e+01,4.277200e+01,4.223754e+01,4.209373e+01,4.177932e+01,4.177932e+01,4.177932e+01,4.177932e+01,4.177932e+01,4.177932e+01,4.177932e+01,4.177932e+01,4.177932e+01,4.177932e+01,4.177932e+01,4.177932e+01,4.231591e+01,4.234202e+01,4.245945e+01,4.235508e+01,4.262885e+01,4.211989e+01,4.232896e+01,4.243336e+01,4.231591e+01,4.245945e+01,4.238118e+01,4.253766e+01,4.245945e+01,4.257675e+01,4.249856e+01,4.240727e+01,4.261583e+01,4.305776e+01,4.292796e+01,4.304479e+01,4.304479e+01,4.304479e+01,4.304479e+01,4.304479e+01,4.304479e+01,4.304479e+01,4.304479e+01,4.304479e+01,4.304479e+01,4.304479e+01,4.304479e+01,4.304479e+01,4.304479e+01,4.304479e+01,4.304479e+01,4.304479e+01,4.304479e+01,4.357553e+01,4.358844e+01,4.366590e+01,4.367881e+01,4.326514e+01,4.338164e+01,4.352386e+01,4.365300e+01,4.349801e+01,4.394947e+01,4.343337e+01,4.396235e+01,4.343337e+01,4.396235e+01,4.396235e+01,4.343337e+01,4.396235e+01,4.342044e+01,4.362718e+01,4.376910e+01,4.376910e+01,4.376910e+01,4.376910e+01,4.376910e+01,4.403955e+01,4.403955e+01,4.403955e+01,4.456579e+01,4.401382e+01,4.454018e+01,4.450174e+01,4.460420e+01,4.460420e+01,4.460420e+01,4.460420e+01,4.460420e+01,4.460420e+01,4.460420e+01,4.460420e+01,4.460420e+01,4.460420e+01,4.460420e+01,4.460420e+01,4.460420e+01,4.460420e+01,4.460420e+01,4.460420e+01,4.460420e+01,4.460420e+01,4.460420e+01,4.460420e+01,4.460420e+01,4.407814e+01,4.452737e+01,4.452737e+01,4.452737e+01,4.400096e+01,4.446329e+01,4.446329e+01,4.446329e+01,4.446329e+01,4.446329e+01,4.446329e+01,4.446329e+01,4.446329e+01,4.446329e+01,4.446329e+01,4.446329e+01,4.446329e+01,4.446329e+01,4.498763e+01,4.503866e+01,4.517888e+01,4.529348e+01,4.529348e+01,4.529348e+01,4.529348e+01,4.529348e+01,4.529348e+01,4.529348e+01,4.529348e+01,4.529348e+01,4.529348e+01,4.529348e+01,4.529348e+01,4.529348e+01,4.529348e+01,4.529348e+01,4.529348e+01,4.529348e+01,4.529348e+01,4.529348e+01,4.529348e+01,4.529348e+01,4.494934e+01,4.494934e+01,4.494934e+01,4.494934e+01,4.494934e+01,4.494934e+01,4.494934e+01,4.494934e+01,4.457859e+01,4.457859e+01,4.457859e+01,4.457859e+01,4.457859e+01,4.457859e+01,4.405242e+01,4.405242e+01,4.405242e+01,4.405242e+01,4.405242e+01,4.405242e+01,4.405242e+01,4.405242e+01,4.405242e+01,4.405242e+01,4.405242e+01,4.405242e+01,4.374331e+01,4.353678e+01,4.343337e+01,4.343337e+01,4.343337e+01,4.343337e+01,4.343337e+01,4.343337e+01,4.290198e+01,4.279800e+01,4.271996e+01,4.262885e+01,4.262885e+01,4.262885e+01,4.262885e+01,4.262885e+01,4.235508e+01,4.214605e+01,4.198902e+01,4.198902e+01
3.534114e+01,3.534114e+01,3.590948e+01,3.602003e+01,3.579882e+01,3.567419e+01,3.607527e+01,3.622702e+01,3.622702e+01,3.622702e+01,3.622702e+01,3.652988e+01,3.674962e+01,3.692784e+01,3.692784e+01,3.692784e+01,3.692784e+01,3.692784e+01,3.751528e+01,3.722878e+01,3.722878e+01,3.722878e+01,3.777385e+01,3.777385e+01,3.777385e+01,3.777385e+01,3.777385e+01,3.777385e+01,3.832978e+01,3.828920e+01,3.828920e+01,3.859996e+01,3.859996e+01,3.859996e+01,3.859996e+01,3.859996e+01,3.859996e+01,3.859996e+01,3.927256e+01,3.927256e+01,3.927256e+01,3.927256e+01,3.927256e+01,3.927256e+01,3.927256e+01,3.927256e+01,3.963409e+01,3.963409e+01,3.963409e+01,3.963409e+01,3.963409e+01,4.018087e+01,3.975434e+01,4.015426e+01,4.015426e+01,4.015426e+01,4.015426e+01,4.015426e+01,4.015426e+01,4.069854e+01,4.075150e+01,4.026067e+01,4.026067e+01,4.026067e+01,4.026067e+01,4.075150e+01,4.075150e+01,4.075150e+01,4.075150e+01,4.075150e+01,4.075150e+01,4.075150e+01,4.075150e+01,4.075150e+01,4.075150e+01,4.075150e+01,4.075150e+01,4.075150e+01,4.075150e+01,4.075150e+01,4.075150e+01,4.075150e+01,4.075150e+01,4.075150e+01,4.124021e+01,4.124021e+01,4.124021e+01,4.129292e+01,4.187111e+01,4.187111e+01,4.187111e+01,4.187111e+01,4.187111e+01,4.187111e+01,4.228979e+01,4.228979e+01,4.228979e+01,4.228979e+01,4.282401e+01,4.282401e+01,4.282401e+01,4.282401e+01,4.282401e+01,4.335576e+01,4.301883e+01,4.325219e+01,4.332988e+01,4.351093e+01,4.367881e+01,4.385932e+01,4.421951e+01,4.434788e+01,4.465540e+01,4.480885e+01,4.544611e+01,4.536982e+01,4.556044e+01,4.585214e+01,4.606729e+01,4.628204e+01,4.649640e+01,4.672296e+01,4.681095e+01,4.719983e+01,4.731250e+01,4.789914e+01,4.789914e+01,4.839618e+01,4.838377e+01,4.874289e+01,4.885411e+01,4.891587e+01,4.917488e+01,4.944563e+01,4.965444e+01,4.996087e+01,5.033977e+01,5.055924e+01,5.074183e+01,5.092415e+01,5.127588e+01,5.144532e+01,5.160246e+01,5.209673e+01,5.180764e+01,5.206063e+01,5.226505e+01,5.245715e+01,5.311523e+01,5.305554e+01,5.328218e+01,5.357978e+01,5.362733e+01,5.395967e+01,5.413736e+01,5.440932e+01,5.451558e+01,5.473962e+01,5.489268e+01,5.515129e+01,5.532732e+01,5.550310e+01,5.562015e+01,5.580721e+01,5.583058e+01,5.588897e+01,5.616887e+01,5.634350e+01,5.652952e+01,5.628532e+01,5.645979e+01,5.665725e+01,5.690074e+01,5.707438e+01,5.721313e+01,5.721313e+01,5.747865e+01,5.759392e+01,5.736327e+01,5.739790e+01,5.809991e+01,5.788166e+01,5.806548e+01,5.811139e+01,5.831780e+01,5.831780e+01,5.850101e+01,5.859252e+01,5.837508e+01,5.854677e+01,5.845523e+01,5.845523e+01,5.871824e+01,5.882100e+01,5.853533e+01,5.867253e+01,5.867253e+01,5.884383e+01,5.893510e+01,5.893510e+01,5.917437e+01,5.883242e+01,5.883242e+01,5.903770e+01,5.914022e+01,5.919714e+01,5.919714e+01,5.892369e+01,5.899211e+01,5.909467e+01,5.920852e+01,5.920852e+01,5.929954e+01,5.947002e+01,5.956086e+01,5.956086e+01,5.918576e+01,5.939049e+01,5.956086e+01,5.958355e+01,5.962894e+01,5.971967e+01,5.942458e+01,5.948138e+01,5.953815e+01,5.978767e+01,5.981033e+01,5.985564e+01,5.987828e+01,5.998016e+01,5.967431e+01,5.979900e+01,5.969699e+01,5.983298e+01,6.001409e+01,5.959490e+01,5.969699e+01,5.982166e+01,5.978767e+01,5.992357e+01,5.999147e+01,6.000278e+01,6.007064e+01,5.977634e+01,5.998016e+01,6.002541e+01,6.007064e+01,5.998016e+01,6.011586e+01,5.983298e+01,6.003671e+01,6.003671e+01,6.010455e+01,6.012716e+01,6.014976e+01,6.017236e+01,6.019495e+01,6.030787e+01,6.033044e+01,6.035300e+01,6.037557e+01,6.029658e+01,6.029658e+01,6.030787e+01,6.051087e+01,6.052214e+01,6.053341e+01,6.054467e+01,6.057847e+01,6.058973e+01,6.060099e+01,6.061226e+01,6.027400e+01,6.047706e+01,6.047706e+01,6.047706e+01,6.051087e+01,6.049960e+01,6.048833e+01,6.065729e+01,6.080355e+01,6.072482e+01,6.029658e+01,6.046579e+01,6.044324e+01,6.042068e+01,6.039813e+01,6.040941e+01,6.084852e+01,6.083728e+01,6.088224e+01,6.054467e+01,6.073606e+01,6.063477e+01,6.078106e+01,6.096088e+01,6.085976e+01,6.085976e+01,6.088224e+01,6.092718e+01,6.102825e+01,6.106192e+01,6.110681e+01,6.119653e+01,6.117410e+01,6.118531e+01,6.110681e+01,6.114046e+01,6.126378e+01,6.096088e+01,6.115167e+01,6.112924e+01,6.110681e+01,6.108437e+01,6.106192e+01,6.157718e+01,6.153245e+01,6.148771e+01,6.119653e+01,6.135340e+01,6.133100e+01,6.130859e+01,6.128619e+01,6.140937e+01,6.138699e+01,6.136459e+01,6.134220e+01,6.138699e+01,6.147652e+01,6.145414e+01,6.149889e+01,6.147652e+01,6.145414e+01,6.143176e+01,6.147652e+01,6.147652e+01,6.145414e+01,6.149889e+01,6.166658e+01,6.170009e+01,6.167775e+01,6.165541e+01,6.163306e+01,6.161071e+01,6.164424e+01,6.162189e+01,6.159953e+01,6.157718e+01,6.155481e+01,6.153245e+01,6.151008e+01,6.153245e+01,6.151008e+01,6.148771e+01,6.146533e+01,6.144295e+01,6.142057e+01,6.139818e+01,6.137579e+01,6.082603e+01,6.089347e+01,6.087100e+01,6.084852e+01,6.082603e+01,6.034172e+01,6.024013e+01,6.016106e+01,6.012716e+01,6.009325e+01,5.952680e+01,5.959490e+01,5.956086e+01,5.952680e+01,5.910606e+01,5.899211e+01,5.844379e+01,5.840944e+01,5.837508e+01,5.826050e+01,5.769758e+01,5.758240e+01,5.747865e+01,5.744405e+01,5.732864e+01,5.675006e+01,5.664564e+01,5.664564e+01,5.612226e+01,5.600567e+01,5.590064e+01,5.538594e+01,5.526867e+01,5.516303e+01,5.468070e+01,5.456278e+01,5.445656e+01,5.378174e+01,5.367486e+01,5.356789e+01,5.304360e+01,5.292414e+01,5.281653e+01,5.232511e+01,5.221698e+01,5.196431e+01,5.136063e+01,5.123954e+01,5.111834e+01,5.093630e+01,5.043736e+01,5.038857e+01,5.026652e+01,4.997311e+01,4.947022e+01,4.934724e+01,4.897758e+01,4.897758e+01,4.847055e+01,4.818519e+01,4.767481e+01,4.755000e+01,4.742506e+01,4.742506e+01,4.691143e+01,4.686120e+01,4.659715e+01,4.649640e+01,4.597874e+01,4.583948e+01,4.550964e+01,4.550964e+01,4.498763e+01,4.471936e+01,4.471936e+01,4.471936e+01,4.471936e+01,4.419382e+01,4.465540e+01,4.465540e+01,4.412957e+01,4.391084e+01,4.391084e+01,4.391084e+01,4.347216e+01,4.312261e+01,4.270695e+01,4.282401e+01,4.271996e+01,4.249856e+01,4.226367e+01,4.247248e+01,4.230285e+01,4.181867e+01,4.181867e+01,4.181867e+01,4.181867e+01,4.181867e+01,4.181867e+01,4.181867e+01,4.181867e+01,4.181867e+01,4.181867e+01,4.235508e+01,4.248552e+01,4.248552e+01,4.248552e+01,4.248552e+01,4.248552e+01,4.248552e+01,4.248552e+01,4.248552e+01,4.248552e+01,4.248552e+01,4.248552e+01,4.248552e+01,4.248552e+01,4.248552e+01,4.301883e+01,4.296691e+01,4.309667e+01,4.322629e+01,4.322629e+01,4.269394e+01,4.317446e+01,4.317446e+01,4.317446e+01,4.317446e+01,4.317446e+01,4.317446e+01,4.317446e+01,4.317446e+01,4.317446e+01,4.317446e+01,4.317446e+01,4.317446e+01,4.317446e+01,4.317446e+01,4.317446e+01,4.317446e+01,4.317446e+01,4.357553e+01,4.357553e+01,4.357553e+01,4.357553e+01,4.357553e+01,4.357553e+01,4.357553e+01,4.410386e+01,4.407814e+01,4.403955e+01,4.391084e+01,4.392372e+01,4.382066e+01,4.393660e+01,4.371751e+01,4.382066e+01,4.428371e+01,4.412957e+01,4.416813e+01,4.420667e+01,4.424520e+01,4.428371e+01,4.432222e+01,4.391084e+01,4.454018e+01,4.405242e+01,4.427088e+01,4.418097e+01,4.420667e+01,4.436071e+01,4.436071e+01,4.436071e+01,4.436071e+01,4.436071e+01,4.436071e+01,4.436071e+01,4.436071e+01,4.436071e+01,4.436071e+01,4.488551e+01,4.439919e+01,4.439919e+01,4.439919e+01,4.439919e+01,4.439919e+01,4.439919e+01,4.439919e+01,4.439919e+01,4.439919e+01,4.439919e+01,4.439919e+01,4.439919e+01,4.439919e+01,4.439919e+01,4.439919e+01,4.439919e+01,4.439919e+01,4.439919e+01,4.439919e+01,4.439919e+01,4.439919e+01,4.439919e+01,4.439919e+01,4.439919e+01,4.439919e+01,4.439919e+01,4.492382e+01,4.442484e+01,4.494934e+01,4.507692e+01,4.468099e+01,4.469378e+01,4.479607e+01,4.487273e+01,4.485996e+01,4.536982e+01,4.536982e+01,4.536982e+01,4.536982e+01,4.536982e+01,4.536982e+01,4.536982e+01,4.536982e+01,4.536982e+01,4.536982e+01,4.536982e+01,4.536982e+01,4.536982e+01,4.536982e+01,4.536982e+01,4.536982e+01,4.536982e+01,4.484719e+01,4.526802e+01,4.496211e+01,4.496211e+01,4.496211e+01,4.496211e+01,4.496211e+01,4.496211e+01,4.496211e+01,4.496211e+01,4.457859e+01,4.457859e+01,4.457859e+01,4.457859e+01,4.457859e+01,4.457859e+01,4.457859e+01,4.457859e+01,4.457859e+01,4.405242e+01,4.405242e+01,4.405242e+01,4.405242e+01,4.405242e+01,4.405242e+01,4.405242e+01,4.405242e+01,4.352386e+01,4.352386e+01,4.352386e+01,4.352386e+01,4.352386e+01,4.352386e+01,4.352386e+01,4.352386e+01,4.299288e+01,4.278500e+01,4.278500e+01,4.278500e+01,4.278500e+01,4.278500e+01,4.225061e+01,4.221141e+01,4.215912e+01,4.215912e+01,4.215912e+01,4.215912e+01,4.215912e+01
3.534114e+01,3.534114e+01,3.590948e+01,3.590948e+01,3.590948e+01,3.590948e+01,3.590948e+01,3.622702e+01,3.622702e+01,3.622702e+01,3.622702e+01,3.652988e+01,3.652988e+01,3.652988e+01,3.692784e+01,3.692784e+01,3.692784e+01,3.748802e+01,3.740622e+01,3.780103e+01,3.780103e+01,3.737894e+01,3.758338e+01,3.758338e+01,3.758338e+01,3.814026e+01,3.818090e+01,3.777385e+01,3.814026e+01,3.814026e+01,3.814026e+01,3.814026e+01,3.859996e+01,3.859996e+01,3.859996e+01,3.859996e+01,3.859996e+01,3.915179e+01,3.884256e+01,3.880216e+01,3.935300e+01,3.935300e+01,3.935300e+01,3.935300e+01,3.935300e+01,3.935300e+01,3.963409e+01,3.963409e+01,3.963409e+01,3.963409e+01,4.018087e+01,4.007439e+01,3.995448e+01,4.012764e+01,4.012764e+01,4.012764e+01,4.012764e+01,4.012764e+01,4.067204e+01,4.026067e+01,4.019417e+01,4.064555e+01,4.068529e+01,4.072502e+01,4.084412e+01,4.038025e+01,4.034040e+01,4.030054e+01,4.031383e+01,4.032712e+01,4.028725e+01,4.030054e+01,4.031383e+01,4.032712e+01,4.028725e+01,4.084412e+01,4.084412e+01,4.084412e+01,4.084412e+01,4.084412e+01,4.084412e+01,4.084412e+01,4.084412e+01,4.084412e+01,4.124021e+01,4.124021e+01,4.124021e+01,4.124021e+01,4.187111e+01,4.187111e+01,4.187111e+01,4.187111e+01,4.187111e+01,4.187111e+01,4.228979e+01,4.228979e+01,4.228979e+01,4.228979e+01,4.228979e+01,4.282401e+01,4.282401e+01,4.282401e+01,4.282401e+01,4.282401e+01,4.335576e+01,4.339457e+01,4.339457e+01,4.339457e+01,4.339457e+01,4.385932e+01,4.419382e+01,4.448893e+01,4.462980e+01,4.500039e+01,4.474494e+01,4.529348e+01,4.564930e+01,4.582681e+01,4.582681e+01,4.582681e+01,4.649640e+01,4.649640e+01,4.649640e+01,4.719983e+01,4.701182e+01,4.722488e+01,4.792405e+01,4.769976e+01,4.832175e+01,4.814791e+01,4.829693e+01,4.898993e+01,4.880469e+01,4.944563e+01,4.931033e+01,4.960534e+01,4.985064e+01,5.010767e+01,5.032756e+01,5.064448e+01,5.086341e+01,5.106982e+01,5.131221e+01,5.149369e+01,5.155413e+01,5.167491e+01,5.184381e+01,5.222900e+01,5.269685e+01,5.273277e+01,5.250512e+01,5.269685e+01,5.336558e+01,5.356789e+01,5.340131e+01,5.356789e+01,5.371050e+01,5.397153e+01,5.425567e+01,5.440932e+01,5.462175e+01,5.483384e+01,5.498678e+01,5.520999e+01,5.526867e+01,5.545625e+01,5.515129e+01,5.536249e+01,5.594733e+01,5.594733e+01,5.608730e+01,5.630860e+01,5.594733e+01,5.663403e+01,5.634350e+01,5.647142e+01,5.663403e+01,5.678485e+01,5.681963e+01,5.703967e+01,5.692390e+01,5.712065e+01,5.734018e+01,5.742097e+01,5.719001e+01,5.785866e+01,5.759392e+01,5.769758e+01,5.770909e+01,5.789315e+01,5.790465e+01,5.803103e+01,5.819170e+01,5.822610e+01,5.822610e+01,5.832926e+01,5.829488e+01,5.800806e+01,5.809991e+01,5.822610e+01,5.831780e+01,5.831780e+01,5.831780e+01,5.805400e+01,5.861538e+01,5.820317e+01,5.860395e+01,5.860395e+01,5.863824e+01,5.823757e+01,5.834072e+01,5.832926e+01,5.840944e+01,5.856964e+01,5.864968e+01,5.854677e+01,5.847812e+01,5.867253e+01,5.883242e+01,5.884383e+01,5.887806e+01,5.891229e+01,5.891229e+01,5.895790e+01,5.914022e+01,5.882100e+01,5.883242e+01,5.886665e+01,5.887806e+01,5.892369e+01,5.906049e+01,5.917437e+01,5.916299e+01,5.928816e+01,5.890088e+01,5.896931e+01,5.906049e+01,5.917437e+01,5.916299e+01,5.928816e+01,5.934502e+01,5.934502e+01,5.935639e+01,5.935639e+01,5.954950e+01,5.911744e+01,5.960625e+01,5.959490e+01,5.920852e+01,5.920852e+01,5.940186e+01,5.939049e+01,5.944730e+01,5.945866e+01,5.947002e+01,5.948138e+01,5.949274e+01,5.959490e+01,5.960625e+01,5.961760e+01,5.962894e+01,5.961760e+01,5.960625e+01,5.960625e+01,5.979900e+01,5.979900e+01,5.979900e+01,5.979900e+01,5.982166e+01,5.982166e+01,5.982166e+01,5.976500e+01,5.976500e+01,5.995752e+01,5.994621e+01,5.993489e+01,5.995752e+01,5.994621e+01,5.993489e+01,6.009325e+01,5.976500e+01,5.982166e+01,5.975367e+01,5.990093e+01,5.987828e+01,5.985564e+01,6.029658e+01,6.002541e+01,5.973100e+01,5.993489e+01,5.991225e+01,5.991225e+01,6.009325e+01,6.008194e+01,6.021754e+01,6.038685e+01,6.037557e+01,6.036429e+01,6.037557e+01,6.040941e+01,6.003671e+01,6.004802e+01,6.007064e+01,6.036429e+01,6.034172e+01,6.033044e+01,6.030787e+01,6.031915e+01,6.037557e+01,6.037557e+01,6.054467e+01,6.052214e+01,6.049960e+01,6.047706e+01,6.065729e+01,6.043196e+01,6.063477e+01,6.056720e+01,6.056720e+01,6.070231e+01,6.067980e+01,6.065729e+01,6.063477e+01,6.073606e+01,6.071356e+01,6.069106e+01,6.066854e+01,6.069106e+01,6.075856e+01,6.073606e+01,6.075856e+01,6.073606e+01,6.071356e+01,6.069106e+01,6.071356e+01,6.069106e+01,6.112924e+01,6.112924e+01,6.128619e+01,6.084852e+01,6.083728e+01,6.128619e+01,6.081479e+01,6.080355e+01,6.082603e+01,6.127499e+01,6.123016e+01,6.121895e+01,6.117410e+01,6.116289e+01,6.115167e+01,6.112924e+01,6.065729e+01,6.064603e+01,6.063477e+01,6.062352e+01,6.061226e+01,6.060099e+01,6.048833e+01,6.042068e+01,6.047706e+01,6.046579e+01,6.045451e+01,6.034172e+01,6.027400e+01,5.981033e+01,5.979900e+01,5.975367e+01,5.964029e+01,5.899211e+01,5.904910e+01,5.903770e+01,5.892369e+01,5.885524e+01,5.827196e+01,5.820317e+01,5.815729e+01,5.811139e+01,5.751324e+01,5.744405e+01,5.739790e+01,5.739790e+01,5.692390e+01,5.680803e+01,5.668045e+01,5.620382e+01,5.608730e+01,5.601733e+01,5.553822e+01,5.542110e+01,5.531559e+01,5.483384e+01,5.471606e+01,5.460996e+01,5.412552e+01,5.400708e+01,5.371050e+01,5.322258e+01,5.310329e+01,5.297194e+01,5.248114e+01,5.236114e+01,5.225304e+01,5.207266e+01,5.181969e+01,5.105769e+01,5.100914e+01,5.100914e+01,5.051050e+01,5.036417e+01,4.986289e+01,4.978936e+01,4.953165e+01,4.939645e+01,4.919952e+01,4.900227e+01,4.829693e+01,4.811063e+01,4.777457e+01,4.759994e+01,4.759994e+01,4.708706e+01,4.693653e+01,4.683607e+01,4.668523e+01,4.662232e+01,4.631990e+01,4.616840e+01,4.587748e+01,4.557314e+01,4.536982e+01,4.512791e+01,4.488551e+01,4.488551e+01,4.488551e+01,4.436071e+01,4.438637e+01,4.446329e+01,4.425804e+01,4.415527e+01,4.415527e+01,4.362718e+01,4.347216e+01,4.327810e+01,4.299288e+01,4.326514e+01,4.274598e+01,4.274598e+01,4.221141e+01,4.215912e+01,4.215912e+01,4.215912e+01,4.215912e+01,4.215912e+01,4.215912e+01,4.215912e+01,4.215912e+01,4.215912e+01,4.215912e+01,4.215912e+01,4.215912e+01,4.215912e+01,4.215912e+01,4.215912e+01,4.248552e+01,4.248552e+01,4.248552e+01,4.248552e+01,4.248552e+01,4.248552e+01,4.248552e+01,4.248552e+01,4.248552e+01,4.248552e+01,4.301883e+01,4.301883e+01,4.314854e+01,4.322629e+01,4.322629e+01,4.322629e+01,4.322629e+01,4.322629e+01,4.322629e+01,4.322629e+01,4.322629e+01,4.322629e+01,4.322629e+01,4.322629e+01,4.322629e+01,4.322629e+01,4.322629e+01,4.322629e+01,4.322629e+01,4.322629e+01,4.322629e+01,4.322629e+01,4.322629e+01,4.322629e+01,4.375620e+01,4.383355e+01,4.383355e+01,4.383355e+01,4.383355e+01,4.383355e+01,4.383355e+01,4.383355e+01,4.383355e+01,4.383355e+01,4.436071e+01,4.437354e+01,4.429655e+01,4.382066e+01,4.434788e+01,4.434788e+01,4.416813e+01,4.429655e+01,4.437354e+01,4.437354e+01,4.437354e+01,4.437354e+01,4.437354e+01,4.437354e+01,4.437354e+01,4.437354e+01,4.437354e+01,4.437354e+01,4.437354e+01,4.437354e+01,4.437354e+01,4.437354e+01,4.489828e+01,4.489828e+01,4.489828e+01,4.489828e+01,4.489828e+01,4.489828e+01,4.489828e+01,4.437354e+01,4.457859e+01,4.502591e+01,4.473215e+01,4.477051e+01,4.480885e+01,4.484719e+01,4.483441e+01,4.482163e+01,4.480885e+01,4.484719e+01,4.430939e+01,4.430939e+01,4.483441e+01,4.480885e+01,4.484719e+01,4.429655e+01,4.482163e+01,4.478329e+01,4.429655e+01,4.429655e+01,4.429655e+01,4.429655e+01,4.429655e+01,4.429655e+01,4.429655e+01,4.482163e+01,4.478329e+01,4.441201e+01,4.455298e+01,4.461700e+01,4.475772e+01,4.473215e+01,4.515340e+01,4.511517e+01,4.507692e+01,4.510242e+01,4.529348e+01,4.544611e+01,4.544611e+01,4.544611e+01,4.544611e+01,4.544611e+01,4.544611e+01,4.544611e+01,4.544611e+01,4.544611e+01,4.544611e+01,4.544611e+01,4.544611e+01,4.544611e+01,4.544611e+01,4.544611e+01,4.544611e+01,4.492382e+01,4.488551e+01,4.494934e+01,4.491105e+01,4.491105e+01,4.491105e+01,4.491105e+01,4.491105e+01,4.491105e+01,4.491105e+01,4.491105e+01,4.491105e+01,4.457859e+01,4.457859e+01,4.457859e+01,4.457859e+01,4.457859e+01,4.457859e+01,4.457859e+01,4.457859e+01,4.405242e+01,4.457859e+01,4.401382e+01,4.401382e+01,4.401382e+01,4.401382e+01,4.401382e+01,4.401382e+01,4.401382e+01,4.401382e+01,4.352386e+01,4.352386e+01,4.352386e+01,4.352386e+01,4.352386e+01,4.352386e+01,4.299288e+01,4.299288e+01,4.299288e+01,4.299288e+01,4.299288e+01,4.299288e+01,4.278500e+01,4.270695e+01,4.261583e+01,4.257675e+01,4.206756e+01,4.206756e+01,4.206756e+01
3.534114e+01,3.534114e+01,3.590948e+01,3.590948e+01,3.590948e+01,3.590948e+01,3.647488e+01,3.647488e+01,3.647488e+01,3.647488e+01,3.647488e+01,3.647488e+01,3.703736e+01,3.711944e+01,3.711944e+01,3.711944e+01,3.711944e+01,3.711944e+01,3.711944e+01,3.711944e+01,3.724244e+01,3.724244e+01,3.724244e+01,3.724244e+01,3.758338e+01,3.737894e+01,3.789612e+01,3.785538e+01,3.809961e+01,3.809961e+01,3.809961e+01,3.809961e+01,3.859996e+01,3.859996e+01,3.859996e+01,3.859996e+01,3.915179e+01,3.904433e+01,3.888294e+01,3.905777e+01,3.913836e+01,3.913836e+01,3.913836e+01,3.913836e+01,3.968755e+01,3.974099e+01,3.978105e+01,3.978105e+01,3.978105e+01,3.978105e+01,3.978105e+01,3.978105e+01,4.032712e+01,4.034040e+01,4.034040e+01,4.034040e+01,4.034040e+01,4.034040e+01,4.034040e+01,4.034040e+01,4.034040e+01,4.034040e+01,4.034040e+01,4.034040e+01,4.034040e+01,4.034040e+01,4.034040e+01,4.034040e+01,4.034040e+01,4.034040e+01,4.034040e+01,4.034040e+01,4.034040e+01,4.034040e+01,4.034040e+01,4.034040e+01,4.034040e+01,4.034040e+01,4.084412e+01,4.084412e+01,4.084412e+01,4.084412e+01,4.084412e+01,4.084412e+01,4.084412e+01,4.124021e+01,4.124021e+01,4.124021e+01,4.133244e+01,4.137194e+01,4.194973e+01,4.194973e+01,4.194973e+01,4.194973e+01,4.194973e+01,4.228979e+01,4.228979e+01,4.228979e+01,4.228979e+01,4.228979e+01,4.282401e+01,4.282401e+01,4.282401e+01,4.282401e+01,4.282401e+01,4.286300e+01,4.344630e+01,4.344630e+01,4.344630e+01,4.385932e+01,4.379488e+01,4.394947e+01,4.423236e+01,4.446329e+01,4.466819e+01,4.507692e+01,4.539525e+01,4.539525e+01,4.539525e+01,4.582681e+01,4.629466e+01,4.629466e+01,4.681095e+01,4.666007e+01,4.672296e+01,4.702436e+01,4.752502e+01,4.761242e+01,4.803603e+01,4.802359e+01,4.837137e+01,4.879233e+01,4.848294e+01,4.874289e+01,4.887882e+01,4.905161e+01,4.943334e+01,4.956850e+01,4.992413e+01,5.011990e+01,5.040077e+01,5.066883e+01,5.097273e+01,5.114259e+01,5.119107e+01,5.130010e+01,5.149369e+01,5.146951e+01,5.162661e+01,5.221698e+01,5.228908e+01,5.266092e+01,5.264894e+01,5.292414e+01,5.299583e+01,5.323450e+01,5.340131e+01,5.365110e+01,5.380548e+01,5.403078e+01,5.423202e+01,5.403078e+01,5.424385e+01,5.452738e+01,5.464534e+01,5.477496e+01,5.477496e+01,5.506907e+01,5.529213e+01,5.535077e+01,5.554993e+01,5.571371e+01,5.586562e+01,5.578384e+01,5.578384e+01,5.597067e+01,5.619217e+01,5.592399e+01,5.648304e+01,5.621547e+01,5.675006e+01,5.664564e+01,5.645979e+01,5.659920e+01,5.678485e+01,5.673846e+01,5.687757e+01,5.703967e+01,5.710908e+01,5.735173e+01,5.742097e+01,5.713221e+01,5.734018e+01,5.742097e+01,5.746711e+01,5.761696e+01,5.755935e+01,5.755935e+01,5.769758e+01,5.739790e+01,5.752477e+01,5.755935e+01,5.750171e+01,5.765152e+01,5.789315e+01,5.792764e+01,5.750171e+01,5.770909e+01,5.762848e+01,5.755935e+01,5.769758e+01,5.773211e+01,5.784716e+01,5.804251e+01,5.815729e+01,5.819170e+01,5.816876e+01,5.787016e+01,5.806548e+01,5.811139e+01,5.818023e+01,5.824903e+01,5.828342e+01,5.789315e+01,5.813434e+01,5.813434e+01,5.816876e+01,5.822610e+01,5.826050e+01,5.832926e+01,5.801955e+01,5.815729e+01,5.864968e+01,5.866111e+01,5.859252e+01,5.816876e+01,5.828342e+01,5.842089e+01,5.844379e+01,5.859252e+01,5.867253e+01,5.869538e+01,5.872966e+01,5.828342e+01,5.853533e+01,5.856964e+01,5.876392e+01,5.864968e+01,5.858108e+01,5.860395e+01,5.882100e+01,5.884383e+01,5.892369e+01,5.895790e+01,5.899211e+01,5.902630e+01,5.859252e+01,5.870681e+01,5.872966e+01,5.875250e+01,5.877534e+01,5.878675e+01,5.879817e+01,5.880959e+01,5.901490e+01,5.902630e+01,5.903770e+01,5.904910e+01,5.908327e+01,5.909467e+01,5.910606e+01,5.911744e+01,5.912883e+01,5.886665e+01,5.907188e+01,5.907188e+01,5.909467e+01,5.909467e+01,5.909467e+01,5.919714e+01,5.919714e+01,5.925404e+01,5.925404e+01,5.893510e+01,5.940186e+01,5.911744e+01,5.931091e+01,5.915161e+01,5.915161e+01,5.935639e+01,5.935639e+01,5.935639e+01,5.953815e+01,5.953815e+01,5.920852e+01,5.936776e+01,5.935639e+01,5.934502e+01,5.934502e+01,5.973100e+01,5.966297e+01,5.966297e+01,5.934502e+01,5.952680e+01,5.951545e+01,5.950409e+01,5.949274e+01,5.949274e+01,6.000278e+01,6.000278e+01,5.970833e+01,5.969699e+01,5.968565e+01,5.967431e+01,5.984431e+01,5.983298e+01,6.002541e+01,6.001409e+01,6.000278e+01,6.012716e+01,6.011586e+01,6.010455e+01,6.009325e+01,5.971967e+01,6.017236e+01,6.016106e+01,6.014976e+01,6.016106e+01,6.021754e+01,6.020625e+01,6.021754e+01,6.020625e+01,6.019495e+01,6.018366e+01,6.019495e+01,6.036429e+01,5.999147e+01,6.019495e+01,6.025142e+01,6.031915e+01,6.048833e+01,6.017236e+01,6.024013e+01,6.022884e+01,6.042068e+01,6.057847e+01,6.056720e+01,6.055594e+01,6.008194e+01,6.028529e+01,6.027400e+01,6.017236e+01,6.010455e+01,6.009325e+01,6.008194e+01,6.007064e+01,6.005933e+01,6.004802e+01,6.003671e+01,6.002541e+01,5.960625e+01,5.958355e+01,5.956086e+01,5.953815e+01,5.896931e+01,5.903770e+01,5.901490e+01,5.899211e+01,5.840944e+01,5.847812e+01,5.851245e+01,5.801955e+01,5.798509e+01,5.785866e+01,5.778965e+01,5.775513e+01,5.724780e+01,5.759392e+01,5.697022e+01,5.693549e+01,5.690074e+01,5.678485e+01,5.670366e+01,5.622711e+01,5.611061e+01,5.602900e+01,5.554993e+01,5.543281e+01,5.535077e+01,5.486914e+01,5.475140e+01,5.466891e+01,5.418470e+01,5.406631e+01,5.349652e+01,5.343702e+01,5.318681e+01,5.309135e+01,5.260102e+01,5.248114e+01,5.238515e+01,5.189202e+01,5.185587e+01,5.130010e+01,5.104555e+01,5.094844e+01,5.044955e+01,5.032756e+01,5.022988e+01,5.009545e+01,4.989964e+01,4.967898e+01,4.906394e+01,4.902694e+01,4.898993e+01,4.829693e+01,4.819761e+01,4.796139e+01,4.779949e+01,4.728747e+01,4.714972e+01,4.698673e+01,4.698673e+01,4.647121e+01,4.643340e+01,4.628204e+01,4.572541e+01,4.564930e+01,4.547152e+01,4.542068e+01,4.542068e+01,4.512791e+01,4.512791e+01,4.460420e+01,4.446329e+01,4.478329e+01,4.429655e+01,4.429655e+01,4.429655e+01,4.429655e+01,4.376910e+01,4.366590e+01,4.366590e+01,4.366590e+01,4.352386e+01,4.282401e+01,4.264187e+01,4.243336e+01,4.225061e+01,4.225061e+01,4.225061e+01,4.225061e+01,4.225061e+01,4.225061e+01,4.225061e+01,4.225061e+01,4.225061e+01,4.225061e+01,4.225061e+01,4.225061e+01,4.225061e+01,4.225061e+01,4.225061e+01,4.225061e+01,4.225061e+01,4.225061e+01,4.225061e+01,4.278500e+01,4.282401e+01,4.286300e+01,4.290198e+01,4.294094e+01,4.296691e+01,4.309667e+01,4.266791e+01,4.316150e+01,4.316150e+01,4.316150e+01,4.316150e+01,4.316150e+01,4.316150e+01,4.316150e+01,4.316150e+01,4.369171e+01,4.318742e+01,4.318742e+01,4.371751e+01,4.320038e+01,4.320038e+01,4.373041e+01,4.373041e+01,4.373041e+01,4.373041e+01,4.373041e+01,4.373041e+01,4.320038e+01,4.373041e+01,4.385932e+01,4.394947e+01,4.394947e+01,4.394947e+01,4.394947e+01,4.394947e+01,4.394947e+01,4.447611e+01,4.446329e+01,4.445048e+01,4.405242e+01,4.414242e+01,4.414242e+01,4.414242e+01,4.414242e+01,4.414242e+01,4.414242e+01,4.414242e+01,4.466819e+01,4.469378e+01,4.419382e+01,4.419382e+01,4.419382e+01,4.471936e+01,4.474494e+01,4.477051e+01,4.479607e+01,4.478329e+01,4.480885e+01,4.479607e+01,4.478329e+01,4.480885e+01,4.492382e+01,4.501315e+01,4.501315e+01,4.501315e+01,4.501315e+01,4.501315e+01,4.501315e+01,4.501315e+01,4.501315e+01,4.457859e+01,4.469378e+01,4.464260e+01,4.464260e+01,4.464260e+01,4.464260e+01,4.464260e+01,4.464260e+01,4.464260e+01,4.516614e+01,4.503866e+01,4.462980e+01,4.479607e+01,4.479607e+01,4.479607e+01,4.479607e+01,4.479607e+01,4.479607e+01,4.429655e+01,4.429655e+01,4.429655e+01,4.429655e+01,4.429655e+01,4.429655e+01,4.482163e+01,4.491105e+01,4.471936e+01,4.496211e+01,4.494934e+01,4.497487e+01,4.500039e+01,4.517888e+01,4.526802e+01,4.526802e+01,4.526802e+01,4.526802e+01,4.526802e+01,4.526802e+01,4.578879e+01,4.581414e+01,4.583948e+01,4.586481e+01,4.585214e+01,4.535710e+01,4.535710e+01,4.535710e+01,4.535710e+01,4.535710e+01,4.535710e+01,4.535710e+01,4.535710e+01,4.535710e+01,4.535710e+01,4.535710e+01,4.535710e+01,4.535710e+01,4.491105e+01,4.491105e+01,4.491105e+01,4.491105e+01,4.491105e+01,4.491105e+01,4.491105e+01,4.491105e+01,4.491105e+01,4.491105e+01,4.457859e+01,4.457859e+01,4.457859e+01,4.457859e+01,4.457859e+01,4.457859e+01,4.457859e+01,4.405242e+01,4.420667e+01,4.405242e+01,4.405242e+01,4.405242e+01,4.405242e+01,4.405242e+01,4.405242e+01,4.405242e+01,4.405242e+01,4.352386e+01,4.352386e+01,4.352386e+01,4.352386e+01,4.352386e+01,4.352386e+01,4.352386e+01,4.352386e+01,4.299288e+01,4.299288e+01,4.299288e+01,4.299288e+01,4.245945e+01,4.244640e+01,4.244640e+01,4.244640e+01,4.244640e+01,4.244640e+01,4.206756e+01
3.534114e+01,3.590948e+01,3.600622e+01,3.600622e+01,3.600622e+01,3.600622e+01,3.600622e+01,3.647488e+01,3.647488e+01,3.647488e+01,3.647488e+01,3.647488e+01,3.703736e+01,3.703736e+01,3.703736e+01,3.703736e+01,3.703736e+01,3.703736e+01,3.759700e+01,3.758338e+01,3.756976e+01,3.758338e+01,3.759700e+01,3.765144e+01,3.770586e+01,3.771946e+01,3.785538e+01,3.785538e+01,3.785538e+01,3.785538e+01,3.841090e+01,3.855947e+01,3.869437e+01,3.869437e+01,3.869437e+01,3.869437e+01,3.869437e+01,3.869437e+01,3.924573e+01,3.925914e+01,3.925914e+01,3.925914e+01,3.925914e+01,3.925914e+01,3.925914e+01,3.925914e+01,3.978105e+01,3.978105e+01,3.978105e+01,3.978105e+01,3.978105e+01,3.978105e+01,3.978105e+01,4.034040e+01,4.034040e+01,4.034040e+01,4.034040e+01,4.034040e+01,4.034040e+01,4.034040e+01,4.034040e+01,4.034040e+01,4.034040e+01,4.034040e+01,4.034040e+01,4.034040e+01,4.034040e+01,4.034040e+01,4.034040e+01,4.034040e+01,4.034040e+01,4.034040e+01,4.034040e+01,4.034040e+01,4.034040e+01,4.034040e+01,4.034040e+01,4.034040e+01,4.034040e+01,4.034040e+01,4.084412e+01,4.084412e+01,4.084412e+01,4.084412e+01,4.084412e+01,4.084412e+01,4.124021e+01,4.124021e+01,4.124021e+01,4.177932e+01,4.191043e+01,4.191043e+01,4.191043e+01,4.191043e+01,4.191043e+01,4.191043e+01,4.228979e+01,4.228979e+01,4.228979e+01,4.228979e+01,4.228979e+01,4.282401e+01,4.282401e+01,4.282401e+01,4.282401e+01,4.282401e+01,4.282401e+01,4.344630e+01,4.360136e+01,4.382066e+01,4.382066e+01,4.434788e+01,4.439919e+01,4.439919e+01,4.439919e+01,4.455298e+01,4.474494e+01,4.528075e+01,4.548423e+01,4.573809e+01,4.599140e+01,4.607993e+01,4.638297e+01,4.640818e+01,4.662232e+01,4.707452e+01,4.731250e+01,4.708706e+01,4.769976e+01,4.772470e+01,4.816034e+01,4.825970e+01,4.832175e+01,4.854489e+01,4.854489e+01,4.905161e+01,4.889117e+01,4.965444e+01,4.937185e+01,4.970352e+01,5.004652e+01,5.030315e+01,5.047393e+01,5.066883e+01,5.074183e+01,5.087556e+01,5.109408e+01,5.111834e+01,5.136063e+01,5.156621e+01,5.177145e+01,5.202452e+01,5.215687e+01,5.231310e+01,5.240915e+01,5.267290e+01,5.297194e+01,5.310329e+01,5.328218e+01,5.353221e+01,5.327027e+01,5.376987e+01,5.400708e+01,5.423202e+01,5.433843e+01,5.397153e+01,5.458637e+01,5.433843e+01,5.458637e+01,5.466891e+01,5.489268e+01,5.508081e+01,5.525694e+01,5.528040e+01,5.530386e+01,5.503381e+01,5.566694e+01,5.535077e+01,5.565525e+01,5.580721e+01,5.605232e+01,5.606398e+01,5.607564e+01,5.574878e+01,5.593566e+01,5.593566e+01,5.607564e+01,5.623875e+01,5.644817e+01,5.657598e+01,5.658759e+01,5.658759e+01,5.679644e+01,5.687757e+01,5.692390e+01,5.659920e+01,5.707438e+01,5.707438e+01,5.668045e+01,5.668045e+01,5.680803e+01,5.684280e+01,5.684280e+01,5.713221e+01,5.678485e+01,5.687757e+01,5.679644e+01,5.700495e+01,5.700495e+01,5.700495e+01,5.714378e+01,5.717846e+01,5.729400e+01,5.701653e+01,5.712065e+01,5.714378e+01,5.707438e+01,5.721313e+01,5.739790e+01,5.743251e+01,5.749018e+01,5.754782e+01,5.749018e+01,5.758240e+01,5.769758e+01,5.768607e+01,5.770909e+01,5.775513e+01,5.777814e+01,5.730555e+01,5.730555e+01,5.761696e+01,5.782416e+01,5.782416e+01,5.773211e+01,5.765152e+01,5.775513e+01,5.740944e+01,5.788166e+01,5.754782e+01,5.760544e+01,5.783566e+01,5.777814e+01,5.787016e+01,5.799657e+01,5.800806e+01,5.770909e+01,5.791615e+01,5.789315e+01,5.789315e+01,5.808844e+01,5.808844e+01,5.814582e+01,5.815729e+01,5.816876e+01,5.811139e+01,5.803103e+01,5.812287e+01,5.812287e+01,5.812287e+01,5.812287e+01,5.811139e+01,5.809991e+01,5.808844e+01,5.827196e+01,5.826050e+01,5.824903e+01,5.823757e+01,5.824903e+01,5.823757e+01,5.822610e+01,5.821464e+01,5.814582e+01,5.814582e+01,5.832926e+01,5.830635e+01,5.830635e+01,5.828342e+01,5.826050e+01,5.834072e+01,5.831780e+01,5.835218e+01,5.827196e+01,5.842089e+01,5.863824e+01,5.863824e+01,5.834072e+01,5.830635e+01,5.827196e+01,5.844379e+01,5.840944e+01,5.837508e+01,5.852389e+01,5.844379e+01,5.858108e+01,5.870681e+01,5.867253e+01,5.863824e+01,5.880959e+01,5.891229e+01,5.887806e+01,5.879817e+01,5.879817e+01,5.894650e+01,5.891229e+01,5.887806e+01,5.884383e+01,5.901490e+01,5.877534e+01,5.883242e+01,5.896931e+01,5.893510e+01,5.890088e+01,5.886665e+01,5.900351e+01,5.896931e+01,5.912883e+01,5.909467e+01,5.906049e+01,5.915161e+01,5.911744e+01,5.908327e+01,5.899211e+01,5.901490e+01,5.917437e+01,5.914022e+01,5.910606e+01,5.932228e+01,5.934502e+01,5.931091e+01,5.928816e+01,5.925404e+01,5.921990e+01,5.918576e+01,5.962894e+01,5.970833e+01,5.962894e+01,5.982166e+01,5.939049e+01,5.942458e+01,5.951545e+01,5.951545e+01,5.954950e+01,5.951545e+01,5.967431e+01,5.979900e+01,5.976500e+01,5.967431e+01,5.959490e+01,5.976500e+01,5.973100e+01,5.969699e+01,5.919714e+01,5.961760e+01,5.958355e+01,5.954950e+01,5.904910e+01,5.900351e+01,5.920852e+01,5.911744e+01,5.903770e+01,5.899211e+01,5.894650e+01,5.885524e+01,5.877534e+01,5.877534e+01,5.854677e+01,5.845523e+01,5.832926e+01,5.785866e+01,5.780116e+01,5.772060e+01,5.770909e+01,5.722469e+01,5.717846e+01,5.708595e+01,5.717846e+01,5.684280e+01,5.676165e+01,5.676165e+01,5.628532e+01,5.623875e+01,5.614557e+01,5.558504e+01,5.553822e+01,5.544453e+01,5.486914e+01,5.482206e+01,5.472784e+01,5.462175e+01,5.411368e+01,5.401893e+01,5.391225e+01,5.378174e+01,5.353221e+01,5.284045e+01,5.284045e+01,5.270882e+01,5.263697e+01,5.214484e+01,5.201248e+01,5.143323e+01,5.133643e+01,5.111834e+01,5.062013e+01,5.052269e+01,5.033977e+01,5.033977e+01,4.983839e+01,4.980162e+01,4.926109e+01,4.916256e+01,4.895290e+01,4.844577e+01,4.834657e+01,4.818519e+01,4.767481e+01,4.762490e+01,4.748754e+01,4.679838e+01,4.674810e+01,4.669781e+01,4.655938e+01,4.635774e+01,4.635774e+01,4.583948e+01,4.561123e+01,4.561123e+01,4.508967e+01,4.503866e+01,4.498763e+01,4.498763e+01,4.479607e+01,4.461700e+01,4.464260e+01,4.454018e+01,4.451455e+01,4.451455e+01,4.451455e+01,4.398809e+01,4.378199e+01,4.378199e+01,4.378199e+01,4.325219e+01,4.310964e+01,4.283701e+01,4.283701e+01,4.283701e+01,4.225061e+01,4.225061e+01,4.225061e+01,4.225061e+01,4.225061e+01,4.225061e+01,4.171371e+01,4.219834e+01,4.219834e+01,4.219834e+01,4.219834e+01,4.219834e+01,4.219834e+01,4.219834e+01,4.219834e+01,4.219834e+01,4.273298e+01,4.277200e+01,4.287599e+01,4.245945e+01,4.297990e+01,4.297990e+01,4.297990e+01,4.297990e+01,4.297990e+01,4.297990e+01,4.297990e+01,4.297990e+01,4.297990e+01,4.297990e+01,4.297990e+01,4.351093e+01,4.301883e+01,4.354969e+01,4.369171e+01,4.365300e+01,4.340751e+01,4.360136e+01,4.352386e+01,4.342044e+01,4.361427e+01,4.371751e+01,4.371751e+01,4.371751e+01,4.371751e+01,4.371751e+01,4.371751e+01,4.371751e+01,4.371751e+01,4.371751e+01,4.371751e+01,4.424520e+01,4.427088e+01,4.429655e+01,4.432222e+01,4.446329e+01,4.457859e+01,4.457859e+01,4.457859e+01,4.457859e+01,4.457859e+01,4.457859e+01,4.457859e+01,4.457859e+01,4.457859e+01,4.457859e+01,4.457859e+01,4.457859e+01,4.457859e+01,4.457859e+01,4.457859e+01,4.457859e+01,4.457859e+01,4.457859e+01,4.457859e+01,4.510242e+01,4.459140e+01,4.459140e+01,4.511517e+01,4.512791e+01,4.515340e+01,4.517888e+01,4.517888e+01,4.517888e+01,4.517888e+01,4.517888e+01,4.517888e+01,4.517888e+01,4.517888e+01,4.465540e+01,4.511517e+01,4.515340e+01,4.514066e+01,4.465540e+01,4.465540e+01,4.465540e+01,4.517888e+01,4.468099e+01,4.487273e+01,4.494934e+01,4.478329e+01,4.469378e+01,4.469378e+01,4.469378e+01,4.469378e+01,4.469378e+01,4.469378e+01,4.469378e+01,4.469378e+01,4.469378e+01,4.469378e+01,4.469378e+01,4.469378e+01,4.469378e+01,4.469378e+01,4.469378e+01,4.469378e+01,4.496211e+01,4.496211e+01,4.496211e+01,4.496211e+01,4.496211e+01,4.526802e+01,4.526802e+01,4.526802e+01,4.526802e+01,4.526802e+01,4.526802e+01,4.578879e+01,4.578879e+01,4.578879e+01,4.578879e+01,4.578879e+01,4.578879e+01,4.578879e+01,4.578879e+01,4.578879e+01,4.578879e+01,4.578879e+01,4.535710e+01,4.535710e+01,4.535710e+01,4.535710e+01,4.535710e+01,4.535710e+01,4.535710e+01,4.535710e+01,4.535710e+01,4.491105e+01,4.491105e+01,4.491105e+01,4.491105e+01,4.491105e+01,4.491105e+01,4.491105e+01,4.491105e+01,4.491105e+01,4.457859e+01,4.457859e+01,4.457859e+01,4.457859e+01,4.457859e+01,4.457859e+01,4.405242e+01,4.457859e+01,4.445048e+01,4.394947e+01,4.394947e+01,4.394947e+01,4.394947e+01,4.394947e+01,4.394947e+01,4.394947e+01,4.394947e+01,4.394947e+01,4.352386e+01,4.352386e+01,4.352386e+01,4.352386e+01,4.352386e+01,4.352386e+01,4.299288e+01,4.299288e+01,4.299288e+01,4.299288e+01,4.299288e+01,4.297990e+01,4.245945e+01,4.245945e+01,4.245945e+01,4.245945e+01,4.245945e+01
3.554942e+01,3.567419e+01,3.567419e+01,3.567419e+01,3.567419e+01,3.600622e+01,3.621323e+01,3.624080e+01,3.624080e+01,3.624080e+01,3.680449e+01,3.695523e+01,3.658486e+01,3.714679e+01,3.658486e+01,3.714679e+01,3.714679e+01,3.714679e+01,3.714679e+01,3.714679e+01,3.714679e+01,3.714679e+01,3.714679e+01,3.765144e+01,3.765144e+01,3.765144e+01,3.820798e+01,3.822152e+01,3.823506e+01,3.838387e+01,3.851897e+01,3.851897e+01,3.851897e+01,3.851897e+01,3.851897e+01,3.907120e+01,3.908464e+01,3.868088e+01,3.900400e+01,3.900400e+01,3.900400e+01,3.900400e+01,3.900400e+01,3.900400e+01,3.955385e+01,3.970091e+01,3.988781e+01,3.988781e+01,3.988781e+01,3.988781e+01,3.988781e+01,3.988781e+01,3.988781e+01,3.988781e+01,4.034040e+01,4.034040e+01,4.034040e+01,4.034040e+01,4.034040e+01,4.034040e+01,4.034040e+01,4.034040e+01,4.034040e+01,4.034040e+01,4.034040e+01,4.034040e+01,4.034040e+01,4.034040e+01,4.034040e+01,4.034040e+01,4.034040e+01,4.034040e+01,4.034040e+01,4.034040e+01,4.034040e+01,4.034040e+01,4.034040e+01,4.034040e+01,4.034040e+01,4.034040e+01,4.084412e+01,4.084412e+01,4.084412e+01,4.084412e+01,4.084412e+01,4.084412e+01,4.124021e+01,4.124021e+01,4.124021e+01,4.124021e+01,4.124021e+01,4.191043e+01,4.191043e+01,4.191043e+01,4.191043e+01,4.191043e+01,4.191043e+01,4.191043e+01,4.228979e+01,4.228979e+01,4.228979e+01,4.282401e+01,4.282401e+01,4.282401e+01,4.282401e+01,4.282401e+01,4.282401e+01,4.291497e+01,4.361427e+01,4.361427e+01,4.361427e+01,4.382066e+01,4.389796e+01,4.445048e+01,4.445048e+01,4.445048e+01,4.474494e+01,4.506417e+01,4.506417e+01,4.521709e+01,4.550964e+01,4.575077e+01,4.591546e+01,4.597874e+01,4.638297e+01,4.662232e+01,4.689887e+01,4.708706e+01,4.697418e+01,4.718731e+01,4.729998e+01,4.794894e+01,4.799871e+01,4.821003e+01,4.829693e+01,4.858204e+01,4.876761e+01,4.921183e+01,4.927340e+01,4.922415e+01,4.962989e+01,4.975258e+01,4.996087e+01,5.019323e+01,5.030315e+01,5.047393e+01,5.072967e+01,5.074183e+01,5.097273e+01,5.116683e+01,5.151787e+01,5.163869e+01,5.175939e+01,5.195227e+01,5.207266e+01,5.232511e+01,5.249313e+01,5.266092e+01,5.298389e+01,5.262498e+01,5.278064e+01,5.297194e+01,5.324643e+01,5.350842e+01,5.353221e+01,5.368674e+01,5.399523e+01,5.405447e+01,5.368674e+01,5.380548e+01,5.406631e+01,5.429115e+01,5.450378e+01,5.456278e+01,5.450378e+01,5.465713e+01,5.498678e+01,5.504556e+01,5.472784e+01,5.502205e+01,5.513955e+01,5.518652e+01,5.559675e+01,5.559675e+01,5.559675e+01,5.559675e+01,5.559675e+01,5.559675e+01,5.559675e+01,5.559675e+01,5.559675e+01,5.611061e+01,5.587729e+01,5.598234e+01,5.594733e+01,5.609895e+01,5.627368e+01,5.618052e+01,5.608730e+01,5.611061e+01,5.626204e+01,5.632023e+01,5.645979e+01,5.612226e+01,5.612226e+01,5.623875e+01,5.626204e+01,5.649466e+01,5.651790e+01,5.654113e+01,5.622711e+01,5.628532e+01,5.632023e+01,5.632023e+01,5.644817e+01,5.649466e+01,5.651790e+01,5.668045e+01,5.641329e+01,5.645979e+01,5.652952e+01,5.659920e+01,5.661081e+01,5.671526e+01,5.684280e+01,5.685439e+01,5.688915e+01,5.694707e+01,5.687757e+01,5.678485e+01,5.692390e+01,5.710908e+01,5.685439e+01,5.685439e+01,5.685439e+01,5.685439e+01,5.687757e+01,5.702810e+01,5.677325e+01,5.691232e+01,5.697022e+01,5.672686e+01,5.693549e+01,5.701653e+01,5.713221e+01,5.706281e+01,5.706281e+01,5.725935e+01,5.724780e+01,5.723624e+01,5.742097e+01,5.740944e+01,5.745558e+01,5.745558e+01,5.745558e+01,5.744405e+01,5.743251e+01,5.751324e+01,5.750171e+01,5.749018e+01,5.747865e+01,5.746711e+01,5.745558e+01,5.744405e+01,5.761696e+01,5.760544e+01,5.759392e+01,5.758240e+01,5.758240e+01,5.757087e+01,5.755935e+01,5.754782e+01,5.753630e+01,5.752477e+01,5.769758e+01,5.768607e+01,5.767455e+01,5.766304e+01,5.765152e+01,5.772060e+01,5.770909e+01,5.773211e+01,5.772060e+01,5.785866e+01,5.759392e+01,5.751324e+01,5.765152e+01,5.764000e+01,5.762848e+01,5.778965e+01,5.777814e+01,5.776664e+01,5.790465e+01,5.789315e+01,5.801955e+01,5.813434e+01,5.812287e+01,5.811139e+01,5.780116e+01,5.788166e+01,5.785866e+01,5.830635e+01,5.829488e+01,5.796211e+01,5.840944e+01,5.839799e+01,5.838654e+01,5.800806e+01,5.847812e+01,5.805400e+01,5.818023e+01,5.816876e+01,5.815729e+01,5.814582e+01,5.827196e+01,5.872966e+01,5.839799e+01,5.839799e+01,5.839799e+01,5.848957e+01,5.848957e+01,5.848957e+01,5.848957e+01,5.851245e+01,5.867253e+01,5.867253e+01,5.867253e+01,5.842089e+01,5.843234e+01,5.888947e+01,5.842089e+01,5.840944e+01,5.886665e+01,5.847812e+01,5.862682e+01,5.870681e+01,5.870681e+01,5.880959e+01,5.871824e+01,5.875250e+01,5.884383e+01,5.884383e+01,5.887806e+01,5.887806e+01,5.856964e+01,5.890088e+01,5.888947e+01,5.887806e+01,5.886665e+01,5.902630e+01,5.901490e+01,5.892369e+01,5.895790e+01,5.854677e+01,5.875250e+01,5.866111e+01,5.856964e+01,5.855821e+01,5.875250e+01,5.827196e+01,5.824903e+01,5.822610e+01,5.820317e+01,5.818023e+01,5.815729e+01,5.813434e+01,5.764000e+01,5.761696e+01,5.752477e+01,5.743251e+01,5.740944e+01,5.691232e+01,5.729400e+01,5.713221e+01,5.665725e+01,5.662242e+01,5.663403e+01,5.615722e+01,5.612226e+01,5.604066e+01,5.594733e+01,5.543281e+01,5.535077e+01,5.525694e+01,5.520999e+01,5.459817e+01,5.450378e+01,5.445656e+01,5.440932e+01,5.427932e+01,5.413736e+01,5.365110e+01,5.311523e+01,5.303166e+01,5.278064e+01,5.268488e+01,5.219294e+01,5.215687e+01,5.207266e+01,5.148160e+01,5.139693e+01,5.128799e+01,5.079048e+01,5.070533e+01,5.051050e+01,5.000982e+01,4.997311e+01,4.983839e+01,4.972805e+01,4.954394e+01,4.928571e+01,4.877997e+01,4.864392e+01,4.847055e+01,4.796139e+01,4.782441e+01,4.769976e+01,4.718731e+01,4.709959e+01,4.682351e+01,4.682351e+01,4.630728e+01,4.624417e+01,4.618103e+01,4.599140e+01,4.586481e+01,4.586481e+01,4.534438e+01,4.511517e+01,4.511517e+01,4.511517e+01,4.511517e+01,4.511517e+01,4.461700e+01,4.461700e+01,4.461700e+01,4.461700e+01,4.409100e+01,4.400096e+01,4.387220e+01,4.387220e+01,4.387220e+01,4.334282e+01,4.366590e+01,4.349801e+01,4.286300e+01,4.286300e+01,4.286300e+01,4.278500e+01,4.228979e+01,4.228979e+01,4.228979e+01,4.228979e+01,4.228979e+01,4.228979e+01,4.228979e+01,4.228979e+01,4.228979e+01,4.228979e+01,4.228979e+01,4.228979e+01,4.282401e+01,4.231591e+01,4.251160e+01,4.270695e+01,4.270695e+01,4.270695e+01,4.270695e+01,4.270695e+01,4.270695e+01,4.270695e+01,4.297990e+01,4.297990e+01,4.297990e+01,4.297990e+01,4.297990e+01,4.297990e+01,4.351093e+01,4.360136e+01,4.356261e+01,4.344630e+01,4.365300e+01,4.365300e+01,4.365300e+01,4.365300e+01,4.365300e+01,4.365300e+01,4.365300e+01,4.365300e+01,4.365300e+01,4.365300e+01,4.418097e+01,4.367881e+01,4.367881e+01,4.367881e+01,4.367881e+01,4.420667e+01,4.421951e+01,4.430939e+01,4.441201e+01,4.441201e+01,4.441201e+01,4.441201e+01,4.441201e+01,4.441201e+01,4.493658e+01,4.447611e+01,4.447611e+01,4.500039e+01,4.448893e+01,4.448893e+01,4.501315e+01,4.448893e+01,4.501315e+01,4.447611e+01,4.447611e+01,4.447611e+01,4.500039e+01,4.497487e+01,4.502591e+01,4.500039e+01,4.497487e+01,4.511517e+01,4.507692e+01,4.482163e+01,4.501315e+01,4.521709e+01,4.521709e+01,4.521709e+01,4.521709e+01,4.521709e+01,4.521709e+01,4.521709e+01,4.521709e+01,4.521709e+01,4.521709e+01,4.521709e+01,4.521709e+01,4.521709e+01,4.521709e+01,4.521709e+01,4.521709e+01,4.521709e+01,4.521709e+01,4.521709e+01,4.521709e+01,4.521709e+01,4.521709e+01,4.521709e+01,4.469378e+01,4.469378e+01,4.469378e+01,4.469378e+01,4.521709e+01,4.519162e+01,4.464260e+01,4.516614e+01,4.460420e+01,4.460420e+01,4.460420e+01,4.460420e+01,4.460420e+01,4.512791e+01,4.507692e+01,4.512791e+01,4.460420e+01,4.507692e+01,4.507692e+01,4.507692e+01,4.507692e+01,4.559853e+01,4.563661e+01,4.515340e+01,4.567467e+01,4.570004e+01,4.578879e+01,4.589014e+01,4.589014e+01,4.589014e+01,4.589014e+01,4.589014e+01,4.589014e+01,4.589014e+01,4.589014e+01,4.589014e+01,4.589014e+01,4.589014e+01,4.589014e+01,4.535710e+01,4.535710e+01,4.535710e+01,4.535710e+01,4.535710e+01,4.535710e+01,4.535710e+01,4.535710e+01,4.535710e+01,4.535710e+01,4.491105e+01,4.491105e+01,4.491105e+01,4.491105e+01,4.491105e+01,4.491105e+01,4.491105e+01,4.491105e+01,4.491105e+01,4.491105e+01,4.457859e+01,4.457859e+01,4.457859e+01,4.457859e+01,4.457859e+01,4.457859e+01,4.447611e+01,4.389796e+01,4.389796e+01,4.389796e+01,4.389796e+01,4.389796e+01,4.389796e+01,4.389796e+01,4.389796e+01,4.389796e+01,4.389796e+01,4.352386e+01,4.352386e+01,4.352386e+01,4.352386e+01,4.299288e+01,4.299288e+01,4.299288e+01,4.299288e+01,4.299288e+01,4.245945e+01,4.235508e+01,4.235508e+01,4.235508e+01,4.235508e+01,4.235508e+01
3.554942e+01,3.554942e+01,3.554942e+01,3.611667e+01,3.617186e+01,3.617186e+01,3.617186e+01,3.617186e+01,3.617186e+01,3.673590e+01,3.635102e+01,3.640608e+01,3.658486e+01,3.674962e+01,3.679078e+01,3.690044e+01,3.746076e+01,3.748802e+01,3.751528e+01,3.754252e+01,3.756976e+01,3.759700e+01,3.769226e+01,3.778744e+01,3.778744e+01,3.778744e+01,3.778744e+01,3.778744e+01,3.823506e+01,3.823506e+01,3.823506e+01,3.823506e+01,3.851897e+01,3.851897e+01,3.851897e+01,3.851897e+01,3.851897e+01,3.907120e+01,3.912493e+01,3.912493e+01,3.912493e+01,3.912493e+01,3.912493e+01,3.967419e+01,3.976770e+01,3.976770e+01,3.976770e+01,3.976770e+01,3.976770e+01,3.976770e+01,3.976770e+01,3.976770e+01,3.976770e+01,4.031383e+01,4.031383e+01,4.031383e+01,4.031383e+01,4.031383e+01,4.031383e+01,4.031383e+01,4.031383e+01,4.031383e+01,4.031383e+01,4.031383e+01,4.031383e+01,4.031383e+01,4.031383e+01,4.031383e+01,4.031383e+01,4.031383e+01,4.031383e+01,4.031383e+01,4.031383e+01,4.031383e+01,4.031383e+01,4.085734e+01,4.024737e+01,4.024737e+01,4.024737e+01,4.024737e+01,4.084412e+01,4.084412e+01,4.084412e+01,4.084412e+01,4.084412e+01,4.084412e+01,4.084412e+01,4.124021e+01,4.124021e+01,4.124021e+01,4.124021e+01,4.137194e+01,4.145090e+01,4.152981e+01,4.204139e+01,4.204139e+01,4.204139e+01,4.204139e+01,4.204139e+01,4.204139e+01,4.204139e+01,4.228979e+01,4.236813e+01,4.244640e+01,4.296691e+01,4.296691e+01,4.296691e+01,4.296691e+01,4.308371e+01,4.316150e+01,4.323924e+01,4.396235e+01,4.415527e+01,4.421951e+01,4.421951e+01,4.474494e+01,4.489828e+01,4.500039e+01,4.500039e+01,4.500039e+01,4.550964e+01,4.550964e+01,4.550964e+01,4.597874e+01,4.631990e+01,4.620629e+01,4.634513e+01,4.660974e+01,4.668523e+01,4.689887e+01,4.709959e+01,4.752502e+01,4.764986e+01,4.786179e+01,4.797383e+01,4.811063e+01,4.848294e+01,4.852011e+01,4.865630e+01,4.884176e+01,4.934724e+01,4.947022e+01,4.967898e+01,4.991189e+01,5.002206e+01,5.021767e+01,5.032756e+01,5.041297e+01,5.064448e+01,5.086341e+01,5.106982e+01,5.126377e+01,5.138484e+01,5.157830e+01,5.172319e+01,5.183175e+01,5.207266e+01,5.189202e+01,5.204859e+01,5.204859e+01,5.227707e+01,5.260102e+01,5.286437e+01,5.298389e+01,5.307942e+01,5.336558e+01,5.304360e+01,5.350842e+01,5.350842e+01,5.328218e+01,5.341321e+01,5.371050e+01,5.350842e+01,5.412552e+01,5.419653e+01,5.388853e+01,5.409000e+01,5.406631e+01,5.412552e+01,5.429115e+01,5.448017e+01,5.470427e+01,5.481029e+01,5.488091e+01,5.495150e+01,5.502205e+01,5.509256e+01,5.516303e+01,5.523347e+01,5.523347e+01,5.531559e+01,5.497503e+01,5.518652e+01,5.536249e+01,5.543281e+01,5.517477e+01,5.540938e+01,5.546796e+01,5.552652e+01,5.560845e+01,5.533904e+01,5.544453e+01,5.550310e+01,5.550310e+01,5.554993e+01,5.571371e+01,5.578384e+01,5.558504e+01,5.565525e+01,5.559675e+01,5.559675e+01,5.570202e+01,5.578384e+01,5.583058e+01,5.600567e+01,5.562015e+01,5.567863e+01,5.576047e+01,5.576047e+01,5.584226e+01,5.594733e+01,5.605232e+01,5.609895e+01,5.623875e+01,5.640166e+01,5.597067e+01,5.602900e+01,5.611061e+01,5.613392e+01,5.615722e+01,5.632023e+01,5.642492e+01,5.642492e+01,5.644817e+01,5.647142e+01,5.649466e+01,5.651790e+01,5.614557e+01,5.614557e+01,5.630860e+01,5.628532e+01,5.628532e+01,5.651790e+01,5.662242e+01,5.628532e+01,5.629696e+01,5.630860e+01,5.651790e+01,5.652952e+01,5.654113e+01,5.626204e+01,5.647142e+01,5.651790e+01,5.651790e+01,5.651790e+01,5.651790e+01,5.651790e+01,5.659920e+01,5.659920e+01,5.659920e+01,5.659920e+01,5.659920e+01,5.659920e+01,5.659920e+01,5.677325e+01,5.677325e+01,5.677325e+01,5.677325e+01,5.677325e+01,5.677325e+01,5.677325e+01,5.677325e+01,5.677325e+01,5.677325e+01,5.694707e+01,5.694707e+01,5.694707e+01,5.694707e+01,5.694707e+01,5.701653e+01,5.701653e+01,5.703967e+01,5.703967e+01,5.709752e+01,5.709752e+01,5.709752e+01,5.723624e+01,5.723624e+01,5.723624e+01,5.692390e+01,5.692390e+01,5.692390e+01,5.706281e+01,5.706281e+01,5.719001e+01,5.730555e+01,5.730555e+01,5.722469e+01,5.722469e+01,5.730555e+01,5.747865e+01,5.715534e+01,5.768607e+01,5.736327e+01,5.750171e+01,5.750171e+01,5.742097e+01,5.745558e+01,5.760544e+01,5.752477e+01,5.765152e+01,5.765152e+01,5.765152e+01,5.765152e+01,5.747865e+01,5.767455e+01,5.781266e+01,5.781266e+01,5.781266e+01,5.790465e+01,5.790465e+01,5.790465e+01,5.790465e+01,5.792764e+01,5.808844e+01,5.808844e+01,5.800806e+01,5.800806e+01,5.770909e+01,5.784716e+01,5.776664e+01,5.791615e+01,5.805400e+01,5.797360e+01,5.812287e+01,5.820317e+01,5.820317e+01,5.830635e+01,5.830635e+01,5.834072e+01,5.796211e+01,5.795062e+01,5.797360e+01,5.836363e+01,5.795062e+01,5.815729e+01,5.814582e+01,5.813434e+01,5.812287e+01,5.827196e+01,5.826050e+01,5.824903e+01,5.820317e+01,5.812287e+01,5.831780e+01,5.830635e+01,5.830635e+01,5.830635e+01,5.790465e+01,5.782416e+01,5.781266e+01,5.780116e+01,5.778965e+01,5.730555e+01,5.728245e+01,5.720157e+01,5.712065e+01,5.709752e+01,5.707438e+01,5.657598e+01,5.697022e+01,5.647142e+01,5.654113e+01,5.645979e+01,5.590064e+01,5.634350e+01,5.573709e+01,5.564355e+01,5.562015e+01,5.511606e+01,5.503381e+01,5.493974e+01,5.490445e+01,5.486914e+01,5.478674e+01,5.401893e+01,5.446836e+01,5.398338e+01,5.395967e+01,5.344893e+01,5.336558e+01,5.305554e+01,5.294804e+01,5.280457e+01,5.234913e+01,5.226505e+01,5.208469e+01,5.208469e+01,5.159038e+01,5.137273e+01,5.087556e+01,5.079048e+01,5.068100e+01,5.068100e+01,5.018102e+01,5.003429e+01,4.953165e+01,4.949480e+01,4.898993e+01,4.891587e+01,4.865630e+01,4.854489e+01,4.803603e+01,4.794894e+01,4.783687e+01,4.732501e+01,4.723740e+01,4.707452e+01,4.692398e+01,4.687376e+01,4.668523e+01,4.653419e+01,4.624417e+01,4.624417e+01,4.572541e+01,4.571273e+01,4.552234e+01,4.536982e+01,4.536982e+01,4.484719e+01,4.483441e+01,4.482163e+01,4.465540e+01,4.450174e+01,4.450174e+01,4.450174e+01,4.450174e+01,4.450174e+01,4.400096e+01,4.400096e+01,4.400096e+01,4.347216e+01,4.351093e+01,4.361427e+01,4.330399e+01,4.309667e+01,4.309667e+01,4.256372e+01,4.239423e+01,4.231591e+01,4.231591e+01,4.231591e+01,4.231591e+01,4.231591e+01,4.231591e+01,4.231591e+01,4.231591e+01,4.231591e+01,4.231591e+01,4.231591e+01,4.231591e+01,4.231591e+01,4.231591e+01,4.285000e+01,4.232896e+01,4.286300e+01,4.286300e+01,4.286300e+01,4.286300e+01,4.286300e+01,4.286300e+01,4.339457e+01,4.338164e+01,4.336870e+01,4.335576e+01,4.334282e+01,4.351093e+01,4.362718e+01,4.362718e+01,4.362718e+01,4.362718e+01,4.362718e+01,4.362718e+01,4.362718e+01,4.362718e+01,4.415527e+01,4.366590e+01,4.366590e+01,4.419382e+01,4.421951e+01,4.430939e+01,4.427088e+01,4.400096e+01,4.398809e+01,4.397522e+01,4.414242e+01,4.432222e+01,4.432222e+01,4.432222e+01,4.432222e+01,4.432222e+01,4.484719e+01,4.487273e+01,4.489828e+01,4.498763e+01,4.494934e+01,4.524256e+01,4.480885e+01,4.480885e+01,4.473215e+01,4.492382e+01,4.497487e+01,4.485996e+01,4.482163e+01,4.471936e+01,4.524256e+01,4.479607e+01,4.497487e+01,4.497487e+01,4.497487e+01,4.497487e+01,4.497487e+01,4.497487e+01,4.497487e+01,4.497487e+01,4.549694e+01,4.552234e+01,4.550964e+01,4.549694e+01,4.548423e+01,4.547152e+01,4.547152e+01,4.494934e+01,4.496211e+01,4.548423e+01,4.547152e+01,4.547152e+01,4.494934e+01,4.548423e+01,4.545882e+01,4.493658e+01,4.496211e+01,4.496211e+01,4.496211e+01,4.496211e+01,4.496211e+01,4.496211e+01,4.496211e+01,4.496211e+01,4.496211e+01,4.496211e+01,4.496211e+01,4.496211e+01,4.496211e+01,4.496211e+01,4.496211e+01,4.496211e+01,4.496211e+01,4.496211e+01,4.496211e+01,4.496211e+01,4.496211e+01,4.496211e+01,4.496211e+01,4.496211e+01,4.496211e+01,4.496211e+01,4.496211e+01,4.496211e+01,4.496211e+01,4.559853e+01,4.544611e+01,4.552234e+01,4.564930e+01,4.564930e+01,4.564930e+01,4.564930e+01,4.564930e+01,4.564930e+01,4.564930e+01,4.564930e+01,4.564930e+01,4.564930e+01,4.616840e+01,4.562392e+01,4.564930e+01,4.564930e+01,4.564930e+01,4.564930e+01,4.564930e+01,4.564930e+01,4.535710e+01,4.535710e+01,4.535710e+01,4.535710e+01,4.535710e+01,4.535710e+01,4.535710e+01,4.491105e+01,4.491105e+01,4.491105e+01,4.491105e+01,4.491105e+01,4.491105e+01,4.491105e+01,4.491105e+01,4.491105e+01,4.491105e+01,4.491105e+01,4.457859e+01,4.457859e+01,4.457859e+01,4.457859e+01,4.457859e+01,4.457859e+01,4.457859e+01,4.442484e+01,4.392372e+01,4.392372e+01,4.392372e+01,4.392372e+01,4.392372e+01,4.392372e+01,4.392372e+01,4.392372e+01,4.352386e+01,4.352386e+01,4.352386e+01,4.352386e+01,4.299288e+01,4.299288e+01,4.299288e+01,4.299288e+01,4.299288e+01,4.299288e+01,4.288898e+01,4.290198e+01,4.238118e+01,4.238118e+01,4.238118e+01
3.554942e+01,3.554942e+01,3.611667e+01,3.567419e+01,3.575729e+01,3.578498e+01,3.637855e+01,3.637855e+01,3.637855e+01,3.637855e+01,3.637855e+01,3.694154e+01,3.694154e+01,3.690044e+01,3.690044e+01,3.690044e+01,3.746076e+01,3.746076e+01,3.746076e+01,3.746076e+01,3.746076e+01,3.746076e+01,3.746076e+01,3.746076e+01,3.746076e+01,3.778744e+01,3.778744e+01,3.778744e+01,3.778744e+01,3.823506e+01,3.823506e+01,3.823506e+01,3.823506e+01,3.851897e+01,3.851897e+01,3.851897e+01,3.851897e+01,3.907120e+01,3.907120e+01,3.907120e+01,3.907120e+01,3.907120e+01,3.907120e+01,3.967419e+01,3.967419e+01,3.967419e+01,3.967419e+01,3.967419e+01,3.967419e+01,3.967419e+01,3.967419e+01,4.022078e+01,4.028725e+01,3.987447e+01,4.042009e+01,4.042009e+01,3.987447e+01,4.042009e+01,4.042009e+01,4.042009e+01,4.042009e+01,4.042009e+01,4.042009e+01,4.042009e+01,4.042009e+01,4.042009e+01,4.042009e+01,4.042009e+01,4.042009e+01,4.042009e+01,4.042009e+01,4.042009e+01,4.042009e+01,4.042009e+01,4.042009e+01,4.042009e+01,4.042009e+01,4.042009e+01,4.042009e+01,4.042009e+01,4.042009e+01,4.042009e+01,4.042009e+01,4.042009e+01,4.084412e+01,4.084412e+01,4.084412e+01,4.124021e+01,4.124021e+01,4.124021e+01,4.124021e+01,4.124021e+01,4.177932e+01,4.141142e+01,4.167433e+01,4.171371e+01,4.175309e+01,4.179244e+01,4.179244e+01,4.232896e+01,4.228979e+01,4.228979e+01,4.228979e+01,4.282401e+01,4.294094e+01,4.294094e+01,4.294094e+01,4.294094e+01,4.294094e+01,4.294094e+01,4.323924e+01,4.371751e+01,4.371751e+01,4.421951e+01,4.441201e+01,4.450174e+01,4.450174e+01,4.450174e+01,4.450174e+01,4.500039e+01,4.526802e+01,4.526802e+01,4.526802e+01,4.597874e+01,4.575077e+01,4.576344e+01,4.604200e+01,4.614313e+01,4.674810e+01,4.674810e+01,4.674810e+01,4.701182e+01,4.716225e+01,4.740005e+01,4.753751e+01,4.781195e+01,4.802359e+01,4.808577e+01,4.824728e+01,4.859442e+01,4.886647e+01,4.901460e+01,4.924878e+01,4.950708e+01,4.964217e+01,4.987514e+01,5.002206e+01,5.014435e+01,5.041297e+01,5.041297e+01,5.041297e+01,5.041297e+01,5.088771e+01,5.110621e+01,5.077832e+01,5.139693e+01,5.166284e+01,5.168699e+01,5.168699e+01,5.168699e+01,5.178352e+01,5.216889e+01,5.230109e+01,5.244515e+01,5.218092e+01,5.230109e+01,5.245715e+01,5.260102e+01,5.262498e+01,5.264894e+01,5.290023e+01,5.306748e+01,5.322258e+01,5.344893e+01,5.344893e+01,5.344893e+01,5.367486e+01,5.369862e+01,5.379361e+01,5.399523e+01,5.422019e+01,5.399523e+01,5.412552e+01,5.422019e+01,5.431479e+01,5.440932e+01,5.450378e+01,5.459817e+01,5.420836e+01,5.422019e+01,5.423202e+01,5.485738e+01,5.485738e+01,5.485738e+01,5.485738e+01,5.485738e+01,5.485738e+01,5.485738e+01,5.485738e+01,5.485738e+01,5.485738e+01,5.485738e+01,5.485738e+01,5.485738e+01,5.485738e+01,5.485738e+01,5.485738e+01,5.485738e+01,5.485738e+01,5.485738e+01,5.485738e+01,5.485738e+01,5.485738e+01,5.485738e+01,5.485738e+01,5.513955e+01,5.520999e+01,5.530386e+01,5.531559e+01,5.540938e+01,5.504556e+01,5.516303e+01,5.522173e+01,5.537421e+01,5.547967e+01,5.539766e+01,5.546796e+01,5.556164e+01,5.559675e+01,5.563185e+01,5.532732e+01,5.543281e+01,5.543281e+01,5.545625e+01,5.547967e+01,5.550310e+01,5.545625e+01,5.545625e+01,5.545625e+01,5.562015e+01,5.562015e+01,5.562015e+01,5.585394e+01,5.588897e+01,5.588897e+01,5.542110e+01,5.590064e+01,5.563185e+01,5.563185e+01,5.605232e+01,5.605232e+01,5.605232e+01,5.605232e+01,5.556164e+01,5.602900e+01,5.602900e+01,5.602900e+01,5.611061e+01,5.611061e+01,5.611061e+01,5.611061e+01,5.611061e+01,5.611061e+01,5.611061e+01,5.580721e+01,5.579553e+01,5.578384e+01,5.577216e+01,5.576047e+01,5.622711e+01,5.574878e+01,5.621547e+01,5.621547e+01,5.621547e+01,5.591232e+01,5.637840e+01,5.637840e+01,5.637840e+01,5.637840e+01,5.644817e+01,5.644817e+01,5.647142e+01,5.647142e+01,5.605232e+01,5.605232e+01,5.605232e+01,5.619217e+01,5.619217e+01,5.661081e+01,5.661081e+01,5.664564e+01,5.668045e+01,5.637840e+01,5.637840e+01,5.650628e+01,5.662242e+01,5.662242e+01,5.662242e+01,5.662242e+01,5.670366e+01,5.683121e+01,5.650628e+01,5.677325e+01,5.677325e+01,5.691232e+01,5.691232e+01,5.691232e+01,5.694707e+01,5.662242e+01,5.708595e+01,5.673846e+01,5.672686e+01,5.671526e+01,5.670366e+01,5.716690e+01,5.691232e+01,5.705124e+01,5.705124e+01,5.705124e+01,5.714378e+01,5.714378e+01,5.714378e+01,5.714378e+01,5.716690e+01,5.732864e+01,5.732864e+01,5.732864e+01,5.728245e+01,5.728245e+01,5.694707e+01,5.693549e+01,5.707438e+01,5.720157e+01,5.719001e+01,5.732864e+01,5.739790e+01,5.738636e+01,5.747865e+01,5.746711e+01,5.744405e+01,5.783566e+01,5.736327e+01,5.753630e+01,5.760544e+01,5.753630e+01,5.773211e+01,5.772060e+01,5.770909e+01,5.769758e+01,5.736327e+01,5.781266e+01,5.780116e+01,5.778965e+01,5.777814e+01,5.751324e+01,5.750171e+01,5.749018e+01,5.743251e+01,5.736327e+01,5.735173e+01,5.734018e+01,5.685439e+01,5.679644e+01,5.672686e+01,5.670366e+01,5.668045e+01,5.665725e+01,5.663403e+01,5.657598e+01,5.613392e+01,5.620382e+01,5.613392e+01,5.620382e+01,5.606398e+01,5.544453e+01,5.556164e+01,5.549139e+01,5.549139e+01,5.483384e+01,5.476318e+01,5.476318e+01,5.476318e+01,5.476318e+01,5.427932e+01,5.422019e+01,5.403078e+01,5.412552e+01,5.352032e+01,5.346083e+01,5.337749e+01,5.273277e+01,5.273277e+01,5.273277e+01,5.254110e+01,5.186792e+01,5.184381e+01,5.181969e+01,5.167491e+01,5.151787e+01,5.117896e+01,5.060796e+01,5.060796e+01,5.060796e+01,5.010767e+01,5.003429e+01,4.983839e+01,4.924878e+01,4.910093e+01,4.898993e+01,4.875525e+01,4.871815e+01,4.840858e+01,4.773717e+01,4.773717e+01,4.753751e+01,4.732501e+01,4.732501e+01,4.681095e+01,4.681095e+01,4.629466e+01,4.626942e+01,4.621892e+01,4.564930e+01,4.558584e+01,4.550964e+01,4.550964e+01,4.550964e+01,4.550964e+01,4.498763e+01,4.484719e+01,4.484719e+01,4.484719e+01,4.484719e+01,4.484719e+01,4.484719e+01,4.450174e+01,4.450174e+01,4.450174e+01,4.400096e+01,4.400096e+01,4.347216e+01,4.339457e+01,4.339457e+01,4.339457e+01,4.339457e+01,4.309667e+01,4.288898e+01,4.277200e+01,4.277200e+01,4.277200e+01,4.231591e+01,4.231591e+01,4.231591e+01,4.231591e+01,4.231591e+01,4.231591e+01,4.231591e+01,4.231591e+01,4.231591e+01,4.285000e+01,4.287599e+01,4.290198e+01,4.296691e+01,4.295393e+01,4.281101e+01,4.294094e+01,4.294094e+01,4.294094e+01,4.294094e+01,4.294094e+01,4.347216e+01,4.301883e+01,4.301883e+01,4.301883e+01,4.354969e+01,4.354969e+01,4.354969e+01,4.354969e+01,4.354969e+01,4.354969e+01,4.354969e+01,4.407814e+01,4.410386e+01,4.412957e+01,4.419382e+01,4.418097e+01,4.389796e+01,4.410386e+01,4.425804e+01,4.425804e+01,4.425804e+01,4.425804e+01,4.425804e+01,4.425804e+01,4.425804e+01,4.425804e+01,4.425804e+01,4.478329e+01,4.480885e+01,4.483441e+01,4.489828e+01,4.496211e+01,4.496211e+01,4.496211e+01,4.496211e+01,4.548423e+01,4.533165e+01,4.510242e+01,4.508967e+01,4.500039e+01,4.498763e+01,4.498763e+01,4.498763e+01,4.550964e+01,4.547152e+01,4.545882e+01,4.521709e+01,4.524256e+01,4.522983e+01,4.522983e+01,4.522983e+01,4.522983e+01,4.522983e+01,4.522983e+01,4.522983e+01,4.522983e+01,4.522983e+01,4.522983e+01,4.549694e+01,4.549694e+01,4.549694e+01,4.549694e+01,4.547152e+01,4.553505e+01,4.559853e+01,4.559853e+01,4.507692e+01,4.514066e+01,4.528075e+01,4.507692e+01,4.545882e+01,4.548423e+01,4.550964e+01,4.501315e+01,4.553505e+01,4.554774e+01,4.503866e+01,4.503866e+01,4.503866e+01,4.503866e+01,4.503866e+01,4.503866e+01,4.503866e+01,4.503866e+01,4.503866e+01,4.503866e+01,4.503866e+01,4.503866e+01,4.503866e+01,4.503866e+01,4.503866e+01,4.503866e+01,4.503866e+01,4.503866e+01,4.503866e+01,4.503866e+01,4.503866e+01,4.503866e+01,4.556044e+01,4.562392e+01,4.568736e+01,4.568736e+01,4.568736e+01,4.568736e+01,4.568736e+01,4.568736e+01,4.620629e+01,4.620629e+01,4.568736e+01,4.568736e+01,4.568736e+01,4.568736e+01,4.568736e+01,4.568736e+01,4.568736e+01,4.568736e+01,4.568736e+01,4.568736e+01,4.568736e+01,4.568736e+01,4.568736e+01,4.535710e+01,4.535710e+01,4.535710e+01,4.535710e+01,4.535710e+01,4.535710e+01,4.535710e+01,4.535710e+01,4.535710e+01,4.491105e+01,4.491105e+01,4.491105e+01,4.491105e+01,4.491105e+01,4.491105e+01,4.491105e+01,4.491105e+01,4.491105e+01,4.457859e+01,4.457859e+01,4.457859e+01,4.457859e+01,4.457859e+01,4.405242e+01,4.457859e+01,4.421951e+01,4.412957e+01,4.412957e+01,4.412957e+01,4.412957e+01,4.412957e+01,4.412957e+01,4.360136e+01,4.353678e+01,4.347216e+01,4.347216e+01,4.347216e+01,4.347216e+01,4.347216e+01,4.299288e+01,4.299288e+01,4.299288e+01,4.299288e+01,4.299288e+01,4.299288e+01,4.299288e+01,4.238118e+01,4.238118e+01,4.238118e+01
3.554942e+01,3.554942e+01,3.554942e+01,3.554942e+01,3.554942e+01,3.611667e+01,3.636478e+01,3.636478e+01,3.636478e+01,3.636478e+01,3.636478e+01,3.694154e+01,3.694154e+01,3.694154e+01,3.694154e+01,3.694154e+01,3.694154e+01,3.746076e+01,3.746076e+01,3.746076e+01,3.746076e+01,3.746076e+01,3.746076e+01,3.746076e+01,3.746076e+01,3.778744e+01,3.778744e+01,3.778744e+01,3.778744e+01,3.823506e+01,3.823506e+01,3.823506e+01,3.823506e+01,3.851897e+01,3.851897e+01,3.851897e+01,3.851897e+01,3.907120e+01,3.907120e+01,3.907120e+01,3.907120e+01,3.962072e+01,3.968755e+01,3.920548e+01,3.921890e+01,3.978105e+01,3.978105e+01,3.978105e+01,3.978105e+01,3.978105e+01,3.978105e+01,3.978105e+01,3.978105e+01,4.032712e+01,3.992781e+01,4.040681e+01,4.026067e+01,4.040681e+01,4.040681e+01,4.040681e+01,4.040681e+01,4.040681e+01,4.040681e+01,4.040681e+01,4.040681e+01,4.040681e+01,4.040681e+01,4.040681e+01,4.040681e+01,4.040681e+01,4.040681e+01,4.040681e+01,4.040681e+01,4.040681e+01,4.040681e+01,4.040681e+01,4.040681e+01,4.040681e+01,4.040681e+01,4.040681e+01,4.040681e+01,4.040681e+01,4.040681e+01,4.040681e+01,4.084412e+01,4.084412e+01,4.084412e+01,4.084412e+01,4.084412e+01,4.124021e+01,4.124021e+01,4.124021e+01,4.124021e+01,4.177932e+01,4.176620e+01,4.176620e+01,4.176620e+01,4.176620e+01,4.176620e+01,4.232896e+01,4.232896e+01,4.232896e+01,4.232896e+01,4.232896e+01,4.232896e+01,4.240727e+01,4.243336e+01,4.299288e+01,4.299288e+01,4.299288e+01,4.352386e+01,4.370461e+01,4.338164e+01,4.398809e+01,4.398809e+01,4.398809e+01,4.450174e+01,4.450174e+01,4.450174e+01,4.450174e+01,4.474494e+01,4.530621e+01,4.497487e+01,4.528075e+01,4.533165e+01,4.599140e+01,4.597874e+01,4.625679e+01,4.602935e+01,4.659715e+01,4.676068e+01,4.694908e+01,4.694908e+01,4.740005e+01,4.718731e+01,4.781195e+01,4.781195e+01,4.781195e+01,4.781195e+01,4.808577e+01,4.822245e+01,4.843337e+01,4.880469e+01,4.892821e+01,4.912558e+01,4.942104e+01,4.962989e+01,4.976484e+01,4.988739e+01,4.994862e+01,5.000982e+01,5.016879e+01,5.043736e+01,5.060796e+01,5.075399e+01,5.074183e+01,5.087556e+01,5.145742e+01,5.145742e+01,5.145742e+01,5.145742e+01,5.145742e+01,5.145742e+01,5.145742e+01,5.168699e+01,5.187997e+01,5.210876e+01,5.226505e+01,5.230109e+01,5.233712e+01,5.244515e+01,5.268488e+01,5.285241e+01,5.260102e+01,5.267290e+01,5.274473e+01,5.304360e+01,5.313909e+01,5.330602e+01,5.309135e+01,5.338940e+01,5.346083e+01,5.317488e+01,5.381735e+01,5.349652e+01,5.365110e+01,5.380548e+01,5.384108e+01,5.379361e+01,5.386481e+01,5.395967e+01,5.372237e+01,5.393596e+01,5.399523e+01,5.405447e+01,5.411368e+01,5.417286e+01,5.423202e+01,5.429115e+01,5.435025e+01,5.440932e+01,5.446836e+01,5.452738e+01,5.453918e+01,5.406631e+01,5.412552e+01,5.418470e+01,5.424385e+01,5.430297e+01,5.436206e+01,5.442113e+01,5.448017e+01,5.448017e+01,5.448017e+01,5.449198e+01,5.463354e+01,5.476318e+01,5.443294e+01,5.449198e+01,5.453918e+01,5.453918e+01,5.470427e+01,5.481029e+01,5.452738e+01,5.468070e+01,5.472784e+01,5.484560e+01,5.498678e+01,5.458637e+01,5.457458e+01,5.505731e+01,5.468070e+01,5.471606e+01,5.477496e+01,5.483384e+01,5.489268e+01,5.492798e+01,5.496326e+01,5.499854e+01,5.519825e+01,5.523347e+01,5.478674e+01,5.504556e+01,5.510431e+01,5.504556e+01,5.505731e+01,5.523347e+01,5.524520e+01,5.539766e+01,5.513955e+01,5.516303e+01,5.518652e+01,5.512780e+01,5.513955e+01,5.529213e+01,5.531559e+01,5.533904e+01,5.544453e+01,5.498678e+01,5.519825e+01,5.520999e+01,5.522173e+01,5.523347e+01,5.518652e+01,5.519825e+01,5.520999e+01,5.522173e+01,5.523347e+01,5.538594e+01,5.552652e+01,5.553822e+01,5.532732e+01,5.533904e+01,5.529213e+01,5.543281e+01,5.558504e+01,5.559675e+01,5.560845e+01,5.562015e+01,5.522173e+01,5.543281e+01,5.546796e+01,5.540938e+01,5.536249e+01,5.537421e+01,5.586562e+01,5.586562e+01,5.586562e+01,5.586562e+01,5.586562e+01,5.586562e+01,5.586562e+01,5.586562e+01,5.586562e+01,5.586562e+01,5.586562e+01,5.586562e+01,5.586562e+01,5.586562e+01,5.586562e+01,5.586562e+01,5.586562e+01,5.586562e+01,5.586562e+01,5.586562e+01,5.586562e+01,5.595900e+01,5.594733e+01,5.608730e+01,5.628532e+01,5.629696e+01,5.630860e+01,5.632023e+01,5.599400e+01,5.619217e+01,5.620382e+01,5.635514e+01,5.636677e+01,5.637840e+01,5.648304e+01,5.649466e+01,5.650628e+01,5.651790e+01,5.655275e+01,5.625040e+01,5.645979e+01,5.645979e+01,5.645979e+01,5.641329e+01,5.642492e+01,5.642492e+01,5.656437e+01,5.669206e+01,5.669206e+01,5.683121e+01,5.690074e+01,5.690074e+01,5.651790e+01,5.650628e+01,5.664564e+01,5.671526e+01,5.678485e+01,5.694707e+01,5.700495e+01,5.699338e+01,5.670366e+01,5.669206e+01,5.668045e+01,5.710908e+01,5.677325e+01,5.691232e+01,5.690074e+01,5.688915e+01,5.685439e+01,5.686598e+01,5.685439e+01,5.684280e+01,5.683121e+01,5.681963e+01,5.680803e+01,5.675006e+01,5.670366e+01,5.622711e+01,5.621547e+01,5.620382e+01,5.619217e+01,5.618052e+01,5.616887e+01,5.563185e+01,5.606398e+01,5.558504e+01,5.557334e+01,5.563185e+01,5.557334e+01,5.540938e+01,5.492798e+01,5.491621e+01,5.485738e+01,5.479851e+01,5.431479e+01,5.430297e+01,5.429115e+01,5.423202e+01,5.371050e+01,5.369862e+01,5.368674e+01,5.315102e+01,5.310329e+01,5.309135e+01,5.293609e+01,5.268488e+01,5.219294e+01,5.218092e+01,5.212078e+01,5.181969e+01,5.181969e+01,5.132432e+01,5.131221e+01,5.075399e+01,5.049831e+01,5.044955e+01,5.044955e+01,4.994862e+01,4.989964e+01,4.939645e+01,4.933494e+01,4.919952e+01,4.869342e+01,4.868105e+01,4.816034e+01,4.812306e+01,4.786179e+01,4.768728e+01,4.717478e+01,4.716225e+01,4.713719e+01,4.696163e+01,4.630728e+01,4.624417e+01,4.619366e+01,4.619366e+01,4.567467e+01,4.559853e+01,4.559853e+01,4.559853e+01,4.559853e+01,4.507692e+01,4.501315e+01,4.493658e+01,4.493658e+01,4.493658e+01,4.493658e+01,4.493658e+01,4.441201e+01,4.437354e+01,4.438637e+01,4.438637e+01,4.438637e+01,4.400096e+01,4.382066e+01,4.370461e+01,4.370461e+01,4.339457e+01,4.339457e+01,4.339457e+01,4.309667e+01,4.309667e+01,4.277200e+01,4.223754e+01,4.270695e+01,4.255069e+01,4.255069e+01,4.255069e+01,4.255069e+01,4.255069e+01,4.255069e+01,4.255069e+01,4.255069e+01,4.255069e+01,4.255069e+01,4.287599e+01,4.287599e+01,4.287599e+01,4.287599e+01,4.287599e+01,4.340751e+01,4.288898e+01,4.288898e+01,4.342044e+01,4.348509e+01,4.347216e+01,4.325219e+01,4.325219e+01,4.325219e+01,4.354969e+01,4.354969e+01,4.354969e+01,4.354969e+01,4.407814e+01,4.407814e+01,4.414242e+01,4.419382e+01,4.419382e+01,4.419382e+01,4.419382e+01,4.419382e+01,4.419382e+01,4.419382e+01,4.419382e+01,4.419382e+01,4.471936e+01,4.471936e+01,4.471936e+01,4.471936e+01,4.471936e+01,4.471936e+01,4.478329e+01,4.483441e+01,4.483441e+01,4.483441e+01,4.483441e+01,4.535710e+01,4.538253e+01,4.538253e+01,4.544611e+01,4.553505e+01,4.553505e+01,4.553505e+01,4.553505e+01,4.553505e+01,4.553505e+01,4.553505e+01,4.553505e+01,4.553505e+01,4.553505e+01,4.553505e+01,4.553505e+01,4.553505e+01,4.553505e+01,4.553505e+01,4.553505e+01,4.553505e+01,4.553505e+01,4.553505e+01,4.553505e+01,4.553505e+01,4.553505e+01,4.553505e+01,4.553505e+01,4.553505e+01,4.553505e+01,4.553505e+01,4.553505e+01,4.553505e+01,4.553505e+01,4.553505e+01,4.553505e+01,4.553505e+01,4.553505e+01,4.553505e+01,4.553505e+01,4.553505e+01,4.553505e+01,4.553505e+01,4.553505e+01,4.553505e+01,4.553505e+01,4.553505e+01,4.553505e+01,4.553505e+01,4.553505e+01,4.503866e+01,4.503866e+01,4.503866e+01,4.503866e+01,4.503866e+01,4.503866e+01,4.503866e+01,4.503866e+01,4.503866e+01,4.503866e+01,4.503866e+01,4.503866e+01,4.503866e+01,4.556044e+01,4.556044e+01,4.556044e+01,4.562392e+01,4.567467e+01,4.567467e+01,4.567467e+01,4.567467e+01,4.567467e+01,4.567467e+01,4.567467e+01,4.619366e+01,4.625679e+01,4.607993e+01,4.591546e+01,4.591546e+01,4.591546e+01,4.591546e+01,4.591546e+01,4.591546e+01,4.591546e+01,4.591546e+01,4.591546e+01,4.539525e+01,4.589014e+01,4.536982e+01,4.581414e+01,4.554774e+01,4.554774e+01,4.554774e+01,4.502591e+01,4.501315e+01,4.500039e+01,4.498763e+01,4.497487e+01,4.533165e+01,4.514066e+01,4.514066e+01,4.514066e+01,4.514066e+01,4.461700e+01,4.512791e+01,4.512791e+01,4.460420e+01,4.454018e+01,4.448893e+01,4.448893e+01,4.448893e+01,4.448893e+01,4.448893e+01,4.448893e+01,4.448893e+01,4.448893e+01,4.448893e+01,4.412957e+01,4.412957e+01,4.412957e+01,4.412957e+01,4.412957e+01,4.412957e+01,4.353678e+01,4.353678e+01,4.353678e+01,4.353678e+01,4.353678e+01,4.353678e+01,4.353678e+01,4.353678e+01,4.299288e+01,4.299288e+01,4.299288e+01,4.299288e+01,4.299288e+01,4.291497e+01,4.291497e+01,4.291497e+01
3.554942e+01,3.554942e+01,3.554942e+01,3.611667e+01,3.618565e+01,3.624080e+01,3.624080e+01,3.624080e+01,3.624080e+01,3.680449e+01,3.640608e+01,3.669473e+01,3.669473e+01,3.725610e+01,3.725610e+01,3.725610e+01,3.740622e+01,3.751528e+01,3.751528e+01,3.751528e+01,3.751528e+01,3.751528e+01,3.751528e+01,3.751528e+01,3.751528e+01,3.751528e+01,3.751528e+01,3.807250e+01,3.766505e+01,3.786896e+01,3.842442e+01,3.842442e+01,3.842442e+01,3.842442e+01,3.842442e+01,3.897711e+01,3.904433e+01,3.912493e+01,3.912493e+01,3.912493e+01,3.912493e+01,3.912493e+01,3.912493e+01,3.912493e+01,3.967419e+01,3.983444e+01,3.983444e+01,3.983444e+01,3.983444e+01,3.983444e+01,3.983444e+01,3.983444e+01,3.983444e+01,3.983444e+01,3.983444e+01,3.983444e+01,4.026067e+01,4.026067e+01,4.026067e+01,4.026067e+01,4.026067e+01,4.026067e+01,4.026067e+01,4.026067e+01,4.026067e+01,4.026067e+01,4.026067e+01,4.026067e+01,4.026067e+01,4.026067e+01,4.026067e+01,4.026067e+01,4.026067e+01,4.026067e+01,4.026067e+01,4.026067e+01,4.026067e+01,4.026067e+01,4.026067e+01,4.026067e+01,4.026067e+01,4.026067e+01,4.080443e+01,4.039353e+01,4.059254e+01,4.059254e+01,4.059254e+01,4.059254e+01,4.059254e+01,4.124021e+01,4.124021e+01,4.124021e+01,4.124021e+01,4.124021e+01,4.176620e+01,4.176620e+01,4.176620e+01,4.176620e+01,4.176620e+01,4.176620e+01,4.179244e+01,4.232896e+01,4.232896e+01,4.232896e+01,4.232896e+01,4.286300e+01,4.239423e+01,4.271996e+01,4.271996e+01,4.334282e+01,4.299288e+01,4.313557e+01,4.327810e+01,4.365300e+01,4.365300e+01,4.427088e+01,4.396235e+01,4.397522e+01,4.451455e+01,4.451455e+01,4.451455e+01,4.451455e+01,4.497487e+01,4.521709e+01,4.544611e+01,4.576344e+01,4.591546e+01,4.613049e+01,4.568736e+01,4.635774e+01,4.635774e+01,4.635774e+01,4.643340e+01,4.706199e+01,4.716225e+01,4.704945e+01,4.757497e+01,4.757497e+01,4.757497e+01,4.757497e+01,4.822245e+01,4.807334e+01,4.829693e+01,4.844577e+01,4.877997e+01,4.892821e+01,4.916256e+01,4.932264e+01,4.947022e+01,4.955622e+01,4.961762e+01,4.978936e+01,4.991189e+01,5.010767e+01,5.027873e+01,5.030315e+01,5.058360e+01,5.077832e+01,5.080264e+01,5.082695e+01,5.085126e+01,5.087556e+01,5.089986e+01,5.092415e+01,5.117896e+01,5.139693e+01,5.115471e+01,5.132432e+01,5.186792e+01,5.192817e+01,5.206063e+01,5.180764e+01,5.194022e+01,5.195227e+01,5.204859e+01,5.225304e+01,5.242115e+01,5.254110e+01,5.273277e+01,5.286437e+01,5.261301e+01,5.313909e+01,5.276867e+01,5.313909e+01,5.315102e+01,5.330602e+01,5.297194e+01,5.303166e+01,5.305554e+01,5.315102e+01,5.327027e+01,5.329410e+01,5.353221e+01,5.361544e+01,5.366298e+01,5.325835e+01,5.334176e+01,5.342512e+01,5.350842e+01,5.359167e+01,5.367486e+01,5.375800e+01,5.384108e+01,5.380548e+01,5.375800e+01,5.380548e+01,5.385294e+01,5.390039e+01,5.394782e+01,5.350842e+01,5.359167e+01,5.367486e+01,5.369862e+01,5.372237e+01,5.375800e+01,5.392411e+01,5.401893e+01,5.354411e+01,5.362733e+01,5.369862e+01,5.420836e+01,5.386481e+01,5.393596e+01,5.393596e+01,5.412552e+01,5.420836e+01,5.387667e+01,5.445656e+01,5.392411e+01,5.406631e+01,5.427932e+01,5.427932e+01,5.433843e+01,5.436206e+01,5.444475e+01,5.452738e+01,5.452738e+01,5.458637e+01,5.458637e+01,5.432661e+01,5.432661e+01,5.442113e+01,5.405447e+01,5.412552e+01,5.462175e+01,5.417286e+01,5.436206e+01,5.438569e+01,5.450378e+01,5.450378e+01,5.453918e+01,5.457458e+01,5.458637e+01,5.460996e+01,5.429115e+01,5.431479e+01,5.433843e+01,5.440932e+01,5.435025e+01,5.456278e+01,5.457458e+01,5.458637e+01,5.459817e+01,5.459817e+01,5.460996e+01,5.462175e+01,5.463354e+01,5.464534e+01,5.479851e+01,5.445656e+01,5.445656e+01,5.466891e+01,5.466891e+01,5.465713e+01,5.478674e+01,5.492798e+01,5.492798e+01,5.444475e+01,5.499854e+01,5.445656e+01,5.465713e+01,5.468070e+01,5.466891e+01,5.465713e+01,5.481029e+01,5.499854e+01,5.498678e+01,5.497503e+01,5.496326e+01,5.495150e+01,5.493974e+01,5.492798e+01,5.491621e+01,5.538594e+01,5.538594e+01,5.538594e+01,5.538594e+01,5.538594e+01,5.538594e+01,5.538594e+01,5.538594e+01,5.538594e+01,5.538594e+01,5.538594e+01,5.538594e+01,5.538594e+01,5.547967e+01,5.547967e+01,5.562015e+01,5.533904e+01,5.533904e+01,5.533904e+01,5.531559e+01,5.531559e+01,5.550310e+01,5.550310e+01,5.564355e+01,5.564355e+01,5.564355e+01,5.573709e+01,5.573709e+01,5.573709e+01,5.573709e+01,5.573709e+01,5.573709e+01,5.593566e+01,5.592399e+01,5.591232e+01,5.590064e+01,5.590064e+01,5.588897e+01,5.601733e+01,5.613392e+01,5.612226e+01,5.577216e+01,5.581889e+01,5.588897e+01,5.581889e+01,5.579553e+01,5.591232e+01,5.595900e+01,5.600567e+01,5.614557e+01,5.618052e+01,5.614557e+01,5.614557e+01,5.612226e+01,5.626204e+01,5.642492e+01,5.594733e+01,5.606398e+01,5.604066e+01,5.601733e+01,5.599400e+01,5.598234e+01,5.595900e+01,5.593566e+01,5.591232e+01,5.588897e+01,5.586562e+01,5.584226e+01,5.580721e+01,5.573709e+01,5.571371e+01,5.569033e+01,5.566694e+01,5.564355e+01,5.512780e+01,5.513955e+01,5.524520e+01,5.517477e+01,5.515129e+01,5.518652e+01,5.468070e+01,5.463354e+01,5.456278e+01,5.452738e+01,5.401893e+01,5.397153e+01,5.390039e+01,5.386481e+01,5.382922e+01,5.378174e+01,5.315102e+01,5.311523e+01,5.306748e+01,5.299583e+01,5.250512e+01,5.246914e+01,5.243315e+01,5.218092e+01,5.210876e+01,5.161454e+01,5.157830e+01,5.156621e+01,5.145742e+01,5.083910e+01,5.079048e+01,5.057142e+01,5.005876e+01,5.002206e+01,4.997311e+01,4.937185e+01,4.932264e+01,4.923647e+01,4.923647e+01,4.873052e+01,4.860680e+01,4.844577e+01,4.788669e+01,4.782441e+01,4.777457e+01,4.752502e+01,4.740005e+01,4.688631e+01,4.684864e+01,4.673553e+01,4.601670e+01,4.597874e+01,4.594078e+01,4.577612e+01,4.558584e+01,4.558584e+01,4.558584e+01,4.558584e+01,4.558584e+01,4.507692e+01,4.507692e+01,4.507692e+01,4.507692e+01,4.455298e+01,4.503866e+01,4.487273e+01,4.462980e+01,4.462980e+01,4.462980e+01,4.410386e+01,4.456579e+01,4.424520e+01,4.382066e+01,4.382066e+01,4.382066e+01,4.382066e+01,4.339457e+01,4.325219e+01,4.316150e+01,4.301883e+01,4.261583e+01,4.261583e+01,4.269394e+01,4.269394e+01,4.269394e+01,4.215912e+01,4.213297e+01,4.264187e+01,4.264187e+01,4.264187e+01,4.264187e+01,4.264187e+01,4.264187e+01,4.317446e+01,4.320038e+01,4.269394e+01,4.322629e+01,4.334282e+01,4.339457e+01,4.310964e+01,4.327810e+01,4.340751e+01,4.340751e+01,4.340751e+01,4.340751e+01,4.340751e+01,4.340751e+01,4.393660e+01,4.394947e+01,4.396235e+01,4.407814e+01,4.416813e+01,4.416813e+01,4.416813e+01,4.416813e+01,4.416813e+01,4.416813e+01,4.416813e+01,4.416813e+01,4.469378e+01,4.473215e+01,4.477051e+01,4.482163e+01,4.491105e+01,4.491105e+01,4.491105e+01,4.491105e+01,4.491105e+01,4.491105e+01,4.491105e+01,4.491105e+01,4.491105e+01,4.543340e+01,4.548423e+01,4.557314e+01,4.557314e+01,4.557314e+01,4.609257e+01,4.561123e+01,4.561123e+01,4.561123e+01,4.561123e+01,4.561123e+01,4.561123e+01,4.561123e+01,4.561123e+01,4.561123e+01,4.561123e+01,4.561123e+01,4.561123e+01,4.561123e+01,4.561123e+01,4.561123e+01,4.561123e+01,4.561123e+01,4.613049e+01,4.563661e+01,4.615576e+01,4.564930e+01,4.616840e+01,4.564930e+01,4.564930e+01,4.564930e+01,4.564930e+01,4.564930e+01,4.564930e+01,4.564930e+01,4.564930e+01,4.564930e+01,4.564930e+01,4.564930e+01,4.564930e+01,4.564930e+01,4.564930e+01,4.564930e+01,4.564930e+01,4.564930e+01,4.564930e+01,4.564930e+01,4.564930e+01,4.564930e+01,4.564930e+01,4.512791e+01,4.553505e+01,4.525529e+01,4.525529e+01,4.525529e+01,4.525529e+01,4.525529e+01,4.525529e+01,4.525529e+01,4.525529e+01,4.525529e+01,4.525529e+01,4.525529e+01,4.525529e+01,4.525529e+01,4.525529e+01,4.556044e+01,4.556044e+01,4.556044e+01,4.556044e+01,4.556044e+01,4.556044e+01,4.556044e+01,4.607993e+01,4.609257e+01,4.614313e+01,4.628204e+01,4.628204e+01,4.628204e+01,4.628204e+01,4.628204e+01,4.628204e+01,4.628204e+01,4.591546e+01,4.591546e+01,4.591546e+01,4.591546e+01,4.591546e+01,4.591546e+01,4.539525e+01,4.590280e+01,4.580146e+01,4.561123e+01,4.561123e+01,4.561123e+01,4.561123e+01,4.561123e+01,4.552234e+01,4.549694e+01,4.500039e+01,4.526802e+01,4.526802e+01,4.526802e+01,4.526802e+01,4.474494e+01,4.480885e+01,4.491105e+01,4.474494e+01,4.461700e+01,4.461700e+01,4.461700e+01,4.461700e+01,4.461700e+01,4.461700e+01,4.461700e+01,4.461700e+01,4.461700e+01,4.461700e+01,4.409100e+01,4.403955e+01,4.403955e+01,4.403955e+01,4.403955e+01,4.403955e+01,4.403955e+01,4.353678e+01,4.353678e+01,4.353678e+01,4.353678e+01,4.353678e+01,4.353678e+01,4.353678e+01,4.353678e+01,4.299288e+01,4.299288e+01,4.299288e+01,4.299288e+01,4.299288e+01,4.299288e+01,4.299288e+01,4.245945e+01
3.554942e+01,3.554942e+01,3.554942e+01,3.611667e+01,3.611667e+01,3.611667e+01,3.611667e+01,3.611667e+01,3.668100e+01,3.662607e+01,3.661234e+01,3.662607e+01,3.680449e+01,3.702368e+01,3.702368e+01,3.702368e+01,3.702368e+01,3.702368e+01,3.751528e+01,3.751528e+01,3.751528e+01,3.751528e+01,3.751528e+01,3.751528e+01,3.751528e+01,3.751528e+01,3.807250e+01,3.796399e+01,3.828920e+01,3.834330e+01,3.796399e+01,3.853247e+01,3.853247e+01,3.853247e+01,3.853247e+01,3.897711e+01,3.897711e+01,3.897711e+01,3.897711e+01,3.897711e+01,3.897711e+01,3.897711e+01,3.897711e+01,3.952709e+01,3.966082e+01,3.966082e+01,3.966082e+01,3.966082e+01,3.966082e+01,3.966082e+01,3.966082e+01,4.020747e+01,4.022078e+01,4.023407e+01,4.024737e+01,4.031383e+01,4.032712e+01,4.032712e+01,4.032712e+01,4.032712e+01,4.032712e+01,4.032712e+01,4.032712e+01,4.032712e+01,4.032712e+01,4.032712e+01,4.032712e+01,4.032712e+01,4.032712e+01,4.032712e+01,4.032712e+01,4.032712e+01,4.032712e+01,4.032712e+01,4.032712e+01,4.032712e+01,4.032712e+01,4.032712e+01,4.032712e+01,4.032712e+01,4.032712e+01,4.032712e+01,4.032712e+01,4.032712e+01,4.087056e+01,4.088379e+01,4.089701e+01,4.091023e+01,4.101593e+01,4.068529e+01,4.124021e+01,4.124021e+01,4.124021e+01,4.124021e+01,4.176620e+01,4.176620e+01,4.176620e+01,4.176620e+01,4.176620e+01,4.176620e+01,4.176620e+01,4.176620e+01,4.176620e+01,4.232896e+01,4.249856e+01,4.248552e+01,4.256372e+01,4.264187e+01,4.281101e+01,4.300586e+01,4.294094e+01,4.347216e+01,4.353678e+01,4.357553e+01,4.374331e+01,4.393660e+01,4.388509e+01,4.406528e+01,4.429655e+01,4.429655e+01,4.429655e+01,4.429655e+01,4.445048e+01,4.471936e+01,4.508967e+01,4.524256e+01,4.542068e+01,4.558584e+01,4.561123e+01,4.554774e+01,4.609257e+01,4.607993e+01,4.625679e+01,4.666007e+01,4.674810e+01,4.689887e+01,4.719983e+01,4.718731e+01,4.717478e+01,4.727495e+01,4.752502e+01,4.807334e+01,4.807334e+01,4.807334e+01,4.807334e+01,4.842097e+01,4.870578e+01,4.891587e+01,4.911326e+01,4.918720e+01,4.923647e+01,4.939645e+01,4.950708e+01,4.975258e+01,4.991189e+01,4.994862e+01,5.007099e+01,5.031536e+01,5.038857e+01,5.046174e+01,5.047393e+01,5.048612e+01,5.049831e+01,5.065665e+01,5.075399e+01,5.052269e+01,5.055924e+01,5.087556e+01,5.110621e+01,5.120319e+01,5.131221e+01,5.130010e+01,5.146951e+01,5.151787e+01,5.165076e+01,5.189202e+01,5.155413e+01,5.171112e+01,5.194022e+01,5.204859e+01,5.218092e+01,5.243315e+01,5.248114e+01,5.269685e+01,5.225304e+01,5.238515e+01,5.237314e+01,5.245715e+01,5.250512e+01,5.262498e+01,5.276867e+01,5.281653e+01,5.258904e+01,5.268488e+01,5.268488e+01,5.261301e+01,5.319873e+01,5.270882e+01,5.281653e+01,5.292414e+01,5.303166e+01,5.313909e+01,5.324643e+01,5.327027e+01,5.280457e+01,5.286437e+01,5.292414e+01,5.298389e+01,5.298389e+01,5.291219e+01,5.300777e+01,5.310329e+01,5.313909e+01,5.317488e+01,5.322258e+01,5.340131e+01,5.295999e+01,5.288828e+01,5.298389e+01,5.319873e+01,5.343702e+01,5.342512e+01,5.301972e+01,5.352032e+01,5.323450e+01,5.329410e+01,5.342512e+01,5.367486e+01,5.360356e+01,5.372237e+01,5.342512e+01,5.343702e+01,5.350842e+01,5.354411e+01,5.363921e+01,5.373425e+01,5.374612e+01,5.381735e+01,5.379361e+01,5.378174e+01,5.379361e+01,5.337749e+01,5.385294e+01,5.359167e+01,5.375800e+01,5.368674e+01,5.388853e+01,5.343702e+01,5.355600e+01,5.355600e+01,5.359167e+01,5.362733e+01,5.363921e+01,5.362733e+01,5.362733e+01,5.365110e+01,5.367486e+01,5.374612e+01,5.374612e+01,5.395967e+01,5.397153e+01,5.398338e+01,5.399523e+01,5.399523e+01,5.400708e+01,5.401893e+01,5.403078e+01,5.404263e+01,5.367486e+01,5.381735e+01,5.381735e+01,5.403078e+01,5.403078e+01,5.403078e+01,5.416103e+01,5.430297e+01,5.424385e+01,5.426750e+01,5.399523e+01,5.440932e+01,5.440932e+01,5.440932e+01,5.440932e+01,5.440932e+01,5.440932e+01,5.440932e+01,5.440932e+01,5.440932e+01,5.440932e+01,5.440932e+01,5.440932e+01,5.440932e+01,5.440932e+01,5.440932e+01,5.440932e+01,5.440932e+01,5.440932e+01,5.440932e+01,5.440932e+01,5.490445e+01,5.442113e+01,5.440932e+01,5.488091e+01,5.488091e+01,5.488091e+01,5.488091e+01,5.449198e+01,5.448017e+01,5.457458e+01,5.457458e+01,5.456278e+01,5.503381e+01,5.499854e+01,5.496326e+01,5.463354e+01,5.511606e+01,5.478674e+01,5.478674e+01,5.478674e+01,5.488091e+01,5.488091e+01,5.488091e+01,5.488091e+01,5.488091e+01,5.488091e+01,5.508081e+01,5.508081e+01,5.508081e+01,5.508081e+01,5.508081e+01,5.508081e+01,5.520999e+01,5.532732e+01,5.528040e+01,5.528040e+01,5.532732e+01,5.539766e+01,5.539766e+01,5.539766e+01,5.551480e+01,5.556164e+01,5.512780e+01,5.525694e+01,5.576047e+01,5.576047e+01,5.576047e+01,5.576047e+01,5.538594e+01,5.549139e+01,5.543281e+01,5.554993e+01,5.554993e+01,5.554993e+01,5.554993e+01,5.554993e+01,5.554993e+01,5.554993e+01,5.554993e+01,5.550310e+01,5.550310e+01,5.545625e+01,5.545625e+01,5.540938e+01,5.536249e+01,5.531559e+01,5.478674e+01,5.472784e+01,5.466891e+01,5.468070e+01,5.478674e+01,5.478674e+01,5.478674e+01,5.424385e+01,5.418470e+01,5.418470e+01,5.418470e+01,5.407816e+01,5.395967e+01,5.347272e+01,5.347272e+01,5.347272e+01,5.298389e+01,5.292414e+01,5.286437e+01,5.280457e+01,5.274473e+01,5.263697e+01,5.251711e+01,5.202452e+01,5.197635e+01,5.197635e+01,5.183175e+01,5.113046e+01,5.113046e+01,5.113046e+01,5.057142e+01,5.051050e+01,5.044955e+01,5.033977e+01,4.977710e+01,4.971579e+01,4.910093e+01,4.903927e+01,4.897758e+01,4.891587e+01,4.879233e+01,4.816034e+01,4.816034e+01,4.809820e+01,4.789914e+01,4.738755e+01,4.738755e+01,4.732501e+01,4.666007e+01,4.658456e+01,4.652160e+01,4.639558e+01,4.602935e+01,4.602935e+01,4.602935e+01,4.550964e+01,4.544611e+01,4.544611e+01,4.544611e+01,4.492382e+01,4.485996e+01,4.530621e+01,4.530621e+01,4.530621e+01,4.478329e+01,4.474494e+01,4.482163e+01,4.429655e+01,4.482163e+01,4.482163e+01,4.429655e+01,4.429655e+01,4.423236e+01,4.388509e+01,4.383355e+01,4.383355e+01,4.383355e+01,4.330399e+01,4.323924e+01,4.323924e+01,4.323924e+01,4.270695e+01,4.256372e+01,4.256372e+01,4.256372e+01,4.256372e+01,4.256372e+01,4.256372e+01,4.256372e+01,4.256372e+01,4.256372e+01,4.256372e+01,4.256372e+01,4.309667e+01,4.316150e+01,4.270695e+01,4.320038e+01,4.308371e+01,4.321333e+01,4.321333e+01,4.321333e+01,4.321333e+01,4.321333e+01,4.321333e+01,4.374331e+01,4.380777e+01,4.387220e+01,4.385932e+01,4.391084e+01,4.400096e+01,4.400096e+01,4.400096e+01,4.400096e+01,4.400096e+01,4.400096e+01,4.400096e+01,4.452737e+01,4.459140e+01,4.405242e+01,4.457859e+01,4.470657e+01,4.477051e+01,4.477051e+01,4.477051e+01,4.477051e+01,4.477051e+01,4.477051e+01,4.477051e+01,4.529348e+01,4.483441e+01,4.483441e+01,4.483441e+01,4.535710e+01,4.540797e+01,4.549694e+01,4.549694e+01,4.549694e+01,4.601670e+01,4.606729e+01,4.606729e+01,4.582681e+01,4.582681e+01,4.582681e+01,4.582681e+01,4.582681e+01,4.582681e+01,4.582681e+01,4.582681e+01,4.582681e+01,4.582681e+01,4.582681e+01,4.582681e+01,4.582681e+01,4.582681e+01,4.582681e+01,4.582681e+01,4.634513e+01,4.631990e+01,4.620629e+01,4.618103e+01,4.605464e+01,4.597874e+01,4.586481e+01,4.586481e+01,4.586481e+01,4.638297e+01,4.583948e+01,4.583948e+01,4.583948e+01,4.583948e+01,4.583948e+01,4.583948e+01,4.583948e+01,4.583948e+01,4.583948e+01,4.583948e+01,4.583948e+01,4.583948e+01,4.583948e+01,4.583948e+01,4.583948e+01,4.583948e+01,4.583948e+01,4.531893e+01,4.581414e+01,4.524256e+01,4.571273e+01,4.567467e+01,4.511517e+01,4.563661e+01,4.568736e+01,4.511517e+01,4.511517e+01,4.511517e+01,4.511517e+01,4.511517e+01,4.511517e+01,4.563661e+01,4.568736e+01,4.573809e+01,4.573809e+01,4.573809e+01,4.573809e+01,4.573809e+01,4.573809e+01,4.573809e+01,4.573809e+01,4.573809e+01,4.573809e+01,4.614313e+01,4.614313e+01,4.614313e+01,4.614313e+01,4.614313e+01,4.614313e+01,4.614313e+01,4.614313e+01,4.614313e+01,4.614313e+01,4.614313e+01,4.614313e+01,4.562392e+01,4.601670e+01,4.535710e+01,4.564930e+01,4.564930e+01,4.564930e+01,4.564930e+01,4.564930e+01,4.564930e+01,4.512791e+01,4.519162e+01,4.507692e+01,4.510242e+01,4.519162e+01,4.519162e+01,4.519162e+01,4.519162e+01,4.519162e+01,4.519162e+01,4.519162e+01,4.474494e+01,4.474494e+01,4.474494e+01,4.474494e+01,4.474494e+01,4.474494e+01,4.474494e+01,4.474494e+01,4.474494e+01,4.421951e+01,4.462980e+01,4.432222e+01,4.432222e+01,4.432222e+01,4.432222e+01,4.403955e+01,4.403955e+01,4.403955e+01,4.403955e+01,4.403955e+01,4.353678e+01,4.353678e+01,4.353678e+01,4.353678e+01,4.353678e+01,4.353678e+01,4.353678e+01,4.299288e+01,4.299288e+01,4.299288e+01,4.299288e+01,4.299288e+01,4.299288e+01,4.299288e+01
3.554942e+01,3.611667e+01,3.560489e+01,3.588183e+01,3.588183e+01,3.644736e+01,3.650238e+01,3.606146e+01,3.639232e+01,3.633725e+01,3.684562e+01,3.684562e+01,3.684562e+01,3.684562e+01,3.740622e+01,3.744713e+01,3.748802e+01,3.752890e+01,3.759700e+01,3.759700e+01,3.759700e+01,3.759700e+01,3.759700e+01,3.759700e+01,3.759700e+01,3.759700e+01,3.807250e+01,3.811316e+01,3.820798e+01,3.811316e+01,3.822152e+01,3.830272e+01,3.830272e+01,3.830272e+01,3.885602e+01,3.896367e+01,3.896367e+01,3.896367e+01,3.896367e+01,3.896367e+01,3.951371e+01,3.944677e+01,3.948694e+01,3.904433e+01,3.924573e+01,3.975434e+01,3.975434e+01,3.975434e+01,3.975434e+01,3.975434e+01,3.975434e+01,3.975434e+01,3.975434e+01,4.023407e+01,4.023407e+01,4.023407e+01,4.023407e+01,4.023407e+01,4.023407e+01,4.023407e+01,4.023407e+01,4.023407e+01,4.023407e+01,4.023407e+01,4.023407e+01,4.023407e+01,4.023407e+01,4.023407e+01,4.023407e+01,4.023407e+01,4.023407e+01,4.023407e+01,4.023407e+01,4.023407e+01,4.023407e+01,4.023407e+01,4.023407e+01,4.023407e+01,4.023407e+01,4.023407e+01,4.023407e+01,4.023407e+01,4.023407e+01,4.023407e+01,4.032712e+01,4.040681e+01,4.048645e+01,4.047318e+01,4.052624e+01,4.067204e+01,4.100272e+01,4.100272e+01,4.100272e+01,4.154295e+01,4.175309e+01,4.175309e+01,4.121385e+01,4.181867e+01,4.181867e+01,4.181867e+01,4.181867e+01,4.181867e+01,4.181867e+01,4.232896e+01,4.232896e+01,4.232896e+01,4.232896e+01,4.232896e+01,4.281101e+01,4.281101e+01,4.281101e+01,4.294094e+01,4.308371e+01,4.320038e+01,4.334282e+01,4.351093e+01,4.358844e+01,4.374331e+01,4.394947e+01,4.392372e+01,4.389796e+01,4.439919e+01,4.459140e+01,4.430939e+01,4.451455e+01,4.474494e+01,4.500039e+01,4.524256e+01,4.525529e+01,4.535710e+01,4.568736e+01,4.567467e+01,4.586481e+01,4.610521e+01,4.626942e+01,4.655938e+01,4.669781e+01,4.677325e+01,4.736254e+01,4.736254e+01,4.736254e+01,4.736254e+01,4.807334e+01,4.756248e+01,4.769976e+01,4.803603e+01,4.816034e+01,4.845816e+01,4.874289e+01,4.880469e+01,4.884176e+01,4.898993e+01,4.918720e+01,4.891587e+01,4.916256e+01,4.928571e+01,4.949480e+01,4.982613e+01,4.948251e+01,4.962989e+01,4.971579e+01,4.980162e+01,4.988739e+01,5.011990e+01,5.029094e+01,5.036417e+01,5.053487e+01,5.027873e+01,5.058360e+01,5.075399e+01,5.043736e+01,5.099701e+01,5.064448e+01,5.076616e+01,5.097273e+01,5.116683e+01,5.116683e+01,5.130010e+01,5.160246e+01,5.168699e+01,5.183175e+01,5.192817e+01,5.155413e+01,5.173526e+01,5.168699e+01,5.187997e+01,5.194022e+01,5.159038e+01,5.219294e+01,5.228908e+01,5.191612e+01,5.202452e+01,5.257705e+01,5.208469e+01,5.215687e+01,5.230109e+01,5.206063e+01,5.213282e+01,5.231310e+01,5.249313e+01,5.218092e+01,5.236114e+01,5.254110e+01,5.252911e+01,5.248114e+01,5.250512e+01,5.252911e+01,5.266092e+01,5.262498e+01,5.258904e+01,5.264894e+01,5.270882e+01,5.281653e+01,5.281653e+01,5.282849e+01,5.248114e+01,5.243315e+01,5.250512e+01,5.256507e+01,5.285241e+01,5.256507e+01,5.251711e+01,5.254110e+01,5.276867e+01,5.276867e+01,5.290023e+01,5.267290e+01,5.279260e+01,5.286437e+01,5.293609e+01,5.293609e+01,5.301972e+01,5.316295e+01,5.315102e+01,5.282849e+01,5.298389e+01,5.305554e+01,5.318681e+01,5.275670e+01,5.280457e+01,5.325835e+01,5.279260e+01,5.299583e+01,5.299583e+01,5.321066e+01,5.325835e+01,5.293609e+01,5.288828e+01,5.305554e+01,5.310329e+01,5.318681e+01,5.327027e+01,5.323450e+01,5.328218e+01,5.323450e+01,5.330602e+01,5.328218e+01,5.291219e+01,5.294804e+01,5.319873e+01,5.324643e+01,5.329410e+01,5.334176e+01,5.337749e+01,5.342512e+01,5.347272e+01,5.352032e+01,5.348463e+01,5.348463e+01,5.348463e+01,5.348463e+01,5.348463e+01,5.348463e+01,5.348463e+01,5.348463e+01,5.348463e+01,5.348463e+01,5.348463e+01,5.348463e+01,5.348463e+01,5.348463e+01,5.348463e+01,5.348463e+01,5.348463e+01,5.348463e+01,5.348463e+01,5.392411e+01,5.395967e+01,5.350842e+01,5.353221e+01,5.355600e+01,5.357978e+01,5.360356e+01,5.362733e+01,5.365110e+01,5.367486e+01,5.369862e+01,5.372237e+01,5.386481e+01,5.403078e+01,5.398338e+01,5.412552e+01,5.422019e+01,5.424385e+01,5.426750e+01,5.422019e+01,5.417286e+01,5.412552e+01,5.417286e+01,5.419653e+01,5.429115e+01,5.438569e+01,5.440932e+01,5.436206e+01,5.400708e+01,5.422019e+01,5.422019e+01,5.424385e+01,5.426750e+01,5.438569e+01,5.440932e+01,5.443294e+01,5.445656e+01,5.448017e+01,5.401893e+01,5.424385e+01,5.426750e+01,5.429115e+01,5.431479e+01,5.482206e+01,5.429115e+01,5.444475e+01,5.458637e+01,5.460996e+01,5.463354e+01,5.470427e+01,5.479851e+01,5.482206e+01,5.484560e+01,5.498678e+01,5.498678e+01,5.493974e+01,5.473962e+01,5.493974e+01,5.496326e+01,5.498678e+01,5.493974e+01,5.493974e+01,5.506907e+01,5.509256e+01,5.515129e+01,5.517477e+01,5.511606e+01,5.513955e+01,5.516303e+01,5.470427e+01,5.471606e+01,5.472784e+01,5.473962e+01,5.475140e+01,5.476318e+01,5.477496e+01,5.478674e+01,5.479851e+01,5.475140e+01,5.422019e+01,5.423202e+01,5.424385e+01,5.426750e+01,5.390039e+01,5.391225e+01,5.386481e+01,5.380548e+01,5.381735e+01,5.375800e+01,5.328218e+01,5.328218e+01,5.323450e+01,5.317488e+01,5.311523e+01,5.301972e+01,5.243315e+01,5.243315e+01,5.243315e+01,5.243315e+01,5.237314e+01,5.181969e+01,5.177145e+01,5.169905e+01,5.163869e+01,5.108195e+01,5.103342e+01,5.096059e+01,5.096059e+01,5.046174e+01,5.038857e+01,5.038857e+01,4.988739e+01,4.983839e+01,4.970352e+01,4.905161e+01,4.897758e+01,4.897758e+01,4.847055e+01,4.847055e+01,4.842097e+01,4.817276e+01,4.766233e+01,4.766233e+01,4.761242e+01,4.740005e+01,4.688631e+01,4.683607e+01,4.658456e+01,4.658456e+01,4.658456e+01,4.606729e+01,4.599140e+01,4.599140e+01,4.547152e+01,4.539525e+01,4.539525e+01,4.539525e+01,4.487273e+01,4.531893e+01,4.535710e+01,4.489828e+01,4.482163e+01,4.477051e+01,4.470657e+01,4.470657e+01,4.470657e+01,4.470657e+01,4.470657e+01,4.418097e+01,4.464260e+01,4.419382e+01,4.405242e+01,4.397522e+01,4.397522e+01,4.397522e+01,4.344630e+01,4.331693e+01,4.331693e+01,4.331693e+01,4.278500e+01,4.265489e+01,4.265489e+01,4.265489e+01,4.265489e+01,4.265489e+01,4.265489e+01,4.265489e+01,4.265489e+01,4.265489e+01,4.265489e+01,4.265489e+01,4.318742e+01,4.323924e+01,4.307073e+01,4.308371e+01,4.318742e+01,4.318742e+01,4.318742e+01,4.371751e+01,4.371751e+01,4.371751e+01,4.371751e+01,4.376910e+01,4.382066e+01,4.382066e+01,4.382066e+01,4.382066e+01,4.382066e+01,4.382066e+01,4.434788e+01,4.441201e+01,4.447611e+01,4.447611e+01,4.447611e+01,4.452737e+01,4.457859e+01,4.494934e+01,4.478329e+01,4.483441e+01,4.483441e+01,4.483441e+01,4.483441e+01,4.483441e+01,4.483441e+01,4.535710e+01,4.535710e+01,4.540797e+01,4.538253e+01,4.514066e+01,4.520436e+01,4.530621e+01,4.540797e+01,4.540797e+01,4.540797e+01,4.592812e+01,4.597874e+01,4.606729e+01,4.606729e+01,4.606729e+01,4.606729e+01,4.606729e+01,4.606729e+01,4.606729e+01,4.606729e+01,4.606729e+01,4.606729e+01,4.606729e+01,4.606729e+01,4.606729e+01,4.606729e+01,4.606729e+01,4.606729e+01,4.606729e+01,4.606729e+01,4.606729e+01,4.606729e+01,4.606729e+01,4.606729e+01,4.606729e+01,4.606729e+01,4.606729e+01,4.606729e+01,4.606729e+01,4.606729e+01,4.606729e+01,4.606729e+01,4.606729e+01,4.606729e+01,4.606729e+01,4.606729e+01,4.606729e+01,4.554774e+01,4.600405e+01,4.600405e+01,4.600405e+01,4.600405e+01,4.600405e+01,4.600405e+01,4.600405e+01,4.600405e+01,4.548423e+01,4.590280e+01,4.575077e+01,4.578879e+01,4.561123e+01,4.570004e+01,4.552234e+01,4.548423e+01,4.562392e+01,4.552234e+01,4.533165e+01,4.533165e+01,4.533165e+01,4.533165e+01,4.533165e+01,4.533165e+01,4.563661e+01,4.563661e+01,4.563661e+01,4.563661e+01,4.563661e+01,4.563661e+01,4.563661e+01,4.615576e+01,4.615576e+01,4.615576e+01,4.615576e+01,4.620629e+01,4.620629e+01,4.620629e+01,4.620629e+01,4.620629e+01,4.620629e+01,4.620629e+01,4.620629e+01,4.620629e+01,4.620629e+01,4.620629e+01,4.620629e+01,4.620629e+01,4.614313e+01,4.601670e+01,4.568736e+01,4.572541e+01,4.572541e+01,4.572541e+01,4.572541e+01,4.520436e+01,4.567467e+01,4.536982e+01,4.536982e+01,4.536982e+01,4.536982e+01,4.536982e+01,4.536982e+01,4.536982e+01,4.536982e+01,4.536982e+01,4.484719e+01,4.475772e+01,4.469378e+01,4.469378e+01,4.469378e+01,4.469378e+01,4.469378e+01,4.469378e+01,4.469378e+01,4.469378e+01,4.469378e+01,4.469378e+01,4.469378e+01,4.432222e+01,4.432222e+01,4.432222e+01,4.432222e+01,4.432222e+01,4.432222e+01,4.432222e+01,4.403955e+01,4.388509e+01,4.375620e+01,4.375620e+01,4.375620e+01,4.375620e+01,4.375620e+01,4.375620e+01,4.322629e+01,4.353678e+01,4.300586e+01,4.300586e+01,4.300586e+01,4.300586e+01,4.300586e+01,4.300586e+01
3.571575e+01,3.571575e+01,3.563261e+01,3.619944e+01,3.629592e+01,3.641985e+01,3.632347e+01,3.626836e+01,3.629592e+01,3.646112e+01,3.661234e+01,3.661234e+01,3.661234e+01,3.717413e+01,3.681820e+01,3.743349e+01,3.743349e+01,3.743349e+01,3.743349e+01,3.743349e+01,3.743349e+01,3.743349e+01,3.743349e+01,3.743349e+01,3.799113e+01,3.752890e+01,3.777385e+01,3.774666e+01,3.832978e+01,3.832978e+01,3.832978e+01,3.832978e+01,3.832978e+01,3.832978e+01,3.885602e+01,3.885602e+01,3.885602e+01,3.885602e+01,3.885602e+01,3.940659e+01,3.901744e+01,3.904433e+01,3.955385e+01,3.933960e+01,3.940659e+01,3.952709e+01,3.952709e+01,3.952709e+01,4.007439e+01,4.012764e+01,4.018087e+01,4.023407e+01,4.027396e+01,4.031383e+01,4.031383e+01,4.031383e+01,4.031383e+01,4.031383e+01,4.031383e+01,4.031383e+01,4.031383e+01,4.031383e+01,4.031383e+01,4.031383e+01,4.031383e+01,4.031383e+01,4.031383e+01,4.031383e+01,4.031383e+01,4.031383e+01,4.031383e+01,4.031383e+01,4.031383e+01,4.031383e+01,4.031383e+01,4.031383e+01,4.031383e+01,4.031383e+01,4.031383e+01,4.031383e+01,4.031383e+01,4.031383e+01,4.031383e+01,4.031383e+01,4.031383e+01,4.031383e+01,4.031383e+01,4.031383e+01,4.085734e+01,4.092345e+01,4.091023e+01,4.091023e+01,4.091023e+01,4.100272e+01,4.124021e+01,4.120066e+01,4.122703e+01,4.159552e+01,4.159552e+01,4.159552e+01,4.159552e+01,4.213297e+01,4.166120e+01,4.194973e+01,4.189733e+01,4.192353e+01,4.240727e+01,4.256372e+01,4.258978e+01,4.258978e+01,4.258978e+01,4.294094e+01,4.294094e+01,4.294094e+01,4.294094e+01,4.297990e+01,4.308371e+01,4.379488e+01,4.379488e+01,4.379488e+01,4.379488e+01,4.379488e+01,4.406528e+01,4.459140e+01,4.462980e+01,4.462980e+01,4.462980e+01,4.471936e+01,4.529348e+01,4.497487e+01,4.514066e+01,4.571273e+01,4.571273e+01,4.571273e+01,4.575077e+01,4.642079e+01,4.642079e+01,4.642079e+01,4.642079e+01,4.684864e+01,4.691143e+01,4.706199e+01,4.741256e+01,4.737504e+01,4.763738e+01,4.788669e+01,4.762490e+01,4.798627e+01,4.814791e+01,4.776210e+01,4.835897e+01,4.856965e+01,4.871815e+01,4.873052e+01,4.873052e+01,4.873052e+01,4.898993e+01,4.915023e+01,4.916256e+01,4.927340e+01,4.932264e+01,4.937185e+01,4.951937e+01,4.971579e+01,4.944563e+01,4.956850e+01,4.969125e+01,4.975258e+01,4.993638e+01,5.005876e+01,5.018102e+01,5.042516e+01,5.043736e+01,5.043736e+01,5.043736e+01,5.043736e+01,5.043736e+01,5.080264e+01,5.098487e+01,5.111834e+01,5.081479e+01,5.086341e+01,5.137273e+01,5.137273e+01,5.137273e+01,5.137273e+01,5.137273e+01,5.137273e+01,5.137273e+01,5.137273e+01,5.137273e+01,5.137273e+01,5.137273e+01,5.137273e+01,5.137273e+01,5.137273e+01,5.137273e+01,5.137273e+01,5.181969e+01,5.195227e+01,5.197635e+01,5.186792e+01,5.159038e+01,5.162661e+01,5.215687e+01,5.214484e+01,5.163869e+01,5.180764e+01,5.184381e+01,5.187997e+01,5.197635e+01,5.207266e+01,5.172319e+01,5.175939e+01,5.221698e+01,5.224102e+01,5.174733e+01,5.185587e+01,5.203656e+01,5.215687e+01,5.218092e+01,5.213282e+01,5.210876e+01,5.237314e+01,5.240915e+01,5.200044e+01,5.203656e+01,5.219294e+01,5.230109e+01,5.240915e+01,5.244515e+01,5.256507e+01,5.225304e+01,5.220496e+01,5.222900e+01,5.240915e+01,5.250512e+01,5.210876e+01,5.207266e+01,5.226505e+01,5.238515e+01,5.234913e+01,5.208469e+01,5.258904e+01,5.233712e+01,5.233712e+01,5.236114e+01,5.237314e+01,5.255308e+01,5.261301e+01,5.270882e+01,5.231310e+01,5.232511e+01,5.238515e+01,5.239715e+01,5.248114e+01,5.243315e+01,5.245715e+01,5.261301e+01,5.221698e+01,5.227707e+01,5.233712e+01,5.239715e+01,5.244515e+01,5.250512e+01,5.256507e+01,5.262498e+01,5.263697e+01,5.264894e+01,5.266092e+01,5.267290e+01,5.268488e+01,5.269685e+01,5.270882e+01,5.272079e+01,5.273277e+01,5.274473e+01,5.275670e+01,5.276867e+01,5.278064e+01,5.279260e+01,5.280457e+01,5.281653e+01,5.282849e+01,5.284045e+01,5.298389e+01,5.311523e+01,5.310329e+01,5.306748e+01,5.310329e+01,5.313909e+01,5.317488e+01,5.321066e+01,5.324643e+01,5.321066e+01,5.324643e+01,5.328218e+01,5.331794e+01,5.347272e+01,5.316295e+01,5.316295e+01,5.330602e+01,5.340131e+01,5.342512e+01,5.344893e+01,5.344893e+01,5.344893e+01,5.344893e+01,5.349652e+01,5.352032e+01,5.361544e+01,5.371050e+01,5.373425e+01,5.368674e+01,5.371050e+01,5.386481e+01,5.380548e+01,5.382922e+01,5.385294e+01,5.348463e+01,5.350842e+01,5.353221e+01,5.355600e+01,5.353221e+01,5.349652e+01,5.372237e+01,5.374612e+01,5.376987e+01,5.393596e+01,5.361544e+01,5.368674e+01,5.384108e+01,5.398338e+01,5.400708e+01,5.403078e+01,5.410184e+01,5.419653e+01,5.422019e+01,5.424385e+01,5.438569e+01,5.438569e+01,5.438569e+01,5.438569e+01,5.452738e+01,5.406631e+01,5.407816e+01,5.406631e+01,5.453918e+01,5.418470e+01,5.419653e+01,5.424385e+01,5.425567e+01,5.424385e+01,5.425567e+01,5.423202e+01,5.419653e+01,5.419653e+01,5.419653e+01,5.419653e+01,5.419653e+01,5.419653e+01,5.419653e+01,5.419653e+01,5.419653e+01,5.414919e+01,5.362733e+01,5.362733e+01,5.362733e+01,5.360356e+01,5.362733e+01,5.357978e+01,5.352032e+01,5.346083e+01,5.341321e+01,5.287632e+01,5.282849e+01,5.281653e+01,5.280457e+01,5.230109e+01,5.228908e+01,5.222900e+01,5.218092e+01,5.212078e+01,5.206063e+01,5.200044e+01,5.194022e+01,5.127588e+01,5.126377e+01,5.125166e+01,5.119107e+01,5.102128e+01,5.052269e+01,5.051050e+01,5.044955e+01,4.988739e+01,4.987514e+01,4.981388e+01,4.974032e+01,4.923647e+01,4.917488e+01,4.897758e+01,4.897758e+01,4.847055e+01,4.839618e+01,4.788669e+01,4.787424e+01,4.781195e+01,4.768728e+01,4.717478e+01,4.716225e+01,4.709959e+01,4.691143e+01,4.691143e+01,4.658456e+01,4.606729e+01,4.600405e+01,4.592812e+01,4.592812e+01,4.540797e+01,4.533165e+01,4.533165e+01,4.533165e+01,4.533165e+01,4.533165e+01,4.480885e+01,4.530621e+01,4.511517e+01,4.511517e+01,4.477051e+01,4.477051e+01,4.477051e+01,4.477051e+01,4.477051e+01,4.424520e+01,4.420667e+01,4.427088e+01,4.421951e+01,4.421951e+01,4.421951e+01,4.369171e+01,4.364009e+01,4.347216e+01,4.347216e+01,4.347216e+01,4.294094e+01,4.281101e+01,4.281101e+01,4.281101e+01,4.281101e+01,4.281101e+01,4.281101e+01,4.281101e+01,4.281101e+01,4.281101e+01,4.281101e+01,4.281101e+01,4.281101e+01,4.318742e+01,4.318742e+01,4.318742e+01,4.318742e+01,4.371751e+01,4.373041e+01,4.325219e+01,4.349801e+01,4.349801e+01,4.349801e+01,4.402669e+01,4.409100e+01,4.415527e+01,4.421951e+01,4.428371e+01,4.376910e+01,4.429655e+01,4.434788e+01,4.442484e+01,4.442484e+01,4.442484e+01,4.442484e+01,4.442484e+01,4.494934e+01,4.447611e+01,4.475772e+01,4.475772e+01,4.475772e+01,4.475772e+01,4.475772e+01,4.528075e+01,4.529348e+01,4.534438e+01,4.543340e+01,4.543340e+01,4.543340e+01,4.543340e+01,4.543340e+01,4.543340e+01,4.543340e+01,4.543340e+01,4.595344e+01,4.600405e+01,4.607993e+01,4.607993e+01,4.607993e+01,4.607993e+01,4.607993e+01,4.607993e+01,4.607993e+01,4.607993e+01,4.607993e+01,4.659715e+01,4.660974e+01,4.610521e+01,4.610521e+01,4.610521e+01,4.610521e+01,4.662232e+01,4.662232e+01,4.662232e+01,4.662232e+01,4.610521e+01,4.662232e+01,4.609257e+01,4.609257e+01,4.609257e+01,4.660974e+01,4.658456e+01,4.604200e+01,4.655938e+01,4.652160e+01,4.648381e+01,4.644600e+01,4.599140e+01,4.599140e+01,4.650900e+01,4.647121e+01,4.600405e+01,4.637035e+01,4.623154e+01,4.578879e+01,4.578879e+01,4.578879e+01,4.578879e+01,4.578879e+01,4.578879e+01,4.578879e+01,4.578879e+01,4.578879e+01,4.578879e+01,4.578879e+01,4.578879e+01,4.578879e+01,4.578879e+01,4.578879e+01,4.578879e+01,4.578879e+01,4.578879e+01,4.578879e+01,4.533165e+01,4.585214e+01,4.581414e+01,4.577612e+01,4.581414e+01,4.578879e+01,4.578879e+01,4.578879e+01,4.578879e+01,4.578879e+01,4.578879e+01,4.578879e+01,4.615576e+01,4.615576e+01,4.615576e+01,4.615576e+01,4.615576e+01,4.615576e+01,4.615576e+01,4.615576e+01,4.615576e+01,4.615576e+01,4.615576e+01,4.615576e+01,4.615576e+01,4.615576e+01,4.615576e+01,4.615576e+01,4.615576e+01,4.563661e+01,4.611785e+01,4.587748e+01,4.587748e+01,4.587748e+01,4.587748e+01,4.535710e+01,4.539525e+01,4.534438e+01,4.530621e+01,4.530621e+01,4.530621e+01,4.530621e+01,4.530621e+01,4.530621e+01,4.530621e+01,4.530621e+01,4.530621e+01,4.484719e+01,4.484719e+01,4.484719e+01,4.484719e+01,4.484719e+01,4.484719e+01,4.484719e+01,4.484719e+01,4.484719e+01,4.484719e+01,4.484719e+01,4.484719e+01,4.432222e+01,4.428371e+01,4.428371e+01,4.428371e+01,4.428371e+01,4.428371e+01,4.428371e+01,4.428371e+01,4.428371e+01,4.428371e+01,4.375620e+01,4.375620e+01,4.375620e+01,4.375620e+01,4.375620e+01,4.375620e+01,4.322629e+01,4.329104e+01,4.322629e+01,4.322629e+01,4.322629e+01,4.322629e+01,4.322629e+01,4.269394e+01
3.571575e+01,3.571575e+01,3.571575e+01,3.571575e+01,3.629592e+01,3.629592e+01,3.629592e+01,3.629592e+01,3.629592e+01,3.685933e+01,3.690044e+01,3.694154e+01,3.699631e+01,3.698262e+01,3.707841e+01,3.720145e+01,3.720145e+01,3.720145e+01,3.720145e+01,3.776026e+01,3.780103e+01,3.728341e+01,3.784180e+01,3.789612e+01,3.796399e+01,3.776026e+01,3.776026e+01,3.776026e+01,3.776026e+01,3.832978e+01,3.832978e+01,3.832978e+01,3.832978e+01,3.832978e+01,3.885602e+01,3.885602e+01,3.885602e+01,3.885602e+01,3.940659e+01,3.929938e+01,3.911150e+01,3.925914e+01,3.932619e+01,3.932619e+01,3.932619e+01,3.932619e+01,3.987447e+01,3.992781e+01,4.004775e+01,4.004775e+01,4.004775e+01,4.004775e+01,4.004775e+01,4.004775e+01,4.004775e+01,4.004775e+01,4.004775e+01,4.004775e+01,4.004775e+01,4.004775e+01,4.004775e+01,4.004775e+01,4.004775e+01,4.004775e+01,4.059254e+01,4.007439e+01,4.007439e+01,4.061905e+01,4.063230e+01,4.010102e+01,4.010102e+01,4.010102e+01,4.010102e+01,4.010102e+01,4.064555e+01,4.010102e+01,4.010102e+01,4.010102e+01,4.010102e+01,4.010102e+01,4.010102e+01,4.010102e+01,4.064555e+01,4.063230e+01,4.061905e+01,4.060579e+01,4.059254e+01,4.064555e+01,4.028725e+01,4.039353e+01,4.043336e+01,4.101593e+01,4.101593e+01,4.101593e+01,4.101593e+01,4.155610e+01,4.162180e+01,4.166120e+01,4.166120e+01,4.166120e+01,4.166120e+01,4.166120e+01,4.166120e+01,4.194973e+01,4.194973e+01,4.194973e+01,4.240727e+01,4.240727e+01,4.240727e+01,4.240727e+01,4.240727e+01,4.294094e+01,4.294094e+01,4.294094e+01,4.294094e+01,4.294094e+01,4.347216e+01,4.322629e+01,4.380777e+01,4.380777e+01,4.380777e+01,4.380777e+01,4.380777e+01,4.380777e+01,4.410386e+01,4.416813e+01,4.423236e+01,4.442484e+01,4.466819e+01,4.469378e+01,4.496211e+01,4.531893e+01,4.533165e+01,4.534438e+01,4.548423e+01,4.575077e+01,4.581414e+01,4.587748e+01,4.602935e+01,4.657197e+01,4.664749e+01,4.681095e+01,4.655938e+01,4.668523e+01,4.733752e+01,4.701182e+01,4.758746e+01,4.733752e+01,4.747505e+01,4.759994e+01,4.798627e+01,4.821003e+01,4.786179e+01,4.793649e+01,4.799871e+01,4.863155e+01,4.879233e+01,4.879233e+01,4.879233e+01,4.879233e+01,4.879233e+01,4.886647e+01,4.907627e+01,4.924878e+01,4.927340e+01,4.927340e+01,4.927340e+01,4.927340e+01,4.927340e+01,4.955622e+01,4.974032e+01,5.004652e+01,5.005876e+01,5.005876e+01,5.005876e+01,5.005876e+01,5.007099e+01,5.027873e+01,5.052269e+01,5.013213e+01,5.015657e+01,5.035197e+01,5.054705e+01,5.060796e+01,5.066883e+01,5.072967e+01,5.079048e+01,5.085126e+01,5.091201e+01,5.097273e+01,5.103342e+01,5.053487e+01,5.059578e+01,5.065665e+01,5.071750e+01,5.077832e+01,5.133643e+01,5.097273e+01,5.110621e+01,5.131221e+01,5.091201e+01,5.137273e+01,5.139693e+01,5.105769e+01,5.127588e+01,5.122743e+01,5.115471e+01,5.138484e+01,5.148160e+01,5.151787e+01,5.111834e+01,5.168699e+01,5.165076e+01,5.130010e+01,5.144532e+01,5.142113e+01,5.134853e+01,5.151787e+01,5.168699e+01,5.130010e+01,5.138484e+01,5.144532e+01,5.157830e+01,5.173526e+01,5.172319e+01,5.165076e+01,5.166284e+01,5.179558e+01,5.196431e+01,5.155413e+01,5.165076e+01,5.175939e+01,5.178352e+01,5.184381e+01,5.184381e+01,5.150578e+01,5.155413e+01,5.148160e+01,5.154205e+01,5.179558e+01,5.197635e+01,5.146951e+01,5.159038e+01,5.181969e+01,5.184381e+01,5.190408e+01,5.198840e+01,5.196431e+01,5.171112e+01,5.183175e+01,5.187997e+01,5.180764e+01,5.187997e+01,5.200044e+01,5.197635e+01,5.212078e+01,5.159038e+01,5.167491e+01,5.178352e+01,5.171112e+01,5.183175e+01,5.195227e+01,5.146951e+01,5.207266e+01,5.207266e+01,5.220496e+01,5.220496e+01,5.179558e+01,5.186792e+01,5.194022e+01,5.201248e+01,5.208469e+01,5.215687e+01,5.222900e+01,5.230109e+01,5.237314e+01,5.232511e+01,5.190408e+01,5.245715e+01,5.240915e+01,5.236114e+01,5.243315e+01,5.238515e+01,5.245715e+01,5.240915e+01,5.261301e+01,5.268488e+01,5.274473e+01,5.268488e+01,5.266092e+01,5.275670e+01,5.273277e+01,5.282849e+01,5.280457e+01,5.286437e+01,5.284045e+01,5.244515e+01,5.252911e+01,5.266092e+01,5.268488e+01,5.273277e+01,5.292414e+01,5.295999e+01,5.254110e+01,5.261301e+01,5.266092e+01,5.270882e+01,5.275670e+01,5.285241e+01,5.292414e+01,5.306748e+01,5.272079e+01,5.278064e+01,5.281653e+01,5.287632e+01,5.306748e+01,5.310329e+01,5.316295e+01,5.316295e+01,5.318681e+01,5.315102e+01,5.311523e+01,5.317488e+01,5.311523e+01,5.315102e+01,5.331794e+01,5.337749e+01,5.334176e+01,5.299583e+01,5.301972e+01,5.312716e+01,5.331794e+01,5.349652e+01,5.355600e+01,5.312716e+01,5.322258e+01,5.334176e+01,5.338940e+01,5.343702e+01,5.360356e+01,5.362733e+01,5.365110e+01,5.367486e+01,5.376987e+01,5.369862e+01,5.365110e+01,5.379361e+01,5.347272e+01,5.349652e+01,5.353221e+01,5.360356e+01,5.363921e+01,5.366298e+01,5.369862e+01,5.372237e+01,5.374612e+01,5.376987e+01,5.379361e+01,5.381735e+01,5.375800e+01,5.378174e+01,5.380548e+01,5.334176e+01,5.335367e+01,5.330602e+01,5.323450e+01,5.324643e+01,5.318681e+01,5.319873e+01,5.323450e+01,5.275670e+01,5.275670e+01,5.275670e+01,5.270882e+01,5.263697e+01,5.263697e+01,5.214484e+01,5.209673e+01,5.202452e+01,5.196431e+01,5.190408e+01,5.184381e+01,5.128799e+01,5.128799e+01,5.128799e+01,5.123954e+01,5.116683e+01,5.116683e+01,5.066883e+01,5.066883e+01,5.011990e+01,5.004652e+01,5.004652e+01,4.998534e+01,4.981388e+01,4.931033e+01,4.931033e+01,4.924878e+01,4.916256e+01,4.916256e+01,4.865630e+01,4.860680e+01,4.801115e+01,4.794894e+01,4.781195e+01,4.781195e+01,4.729998e+01,4.723740e+01,4.709959e+01,4.709959e+01,4.658456e+01,4.658456e+01,4.652160e+01,4.618103e+01,4.610521e+01,4.558584e+01,4.558584e+01,4.553505e+01,4.544611e+01,4.544611e+01,4.544611e+01,4.544611e+01,4.492382e+01,4.487273e+01,4.483441e+01,4.508967e+01,4.508967e+01,4.508967e+01,4.477051e+01,4.477051e+01,4.477051e+01,4.477051e+01,4.477051e+01,4.424520e+01,4.424520e+01,4.424520e+01,4.424520e+01,4.371751e+01,4.418097e+01,4.391084e+01,4.391084e+01,4.347216e+01,4.347216e+01,4.347216e+01,4.294094e+01,4.294094e+01,4.294094e+01,4.294094e+01,4.294094e+01,4.294094e+01,4.294094e+01,4.294094e+01,4.294094e+01,4.294094e+01,4.294094e+01,4.294094e+01,4.294094e+01,4.347216e+01,4.354969e+01,4.362718e+01,4.367881e+01,4.379488e+01,4.369171e+01,4.347216e+01,4.400096e+01,4.400096e+01,4.405242e+01,4.412957e+01,4.412957e+01,4.412957e+01,4.412957e+01,4.412957e+01,4.412957e+01,4.412957e+01,4.465540e+01,4.473215e+01,4.428371e+01,4.480885e+01,4.487273e+01,4.492382e+01,4.492382e+01,4.480885e+01,4.484719e+01,4.484719e+01,4.536982e+01,4.536982e+01,4.542068e+01,4.549694e+01,4.549694e+01,4.549694e+01,4.549694e+01,4.549694e+01,4.549694e+01,4.549694e+01,4.601670e+01,4.601670e+01,4.601670e+01,4.606729e+01,4.614313e+01,4.614313e+01,4.614313e+01,4.614313e+01,4.666007e+01,4.666007e+01,4.666007e+01,4.666007e+01,4.666007e+01,4.666007e+01,4.671038e+01,4.678581e+01,4.668523e+01,4.691143e+01,4.691143e+01,4.691143e+01,4.644600e+01,4.658456e+01,4.658456e+01,4.658456e+01,4.658456e+01,4.658456e+01,4.658456e+01,4.658456e+01,4.658456e+01,4.658456e+01,4.658456e+01,4.658456e+01,4.658456e+01,4.658456e+01,4.658456e+01,4.658456e+01,4.658456e+01,4.658456e+01,4.650900e+01,4.606729e+01,4.602935e+01,4.610521e+01,4.626942e+01,4.613049e+01,4.600405e+01,4.600405e+01,4.600405e+01,4.600405e+01,4.600405e+01,4.600405e+01,4.600405e+01,4.600405e+01,4.600405e+01,4.600405e+01,4.600405e+01,4.600405e+01,4.600405e+01,4.600405e+01,4.600405e+01,4.548423e+01,4.594078e+01,4.594078e+01,4.542068e+01,4.552234e+01,4.563661e+01,4.563661e+01,4.563661e+01,4.563661e+01,4.563661e+01,4.615576e+01,4.568736e+01,4.620629e+01,4.620629e+01,4.620629e+01,4.624417e+01,4.621892e+01,4.621892e+01,4.621892e+01,4.621892e+01,4.621892e+01,4.621892e+01,4.621892e+01,4.621892e+01,4.621892e+01,4.621892e+01,4.621892e+01,4.621892e+01,4.621892e+01,4.621892e+01,4.621892e+01,4.621892e+01,4.621892e+01,4.621892e+01,4.570004e+01,4.570004e+01,4.570004e+01,4.570004e+01,4.570004e+01,4.570004e+01,4.570004e+01,4.570004e+01,4.570004e+01,4.570004e+01,4.570004e+01,4.530621e+01,4.530621e+01,4.530621e+01,4.530621e+01,4.530621e+01,4.530621e+01,4.530621e+01,4.530621e+01,4.530621e+01,4.484719e+01,4.484719e+01,4.484719e+01,4.484719e+01,4.484719e+01,4.484719e+01,4.484719e+01,4.484719e+01,4.484719e+01,4.432222e+01,4.432222e+01,4.432222e+01,4.432222e+01,4.432222e+01,4.432222e+01,4.432222e+01,4.432222e+01,4.432222e+01,4.432222e+01,4.432222e+01,4.375620e+01,4.375620e+01,4.375620e+01,4.375620e+01,4.375620e+01,4.322629e+01,4.322629e+01,4.322629e+01,4.322629e+01,4.322629e+01,4.322629e+01,4.322629e+01,4.269394e+01
3.571575e+01,3.571575e+01,3.571575e+01,3.571575e+01,3.629592e+01,3.629592e+01,3.629592e+01,3.629592e+01,3.685933e+01,3.692784e+01,3.692784e+01,3.692784e+01,3.692784e+01,3.692784e+01,3.692784e+01,3.748802e+01,3.752890e+01,3.756976e+01,3.762422e+01,3.771946e+01,3.765144e+01,3.767866e+01,3.780103e+01,3.780103e+01,3.780103e+01,3.780103e+01,3.780103e+01,3.780103e+01,3.835683e+01,3.786896e+01,3.842442e+01,3.842442e+01,3.842442e+01,3.842442e+01,3.842442e+01,3.885602e+01,3.885602e+01,3.885602e+01,3.885602e+01,3.929938e+01,3.929938e+01,3.929938e+01,3.929938e+01,3.929938e+01,3.929938e+01,3.984778e+01,3.992781e+01,3.992781e+01,3.992781e+01,3.992781e+01,3.992781e+01,3.992781e+01,3.992781e+01,3.992781e+01,3.992781e+01,3.992781e+01,3.992781e+01,3.992781e+01,4.047318e+01,4.051298e+01,4.049971e+01,4.048645e+01,4.047318e+01,4.052624e+01,4.056602e+01,4.030054e+01,4.040681e+01,4.057928e+01,4.048645e+01,4.032712e+01,4.032712e+01,4.032712e+01,4.032712e+01,4.032712e+01,4.032712e+01,4.032712e+01,4.032712e+01,4.032712e+01,4.032712e+01,4.032712e+01,4.032712e+01,4.032712e+01,4.032712e+01,4.032712e+01,4.032712e+01,4.032712e+01,4.032712e+01,4.032712e+01,4.032712e+01,4.032712e+01,4.032712e+01,4.047318e+01,4.102913e+01,4.102913e+01,4.102913e+01,4.102913e+01,4.102913e+01,4.102913e+01,4.112152e+01,4.168746e+01,4.168746e+01,4.168746e+01,4.168746e+01,4.168746e+01,4.168746e+01,4.168746e+01,4.240727e+01,4.240727e+01,4.240727e+01,4.240727e+01,4.240727e+01,4.240727e+01,4.240727e+01,4.240727e+01,4.294094e+01,4.304479e+01,4.325219e+01,4.332988e+01,4.305776e+01,4.309667e+01,4.366590e+01,4.366590e+01,4.366590e+01,4.366590e+01,4.366590e+01,4.416813e+01,4.416813e+01,4.416813e+01,4.466819e+01,4.480885e+01,4.506417e+01,4.469378e+01,4.528075e+01,4.528075e+01,4.528075e+01,4.528075e+01,4.581414e+01,4.581414e+01,4.581414e+01,4.581414e+01,4.613049e+01,4.635774e+01,4.642079e+01,4.613049e+01,4.701182e+01,4.660974e+01,4.679838e+01,4.686120e+01,4.706199e+01,4.732501e+01,4.755000e+01,4.773717e+01,4.776210e+01,4.776210e+01,4.776210e+01,4.776210e+01,4.776210e+01,4.828452e+01,4.783687e+01,4.840858e+01,4.837137e+01,4.850772e+01,4.868105e+01,4.830934e+01,4.839618e+01,4.845816e+01,4.902694e+01,4.902694e+01,4.902694e+01,4.902694e+01,4.902694e+01,4.902694e+01,4.955622e+01,4.962989e+01,4.919952e+01,4.927340e+01,4.935955e+01,4.964217e+01,4.985064e+01,4.937185e+01,4.997311e+01,4.997311e+01,4.997311e+01,4.997311e+01,4.997311e+01,4.997311e+01,4.997311e+01,4.997311e+01,4.997311e+01,5.047393e+01,5.049831e+01,5.044955e+01,5.044955e+01,5.044955e+01,5.044955e+01,5.044955e+01,5.044955e+01,5.044955e+01,5.044955e+01,5.081479e+01,5.083910e+01,5.058360e+01,5.057142e+01,5.058360e+01,5.037637e+01,5.044955e+01,5.052269e+01,5.082695e+01,5.099701e+01,5.049831e+01,5.052269e+01,5.077832e+01,5.074183e+01,5.075399e+01,5.097273e+01,5.104555e+01,5.099701e+01,5.111834e+01,5.075399e+01,5.076616e+01,5.092415e+01,5.105769e+01,5.114259e+01,5.087556e+01,5.093630e+01,5.099701e+01,5.106982e+01,5.126377e+01,5.088771e+01,5.133643e+01,5.133643e+01,5.126377e+01,5.134853e+01,5.097273e+01,5.142113e+01,5.093630e+01,5.103342e+01,5.108195e+01,5.127588e+01,5.137273e+01,5.149369e+01,5.143323e+01,5.143323e+01,5.143323e+01,5.143323e+01,5.143323e+01,5.143323e+01,5.143323e+01,5.143323e+01,5.143323e+01,5.143323e+01,5.143323e+01,5.143323e+01,5.143323e+01,5.143323e+01,5.143323e+01,5.143323e+01,5.143323e+01,5.143323e+01,5.143323e+01,5.143323e+01,5.143323e+01,5.093630e+01,5.122743e+01,5.127588e+01,5.145742e+01,5.139693e+01,5.136063e+01,5.148160e+01,5.150578e+01,5.162661e+01,5.165076e+01,5.127588e+01,5.138484e+01,5.149369e+01,5.160246e+01,5.154205e+01,5.156621e+01,5.174733e+01,5.178352e+01,5.181969e+01,5.143323e+01,5.145742e+01,5.155413e+01,5.157830e+01,5.180764e+01,5.190408e+01,5.198840e+01,5.201248e+01,5.203656e+01,5.215687e+01,5.218092e+01,5.180764e+01,5.231310e+01,5.239715e+01,5.184381e+01,5.180764e+01,5.191612e+01,5.207266e+01,5.212078e+01,5.219294e+01,5.240915e+01,5.237314e+01,5.233712e+01,5.233712e+01,5.233712e+01,5.233712e+01,5.233712e+01,5.233712e+01,5.233712e+01,5.233712e+01,5.233712e+01,5.233712e+01,5.233712e+01,5.233712e+01,5.233712e+01,5.233712e+01,5.233712e+01,5.233712e+01,5.233712e+01,5.233712e+01,5.233712e+01,5.268488e+01,5.270882e+01,5.276867e+01,5.239715e+01,5.248114e+01,5.244515e+01,5.293609e+01,5.244515e+01,5.257705e+01,5.279260e+01,5.250512e+01,5.249313e+01,5.294804e+01,5.273277e+01,5.286437e+01,5.292414e+01,5.298389e+01,5.316295e+01,5.319873e+01,5.323450e+01,5.278064e+01,5.288828e+01,5.338940e+01,5.334176e+01,5.293609e+01,5.293609e+01,5.297194e+01,5.301972e+01,5.310329e+01,5.315102e+01,5.318681e+01,5.323450e+01,5.327027e+01,5.330602e+01,5.334176e+01,5.337749e+01,5.292414e+01,5.292414e+01,5.294804e+01,5.290023e+01,5.287632e+01,5.288828e+01,5.288828e+01,5.288828e+01,5.285241e+01,5.285241e+01,5.281653e+01,5.280457e+01,5.224102e+01,5.224102e+01,5.224102e+01,5.224102e+01,5.224102e+01,5.216889e+01,5.210876e+01,5.161454e+01,5.161454e+01,5.161454e+01,5.156621e+01,5.151787e+01,5.082695e+01,5.082695e+01,5.082695e+01,5.082695e+01,5.082695e+01,5.027873e+01,5.024210e+01,5.016879e+01,5.008322e+01,4.958078e+01,4.958078e+01,4.958078e+01,4.950708e+01,4.933494e+01,4.933494e+01,4.882941e+01,4.882941e+01,4.876761e+01,4.817276e+01,4.809820e+01,4.797383e+01,4.746255e+01,4.746255e+01,4.740005e+01,4.726244e+01,4.674810e+01,4.674810e+01,4.668523e+01,4.654679e+01,4.602935e+01,4.599140e+01,4.599140e+01,4.589014e+01,4.582681e+01,4.530621e+01,4.525529e+01,4.520436e+01,4.520436e+01,4.520436e+01,4.520436e+01,4.520436e+01,4.487273e+01,4.487273e+01,4.487273e+01,4.487273e+01,4.487273e+01,4.487273e+01,4.487273e+01,4.487273e+01,4.434788e+01,4.427088e+01,4.420667e+01,4.420667e+01,4.420667e+01,4.420667e+01,4.371751e+01,4.384644e+01,4.380777e+01,4.370461e+01,4.371751e+01,4.318742e+01,4.312261e+01,4.296691e+01,4.296691e+01,4.296691e+01,4.296691e+01,4.296691e+01,4.296691e+01,4.296691e+01,4.296691e+01,4.296691e+01,4.296691e+01,4.296691e+01,4.349801e+01,4.357553e+01,4.308371e+01,4.364009e+01,4.364009e+01,4.364009e+01,4.364009e+01,4.364009e+01,4.364009e+01,4.364009e+01,4.400096e+01,4.400096e+01,4.400096e+01,4.400096e+01,4.400096e+01,4.452737e+01,4.457859e+01,4.457859e+01,4.465540e+01,4.469378e+01,4.462980e+01,4.465540e+01,4.478329e+01,4.478329e+01,4.478329e+01,4.530621e+01,4.524256e+01,4.524256e+01,4.530621e+01,4.540797e+01,4.540797e+01,4.540797e+01,4.540797e+01,4.540797e+01,4.540797e+01,4.592812e+01,4.592812e+01,4.592812e+01,4.600405e+01,4.605464e+01,4.605464e+01,4.605464e+01,4.605464e+01,4.605464e+01,4.657197e+01,4.657197e+01,4.664749e+01,4.669781e+01,4.669781e+01,4.669781e+01,4.669781e+01,4.669781e+01,4.669781e+01,4.669781e+01,4.669781e+01,4.721236e+01,4.721236e+01,4.674810e+01,4.716225e+01,4.693653e+01,4.693653e+01,4.697418e+01,4.649640e+01,4.701182e+01,4.701182e+01,4.701182e+01,4.701182e+01,4.649640e+01,4.649640e+01,4.701182e+01,4.699928e+01,4.698673e+01,4.649640e+01,4.649640e+01,4.649640e+01,4.649640e+01,4.649640e+01,4.649640e+01,4.649640e+01,4.649640e+01,4.649640e+01,4.649640e+01,4.649640e+01,4.649640e+01,4.649640e+01,4.649640e+01,4.649640e+01,4.649640e+01,4.649640e+01,4.600405e+01,4.600405e+01,4.600405e+01,4.600405e+01,4.600405e+01,4.600405e+01,4.600405e+01,4.600405e+01,4.600405e+01,4.600405e+01,4.600405e+01,4.548423e+01,4.590280e+01,4.589014e+01,4.591546e+01,4.594078e+01,4.596609e+01,4.599140e+01,4.605464e+01,4.613049e+01,4.605464e+01,4.618103e+01,4.618103e+01,4.618103e+01,4.618103e+01,4.618103e+01,4.618103e+01,4.618103e+01,4.618103e+01,4.669781e+01,4.668523e+01,4.667265e+01,4.666007e+01,4.664749e+01,4.663491e+01,4.662232e+01,4.613049e+01,4.613049e+01,4.613049e+01,4.613049e+01,4.613049e+01,4.613049e+01,4.613049e+01,4.613049e+01,4.613049e+01,4.570004e+01,4.570004e+01,4.570004e+01,4.570004e+01,4.570004e+01,4.570004e+01,4.570004e+01,4.570004e+01,4.570004e+01,4.570004e+01,4.570004e+01,4.530621e+01,4.530621e+01,4.530621e+01,4.530621e+01,4.530621e+01,4.530621e+01,4.478329e+01,4.475772e+01,4.475772e+01,4.475772e+01,4.475772e+01,4.475772e+01,4.475772e+01,4.475772e+01,4.475772e+01,4.475772e+01,4.475772e+01,4.475772e+01,4.432222e+01,4.432222e+01,4.432222e+01,4.432222e+01,4.432222e+01,4.432222e+01,4.432222e+01,4.432222e+01,4.432222e+01,4.428371e+01,4.374331e+01,4.374331e+01,4.374331e+01,4.374331e+01,4.374331e+01,4.322629e+01,4.322629e+01,4.322629e+01,4.322629e+01,4.322629e+01,4.322629e+01,4.269394e+01
3.571575e+01,3.571575e+01,3.571575e+01,3.571575e+01,3.629592e+01,3.629592e+01,3.629592e+01,3.629592e+01,3.629592e+01,3.692784e+01,3.636478e+01,3.639232e+01,3.698262e+01,3.698262e+01,3.698262e+01,3.748802e+01,3.748802e+01,3.748802e+01,3.748802e+01,3.748802e+01,3.748802e+01,3.748802e+01,3.748802e+01,3.748802e+01,3.780103e+01,3.780103e+01,3.780103e+01,3.780103e+01,3.780103e+01,3.835683e+01,3.845144e+01,3.845144e+01,3.845144e+01,3.845144e+01,3.845144e+01,3.885602e+01,3.885602e+01,3.885602e+01,3.885602e+01,3.885602e+01,3.929938e+01,3.929938e+01,3.929938e+01,3.929938e+01,3.929938e+01,3.984778e+01,3.984778e+01,3.984778e+01,3.984778e+01,3.984778e+01,3.984778e+01,3.984778e+01,3.984778e+01,3.984778e+01,3.984778e+01,3.984778e+01,3.984778e+01,4.039353e+01,4.049971e+01,4.049971e+01,4.049971e+01,4.049971e+01,4.049971e+01,4.049971e+01,4.049971e+01,4.049971e+01,4.049971e+01,4.049971e+01,4.049971e+01,3.995448e+01,4.048645e+01,4.048645e+01,4.048645e+01,4.048645e+01,4.048645e+01,4.048645e+01,4.048645e+01,4.048645e+01,3.994115e+01,3.994115e+01,3.994115e+01,4.048645e+01,4.048645e+01,4.048645e+01,4.048645e+01,4.048645e+01,4.048645e+01,4.048645e+01,4.048645e+01,4.048645e+01,4.048645e+01,4.048645e+01,4.048645e+01,4.102913e+01,4.102913e+01,4.102913e+01,4.102913e+01,4.102913e+01,4.102913e+01,4.114791e+01,4.118748e+01,4.122703e+01,4.126657e+01,4.127974e+01,4.129292e+01,4.139826e+01,4.171371e+01,4.228979e+01,4.175309e+01,4.234202e+01,4.234202e+01,4.234202e+01,4.234202e+01,4.234202e+01,4.234202e+01,4.251160e+01,4.278500e+01,4.282401e+01,4.282401e+01,4.348509e+01,4.310964e+01,4.317446e+01,4.323924e+01,4.330399e+01,4.340751e+01,4.366590e+01,4.373041e+01,4.388509e+01,4.451455e+01,4.451455e+01,4.451455e+01,4.451455e+01,4.475772e+01,4.482163e+01,4.488551e+01,4.498763e+01,4.514066e+01,4.520436e+01,4.578879e+01,4.590280e+01,4.601670e+01,4.601670e+01,4.601670e+01,4.601670e+01,4.601670e+01,4.609257e+01,4.635774e+01,4.649640e+01,4.671038e+01,4.681095e+01,4.711213e+01,4.737504e+01,4.741256e+01,4.742506e+01,4.743756e+01,4.745005e+01,4.755000e+01,4.771223e+01,4.773717e+01,4.756248e+01,4.763738e+01,4.784933e+01,4.798627e+01,4.798627e+01,4.808577e+01,4.824728e+01,4.807334e+01,4.814791e+01,4.822245e+01,4.829693e+01,4.887882e+01,4.847055e+01,4.868105e+01,4.868105e+01,4.865630e+01,4.881705e+01,4.903927e+01,4.916256e+01,4.929802e+01,4.932264e+01,4.917488e+01,4.926109e+01,4.934724e+01,4.943334e+01,4.951937e+01,4.960534e+01,4.961762e+01,4.962989e+01,4.972805e+01,4.947022e+01,4.958078e+01,4.966671e+01,4.975258e+01,4.983839e+01,4.942104e+01,4.999758e+01,5.008322e+01,4.959306e+01,4.972805e+01,4.998534e+01,4.997311e+01,4.997311e+01,5.005876e+01,5.015657e+01,4.974032e+01,5.038857e+01,5.007099e+01,5.026652e+01,5.036417e+01,5.033977e+01,5.047393e+01,5.011990e+01,5.020545e+01,5.030315e+01,5.010767e+01,5.025431e+01,5.032756e+01,5.041297e+01,5.041297e+01,5.043736e+01,5.060796e+01,5.025431e+01,5.030315e+01,5.030315e+01,5.043736e+01,5.057142e+01,5.071750e+01,5.083910e+01,5.046174e+01,5.059578e+01,5.066883e+01,5.074183e+01,5.079048e+01,5.040077e+01,5.051050e+01,5.048612e+01,5.065665e+01,5.070533e+01,5.089986e+01,5.049831e+01,5.069316e+01,5.076616e+01,5.083910e+01,5.091201e+01,5.048612e+01,5.054705e+01,5.060796e+01,5.066883e+01,5.072967e+01,5.079048e+01,5.035197e+01,5.040077e+01,5.044955e+01,5.049831e+01,5.054705e+01,5.059578e+01,5.064448e+01,5.069316e+01,5.074183e+01,5.079048e+01,5.083910e+01,5.076616e+01,5.086341e+01,5.053487e+01,5.063231e+01,5.086341e+01,5.091201e+01,5.096059e+01,5.063231e+01,5.070533e+01,5.087556e+01,5.086341e+01,5.086341e+01,5.102128e+01,5.111834e+01,5.071750e+01,5.076616e+01,5.133643e+01,5.133643e+01,5.133643e+01,5.133643e+01,5.133643e+01,5.133643e+01,5.133643e+01,5.133643e+01,5.133643e+01,5.133643e+01,5.133643e+01,5.133643e+01,5.133643e+01,5.133643e+01,5.133643e+01,5.133643e+01,5.181969e+01,5.183175e+01,5.180764e+01,5.180764e+01,5.180764e+01,5.180764e+01,5.180764e+01,5.180764e+01,5.180764e+01,5.180764e+01,5.180764e+01,5.180764e+01,5.180764e+01,5.180764e+01,5.180764e+01,5.180764e+01,5.180764e+01,5.180764e+01,5.180764e+01,5.180764e+01,5.180764e+01,5.180764e+01,5.180764e+01,5.180764e+01,5.180764e+01,5.180764e+01,5.180764e+01,5.180764e+01,5.180764e+01,5.180764e+01,5.180764e+01,5.180764e+01,5.180764e+01,5.180764e+01,5.180764e+01,5.195227e+01,5.192817e+01,5.212078e+01,5.180764e+01,5.230109e+01,5.238515e+01,5.208469e+01,5.214484e+01,5.233712e+01,5.245715e+01,5.257705e+01,5.232511e+01,5.240915e+01,5.237314e+01,5.234913e+01,5.210876e+01,5.230109e+01,5.272079e+01,5.269685e+01,5.269685e+01,5.248114e+01,5.257705e+01,5.270882e+01,5.231310e+01,5.238515e+01,5.246914e+01,5.254110e+01,5.261301e+01,5.268488e+01,5.266092e+01,5.263697e+01,5.261301e+01,5.261301e+01,5.258904e+01,5.256507e+01,5.255308e+01,5.252911e+01,5.201248e+01,5.204859e+01,5.208469e+01,5.212078e+01,5.206063e+01,5.203656e+01,5.203656e+01,5.203656e+01,5.154205e+01,5.157830e+01,5.161454e+01,5.155413e+01,5.103342e+01,5.106982e+01,5.110621e+01,5.114259e+01,5.058360e+01,5.054705e+01,5.052269e+01,4.999758e+01,5.003429e+01,4.996087e+01,4.992413e+01,4.988739e+01,4.985064e+01,4.978936e+01,4.911326e+01,4.915023e+01,4.918720e+01,4.915023e+01,4.860680e+01,4.853250e+01,4.849534e+01,4.844577e+01,4.787424e+01,4.783687e+01,4.778703e+01,4.772470e+01,4.723740e+01,4.723740e+01,4.723740e+01,4.672296e+01,4.668523e+01,4.668523e+01,4.616840e+01,4.609257e+01,4.599140e+01,4.599140e+01,4.599140e+01,4.547152e+01,4.539525e+01,4.526802e+01,4.526802e+01,4.526802e+01,4.526802e+01,4.526802e+01,4.474494e+01,4.469378e+01,4.522983e+01,4.475772e+01,4.475772e+01,4.475772e+01,4.475772e+01,4.475772e+01,4.475772e+01,4.475772e+01,4.475772e+01,4.427088e+01,4.427088e+01,4.427088e+01,4.427088e+01,4.427088e+01,4.427088e+01,4.384644e+01,4.384644e+01,4.331693e+01,4.326514e+01,4.314854e+01,4.314854e+01,4.314854e+01,4.314854e+01,4.314854e+01,4.314854e+01,4.314854e+01,4.314854e+01,4.314854e+01,4.314854e+01,4.314854e+01,4.314854e+01,4.314854e+01,4.349801e+01,4.348509e+01,4.345923e+01,4.361427e+01,4.361427e+01,4.361427e+01,4.361427e+01,4.414242e+01,4.410386e+01,4.415527e+01,4.412957e+01,4.412957e+01,4.412957e+01,4.412957e+01,4.465540e+01,4.469378e+01,4.469378e+01,4.469378e+01,4.521709e+01,4.465540e+01,4.517888e+01,4.512791e+01,4.507692e+01,4.511517e+01,4.517888e+01,4.528075e+01,4.528075e+01,4.528075e+01,4.528075e+01,4.528075e+01,4.580146e+01,4.583948e+01,4.578879e+01,4.582681e+01,4.590280e+01,4.596609e+01,4.596609e+01,4.596609e+01,4.596609e+01,4.596609e+01,4.596609e+01,4.596609e+01,4.648381e+01,4.655938e+01,4.660974e+01,4.660974e+01,4.712466e+01,4.707452e+01,4.711213e+01,4.706199e+01,4.709959e+01,4.713719e+01,4.708706e+01,4.712466e+01,4.719983e+01,4.724992e+01,4.716225e+01,4.711213e+01,4.713719e+01,4.713719e+01,4.713719e+01,4.713719e+01,4.713719e+01,4.713719e+01,4.713719e+01,4.713719e+01,4.713719e+01,4.713719e+01,4.713719e+01,4.662232e+01,4.709959e+01,4.699928e+01,4.678581e+01,4.681095e+01,4.683607e+01,4.686120e+01,4.688631e+01,4.691143e+01,4.686120e+01,4.637035e+01,4.688631e+01,4.638297e+01,4.638297e+01,4.638297e+01,4.638297e+01,4.638297e+01,4.638297e+01,4.638297e+01,4.638297e+01,4.638297e+01,4.638297e+01,4.638297e+01,4.638297e+01,4.638297e+01,4.600405e+01,4.600405e+01,4.600405e+01,4.600405e+01,4.600405e+01,4.600405e+01,4.600405e+01,4.600405e+01,4.600405e+01,4.600405e+01,4.600405e+01,4.600405e+01,4.600405e+01,4.600405e+01,4.600405e+01,4.600405e+01,4.600405e+01,4.600405e+01,4.652160e+01,4.652160e+01,4.652160e+01,4.652160e+01,4.652160e+01,4.658456e+01,4.667265e+01,4.667265e+01,4.667265e+01,4.667265e+01,4.667265e+01,4.667265e+01,4.667265e+01,4.613049e+01,4.613049e+01,4.613049e+01,4.613049e+01,4.613049e+01,4.613049e+01,4.613049e+01,4.613049e+01,4.613049e+01,4.613049e+01,4.613049e+01,4.570004e+01,4.570004e+01,4.570004e+01,4.570004e+01,4.570004e+01,4.570004e+01,4.570004e+01,4.570004e+01,4.570004e+01,4.570004e+01,4.570004e+01,4.530621e+01,4.530621e+01,4.530621e+01,4.530621e+01,4.530621e+01,4.530621e+01,4.475772e+01,4.475772e+01,4.528075e+01,4.470657e+01,4.522983e+01,4.516614e+01,4.464260e+01,4.464260e+01,4.464260e+01,4.464260e+01,4.464260e+01,4.464260e+01,4.464260e+01,4.464260e+01,4.432222e+01,4.432222e+01,4.432222e+01,4.432222e+01,4.432222e+01,4.432222e+01,4.374331e+01,4.374331e+01,4.374331e+01,4.374331e+01,4.374331e+01,4.374331e+01,4.322629e+01,4.322629e+01,4.322629e+01,4.322629e+01,4.322629e+01,4.322629e+01
3.571575e+01,3.571575e+01,3.571575e+01,3.628214e+01,3.633725e+01,3.633725e+01,3.633725e+01,3.633725e+01,3.633725e+01,3.633725e+01,3.690044e+01,3.698262e+01,3.702368e+01,3.702368e+01,3.702368e+01,3.748802e+01,3.748802e+01,3.748802e+01,3.748802e+01,3.748802e+01,3.748802e+01,3.748802e+01,3.748802e+01,3.804538e+01,3.801826e+01,3.801826e+01,3.801826e+01,3.801826e+01,3.801826e+01,3.801826e+01,3.845144e+01,3.845144e+01,3.845144e+01,3.845144e+01,3.900400e+01,3.897711e+01,3.897711e+01,3.897711e+01,3.897711e+01,3.897711e+01,3.897711e+01,3.929938e+01,3.929938e+01,3.929938e+01,3.929938e+01,3.984778e+01,3.984778e+01,3.984778e+01,3.984778e+01,3.984778e+01,3.984778e+01,3.984778e+01,3.984778e+01,3.984778e+01,3.984778e+01,3.984778e+01,3.984778e+01,3.984778e+01,4.049971e+01,3.995448e+01,4.002111e+01,4.008770e+01,4.008770e+01,4.008770e+01,4.008770e+01,4.008770e+01,4.008770e+01,4.008770e+01,4.002111e+01,4.052624e+01,4.056602e+01,4.002111e+01,4.008770e+01,4.008770e+01,4.008770e+01,4.008770e+01,4.008770e+01,4.002111e+01,4.044664e+01,4.038025e+01,4.045991e+01,3.996781e+01,4.003443e+01,4.010102e+01,4.010102e+01,4.010102e+01,4.010102e+01,4.010102e+01,4.010102e+01,4.064555e+01,4.064555e+01,4.064555e+01,4.064555e+01,4.064555e+01,4.064555e+01,4.064555e+01,4.064555e+01,4.102913e+01,4.102913e+01,4.102913e+01,4.102913e+01,4.156924e+01,4.101593e+01,4.155610e+01,4.152981e+01,4.164807e+01,4.133244e+01,4.151666e+01,4.154295e+01,4.184489e+01,4.191043e+01,4.197593e+01,4.200212e+01,4.202830e+01,4.258978e+01,4.270695e+01,4.264187e+01,4.264187e+01,4.264187e+01,4.295393e+01,4.297990e+01,4.297990e+01,4.297990e+01,4.297990e+01,4.340751e+01,4.340751e+01,4.340751e+01,4.388509e+01,4.423236e+01,4.427088e+01,4.427088e+01,4.427088e+01,4.427088e+01,4.482163e+01,4.482163e+01,4.482163e+01,4.482163e+01,4.520436e+01,4.498763e+01,4.516614e+01,4.534438e+01,4.540797e+01,4.599140e+01,4.599140e+01,4.599140e+01,4.599140e+01,4.599140e+01,4.599140e+01,4.599140e+01,4.629466e+01,4.666007e+01,4.681095e+01,4.692398e+01,4.701182e+01,4.709959e+01,4.663491e+01,4.681095e+01,4.704945e+01,4.714972e+01,4.722488e+01,4.732501e+01,4.756248e+01,4.772470e+01,4.774963e+01,4.774963e+01,4.774963e+01,4.774963e+01,4.774963e+01,4.774963e+01,4.829693e+01,4.801115e+01,4.799871e+01,4.828452e+01,4.830934e+01,4.833416e+01,4.852011e+01,4.825970e+01,4.845816e+01,4.866867e+01,4.876761e+01,4.884176e+01,4.895290e+01,4.855727e+01,4.871815e+01,4.887882e+01,4.903927e+01,4.912558e+01,4.921183e+01,4.875525e+01,4.877997e+01,4.896524e+01,4.861917e+01,4.876761e+01,4.928571e+01,4.931033e+01,4.910093e+01,4.912558e+01,4.911326e+01,4.938415e+01,4.948251e+01,4.954394e+01,4.960534e+01,4.919952e+01,4.923647e+01,4.976484e+01,4.956850e+01,4.959306e+01,4.985064e+01,5.000982e+01,4.950708e+01,4.959306e+01,4.961762e+01,4.976484e+01,4.942104e+01,4.947022e+01,4.966671e+01,4.978936e+01,4.992413e+01,4.997311e+01,5.004652e+01,4.964217e+01,4.966671e+01,4.976484e+01,4.981388e+01,4.999758e+01,5.018102e+01,4.982613e+01,4.989964e+01,4.992413e+01,5.010767e+01,5.022988e+01,4.985064e+01,4.985064e+01,4.987514e+01,5.003429e+01,5.008322e+01,4.980162e+01,4.988739e+01,5.002206e+01,5.000982e+01,5.024210e+01,4.985064e+01,4.994862e+01,4.996087e+01,4.994862e+01,5.003429e+01,5.011990e+01,5.020545e+01,4.978936e+01,4.978936e+01,4.977710e+01,4.983839e+01,4.989964e+01,4.996087e+01,5.002206e+01,5.008322e+01,5.014435e+01,5.020545e+01,4.976484e+01,4.981388e+01,4.986289e+01,4.986289e+01,4.991189e+01,4.993638e+01,5.003429e+01,5.026652e+01,5.031536e+01,5.031536e+01,5.033977e+01,4.989964e+01,5.007099e+01,5.007099e+01,5.007099e+01,5.022988e+01,5.026652e+01,5.025431e+01,5.043736e+01,5.064448e+01,5.064448e+01,5.064448e+01,5.064448e+01,5.064448e+01,5.064448e+01,5.064448e+01,5.064448e+01,5.064448e+01,5.064448e+01,5.064448e+01,5.064448e+01,5.064448e+01,5.064448e+01,5.064448e+01,5.077832e+01,5.094844e+01,5.096059e+01,5.096059e+01,5.096059e+01,5.096059e+01,5.096059e+01,5.096059e+01,5.096059e+01,5.096059e+01,5.096059e+01,5.096059e+01,5.096059e+01,5.096059e+01,5.096059e+01,5.096059e+01,5.096059e+01,5.096059e+01,5.145742e+01,5.143323e+01,5.140903e+01,5.142113e+01,5.139693e+01,5.140903e+01,5.142113e+01,5.139693e+01,5.140903e+01,5.142113e+01,5.139693e+01,5.140903e+01,5.142113e+01,5.139693e+01,5.140903e+01,5.142113e+01,5.139693e+01,5.140903e+01,5.156621e+01,5.154205e+01,5.165076e+01,5.174733e+01,5.145742e+01,5.149369e+01,5.151787e+01,5.159038e+01,5.179558e+01,5.143323e+01,5.150578e+01,5.202452e+01,5.159038e+01,5.159038e+01,5.159038e+01,5.208469e+01,5.186792e+01,5.197635e+01,5.198840e+01,5.200044e+01,5.201248e+01,5.162661e+01,5.169905e+01,5.168699e+01,5.175939e+01,5.184381e+01,5.191612e+01,5.198840e+01,5.206063e+01,5.206063e+01,5.156621e+01,5.204859e+01,5.204859e+01,5.204859e+01,5.204859e+01,5.155413e+01,5.149369e+01,5.148160e+01,5.151787e+01,5.155413e+01,5.159038e+01,5.159038e+01,5.159038e+01,5.109408e+01,5.103342e+01,5.102128e+01,5.104555e+01,5.106982e+01,5.100914e+01,5.099701e+01,5.099701e+01,5.049831e+01,5.047393e+01,5.046174e+01,5.046174e+01,4.996087e+01,4.994862e+01,4.994862e+01,4.994862e+01,4.944563e+01,4.943334e+01,4.942104e+01,4.935955e+01,4.910093e+01,4.910093e+01,4.910093e+01,4.859442e+01,4.858204e+01,4.858204e+01,4.807334e+01,4.801115e+01,4.786179e+01,4.786179e+01,4.735003e+01,4.728747e+01,4.722488e+01,4.671038e+01,4.664749e+01,4.663491e+01,4.611785e+01,4.605464e+01,4.604200e+01,4.604200e+01,4.552234e+01,4.550964e+01,4.544611e+01,4.543340e+01,4.543340e+01,4.491105e+01,4.539525e+01,4.487273e+01,4.484719e+01,4.478329e+01,4.473215e+01,4.477051e+01,4.484719e+01,4.478329e+01,4.478329e+01,4.478329e+01,4.478329e+01,4.478329e+01,4.425804e+01,4.424520e+01,4.418097e+01,4.416813e+01,4.416813e+01,4.416813e+01,4.416813e+01,4.416813e+01,4.416813e+01,4.416813e+01,4.384644e+01,4.364009e+01,4.361427e+01,4.352386e+01,4.301883e+01,4.301883e+01,4.301883e+01,4.301883e+01,4.301883e+01,4.301883e+01,4.301883e+01,4.301883e+01,4.301883e+01,4.301883e+01,4.354969e+01,4.364009e+01,4.360136e+01,4.360136e+01,4.360136e+01,4.360136e+01,4.412957e+01,4.414242e+01,4.367881e+01,4.382066e+01,4.433505e+01,4.433505e+01,4.433505e+01,4.433505e+01,4.485996e+01,4.438637e+01,4.485996e+01,4.485996e+01,4.485996e+01,4.485996e+01,4.485996e+01,4.485996e+01,4.485996e+01,4.485996e+01,4.538253e+01,4.538253e+01,4.538253e+01,4.538253e+01,4.538253e+01,4.590280e+01,4.539525e+01,4.599140e+01,4.600405e+01,4.600405e+01,4.600405e+01,4.600405e+01,4.600405e+01,4.600405e+01,4.600405e+01,4.600405e+01,4.652160e+01,4.652160e+01,4.652160e+01,4.657197e+01,4.658456e+01,4.658456e+01,4.709959e+01,4.714972e+01,4.716225e+01,4.716225e+01,4.716225e+01,4.716225e+01,4.716225e+01,4.767481e+01,4.762490e+01,4.762490e+01,4.762490e+01,4.762490e+01,4.753751e+01,4.748754e+01,4.748754e+01,4.748754e+01,4.748754e+01,4.748754e+01,4.748754e+01,4.748754e+01,4.697418e+01,4.748754e+01,4.747505e+01,4.694908e+01,4.686120e+01,4.732501e+01,4.733752e+01,4.733752e+01,4.729998e+01,4.678581e+01,4.678581e+01,4.678581e+01,4.678581e+01,4.678581e+01,4.678581e+01,4.678581e+01,4.678581e+01,4.678581e+01,4.678581e+01,4.678581e+01,4.678581e+01,4.678581e+01,4.678581e+01,4.678581e+01,4.638297e+01,4.638297e+01,4.638297e+01,4.638297e+01,4.638297e+01,4.638297e+01,4.638297e+01,4.600405e+01,4.600405e+01,4.600405e+01,4.600405e+01,4.600405e+01,4.600405e+01,4.600405e+01,4.600405e+01,4.600405e+01,4.600405e+01,4.600405e+01,4.600405e+01,4.600405e+01,4.600405e+01,4.652160e+01,4.650900e+01,4.655938e+01,4.657197e+01,4.657197e+01,4.657197e+01,4.657197e+01,4.657197e+01,4.657197e+01,4.657197e+01,4.657197e+01,4.657197e+01,4.657197e+01,4.657197e+01,4.657197e+01,4.657197e+01,4.657197e+01,4.657197e+01,4.613049e+01,4.613049e+01,4.613049e+01,4.613049e+01,4.613049e+01,4.613049e+01,4.613049e+01,4.613049e+01,4.613049e+01,4.570004e+01,4.570004e+01,4.570004e+01,4.570004e+01,4.570004e+01,4.570004e+01,4.570004e+01,4.570004e+01,4.570004e+01,4.570004e+01,4.570004e+01,4.530621e+01,4.530621e+01,4.530621e+01,4.530621e+01,4.530621e+01,4.530621e+01,4.530621e+01,4.530621e+01,4.530621e+01,4.530621e+01,4.530621e+01,4.478329e+01,4.466819e+01,4.519162e+01,4.465540e+01,4.465540e+01,4.465540e+01,4.465540e+01,4.465540e+01,4.465540e+01,4.432222e+01,4.432222e+01,4.432222e+01,4.432222e+01,4.432222e+01,4.432222e+01,4.432222e+01,4.374331e+01,4.374331e+01,4.374331e+01,4.374331e+01,4.374331e+01,4.374331e+01,4.322629e+01,4.322629e+01,4.322629e+01,4.322629e+01,4.322629e+01
3.571575e+01,3.571575e+01,3.628214e+01,3.629592e+01,3.629592e+01,3.629592e+01,3.629592e+01,3.629592e+01,3.629592e+01,3.629592e+01,3.690044e+01,3.690044e+01,3.690044e+01,3.690044e+01,3.746076e+01,3.746076e+01,3.746076e+01,3.746076e+01,3.746076e+01,3.746076e+01,3.746076e+01,3.746076e+01,3.801826e+01,3.805894e+01,3.805894e+01,3.805894e+01,3.805894e+01,3.805894e+01,3.805894e+01,3.805894e+01,3.845144e+01,3.845144e+01,3.845144e+01,3.900400e+01,3.901744e+01,3.901744e+01,3.901744e+01,3.901744e+01,3.901744e+01,3.901744e+01,3.901744e+01,3.929938e+01,3.929938e+01,3.929938e+01,3.984778e+01,3.986113e+01,3.986113e+01,3.986113e+01,3.986113e+01,3.986113e+01,3.986113e+01,3.986113e+01,3.986113e+01,3.986113e+01,3.986113e+01,3.986113e+01,3.986113e+01,3.986113e+01,3.995448e+01,3.994115e+01,4.048645e+01,4.045991e+01,4.043336e+01,4.040681e+01,4.038025e+01,4.035369e+01,4.035369e+01,4.035369e+01,4.035369e+01,4.035369e+01,4.035369e+01,4.035369e+01,4.035369e+01,4.035369e+01,4.035369e+01,4.035369e+01,4.035369e+01,4.035369e+01,4.035369e+01,4.035369e+01,4.035369e+01,4.035369e+01,4.035369e+01,4.035369e+01,4.035369e+01,4.035369e+01,4.035369e+01,4.035369e+01,4.035369e+01,4.035369e+01,4.035369e+01,4.035369e+01,4.035369e+01,4.035369e+01,4.064555e+01,4.064555e+01,4.064555e+01,4.064555e+01,4.102913e+01,4.102913e+01,4.102913e+01,4.102913e+01,4.102913e+01,4.102913e+01,4.152981e+01,4.152981e+01,4.147721e+01,4.147721e+01,4.147721e+01,4.147721e+01,4.191043e+01,4.191043e+01,4.191043e+01,4.244640e+01,4.256372e+01,4.202830e+01,4.258978e+01,4.258978e+01,4.258978e+01,4.258978e+01,4.258978e+01,4.297990e+01,4.297990e+01,4.297990e+01,4.297990e+01,4.297990e+01,4.340751e+01,4.320038e+01,4.343337e+01,4.351093e+01,4.407814e+01,4.407814e+01,4.407814e+01,4.407814e+01,4.407814e+01,4.482163e+01,4.441201e+01,4.462980e+01,4.468099e+01,4.488551e+01,4.508967e+01,4.524256e+01,4.500039e+01,4.505142e+01,4.562392e+01,4.564930e+01,4.567467e+01,4.570004e+01,4.623154e+01,4.587748e+01,4.613049e+01,4.582681e+01,4.599140e+01,4.664749e+01,4.667265e+01,4.662232e+01,4.662232e+01,4.662232e+01,4.662232e+01,4.662232e+01,4.662232e+01,4.662232e+01,4.669781e+01,4.678581e+01,4.684864e+01,4.691143e+01,4.748754e+01,4.751253e+01,4.759994e+01,4.729998e+01,4.733752e+01,4.747505e+01,4.764986e+01,4.773717e+01,4.782441e+01,4.796139e+01,4.799871e+01,4.822245e+01,4.822245e+01,4.822245e+01,4.822245e+01,4.822245e+01,4.822245e+01,4.822245e+01,4.822245e+01,4.822245e+01,4.822245e+01,4.822245e+01,4.822245e+01,4.822245e+01,4.822245e+01,4.861917e+01,4.834657e+01,4.854489e+01,4.863155e+01,4.869342e+01,4.877997e+01,4.880469e+01,4.891587e+01,4.856965e+01,4.868105e+01,4.869342e+01,4.868105e+01,4.885411e+01,4.901460e+01,4.906394e+01,4.871815e+01,4.886647e+01,4.897758e+01,4.896524e+01,4.910093e+01,4.917488e+01,4.927340e+01,4.931033e+01,4.931033e+01,4.931033e+01,4.931033e+01,4.931033e+01,4.931033e+01,4.931033e+01,4.931033e+01,4.931033e+01,4.931033e+01,4.931033e+01,4.931033e+01,4.931033e+01,4.931033e+01,4.931033e+01,4.931033e+01,4.931033e+01,4.931033e+01,4.931033e+01,4.931033e+01,4.931033e+01,4.953165e+01,4.953165e+01,4.956850e+01,4.956850e+01,4.956850e+01,4.956850e+01,4.956850e+01,4.956850e+01,4.956850e+01,4.956850e+01,4.956850e+01,4.956850e+01,4.956850e+01,4.956850e+01,4.956850e+01,4.956850e+01,4.956850e+01,4.956850e+01,4.956850e+01,4.956850e+01,4.956850e+01,4.956850e+01,4.956850e+01,4.956850e+01,4.956850e+01,4.956850e+01,4.956850e+01,4.956850e+01,4.956850e+01,4.956850e+01,4.956850e+01,4.956850e+01,4.956850e+01,4.956850e+01,4.956850e+01,4.956850e+01,4.956850e+01,4.956850e+01,4.956850e+01,4.956850e+01,4.956850e+01,4.956850e+01,4.956850e+01,4.956850e+01,4.956850e+01,4.956850e+01,4.956850e+01,5.014435e+01,5.019323e+01,4.974032e+01,4.977710e+01,5.031536e+01,4.983839e+01,4.988739e+01,4.993638e+01,5.048612e+01,5.048612e+01,5.048612e+01,5.048612e+01,5.048612e+01,5.048612e+01,5.048612e+01,5.048612e+01,5.048612e+01,5.048612e+01,5.048612e+01,5.096059e+01,5.096059e+01,5.096059e+01,5.046174e+01,5.052269e+01,5.058360e+01,5.059578e+01,5.060796e+01,5.062013e+01,5.071750e+01,5.091201e+01,5.047393e+01,5.052269e+01,5.058360e+01,5.063231e+01,5.069316e+01,5.075399e+01,5.030315e+01,5.086341e+01,5.092415e+01,5.097273e+01,5.053487e+01,5.059578e+01,5.064448e+01,5.070533e+01,5.076616e+01,5.081479e+01,5.087556e+01,5.108195e+01,5.113046e+01,5.079048e+01,5.083910e+01,5.087556e+01,5.094844e+01,5.100914e+01,5.062013e+01,5.077832e+01,5.081479e+01,5.102128e+01,5.120319e+01,5.119107e+01,5.121531e+01,5.131221e+01,5.094844e+01,5.116683e+01,5.130010e+01,5.133643e+01,5.137273e+01,5.133643e+01,5.137273e+01,5.145742e+01,5.145742e+01,5.145742e+01,5.145742e+01,5.145742e+01,5.145742e+01,5.145742e+01,5.145742e+01,5.145742e+01,5.145742e+01,5.145742e+01,5.145742e+01,5.145742e+01,5.096059e+01,5.098487e+01,5.100914e+01,5.106982e+01,5.113046e+01,5.119107e+01,5.071750e+01,5.066883e+01,5.065665e+01,5.066883e+01,5.068100e+01,5.071750e+01,5.075399e+01,5.026652e+01,5.027873e+01,5.022988e+01,5.021767e+01,5.021767e+01,4.971579e+01,4.966671e+01,4.965444e+01,4.964217e+01,4.962989e+01,4.906394e+01,4.905161e+01,4.903927e+01,4.902694e+01,4.894056e+01,4.847055e+01,4.848294e+01,4.843337e+01,4.842097e+01,4.791159e+01,4.786179e+01,4.784933e+01,4.784933e+01,4.733752e+01,4.728747e+01,4.727495e+01,4.676068e+01,4.671038e+01,4.669781e+01,4.618103e+01,4.613049e+01,4.610521e+01,4.610521e+01,4.558584e+01,4.553505e+01,4.550964e+01,4.550964e+01,4.498763e+01,4.500039e+01,4.494934e+01,4.494934e+01,4.501315e+01,4.489828e+01,4.489828e+01,4.489828e+01,4.489828e+01,4.489828e+01,4.489828e+01,4.489828e+01,4.489828e+01,4.489828e+01,4.489828e+01,4.489828e+01,4.478329e+01,4.423236e+01,4.423236e+01,4.423236e+01,4.423236e+01,4.423236e+01,4.423236e+01,4.423236e+01,4.423236e+01,4.370461e+01,4.373041e+01,4.373041e+01,4.373041e+01,4.320038e+01,4.304479e+01,4.304479e+01,4.304479e+01,4.304479e+01,4.304479e+01,4.304479e+01,4.304479e+01,4.304479e+01,4.304479e+01,4.304479e+01,4.354969e+01,4.354969e+01,4.354969e+01,4.354969e+01,4.407814e+01,4.360136e+01,4.380777e+01,4.427088e+01,4.412957e+01,4.416813e+01,4.430939e+01,4.430939e+01,4.483441e+01,4.487273e+01,4.483441e+01,4.477051e+01,4.483441e+01,4.483441e+01,4.483441e+01,4.483441e+01,4.535710e+01,4.533165e+01,4.530621e+01,4.534438e+01,4.539525e+01,4.539525e+01,4.539525e+01,4.539525e+01,4.591546e+01,4.587748e+01,4.577612e+01,4.596609e+01,4.596609e+01,4.596609e+01,4.596609e+01,4.596609e+01,4.596609e+01,4.648381e+01,4.645860e+01,4.649640e+01,4.653419e+01,4.653419e+01,4.653419e+01,4.704945e+01,4.702436e+01,4.706199e+01,4.711213e+01,4.711213e+01,4.762490e+01,4.759994e+01,4.757497e+01,4.755000e+01,4.761242e+01,4.768728e+01,4.768728e+01,4.768728e+01,4.768728e+01,4.768728e+01,4.768728e+01,4.768728e+01,4.768728e+01,4.768728e+01,4.768728e+01,4.768728e+01,4.768728e+01,4.768728e+01,4.768728e+01,4.768728e+01,4.768728e+01,4.768728e+01,4.737504e+01,4.738755e+01,4.738755e+01,4.738755e+01,4.738755e+01,4.738755e+01,4.738755e+01,4.738755e+01,4.738755e+01,4.738755e+01,4.738755e+01,4.729998e+01,4.727495e+01,4.673553e+01,4.673553e+01,4.673553e+01,4.673553e+01,4.673553e+01,4.673553e+01,4.673553e+01,4.673553e+01,4.673553e+01,4.673553e+01,4.673553e+01,4.673553e+01,4.638297e+01,4.628204e+01,4.614313e+01,4.614313e+01,4.614313e+01,4.614313e+01,4.614313e+01,4.614313e+01,4.614313e+01,4.614313e+01,4.614313e+01,4.614313e+01,4.614313e+01,4.614313e+01,4.614313e+01,4.614313e+01,4.652160e+01,4.652160e+01,4.652160e+01,4.652160e+01,4.652160e+01,4.652160e+01,4.652160e+01,4.652160e+01,4.652160e+01,4.703690e+01,4.699928e+01,4.696163e+01,4.645860e+01,4.645860e+01,4.645860e+01,4.645860e+01,4.645860e+01,4.645860e+01,4.645860e+01,4.645860e+01,4.645860e+01,4.645860e+01,4.645860e+01,4.645860e+01,4.613049e+01,4.613049e+01,4.561123e+01,4.559853e+01,4.559853e+01,4.611785e+01,4.556044e+01,4.556044e+01,4.556044e+01,4.556044e+01,4.556044e+01,4.556044e+01,4.556044e+01,4.556044e+01,4.556044e+01,4.556044e+01,4.503866e+01,4.503866e+01,4.503866e+01,4.503866e+01,4.503866e+01,4.503866e+01,4.503866e+01,4.503866e+01,4.497487e+01,4.533165e+01,4.473215e+01,4.480885e+01,4.468099e+01,4.468099e+01,4.468099e+01,4.468099e+01,4.468099e+01,4.468099e+01,4.468099e+01,4.468099e+01,4.432222e+01,4.432222e+01,4.432222e+01,4.432222e+01,4.432222e+01,4.432222e+01,4.432222e+01,4.427088e+01,4.370461e+01,4.370461e+01,4.370461e+01,4.370461e+01,4.370461e+01,4.370461e+01,4.322629e+01,4.322629e+01
3.571575e+01,3.628214e+01,3.629592e+01,3.629592e+01,3.629592e+01,3.629592e+01,3.629592e+01,3.629592e+01,3.685933e+01,3.632347e+01,3.655737e+01,3.711944e+01,3.711944e+01,3.711944e+01,3.711944e+01,3.711944e+01,3.746076e+01,3.746076e+01,3.746076e+01,3.746076e+01,3.746076e+01,3.801826e+01,3.803182e+01,3.803182e+01,3.803182e+01,3.803182e+01,3.803182e+01,3.803182e+01,3.803182e+01,3.803182e+01,3.845144e+01,3.845144e+01,3.845144e+01,3.900400e+01,3.900400e+01,3.900400e+01,3.900400e+01,3.900400e+01,3.900400e+01,3.955385e+01,3.905777e+01,3.915179e+01,3.915179e+01,3.970091e+01,3.982109e+01,3.982109e+01,3.982109e+01,3.982109e+01,3.982109e+01,3.982109e+01,3.982109e+01,3.982109e+01,3.982109e+01,3.982109e+01,3.982109e+01,4.036697e+01,4.031383e+01,4.026067e+01,4.024737e+01,4.030054e+01,4.045991e+01,4.045991e+01,4.045991e+01,4.045991e+01,4.045991e+01,4.045991e+01,4.045991e+01,4.045991e+01,4.045991e+01,4.045991e+01,4.045991e+01,4.045991e+01,4.045991e+01,3.991448e+01,3.996781e+01,3.998114e+01,3.999446e+01,4.000779e+01,4.002111e+01,4.003443e+01,4.004775e+01,4.006107e+01,4.007439e+01,4.008770e+01,4.008770e+01,4.008770e+01,4.008770e+01,4.008770e+01,4.008770e+01,4.008770e+01,4.008770e+01,4.008770e+01,4.008770e+01,4.008770e+01,4.064555e+01,4.064555e+01,4.064555e+01,4.064555e+01,4.064555e+01,4.102913e+01,4.102913e+01,4.102913e+01,4.102913e+01,4.102913e+01,4.102913e+01,4.152981e+01,4.098951e+01,4.158238e+01,4.158238e+01,4.158238e+01,4.158238e+01,4.158238e+01,4.191043e+01,4.211989e+01,4.217220e+01,4.223754e+01,4.226367e+01,4.227673e+01,4.228979e+01,4.230285e+01,4.232896e+01,4.257675e+01,4.258978e+01,4.260281e+01,4.261583e+01,4.271996e+01,4.282401e+01,4.342044e+01,4.342044e+01,4.342044e+01,4.342044e+01,4.354969e+01,4.362718e+01,4.370461e+01,4.433505e+01,4.394947e+01,4.450174e+01,4.450174e+01,4.450174e+01,4.450174e+01,4.450174e+01,4.471936e+01,4.479607e+01,4.492382e+01,4.517888e+01,4.528075e+01,4.531893e+01,4.545882e+01,4.563661e+01,4.567467e+01,4.582681e+01,4.578879e+01,4.602935e+01,4.581414e+01,4.591546e+01,4.599140e+01,4.606729e+01,4.614313e+01,4.621892e+01,4.623154e+01,4.624417e+01,4.625679e+01,4.634513e+01,4.644600e+01,4.703690e+01,4.659715e+01,4.678581e+01,4.688631e+01,4.692398e+01,4.696163e+01,4.702436e+01,4.718731e+01,4.738755e+01,4.750004e+01,4.731250e+01,4.701182e+01,4.712466e+01,4.742506e+01,4.750004e+01,4.757497e+01,4.764986e+01,4.772470e+01,4.728747e+01,4.786179e+01,4.788669e+01,4.791159e+01,4.793649e+01,4.745005e+01,4.752502e+01,4.759994e+01,4.772470e+01,4.794894e+01,4.798627e+01,4.768728e+01,4.784933e+01,4.798627e+01,4.814791e+01,4.824728e+01,4.830934e+01,4.834657e+01,4.834657e+01,4.834657e+01,4.834657e+01,4.834657e+01,4.834657e+01,4.834657e+01,4.834657e+01,4.834657e+01,4.834657e+01,4.834657e+01,4.834657e+01,4.834657e+01,4.834657e+01,4.834657e+01,4.834657e+01,4.834657e+01,4.880469e+01,4.887882e+01,4.844577e+01,4.850772e+01,4.856965e+01,4.863155e+01,4.869342e+01,4.875525e+01,4.881705e+01,4.887882e+01,4.843337e+01,4.848294e+01,4.853250e+01,4.858204e+01,4.863155e+01,4.868105e+01,4.873052e+01,4.877997e+01,4.905161e+01,4.910093e+01,4.868105e+01,4.871815e+01,4.875525e+01,4.879233e+01,4.882941e+01,4.886647e+01,4.890352e+01,4.894056e+01,4.897758e+01,4.901460e+01,4.854489e+01,4.858204e+01,4.861917e+01,4.865630e+01,4.869342e+01,4.873052e+01,4.876761e+01,4.880469e+01,4.884176e+01,4.887882e+01,4.891587e+01,4.895290e+01,4.898993e+01,4.902694e+01,4.906394e+01,4.910093e+01,4.863155e+01,4.865630e+01,4.868105e+01,4.870578e+01,4.873052e+01,4.875525e+01,4.877997e+01,4.880469e+01,4.882941e+01,4.885411e+01,4.887882e+01,4.890352e+01,4.892821e+01,4.895290e+01,4.897758e+01,4.900227e+01,4.902694e+01,4.905161e+01,4.918720e+01,4.938415e+01,4.942104e+01,4.940875e+01,4.955622e+01,4.972805e+01,4.971579e+01,4.971579e+01,4.971579e+01,4.971579e+01,4.971579e+01,4.971579e+01,4.971579e+01,4.971579e+01,4.971579e+01,4.971579e+01,4.971579e+01,4.971579e+01,4.971579e+01,4.971579e+01,4.971579e+01,4.996087e+01,4.994862e+01,4.993638e+01,5.002206e+01,5.010767e+01,5.014435e+01,5.018102e+01,5.021767e+01,4.983839e+01,5.002206e+01,5.000982e+01,5.007099e+01,5.014435e+01,5.020545e+01,5.027873e+01,5.032756e+01,5.033977e+01,5.004652e+01,5.011990e+01,5.015657e+01,5.014435e+01,5.021767e+01,5.027873e+01,5.035197e+01,5.042516e+01,4.998534e+01,5.005876e+01,5.027873e+01,5.027873e+01,5.031536e+01,5.037637e+01,5.042516e+01,5.051050e+01,5.052269e+01,5.055924e+01,5.055924e+01,5.055924e+01,5.055924e+01,5.055924e+01,5.055924e+01,5.055924e+01,5.055924e+01,5.055924e+01,5.055924e+01,5.055924e+01,5.055924e+01,5.055924e+01,5.055924e+01,5.055924e+01,5.055924e+01,5.055924e+01,5.055924e+01,5.055924e+01,5.055924e+01,5.055924e+01,5.055924e+01,5.096059e+01,5.097273e+01,5.048612e+01,5.048612e+01,5.048612e+01,5.047393e+01,5.046174e+01,5.048612e+01,5.051050e+01,5.057142e+01,5.063231e+01,5.068100e+01,5.066883e+01,5.066883e+01,5.016879e+01,5.018102e+01,5.019323e+01,5.022988e+01,5.025431e+01,4.974032e+01,4.975258e+01,4.975258e+01,4.924878e+01,4.923647e+01,4.921183e+01,4.921183e+01,4.921183e+01,4.921183e+01,4.869342e+01,4.866867e+01,4.866867e+01,4.866867e+01,4.866867e+01,4.860680e+01,4.849534e+01,4.798627e+01,4.798627e+01,4.796139e+01,4.788669e+01,4.737504e+01,4.737504e+01,4.735003e+01,4.679838e+01,4.679838e+01,4.677325e+01,4.672296e+01,4.672296e+01,4.620629e+01,4.614313e+01,4.614313e+01,4.614313e+01,4.562392e+01,4.554774e+01,4.554774e+01,4.554774e+01,4.502591e+01,4.494934e+01,4.494934e+01,4.494934e+01,4.494934e+01,4.494934e+01,4.442484e+01,4.442484e+01,4.442484e+01,4.442484e+01,4.442484e+01,4.442484e+01,4.442484e+01,4.442484e+01,4.442484e+01,4.442484e+01,4.442484e+01,4.439919e+01,4.425804e+01,4.425804e+01,4.425804e+01,4.425804e+01,4.425804e+01,4.425804e+01,4.373041e+01,4.423236e+01,4.351093e+01,4.351093e+01,4.351093e+01,4.351093e+01,4.320038e+01,4.320038e+01,4.320038e+01,4.320038e+01,4.320038e+01,4.320038e+01,4.320038e+01,4.320038e+01,4.320038e+01,4.320038e+01,4.320038e+01,4.320038e+01,4.354969e+01,4.354969e+01,4.407814e+01,4.403955e+01,4.393660e+01,4.400096e+01,4.446329e+01,4.446329e+01,4.446329e+01,4.446329e+01,4.446329e+01,4.446329e+01,4.487273e+01,4.487273e+01,4.487273e+01,4.487273e+01,4.539525e+01,4.487273e+01,4.545882e+01,4.549694e+01,4.549694e+01,4.549694e+01,4.549694e+01,4.549694e+01,4.549694e+01,4.549694e+01,4.601670e+01,4.605464e+01,4.605464e+01,4.605464e+01,4.605464e+01,4.605464e+01,4.657197e+01,4.655938e+01,4.654679e+01,4.655938e+01,4.659715e+01,4.659715e+01,4.659715e+01,4.659715e+01,4.711213e+01,4.712466e+01,4.716225e+01,4.716225e+01,4.716225e+01,4.767481e+01,4.768728e+01,4.772470e+01,4.772470e+01,4.772470e+01,4.772470e+01,4.772470e+01,4.772470e+01,4.823487e+01,4.771223e+01,4.822245e+01,4.819761e+01,4.817276e+01,4.763738e+01,4.814791e+01,4.759994e+01,4.759994e+01,4.759994e+01,4.759994e+01,4.759994e+01,4.759994e+01,4.759994e+01,4.759994e+01,4.759994e+01,4.759994e+01,4.759994e+01,4.759994e+01,4.759994e+01,4.759994e+01,4.759994e+01,4.759994e+01,4.759994e+01,4.759994e+01,4.708706e+01,4.708706e+01,4.708706e+01,4.701182e+01,4.727495e+01,4.723740e+01,4.719983e+01,4.716225e+01,4.712466e+01,4.660974e+01,4.660974e+01,4.660974e+01,4.660974e+01,4.660974e+01,4.660974e+01,4.660974e+01,4.660974e+01,4.660974e+01,4.660974e+01,4.660974e+01,4.614313e+01,4.614313e+01,4.666007e+01,4.662232e+01,4.658456e+01,4.654679e+01,4.653419e+01,4.652160e+01,4.650900e+01,4.649640e+01,4.648381e+01,4.657197e+01,4.653419e+01,4.653419e+01,4.653419e+01,4.653419e+01,4.653419e+01,4.653419e+01,4.653419e+01,4.704945e+01,4.706199e+01,4.709959e+01,4.709959e+01,4.709959e+01,4.709959e+01,4.697418e+01,4.642079e+01,4.642079e+01,4.642079e+01,4.642079e+01,4.642079e+01,4.642079e+01,4.642079e+01,4.642079e+01,4.642079e+01,4.642079e+01,4.642079e+01,4.613049e+01,4.592812e+01,4.590280e+01,4.596609e+01,4.591546e+01,4.587748e+01,4.586481e+01,4.585214e+01,4.583948e+01,4.582681e+01,4.529348e+01,4.531893e+01,4.531893e+01,4.531893e+01,4.531893e+01,4.531893e+01,4.531893e+01,4.531893e+01,4.531893e+01,4.531893e+01,4.531893e+01,4.531893e+01,4.531893e+01,4.531893e+01,4.479607e+01,4.469378e+01,4.469378e+01,4.469378e+01,4.469378e+01,4.469378e+01,4.469378e+01,4.469378e+01,4.469378e+01,4.469378e+01,4.469378e+01,4.469378e+01,4.469378e+01,4.469378e+01,4.432222e+01,4.432222e+01,4.432222e+01,4.432222e+01,4.379488e+01,4.366590e+01,4.366590e+01,4.366590e+01,4.366590e+01,4.366590e+01,4.366590e+01,4.366590e+01,4.322629e+01
3.579882e+01,3.593713e+01,3.597859e+01,3.600622e+01,3.603384e+01,3.659860e+01,3.657112e+01,3.665354e+01,3.663980e+01,3.666727e+01,3.673590e+01,3.733801e+01,3.677706e+01,3.736530e+01,3.736530e+01,3.736530e+01,3.736530e+01,3.736530e+01,3.736530e+01,3.792327e+01,3.793685e+01,3.805894e+01,3.805894e+01,3.805894e+01,3.805894e+01,3.805894e+01,3.805894e+01,3.805894e+01,3.805894e+01,3.805894e+01,3.805894e+01,3.845144e+01,3.853247e+01,3.868088e+01,3.870784e+01,3.873480e+01,3.873480e+01,3.873480e+01,3.873480e+01,3.900400e+01,3.951371e+01,3.946016e+01,3.952709e+01,3.911150e+01,3.928597e+01,3.988781e+01,3.988781e+01,3.988781e+01,3.988781e+01,3.988781e+01,3.988781e+01,3.988781e+01,3.988781e+01,3.988781e+01,3.988781e+01,3.988781e+01,3.988781e+01,3.988781e+01,3.988781e+01,4.030054e+01,4.030054e+01,4.030054e+01,4.030054e+01,4.030054e+01,4.030054e+01,4.030054e+01,4.030054e+01,4.030054e+01,4.030054e+01,4.030054e+01,4.030054e+01,4.030054e+01,4.030054e+01,4.030054e+01,4.030054e+01,4.030054e+01,4.030054e+01,4.030054e+01,4.030054e+01,4.030054e+01,4.030054e+01,3.975434e+01,3.979440e+01,3.983444e+01,3.983444e+01,3.983444e+01,3.983444e+01,3.983444e+01,3.983444e+01,4.038025e+01,4.035369e+01,4.035369e+01,4.035369e+01,4.035369e+01,4.035369e+01,4.035369e+01,4.035369e+01,4.035369e+01,4.064555e+01,4.088379e+01,4.088379e+01,4.088379e+01,4.088379e+01,4.088379e+01,4.088379e+01,4.088379e+01,4.142458e+01,4.106874e+01,4.167433e+01,4.113472e+01,4.173996e+01,4.184489e+01,4.176620e+01,4.176620e+01,4.176620e+01,4.176620e+01,4.226367e+01,4.226367e+01,4.226367e+01,4.226367e+01,4.226367e+01,4.226367e+01,4.226367e+01,4.226367e+01,4.226367e+01,4.271996e+01,4.236813e+01,4.262885e+01,4.270695e+01,4.331693e+01,4.331693e+01,4.384644e+01,4.382066e+01,4.388509e+01,4.397522e+01,4.405242e+01,4.419382e+01,4.421951e+01,4.424520e+01,4.424520e+01,4.477051e+01,4.474494e+01,4.474494e+01,4.474494e+01,4.474494e+01,4.474494e+01,4.474494e+01,4.474494e+01,4.511517e+01,4.524256e+01,4.548423e+01,4.550964e+01,4.525529e+01,4.534438e+01,4.553505e+01,4.562392e+01,4.571273e+01,4.580146e+01,4.589014e+01,4.591546e+01,4.594078e+01,4.596609e+01,4.606729e+01,4.576344e+01,4.600405e+01,4.597874e+01,4.625679e+01,4.644600e+01,4.657197e+01,4.610521e+01,4.625679e+01,4.650900e+01,4.628204e+01,4.699928e+01,4.694908e+01,4.691143e+01,4.712466e+01,4.677325e+01,4.693653e+01,4.709959e+01,4.674810e+01,4.732501e+01,4.697418e+01,4.716225e+01,4.727495e+01,4.738755e+01,4.688631e+01,4.737504e+01,4.737504e+01,4.737504e+01,4.737504e+01,4.737504e+01,4.737504e+01,4.737504e+01,4.784933e+01,4.784933e+01,4.763738e+01,4.731250e+01,4.745005e+01,4.756248e+01,4.763738e+01,4.771223e+01,4.778703e+01,4.786179e+01,4.793649e+01,4.750004e+01,4.756248e+01,4.813549e+01,4.813549e+01,4.813549e+01,4.813549e+01,4.762490e+01,4.769976e+01,4.777457e+01,4.784933e+01,4.798627e+01,4.806091e+01,4.812306e+01,4.811063e+01,4.818519e+01,4.825970e+01,4.782441e+01,4.796139e+01,4.809820e+01,4.823487e+01,4.828452e+01,4.827211e+01,4.827211e+01,4.827211e+01,4.827211e+01,4.827211e+01,4.827211e+01,4.827211e+01,4.827211e+01,4.827211e+01,4.827211e+01,4.827211e+01,4.827211e+01,4.827211e+01,4.827211e+01,4.827211e+01,4.827211e+01,4.827211e+01,4.827211e+01,4.827211e+01,4.827211e+01,4.827211e+01,4.827211e+01,4.827211e+01,4.827211e+01,4.827211e+01,4.827211e+01,4.827211e+01,4.827211e+01,4.827211e+01,4.827211e+01,4.827211e+01,4.827211e+01,4.827211e+01,4.827211e+01,4.827211e+01,4.827211e+01,4.827211e+01,4.827211e+01,4.827211e+01,4.827211e+01,4.827211e+01,4.827211e+01,4.827211e+01,4.827211e+01,4.827211e+01,4.827211e+01,4.827211e+01,4.827211e+01,4.827211e+01,4.827211e+01,4.847055e+01,4.856965e+01,4.866867e+01,4.869342e+01,4.882941e+01,4.902694e+01,4.906394e+01,4.906394e+01,4.921183e+01,4.887882e+01,4.895290e+01,4.902694e+01,4.910093e+01,4.917488e+01,4.924878e+01,4.932264e+01,4.931033e+01,4.938415e+01,4.937185e+01,4.935955e+01,4.934724e+01,4.933494e+01,4.932264e+01,4.931033e+01,4.938415e+01,4.961762e+01,4.960534e+01,4.959306e+01,4.966671e+01,4.923647e+01,4.934724e+01,4.945792e+01,4.944563e+01,4.948251e+01,4.964217e+01,4.961762e+01,4.965444e+01,4.980162e+01,4.983839e+01,4.938415e+01,4.950708e+01,4.947022e+01,4.950708e+01,4.965444e+01,4.976484e+01,4.972805e+01,4.987514e+01,4.989964e+01,4.993638e+01,4.949480e+01,4.948251e+01,4.962989e+01,4.992413e+01,4.988739e+01,4.988739e+01,4.951937e+01,4.962989e+01,4.977710e+01,4.985064e+01,4.994862e+01,5.000982e+01,5.007099e+01,5.013213e+01,4.969125e+01,4.975258e+01,4.981388e+01,4.987514e+01,4.993638e+01,4.999758e+01,5.005876e+01,5.011990e+01,5.018102e+01,5.014435e+01,5.020545e+01,5.016879e+01,5.013213e+01,5.019323e+01,5.015657e+01,5.021767e+01,5.018102e+01,5.027873e+01,5.030315e+01,5.029094e+01,5.027873e+01,5.027873e+01,5.027873e+01,5.027873e+01,5.027873e+01,5.027873e+01,5.027873e+01,5.007099e+01,4.969125e+01,4.978936e+01,4.983839e+01,4.981388e+01,4.980162e+01,4.977710e+01,4.983839e+01,4.933494e+01,4.933494e+01,4.932264e+01,4.938415e+01,4.932264e+01,4.923647e+01,4.923647e+01,4.873052e+01,4.877997e+01,4.882941e+01,4.876761e+01,4.868105e+01,4.817276e+01,4.822245e+01,4.827211e+01,4.823487e+01,4.777457e+01,4.774963e+01,4.773717e+01,4.773717e+01,4.722488e+01,4.719983e+01,4.718731e+01,4.718731e+01,4.667265e+01,4.666007e+01,4.666007e+01,4.666007e+01,4.614313e+01,4.611785e+01,4.610521e+01,4.610521e+01,4.558584e+01,4.556044e+01,4.554774e+01,4.554774e+01,4.502591e+01,4.500039e+01,4.498763e+01,4.498763e+01,4.498763e+01,4.498763e+01,4.498763e+01,4.446329e+01,4.441201e+01,4.441201e+01,4.441201e+01,4.441201e+01,4.441201e+01,4.441201e+01,4.441201e+01,4.441201e+01,4.441201e+01,4.441201e+01,4.441201e+01,4.441201e+01,4.441201e+01,4.441201e+01,4.441201e+01,4.441201e+01,4.388509e+01,4.382066e+01,4.376910e+01,4.384644e+01,4.356261e+01,4.356261e+01,4.356261e+01,4.356261e+01,4.356261e+01,4.320038e+01,4.320038e+01,4.320038e+01,4.320038e+01,4.320038e+01,4.320038e+01,4.320038e+01,4.320038e+01,4.320038e+01,4.373041e+01,4.378199e+01,4.374331e+01,4.380777e+01,4.376910e+01,4.425804e+01,4.425804e+01,4.425804e+01,4.425804e+01,4.425804e+01,4.478329e+01,4.482163e+01,4.485996e+01,4.494934e+01,4.491105e+01,4.491105e+01,4.543340e+01,4.545882e+01,4.542068e+01,4.528075e+01,4.540797e+01,4.540797e+01,4.540797e+01,4.592812e+01,4.589014e+01,4.592812e+01,4.589014e+01,4.595344e+01,4.602935e+01,4.602935e+01,4.654679e+01,4.650900e+01,4.647121e+01,4.649640e+01,4.658456e+01,4.658456e+01,4.658456e+01,4.658456e+01,4.709959e+01,4.706199e+01,4.702436e+01,4.704945e+01,4.712466e+01,4.712466e+01,4.712466e+01,4.763738e+01,4.766233e+01,4.768728e+01,4.768728e+01,4.768728e+01,4.819761e+01,4.816034e+01,4.812306e+01,4.816034e+01,4.818519e+01,4.819761e+01,4.808577e+01,4.817276e+01,4.817276e+01,4.817276e+01,4.817276e+01,4.817276e+01,4.817276e+01,4.817276e+01,4.817276e+01,4.817276e+01,4.817276e+01,4.817276e+01,4.811063e+01,4.807334e+01,4.803603e+01,4.799871e+01,4.803603e+01,4.799871e+01,4.803603e+01,4.748754e+01,4.799871e+01,4.752502e+01,4.752502e+01,4.752502e+01,4.752502e+01,4.752502e+01,4.752502e+01,4.752502e+01,4.752502e+01,4.752502e+01,4.719983e+01,4.719983e+01,4.719983e+01,4.719983e+01,4.719983e+01,4.712466e+01,4.707452e+01,4.650900e+01,4.650900e+01,4.650900e+01,4.650900e+01,4.650900e+01,4.650900e+01,4.650900e+01,4.650900e+01,4.650900e+01,4.650900e+01,4.650900e+01,4.650900e+01,4.650900e+01,4.650900e+01,4.650900e+01,4.650900e+01,4.650900e+01,4.650900e+01,4.650900e+01,4.650900e+01,4.650900e+01,4.650900e+01,4.650900e+01,4.702436e+01,4.696163e+01,4.698673e+01,4.706199e+01,4.706199e+01,4.706199e+01,4.706199e+01,4.706199e+01,4.706199e+01,4.654679e+01,4.692398e+01,4.634513e+01,4.686120e+01,4.678581e+01,4.629466e+01,4.629466e+01,4.629466e+01,4.629466e+01,4.629466e+01,4.629466e+01,4.629466e+01,4.629466e+01,4.629466e+01,4.590280e+01,4.590280e+01,4.590280e+01,4.590280e+01,4.590280e+01,4.590280e+01,4.590280e+01,4.590280e+01,4.581414e+01,4.521709e+01,4.521709e+01,4.521709e+01,4.521709e+01,4.521709e+01,4.521709e+01,4.521709e+01,4.521709e+01,4.521709e+01,4.521709e+01,4.521709e+01,4.521709e+01,4.521709e+01,4.521709e+01,4.521709e+01,4.521709e+01,4.469378e+01,4.469378e+01,4.469378e+01,4.469378e+01,4.469378e+01,4.469378e+01,4.469378e+01,4.469378e+01,4.469378e+01,4.469378e+01,4.416813e+01,4.420667e+01,4.420667e+01,4.420667e+01,4.420667e+01,4.420667e+01,4.420667e+01,4.366590e+01,4.366590e+01,4.366590e+01,4.366590e+01,4.366590e+01,4.366590e+01,4.366590e+01
3.579882e+01,3.636478e+01,3.637855e+01,3.639232e+01,3.646112e+01,3.654363e+01,3.654363e+01,3.654363e+01,3.654363e+01,3.710577e+01,3.717413e+01,3.713311e+01,3.718779e+01,3.731071e+01,3.731071e+01,3.731071e+01,3.731071e+01,3.731071e+01,3.786896e+01,3.792327e+01,3.792327e+01,3.792327e+01,3.792327e+01,3.792327e+01,3.792327e+01,3.792327e+01,3.792327e+01,3.792327e+01,3.792327e+01,3.847846e+01,3.857297e+01,3.853247e+01,3.853247e+01,3.853247e+01,3.853247e+01,3.908464e+01,3.909807e+01,3.911150e+01,3.912493e+01,3.919206e+01,3.919206e+01,3.917863e+01,3.915179e+01,3.962072e+01,3.964746e+01,3.983444e+01,3.983444e+01,3.983444e+01,3.983444e+01,3.983444e+01,3.983444e+01,3.983444e+01,3.983444e+01,3.983444e+01,3.983444e+01,4.038025e+01,4.028725e+01,4.030054e+01,4.039353e+01,4.035369e+01,4.035369e+01,4.035369e+01,4.035369e+01,4.035369e+01,4.035369e+01,4.035369e+01,4.035369e+01,4.035369e+01,4.035369e+01,4.035369e+01,4.035369e+01,4.035369e+01,4.035369e+01,4.035369e+01,4.035369e+01,4.035369e+01,4.035369e+01,4.035369e+01,4.035369e+01,4.035369e+01,3.980775e+01,4.030054e+01,4.020747e+01,4.022078e+01,4.023407e+01,4.024737e+01,4.026067e+01,4.027396e+01,4.030054e+01,4.036697e+01,3.982109e+01,3.991448e+01,4.000779e+01,4.053951e+01,3.999446e+01,3.999446e+01,4.053951e+01,4.064555e+01,4.067204e+01,4.067204e+01,4.067204e+01,4.067204e+01,4.067204e+01,4.067204e+01,4.067204e+01,4.067204e+01,4.088379e+01,4.098951e+01,4.120066e+01,4.117429e+01,4.142458e+01,4.154295e+01,4.155610e+01,4.155610e+01,4.209373e+01,4.162180e+01,4.180556e+01,4.189733e+01,4.191043e+01,4.192353e+01,4.193663e+01,4.194973e+01,4.249856e+01,4.249856e+01,4.249856e+01,4.249856e+01,4.249856e+01,4.249856e+01,4.249856e+01,4.278500e+01,4.292796e+01,4.305776e+01,4.314854e+01,4.330399e+01,4.348509e+01,4.365300e+01,4.380777e+01,4.384644e+01,4.388509e+01,4.398809e+01,4.367881e+01,4.429655e+01,4.387220e+01,4.397522e+01,4.460420e+01,4.460420e+01,4.460420e+01,4.460420e+01,4.460420e+01,4.460420e+01,4.460420e+01,4.460420e+01,4.525529e+01,4.525529e+01,4.525529e+01,4.525529e+01,4.525529e+01,4.525529e+01,4.525529e+01,4.525529e+01,4.525529e+01,4.525529e+01,4.554774e+01,4.558584e+01,4.558584e+01,4.558584e+01,4.558584e+01,4.558584e+01,4.605464e+01,4.606729e+01,4.606729e+01,4.606729e+01,4.606729e+01,4.606729e+01,4.643340e+01,4.653419e+01,4.614313e+01,4.618103e+01,4.644600e+01,4.655938e+01,4.666007e+01,4.637035e+01,4.640818e+01,4.669781e+01,4.691143e+01,4.696163e+01,4.640818e+01,4.657197e+01,4.667265e+01,4.677325e+01,4.687376e+01,4.697418e+01,4.698673e+01,4.708706e+01,4.717478e+01,4.676068e+01,4.671038e+01,4.674810e+01,4.698673e+01,4.719983e+01,4.728747e+01,4.686120e+01,4.703690e+01,4.721236e+01,4.726244e+01,4.727495e+01,4.740005e+01,4.714972e+01,4.724992e+01,4.735003e+01,4.732501e+01,4.733752e+01,4.742506e+01,4.751253e+01,4.759994e+01,4.759994e+01,4.759994e+01,4.759994e+01,4.759994e+01,4.759994e+01,4.759994e+01,4.759994e+01,4.759994e+01,4.759994e+01,4.759994e+01,4.759994e+01,4.759994e+01,4.759994e+01,4.759994e+01,4.759994e+01,4.759994e+01,4.759994e+01,4.759994e+01,4.759994e+01,4.759994e+01,4.759994e+01,4.759994e+01,4.759994e+01,4.759994e+01,4.759994e+01,4.759994e+01,4.759994e+01,4.759994e+01,4.759994e+01,4.759994e+01,4.759994e+01,4.759994e+01,4.759994e+01,4.759994e+01,4.759994e+01,4.759994e+01,4.759994e+01,4.759994e+01,4.759994e+01,4.759994e+01,4.759994e+01,4.759994e+01,4.759994e+01,4.759994e+01,4.759994e+01,4.759994e+01,4.759994e+01,4.759994e+01,4.759994e+01,4.759994e+01,4.759994e+01,4.759994e+01,4.759994e+01,4.759994e+01,4.759994e+01,4.759994e+01,4.759994e+01,4.776210e+01,4.786179e+01,4.796139e+01,4.797383e+01,4.818519e+01,4.829693e+01,4.789914e+01,4.802359e+01,4.825970e+01,4.804847e+01,4.817276e+01,4.825970e+01,4.835897e+01,4.839618e+01,4.855727e+01,4.863155e+01,4.819761e+01,4.835897e+01,4.852011e+01,4.868105e+01,4.876761e+01,4.892821e+01,4.850772e+01,4.858204e+01,4.865630e+01,4.873052e+01,4.880469e+01,4.887882e+01,4.902694e+01,4.874289e+01,4.881705e+01,4.889117e+01,4.894056e+01,4.895290e+01,4.903927e+01,4.912558e+01,4.910093e+01,4.911326e+01,4.924878e+01,4.871815e+01,4.882941e+01,4.905161e+01,4.906394e+01,4.907627e+01,4.916256e+01,4.912558e+01,4.912558e+01,4.923647e+01,4.891587e+01,4.898993e+01,4.921183e+01,4.931033e+01,4.881705e+01,4.882941e+01,4.890352e+01,4.917488e+01,4.935955e+01,4.892821e+01,4.938415e+01,4.891587e+01,4.908860e+01,4.929802e+01,4.943334e+01,4.959306e+01,4.911326e+01,4.923647e+01,4.926109e+01,4.927340e+01,4.939645e+01,4.940875e+01,4.953165e+01,4.954394e+01,4.955622e+01,4.967898e+01,4.969125e+01,4.981388e+01,4.976484e+01,4.977710e+01,4.983839e+01,4.978936e+01,4.980162e+01,4.975258e+01,4.937185e+01,4.942104e+01,4.956850e+01,4.964217e+01,4.969125e+01,4.974032e+01,4.978936e+01,4.983839e+01,4.938415e+01,4.942104e+01,4.945792e+01,4.949480e+01,4.945792e+01,4.948251e+01,4.948251e+01,4.948251e+01,4.948251e+01,4.948251e+01,4.927340e+01,4.929802e+01,4.931033e+01,4.880469e+01,4.884176e+01,4.894056e+01,4.897758e+01,4.892821e+01,4.886647e+01,4.877997e+01,4.827211e+01,4.835897e+01,4.839618e+01,4.833416e+01,4.771223e+01,4.779949e+01,4.788669e+01,4.782441e+01,4.727495e+01,4.731250e+01,4.735003e+01,4.728747e+01,4.722488e+01,4.722488e+01,4.671038e+01,4.667265e+01,4.667265e+01,4.615576e+01,4.619366e+01,4.615576e+01,4.614313e+01,4.614313e+01,4.562392e+01,4.558584e+01,4.558584e+01,4.506417e+01,4.510242e+01,4.506417e+01,4.502591e+01,4.502591e+01,4.502591e+01,4.450174e+01,4.454018e+01,4.457859e+01,4.451455e+01,4.446329e+01,4.446329e+01,4.446329e+01,4.446329e+01,4.446329e+01,4.446329e+01,4.446329e+01,4.446329e+01,4.446329e+01,4.393660e+01,4.397522e+01,4.401382e+01,4.448893e+01,4.396235e+01,4.400096e+01,4.396235e+01,4.392372e+01,4.388509e+01,4.388509e+01,4.388509e+01,4.335576e+01,4.338164e+01,4.338164e+01,4.338164e+01,4.338164e+01,4.338164e+01,4.338164e+01,4.338164e+01,4.338164e+01,4.338164e+01,4.338164e+01,4.338164e+01,4.338164e+01,4.338164e+01,4.338164e+01,4.338164e+01,4.378199e+01,4.378199e+01,4.378199e+01,4.430939e+01,4.430939e+01,4.430939e+01,4.483441e+01,4.479607e+01,4.483441e+01,4.483441e+01,4.483441e+01,4.483441e+01,4.483441e+01,4.535710e+01,4.539525e+01,4.543340e+01,4.543340e+01,4.543340e+01,4.543340e+01,4.595344e+01,4.591546e+01,4.595344e+01,4.595344e+01,4.595344e+01,4.595344e+01,4.595344e+01,4.647121e+01,4.643340e+01,4.649640e+01,4.654679e+01,4.654679e+01,4.654679e+01,4.654679e+01,4.654679e+01,4.654679e+01,4.706199e+01,4.709959e+01,4.709959e+01,4.709959e+01,4.709959e+01,4.709959e+01,4.761242e+01,4.757497e+01,4.761242e+01,4.763738e+01,4.814791e+01,4.811063e+01,4.807334e+01,4.813549e+01,4.819761e+01,4.870578e+01,4.863155e+01,4.859442e+01,4.855727e+01,4.859442e+01,4.852011e+01,4.848294e+01,4.852011e+01,4.855727e+01,4.859442e+01,4.855727e+01,4.859442e+01,4.855727e+01,4.808577e+01,4.808577e+01,4.808577e+01,4.808577e+01,4.808577e+01,4.808577e+01,4.808577e+01,4.808577e+01,4.808577e+01,4.808577e+01,4.808577e+01,4.808577e+01,4.808577e+01,4.808577e+01,4.808577e+01,4.752502e+01,4.752502e+01,4.752502e+01,4.752502e+01,4.752502e+01,4.752502e+01,4.752502e+01,4.752502e+01,4.752502e+01,4.752502e+01,4.719983e+01,4.719983e+01,4.719983e+01,4.719983e+01,4.719983e+01,4.702436e+01,4.698673e+01,4.694908e+01,4.691143e+01,4.693653e+01,4.689887e+01,4.640818e+01,4.640818e+01,4.640818e+01,4.692398e+01,4.688631e+01,4.638297e+01,4.689887e+01,4.689887e+01,4.689887e+01,4.689887e+01,4.689887e+01,4.689887e+01,4.689887e+01,4.689887e+01,4.689887e+01,4.696163e+01,4.702436e+01,4.702436e+01,4.702436e+01,4.702436e+01,4.702436e+01,4.702436e+01,4.702436e+01,4.702436e+01,4.702436e+01,4.702436e+01,4.702436e+01,4.702436e+01,4.650900e+01,4.696163e+01,4.679838e+01,4.676068e+01,4.620629e+01,4.620629e+01,4.620629e+01,4.620629e+01,4.620629e+01,4.620629e+01,4.620629e+01,4.620629e+01,4.620629e+01,4.620629e+01,4.590280e+01,4.590280e+01,4.590280e+01,4.590280e+01,4.590280e+01,4.590280e+01,4.573809e+01,4.568736e+01,4.563661e+01,4.558584e+01,4.558584e+01,4.558584e+01,4.558584e+01,4.558584e+01,4.506417e+01,4.506417e+01,4.506417e+01,4.506417e+01,4.506417e+01,4.506417e+01,4.506417e+01,4.506417e+01,4.506417e+01,4.506417e+01,4.506417e+01,4.506417e+01,4.506417e+01,4.469378e+01,4.469378e+01,4.469378e+01,4.469378e+01,4.469378e+01,4.469378e+01,4.420667e+01,4.420667e+01,4.420667e+01,4.420667e+01,4.420667e+01,4.420667e+01,4.420667e+01,4.366590e+01,4.366590e+01,4.366590e+01,4.366590e+01,4.366590e+01,4.366590e+01
3.643361e+01,3.643361e+01,3.643361e+01,3.643361e+01,3.643361e+01,3.643361e+01,3.643361e+01,3.643361e+01,3.699631e+01,3.654363e+01,3.666727e+01,3.672218e+01,3.735165e+01,3.735165e+01,3.735165e+01,3.735165e+01,3.735165e+01,3.735165e+01,3.735165e+01,3.792327e+01,3.792327e+01,3.792327e+01,3.792327e+01,3.792327e+01,3.792327e+01,3.792327e+01,3.792327e+01,3.792327e+01,3.847846e+01,3.846495e+01,3.846495e+01,3.846495e+01,3.846495e+01,3.846495e+01,3.846495e+01,3.908464e+01,3.908464e+01,3.908464e+01,3.908464e+01,3.908464e+01,3.908464e+01,3.963409e+01,3.964746e+01,3.963409e+01,3.963409e+01,3.963409e+01,3.963409e+01,3.963409e+01,3.963409e+01,3.963409e+01,3.963409e+01,4.018087e+01,4.015426e+01,4.012764e+01,4.018087e+01,4.034040e+01,3.979440e+01,3.986113e+01,4.000779e+01,4.003443e+01,4.006107e+01,4.008770e+01,4.008770e+01,4.008770e+01,4.008770e+01,4.008770e+01,4.008770e+01,4.008770e+01,4.008770e+01,4.008770e+01,4.008770e+01,4.008770e+01,4.008770e+01,4.008770e+01,4.008770e+01,4.008770e+01,4.008770e+01,4.008770e+01,4.008770e+01,4.008770e+01,4.008770e+01,4.008770e+01,4.008770e+01,4.008770e+01,4.008770e+01,4.008770e+01,4.008770e+01,4.008770e+01,4.008770e+01,4.008770e+01,4.008770e+01,4.008770e+01,4.008770e+01,4.008770e+01,4.008770e+01,4.008770e+01,4.008770e+01,4.008770e+01,4.008770e+01,4.067204e+01,4.012764e+01,4.072502e+01,4.072502e+01,4.072502e+01,4.072502e+01,4.072502e+01,4.072502e+01,4.072502e+01,4.072502e+01,4.117429e+01,4.117429e+01,4.117429e+01,4.117429e+01,4.117429e+01,4.155610e+01,4.156924e+01,4.156924e+01,4.156924e+01,4.156924e+01,4.156924e+01,4.156924e+01,4.194973e+01,4.215912e+01,4.218526e+01,4.221141e+01,4.223754e+01,4.223754e+01,4.223754e+01,4.277200e+01,4.281101e+01,4.281101e+01,4.281101e+01,4.281101e+01,4.281101e+01,4.281101e+01,4.312261e+01,4.334282e+01,4.344630e+01,4.351093e+01,4.351093e+01,4.361427e+01,4.384644e+01,4.385932e+01,4.403955e+01,4.374331e+01,4.433505e+01,4.436071e+01,4.436071e+01,4.436071e+01,4.436071e+01,4.436071e+01,4.436071e+01,4.436071e+01,4.436071e+01,4.473215e+01,4.480885e+01,4.488551e+01,4.491105e+01,4.493658e+01,4.496211e+01,4.498763e+01,4.501315e+01,4.516614e+01,4.522983e+01,4.525529e+01,4.528075e+01,4.530621e+01,4.540797e+01,4.553505e+01,4.562392e+01,4.570004e+01,4.572541e+01,4.575077e+01,4.577612e+01,4.545882e+01,4.552234e+01,4.554774e+01,4.571273e+01,4.586481e+01,4.553505e+01,4.611785e+01,4.562392e+01,4.578879e+01,4.596609e+01,4.572541e+01,4.585214e+01,4.586481e+01,4.607993e+01,4.623154e+01,4.638297e+01,4.599140e+01,4.614313e+01,4.620629e+01,4.635774e+01,4.640818e+01,4.642079e+01,4.643340e+01,4.648381e+01,4.621892e+01,4.648381e+01,4.653419e+01,4.654679e+01,4.672296e+01,4.638297e+01,4.648381e+01,4.654679e+01,4.672296e+01,4.677325e+01,4.686120e+01,4.694908e+01,4.693653e+01,4.693653e+01,4.701182e+01,4.663491e+01,4.677325e+01,4.682351e+01,4.687376e+01,4.692398e+01,4.697418e+01,4.702436e+01,4.707452e+01,4.660974e+01,4.664749e+01,4.668523e+01,4.672296e+01,4.676068e+01,4.679838e+01,4.683607e+01,4.687376e+01,4.691143e+01,4.694908e+01,4.698673e+01,4.702436e+01,4.654679e+01,4.657197e+01,4.659715e+01,4.662232e+01,4.664749e+01,4.667265e+01,4.669781e+01,4.672296e+01,4.674810e+01,4.677325e+01,4.679838e+01,4.682351e+01,4.684864e+01,4.687376e+01,4.689887e+01,4.692398e+01,4.694908e+01,4.697418e+01,4.699928e+01,4.702436e+01,4.704945e+01,4.707452e+01,4.709959e+01,4.712466e+01,4.714972e+01,4.717478e+01,4.719983e+01,4.718731e+01,4.721236e+01,4.719983e+01,4.718731e+01,4.721236e+01,4.719983e+01,4.718731e+01,4.721236e+01,4.719983e+01,4.718731e+01,4.721236e+01,4.719983e+01,4.735003e+01,4.747505e+01,4.756248e+01,4.756248e+01,4.728747e+01,4.737504e+01,4.738755e+01,4.753751e+01,4.728747e+01,4.781195e+01,4.781195e+01,4.781195e+01,4.733752e+01,4.791159e+01,4.758746e+01,4.762490e+01,4.814791e+01,4.763738e+01,4.782441e+01,4.801115e+01,4.812306e+01,4.824728e+01,4.827211e+01,4.827211e+01,4.827211e+01,4.827211e+01,4.827211e+01,4.827211e+01,4.827211e+01,4.827211e+01,4.827211e+01,4.827211e+01,4.827211e+01,4.827211e+01,4.827211e+01,4.827211e+01,4.827211e+01,4.827211e+01,4.827211e+01,4.827211e+01,4.827211e+01,4.827211e+01,4.827211e+01,4.827211e+01,4.827211e+01,4.827211e+01,4.827211e+01,4.827211e+01,4.840858e+01,4.850772e+01,4.875525e+01,4.881705e+01,4.833416e+01,4.837137e+01,4.856965e+01,4.866867e+01,4.881705e+01,4.884176e+01,4.842097e+01,4.843337e+01,4.863155e+01,4.835897e+01,4.850772e+01,4.863155e+01,4.864392e+01,4.877997e+01,4.881705e+01,4.884176e+01,4.897758e+01,4.900227e+01,4.863155e+01,4.915023e+01,4.915023e+01,4.877997e+01,4.879233e+01,4.891587e+01,4.891587e+01,4.892821e+01,4.898993e+01,4.898993e+01,4.900227e+01,4.897758e+01,4.898993e+01,4.902694e+01,4.916256e+01,4.923647e+01,4.877997e+01,4.881705e+01,4.885411e+01,4.886647e+01,4.887882e+01,4.890352e+01,4.892821e+01,4.895290e+01,4.894056e+01,4.895290e+01,4.894056e+01,4.892821e+01,4.891587e+01,4.890352e+01,4.889117e+01,4.839618e+01,4.837137e+01,4.838377e+01,4.840858e+01,4.849534e+01,4.852011e+01,4.799871e+01,4.798627e+01,4.794894e+01,4.796139e+01,4.802359e+01,4.803603e+01,4.747505e+01,4.748754e+01,4.748754e+01,4.748754e+01,4.748754e+01,4.697418e+01,4.698673e+01,4.699928e+01,4.697418e+01,4.694908e+01,4.637035e+01,4.638297e+01,4.635774e+01,4.628204e+01,4.619366e+01,4.567467e+01,4.566199e+01,4.564930e+01,4.561123e+01,4.510242e+01,4.508967e+01,4.505142e+01,4.505142e+01,4.505142e+01,4.505142e+01,4.505142e+01,4.505142e+01,4.505142e+01,4.502591e+01,4.451455e+01,4.451455e+01,4.451455e+01,4.451455e+01,4.451455e+01,4.451455e+01,4.451455e+01,4.398809e+01,4.397522e+01,4.396235e+01,4.447611e+01,4.439919e+01,4.428371e+01,4.430939e+01,4.438637e+01,4.429655e+01,4.430939e+01,4.433505e+01,4.432222e+01,4.430939e+01,4.429655e+01,4.379488e+01,4.371751e+01,4.370461e+01,4.371751e+01,4.320038e+01,4.320038e+01,4.320038e+01,4.320038e+01,4.320038e+01,4.320038e+01,4.320038e+01,4.320038e+01,4.320038e+01,4.373041e+01,4.373041e+01,4.373041e+01,4.373041e+01,4.383355e+01,4.382066e+01,4.382066e+01,4.382066e+01,4.430939e+01,4.430939e+01,4.483441e+01,4.483441e+01,4.483441e+01,4.483441e+01,4.483441e+01,4.483441e+01,4.535710e+01,4.539525e+01,4.539525e+01,4.539525e+01,4.539525e+01,4.591546e+01,4.591546e+01,4.595344e+01,4.595344e+01,4.595344e+01,4.595344e+01,4.595344e+01,4.595344e+01,4.647121e+01,4.650900e+01,4.650900e+01,4.650900e+01,4.650900e+01,4.702436e+01,4.702436e+01,4.702436e+01,4.702436e+01,4.702436e+01,4.706199e+01,4.706199e+01,4.706199e+01,4.757497e+01,4.757497e+01,4.757497e+01,4.761242e+01,4.761242e+01,4.761242e+01,4.761242e+01,4.812306e+01,4.814791e+01,4.814791e+01,4.814791e+01,4.865630e+01,4.869342e+01,4.870578e+01,4.870578e+01,4.870578e+01,4.870578e+01,4.870578e+01,4.870578e+01,4.870578e+01,4.870578e+01,4.870578e+01,4.870578e+01,4.870578e+01,4.870578e+01,4.870578e+01,4.870578e+01,4.870578e+01,4.870578e+01,4.870578e+01,4.870578e+01,4.870578e+01,4.870578e+01,4.859442e+01,4.808577e+01,4.808577e+01,4.808577e+01,4.808577e+01,4.808577e+01,4.808577e+01,4.808577e+01,4.808577e+01,4.808577e+01,4.752502e+01,4.752502e+01,4.803603e+01,4.751253e+01,4.751253e+01,4.751253e+01,4.751253e+01,4.751253e+01,4.751253e+01,4.751253e+01,4.751253e+01,4.751253e+01,4.719983e+01,4.719983e+01,4.719983e+01,4.719983e+01,4.691143e+01,4.691143e+01,4.691143e+01,4.691143e+01,4.691143e+01,4.691143e+01,4.691143e+01,4.691143e+01,4.691143e+01,4.691143e+01,4.691143e+01,4.691143e+01,4.691143e+01,4.691143e+01,4.691143e+01,4.691143e+01,4.691143e+01,4.691143e+01,4.691143e+01,4.691143e+01,4.742506e+01,4.691143e+01,4.691143e+01,4.691143e+01,4.691143e+01,4.691143e+01,4.691143e+01,4.691143e+01,4.691143e+01,4.691143e+01,4.691143e+01,4.691143e+01,4.691143e+01,4.691143e+01,4.639558e+01,4.624417e+01,4.624417e+01,4.624417e+01,4.624417e+01,4.624417e+01,4.624417e+01,4.624417e+01,4.572541e+01,4.575077e+01,4.624417e+01,4.607993e+01,4.607993e+01,4.607993e+01,4.607993e+01,4.556044e+01,4.557314e+01,4.558584e+01,4.558584e+01,4.558584e+01,4.558584e+01,4.558584e+01,4.558584e+01,4.558584e+01,4.558584e+01,4.558584e+01,4.506417e+01,4.506417e+01,4.506417e+01,4.506417e+01,4.506417e+01,4.506417e+01,4.506417e+01,4.506417e+01,4.506417e+01,4.506417e+01,4.506417e+01,4.506417e+01,4.469378e+01,4.469378e+01,4.469378e+01,4.469378e+01,4.469378e+01,4.469378e+01,4.469378e+01,4.420667e+01,4.420667e+01,4.420667e+01,4.420667e+01,4.420667e+01,4.420667e+01,4.420667e+01,4.419382e+01,4.364009e+01,4.364009e+01,4.364009e+01,4.364009e+01
3.643361e+01,3.643361e+01,3.643361e+01,3.643361e+01,3.643361e+01,3.643361e+01,3.643361e+01,3.699631e+01,3.696893e+01,3.691414e+01,3.690044e+01,3.698262e+01,3.698262e+01,3.699631e+01,3.756976e+01,3.756976e+01,3.756976e+01,3.756976e+01,3.756976e+01,3.756976e+01,3.756976e+01,3.756976e+01,3.792327e+01,3.792327e+01,3.792327e+01,3.792327e+01,3.792327e+01,3.847846e+01,3.847846e+01,3.847846e+01,3.847846e+01,3.847846e+01,3.847846e+01,3.847846e+01,3.847846e+01,3.908464e+01,3.853247e+01,3.912493e+01,3.912493e+01,3.912493e+01,3.912493e+01,3.912493e+01,3.964746e+01,3.964746e+01,3.964746e+01,3.964746e+01,3.964746e+01,3.964746e+01,3.964746e+01,3.964746e+01,3.964746e+01,3.964746e+01,4.015426e+01,4.015426e+01,4.015426e+01,4.015426e+01,4.015426e+01,4.015426e+01,4.015426e+01,4.015426e+01,4.015426e+01,4.015426e+01,4.015426e+01,4.015426e+01,4.015426e+01,4.015426e+01,4.015426e+01,4.015426e+01,4.015426e+01,4.015426e+01,4.015426e+01,4.015426e+01,4.015426e+01,4.015426e+01,4.015426e+01,4.015426e+01,4.015426e+01,4.015426e+01,4.015426e+01,4.015426e+01,4.015426e+01,4.015426e+01,4.015426e+01,4.015426e+01,4.015426e+01,4.015426e+01,4.015426e+01,4.015426e+01,4.015426e+01,4.015426e+01,4.015426e+01,4.015426e+01,4.015426e+01,4.015426e+01,4.015426e+01,4.015426e+01,4.015426e+01,4.015426e+01,4.015426e+01,4.015426e+01,4.015426e+01,4.072502e+01,4.018087e+01,4.077797e+01,4.077797e+01,4.077797e+01,4.077797e+01,4.077797e+01,4.077797e+01,4.077797e+01,4.077797e+01,4.077797e+01,4.117429e+01,4.127974e+01,4.141142e+01,4.141142e+01,4.141142e+01,4.141142e+01,4.141142e+01,4.141142e+01,4.141142e+01,4.141142e+01,4.162180e+01,4.171371e+01,4.180556e+01,4.185801e+01,4.188422e+01,4.198902e+01,4.217220e+01,4.227673e+01,4.234202e+01,4.240727e+01,4.243336e+01,4.299288e+01,4.309667e+01,4.314854e+01,4.314854e+01,4.314854e+01,4.314854e+01,4.314854e+01,4.314854e+01,4.331693e+01,4.339457e+01,4.354969e+01,4.365300e+01,4.389796e+01,4.398809e+01,4.348509e+01,4.354969e+01,4.361427e+01,4.420667e+01,4.420667e+01,4.420667e+01,4.420667e+01,4.420667e+01,4.420667e+01,4.420667e+01,4.420667e+01,4.420667e+01,4.420667e+01,4.446329e+01,4.456579e+01,4.479607e+01,4.488551e+01,4.493658e+01,4.498763e+01,4.503866e+01,4.464260e+01,4.484719e+01,4.501315e+01,4.516614e+01,4.474494e+01,4.483441e+01,4.483441e+01,4.536982e+01,4.536982e+01,4.536982e+01,4.536982e+01,4.536982e+01,4.536982e+01,4.536982e+01,4.536982e+01,4.536982e+01,4.536982e+01,4.536982e+01,4.585214e+01,4.533165e+01,4.561123e+01,4.530621e+01,4.543340e+01,4.544611e+01,4.564930e+01,4.576344e+01,4.544611e+01,4.553505e+01,4.558584e+01,4.563661e+01,4.566199e+01,4.573809e+01,4.589014e+01,4.597874e+01,4.602935e+01,4.618103e+01,4.619366e+01,4.619366e+01,4.619366e+01,4.619366e+01,4.619366e+01,4.619366e+01,4.619366e+01,4.619366e+01,4.619366e+01,4.619366e+01,4.619366e+01,4.619366e+01,4.619366e+01,4.619366e+01,4.619366e+01,4.619366e+01,4.619366e+01,4.619366e+01,4.619366e+01,4.619366e+01,4.619366e+01,4.619366e+01,4.619366e+01,4.619366e+01,4.619366e+01,4.619366e+01,4.619366e+01,4.619366e+01,4.619366e+01,4.619366e+01,4.619366e+01,4.619366e+01,4.619366e+01,4.619366e+01,4.619366e+01,4.619366e+01,4.619366e+01,4.619366e+01,4.619366e+01,4.619366e+01,4.619366e+01,4.619366e+01,4.619366e+01,4.619366e+01,4.619366e+01,4.619366e+01,4.619366e+01,4.619366e+01,4.619366e+01,4.619366e+01,4.619366e+01,4.619366e+01,4.658456e+01,4.664749e+01,4.671038e+01,4.625679e+01,4.630728e+01,4.633251e+01,4.638297e+01,4.640818e+01,4.643340e+01,4.648381e+01,4.650900e+01,4.653419e+01,4.658456e+01,4.660974e+01,4.663491e+01,4.668523e+01,4.671038e+01,4.688631e+01,4.652160e+01,4.663491e+01,4.660974e+01,4.713719e+01,4.662232e+01,4.666007e+01,4.683607e+01,4.697418e+01,4.711213e+01,4.713719e+01,4.709959e+01,4.712466e+01,4.733752e+01,4.736254e+01,4.696163e+01,4.713719e+01,4.713719e+01,4.735003e+01,4.756248e+01,4.718731e+01,4.732501e+01,4.736254e+01,4.737504e+01,4.738755e+01,4.740005e+01,4.741256e+01,4.742506e+01,4.743756e+01,4.745005e+01,4.746255e+01,4.798627e+01,4.799871e+01,4.801115e+01,4.802359e+01,4.802359e+01,4.802359e+01,4.751253e+01,4.753751e+01,4.807334e+01,4.807334e+01,4.807334e+01,4.807334e+01,4.807334e+01,4.807334e+01,4.807334e+01,4.807334e+01,4.807334e+01,4.807334e+01,4.799871e+01,4.777457e+01,4.830934e+01,4.779949e+01,4.786179e+01,4.808577e+01,4.821003e+01,4.787424e+01,4.787424e+01,4.786179e+01,4.788669e+01,4.806091e+01,4.808577e+01,4.824728e+01,4.787424e+01,4.789914e+01,4.804847e+01,4.809820e+01,4.813549e+01,4.828452e+01,4.828452e+01,4.838377e+01,4.856965e+01,4.854489e+01,4.856965e+01,4.806091e+01,4.819761e+01,4.821003e+01,4.823487e+01,4.881705e+01,4.830934e+01,4.834657e+01,4.837137e+01,4.840858e+01,4.847055e+01,4.863155e+01,4.868105e+01,4.866867e+01,4.866867e+01,4.866867e+01,4.866867e+01,4.866867e+01,4.866867e+01,4.866867e+01,4.866867e+01,4.843337e+01,4.847055e+01,4.849534e+01,4.801115e+01,4.802359e+01,4.803603e+01,4.801115e+01,4.799871e+01,4.799871e+01,4.801115e+01,4.803603e+01,4.812306e+01,4.807334e+01,4.798627e+01,4.798627e+01,4.747505e+01,4.750004e+01,4.757497e+01,4.756248e+01,4.694908e+01,4.697418e+01,4.698673e+01,4.699928e+01,4.697418e+01,4.694908e+01,4.643340e+01,4.645860e+01,4.647121e+01,4.644600e+01,4.634513e+01,4.634513e+01,4.634513e+01,4.582681e+01,4.580146e+01,4.571273e+01,4.571273e+01,4.519162e+01,4.516614e+01,4.507692e+01,4.507692e+01,4.507692e+01,4.455298e+01,4.456579e+01,4.457859e+01,4.459140e+01,4.460420e+01,4.461700e+01,4.459140e+01,4.448893e+01,4.448893e+01,4.448893e+01,4.396235e+01,4.397522e+01,4.398809e+01,4.396235e+01,4.393660e+01,4.393660e+01,4.393660e+01,4.393660e+01,4.393660e+01,4.393660e+01,4.393660e+01,4.393660e+01,4.393660e+01,4.393660e+01,4.393660e+01,4.393660e+01,4.393660e+01,4.393660e+01,4.393660e+01,4.393660e+01,4.340751e+01,4.334282e+01,4.323924e+01,4.323924e+01,4.323924e+01,4.323924e+01,4.323924e+01,4.323924e+01,4.323924e+01,4.323924e+01,4.376910e+01,4.379488e+01,4.379488e+01,4.379488e+01,4.379488e+01,4.379488e+01,4.432222e+01,4.430939e+01,4.433505e+01,4.436071e+01,4.442484e+01,4.501315e+01,4.501315e+01,4.501315e+01,4.501315e+01,4.501315e+01,4.501315e+01,4.501315e+01,4.539525e+01,4.591546e+01,4.538253e+01,4.596609e+01,4.599140e+01,4.599140e+01,4.599140e+01,4.599140e+01,4.599140e+01,4.599140e+01,4.650900e+01,4.653419e+01,4.655938e+01,4.655938e+01,4.655938e+01,4.707452e+01,4.709959e+01,4.712466e+01,4.712466e+01,4.712466e+01,4.712466e+01,4.712466e+01,4.712466e+01,4.763738e+01,4.766233e+01,4.768728e+01,4.768728e+01,4.768728e+01,4.768728e+01,4.819761e+01,4.817276e+01,4.819761e+01,4.822245e+01,4.822245e+01,4.873052e+01,4.875525e+01,4.877997e+01,4.877997e+01,4.877997e+01,4.877997e+01,4.928571e+01,4.926109e+01,4.923647e+01,4.921183e+01,4.918720e+01,4.916256e+01,4.913791e+01,4.911326e+01,4.858204e+01,4.908860e+01,4.908860e+01,4.908860e+01,4.858204e+01,4.858204e+01,4.858204e+01,4.858204e+01,4.858204e+01,4.858204e+01,4.858204e+01,4.858204e+01,4.858204e+01,4.858204e+01,4.808577e+01,4.808577e+01,4.808577e+01,4.808577e+01,4.808577e+01,4.808577e+01,4.808577e+01,4.808577e+01,4.808577e+01,4.802359e+01,4.798627e+01,4.794894e+01,4.791159e+01,4.789914e+01,4.788669e+01,4.787424e+01,4.735003e+01,4.724992e+01,4.717478e+01,4.717478e+01,4.717478e+01,4.717478e+01,4.717478e+01,4.717478e+01,4.717478e+01,4.717478e+01,4.717478e+01,4.717478e+01,4.717478e+01,4.717478e+01,4.717478e+01,4.717478e+01,4.717478e+01,4.717478e+01,4.717478e+01,4.717478e+01,4.717478e+01,4.717478e+01,4.717478e+01,4.717478e+01,4.717478e+01,4.717478e+01,4.717478e+01,4.717478e+01,4.717478e+01,4.717478e+01,4.717478e+01,4.717478e+01,4.717478e+01,4.717478e+01,4.717478e+01,4.717478e+01,4.691143e+01,4.691143e+01,4.691143e+01,4.691143e+01,4.691143e+01,4.691143e+01,4.624417e+01,4.676068e+01,4.620629e+01,4.620629e+01,4.620629e+01,4.620629e+01,4.620629e+01,4.620629e+01,4.620629e+01,4.620629e+01,4.568736e+01,4.571273e+01,4.563661e+01,4.553505e+01,4.553505e+01,4.605464e+01,4.548423e+01,4.548423e+01,4.548423e+01,4.548423e+01,4.548423e+01,4.548423e+01,4.548423e+01,4.548423e+01,4.548423e+01,4.548423e+01,4.548423e+01,4.506417e+01,4.506417e+01,4.506417e+01,4.506417e+01,4.506417e+01,4.506417e+01,4.506417e+01,4.506417e+01,4.506417e+01,4.469378e+01,4.469378e+01,4.469378e+01,4.469378e+01,4.469378e+01,4.469378e+01,4.469378e+01,4.469378e+01,4.420667e+01,4.420667e+01,4.420667e+01,4.420667e+01,4.420667e+01,4.420667e+01,4.420667e+01,4.420667e+01,4.364009e+01,4.364009e+01,4.364009e+01
3.643361e+01,3.643361e+01,3.643361e+01,3.643361e+01,3.643361e+01,3.643361e+01,3.643361e+01,3.699631e+01,3.699631e+01,3.699631e+01,3.699631e+01,3.699631e+01,3.699631e+01,3.755614e+01,3.759700e+01,3.759700e+01,3.759700e+01,3.759700e+01,3.759700e+01,3.759700e+01,3.759700e+01,3.759700e+01,3.792327e+01,3.792327e+01,3.792327e+01,3.792327e+01,3.792327e+01,3.847846e+01,3.847846e+01,3.847846e+01,3.847846e+01,3.847846e+01,3.847846e+01,3.847846e+01,3.903089e+01,3.905777e+01,3.895021e+01,3.908464e+01,3.908464e+01,3.908464e+01,3.908464e+01,3.908464e+01,3.964746e+01,3.964746e+01,3.964746e+01,3.964746e+01,3.964746e+01,3.964746e+01,3.964746e+01,3.964746e+01,3.964746e+01,3.964746e+01,3.964746e+01,4.015426e+01,4.015426e+01,4.015426e+01,4.015426e+01,4.015426e+01,4.015426e+01,4.015426e+01,4.015426e+01,4.015426e+01,4.015426e+01,4.015426e+01,4.015426e+01,4.015426e+01,4.015426e+01,4.015426e+01,4.015426e+01,4.015426e+01,4.015426e+01,4.015426e+01,4.015426e+01,4.015426e+01,4.015426e+01,4.015426e+01,4.015426e+01,4.015426e+01,4.015426e+01,4.015426e+01,4.015426e+01,4.015426e+01,4.015426e+01,4.015426e+01,4.015426e+01,4.015426e+01,4.015426e+01,4.015426e+01,4.015426e+01,4.015426e+01,4.015426e+01,4.015426e+01,4.015426e+01,4.015426e+01,4.015426e+01,4.015426e+01,4.015426e+01,4.015426e+01,4.015426e+01,4.015426e+01,4.015426e+01,4.015426e+01,4.015426e+01,4.015426e+01,4.077797e+01,4.077797e+01,4.077797e+01,4.077797e+01,4.077797e+01,4.077797e+01,4.077797e+01,4.077797e+01,4.077797e+01,4.077797e+01,4.087056e+01,4.093666e+01,4.100272e+01,4.156924e+01,4.156924e+01,4.156924e+01,4.156924e+01,4.156924e+01,4.156924e+01,4.156924e+01,4.156924e+01,4.156924e+01,4.188422e+01,4.188422e+01,4.188422e+01,4.188422e+01,4.234202e+01,4.234202e+01,4.234202e+01,4.234202e+01,4.234202e+01,4.234202e+01,4.261583e+01,4.321333e+01,4.268092e+01,4.275899e+01,4.278500e+01,4.297990e+01,4.308371e+01,4.326514e+01,4.286300e+01,4.371751e+01,4.373041e+01,4.329104e+01,4.329104e+01,4.329104e+01,4.367881e+01,4.376910e+01,4.385932e+01,4.388509e+01,4.391084e+01,4.393660e+01,4.396235e+01,4.396235e+01,4.396235e+01,4.396235e+01,4.396235e+01,4.396235e+01,4.396235e+01,4.396235e+01,4.441201e+01,4.402669e+01,4.457859e+01,4.460420e+01,4.460420e+01,4.460420e+01,4.460420e+01,4.460420e+01,4.407814e+01,4.474494e+01,4.443766e+01,4.451455e+01,4.459140e+01,4.466819e+01,4.474494e+01,4.482163e+01,4.489828e+01,4.497487e+01,4.500039e+01,4.502591e+01,4.512791e+01,4.469378e+01,4.479607e+01,4.489828e+01,4.492382e+01,4.507692e+01,4.511517e+01,4.534438e+01,4.535710e+01,4.533165e+01,4.533165e+01,4.533165e+01,4.533165e+01,4.533165e+01,4.533165e+01,4.533165e+01,4.533165e+01,4.533165e+01,4.533165e+01,4.533165e+01,4.533165e+01,4.533165e+01,4.533165e+01,4.533165e+01,4.533165e+01,4.533165e+01,4.533165e+01,4.533165e+01,4.533165e+01,4.567467e+01,4.575077e+01,4.582681e+01,4.533165e+01,4.540797e+01,4.548423e+01,4.556044e+01,4.563661e+01,4.571273e+01,4.578879e+01,4.580146e+01,4.581414e+01,4.530621e+01,4.538253e+01,4.545882e+01,4.553505e+01,4.561123e+01,4.568736e+01,4.576344e+01,4.583948e+01,4.531893e+01,4.539525e+01,4.547152e+01,4.554774e+01,4.562392e+01,4.570004e+01,4.577612e+01,4.533165e+01,4.539525e+01,4.545882e+01,4.552234e+01,4.558584e+01,4.564930e+01,4.571273e+01,4.577612e+01,4.583948e+01,4.582681e+01,4.581414e+01,4.580146e+01,4.578879e+01,4.577612e+01,4.590280e+01,4.611785e+01,4.572541e+01,4.628204e+01,4.623154e+01,4.623154e+01,4.623154e+01,4.623154e+01,4.623154e+01,4.623154e+01,4.623154e+01,4.623154e+01,4.623154e+01,4.623154e+01,4.623154e+01,4.623154e+01,4.623154e+01,4.623154e+01,4.623154e+01,4.623154e+01,4.623154e+01,4.623154e+01,4.623154e+01,4.623154e+01,4.623154e+01,4.623154e+01,4.623154e+01,4.623154e+01,4.623154e+01,4.658456e+01,4.667265e+01,4.643340e+01,4.644600e+01,4.647121e+01,4.669781e+01,4.674810e+01,4.694908e+01,4.654679e+01,4.657197e+01,4.676068e+01,4.684864e+01,4.691143e+01,4.697418e+01,4.703690e+01,4.703690e+01,4.703690e+01,4.703690e+01,4.703690e+01,4.719983e+01,4.733752e+01,4.740005e+01,4.694908e+01,4.699928e+01,4.755000e+01,4.753751e+01,4.748754e+01,4.707452e+01,4.728747e+01,4.733752e+01,4.738755e+01,4.743756e+01,4.748754e+01,4.702436e+01,4.757497e+01,4.762490e+01,4.716225e+01,4.719983e+01,4.723740e+01,4.738755e+01,4.755000e+01,4.752502e+01,4.757497e+01,4.727495e+01,4.738755e+01,4.741256e+01,4.745005e+01,4.748754e+01,4.748754e+01,4.763738e+01,4.718731e+01,4.733752e+01,4.736254e+01,4.741256e+01,4.758746e+01,4.766233e+01,4.721236e+01,4.789914e+01,4.787424e+01,4.748754e+01,4.769976e+01,4.772470e+01,4.773717e+01,4.771223e+01,4.782441e+01,4.781195e+01,4.793649e+01,4.814791e+01,4.761242e+01,4.767481e+01,4.772470e+01,4.778703e+01,4.787424e+01,4.806091e+01,4.813549e+01,4.816034e+01,4.818519e+01,4.769976e+01,4.771223e+01,4.772470e+01,4.773717e+01,4.774963e+01,4.776210e+01,4.777457e+01,4.782441e+01,4.783687e+01,4.779949e+01,4.779949e+01,4.779949e+01,4.779949e+01,4.779949e+01,4.779949e+01,4.779949e+01,4.779949e+01,4.761242e+01,4.762490e+01,4.763738e+01,4.756248e+01,4.743756e+01,4.743756e+01,4.692398e+01,4.691143e+01,4.687376e+01,4.687376e+01,4.687376e+01,4.635774e+01,4.637035e+01,4.635774e+01,4.631990e+01,4.631990e+01,4.580146e+01,4.581414e+01,4.582681e+01,4.583948e+01,4.582681e+01,4.578879e+01,4.526802e+01,4.528075e+01,4.526802e+01,4.515340e+01,4.515340e+01,4.515340e+01,4.462980e+01,4.461700e+01,4.451455e+01,4.451455e+01,4.451455e+01,4.451455e+01,4.451455e+01,4.451455e+01,4.451455e+01,4.451455e+01,4.398809e+01,4.397522e+01,4.392372e+01,4.392372e+01,4.392372e+01,4.392372e+01,4.392372e+01,4.392372e+01,4.392372e+01,4.392372e+01,4.392372e+01,4.392372e+01,4.392372e+01,4.392372e+01,4.392372e+01,4.392372e+01,4.392372e+01,4.392372e+01,4.392372e+01,4.392372e+01,4.339457e+01,4.338164e+01,4.334282e+01,4.334282e+01,4.334282e+01,4.334282e+01,4.334282e+01,4.334282e+01,4.334282e+01,4.334282e+01,4.334282e+01,4.334282e+01,4.376910e+01,4.376910e+01,4.376910e+01,4.376910e+01,4.376910e+01,4.429655e+01,4.436071e+01,4.436071e+01,4.436071e+01,4.436071e+01,4.488551e+01,4.505142e+01,4.505142e+01,4.505142e+01,4.505142e+01,4.505142e+01,4.557314e+01,4.506417e+01,4.553505e+01,4.602935e+01,4.589014e+01,4.600405e+01,4.600405e+01,4.652160e+01,4.650900e+01,4.649640e+01,4.648381e+01,4.649640e+01,4.654679e+01,4.706199e+01,4.704945e+01,4.703690e+01,4.704945e+01,4.711213e+01,4.711213e+01,4.711213e+01,4.762490e+01,4.761242e+01,4.759994e+01,4.758746e+01,4.759994e+01,4.767481e+01,4.818519e+01,4.766233e+01,4.817276e+01,4.814791e+01,4.816034e+01,4.823487e+01,4.823487e+01,4.874289e+01,4.871815e+01,4.873052e+01,4.876761e+01,4.876761e+01,4.927340e+01,4.924878e+01,4.922415e+01,4.923647e+01,4.932264e+01,4.932264e+01,4.932264e+01,4.932264e+01,4.932264e+01,4.932264e+01,4.932264e+01,4.932264e+01,4.932264e+01,4.932264e+01,4.932264e+01,4.881705e+01,4.912558e+01,4.910093e+01,4.907627e+01,4.905161e+01,4.902694e+01,4.900227e+01,4.897758e+01,4.849534e+01,4.849534e+01,4.849534e+01,4.849534e+01,4.849534e+01,4.849534e+01,4.849534e+01,4.849534e+01,4.849534e+01,4.849534e+01,4.849534e+01,4.808577e+01,4.808577e+01,4.808577e+01,4.808577e+01,4.757497e+01,4.756248e+01,4.806091e+01,4.798627e+01,4.778703e+01,4.766233e+01,4.756248e+01,4.756248e+01,4.756248e+01,4.704945e+01,4.704945e+01,4.704945e+01,4.704945e+01,4.704945e+01,4.704945e+01,4.704945e+01,4.704945e+01,4.704945e+01,4.704945e+01,4.704945e+01,4.704945e+01,4.704945e+01,4.704945e+01,4.704945e+01,4.704945e+01,4.704945e+01,4.704945e+01,4.756248e+01,4.755000e+01,4.753751e+01,4.752502e+01,4.699928e+01,4.699928e+01,4.699928e+01,4.699928e+01,4.699928e+01,4.699928e+01,4.699928e+01,4.699928e+01,4.699928e+01,4.699928e+01,4.699928e+01,4.699928e+01,4.648381e+01,4.650900e+01,4.643340e+01,4.626942e+01,4.637035e+01,4.625679e+01,4.625679e+01,4.625679e+01,4.625679e+01,4.625679e+01,4.625679e+01,4.625679e+01,4.625679e+01,4.568736e+01,4.620629e+01,4.610521e+01,4.597874e+01,4.599140e+01,4.602935e+01,4.581414e+01,4.578879e+01,4.576344e+01,4.573809e+01,4.573809e+01,4.573809e+01,4.521709e+01,4.524256e+01,4.524256e+01,4.524256e+01,4.524256e+01,4.524256e+01,4.524256e+01,4.524256e+01,4.524256e+01,4.524256e+01,4.524256e+01,4.471936e+01,4.474494e+01,4.516614e+01,4.493658e+01,4.493658e+01,4.493658e+01,4.493658e+01,4.493658e+01,4.493658e+01,4.441201e+01,4.433505e+01,4.478329e+01,4.423236e+01,4.423236e+01,4.423236e+01,4.423236e+01,4.423236e+01,4.423236e+01,4.423236e+01,4.423236e+01,4.364009e+01,4.364009e+01
3.643361e+01,3.643361e+01,3.643361e+01,3.643361e+01,3.643361e+01,3.643361e+01,3.643361e+01,3.643361e+01,3.699631e+01,3.699631e+01,3.699631e+01,3.699631e+01,3.699631e+01,3.755614e+01,3.755614e+01,3.755614e+01,3.755614e+01,3.755614e+01,3.755614e+01,3.811316e+01,3.807250e+01,3.807250e+01,3.804538e+01,3.804538e+01,3.804538e+01,3.804538e+01,3.804538e+01,3.847846e+01,3.847846e+01,3.847846e+01,3.847846e+01,3.847846e+01,3.847846e+01,3.903089e+01,3.907120e+01,3.907120e+01,3.907120e+01,3.907120e+01,3.907120e+01,3.907120e+01,3.907120e+01,3.962072e+01,3.968755e+01,3.968755e+01,3.968755e+01,3.968755e+01,3.968755e+01,3.968755e+01,3.968755e+01,3.968755e+01,3.968755e+01,3.968755e+01,3.968755e+01,4.015426e+01,4.015426e+01,4.015426e+01,4.015426e+01,4.015426e+01,4.015426e+01,4.015426e+01,4.015426e+01,4.015426e+01,4.015426e+01,4.015426e+01,4.015426e+01,4.015426e+01,4.015426e+01,4.015426e+01,4.015426e+01,4.015426e+01,4.015426e+01,4.015426e+01,4.015426e+01,4.015426e+01,4.015426e+01,4.015426e+01,4.015426e+01,4.015426e+01,4.015426e+01,4.015426e+01,4.015426e+01,4.015426e+01,4.015426e+01,4.015426e+01,4.015426e+01,4.015426e+01,4.015426e+01,4.015426e+01,3.960735e+01,3.964746e+01,3.968755e+01,3.972763e+01,3.975434e+01,3.978105e+01,3.980775e+01,3.983444e+01,3.986113e+01,3.988781e+01,3.988781e+01,3.988781e+01,3.988781e+01,3.988781e+01,3.988781e+01,4.043336e+01,4.018087e+01,4.022078e+01,4.026067e+01,4.084412e+01,4.030054e+01,4.035369e+01,4.038025e+01,4.094987e+01,4.094987e+01,4.094987e+01,4.094987e+01,4.094987e+01,4.094987e+01,4.094987e+01,4.094987e+01,4.094987e+01,4.094987e+01,4.102913e+01,4.162180e+01,4.162180e+01,4.162180e+01,4.162180e+01,4.162180e+01,4.162180e+01,4.162180e+01,4.162180e+01,4.162180e+01,4.180556e+01,4.240727e+01,4.240727e+01,4.240727e+01,4.240727e+01,4.240727e+01,4.240727e+01,4.240727e+01,4.240727e+01,4.240727e+01,4.240727e+01,4.255069e+01,4.273298e+01,4.283701e+01,4.282401e+01,4.282401e+01,4.278500e+01,4.286300e+01,4.352386e+01,4.353678e+01,4.300586e+01,4.317446e+01,4.327810e+01,4.338164e+01,4.348509e+01,4.358844e+01,4.362718e+01,4.366590e+01,4.370461e+01,4.370461e+01,4.370461e+01,4.370461e+01,4.370461e+01,4.370461e+01,4.370461e+01,4.370461e+01,4.370461e+01,4.370461e+01,4.370461e+01,4.370461e+01,4.407814e+01,4.410386e+01,4.384644e+01,4.439919e+01,4.439919e+01,4.439919e+01,4.439919e+01,4.439919e+01,4.439919e+01,4.439919e+01,4.439919e+01,4.439919e+01,4.439919e+01,4.439919e+01,4.439919e+01,4.439919e+01,4.439919e+01,4.439919e+01,4.439919e+01,4.439919e+01,4.439919e+01,4.439919e+01,4.439919e+01,4.480885e+01,4.488551e+01,4.443766e+01,4.450174e+01,4.456579e+01,4.462980e+01,4.469378e+01,4.475772e+01,4.482163e+01,4.488551e+01,4.494934e+01,4.498763e+01,4.502591e+01,4.506417e+01,4.510242e+01,4.510242e+01,4.510242e+01,4.510242e+01,4.510242e+01,4.510242e+01,4.510242e+01,4.510242e+01,4.510242e+01,4.510242e+01,4.510242e+01,4.510242e+01,4.510242e+01,4.510242e+01,4.510242e+01,4.510242e+01,4.510242e+01,4.510242e+01,4.510242e+01,4.510242e+01,4.510242e+01,4.510242e+01,4.510242e+01,4.510242e+01,4.510242e+01,4.510242e+01,4.510242e+01,4.510242e+01,4.510242e+01,4.510242e+01,4.510242e+01,4.510242e+01,4.510242e+01,4.510242e+01,4.510242e+01,4.510242e+01,4.510242e+01,4.510242e+01,4.510242e+01,4.510242e+01,4.510242e+01,4.510242e+01,4.510242e+01,4.510242e+01,4.510242e+01,4.510242e+01,4.510242e+01,4.510242e+01,4.510242e+01,4.524256e+01,4.530621e+01,4.536982e+01,4.543340e+01,4.549694e+01,4.556044e+01,4.562392e+01,4.568736e+01,4.522983e+01,4.528075e+01,4.533165e+01,4.538253e+01,4.543340e+01,4.548423e+01,4.553505e+01,4.558584e+01,4.563661e+01,4.568736e+01,4.573809e+01,4.578879e+01,4.583948e+01,4.587748e+01,4.591546e+01,4.595344e+01,4.599140e+01,4.557314e+01,4.581414e+01,4.595344e+01,4.600405e+01,4.606729e+01,4.613049e+01,4.587748e+01,4.597874e+01,4.618103e+01,4.621892e+01,4.626942e+01,4.596609e+01,4.610521e+01,4.621892e+01,4.633251e+01,4.644600e+01,4.649640e+01,4.654679e+01,4.659715e+01,4.664749e+01,4.630728e+01,4.649640e+01,4.654679e+01,4.650900e+01,4.671038e+01,4.635774e+01,4.658456e+01,4.657197e+01,4.653419e+01,4.679838e+01,4.689887e+01,4.699928e+01,4.653419e+01,4.657197e+01,4.659715e+01,4.682351e+01,4.686120e+01,4.682351e+01,4.684864e+01,4.687376e+01,4.701182e+01,4.664749e+01,4.669781e+01,4.674810e+01,4.678581e+01,4.694908e+01,4.702436e+01,4.703690e+01,4.712466e+01,4.709959e+01,4.666007e+01,4.662232e+01,4.682351e+01,4.689887e+01,4.699928e+01,4.671038e+01,4.677325e+01,4.679838e+01,4.716225e+01,4.716225e+01,4.719983e+01,4.687376e+01,4.693653e+01,4.698673e+01,4.702436e+01,4.717478e+01,4.721236e+01,4.737504e+01,4.706199e+01,4.753751e+01,4.702436e+01,4.711213e+01,4.721236e+01,4.733752e+01,4.756248e+01,4.716225e+01,4.722488e+01,4.722488e+01,4.719983e+01,4.724992e+01,4.729998e+01,4.735003e+01,4.732501e+01,4.737504e+01,4.735003e+01,4.743756e+01,4.741256e+01,4.745005e+01,4.741256e+01,4.737504e+01,4.689887e+01,4.692398e+01,4.694908e+01,4.697418e+01,4.699928e+01,4.702436e+01,4.706199e+01,4.709959e+01,4.660974e+01,4.662232e+01,4.659715e+01,4.657197e+01,4.653419e+01,4.649640e+01,4.645860e+01,4.643340e+01,4.581414e+01,4.583948e+01,4.585214e+01,4.586481e+01,4.583948e+01,4.576344e+01,4.576344e+01,4.576344e+01,4.576344e+01,4.524256e+01,4.521709e+01,4.517888e+01,4.517888e+01,4.517888e+01,4.465540e+01,4.466819e+01,4.464260e+01,4.459140e+01,4.459140e+01,4.459140e+01,4.406528e+01,4.407814e+01,4.409100e+01,4.410386e+01,4.459140e+01,4.406528e+01,4.403955e+01,4.394947e+01,4.394947e+01,4.394947e+01,4.394947e+01,4.394947e+01,4.394947e+01,4.394947e+01,4.394947e+01,4.394947e+01,4.394947e+01,4.394947e+01,4.394947e+01,4.394947e+01,4.394947e+01,4.394947e+01,4.342044e+01,4.396235e+01,4.396235e+01,4.396235e+01,4.396235e+01,4.396235e+01,4.338164e+01,4.338164e+01,4.338164e+01,4.338164e+01,4.338164e+01,4.338164e+01,4.338164e+01,4.338164e+01,4.338164e+01,4.338164e+01,4.338164e+01,4.376910e+01,4.376910e+01,4.376910e+01,4.429655e+01,4.432222e+01,4.436071e+01,4.436071e+01,4.436071e+01,4.436071e+01,4.488551e+01,4.492382e+01,4.492382e+01,4.544611e+01,4.547152e+01,4.544611e+01,4.553505e+01,4.554774e+01,4.545882e+01,4.576344e+01,4.570004e+01,4.619366e+01,4.620629e+01,4.626942e+01,4.645860e+01,4.645860e+01,4.697418e+01,4.693653e+01,4.691143e+01,4.693653e+01,4.699928e+01,4.699928e+01,4.699928e+01,4.751253e+01,4.748754e+01,4.750004e+01,4.758746e+01,4.766233e+01,4.766233e+01,4.766233e+01,4.817276e+01,4.814791e+01,4.817276e+01,4.816034e+01,4.804847e+01,4.811063e+01,4.861917e+01,4.859442e+01,4.856965e+01,4.865630e+01,4.877997e+01,4.877997e+01,4.877997e+01,4.928571e+01,4.931033e+01,4.934724e+01,4.934724e+01,4.934724e+01,4.985064e+01,4.982613e+01,4.980162e+01,4.977710e+01,4.975258e+01,4.972805e+01,4.970352e+01,4.971579e+01,4.972805e+01,4.970352e+01,4.971579e+01,4.961762e+01,4.944563e+01,4.940875e+01,4.939645e+01,4.938415e+01,4.937185e+01,4.885411e+01,4.885411e+01,4.885411e+01,4.885411e+01,4.885411e+01,4.885411e+01,4.885411e+01,4.885411e+01,4.885411e+01,4.849534e+01,4.849534e+01,4.849534e+01,4.849534e+01,4.849534e+01,4.849534e+01,4.849534e+01,4.808577e+01,4.802359e+01,4.789914e+01,4.797383e+01,4.809820e+01,4.809820e+01,4.778703e+01,4.778703e+01,4.778703e+01,4.778703e+01,4.778703e+01,4.756248e+01,4.753751e+01,4.751253e+01,4.748754e+01,4.746255e+01,4.743756e+01,4.745005e+01,4.746255e+01,4.743756e+01,4.745005e+01,4.746255e+01,4.743756e+01,4.693653e+01,4.693653e+01,4.745005e+01,4.745005e+01,4.745005e+01,4.753751e+01,4.759994e+01,4.759994e+01,4.759994e+01,4.759994e+01,4.759994e+01,4.759994e+01,4.751253e+01,4.748754e+01,4.746255e+01,4.692398e+01,4.743756e+01,4.688631e+01,4.688631e+01,4.688631e+01,4.688631e+01,4.688631e+01,4.688631e+01,4.688631e+01,4.688631e+01,4.678581e+01,4.673553e+01,4.662232e+01,4.662232e+01,4.662232e+01,4.662232e+01,4.662232e+01,4.610521e+01,4.610521e+01,4.610521e+01,4.610521e+01,4.610521e+01,4.558584e+01,4.563661e+01,4.566199e+01,4.571273e+01,4.572541e+01,4.572541e+01,4.572541e+01,4.572541e+01,4.572541e+01,4.572541e+01,4.572541e+01,4.572541e+01,4.572541e+01,4.524256e+01,4.524256e+01,4.524256e+01,4.524256e+01,4.524256e+01,4.524256e+01,4.524256e+01,4.524256e+01,4.524256e+01,4.524256e+01,4.524256e+01,4.493658e+01,4.493658e+01,4.493658e+01,4.493658e+01,4.493658e+01,4.493658e+01,4.493658e+01,4.485996e+01,4.430939e+01,4.471936e+01,4.466819e+01,4.409100e+01,4.409100e+01,4.409100e+01,4.409100e+01,4.409100e+01,4.409100e+01,4.409100e+01,4.409100e+01
3.643361e+01,3.643361e+01,3.643361e+01,3.643361e+01,3.643361e+01,3.643361e+01,3.699631e+01,3.702368e+01,3.705105e+01,3.705105e+01,3.705105e+01,3.705105e+01,3.761061e+01,3.763783e+01,3.763783e+01,3.763783e+01,3.763783e+01,3.763783e+01,3.763783e+01,3.811316e+01,3.811316e+01,3.811316e+01,3.811316e+01,3.811316e+01,3.811316e+01,3.811316e+01,3.811316e+01,3.811316e+01,3.847846e+01,3.847846e+01,3.847846e+01,3.847846e+01,3.847846e+01,3.903089e+01,3.903089e+01,3.903089e+01,3.903089e+01,3.903089e+01,3.903089e+01,3.903089e+01,3.903089e+01,3.907120e+01,3.975434e+01,3.975434e+01,3.975434e+01,3.975434e+01,3.975434e+01,3.975434e+01,3.975434e+01,3.975434e+01,3.975434e+01,3.975434e+01,3.975434e+01,4.015426e+01,4.015426e+01,4.015426e+01,4.015426e+01,4.015426e+01,4.015426e+01,4.015426e+01,4.015426e+01,4.015426e+01,4.015426e+01,4.015426e+01,4.015426e+01,4.015426e+01,4.015426e+01,4.015426e+01,4.015426e+01,4.015426e+01,4.015426e+01,4.015426e+01,4.015426e+01,4.015426e+01,4.015426e+01,4.015426e+01,4.015426e+01,4.015426e+01,4.015426e+01,4.015426e+01,4.015426e+01,4.015426e+01,4.015426e+01,3.960735e+01,3.968755e+01,3.976770e+01,3.978105e+01,3.968755e+01,3.958060e+01,3.958060e+01,3.958060e+01,3.958060e+01,3.958060e+01,3.958060e+01,3.958060e+01,3.958060e+01,3.986113e+01,3.986113e+01,3.986113e+01,3.986113e+01,3.986113e+01,3.986113e+01,3.986113e+01,4.043336e+01,3.988781e+01,4.048645e+01,4.055276e+01,4.064555e+01,4.010102e+01,4.064555e+01,4.019417e+01,4.042009e+01,4.049971e+01,4.057928e+01,4.060579e+01,4.063230e+01,4.120066e+01,4.120066e+01,4.065880e+01,4.124021e+01,4.118748e+01,4.125339e+01,4.127974e+01,4.133244e+01,4.138510e+01,4.138510e+01,4.138510e+01,4.138510e+01,4.138510e+01,4.138510e+01,4.192353e+01,4.200212e+01,4.206756e+01,4.211989e+01,4.217220e+01,4.217220e+01,4.217220e+01,4.217220e+01,4.217220e+01,4.217220e+01,4.270695e+01,4.265489e+01,4.265489e+01,4.265489e+01,4.265489e+01,4.265489e+01,4.265489e+01,4.265489e+01,4.265489e+01,4.265489e+01,4.265489e+01,4.265489e+01,4.317446e+01,4.317446e+01,4.317446e+01,4.317446e+01,4.317446e+01,4.317446e+01,4.317446e+01,4.317446e+01,4.317446e+01,4.317446e+01,4.317446e+01,4.317446e+01,4.317446e+01,4.370461e+01,4.370461e+01,4.370461e+01,4.370461e+01,4.370461e+01,4.370461e+01,4.370461e+01,4.370461e+01,4.370461e+01,4.370461e+01,4.370461e+01,4.370461e+01,4.370461e+01,4.370461e+01,4.370461e+01,4.370461e+01,4.370461e+01,4.370461e+01,4.370461e+01,4.370461e+01,4.370461e+01,4.370461e+01,4.370461e+01,4.370461e+01,4.370461e+01,4.370461e+01,4.370461e+01,4.370461e+01,4.387220e+01,4.416813e+01,4.421951e+01,4.419382e+01,4.419382e+01,4.419382e+01,4.419382e+01,4.419382e+01,4.419382e+01,4.419382e+01,4.419382e+01,4.419382e+01,4.419382e+01,4.419382e+01,4.419382e+01,4.419382e+01,4.419382e+01,4.419382e+01,4.419382e+01,4.457859e+01,4.465540e+01,4.473215e+01,4.425804e+01,4.433505e+01,4.441201e+01,4.448893e+01,4.456579e+01,4.464260e+01,4.471936e+01,4.423236e+01,4.430939e+01,4.438637e+01,4.446329e+01,4.454018e+01,4.409100e+01,4.415527e+01,4.421951e+01,4.428371e+01,4.434788e+01,4.441201e+01,4.447611e+01,4.401382e+01,4.459140e+01,4.412957e+01,4.418097e+01,4.423236e+01,4.428371e+01,4.433505e+01,4.438637e+01,4.443766e+01,4.448893e+01,4.454018e+01,4.459140e+01,4.464260e+01,4.469378e+01,4.473215e+01,4.477051e+01,4.480885e+01,4.484719e+01,4.484719e+01,4.484719e+01,4.484719e+01,4.484719e+01,4.484719e+01,4.484719e+01,4.484719e+01,4.484719e+01,4.484719e+01,4.484719e+01,4.484719e+01,4.484719e+01,4.484719e+01,4.484719e+01,4.484719e+01,4.484719e+01,4.484719e+01,4.484719e+01,4.484719e+01,4.484719e+01,4.484719e+01,4.484719e+01,4.484719e+01,4.484719e+01,4.484719e+01,4.531893e+01,4.540797e+01,4.497487e+01,4.505142e+01,4.506417e+01,4.503866e+01,4.531893e+01,4.549694e+01,4.558584e+01,4.568736e+01,4.526802e+01,4.530621e+01,4.544611e+01,4.516614e+01,4.524256e+01,4.529348e+01,4.533165e+01,4.550964e+01,4.566199e+01,4.581414e+01,4.544611e+01,4.552234e+01,4.559853e+01,4.567467e+01,4.572541e+01,4.576344e+01,4.597874e+01,4.605464e+01,4.607993e+01,4.576344e+01,4.580146e+01,4.605464e+01,4.607993e+01,4.570004e+01,4.585214e+01,4.597874e+01,4.605464e+01,4.602935e+01,4.609257e+01,4.614313e+01,4.639558e+01,4.645860e+01,4.648381e+01,4.653419e+01,4.606729e+01,4.619366e+01,4.623154e+01,4.630728e+01,4.637035e+01,4.642079e+01,4.659715e+01,4.668523e+01,4.619366e+01,4.630728e+01,4.628204e+01,4.625679e+01,4.625679e+01,4.645860e+01,4.653419e+01,4.654679e+01,4.606729e+01,4.615576e+01,4.630728e+01,4.604200e+01,4.658456e+01,4.660974e+01,4.611785e+01,4.673553e+01,4.673553e+01,4.673553e+01,4.673553e+01,4.673553e+01,4.673553e+01,4.673553e+01,4.673553e+01,4.673553e+01,4.673553e+01,4.673553e+01,4.673553e+01,4.673553e+01,4.673553e+01,4.673553e+01,4.673553e+01,4.673553e+01,4.673553e+01,4.673553e+01,4.673553e+01,4.673553e+01,4.673553e+01,4.673553e+01,4.673553e+01,4.673553e+01,4.673553e+01,4.673553e+01,4.673553e+01,4.673553e+01,4.673553e+01,4.673553e+01,4.673553e+01,4.673553e+01,4.650900e+01,4.658456e+01,4.659715e+01,4.657197e+01,4.657197e+01,4.657197e+01,4.605464e+01,4.609257e+01,4.613049e+01,4.613049e+01,4.605464e+01,4.587748e+01,4.587748e+01,4.587748e+01,4.535710e+01,4.539525e+01,4.543340e+01,4.543340e+01,4.543340e+01,4.535710e+01,4.530621e+01,4.478329e+01,4.482163e+01,4.482163e+01,4.474494e+01,4.462980e+01,4.462980e+01,4.462980e+01,4.410386e+01,4.414242e+01,4.411671e+01,4.456579e+01,4.452737e+01,4.396235e+01,4.403955e+01,4.412957e+01,4.405242e+01,4.405242e+01,4.405242e+01,4.405242e+01,4.405242e+01,4.405242e+01,4.352386e+01,4.357553e+01,4.357553e+01,4.357553e+01,4.357553e+01,4.357553e+01,4.357553e+01,4.357553e+01,4.357553e+01,4.357553e+01,4.402669e+01,4.389796e+01,4.344630e+01,4.349801e+01,4.354969e+01,4.354969e+01,4.347216e+01,4.336870e+01,4.336870e+01,4.336870e+01,4.336870e+01,4.336870e+01,4.336870e+01,4.336870e+01,4.336870e+01,4.336870e+01,4.389796e+01,4.391084e+01,4.389796e+01,4.389796e+01,4.389796e+01,4.429655e+01,4.429655e+01,4.429655e+01,4.429655e+01,4.482163e+01,4.484719e+01,4.489828e+01,4.489828e+01,4.489828e+01,4.544611e+01,4.544611e+01,4.544611e+01,4.544611e+01,4.596609e+01,4.589014e+01,4.587748e+01,4.639558e+01,4.640818e+01,4.640818e+01,4.640818e+01,4.692398e+01,4.694908e+01,4.698673e+01,4.698673e+01,4.698673e+01,4.750004e+01,4.745005e+01,4.740005e+01,4.747505e+01,4.752502e+01,4.803603e+01,4.798627e+01,4.793649e+01,4.793649e+01,4.793649e+01,4.801115e+01,4.811063e+01,4.861917e+01,4.856965e+01,4.855727e+01,4.844577e+01,4.852011e+01,4.863155e+01,4.863155e+01,4.913791e+01,4.908860e+01,4.903927e+01,4.954394e+01,4.956850e+01,4.958078e+01,4.959306e+01,4.960534e+01,5.011990e+01,5.014435e+01,5.015657e+01,5.015657e+01,5.015657e+01,5.015657e+01,5.015657e+01,5.008322e+01,5.008322e+01,5.010767e+01,5.013213e+01,5.005876e+01,5.008322e+01,5.000982e+01,4.986289e+01,4.977710e+01,4.928571e+01,4.928571e+01,4.928571e+01,4.928571e+01,4.928571e+01,4.928571e+01,4.928571e+01,4.928571e+01,4.928571e+01,4.885411e+01,4.885411e+01,4.885411e+01,4.885411e+01,4.885411e+01,4.885411e+01,4.885411e+01,4.849534e+01,4.849534e+01,4.849534e+01,4.849534e+01,4.849534e+01,4.849534e+01,4.849534e+01,4.809820e+01,4.801115e+01,4.792405e+01,4.792405e+01,4.741256e+01,4.740005e+01,4.789914e+01,4.789914e+01,4.753751e+01,4.753751e+01,4.753751e+01,4.753751e+01,4.753751e+01,4.753751e+01,4.753751e+01,4.753751e+01,4.753751e+01,4.753751e+01,4.753751e+01,4.753751e+01,4.753751e+01,4.753751e+01,4.753751e+01,4.753751e+01,4.753751e+01,4.753751e+01,4.753751e+01,4.753751e+01,4.753751e+01,4.753751e+01,4.753751e+01,4.753751e+01,4.753751e+01,4.753751e+01,4.743756e+01,4.740005e+01,4.721236e+01,4.721236e+01,4.721236e+01,4.721236e+01,4.721236e+01,4.669781e+01,4.669781e+01,4.669781e+01,4.669781e+01,4.669781e+01,4.669781e+01,4.669781e+01,4.669781e+01,4.618103e+01,4.615576e+01,4.609257e+01,4.609257e+01,4.609257e+01,4.609257e+01,4.609257e+01,4.609257e+01,4.563661e+01,4.563661e+01,4.563661e+01,4.563661e+01,4.563661e+01,4.563661e+01,4.563661e+01,4.563661e+01,4.563661e+01,4.563661e+01,4.563661e+01,4.563661e+01,4.563661e+01,4.563661e+01,4.563661e+01,4.563661e+01,4.524256e+01,4.524256e+01,4.524256e+01,4.524256e+01,4.524256e+01,4.524256e+01,4.524256e+01,4.493658e+01,4.493658e+01,4.493658e+01,4.493658e+01,4.493658e+01,4.493658e+01,4.493658e+01,4.493658e+01,4.493658e+01,4.441201e+01,4.433505e+01,4.468099e+01,4.462980e+01,4.405242e+01,4.405242e+01,4.405242e+01,4.405242e+01,4.405242e+01,4.405242e+01
3.643361e+01,3.643361e+01,3.643361e+01,3.643361e+01,3.643361e+01,3.699631e+01,3.700999e+01,3.700999e+01,3.700999e+01,3.700999e+01,3.700999e+01,3.756976e+01,3.762422e+01,3.762422e+01,3.762422e+01,3.762422e+01,3.762422e+01,3.762422e+01,3.762422e+01,3.811316e+01,3.811316e+01,3.811316e+01,3.811316e+01,3.811316e+01,3.811316e+01,3.811316e+01,3.811316e+01,3.811316e+01,3.847846e+01,3.847846e+01,3.847846e+01,3.847846e+01,3.903089e+01,3.904433e+01,3.904433e+01,3.904433e+01,3.904433e+01,3.904433e+01,3.904433e+01,3.904433e+01,3.959398e+01,3.907120e+01,3.940659e+01,3.941999e+01,3.943338e+01,3.944677e+01,4.000779e+01,4.000779e+01,4.000779e+01,4.000779e+01,4.000779e+01,4.000779e+01,4.000779e+01,4.000779e+01,4.000779e+01,4.000779e+01,4.000779e+01,4.000779e+01,4.000779e+01,4.000779e+01,4.000779e+01,4.000779e+01,4.000779e+01,4.000779e+01,4.000779e+01,4.000779e+01,4.000779e+01,4.000779e+01,4.000779e+01,4.000779e+01,4.000779e+01,4.000779e+01,4.000779e+01,4.000779e+01,4.000779e+01,4.000779e+01,4.000779e+01,4.000779e+01,4.000779e+01,4.000779e+01,4.000779e+01,4.000779e+01,4.000779e+01,4.000779e+01,4.000779e+01,4.000779e+01,4.000779e+01,4.000779e+01,4.000779e+01,4.000779e+01,3.958060e+01,3.958060e+01,3.958060e+01,3.958060e+01,3.958060e+01,3.958060e+01,3.958060e+01,3.958060e+01,3.958060e+01,3.958060e+01,3.986113e+01,3.986113e+01,3.986113e+01,3.986113e+01,4.040681e+01,3.995448e+01,4.008770e+01,4.016756e+01,4.014095e+01,4.023407e+01,4.027396e+01,4.027396e+01,4.027396e+01,4.027396e+01,4.027396e+01,4.063230e+01,4.085734e+01,4.077797e+01,4.085734e+01,4.089701e+01,4.092345e+01,4.092345e+01,4.092345e+01,4.133244e+01,4.133244e+01,4.133244e+01,4.133244e+01,4.133244e+01,4.133244e+01,4.133244e+01,4.133244e+01,4.133244e+01,4.152981e+01,4.164807e+01,4.176620e+01,4.179244e+01,4.181867e+01,4.184489e+01,4.187111e+01,4.197593e+01,4.217220e+01,4.223754e+01,4.226367e+01,4.228979e+01,4.231591e+01,4.234202e+01,4.236813e+01,4.239423e+01,4.239423e+01,4.239423e+01,4.239423e+01,4.239423e+01,4.239423e+01,4.239423e+01,4.239423e+01,4.239423e+01,4.239423e+01,4.264187e+01,4.270695e+01,4.277200e+01,4.279800e+01,4.282401e+01,4.285000e+01,4.287599e+01,4.297990e+01,4.317446e+01,4.323924e+01,4.330399e+01,4.332988e+01,4.335576e+01,4.285000e+01,4.344630e+01,4.344630e+01,4.344630e+01,4.291497e+01,4.352386e+01,4.299288e+01,4.308371e+01,4.317446e+01,4.326514e+01,4.335576e+01,4.336870e+01,4.338164e+01,4.339457e+01,4.340751e+01,4.342044e+01,4.343337e+01,4.344630e+01,4.344630e+01,4.344630e+01,4.344630e+01,4.344630e+01,4.344630e+01,4.344630e+01,4.344630e+01,4.344630e+01,4.344630e+01,4.366590e+01,4.375620e+01,4.384644e+01,4.385932e+01,4.387220e+01,4.388509e+01,4.389796e+01,4.391084e+01,4.392372e+01,4.393660e+01,4.393660e+01,4.393660e+01,4.393660e+01,4.393660e+01,4.393660e+01,4.393660e+01,4.393660e+01,4.393660e+01,4.393660e+01,4.393660e+01,4.393660e+01,4.393660e+01,4.393660e+01,4.393660e+01,4.393660e+01,4.393660e+01,4.393660e+01,4.393660e+01,4.393660e+01,4.393660e+01,4.393660e+01,4.393660e+01,4.369171e+01,4.384644e+01,4.347216e+01,4.361427e+01,4.366590e+01,4.370461e+01,4.389796e+01,4.389796e+01,4.389796e+01,4.389796e+01,4.389796e+01,4.389796e+01,4.389796e+01,4.389796e+01,4.389796e+01,4.389796e+01,4.389796e+01,4.389796e+01,4.389796e+01,4.389796e+01,4.389796e+01,4.389796e+01,4.389796e+01,4.389796e+01,4.389796e+01,4.432222e+01,4.439919e+01,4.447611e+01,4.448893e+01,4.397522e+01,4.405242e+01,4.412957e+01,4.420667e+01,4.428371e+01,4.436071e+01,4.443766e+01,4.443766e+01,4.443766e+01,4.443766e+01,4.443766e+01,4.443766e+01,4.443766e+01,4.443766e+01,4.443766e+01,4.443766e+01,4.443766e+01,4.443766e+01,4.454018e+01,4.461700e+01,4.469378e+01,4.469378e+01,4.477051e+01,4.478329e+01,4.480885e+01,4.442484e+01,4.468099e+01,4.484719e+01,4.493658e+01,4.441201e+01,4.452737e+01,4.465540e+01,4.519162e+01,4.519162e+01,4.519162e+01,4.466819e+01,4.492382e+01,4.462980e+01,4.477051e+01,4.479607e+01,4.493658e+01,4.507692e+01,4.521709e+01,4.533165e+01,4.536982e+01,4.506417e+01,4.520436e+01,4.521709e+01,4.524256e+01,4.534438e+01,4.566199e+01,4.559853e+01,4.562392e+01,4.562392e+01,4.562392e+01,4.562392e+01,4.562392e+01,4.562392e+01,4.562392e+01,4.562392e+01,4.562392e+01,4.562392e+01,4.562392e+01,4.562392e+01,4.562392e+01,4.562392e+01,4.562392e+01,4.562392e+01,4.562392e+01,4.562392e+01,4.562392e+01,4.562392e+01,4.562392e+01,4.562392e+01,4.562392e+01,4.562392e+01,4.562392e+01,4.562392e+01,4.562392e+01,4.562392e+01,4.562392e+01,4.562392e+01,4.562392e+01,4.562392e+01,4.562392e+01,4.562392e+01,4.621892e+01,4.628204e+01,4.634513e+01,4.633251e+01,4.631990e+01,4.586481e+01,4.592812e+01,4.599140e+01,4.605464e+01,4.611785e+01,4.618103e+01,4.624417e+01,4.630728e+01,4.637035e+01,4.635774e+01,4.634513e+01,4.633251e+01,4.631990e+01,4.638297e+01,4.637035e+01,4.635774e+01,4.634513e+01,4.633251e+01,4.631990e+01,4.638297e+01,4.637035e+01,4.635774e+01,4.634513e+01,4.633251e+01,4.631990e+01,4.586481e+01,4.643340e+01,4.590280e+01,4.596609e+01,4.610521e+01,4.618103e+01,4.572541e+01,4.577612e+01,4.576344e+01,4.575077e+01,4.577612e+01,4.580146e+01,4.578879e+01,4.577612e+01,4.576344e+01,4.524256e+01,4.522983e+01,4.521709e+01,4.521709e+01,4.521709e+01,4.469378e+01,4.474494e+01,4.479607e+01,4.478329e+01,4.424520e+01,4.433505e+01,4.438637e+01,4.443766e+01,4.442484e+01,4.442484e+01,4.442484e+01,4.410386e+01,4.410386e+01,4.410386e+01,4.410386e+01,4.410386e+01,4.357553e+01,4.416813e+01,4.416813e+01,4.416813e+01,4.416813e+01,4.416813e+01,4.364009e+01,4.362718e+01,4.361427e+01,4.349801e+01,4.349801e+01,4.349801e+01,4.349801e+01,4.349801e+01,4.349801e+01,4.349801e+01,4.402669e+01,4.397522e+01,4.352386e+01,4.364009e+01,4.357553e+01,4.352386e+01,4.352386e+01,4.352386e+01,4.352386e+01,4.352386e+01,4.352386e+01,4.352386e+01,4.352386e+01,4.352386e+01,4.352386e+01,4.352386e+01,4.352386e+01,4.352386e+01,4.352386e+01,4.352386e+01,4.391084e+01,4.391084e+01,4.391084e+01,4.443766e+01,4.441201e+01,4.441201e+01,4.441201e+01,4.493658e+01,4.496211e+01,4.496211e+01,4.496211e+01,4.496211e+01,4.548423e+01,4.550964e+01,4.550964e+01,4.550964e+01,4.602935e+01,4.605464e+01,4.605464e+01,4.605464e+01,4.639558e+01,4.639558e+01,4.691143e+01,4.692398e+01,4.694908e+01,4.694908e+01,4.694908e+01,4.746255e+01,4.747505e+01,4.752502e+01,4.752502e+01,4.803603e+01,4.798627e+01,4.799871e+01,4.806091e+01,4.856965e+01,4.796139e+01,4.847055e+01,4.840858e+01,4.834657e+01,4.891587e+01,4.843337e+01,4.894056e+01,4.894056e+01,4.884176e+01,4.885411e+01,4.937185e+01,4.938415e+01,4.940875e+01,4.938415e+01,4.940875e+01,4.947022e+01,4.947022e+01,4.997311e+01,4.999758e+01,5.051050e+01,5.053487e+01,5.047393e+01,5.049831e+01,5.052269e+01,5.054705e+01,5.057142e+01,5.051050e+01,5.046174e+01,5.048612e+01,5.042516e+01,5.044955e+01,5.040077e+01,5.042516e+01,5.037637e+01,4.975258e+01,5.018102e+01,5.000982e+01,4.994862e+01,4.988739e+01,4.982613e+01,4.976484e+01,4.970352e+01,4.964217e+01,4.915023e+01,4.959306e+01,4.903927e+01,4.903927e+01,4.903927e+01,4.903927e+01,4.903927e+01,4.903927e+01,4.903927e+01,4.849534e+01,4.849534e+01,4.849534e+01,4.849534e+01,4.849534e+01,4.849534e+01,4.849534e+01,4.849534e+01,4.849534e+01,4.792405e+01,4.787424e+01,4.773717e+01,4.779949e+01,4.782441e+01,4.773717e+01,4.768728e+01,4.768728e+01,4.768728e+01,4.768728e+01,4.768728e+01,4.768728e+01,4.768728e+01,4.768728e+01,4.768728e+01,4.768728e+01,4.768728e+01,4.768728e+01,4.768728e+01,4.768728e+01,4.768728e+01,4.768728e+01,4.768728e+01,4.768728e+01,4.768728e+01,4.768728e+01,4.768728e+01,4.768728e+01,4.768728e+01,4.768728e+01,4.768728e+01,4.768728e+01,4.717478e+01,4.717478e+01,4.717478e+01,4.717478e+01,4.717478e+01,4.717478e+01,4.717478e+01,4.717478e+01,4.669781e+01,4.669781e+01,4.669781e+01,4.669781e+01,4.669781e+01,4.669781e+01,4.669781e+01,4.618103e+01,4.618103e+01,4.618103e+01,4.618103e+01,4.618103e+01,4.618103e+01,4.618103e+01,4.618103e+01,4.618103e+01,4.563661e+01,4.563661e+01,4.563661e+01,4.563661e+01,4.563661e+01,4.563661e+01,4.563661e+01,4.563661e+01,4.563661e+01,4.563661e+01,4.563661e+01,4.563661e+01,4.563661e+01,4.563661e+01,4.563661e+01,4.524256e+01,4.524256e+01,4.524256e+01,4.524256e+01,4.524256e+01,4.524256e+01,4.524256e+01,4.524256e+01,4.524256e+01,4.493658e+01,4.493658e+01,4.493658e+01,4.493658e+01,4.493658e+01,4.493658e+01,4.493658e+01,4.493658e+01,4.485996e+01,4.430939e+01,4.423236e+01,4.412957e+01,4.412957e+01,4.412957e+01,4.412957e+01,4.412957e+01,4.412957e+01
3.643361e+01,3.643361e+01,3.643361e+01,3.643361e+01,3.699631e+01,3.702368e+01,3.702368e+01,3.702368e+01,3.702368e+01,3.702368e+01,3.758338e+01,3.761061e+01,3.761061e+01,3.761061e+01,3.761061e+01,3.761061e+01,3.761061e+01,3.761061e+01,3.816735e+01,3.819444e+01,3.819444e+01,3.819444e+01,3.819444e+01,3.819444e+01,3.819444e+01,3.819444e+01,3.819444e+01,3.819444e+01,3.819444e+01,3.847846e+01,3.847846e+01,3.903089e+01,3.905777e+01,3.905777e+01,3.905777e+01,3.905777e+01,3.905777e+01,3.905777e+01,3.905777e+01,3.960735e+01,3.956723e+01,3.947355e+01,3.950032e+01,3.950032e+01,3.950032e+01,3.950032e+01,3.950032e+01,4.000779e+01,4.000779e+01,4.000779e+01,4.000779e+01,4.000779e+01,4.000779e+01,4.000779e+01,4.000779e+01,4.000779e+01,4.000779e+01,4.000779e+01,4.000779e+01,4.000779e+01,4.000779e+01,4.000779e+01,4.000779e+01,4.000779e+01,4.000779e+01,4.000779e+01,4.000779e+01,4.000779e+01,4.000779e+01,4.000779e+01,4.000779e+01,4.000779e+01,4.000779e+01,4.000779e+01,4.000779e+01,4.000779e+01,4.000779e+01,4.000779e+01,4.000779e+01,4.000779e+01,4.000779e+01,4.000779e+01,4.000779e+01,4.000779e+01,4.000779e+01,4.000779e+01,4.000779e+01,4.000779e+01,4.000779e+01,4.000779e+01,4.000779e+01,3.958060e+01,3.958060e+01,3.958060e+01,3.958060e+01,3.958060e+01,3.958060e+01,3.958060e+01,3.958060e+01,3.958060e+01,3.958060e+01,3.958060e+01,3.986113e+01,3.991448e+01,3.999446e+01,4.003443e+01,4.003443e+01,4.003443e+01,4.003443e+01,4.003443e+01,4.003443e+01,4.057928e+01,4.057928e+01,4.057928e+01,4.067204e+01,4.069854e+01,4.069854e+01,4.069854e+01,4.069854e+01,4.069854e+01,4.069854e+01,4.069854e+01,4.069854e+01,4.069854e+01,4.069854e+01,4.133244e+01,4.133244e+01,4.133244e+01,4.133244e+01,4.133244e+01,4.133244e+01,4.133244e+01,4.133244e+01,4.133244e+01,4.133244e+01,4.133244e+01,4.133244e+01,4.184489e+01,4.184489e+01,4.184489e+01,4.184489e+01,4.184489e+01,4.184489e+01,4.184489e+01,4.184489e+01,4.184489e+01,4.184489e+01,4.184489e+01,4.239423e+01,4.239423e+01,4.239423e+01,4.239423e+01,4.239423e+01,4.239423e+01,4.239423e+01,4.239423e+01,4.239423e+01,4.239423e+01,4.239423e+01,4.239423e+01,4.239423e+01,4.282401e+01,4.282401e+01,4.282401e+01,4.282401e+01,4.282401e+01,4.282401e+01,4.282401e+01,4.282401e+01,4.282401e+01,4.282401e+01,4.282401e+01,4.282401e+01,4.282401e+01,4.282401e+01,4.282401e+01,4.282401e+01,4.282401e+01,4.282401e+01,4.282401e+01,4.282401e+01,4.282401e+01,4.282401e+01,4.339457e+01,4.286300e+01,4.294094e+01,4.301883e+01,4.303181e+01,4.303181e+01,4.303181e+01,4.303181e+01,4.303181e+01,4.303181e+01,4.303181e+01,4.303181e+01,4.303181e+01,4.303181e+01,4.325219e+01,4.334282e+01,4.343337e+01,4.344630e+01,4.345923e+01,4.347216e+01,4.348509e+01,4.349801e+01,4.351093e+01,4.352386e+01,4.352386e+01,4.352386e+01,4.352386e+01,4.352386e+01,4.352386e+01,4.352386e+01,4.352386e+01,4.352386e+01,4.352386e+01,4.352386e+01,4.352386e+01,4.352386e+01,4.352386e+01,4.352386e+01,4.352386e+01,4.352386e+01,4.352386e+01,4.352386e+01,4.352386e+01,4.299288e+01,4.305776e+01,4.312261e+01,4.318742e+01,4.332988e+01,4.335576e+01,4.335576e+01,4.335576e+01,4.335576e+01,4.335576e+01,4.335576e+01,4.335576e+01,4.335576e+01,4.335576e+01,4.335576e+01,4.335576e+01,4.335576e+01,4.335576e+01,4.335576e+01,4.335576e+01,4.335576e+01,4.335576e+01,4.335576e+01,4.335576e+01,4.335576e+01,4.335576e+01,4.335576e+01,4.335576e+01,4.335576e+01,4.387220e+01,4.348509e+01,4.400096e+01,4.394947e+01,4.342044e+01,4.354969e+01,4.367881e+01,4.380777e+01,4.393660e+01,4.353678e+01,4.357553e+01,4.361427e+01,4.365300e+01,4.369171e+01,4.373041e+01,4.376910e+01,4.380777e+01,4.384644e+01,4.388509e+01,4.392372e+01,4.396235e+01,4.410386e+01,4.421951e+01,4.429655e+01,4.429655e+01,4.384644e+01,4.442484e+01,4.436071e+01,4.438637e+01,4.438637e+01,4.438637e+01,4.388509e+01,4.438637e+01,4.438637e+01,4.438637e+01,4.438637e+01,4.438637e+01,4.438637e+01,4.438637e+01,4.438637e+01,4.438637e+01,4.438637e+01,4.438637e+01,4.438637e+01,4.438637e+01,4.438637e+01,4.438637e+01,4.438637e+01,4.506417e+01,4.506417e+01,4.454018e+01,4.461700e+01,4.484719e+01,4.503866e+01,4.508967e+01,4.516614e+01,4.521709e+01,4.520436e+01,4.525529e+01,4.524256e+01,4.522983e+01,4.521709e+01,4.520436e+01,4.525529e+01,4.524256e+01,4.522983e+01,4.521709e+01,4.520436e+01,4.525529e+01,4.524256e+01,4.522983e+01,4.521709e+01,4.520436e+01,4.525529e+01,4.524256e+01,4.522983e+01,4.521709e+01,4.520436e+01,4.525529e+01,4.524256e+01,4.522983e+01,4.521709e+01,4.520436e+01,4.525529e+01,4.524256e+01,4.522983e+01,4.521709e+01,4.520436e+01,4.535710e+01,4.556044e+01,4.567467e+01,4.578879e+01,4.531893e+01,4.582681e+01,4.581414e+01,4.581414e+01,4.581414e+01,4.581414e+01,4.581414e+01,4.566199e+01,4.576344e+01,4.586481e+01,4.544611e+01,4.547152e+01,4.601670e+01,4.600405e+01,4.599140e+01,4.604200e+01,4.602935e+01,4.601670e+01,4.600405e+01,4.599140e+01,4.597874e+01,4.550964e+01,4.606729e+01,4.604200e+01,4.601670e+01,4.547152e+01,4.547152e+01,4.550964e+01,4.570004e+01,4.568736e+01,4.568736e+01,4.568736e+01,4.568736e+01,4.516614e+01,4.526802e+01,4.531893e+01,4.536982e+01,4.535710e+01,4.491105e+01,4.494934e+01,4.498763e+01,4.498763e+01,4.497487e+01,4.493658e+01,4.489828e+01,4.485996e+01,4.478329e+01,4.468099e+01,4.468099e+01,4.415527e+01,4.468099e+01,4.457859e+01,4.409100e+01,4.409100e+01,4.409100e+01,4.409100e+01,4.409100e+01,4.409100e+01,4.409100e+01,4.356261e+01,4.360136e+01,4.364009e+01,4.365300e+01,4.361427e+01,4.383355e+01,4.380777e+01,4.378199e+01,4.375620e+01,4.367881e+01,4.362718e+01,4.362718e+01,4.362718e+01,4.362718e+01,4.362718e+01,4.362718e+01,4.362718e+01,4.362718e+01,4.362718e+01,4.362718e+01,4.362718e+01,4.362718e+01,4.362718e+01,4.362718e+01,4.362718e+01,4.362718e+01,4.362718e+01,4.362718e+01,4.362718e+01,4.362718e+01,4.362718e+01,4.362718e+01,4.362718e+01,4.309667e+01,4.366590e+01,4.366590e+01,4.366590e+01,4.366590e+01,4.366590e+01,4.366590e+01,4.419382e+01,4.421951e+01,4.429655e+01,4.436071e+01,4.436071e+01,4.436071e+01,4.488551e+01,4.494934e+01,4.494934e+01,4.494934e+01,4.547152e+01,4.545882e+01,4.549694e+01,4.549694e+01,4.601670e+01,4.600405e+01,4.604200e+01,4.604200e+01,4.655938e+01,4.657197e+01,4.654679e+01,4.659715e+01,4.709959e+01,4.709959e+01,4.709959e+01,4.761242e+01,4.759994e+01,4.761242e+01,4.761242e+01,4.761242e+01,4.812306e+01,4.813549e+01,4.813549e+01,4.813549e+01,4.864392e+01,4.860680e+01,4.838377e+01,4.848294e+01,4.898993e+01,4.891587e+01,4.887882e+01,4.932264e+01,4.933494e+01,4.885411e+01,4.935955e+01,4.934724e+01,4.988739e+01,4.983839e+01,4.978936e+01,4.977710e+01,4.978936e+01,4.980162e+01,4.987514e+01,4.999758e+01,5.054705e+01,5.057142e+01,5.057142e+01,5.106982e+01,5.102128e+01,5.047393e+01,5.097273e+01,5.091201e+01,5.086341e+01,5.082695e+01,5.083910e+01,5.079048e+01,5.080264e+01,5.076616e+01,5.027873e+01,5.071750e+01,5.046174e+01,5.048612e+01,5.031536e+01,5.025431e+01,5.019323e+01,5.013213e+01,4.956850e+01,5.007099e+01,4.991189e+01,4.928571e+01,4.970352e+01,4.945792e+01,4.939645e+01,4.939645e+01,4.889117e+01,4.889117e+01,4.889117e+01,4.889117e+01,4.889117e+01,4.889117e+01,4.889117e+01,4.889117e+01,4.889117e+01,4.849534e+01,4.849534e+01,4.849534e+01,4.849534e+01,4.849534e+01,4.838377e+01,4.818519e+01,4.812306e+01,4.811063e+01,4.801115e+01,4.794894e+01,4.793649e+01,4.793649e+01,4.793649e+01,4.793649e+01,4.793649e+01,4.793649e+01,4.793649e+01,4.793649e+01,4.793649e+01,4.793649e+01,4.793649e+01,4.793649e+01,4.793649e+01,4.793649e+01,4.793649e+01,4.793649e+01,4.793649e+01,4.793649e+01,4.793649e+01,4.793649e+01,4.793649e+01,4.793649e+01,4.742506e+01,4.743756e+01,4.738755e+01,4.724992e+01,4.724992e+01,4.724992e+01,4.724992e+01,4.724992e+01,4.724992e+01,4.724992e+01,4.673553e+01,4.667265e+01,4.718731e+01,4.660974e+01,4.660974e+01,4.660974e+01,4.660974e+01,4.660974e+01,4.660974e+01,4.660974e+01,4.618103e+01,4.618103e+01,4.618103e+01,4.618103e+01,4.618103e+01,4.618103e+01,4.618103e+01,4.618103e+01,4.563661e+01,4.563661e+01,4.563661e+01,4.563661e+01,4.563661e+01,4.563661e+01,4.563661e+01,4.563661e+01,4.563661e+01,4.563661e+01,4.563661e+01,4.563661e+01,4.563661e+01,4.563661e+01,4.563661e+01,4.563661e+01,4.563661e+01,4.524256e+01,4.524256e+01,4.524256e+01,4.524256e+01,4.524256e+01,4.524256e+01,4.524256e+01,4.524256e+01,4.524256e+01,4.493658e+01,4.493658e+01,4.493658e+01,4.493658e+01,4.493658e+01,4.493658e+01,4.483441e+01,4.469378e+01,4.452737e+01,4.451455e+01,4.450174e+01,4.448893e+01,4.447611e+01,4.446329e+01
3.643361e+01,3.643361e+01,3.643361e+01,3.643361e+01,3.699631e+01,3.699631e+01,3.699631e+01,3.699631e+01,3.699631e+01,3.699631e+01,3.699631e+01,3.761061e+01,3.761061e+01,3.761061e+01,3.761061e+01,3.761061e+01,3.761061e+01,3.816735e+01,3.819444e+01,3.819444e+01,3.819444e+01,3.819444e+01,3.819444e+01,3.819444e+01,3.819444e+01,3.819444e+01,3.874828e+01,3.868088e+01,3.869437e+01,3.866740e+01,3.872132e+01,3.869437e+01,3.873480e+01,3.874828e+01,3.876175e+01,3.932619e+01,3.932619e+01,3.932619e+01,3.932619e+01,3.932619e+01,3.932619e+01,3.932619e+01,3.932619e+01,3.932619e+01,3.932619e+01,3.932619e+01,3.987447e+01,3.992781e+01,3.992781e+01,3.992781e+01,3.992781e+01,3.992781e+01,3.992781e+01,3.992781e+01,3.992781e+01,3.992781e+01,3.992781e+01,3.992781e+01,3.992781e+01,3.992781e+01,3.992781e+01,3.992781e+01,3.992781e+01,3.992781e+01,3.992781e+01,3.992781e+01,3.992781e+01,3.992781e+01,4.047318e+01,3.986113e+01,3.986113e+01,4.040681e+01,4.038025e+01,4.035369e+01,4.032712e+01,4.030054e+01,4.027396e+01,4.027396e+01,4.027396e+01,4.027396e+01,3.972763e+01,3.975434e+01,3.975434e+01,3.975434e+01,3.975434e+01,3.975434e+01,3.975434e+01,3.975434e+01,3.975434e+01,3.975434e+01,3.975434e+01,3.975434e+01,3.975434e+01,3.975434e+01,3.975434e+01,3.975434e+01,3.975434e+01,3.975434e+01,3.975434e+01,3.975434e+01,3.975434e+01,3.975434e+01,3.975434e+01,3.975434e+01,3.975434e+01,3.975434e+01,3.975434e+01,3.975434e+01,4.003443e+01,4.003443e+01,4.003443e+01,4.003443e+01,4.003443e+01,4.057928e+01,4.057928e+01,4.057928e+01,4.057928e+01,4.057928e+01,4.057928e+01,4.057928e+01,4.057928e+01,4.057928e+01,4.057928e+01,4.057928e+01,4.057928e+01,4.057928e+01,4.079120e+01,4.087056e+01,4.094987e+01,4.097630e+01,4.100272e+01,4.102913e+01,4.105554e+01,4.108194e+01,4.108194e+01,4.162180e+01,4.116110e+01,4.134560e+01,4.142458e+01,4.198902e+01,4.198902e+01,4.145090e+01,4.202830e+01,4.202830e+01,4.149036e+01,4.208064e+01,4.154295e+01,4.164807e+01,4.187111e+01,4.194973e+01,4.202830e+01,4.154295e+01,4.215912e+01,4.215912e+01,4.215912e+01,4.215912e+01,4.215912e+01,4.215912e+01,4.215912e+01,4.215912e+01,4.215912e+01,4.215912e+01,4.215912e+01,4.215912e+01,4.215912e+01,4.215912e+01,4.215912e+01,4.228979e+01,4.238118e+01,4.247248e+01,4.252463e+01,4.257675e+01,4.257675e+01,4.257675e+01,4.257675e+01,4.257675e+01,4.257675e+01,4.257675e+01,4.257675e+01,4.257675e+01,4.257675e+01,4.257675e+01,4.257675e+01,4.257675e+01,4.257675e+01,4.257675e+01,4.257675e+01,4.257675e+01,4.257675e+01,4.257675e+01,4.257675e+01,4.257675e+01,4.257675e+01,4.257675e+01,4.257675e+01,4.257675e+01,4.257675e+01,4.257675e+01,4.257675e+01,4.257675e+01,4.291497e+01,4.301883e+01,4.312261e+01,4.265489e+01,4.275899e+01,4.286300e+01,4.296691e+01,4.305776e+01,4.314854e+01,4.318742e+01,4.322629e+01,4.326514e+01,4.326514e+01,4.326514e+01,4.326514e+01,4.326514e+01,4.326514e+01,4.273298e+01,4.282401e+01,4.291497e+01,4.300586e+01,4.256372e+01,4.264187e+01,4.271996e+01,4.279800e+01,4.281101e+01,4.278500e+01,4.278500e+01,4.278500e+01,4.278500e+01,4.278500e+01,4.278500e+01,4.278500e+01,4.278500e+01,4.278500e+01,4.278500e+01,4.278500e+01,4.278500e+01,4.278500e+01,4.278500e+01,4.278500e+01,4.278500e+01,4.278500e+01,4.278500e+01,4.278500e+01,4.278500e+01,4.278500e+01,4.278500e+01,4.278500e+01,4.335576e+01,4.335576e+01,4.282401e+01,4.290198e+01,4.297990e+01,4.308371e+01,4.325219e+01,4.335576e+01,4.301883e+01,4.303181e+01,4.300586e+01,4.317446e+01,4.334282e+01,4.351093e+01,4.301883e+01,4.304479e+01,4.316150e+01,4.323924e+01,4.331693e+01,4.339457e+01,4.347216e+01,4.347216e+01,4.347216e+01,4.347216e+01,4.347216e+01,4.347216e+01,4.347216e+01,4.347216e+01,4.347216e+01,4.347216e+01,4.347216e+01,4.347216e+01,4.347216e+01,4.347216e+01,4.347216e+01,4.347216e+01,4.347216e+01,4.347216e+01,4.385932e+01,4.393660e+01,4.348509e+01,4.356261e+01,4.364009e+01,4.371751e+01,4.379488e+01,4.387220e+01,4.394947e+01,4.402669e+01,4.406528e+01,4.410386e+01,4.414242e+01,4.414242e+01,4.414242e+01,4.414242e+01,4.414242e+01,4.414242e+01,4.414242e+01,4.414242e+01,4.414242e+01,4.414242e+01,4.414242e+01,4.464260e+01,4.424520e+01,4.430939e+01,4.442484e+01,4.448893e+01,4.455298e+01,4.461700e+01,4.468099e+01,4.479607e+01,4.485996e+01,4.489828e+01,4.441201e+01,4.447611e+01,4.459140e+01,4.465540e+01,4.471936e+01,4.478329e+01,4.484719e+01,4.439919e+01,4.446329e+01,4.452737e+01,4.459140e+01,4.465540e+01,4.477051e+01,4.430939e+01,4.436071e+01,4.441201e+01,4.446329e+01,4.456579e+01,4.461700e+01,4.466819e+01,4.471936e+01,4.477051e+01,4.497487e+01,4.466819e+01,4.483441e+01,4.496211e+01,4.500039e+01,4.511517e+01,4.516614e+01,4.521709e+01,4.526802e+01,4.479607e+01,4.483441e+01,4.487273e+01,4.501315e+01,4.512791e+01,4.510242e+01,4.522983e+01,4.544611e+01,4.548423e+01,4.500039e+01,4.507692e+01,4.510242e+01,4.512791e+01,4.515340e+01,4.517888e+01,4.519162e+01,4.522983e+01,4.539525e+01,4.542068e+01,4.543340e+01,4.540797e+01,4.540797e+01,4.540797e+01,4.540797e+01,4.540797e+01,4.540797e+01,4.540797e+01,4.540797e+01,4.540797e+01,4.488551e+01,4.493658e+01,4.498763e+01,4.492382e+01,4.488551e+01,4.488551e+01,4.488551e+01,4.488551e+01,4.436071e+01,4.491105e+01,4.438637e+01,4.442484e+01,4.446329e+01,4.446329e+01,4.441201e+01,4.434788e+01,4.434788e+01,4.375620e+01,4.373041e+01,4.373041e+01,4.373041e+01,4.373041e+01,4.373041e+01,4.373041e+01,4.365300e+01,4.353678e+01,4.353678e+01,4.353678e+01,4.353678e+01,4.353678e+01,4.353678e+01,4.353678e+01,4.353678e+01,4.353678e+01,4.353678e+01,4.353678e+01,4.353678e+01,4.300586e+01,4.304479e+01,4.308371e+01,4.312261e+01,4.316150e+01,4.320038e+01,4.323924e+01,4.323924e+01,4.376910e+01,4.376910e+01,4.323924e+01,4.325219e+01,4.326514e+01,4.327810e+01,4.329104e+01,4.330399e+01,4.331693e+01,4.332988e+01,4.334282e+01,4.335576e+01,4.327810e+01,4.382066e+01,4.384644e+01,4.384644e+01,4.384644e+01,4.384644e+01,4.384644e+01,4.437354e+01,4.439919e+01,4.439919e+01,4.439919e+01,4.439919e+01,4.492382e+01,4.491105e+01,4.493658e+01,4.493658e+01,4.493658e+01,4.545882e+01,4.549694e+01,4.549694e+01,4.549694e+01,4.601670e+01,4.604200e+01,4.604200e+01,4.604200e+01,4.655938e+01,4.658456e+01,4.658456e+01,4.709959e+01,4.708706e+01,4.712466e+01,4.763738e+01,4.762490e+01,4.764986e+01,4.764986e+01,4.764986e+01,4.816034e+01,4.814791e+01,4.817276e+01,4.817276e+01,4.817276e+01,4.868105e+01,4.870578e+01,4.870578e+01,4.870578e+01,4.870578e+01,4.898993e+01,4.898993e+01,4.949480e+01,4.951937e+01,4.947022e+01,4.987514e+01,4.989964e+01,4.987514e+01,4.991189e+01,4.991189e+01,4.991189e+01,5.041297e+01,5.037637e+01,5.033977e+01,5.030315e+01,5.079048e+01,5.081479e+01,5.080264e+01,5.085126e+01,5.099701e+01,5.144532e+01,5.123954e+01,5.126377e+01,5.119107e+01,5.113046e+01,5.108195e+01,5.106982e+01,5.106982e+01,5.106982e+01,5.106982e+01,5.106982e+01,5.071750e+01,5.060796e+01,5.060796e+01,5.060796e+01,5.060796e+01,5.060796e+01,5.060796e+01,5.007099e+01,5.009545e+01,4.989964e+01,4.967898e+01,4.962989e+01,4.962989e+01,4.962989e+01,4.962989e+01,4.939645e+01,4.935955e+01,4.932264e+01,4.928571e+01,4.927340e+01,4.926109e+01,4.874289e+01,4.874289e+01,4.874289e+01,4.874289e+01,4.874289e+01,4.874289e+01,4.874289e+01,4.823487e+01,4.825970e+01,4.825970e+01,4.825970e+01,4.825970e+01,4.825970e+01,4.825970e+01,4.825970e+01,4.825970e+01,4.825970e+01,4.825970e+01,4.793649e+01,4.793649e+01,4.793649e+01,4.793649e+01,4.793649e+01,4.793649e+01,4.793649e+01,4.793649e+01,4.793649e+01,4.793649e+01,4.793649e+01,4.793649e+01,4.793649e+01,4.793649e+01,4.793649e+01,4.793649e+01,4.793649e+01,4.793649e+01,4.793649e+01,4.743756e+01,4.743756e+01,4.743756e+01,4.743756e+01,4.743756e+01,4.743756e+01,4.692398e+01,4.694908e+01,4.738755e+01,4.719983e+01,4.713719e+01,4.714972e+01,4.693653e+01,4.691143e+01,4.688631e+01,4.686120e+01,4.686120e+01,4.634513e+01,4.679838e+01,4.669781e+01,4.666007e+01,4.610521e+01,4.610521e+01,4.610521e+01,4.610521e+01,4.610521e+01,4.610521e+01,4.610521e+01,4.610521e+01,4.610521e+01,4.563661e+01,4.563661e+01,4.563661e+01,4.563661e+01,4.563661e+01,4.563661e+01,4.563661e+01,4.563661e+01,4.563661e+01,4.563661e+01,4.563661e+01,4.563661e+01,4.563661e+01,4.563661e+01,4.524256e+01,4.524256e+01,4.524256e+01,4.524256e+01,4.524256e+01,4.524256e+01,4.524256e+01,4.524256e+01,4.471936e+01,4.474494e+01,4.474494e+01,4.474494e+01,4.474494e+01,4.474494e+01,4.474494e+01,4.474494e+01,4.474494e+01,4.474494e+01,4.474494e+01,4.474494e+01,4.474494e+01,4.474494e+01,4.474494e+01
3.643361e+01,3.643361e+01,3.643361e+01,3.699631e+01,3.702368e+01,3.702368e+01,3.702368e+01,3.702368e+01,3.702368e+01,3.702368e+01,3.702368e+01,3.705105e+01,3.766505e+01,3.766505e+01,3.766505e+01,3.766505e+01,3.766505e+01,3.766505e+01,3.819444e+01,3.819444e+01,3.819444e+01,3.819444e+01,3.819444e+01,3.819444e+01,3.819444e+01,3.819444e+01,3.874828e+01,3.819444e+01,3.826213e+01,3.884256e+01,3.884256e+01,3.884256e+01,3.884256e+01,3.884256e+01,3.884256e+01,3.884256e+01,3.884256e+01,3.932619e+01,3.932619e+01,3.932619e+01,3.932619e+01,3.932619e+01,3.932619e+01,3.987447e+01,3.982109e+01,3.982109e+01,3.990114e+01,3.990114e+01,3.990114e+01,3.990114e+01,3.990114e+01,3.990114e+01,3.990114e+01,3.990114e+01,3.990114e+01,3.990114e+01,3.990114e+01,3.990114e+01,3.990114e+01,3.990114e+01,3.990114e+01,3.990114e+01,3.990114e+01,3.990114e+01,3.990114e+01,3.990114e+01,3.990114e+01,3.990114e+01,3.990114e+01,3.990114e+01,3.990114e+01,3.990114e+01,4.038025e+01,4.038025e+01,4.038025e+01,4.038025e+01,4.038025e+01,4.038025e+01,4.038025e+01,3.983444e+01,4.024737e+01,4.019417e+01,4.014095e+01,4.010102e+01,4.006107e+01,4.002111e+01,4.002111e+01,4.002111e+01,4.002111e+01,3.947355e+01,3.951371e+01,4.006107e+01,3.947355e+01,3.952709e+01,3.952709e+01,3.952709e+01,3.952709e+01,3.952709e+01,3.952709e+01,3.952709e+01,3.952709e+01,3.952709e+01,3.952709e+01,3.952709e+01,3.952709e+01,3.952709e+01,4.007439e+01,3.963409e+01,3.975434e+01,3.980775e+01,4.035369e+01,4.030054e+01,4.034040e+01,3.995448e+01,4.000779e+01,4.006107e+01,4.011433e+01,4.016756e+01,4.022078e+01,4.027396e+01,4.032712e+01,4.032712e+01,4.032712e+01,4.087056e+01,4.081766e+01,4.081766e+01,4.081766e+01,4.081766e+01,4.081766e+01,4.081766e+01,4.081766e+01,4.081766e+01,4.081766e+01,4.081766e+01,4.135877e+01,4.141142e+01,4.096309e+01,4.134560e+01,4.146405e+01,4.166120e+01,4.160866e+01,4.166120e+01,4.170059e+01,4.164807e+01,4.170059e+01,4.166120e+01,4.163493e+01,4.163493e+01,4.163493e+01,4.163493e+01,4.163493e+01,4.163493e+01,4.163493e+01,4.163493e+01,4.163493e+01,4.163493e+01,4.163493e+01,4.163493e+01,4.163493e+01,4.163493e+01,4.163493e+01,4.215912e+01,4.162180e+01,4.167433e+01,4.172684e+01,4.177932e+01,4.183178e+01,4.201521e+01,4.215912e+01,4.215912e+01,4.215912e+01,4.215912e+01,4.215912e+01,4.215912e+01,4.215912e+01,4.215912e+01,4.215912e+01,4.215912e+01,4.215912e+01,4.215912e+01,4.215912e+01,4.215912e+01,4.215912e+01,4.215912e+01,4.215912e+01,4.215912e+01,4.215912e+01,4.215912e+01,4.215912e+01,4.215912e+01,4.215912e+01,4.215912e+01,4.215912e+01,4.257675e+01,4.257675e+01,4.204139e+01,4.262885e+01,4.262885e+01,4.262885e+01,4.262885e+01,4.262885e+01,4.262885e+01,4.262885e+01,4.262885e+01,4.262885e+01,4.209373e+01,4.226367e+01,4.242032e+01,4.257675e+01,4.268092e+01,4.278500e+01,4.288898e+01,4.294094e+01,4.245945e+01,4.252463e+01,4.258978e+01,4.258978e+01,4.257675e+01,4.257675e+01,4.257675e+01,4.257675e+01,4.257675e+01,4.257675e+01,4.257675e+01,4.257675e+01,4.257675e+01,4.204139e+01,4.210681e+01,4.217220e+01,4.223754e+01,4.230285e+01,4.236813e+01,4.187111e+01,4.247248e+01,4.249856e+01,4.252463e+01,4.252463e+01,4.252463e+01,4.252463e+01,4.252463e+01,4.252463e+01,4.252463e+01,4.252463e+01,4.252463e+01,4.252463e+01,4.252463e+01,4.252463e+01,4.252463e+01,4.252463e+01,4.252463e+01,4.252463e+01,4.252463e+01,4.252463e+01,4.252463e+01,4.252463e+01,4.252463e+01,4.252463e+01,4.252463e+01,4.252463e+01,4.252463e+01,4.252463e+01,4.252463e+01,4.297990e+01,4.296691e+01,4.296691e+01,4.296691e+01,4.296691e+01,4.296691e+01,4.296691e+01,4.296691e+01,4.296691e+01,4.296691e+01,4.347216e+01,4.347216e+01,4.294094e+01,4.301883e+01,4.309667e+01,4.312261e+01,4.314854e+01,4.317446e+01,4.320038e+01,4.322629e+01,4.322629e+01,4.322629e+01,4.322629e+01,4.322629e+01,4.322629e+01,4.322629e+01,4.322629e+01,4.322629e+01,4.322629e+01,4.322629e+01,4.322629e+01,4.322629e+01,4.322629e+01,4.322629e+01,4.322629e+01,4.322629e+01,4.322629e+01,4.322629e+01,4.322629e+01,4.322629e+01,4.322629e+01,4.322629e+01,4.361427e+01,4.369171e+01,4.376910e+01,4.379488e+01,4.382066e+01,4.392372e+01,4.403955e+01,4.406528e+01,4.406528e+01,4.406528e+01,4.406528e+01,4.406528e+01,4.406528e+01,4.406528e+01,4.406528e+01,4.406528e+01,4.406528e+01,4.406528e+01,4.406528e+01,4.406528e+01,4.406528e+01,4.406528e+01,4.406528e+01,4.406528e+01,4.406528e+01,4.406528e+01,4.406528e+01,4.406528e+01,4.406528e+01,4.406528e+01,4.406528e+01,4.406528e+01,4.406528e+01,4.406528e+01,4.406528e+01,4.406528e+01,4.406528e+01,4.406528e+01,4.424520e+01,4.443766e+01,4.393660e+01,4.418097e+01,4.438637e+01,4.450174e+01,4.416813e+01,4.428371e+01,4.439919e+01,4.445048e+01,4.443766e+01,4.450174e+01,4.456579e+01,4.473215e+01,4.434788e+01,4.493658e+01,4.493658e+01,4.493658e+01,4.493658e+01,4.493658e+01,4.493658e+01,4.493658e+01,4.493658e+01,4.493658e+01,4.493658e+01,4.493658e+01,4.493658e+01,4.493658e+01,4.493658e+01,4.493658e+01,4.493658e+01,4.493658e+01,4.493658e+01,4.493658e+01,4.493658e+01,4.493658e+01,4.493658e+01,4.488551e+01,4.488551e+01,4.434788e+01,4.447611e+01,4.460420e+01,4.461700e+01,4.462980e+01,4.462980e+01,4.410386e+01,4.410386e+01,4.414242e+01,4.428371e+01,4.425804e+01,4.373041e+01,4.384644e+01,4.392372e+01,4.400096e+01,4.401382e+01,4.396235e+01,4.384644e+01,4.384644e+01,4.384644e+01,4.384644e+01,4.384644e+01,4.384644e+01,4.384644e+01,4.331693e+01,4.332988e+01,4.332988e+01,4.332988e+01,4.332988e+01,4.332988e+01,4.332988e+01,4.332988e+01,4.332988e+01,4.332988e+01,4.332988e+01,4.332988e+01,4.332988e+01,4.332988e+01,4.304479e+01,4.304479e+01,4.304479e+01,4.304479e+01,4.304479e+01,4.304479e+01,4.357553e+01,4.367881e+01,4.364009e+01,4.356261e+01,4.354969e+01,4.353678e+01,4.352386e+01,4.299288e+01,4.301883e+01,4.304479e+01,4.307073e+01,4.334282e+01,4.334282e+01,4.334282e+01,4.382066e+01,4.382066e+01,4.382066e+01,4.382066e+01,4.382066e+01,4.434788e+01,4.439919e+01,4.439919e+01,4.439919e+01,4.439919e+01,4.492382e+01,4.494934e+01,4.494934e+01,4.494934e+01,4.494934e+01,4.547152e+01,4.549694e+01,4.549694e+01,4.549694e+01,4.601670e+01,4.604200e+01,4.604200e+01,4.604200e+01,4.655938e+01,4.658456e+01,4.658456e+01,4.709959e+01,4.712466e+01,4.712466e+01,4.763738e+01,4.766233e+01,4.766233e+01,4.817276e+01,4.809820e+01,4.809820e+01,4.818519e+01,4.869342e+01,4.861917e+01,4.854489e+01,4.859442e+01,4.870578e+01,4.921183e+01,4.913791e+01,4.956850e+01,4.958078e+01,4.955622e+01,4.955622e+01,5.008322e+01,5.002206e+01,4.997311e+01,5.000982e+01,5.000982e+01,5.051050e+01,5.044955e+01,5.088771e+01,5.088771e+01,5.092415e+01,5.082695e+01,5.072967e+01,5.074183e+01,5.132432e+01,5.126377e+01,5.168699e+01,5.163869e+01,5.163869e+01,5.168699e+01,5.168699e+01,5.168699e+01,5.168699e+01,5.168699e+01,5.168699e+01,5.168699e+01,5.156621e+01,5.151787e+01,5.146951e+01,5.134853e+01,5.116683e+01,5.100914e+01,5.096059e+01,5.094844e+01,5.093630e+01,5.092415e+01,5.082695e+01,5.059578e+01,5.054705e+01,5.030315e+01,5.003429e+01,4.997311e+01,4.996087e+01,4.994862e+01,4.993638e+01,4.969125e+01,4.964217e+01,4.959306e+01,4.954394e+01,4.951937e+01,4.947022e+01,4.926109e+01,4.921183e+01,4.916256e+01,4.911326e+01,4.910093e+01,4.908860e+01,4.848294e+01,4.882941e+01,4.877997e+01,4.873052e+01,4.868105e+01,4.863155e+01,4.861917e+01,4.860680e+01,4.808577e+01,4.859442e+01,4.856965e+01,4.854489e+01,4.839618e+01,4.834657e+01,4.829693e+01,4.776210e+01,4.827211e+01,4.823487e+01,4.819761e+01,4.816034e+01,4.816034e+01,4.816034e+01,4.816034e+01,4.816034e+01,4.816034e+01,4.816034e+01,4.816034e+01,4.816034e+01,4.816034e+01,4.816034e+01,4.764986e+01,4.753751e+01,4.753751e+01,4.753751e+01,4.753751e+01,4.753751e+01,4.753751e+01,4.743756e+01,4.743756e+01,4.748754e+01,4.719983e+01,4.719983e+01,4.719983e+01,4.719983e+01,4.691143e+01,4.691143e+01,4.691143e+01,4.639558e+01,4.689887e+01,4.643340e+01,4.647121e+01,4.643340e+01,4.642079e+01,4.638297e+01,4.634513e+01,4.634513e+01,4.582681e+01,4.586481e+01,4.586481e+01,4.586481e+01,4.586481e+01,4.586481e+01,4.586481e+01,4.586481e+01,4.586481e+01,4.586481e+01,4.586481e+01,4.586481e+01,4.586481e+01,4.586481e+01,4.586481e+01,4.534438e+01,4.538253e+01,4.538253e+01,4.538253e+01,4.538253e+01,4.538253e+01,4.538253e+01,4.538253e+01,4.538253e+01,4.538253e+01,4.485996e+01,4.480885e+01,4.520436e+01,4.515340e+01,4.511517e+01,4.507692e+01,4.503866e+01,4.500039e+01,4.500039e+01,4.500039e+01,4.447611e+01,4.451455e+01,4.451455e+01,4.451455e+01,4.451455e+01,4.451455e+01,4.451455e+01
3.643361e+01,3.643361e+01,3.699631e+01,3.703736e+01,3.703736e+01,3.703736e+01,3.703736e+01,3.703736e+01,3.703736e+01,3.759700e+01,3.754252e+01,3.754252e+01,3.770586e+01,3.770586e+01,3.770586e+01,3.770586e+01,3.826213e+01,3.770586e+01,3.785538e+01,3.789612e+01,3.793685e+01,3.793685e+01,3.849196e+01,3.845144e+01,3.845144e+01,3.845144e+01,3.845144e+01,3.845144e+01,3.845144e+01,3.845144e+01,3.884256e+01,3.884256e+01,3.884256e+01,3.884256e+01,3.884256e+01,3.939320e+01,3.937980e+01,3.941999e+01,3.941999e+01,3.941999e+01,3.941999e+01,3.941999e+01,3.941999e+01,3.941999e+01,3.941999e+01,3.982109e+01,3.982109e+01,3.982109e+01,3.982109e+01,3.982109e+01,3.982109e+01,3.982109e+01,3.982109e+01,3.982109e+01,3.982109e+01,3.982109e+01,3.982109e+01,3.982109e+01,3.982109e+01,3.982109e+01,4.036697e+01,4.031383e+01,4.027396e+01,4.023407e+01,4.019417e+01,4.015426e+01,4.015426e+01,4.015426e+01,4.015426e+01,4.015426e+01,4.015426e+01,4.015426e+01,4.015426e+01,4.015426e+01,4.015426e+01,4.015426e+01,4.015426e+01,4.015426e+01,4.015426e+01,4.015426e+01,4.015426e+01,4.015426e+01,4.015426e+01,4.015426e+01,3.960735e+01,3.966082e+01,3.970091e+01,3.974099e+01,3.968755e+01,3.958060e+01,3.962072e+01,3.963409e+01,3.958060e+01,3.958060e+01,3.958060e+01,3.958060e+01,3.958060e+01,3.958060e+01,3.958060e+01,3.958060e+01,3.958060e+01,3.958060e+01,3.958060e+01,3.958060e+01,3.958060e+01,3.958060e+01,3.958060e+01,4.012764e+01,4.007439e+01,4.012764e+01,3.970091e+01,4.030054e+01,4.024737e+01,4.011433e+01,4.011433e+01,4.011433e+01,4.011433e+01,4.011433e+01,4.011433e+01,4.011433e+01,4.065880e+01,4.061905e+01,4.067204e+01,4.020747e+01,4.027396e+01,4.034040e+01,4.040681e+01,4.044664e+01,4.048645e+01,4.052624e+01,4.056602e+01,4.110833e+01,4.106874e+01,4.056602e+01,4.077797e+01,4.084412e+01,4.094987e+01,4.117429e+01,4.117429e+01,4.117429e+01,4.117429e+01,4.117429e+01,4.117429e+01,4.117429e+01,4.117429e+01,4.117429e+01,4.163493e+01,4.109513e+01,4.116110e+01,4.122703e+01,4.126657e+01,4.130609e+01,4.134560e+01,4.084412e+01,4.145090e+01,4.145090e+01,4.145090e+01,4.145090e+01,4.145090e+01,4.145090e+01,4.145090e+01,4.145090e+01,4.145090e+01,4.145090e+01,4.145090e+01,4.145090e+01,4.145090e+01,4.145090e+01,4.145090e+01,4.162180e+01,4.170059e+01,4.177932e+01,4.180556e+01,4.183178e+01,4.185801e+01,4.188422e+01,4.191043e+01,4.191043e+01,4.191043e+01,4.191043e+01,4.191043e+01,4.191043e+01,4.191043e+01,4.191043e+01,4.191043e+01,4.191043e+01,4.191043e+01,4.191043e+01,4.191043e+01,4.191043e+01,4.191043e+01,4.191043e+01,4.191043e+01,4.191043e+01,4.191043e+01,4.191043e+01,4.191043e+01,4.191043e+01,4.191043e+01,4.191043e+01,4.191043e+01,4.191043e+01,4.191043e+01,4.191043e+01,4.191043e+01,4.191043e+01,4.226367e+01,4.226367e+01,4.226367e+01,4.226367e+01,4.226367e+01,4.226367e+01,4.226367e+01,4.226367e+01,4.226367e+01,4.226367e+01,4.226367e+01,4.226367e+01,4.226367e+01,4.226367e+01,4.226367e+01,4.226367e+01,4.226367e+01,4.204139e+01,4.211989e+01,4.159552e+01,4.209373e+01,4.155610e+01,4.170059e+01,4.184489e+01,4.193663e+01,4.194973e+01,4.208064e+01,4.214605e+01,4.219834e+01,4.171371e+01,4.179244e+01,4.187111e+01,4.194973e+01,4.202830e+01,4.210681e+01,4.213297e+01,4.215912e+01,4.218526e+01,4.221141e+01,4.223754e+01,4.226367e+01,4.226367e+01,4.226367e+01,4.226367e+01,4.226367e+01,4.226367e+01,4.226367e+01,4.226367e+01,4.226367e+01,4.226367e+01,4.226367e+01,4.226367e+01,4.226367e+01,4.226367e+01,4.226367e+01,4.226367e+01,4.226367e+01,4.226367e+01,4.226367e+01,4.226367e+01,4.226367e+01,4.226367e+01,4.226367e+01,4.226367e+01,4.226367e+01,4.226367e+01,4.240727e+01,4.294094e+01,4.291497e+01,4.291497e+01,4.291497e+01,4.291497e+01,4.291497e+01,4.291497e+01,4.291497e+01,4.291497e+01,4.269394e+01,4.277200e+01,4.285000e+01,4.287599e+01,4.236813e+01,4.297990e+01,4.244640e+01,4.253766e+01,4.262885e+01,4.271996e+01,4.281101e+01,4.282401e+01,4.283701e+01,4.285000e+01,4.286300e+01,4.287599e+01,4.288898e+01,4.290198e+01,4.291497e+01,4.292796e+01,4.294094e+01,4.296691e+01,4.320038e+01,4.329104e+01,4.338164e+01,4.342044e+01,4.345923e+01,4.304479e+01,4.325219e+01,4.336870e+01,4.345923e+01,4.354969e+01,4.364009e+01,4.373041e+01,4.373041e+01,4.373041e+01,4.373041e+01,4.373041e+01,4.373041e+01,4.373041e+01,4.373041e+01,4.373041e+01,4.373041e+01,4.373041e+01,4.373041e+01,4.373041e+01,4.373041e+01,4.373041e+01,4.373041e+01,4.373041e+01,4.373041e+01,4.373041e+01,4.373041e+01,4.373041e+01,4.373041e+01,4.373041e+01,4.373041e+01,4.373041e+01,4.373041e+01,4.373041e+01,4.391084e+01,4.405242e+01,4.353678e+01,4.378199e+01,4.398809e+01,4.401382e+01,4.403955e+01,4.403955e+01,4.403955e+01,4.403955e+01,4.403955e+01,4.403955e+01,4.403955e+01,4.403955e+01,4.403955e+01,4.403955e+01,4.403955e+01,4.403955e+01,4.403955e+01,4.403955e+01,4.403955e+01,4.403955e+01,4.403955e+01,4.441201e+01,4.450174e+01,4.406528e+01,4.414242e+01,4.421951e+01,4.429655e+01,4.437354e+01,4.445048e+01,4.400096e+01,4.406528e+01,4.412957e+01,4.419382e+01,4.425804e+01,4.432222e+01,4.438637e+01,4.439919e+01,4.432222e+01,4.432222e+01,4.432222e+01,4.432222e+01,4.410386e+01,4.411671e+01,4.354969e+01,4.361427e+01,4.371751e+01,4.392372e+01,4.387220e+01,4.384644e+01,4.384644e+01,4.331693e+01,4.345923e+01,4.353678e+01,4.360136e+01,4.307073e+01,4.313557e+01,4.320038e+01,4.326514e+01,4.332988e+01,4.339457e+01,4.340751e+01,4.327810e+01,4.327810e+01,4.327810e+01,4.327810e+01,4.327810e+01,4.327810e+01,4.327810e+01,4.327810e+01,4.327810e+01,4.327810e+01,4.327810e+01,4.327810e+01,4.274598e+01,4.273298e+01,4.275899e+01,4.275899e+01,4.275899e+01,4.275899e+01,4.329104e+01,4.332988e+01,4.345923e+01,4.345923e+01,4.292796e+01,4.299288e+01,4.305776e+01,4.312261e+01,4.307073e+01,4.348509e+01,4.342044e+01,4.342044e+01,4.351093e+01,4.348509e+01,4.348509e+01,4.348509e+01,4.348509e+01,4.382066e+01,4.382066e+01,4.382066e+01,4.382066e+01,4.434788e+01,4.434788e+01,4.434788e+01,4.434788e+01,4.487273e+01,4.494934e+01,4.494934e+01,4.494934e+01,4.494934e+01,4.547152e+01,4.549694e+01,4.549694e+01,4.549694e+01,4.601670e+01,4.604200e+01,4.604200e+01,4.655938e+01,4.654679e+01,4.658456e+01,4.658456e+01,4.709959e+01,4.712466e+01,4.763738e+01,4.762490e+01,4.766233e+01,4.766233e+01,4.817276e+01,4.819761e+01,4.819761e+01,4.870578e+01,4.869342e+01,4.871815e+01,4.871815e+01,4.922415e+01,4.916256e+01,4.915023e+01,4.923647e+01,4.970352e+01,4.972805e+01,5.022988e+01,5.014435e+01,5.013213e+01,5.015657e+01,5.065665e+01,5.054705e+01,5.048612e+01,5.047393e+01,5.103342e+01,5.096059e+01,5.099701e+01,5.099701e+01,5.149369e+01,5.133643e+01,5.167491e+01,5.166284e+01,5.169905e+01,5.218092e+01,5.221698e+01,5.212078e+01,5.207266e+01,5.202452e+01,5.202452e+01,5.202452e+01,5.202452e+01,5.202452e+01,5.202452e+01,5.202452e+01,5.190408e+01,5.185587e+01,5.180764e+01,5.168699e+01,5.150578e+01,5.134853e+01,5.130010e+01,5.128799e+01,5.127588e+01,5.126377e+01,5.116683e+01,5.093630e+01,5.088771e+01,5.062013e+01,5.052269e+01,5.041297e+01,5.035197e+01,5.033977e+01,5.032756e+01,5.008322e+01,5.003429e+01,4.998534e+01,4.993638e+01,4.940875e+01,4.940875e+01,4.940875e+01,4.940875e+01,4.940875e+01,4.911326e+01,4.911326e+01,4.911326e+01,4.911326e+01,4.882941e+01,4.882941e+01,4.882941e+01,4.882941e+01,4.882941e+01,4.882941e+01,4.882941e+01,4.859442e+01,4.863155e+01,4.863155e+01,4.863155e+01,4.863155e+01,4.863155e+01,4.863155e+01,4.863155e+01,4.863155e+01,4.823487e+01,4.874289e+01,4.814791e+01,4.814791e+01,4.814791e+01,4.814791e+01,4.814791e+01,4.814791e+01,4.814791e+01,4.814791e+01,4.814791e+01,4.814791e+01,4.814791e+01,4.814791e+01,4.753751e+01,4.753751e+01,4.753751e+01,4.753751e+01,4.753751e+01,4.753751e+01,4.753751e+01,4.753751e+01,4.753751e+01,4.719983e+01,4.719983e+01,4.719983e+01,4.719983e+01,4.691143e+01,4.691143e+01,4.691143e+01,4.691143e+01,4.639558e+01,4.687376e+01,4.629466e+01,4.629466e+01,4.629466e+01,4.629466e+01,4.629466e+01,4.629466e+01,4.629466e+01,4.586481e+01,4.586481e+01,4.586481e+01,4.586481e+01,4.586481e+01,4.586481e+01,4.586481e+01,4.586481e+01,4.586481e+01,4.586481e+01,4.586481e+01,4.586481e+01,4.586481e+01,4.586481e+01,4.534438e+01,4.534438e+01,4.534438e+01,4.534438e+01,4.534438e+01,4.534438e+01,4.534438e+01,4.534438e+01,4.534438e+01,4.534438e+01,4.534438e+01,4.534438e+01,4.482163e+01,4.535710e+01,4.535710e+01,4.507692e+01,4.507692e+01,4.507692e+01,4.507692e+01,4.507692e+01,4.500039e+01,4.492382e+01,4.489828e+01,4.487273e+01,4.484719e+01,4.482163e+01,4.479607e+01
3.699631e+01,3.698262e+01,3.702368e+01,3.702368e+01,3.702368e+01,3.702368e+01,3.702368e+01,3.702368e+01,3.702368e+01,3.759700e+01,3.759700e+01,3.759700e+01,3.759700e+01,3.759700e+01,3.815381e+01,3.758338e+01,3.770586e+01,3.823506e+01,3.815381e+01,3.812671e+01,3.812671e+01,3.812671e+01,3.812671e+01,3.812671e+01,3.812671e+01,3.845144e+01,3.845144e+01,3.845144e+01,3.845144e+01,3.845144e+01,3.884256e+01,3.884256e+01,3.884256e+01,3.884256e+01,3.884256e+01,3.939320e+01,3.939320e+01,3.939320e+01,3.939320e+01,3.939320e+01,3.939320e+01,3.939320e+01,3.939320e+01,3.939320e+01,3.994115e+01,3.991448e+01,3.991448e+01,3.991448e+01,3.991448e+01,3.991448e+01,3.991448e+01,3.991448e+01,3.991448e+01,3.991448e+01,3.991448e+01,3.991448e+01,3.991448e+01,3.991448e+01,3.991448e+01,3.991448e+01,3.991448e+01,3.991448e+01,3.991448e+01,3.991448e+01,3.991448e+01,3.991448e+01,3.991448e+01,4.045991e+01,4.043336e+01,4.040681e+01,4.040681e+01,3.986113e+01,4.043336e+01,4.039353e+01,4.039353e+01,4.039353e+01,3.984778e+01,3.988781e+01,4.043336e+01,3.984778e+01,3.990114e+01,3.990114e+01,3.990114e+01,3.990114e+01,3.990114e+01,3.990114e+01,3.990114e+01,3.990114e+01,3.990114e+01,3.990114e+01,3.990114e+01,3.990114e+01,3.990114e+01,3.990114e+01,3.990114e+01,3.990114e+01,3.958060e+01,3.958060e+01,3.958060e+01,3.958060e+01,3.958060e+01,3.958060e+01,3.958060e+01,3.958060e+01,3.958060e+01,3.958060e+01,3.958060e+01,3.958060e+01,3.958060e+01,3.958060e+01,4.012764e+01,4.018087e+01,3.963409e+01,4.026067e+01,4.026067e+01,4.026067e+01,4.026067e+01,4.026067e+01,4.026067e+01,4.026067e+01,4.026067e+01,4.026067e+01,4.026067e+01,4.026067e+01,4.026067e+01,4.026067e+01,4.026067e+01,4.026067e+01,4.026067e+01,4.080443e+01,4.032712e+01,4.053951e+01,4.056602e+01,4.055276e+01,4.055276e+01,4.055276e+01,4.055276e+01,4.063230e+01,4.072502e+01,4.081766e+01,4.087056e+01,4.092345e+01,4.092345e+01,4.092345e+01,4.092345e+01,4.092345e+01,4.092345e+01,4.092345e+01,4.092345e+01,4.122703e+01,4.122703e+01,4.122703e+01,4.122703e+01,4.122703e+01,4.122703e+01,4.122703e+01,4.122703e+01,4.122703e+01,4.122703e+01,4.122703e+01,4.122703e+01,4.122703e+01,4.122703e+01,4.122703e+01,4.122703e+01,4.122703e+01,4.122703e+01,4.122703e+01,4.122703e+01,4.122703e+01,4.122703e+01,4.122703e+01,4.122703e+01,4.122703e+01,4.122703e+01,4.122703e+01,4.122703e+01,4.122703e+01,4.122703e+01,4.122703e+01,4.122703e+01,4.122703e+01,4.137194e+01,4.146405e+01,4.155610e+01,4.160866e+01,4.166120e+01,4.112152e+01,4.121385e+01,4.130609e+01,4.139826e+01,4.149036e+01,4.154295e+01,4.159552e+01,4.164807e+01,4.164807e+01,4.164807e+01,4.164807e+01,4.164807e+01,4.164807e+01,4.164807e+01,4.164807e+01,4.164807e+01,4.164807e+01,4.164807e+01,4.164807e+01,4.164807e+01,4.172684e+01,4.181867e+01,4.191043e+01,4.196283e+01,4.201521e+01,4.201521e+01,4.201521e+01,4.201521e+01,4.201521e+01,4.147721e+01,4.156924e+01,4.166120e+01,4.175309e+01,4.184489e+01,4.189733e+01,4.141142e+01,4.150351e+01,4.160866e+01,4.164807e+01,4.167433e+01,4.167433e+01,4.167433e+01,4.167433e+01,4.167433e+01,4.167433e+01,4.167433e+01,4.167433e+01,4.167433e+01,4.167433e+01,4.167433e+01,4.167433e+01,4.167433e+01,4.167433e+01,4.167433e+01,4.167433e+01,4.167433e+01,4.167433e+01,4.167433e+01,4.167433e+01,4.167433e+01,4.167433e+01,4.167433e+01,4.167433e+01,4.167433e+01,4.167433e+01,4.167433e+01,4.167433e+01,4.167433e+01,4.167433e+01,4.167433e+01,4.167433e+01,4.167433e+01,4.167433e+01,4.167433e+01,4.172684e+01,4.181867e+01,4.191043e+01,4.194973e+01,4.198902e+01,4.202830e+01,4.202830e+01,4.202830e+01,4.202830e+01,4.202830e+01,4.202830e+01,4.202830e+01,4.202830e+01,4.202830e+01,4.202830e+01,4.202830e+01,4.202830e+01,4.238118e+01,4.247248e+01,4.202830e+01,4.210681e+01,4.271996e+01,4.218526e+01,4.235508e+01,4.240727e+01,4.242032e+01,4.256372e+01,4.256372e+01,4.256372e+01,4.256372e+01,4.256372e+01,4.256372e+01,4.256372e+01,4.256372e+01,4.256372e+01,4.256372e+01,4.256372e+01,4.256372e+01,4.256372e+01,4.256372e+01,4.256372e+01,4.256372e+01,4.256372e+01,4.256372e+01,4.256372e+01,4.256372e+01,4.256372e+01,4.256372e+01,4.256372e+01,4.325219e+01,4.325219e+01,4.325219e+01,4.325219e+01,4.325219e+01,4.325219e+01,4.325219e+01,4.325219e+01,4.325219e+01,4.325219e+01,4.325219e+01,4.325219e+01,4.325219e+01,4.325219e+01,4.325219e+01,4.325219e+01,4.325219e+01,4.325219e+01,4.325219e+01,4.325219e+01,4.325219e+01,4.325219e+01,4.325219e+01,4.325219e+01,4.325219e+01,4.325219e+01,4.325219e+01,4.325219e+01,4.325219e+01,4.325219e+01,4.325219e+01,4.325219e+01,4.325219e+01,4.325219e+01,4.325219e+01,4.325219e+01,4.325219e+01,4.325219e+01,4.325219e+01,4.325219e+01,4.325219e+01,4.325219e+01,4.325219e+01,4.325219e+01,4.325219e+01,4.351093e+01,4.360136e+01,4.369171e+01,4.373041e+01,4.376910e+01,4.380777e+01,4.380777e+01,4.380777e+01,4.380777e+01,4.380777e+01,4.380777e+01,4.380777e+01,4.380777e+01,4.380777e+01,4.380777e+01,4.380777e+01,4.380777e+01,4.380777e+01,4.380777e+01,4.380777e+01,4.380777e+01,4.380777e+01,4.380777e+01,4.380777e+01,4.380777e+01,4.380777e+01,4.380777e+01,4.380777e+01,4.380777e+01,4.380777e+01,4.380777e+01,4.380777e+01,4.380777e+01,4.380777e+01,4.380777e+01,4.327810e+01,4.336870e+01,4.345923e+01,4.340751e+01,4.330399e+01,4.330399e+01,4.330399e+01,4.330399e+01,4.330399e+01,4.330399e+01,4.330399e+01,4.330399e+01,4.330399e+01,4.330399e+01,4.330399e+01,4.277200e+01,4.286300e+01,4.290198e+01,4.294094e+01,4.297990e+01,4.301883e+01,4.301883e+01,4.301883e+01,4.301883e+01,4.301883e+01,4.301883e+01,4.301883e+01,4.274598e+01,4.274598e+01,4.274598e+01,4.274598e+01,4.274598e+01,4.274598e+01,4.274598e+01,4.332988e+01,4.332988e+01,4.332988e+01,4.292796e+01,4.292796e+01,4.292796e+01,4.292796e+01,4.292796e+01,4.292796e+01,4.292796e+01,4.342044e+01,4.342044e+01,4.342044e+01,4.342044e+01,4.342044e+01,4.342044e+01,4.382066e+01,4.434788e+01,4.425804e+01,4.423236e+01,4.423236e+01,4.423236e+01,4.475772e+01,4.480885e+01,4.488551e+01,4.488551e+01,4.488551e+01,4.540797e+01,4.538253e+01,4.548423e+01,4.548423e+01,4.600405e+01,4.597874e+01,4.602935e+01,4.602935e+01,4.654679e+01,4.657197e+01,4.657197e+01,4.708706e+01,4.706199e+01,4.711213e+01,4.767481e+01,4.768728e+01,4.768728e+01,4.819761e+01,4.817276e+01,4.818519e+01,4.869342e+01,4.866867e+01,4.871815e+01,4.922415e+01,4.913791e+01,4.911326e+01,4.961762e+01,4.951937e+01,4.947022e+01,5.002206e+01,5.003429e+01,5.009545e+01,5.013213e+01,5.063231e+01,5.053487e+01,5.100914e+01,5.102128e+01,5.137273e+01,5.122743e+01,5.120319e+01,5.121531e+01,5.145742e+01,5.186792e+01,5.185587e+01,5.186792e+01,5.228908e+01,5.226505e+01,5.218092e+01,5.216889e+01,5.268488e+01,5.261301e+01,5.244515e+01,5.286437e+01,5.274473e+01,5.267290e+01,5.260102e+01,5.252911e+01,5.245715e+01,5.238515e+01,5.237314e+01,5.224102e+01,5.218092e+01,5.212078e+01,5.198840e+01,5.179558e+01,5.212078e+01,5.200044e+01,5.191612e+01,5.133643e+01,5.133643e+01,5.133643e+01,5.133643e+01,5.088771e+01,5.076616e+01,5.076616e+01,5.076616e+01,5.076616e+01,5.033977e+01,5.033977e+01,5.033977e+01,5.033977e+01,4.998534e+01,4.988739e+01,4.971579e+01,4.970352e+01,4.969125e+01,4.917488e+01,4.959306e+01,4.944563e+01,4.892821e+01,4.892821e+01,4.892821e+01,4.892821e+01,4.892821e+01,4.892821e+01,4.892821e+01,4.892821e+01,4.892821e+01,4.892821e+01,4.892821e+01,4.892821e+01,4.892821e+01,4.892821e+01,4.892821e+01,4.863155e+01,4.863155e+01,4.863155e+01,4.863155e+01,4.863155e+01,4.863155e+01,4.863155e+01,4.863155e+01,4.863155e+01,4.863155e+01,4.863155e+01,4.863155e+01,4.863155e+01,4.863155e+01,4.814791e+01,4.814791e+01,4.814791e+01,4.814791e+01,4.814791e+01,4.804847e+01,4.745005e+01,4.745005e+01,4.745005e+01,4.745005e+01,4.745005e+01,4.745005e+01,4.745005e+01,4.745005e+01,4.745005e+01,4.693653e+01,4.683607e+01,4.681095e+01,4.681095e+01,4.681095e+01,4.681095e+01,4.681095e+01,4.681095e+01,4.681095e+01,4.681095e+01,4.629466e+01,4.629466e+01,4.629466e+01,4.629466e+01,4.629466e+01,4.586481e+01,4.586481e+01,4.586481e+01,4.586481e+01,4.586481e+01,4.586481e+01,4.586481e+01,4.586481e+01,4.586481e+01,4.586481e+01,4.586481e+01,4.586481e+01,4.586481e+01,4.586481e+01,4.586481e+01,4.586481e+01,4.534438e+01,4.534438e+01,4.534438e+01,4.534438e+01,4.534438e+01,4.534438e+01,4.534438e+01,4.534438e+01,4.534438e+01,4.534438e+01,4.534438e+01,4.534438e+01,4.534438e+01,4.534438e+01,4.534438e+01,4.507692e+01,4.507692e+01,4.507692e+01,4.507692e+01,4.507692e+01,4.507692e+01,4.455298e+01,4.457859e+01,4.460420e+01,4.460420e+01
3.702368e+01,3.702368e+01,3.702368e+01,3.702368e+01,3.702368e+01,3.702368e+01,3.702368e+01,3.702368e+01,3.758338e+01,3.762422e+01,3.762422e+01,3.762422e+01,3.762422e+01,3.762422e+01,3.762422e+01,3.762422e+01,3.818090e+01,3.826213e+01,3.826213e+01,3.826213e+01,3.826213e+01,3.826213e+01,3.826213e+01,3.826213e+01,3.826213e+01,3.826213e+01,3.826213e+01,3.881563e+01,3.878869e+01,3.889640e+01,3.886948e+01,3.886948e+01,3.886948e+01,3.886948e+01,3.886948e+01,3.886948e+01,3.939320e+01,3.939320e+01,3.939320e+01,3.939320e+01,3.939320e+01,3.939320e+01,3.939320e+01,3.939320e+01,3.939320e+01,3.939320e+01,3.991448e+01,3.991448e+01,3.991448e+01,3.991448e+01,3.991448e+01,3.991448e+01,3.991448e+01,3.991448e+01,3.991448e+01,3.991448e+01,3.991448e+01,3.991448e+01,3.991448e+01,3.991448e+01,3.991448e+01,3.991448e+01,3.991448e+01,3.991448e+01,3.991448e+01,3.991448e+01,4.045991e+01,4.048645e+01,4.048645e+01,4.048645e+01,3.994115e+01,3.991448e+01,4.010102e+01,4.012764e+01,4.012764e+01,4.012764e+01,4.012764e+01,4.012764e+01,4.012764e+01,4.012764e+01,4.012764e+01,4.012764e+01,4.012764e+01,4.012764e+01,4.012764e+01,4.012764e+01,4.012764e+01,3.958060e+01,3.960735e+01,3.963409e+01,3.963409e+01,3.963409e+01,3.963409e+01,3.963409e+01,3.963409e+01,3.963409e+01,3.963409e+01,3.963409e+01,3.963409e+01,3.963409e+01,3.963409e+01,3.963409e+01,3.963409e+01,3.963409e+01,3.963409e+01,3.963409e+01,3.963409e+01,3.963409e+01,3.963409e+01,3.963409e+01,3.963409e+01,3.963409e+01,3.963409e+01,3.963409e+01,3.971427e+01,4.036697e+01,3.982109e+01,3.994115e+01,3.996781e+01,3.999446e+01,3.999446e+01,3.999446e+01,4.053951e+01,3.996781e+01,4.000779e+01,4.000779e+01,4.000779e+01,4.055276e+01,4.007439e+01,4.019417e+01,4.016756e+01,4.016756e+01,4.016756e+01,4.055276e+01,4.055276e+01,4.055276e+01,4.055276e+01,4.055276e+01,4.055276e+01,4.055276e+01,4.055276e+01,4.055276e+01,4.055276e+01,4.092345e+01,4.092345e+01,4.092345e+01,4.092345e+01,4.092345e+01,4.092345e+01,4.092345e+01,4.092345e+01,4.092345e+01,4.092345e+01,4.092345e+01,4.092345e+01,4.092345e+01,4.092345e+01,4.092345e+01,4.092345e+01,4.092345e+01,4.092345e+01,4.092345e+01,4.092345e+01,4.092345e+01,4.092345e+01,4.092345e+01,4.092345e+01,4.092345e+01,4.092345e+01,4.092345e+01,4.092345e+01,4.092345e+01,4.092345e+01,4.092345e+01,4.092345e+01,4.092345e+01,4.092345e+01,4.092345e+01,4.092345e+01,4.092345e+01,4.092345e+01,4.092345e+01,4.092345e+01,4.092345e+01,4.092345e+01,4.092345e+01,4.112152e+01,4.109513e+01,4.109513e+01,4.109513e+01,4.109513e+01,4.109513e+01,4.109513e+01,4.109513e+01,4.109513e+01,4.164807e+01,4.110833e+01,4.122703e+01,4.126657e+01,4.130609e+01,4.134560e+01,4.138510e+01,4.138510e+01,4.138510e+01,4.138510e+01,4.138510e+01,4.138510e+01,4.138510e+01,4.138510e+01,4.138510e+01,4.138510e+01,4.138510e+01,4.138510e+01,4.138510e+01,4.138510e+01,4.138510e+01,4.138510e+01,4.138510e+01,4.138510e+01,4.138510e+01,4.138510e+01,4.138510e+01,4.138510e+01,4.138510e+01,4.138510e+01,4.084412e+01,4.098951e+01,4.110833e+01,4.122703e+01,4.134560e+01,4.138510e+01,4.088379e+01,4.100272e+01,4.112152e+01,4.124021e+01,4.081766e+01,4.093666e+01,4.105554e+01,4.117429e+01,4.129292e+01,4.131926e+01,4.134560e+01,4.137194e+01,4.139826e+01,4.142458e+01,4.142458e+01,4.142458e+01,4.142458e+01,4.142458e+01,4.142458e+01,4.142458e+01,4.142458e+01,4.142458e+01,4.142458e+01,4.142458e+01,4.142458e+01,4.142458e+01,4.142458e+01,4.142458e+01,4.142458e+01,4.142458e+01,4.142458e+01,4.142458e+01,4.142458e+01,4.142458e+01,4.142458e+01,4.142458e+01,4.142458e+01,4.142458e+01,4.149036e+01,4.160866e+01,4.163493e+01,4.166120e+01,4.168746e+01,4.171371e+01,4.173996e+01,4.176620e+01,4.184489e+01,4.204139e+01,4.208064e+01,4.213297e+01,4.218526e+01,4.230285e+01,4.228979e+01,4.175309e+01,4.192353e+01,4.205447e+01,4.222448e+01,4.225061e+01,4.173996e+01,4.185801e+01,4.197593e+01,4.209373e+01,4.167433e+01,4.231591e+01,4.177932e+01,4.189733e+01,4.201521e+01,4.213297e+01,4.225061e+01,4.173996e+01,4.185801e+01,4.197593e+01,4.209373e+01,4.221141e+01,4.222448e+01,4.223754e+01,4.225061e+01,4.226367e+01,4.238118e+01,4.221141e+01,4.286300e+01,4.287599e+01,4.288898e+01,4.290198e+01,4.291497e+01,4.292796e+01,4.294094e+01,4.295393e+01,4.296691e+01,4.297990e+01,4.299288e+01,4.245945e+01,4.258978e+01,4.271996e+01,4.285000e+01,4.286300e+01,4.287599e+01,4.288898e+01,4.290198e+01,4.291497e+01,4.239423e+01,4.252463e+01,4.265489e+01,4.278500e+01,4.238118e+01,4.249856e+01,4.261583e+01,4.273298e+01,4.285000e+01,4.285000e+01,4.285000e+01,4.285000e+01,4.285000e+01,4.285000e+01,4.285000e+01,4.285000e+01,4.285000e+01,4.285000e+01,4.285000e+01,4.285000e+01,4.285000e+01,4.285000e+01,4.285000e+01,4.285000e+01,4.310964e+01,4.320038e+01,4.329104e+01,4.332988e+01,4.336870e+01,4.340751e+01,4.340751e+01,4.340751e+01,4.340751e+01,4.340751e+01,4.340751e+01,4.340751e+01,4.340751e+01,4.340751e+01,4.340751e+01,4.340751e+01,4.340751e+01,4.340751e+01,4.340751e+01,4.340751e+01,4.340751e+01,4.340751e+01,4.340751e+01,4.340751e+01,4.340751e+01,4.340751e+01,4.340751e+01,4.340751e+01,4.340751e+01,4.340751e+01,4.287599e+01,4.352386e+01,4.299288e+01,4.312261e+01,4.313557e+01,4.310964e+01,4.310964e+01,4.310964e+01,4.310964e+01,4.310964e+01,4.257675e+01,4.270695e+01,4.283701e+01,4.296691e+01,4.295393e+01,4.294094e+01,4.292796e+01,4.291497e+01,4.290198e+01,4.285000e+01,4.274598e+01,4.274598e+01,4.274598e+01,4.274598e+01,4.274598e+01,4.274598e+01,4.274598e+01,4.274598e+01,4.274598e+01,4.274598e+01,4.274598e+01,4.274598e+01,4.274598e+01,4.274598e+01,4.274598e+01,4.274598e+01,4.274598e+01,4.274598e+01,4.274598e+01,4.274598e+01,4.274598e+01,4.274598e+01,4.274598e+01,4.274598e+01,4.274598e+01,4.274598e+01,4.327810e+01,4.329104e+01,4.281101e+01,4.349801e+01,4.349801e+01,4.349801e+01,4.349801e+01,4.349801e+01,4.402669e+01,4.376910e+01,4.397522e+01,4.396235e+01,4.447611e+01,4.447611e+01,4.447611e+01,4.475772e+01,4.475772e+01,4.528075e+01,4.528075e+01,4.531893e+01,4.543340e+01,4.543340e+01,4.595344e+01,4.594078e+01,4.602935e+01,4.602935e+01,4.654679e+01,4.653419e+01,4.657197e+01,4.657197e+01,4.708706e+01,4.711213e+01,4.762490e+01,4.761242e+01,4.769976e+01,4.769976e+01,4.821003e+01,4.823487e+01,4.823487e+01,4.874289e+01,4.876761e+01,4.876761e+01,4.927340e+01,4.929802e+01,4.929802e+01,4.980162e+01,4.982613e+01,5.002206e+01,5.046174e+01,4.998534e+01,5.048612e+01,5.086341e+01,5.086341e+01,5.088771e+01,5.132432e+01,5.134853e+01,5.144532e+01,5.191612e+01,5.166284e+01,5.202452e+01,5.191612e+01,5.191612e+01,5.194022e+01,5.243315e+01,5.243315e+01,5.245715e+01,5.294804e+01,5.275670e+01,5.274473e+01,5.325835e+01,5.307942e+01,5.340131e+01,5.342512e+01,5.319873e+01,5.350842e+01,5.334176e+01,5.317488e+01,5.300777e+01,5.284045e+01,5.273277e+01,5.309135e+01,5.293609e+01,5.278064e+01,5.255308e+01,5.237314e+01,5.236114e+01,5.236114e+01,5.236114e+01,5.183175e+01,5.173526e+01,5.163869e+01,5.152996e+01,5.138484e+01,5.116683e+01,5.106982e+01,5.108195e+01,5.097273e+01,5.085126e+01,5.075399e+01,5.065665e+01,5.013213e+01,5.013213e+01,5.013213e+01,5.013213e+01,4.970352e+01,4.964217e+01,4.956850e+01,4.949480e+01,4.939645e+01,4.974032e+01,4.964217e+01,4.954394e+01,4.944563e+01,4.934724e+01,4.924878e+01,4.926109e+01,4.927340e+01,4.928571e+01,4.879233e+01,4.879233e+01,4.879233e+01,4.879233e+01,4.879233e+01,4.879233e+01,4.879233e+01,4.879233e+01,4.879233e+01,4.879233e+01,4.879233e+01,4.879233e+01,4.879233e+01,4.879233e+01,4.828452e+01,4.879233e+01,4.828452e+01,4.829693e+01,4.830934e+01,4.825970e+01,4.824728e+01,4.824728e+01,4.824728e+01,4.824728e+01,4.824728e+01,4.773717e+01,4.755000e+01,4.755000e+01,4.755000e+01,4.755000e+01,4.755000e+01,4.703690e+01,4.713719e+01,4.714972e+01,4.709959e+01,4.703690e+01,4.703690e+01,4.703690e+01,4.703690e+01,4.703690e+01,4.703690e+01,4.703690e+01,4.652160e+01,4.653419e+01,4.648381e+01,4.639558e+01,4.639558e+01,4.639558e+01,4.639558e+01,4.639558e+01,4.586481e+01,4.586481e+01,4.638297e+01,4.628204e+01,4.618103e+01,4.616840e+01,4.615576e+01,4.614313e+01,4.613049e+01,4.559853e+01,4.562392e+01,4.562392e+01,4.562392e+01,4.562392e+01,4.562392e+01,4.562392e+01,4.562392e+01,4.562392e+01,4.562392e+01,4.562392e+01,4.562392e+01,4.562392e+01,4.562392e+01,4.562392e+01,4.534438e+01,4.534438e+01,4.534438e+01,4.534438e+01,4.534438e+01,4.534438e+01,4.534438e+01,4.534438e+01,4.534438e+01,4.507692e+01,4.507692e+01,4.507692e+01,4.507692e+01,4.507692e+01,4.507692e+01,4.460420e+01,4.460420e+01
3.702368e+01,3.702368e+01,3.702368e+01,3.702368e+01,3.702368e+01,3.702368e+01,3.702368e+01,3.702368e+01,3.758338e+01,3.758338e+01,3.758338e+01,3.758338e+01,3.758338e+01,3.758338e+01,3.758338e+01,3.758338e+01,3.818090e+01,3.818090e+01,3.818090e+01,3.818090e+01,3.818090e+01,3.818090e+01,3.818090e+01,3.818090e+01,3.818090e+01,3.873480e+01,3.874828e+01,3.884256e+01,3.884256e+01,3.884256e+01,3.884256e+01,3.884256e+01,3.884256e+01,3.884256e+01,3.884256e+01,3.939320e+01,3.941999e+01,3.941999e+01,3.941999e+01,3.941999e+01,3.941999e+01,3.941999e+01,3.941999e+01,3.941999e+01,3.941999e+01,3.996781e+01,3.999446e+01,3.999446e+01,3.999446e+01,3.999446e+01,3.999446e+01,3.999446e+01,3.999446e+01,3.999446e+01,3.999446e+01,3.999446e+01,3.999446e+01,3.999446e+01,3.999446e+01,3.999446e+01,3.999446e+01,3.999446e+01,3.999446e+01,3.999446e+01,3.999446e+01,3.999446e+01,4.045991e+01,3.991448e+01,4.002111e+01,4.000779e+01,4.045991e+01,4.032712e+01,4.030054e+01,4.030054e+01,4.030054e+01,4.030054e+01,4.030054e+01,4.030054e+01,3.975434e+01,3.978105e+01,3.980775e+01,4.038025e+01,3.983444e+01,3.987447e+01,3.987447e+01,3.987447e+01,3.987447e+01,3.987447e+01,3.987447e+01,3.987447e+01,3.987447e+01,3.987447e+01,3.987447e+01,3.987447e+01,3.987447e+01,3.987447e+01,3.987447e+01,3.932619e+01,3.936640e+01,3.936640e+01,3.936640e+01,3.936640e+01,3.936640e+01,3.936640e+01,3.936640e+01,3.936640e+01,3.936640e+01,3.936640e+01,3.936640e+01,3.936640e+01,3.936640e+01,3.936640e+01,3.936640e+01,3.991448e+01,3.996781e+01,3.994115e+01,3.992781e+01,3.992781e+01,3.992781e+01,3.992781e+01,3.992781e+01,3.992781e+01,3.992781e+01,3.992781e+01,3.992781e+01,3.992781e+01,4.047318e+01,4.049971e+01,4.042009e+01,4.038025e+01,4.038025e+01,4.038025e+01,4.038025e+01,4.038025e+01,4.038025e+01,4.038025e+01,4.038025e+01,4.038025e+01,4.038025e+01,4.038025e+01,4.038025e+01,4.038025e+01,4.092345e+01,4.094987e+01,4.040681e+01,4.051298e+01,4.055276e+01,4.059254e+01,4.063230e+01,4.067204e+01,4.067204e+01,4.067204e+01,4.067204e+01,4.067204e+01,4.067204e+01,4.067204e+01,4.067204e+01,4.067204e+01,4.067204e+01,4.121385e+01,4.117429e+01,4.063230e+01,4.067204e+01,4.067204e+01,4.067204e+01,4.067204e+01,4.067204e+01,4.067204e+01,4.067204e+01,4.067204e+01,4.067204e+01,4.067204e+01,4.067204e+01,4.067204e+01,4.067204e+01,4.067204e+01,4.067204e+01,4.067204e+01,4.067204e+01,4.067204e+01,4.067204e+01,4.067204e+01,4.067204e+01,4.067204e+01,4.067204e+01,4.067204e+01,4.067204e+01,4.067204e+01,4.067204e+01,4.109513e+01,4.109513e+01,4.109513e+01,4.109513e+01,4.109513e+01,4.109513e+01,4.109513e+01,4.109513e+01,4.109513e+01,4.109513e+01,4.109513e+01,4.109513e+01,4.109513e+01,4.109513e+01,4.109513e+01,4.109513e+01,4.109513e+01,4.109513e+01,4.109513e+01,4.109513e+01,4.109513e+01,4.109513e+01,4.109513e+01,4.109513e+01,4.109513e+01,4.109513e+01,4.109513e+01,4.109513e+01,4.109513e+01,4.109513e+01,4.109513e+01,4.084412e+01,4.094987e+01,4.051298e+01,4.060579e+01,4.059254e+01,4.056602e+01,4.075150e+01,4.075150e+01,4.075150e+01,4.075150e+01,4.075150e+01,4.075150e+01,4.075150e+01,4.075150e+01,4.075150e+01,4.075150e+01,4.075150e+01,4.075150e+01,4.075150e+01,4.075150e+01,4.075150e+01,4.075150e+01,4.075150e+01,4.075150e+01,4.075150e+01,4.075150e+01,4.075150e+01,4.075150e+01,4.075150e+01,4.075150e+01,4.075150e+01,4.075150e+01,4.075150e+01,4.075150e+01,4.075150e+01,4.075150e+01,4.075150e+01,4.075150e+01,4.075150e+01,4.088379e+01,4.097630e+01,4.106874e+01,4.110833e+01,4.114791e+01,4.118748e+01,4.118748e+01,4.118748e+01,4.118748e+01,4.118748e+01,4.118748e+01,4.118748e+01,4.118748e+01,4.118748e+01,4.118748e+01,4.171371e+01,4.171371e+01,4.171371e+01,4.171371e+01,4.150351e+01,4.163493e+01,4.177932e+01,4.133244e+01,4.154295e+01,4.152981e+01,4.150351e+01,4.150351e+01,4.150351e+01,4.150351e+01,4.150351e+01,4.150351e+01,4.150351e+01,4.150351e+01,4.150351e+01,4.150351e+01,4.150351e+01,4.150351e+01,4.150351e+01,4.150351e+01,4.150351e+01,4.150351e+01,4.150351e+01,4.150351e+01,4.150351e+01,4.150351e+01,4.150351e+01,4.168746e+01,4.179244e+01,4.189733e+01,4.193663e+01,4.208064e+01,4.219834e+01,4.197593e+01,4.208064e+01,4.218526e+01,4.228979e+01,4.239423e+01,4.249856e+01,4.206756e+01,4.215912e+01,4.225061e+01,4.234202e+01,4.234202e+01,4.231591e+01,4.231591e+01,4.231591e+01,4.231591e+01,4.231591e+01,4.231591e+01,4.231591e+01,4.231591e+01,4.231591e+01,4.231591e+01,4.231591e+01,4.231591e+01,4.231591e+01,4.231591e+01,4.231591e+01,4.231591e+01,4.231591e+01,4.231591e+01,4.231591e+01,4.231591e+01,4.231591e+01,4.231591e+01,4.231591e+01,4.231591e+01,4.231591e+01,4.231591e+01,4.231591e+01,4.231591e+01,4.231591e+01,4.231591e+01,4.231591e+01,4.231591e+01,4.285000e+01,4.285000e+01,4.285000e+01,4.285000e+01,4.285000e+01,4.285000e+01,4.285000e+01,4.285000e+01,4.285000e+01,4.285000e+01,4.285000e+01,4.285000e+01,4.340751e+01,4.340751e+01,4.287599e+01,4.295393e+01,4.303181e+01,4.305776e+01,4.308371e+01,4.310964e+01,4.313557e+01,4.316150e+01,4.316150e+01,4.316150e+01,4.316150e+01,4.316150e+01,4.316150e+01,4.316150e+01,4.316150e+01,4.316150e+01,4.316150e+01,4.316150e+01,4.316150e+01,4.316150e+01,4.262885e+01,4.325219e+01,4.271996e+01,4.274598e+01,4.277200e+01,4.279800e+01,4.274598e+01,4.268092e+01,4.268092e+01,4.214605e+01,4.236813e+01,4.245945e+01,4.255069e+01,4.257675e+01,4.260281e+01,4.262885e+01,4.265489e+01,4.265489e+01,4.265489e+01,4.265489e+01,4.265489e+01,4.265489e+01,4.265489e+01,4.265489e+01,4.265489e+01,4.265489e+01,4.265489e+01,4.265489e+01,4.265489e+01,4.265489e+01,4.265489e+01,4.265489e+01,4.265489e+01,4.265489e+01,4.265489e+01,4.265489e+01,4.265489e+01,4.265489e+01,4.265489e+01,4.265489e+01,4.265489e+01,4.265489e+01,4.265489e+01,4.274598e+01,4.274598e+01,4.332988e+01,4.299288e+01,4.308371e+01,4.310964e+01,4.366590e+01,4.371751e+01,4.367881e+01,4.424520e+01,4.415527e+01,4.419382e+01,4.412957e+01,4.469378e+01,4.477051e+01,4.479607e+01,4.484719e+01,4.493658e+01,4.550964e+01,4.550964e+01,4.550964e+01,4.602935e+01,4.604200e+01,4.604200e+01,4.655938e+01,4.657197e+01,4.658456e+01,4.658456e+01,4.709959e+01,4.711213e+01,4.712466e+01,4.768728e+01,4.769976e+01,4.769976e+01,4.821003e+01,4.822245e+01,4.874289e+01,4.865630e+01,4.866867e+01,4.927340e+01,4.918720e+01,4.919952e+01,4.931033e+01,4.981388e+01,4.982613e+01,4.986289e+01,5.036417e+01,5.037637e+01,5.026652e+01,5.087556e+01,5.105769e+01,5.104555e+01,5.154205e+01,5.155413e+01,5.159038e+01,5.202452e+01,5.203656e+01,5.243315e+01,5.234913e+01,5.233712e+01,5.267290e+01,5.307942e+01,5.300777e+01,5.304360e+01,5.295999e+01,5.346083e+01,5.349652e+01,5.371050e+01,5.372237e+01,5.375800e+01,5.407816e+01,5.406631e+01,5.399523e+01,5.379361e+01,5.378174e+01,5.357978e+01,5.357978e+01,5.357978e+01,5.357978e+01,5.357978e+01,5.357978e+01,5.342512e+01,5.319873e+01,5.290023e+01,5.317488e+01,5.260102e+01,5.260102e+01,5.260102e+01,5.260102e+01,5.222900e+01,5.204859e+01,5.185587e+01,5.168699e+01,5.144532e+01,5.132432e+01,5.130010e+01,5.130010e+01,5.130010e+01,5.075399e+01,5.059578e+01,5.046174e+01,5.043736e+01,5.041297e+01,5.030315e+01,5.020545e+01,5.005876e+01,4.989964e+01,4.980162e+01,4.980162e+01,4.978936e+01,4.978936e+01,4.978936e+01,4.978936e+01,4.934724e+01,4.934724e+01,4.934724e+01,4.934724e+01,4.934724e+01,4.934724e+01,4.934724e+01,4.934724e+01,4.929802e+01,4.921183e+01,4.912558e+01,4.910093e+01,4.907627e+01,4.905161e+01,4.902694e+01,4.902694e+01,4.902694e+01,4.902694e+01,4.902694e+01,4.902694e+01,4.902694e+01,4.879233e+01,4.870578e+01,4.861917e+01,4.854489e+01,4.850772e+01,4.848294e+01,4.797383e+01,4.799871e+01,4.793649e+01,4.783687e+01,4.783687e+01,4.783687e+01,4.783687e+01,4.755000e+01,4.748754e+01,4.737504e+01,4.735003e+01,4.735003e+01,4.735003e+01,4.735003e+01,4.735003e+01,4.735003e+01,4.703690e+01,4.703690e+01,4.703690e+01,4.703690e+01,4.652160e+01,4.652160e+01,4.652160e+01,4.652160e+01,4.652160e+01,4.652160e+01,4.652160e+01,4.652160e+01,4.638297e+01,4.640818e+01,4.644600e+01,4.592812e+01,4.595344e+01,4.595344e+01,4.595344e+01,4.595344e+01,4.595344e+01,4.595344e+01,4.595344e+01,4.595344e+01,4.595344e+01,4.595344e+01,4.595344e+01,4.595344e+01,4.595344e+01,4.562392e+01,4.562392e+01,4.562392e+01,4.562392e+01,4.562392e+01,4.562392e+01,4.562392e+01,4.562392e+01,4.562392e+01,4.562392e+01,4.562392e+01,4.534438e+01,4.534438e+01,4.534438e+01,4.534438e+01,4.534438e+01,4.534438e+01,4.507692e+01,4.507692e+01,4.507692e+01,4.507692e+01,4.507692e+01,4.507692e+01,4.507692e+01
3.702368e+01,3.702368e+01,3.702368e+01,3.702368e+01,3.702368e+01,3.702368e+01,3.702368e+01,3.758338e+01,3.762422e+01,3.762422e+01,3.762422e+01,3.762422e+01,3.762422e+01,3.762422e+01,3.818090e+01,3.765144e+01,3.837035e+01,3.837035e+01,3.781462e+01,3.839738e+01,3.839738e+01,3.839738e+01,3.839738e+01,3.839738e+01,3.839738e+01,3.839738e+01,3.839738e+01,3.839738e+01,3.884256e+01,3.884256e+01,3.884256e+01,3.884256e+01,3.884256e+01,3.884256e+01,3.884256e+01,3.939320e+01,3.939320e+01,3.939320e+01,3.939320e+01,3.939320e+01,3.939320e+01,3.939320e+01,3.939320e+01,3.994115e+01,3.995448e+01,3.946016e+01,3.958060e+01,3.962072e+01,3.966082e+01,3.970091e+01,3.974099e+01,3.974099e+01,3.974099e+01,3.974099e+01,3.974099e+01,3.974099e+01,3.974099e+01,3.974099e+01,3.974099e+01,3.974099e+01,3.974099e+01,4.028725e+01,4.024737e+01,4.024737e+01,4.024737e+01,4.024737e+01,4.024737e+01,4.024737e+01,4.024737e+01,4.024737e+01,4.024737e+01,4.024737e+01,4.024737e+01,4.024737e+01,4.024737e+01,4.024737e+01,4.024737e+01,4.024737e+01,4.024737e+01,4.024737e+01,3.980775e+01,3.994115e+01,3.980775e+01,3.980775e+01,3.980775e+01,3.980775e+01,3.980775e+01,3.980775e+01,3.980775e+01,3.980775e+01,3.980775e+01,3.980775e+01,3.980775e+01,3.980775e+01,3.980775e+01,3.980775e+01,3.980775e+01,3.980775e+01,3.936640e+01,3.936640e+01,3.936640e+01,3.936640e+01,3.936640e+01,3.936640e+01,3.936640e+01,3.936640e+01,3.936640e+01,3.936640e+01,3.936640e+01,3.936640e+01,3.936640e+01,3.936640e+01,3.936640e+01,3.991448e+01,3.936640e+01,3.946016e+01,3.955385e+01,4.014095e+01,4.014095e+01,4.014095e+01,4.014095e+01,4.014095e+01,4.014095e+01,3.959398e+01,3.964746e+01,3.976770e+01,3.996781e+01,4.008770e+01,4.014095e+01,4.019417e+01,4.019417e+01,4.019417e+01,4.019417e+01,4.019417e+01,4.019417e+01,4.019417e+01,4.019417e+01,4.019417e+01,4.019417e+01,4.019417e+01,4.019417e+01,4.019417e+01,4.019417e+01,4.019417e+01,4.019417e+01,4.051298e+01,4.051298e+01,4.051298e+01,4.051298e+01,4.051298e+01,4.051298e+01,4.051298e+01,4.051298e+01,4.051298e+01,4.051298e+01,4.051298e+01,4.051298e+01,4.051298e+01,4.051298e+01,4.051298e+01,4.051298e+01,4.051298e+01,4.051298e+01,4.051298e+01,4.051298e+01,4.051298e+01,4.051298e+01,4.051298e+01,4.051298e+01,4.051298e+01,4.051298e+01,4.051298e+01,4.051298e+01,4.051298e+01,4.051298e+01,4.051298e+01,4.051298e+01,4.051298e+01,4.051298e+01,4.051298e+01,4.051298e+01,4.051298e+01,4.051298e+01,4.051298e+01,4.051298e+01,4.051298e+01,4.051298e+01,4.051298e+01,4.051298e+01,4.051298e+01,4.051298e+01,4.051298e+01,4.051298e+01,4.051298e+01,4.051298e+01,4.051298e+01,4.051298e+01,4.051298e+01,4.055276e+01,4.064555e+01,4.073826e+01,4.079120e+01,4.084412e+01,4.084412e+01,4.084412e+01,4.084412e+01,4.084412e+01,4.084412e+01,4.084412e+01,4.084412e+01,4.084412e+01,4.084412e+01,4.084412e+01,4.084412e+01,4.084412e+01,4.084412e+01,4.084412e+01,4.084412e+01,4.084412e+01,4.084412e+01,4.030054e+01,4.039353e+01,4.036697e+01,4.036697e+01,4.036697e+01,4.036697e+01,4.036697e+01,4.036697e+01,4.036697e+01,4.036697e+01,4.036697e+01,4.036697e+01,4.036697e+01,4.036697e+01,4.036697e+01,4.036697e+01,4.036697e+01,4.036697e+01,4.036697e+01,4.036697e+01,4.036697e+01,4.036697e+01,4.036697e+01,4.036697e+01,4.036697e+01,4.036697e+01,4.036697e+01,4.036697e+01,4.036697e+01,4.036697e+01,4.075150e+01,4.075150e+01,4.075150e+01,4.075150e+01,4.075150e+01,4.075150e+01,4.075150e+01,4.075150e+01,4.075150e+01,4.075150e+01,4.075150e+01,4.075150e+01,4.075150e+01,4.075150e+01,4.075150e+01,4.075150e+01,4.075150e+01,4.075150e+01,4.075150e+01,4.075150e+01,4.075150e+01,4.075150e+01,4.075150e+01,4.075150e+01,4.117429e+01,4.126657e+01,4.081766e+01,4.089701e+01,4.097630e+01,4.118748e+01,4.131926e+01,4.129292e+01,4.129292e+01,4.129292e+01,4.129292e+01,4.129292e+01,4.129292e+01,4.129292e+01,4.129292e+01,4.129292e+01,4.129292e+01,4.129292e+01,4.129292e+01,4.129292e+01,4.129292e+01,4.075150e+01,4.083089e+01,4.091023e+01,4.098951e+01,4.106874e+01,4.114791e+01,4.120066e+01,4.125339e+01,4.125339e+01,4.125339e+01,4.125339e+01,4.179244e+01,4.179244e+01,4.179244e+01,4.179244e+01,4.179244e+01,4.179244e+01,4.179244e+01,4.179244e+01,4.179244e+01,4.179244e+01,4.179244e+01,4.179244e+01,4.179244e+01,4.179244e+01,4.179244e+01,4.179244e+01,4.179244e+01,4.179244e+01,4.179244e+01,4.179244e+01,4.179244e+01,4.179244e+01,4.179244e+01,4.179244e+01,4.179244e+01,4.179244e+01,4.179244e+01,4.179244e+01,4.179244e+01,4.179244e+01,4.179244e+01,4.179244e+01,4.179244e+01,4.179244e+01,4.179244e+01,4.179244e+01,4.179244e+01,4.179244e+01,4.179244e+01,4.179244e+01,4.179244e+01,4.179244e+01,4.179244e+01,4.179244e+01,4.231591e+01,4.177932e+01,4.185801e+01,4.201521e+01,4.214605e+01,4.222448e+01,4.230285e+01,4.238118e+01,4.245945e+01,4.251160e+01,4.256372e+01,4.261583e+01,4.261583e+01,4.261583e+01,4.261583e+01,4.261583e+01,4.261583e+01,4.261583e+01,4.261583e+01,4.261583e+01,4.261583e+01,4.261583e+01,4.261583e+01,4.261583e+01,4.261583e+01,4.261583e+01,4.261583e+01,4.316150e+01,4.262885e+01,4.270695e+01,4.278500e+01,4.283701e+01,4.288898e+01,4.240727e+01,4.248552e+01,4.256372e+01,4.264187e+01,4.262885e+01,4.269394e+01,4.282401e+01,4.215912e+01,4.279800e+01,4.226367e+01,4.238118e+01,4.242032e+01,4.245945e+01,4.239423e+01,4.225061e+01,4.225061e+01,4.225061e+01,4.225061e+01,4.225061e+01,4.225061e+01,4.225061e+01,4.225061e+01,4.225061e+01,4.225061e+01,4.225061e+01,4.225061e+01,4.225061e+01,4.225061e+01,4.225061e+01,4.225061e+01,4.225061e+01,4.225061e+01,4.225061e+01,4.225061e+01,4.225061e+01,4.225061e+01,4.225061e+01,4.225061e+01,4.265489e+01,4.265489e+01,4.265489e+01,4.265489e+01,4.265489e+01,4.265489e+01,4.265489e+01,4.265489e+01,4.265489e+01,4.265489e+01,4.318742e+01,4.320038e+01,4.323924e+01,4.314854e+01,4.314854e+01,4.367881e+01,4.371751e+01,4.371751e+01,4.371751e+01,4.424520e+01,4.424520e+01,4.424520e+01,4.424520e+01,4.469378e+01,4.469378e+01,4.521709e+01,4.512791e+01,4.517888e+01,4.570004e+01,4.570004e+01,4.570004e+01,4.602935e+01,4.602935e+01,4.602935e+01,4.655938e+01,4.655938e+01,4.655938e+01,4.707452e+01,4.713719e+01,4.713719e+01,4.764986e+01,4.772470e+01,4.772470e+01,4.823487e+01,4.827211e+01,4.833416e+01,4.894056e+01,4.894056e+01,4.894056e+01,4.927340e+01,4.927340e+01,4.977710e+01,4.978936e+01,5.035197e+01,5.026652e+01,5.027873e+01,5.091201e+01,5.082695e+01,5.122743e+01,5.127588e+01,5.168699e+01,5.169905e+01,5.174733e+01,5.224102e+01,5.226505e+01,5.280457e+01,5.282849e+01,5.288828e+01,5.322258e+01,5.323450e+01,5.347272e+01,5.353221e+01,5.388853e+01,5.384108e+01,5.378174e+01,5.384108e+01,5.380548e+01,5.425567e+01,5.420836e+01,5.471606e+01,5.470427e+01,5.464534e+01,5.452738e+01,5.476318e+01,5.471606e+01,5.448017e+01,5.444475e+01,5.440932e+01,5.437388e+01,5.433843e+01,5.381735e+01,5.381735e+01,5.381735e+01,5.338940e+01,5.329410e+01,5.349652e+01,5.295999e+01,5.293609e+01,5.290023e+01,5.269685e+01,5.246914e+01,5.222900e+01,5.203656e+01,5.226505e+01,5.209673e+01,5.152996e+01,5.152996e+01,5.152996e+01,5.125166e+01,5.103342e+01,5.083910e+01,5.080264e+01,5.076616e+01,5.064448e+01,5.053487e+01,5.037637e+01,5.020545e+01,5.009545e+01,5.008322e+01,5.005876e+01,5.004652e+01,5.003429e+01,4.997311e+01,4.983839e+01,4.977710e+01,4.971579e+01,4.970352e+01,4.969125e+01,4.967898e+01,4.966671e+01,4.915023e+01,4.915023e+01,4.915023e+01,4.915023e+01,4.915023e+01,4.915023e+01,4.915023e+01,4.915023e+01,4.915023e+01,4.915023e+01,4.915023e+01,4.915023e+01,4.864392e+01,4.917488e+01,4.879233e+01,4.879233e+01,4.879233e+01,4.828452e+01,4.832175e+01,4.825970e+01,4.828452e+01,4.824728e+01,4.824728e+01,4.783687e+01,4.783687e+01,4.783687e+01,4.783687e+01,4.755000e+01,4.755000e+01,4.755000e+01,4.755000e+01,4.755000e+01,4.755000e+01,4.755000e+01,4.703690e+01,4.745005e+01,4.728747e+01,4.728747e+01,4.677325e+01,4.672296e+01,4.713719e+01,4.707452e+01,4.649640e+01,4.649640e+01,4.649640e+01,4.649640e+01,4.649640e+01,4.649640e+01,4.649640e+01,4.649640e+01,4.597874e+01,4.586481e+01,4.586481e+01,4.586481e+01,4.586481e+01,4.586481e+01,4.586481e+01,4.586481e+01,4.586481e+01,4.586481e+01,4.586481e+01,4.586481e+01,4.586481e+01,4.586481e+01,4.586481e+01,4.586481e+01,4.586481e+01,4.586481e+01,4.586481e+01,4.586481e+01,4.534438e+01,4.538253e+01,4.538253e+01,4.538253e+01,4.538253e+01,4.538253e+01,4.538253e+01,4.538253e+01,4.538253e+01,4.538253e+01,4.538253e+01,4.538253e+01,4.538253e+01,4.507692e+01,4.507692e+01,4.507692e+01,4.507692e+01,4.507692e+01,4.507692e+01
3.702368e+01,3.702368e+01,3.702368e+01,3.702368e+01,3.758338e+01,3.750165e+01,3.752890e+01,3.765144e+01,3.765144e+01,3.765144e+01,3.765144e+01,3.765144e+01,3.765144e+01,3.765144e+01,3.818090e+01,3.809961e+01,3.788254e+01,3.841090e+01,3.830272e+01,3.845144e+01,3.845144e+01,3.845144e+01,3.845144e+01,3.845144e+01,3.845144e+01,3.845144e+01,3.845144e+01,3.845144e+01,3.884256e+01,3.884256e+01,3.884256e+01,3.884256e+01,3.884256e+01,3.939320e+01,3.885602e+01,3.905777e+01,3.909807e+01,3.913836e+01,3.913836e+01,3.968755e+01,3.964746e+01,3.964746e+01,3.964746e+01,3.964746e+01,3.964746e+01,3.964746e+01,3.964746e+01,3.964746e+01,3.964746e+01,3.964746e+01,3.964746e+01,3.964746e+01,4.019417e+01,4.011433e+01,4.007439e+01,4.003443e+01,3.999446e+01,3.999446e+01,3.999446e+01,3.999446e+01,3.999446e+01,3.999446e+01,3.999446e+01,3.999446e+01,3.999446e+01,3.999446e+01,3.999446e+01,3.999446e+01,3.999446e+01,3.999446e+01,3.999446e+01,3.999446e+01,3.999446e+01,3.999446e+01,3.999446e+01,3.999446e+01,3.999446e+01,3.999446e+01,3.999446e+01,3.999446e+01,3.999446e+01,3.999446e+01,3.999446e+01,3.999446e+01,3.999446e+01,3.999446e+01,3.999446e+01,3.999446e+01,3.999446e+01,3.999446e+01,3.999446e+01,3.999446e+01,3.999446e+01,3.944677e+01,3.948694e+01,3.952709e+01,3.956723e+01,3.950032e+01,3.948694e+01,3.948694e+01,3.948694e+01,3.948694e+01,3.948694e+01,3.948694e+01,3.948694e+01,3.948694e+01,3.948694e+01,3.948694e+01,3.948694e+01,3.948694e+01,3.948694e+01,3.948694e+01,3.948694e+01,3.948694e+01,3.948694e+01,3.948694e+01,3.948694e+01,3.948694e+01,4.014095e+01,3.959398e+01,4.022078e+01,3.967419e+01,3.967419e+01,4.008770e+01,3.999446e+01,3.995448e+01,3.995448e+01,3.995448e+01,3.995448e+01,3.995448e+01,3.995448e+01,3.995448e+01,3.995448e+01,3.995448e+01,3.995448e+01,3.995448e+01,3.995448e+01,3.995448e+01,3.995448e+01,3.995448e+01,4.049971e+01,4.045991e+01,4.045991e+01,4.045991e+01,4.045991e+01,4.045991e+01,4.045991e+01,4.045991e+01,4.045991e+01,4.045991e+01,4.045991e+01,4.045991e+01,4.045991e+01,4.045991e+01,4.045991e+01,4.045991e+01,4.045991e+01,4.045991e+01,4.045991e+01,4.045991e+01,4.045991e+01,4.045991e+01,4.045991e+01,4.045991e+01,4.045991e+01,4.045991e+01,4.045991e+01,4.045991e+01,4.045991e+01,4.045991e+01,4.045991e+01,4.045991e+01,4.045991e+01,4.045991e+01,4.045991e+01,4.045991e+01,4.045991e+01,4.045991e+01,4.045991e+01,4.045991e+01,4.045991e+01,4.045991e+01,4.045991e+01,4.045991e+01,4.045991e+01,4.045991e+01,4.045991e+01,4.045991e+01,4.045991e+01,4.045991e+01,4.045991e+01,4.045991e+01,4.045991e+01,4.045991e+01,4.045991e+01,4.045991e+01,4.045991e+01,4.045991e+01,4.045991e+01,4.045991e+01,4.045991e+01,4.045991e+01,4.045991e+01,4.045991e+01,4.045991e+01,4.045991e+01,4.045991e+01,4.045991e+01,4.084412e+01,4.084412e+01,4.030054e+01,4.039353e+01,4.048645e+01,4.052624e+01,4.056602e+01,4.060579e+01,4.060579e+01,4.060579e+01,4.006107e+01,4.006107e+01,4.056602e+01,4.056602e+01,4.002111e+01,4.006107e+01,4.010102e+01,4.010102e+01,4.010102e+01,4.010102e+01,4.010102e+01,4.010102e+01,4.010102e+01,4.010102e+01,4.010102e+01,4.010102e+01,4.010102e+01,4.010102e+01,4.010102e+01,4.010102e+01,4.010102e+01,4.010102e+01,4.010102e+01,4.010102e+01,4.010102e+01,4.010102e+01,4.010102e+01,4.010102e+01,4.010102e+01,4.010102e+01,4.010102e+01,4.010102e+01,4.010102e+01,4.010102e+01,4.020747e+01,4.030054e+01,4.039353e+01,4.043336e+01,4.047318e+01,4.051298e+01,3.996781e+01,4.006107e+01,4.015426e+01,4.024737e+01,4.034040e+01,4.038025e+01,4.042009e+01,4.045991e+01,4.049971e+01,4.049971e+01,4.049971e+01,4.049971e+01,4.049971e+01,4.049971e+01,4.049971e+01,4.049971e+01,4.063230e+01,4.072502e+01,4.069854e+01,4.069854e+01,4.069854e+01,4.069854e+01,4.069854e+01,4.069854e+01,4.069854e+01,4.069854e+01,4.069854e+01,4.069854e+01,4.069854e+01,4.069854e+01,4.069854e+01,4.069854e+01,4.069854e+01,4.069854e+01,4.069854e+01,4.069854e+01,4.069854e+01,4.069854e+01,4.069854e+01,4.069854e+01,4.069854e+01,4.069854e+01,4.069854e+01,4.069854e+01,4.069854e+01,4.069854e+01,4.069854e+01,4.125339e+01,4.092345e+01,4.101593e+01,4.110833e+01,4.120066e+01,4.129292e+01,4.138510e+01,4.142458e+01,4.146405e+01,4.150351e+01,4.154295e+01,4.154295e+01,4.154295e+01,4.154295e+01,4.154295e+01,4.154295e+01,4.154295e+01,4.154295e+01,4.154295e+01,4.154295e+01,4.154295e+01,4.154295e+01,4.154295e+01,4.154295e+01,4.154295e+01,4.154295e+01,4.154295e+01,4.154295e+01,4.154295e+01,4.154295e+01,4.154295e+01,4.154295e+01,4.154295e+01,4.154295e+01,4.154295e+01,4.154295e+01,4.154295e+01,4.154295e+01,4.154295e+01,4.154295e+01,4.154295e+01,4.154295e+01,4.154295e+01,4.154295e+01,4.154295e+01,4.154295e+01,4.154295e+01,4.154295e+01,4.154295e+01,4.154295e+01,4.154295e+01,4.154295e+01,4.184489e+01,4.201521e+01,4.215912e+01,4.225061e+01,4.234202e+01,4.184489e+01,4.193663e+01,4.202830e+01,4.211989e+01,4.221141e+01,4.223754e+01,4.226367e+01,4.228979e+01,4.231591e+01,4.234202e+01,4.236813e+01,4.236813e+01,4.236813e+01,4.236813e+01,4.236813e+01,4.236813e+01,4.236813e+01,4.236813e+01,4.236813e+01,4.236813e+01,4.236813e+01,4.236813e+01,4.236813e+01,4.236813e+01,4.236813e+01,4.236813e+01,4.236813e+01,4.236813e+01,4.183178e+01,4.209373e+01,4.206756e+01,4.206756e+01,4.206756e+01,4.206756e+01,4.206756e+01,4.206756e+01,4.206756e+01,4.206756e+01,4.206756e+01,4.206756e+01,4.206756e+01,4.206756e+01,4.206756e+01,4.206756e+01,4.206756e+01,4.206756e+01,4.206756e+01,4.206756e+01,4.206756e+01,4.206756e+01,4.206756e+01,4.206756e+01,4.206756e+01,4.206756e+01,4.206756e+01,4.206756e+01,4.206756e+01,4.206756e+01,4.206756e+01,4.211989e+01,4.221141e+01,4.230285e+01,4.232896e+01,4.235508e+01,4.238118e+01,4.240727e+01,4.294094e+01,4.291497e+01,4.297990e+01,4.307073e+01,4.307073e+01,4.307073e+01,4.307073e+01,4.360136e+01,4.370461e+01,4.370461e+01,4.370461e+01,4.423236e+01,4.427088e+01,4.427088e+01,4.479607e+01,4.479607e+01,4.482163e+01,4.488551e+01,4.540797e+01,4.540797e+01,4.540797e+01,4.540797e+01,4.570004e+01,4.577612e+01,4.639558e+01,4.637035e+01,4.642079e+01,4.644600e+01,4.696163e+01,4.701182e+01,4.709959e+01,4.709959e+01,4.761242e+01,4.767481e+01,4.767481e+01,4.818519e+01,4.825970e+01,4.825970e+01,4.876761e+01,4.896524e+01,4.896524e+01,4.947022e+01,4.945792e+01,5.002206e+01,5.004652e+01,5.009545e+01,5.074183e+01,5.113046e+01,5.113046e+01,5.115471e+01,5.163869e+01,5.166284e+01,5.215687e+01,5.218092e+01,5.258904e+01,5.260102e+01,5.262498e+01,5.316295e+01,5.318681e+01,5.365110e+01,5.368674e+01,5.367486e+01,5.409000e+01,5.403078e+01,5.406631e+01,5.453918e+01,5.443294e+01,5.479851e+01,5.473962e+01,5.471606e+01,5.473962e+01,5.518652e+01,5.520999e+01,5.513955e+01,5.550310e+01,5.533904e+01,5.529213e+01,5.519825e+01,5.539766e+01,5.484560e+01,5.476318e+01,5.471606e+01,5.457458e+01,5.435025e+01,5.430297e+01,5.416103e+01,5.410184e+01,5.395967e+01,5.381735e+01,5.365110e+01,5.357978e+01,5.349652e+01,5.324643e+01,5.297194e+01,5.268488e+01,5.293609e+01,5.240915e+01,5.215687e+01,5.189202e+01,5.187997e+01,5.184381e+01,5.173526e+01,5.146951e+01,5.122743e+01,5.117896e+01,5.113046e+01,5.099701e+01,5.087556e+01,5.070533e+01,5.052269e+01,5.040077e+01,5.037637e+01,5.033977e+01,5.031536e+01,5.029094e+01,5.021767e+01,4.983839e+01,4.983839e+01,4.983839e+01,4.983839e+01,4.983839e+01,4.983839e+01,4.983839e+01,4.965444e+01,4.960534e+01,4.955622e+01,4.950708e+01,4.949480e+01,4.948251e+01,4.947022e+01,4.945792e+01,4.944563e+01,4.943334e+01,4.942104e+01,4.931033e+01,4.921183e+01,4.912558e+01,4.892821e+01,4.892821e+01,4.842097e+01,4.838377e+01,4.838377e+01,4.838377e+01,4.838377e+01,4.838377e+01,4.838377e+01,4.783687e+01,4.783687e+01,4.783687e+01,4.783687e+01,4.783687e+01,4.783687e+01,4.783687e+01,4.783687e+01,4.755000e+01,4.755000e+01,4.755000e+01,4.703690e+01,4.713719e+01,4.714972e+01,4.706199e+01,4.708706e+01,4.709959e+01,4.703690e+01,4.694908e+01,4.681095e+01,4.679838e+01,4.678581e+01,4.677325e+01,4.676068e+01,4.623154e+01,4.625679e+01,4.616840e+01,4.607993e+01,4.607993e+01,4.607993e+01,4.607993e+01,4.607993e+01,4.607993e+01,4.607993e+01,4.607993e+01,4.607993e+01,4.607993e+01,4.607993e+01,4.607993e+01,4.556044e+01,4.558584e+01,4.561123e+01,4.561123e+01,4.561123e+01,4.561123e+01,4.561123e+01,4.561123e+01,4.561123e+01,4.561123e+01,4.561123e+01,4.561123e+01,4.561123e+01,4.561123e+01,4.561123e+01,4.561123e+01,4.508967e+01,4.511517e+01,4.514066e+01,4.514066e+01,4.514066e+01,4.514066e+01,4.514066e+01,4.514066e+01,4.514066e+01,4.514066e+01,4.514066e+01
3.702368e+01,3.702368e+01,3.702368e+01,3.702368e+01,3.702368e+01,3.750165e+01,3.750165e+01,3.750165e+01,3.750165e+01,3.750165e+01,3.750165e+01,3.750165e+01,3.805894e+01,3.756976e+01,3.776026e+01,3.834330e+01,3.822152e+01,3.830272e+01,3.830272e+01,3.830272e+01,3.830272e+01,3.830272e+01,3.830272e+01,3.885602e+01,3.881563e+01,3.877522e+01,3.873480e+01,3.882909e+01,3.886948e+01,3.886948e+01,3.886948e+01,3.886948e+01,3.886948e+01,3.886948e+01,3.886948e+01,3.941999e+01,3.937980e+01,3.933960e+01,3.943338e+01,3.958060e+01,3.958060e+01,3.958060e+01,3.958060e+01,3.958060e+01,3.958060e+01,3.958060e+01,3.958060e+01,3.958060e+01,3.958060e+01,4.012764e+01,4.007439e+01,3.958060e+01,3.979440e+01,3.983444e+01,3.987447e+01,3.987447e+01,3.987447e+01,3.987447e+01,3.987447e+01,3.987447e+01,3.987447e+01,3.987447e+01,3.987447e+01,3.987447e+01,3.987447e+01,3.987447e+01,3.987447e+01,3.987447e+01,4.042009e+01,4.038025e+01,4.034040e+01,4.030054e+01,4.026067e+01,4.026067e+01,4.026067e+01,4.026067e+01,4.026067e+01,4.026067e+01,4.026067e+01,4.026067e+01,3.971427e+01,4.030054e+01,4.024737e+01,4.024737e+01,4.024737e+01,3.970091e+01,3.975434e+01,3.975434e+01,3.975434e+01,3.975434e+01,3.975434e+01,3.975434e+01,3.975434e+01,3.975434e+01,3.975434e+01,3.975434e+01,3.975434e+01,3.975434e+01,3.975434e+01,3.975434e+01,3.920548e+01,3.925914e+01,3.925914e+01,3.925914e+01,3.925914e+01,3.925914e+01,3.925914e+01,3.925914e+01,3.925914e+01,3.925914e+01,3.925914e+01,3.925914e+01,3.925914e+01,3.925914e+01,3.925914e+01,3.980775e+01,3.975434e+01,3.984778e+01,3.992781e+01,3.948694e+01,3.968755e+01,3.964746e+01,3.972763e+01,3.994115e+01,3.994115e+01,3.994115e+01,3.994115e+01,3.994115e+01,3.994115e+01,3.994115e+01,3.994115e+01,3.994115e+01,3.994115e+01,3.994115e+01,3.994115e+01,3.994115e+01,3.994115e+01,3.994115e+01,3.994115e+01,3.994115e+01,3.994115e+01,3.994115e+01,4.045991e+01,4.045991e+01,4.045991e+01,4.045991e+01,3.991448e+01,3.996781e+01,4.002111e+01,4.007439e+01,4.012764e+01,4.018087e+01,4.023407e+01,4.023407e+01,4.023407e+01,4.023407e+01,4.023407e+01,4.023407e+01,4.023407e+01,4.023407e+01,4.023407e+01,4.023407e+01,4.023407e+01,4.023407e+01,4.023407e+01,4.023407e+01,4.023407e+01,4.023407e+01,4.023407e+01,4.023407e+01,4.023407e+01,4.023407e+01,4.023407e+01,4.023407e+01,4.023407e+01,3.968755e+01,4.028725e+01,4.028725e+01,4.028725e+01,4.028725e+01,3.974099e+01,3.980775e+01,3.987447e+01,3.994115e+01,4.000779e+01,4.007439e+01,4.012764e+01,4.018087e+01,4.023407e+01,4.023407e+01,4.023407e+01,4.023407e+01,4.023407e+01,4.023407e+01,4.023407e+01,4.023407e+01,4.023407e+01,4.023407e+01,4.023407e+01,4.023407e+01,4.023407e+01,4.023407e+01,4.023407e+01,4.023407e+01,4.023407e+01,4.023407e+01,4.023407e+01,4.023407e+01,4.023407e+01,4.023407e+01,4.023407e+01,4.023407e+01,4.023407e+01,4.023407e+01,4.023407e+01,4.023407e+01,4.023407e+01,4.023407e+01,4.023407e+01,4.023407e+01,4.023407e+01,4.023407e+01,4.023407e+01,3.968755e+01,3.978105e+01,3.983444e+01,3.983444e+01,3.983444e+01,3.983444e+01,3.983444e+01,3.983444e+01,3.983444e+01,3.983444e+01,3.983444e+01,3.983444e+01,3.983444e+01,3.983444e+01,3.983444e+01,3.983444e+01,3.983444e+01,3.983444e+01,3.983444e+01,3.983444e+01,4.038025e+01,3.978105e+01,3.984778e+01,4.039353e+01,4.032712e+01,4.032712e+01,3.978105e+01,3.984778e+01,4.039353e+01,4.032712e+01,4.032712e+01,4.032712e+01,4.032712e+01,4.032712e+01,4.032712e+01,4.032712e+01,3.978105e+01,3.994115e+01,3.994115e+01,3.994115e+01,3.994115e+01,3.994115e+01,3.994115e+01,3.994115e+01,3.994115e+01,3.994115e+01,4.049971e+01,4.049971e+01,4.049971e+01,4.049971e+01,4.049971e+01,4.049971e+01,4.049971e+01,4.049971e+01,4.049971e+01,4.049971e+01,4.049971e+01,4.049971e+01,4.049971e+01,4.049971e+01,4.049971e+01,4.049971e+01,4.049971e+01,4.049971e+01,4.049971e+01,4.049971e+01,4.049971e+01,4.049971e+01,4.049971e+01,4.049971e+01,4.049971e+01,4.049971e+01,4.049971e+01,4.049971e+01,4.049971e+01,4.049971e+01,4.049971e+01,4.049971e+01,4.049971e+01,4.049971e+01,4.049971e+01,4.049971e+01,4.049971e+01,4.049971e+01,4.049971e+01,4.056602e+01,4.072502e+01,4.088379e+01,4.104234e+01,4.114791e+01,4.125339e+01,4.125339e+01,4.125339e+01,4.125339e+01,4.125339e+01,4.125339e+01,4.125339e+01,4.125339e+01,4.125339e+01,4.125339e+01,4.125339e+01,4.125339e+01,4.125339e+01,4.125339e+01,4.125339e+01,4.125339e+01,4.125339e+01,4.125339e+01,4.125339e+01,4.100272e+01,4.106874e+01,4.059254e+01,4.064555e+01,4.069854e+01,4.075150e+01,4.080443e+01,4.139826e+01,4.085734e+01,4.092345e+01,4.098951e+01,4.105554e+01,4.112152e+01,4.118748e+01,4.125339e+01,4.077797e+01,4.084412e+01,4.091023e+01,4.097630e+01,4.104234e+01,4.110833e+01,4.117429e+01,4.122703e+01,4.127974e+01,4.135877e+01,4.151666e+01,4.173996e+01,4.139826e+01,4.155610e+01,4.162180e+01,4.159552e+01,4.159552e+01,4.159552e+01,4.159552e+01,4.159552e+01,4.170059e+01,4.179244e+01,4.188422e+01,4.196283e+01,4.204139e+01,4.211989e+01,4.211989e+01,4.211989e+01,4.211989e+01,4.158238e+01,4.164807e+01,4.225061e+01,4.225061e+01,4.225061e+01,4.225061e+01,4.225061e+01,4.225061e+01,4.225061e+01,4.225061e+01,4.171371e+01,4.179244e+01,4.187111e+01,4.184489e+01,4.180556e+01,4.180556e+01,4.180556e+01,4.180556e+01,4.180556e+01,4.180556e+01,4.180556e+01,4.180556e+01,4.180556e+01,4.180556e+01,4.180556e+01,4.180556e+01,4.180556e+01,4.180556e+01,4.180556e+01,4.180556e+01,4.180556e+01,4.180556e+01,4.180556e+01,4.180556e+01,4.180556e+01,4.180556e+01,4.180556e+01,4.180556e+01,4.180556e+01,4.180556e+01,4.180556e+01,4.180556e+01,4.180556e+01,4.234202e+01,4.228979e+01,4.228979e+01,4.228979e+01,4.228979e+01,4.228979e+01,4.228979e+01,4.228979e+01,4.282401e+01,4.283701e+01,4.283701e+01,4.283701e+01,4.283701e+01,4.283701e+01,4.336870e+01,4.342044e+01,4.349801e+01,4.349801e+01,4.402669e+01,4.407814e+01,4.412957e+01,4.412957e+01,4.465540e+01,4.469378e+01,4.469378e+01,4.469378e+01,4.521709e+01,4.530621e+01,4.530621e+01,4.582681e+01,4.586481e+01,4.586481e+01,4.595344e+01,4.607993e+01,4.613049e+01,4.642079e+01,4.704945e+01,4.707452e+01,4.707452e+01,4.758746e+01,4.761242e+01,4.763738e+01,4.814791e+01,4.817276e+01,4.871815e+01,4.864392e+01,4.869342e+01,4.880469e+01,4.931033e+01,4.935955e+01,4.987514e+01,4.988739e+01,5.005876e+01,5.055924e+01,5.058360e+01,5.092415e+01,5.149369e+01,5.144532e+01,5.198840e+01,5.202452e+01,5.207266e+01,5.219294e+01,5.278064e+01,5.281653e+01,5.330602e+01,5.332985e+01,5.385294e+01,5.387667e+01,5.392411e+01,5.436206e+01,5.485738e+01,5.478674e+01,5.513955e+01,5.506907e+01,5.511606e+01,5.504556e+01,5.552652e+01,5.539766e+01,5.578384e+01,5.581889e+01,5.574878e+01,5.569033e+01,5.613392e+01,5.614557e+01,5.592399e+01,5.581889e+01,5.566694e+01,5.552652e+01,5.574878e+01,5.560845e+01,5.550310e+01,5.530386e+01,5.502205e+01,5.491621e+01,5.471606e+01,5.459817e+01,5.439751e+01,5.468070e+01,5.398338e+01,5.387667e+01,5.375800e+01,5.352032e+01,5.325835e+01,5.310329e+01,5.300777e+01,5.311523e+01,5.280457e+01,5.266092e+01,5.258904e+01,5.200044e+01,5.181969e+01,5.167491e+01,5.167491e+01,5.117896e+01,5.117896e+01,5.117896e+01,5.117896e+01,5.070533e+01,5.070533e+01,5.070533e+01,5.070533e+01,5.070533e+01,5.070533e+01,5.029094e+01,5.014435e+01,5.046174e+01,5.038857e+01,5.031536e+01,5.024210e+01,5.016879e+01,5.013213e+01,5.009545e+01,4.987514e+01,4.987514e+01,4.987514e+01,4.987514e+01,4.949480e+01,4.949480e+01,4.949480e+01,4.949480e+01,4.949480e+01,4.898993e+01,4.906394e+01,4.910093e+01,4.910093e+01,4.910093e+01,4.910093e+01,4.910093e+01,4.910093e+01,4.889117e+01,4.881705e+01,4.874289e+01,4.819761e+01,4.819761e+01,4.819761e+01,4.819761e+01,4.819761e+01,4.819761e+01,4.783687e+01,4.783687e+01,4.783687e+01,4.783687e+01,4.732501e+01,4.731250e+01,4.731250e+01,4.731250e+01,4.731250e+01,4.731250e+01,4.731250e+01,4.731250e+01,4.679838e+01,4.686120e+01,4.686120e+01,4.686120e+01,4.686120e+01,4.686120e+01,4.686120e+01,4.634513e+01,4.630728e+01,4.669781e+01,4.662232e+01,4.648381e+01,4.634513e+01,4.629466e+01,4.629466e+01,4.629466e+01,4.629466e+01,4.629466e+01,4.629466e+01,4.577612e+01,4.582681e+01,4.582681e+01,4.582681e+01,4.582681e+01,4.582681e+01,4.582681e+01,4.582681e+01,4.582681e+01,4.582681e+01,4.582681e+01,4.582681e+01,4.582681e+01,4.582681e+01,4.582681e+01,4.582681e+01,4.582681e+01,4.582681e+01,4.582681e+01,4.530621e+01,4.525529e+01,4.570004e+01,4.510242e+01,4.510242e+01,4.562392e+01,4.553505e+01,4.548423e+01,4.543340e+01,4.538253e+01,4.538253e+01,4.485996e+01,4.543340e+01
3.702368e+01,3.702368e+01,3.702368e+01,3.702368e+01,3.758338e+01,3.762422e+01,3.762422e+01,3.762422e+01,3.762422e+01,3.762422e+01,3.762422e+01,3.762422e+01,3.762422e+01,3.762422e+01,3.818090e+01,3.767866e+01,3.832978e+01,3.832978e+01,3.832978e+01,3.832978e+01,3.832978e+01,3.832978e+01,3.832978e+01,3.832978e+01,3.881563e+01,3.881563e+01,3.881563e+01,3.881563e+01,3.881563e+01,3.881563e+01,3.881563e+01,3.881563e+01,3.881563e+01,3.881563e+01,3.936640e+01,3.890985e+01,3.956723e+01,3.956723e+01,3.901744e+01,3.923232e+01,3.984778e+01,3.984778e+01,3.984778e+01,3.984778e+01,3.984778e+01,3.984778e+01,3.984778e+01,3.984778e+01,3.984778e+01,3.984778e+01,3.984778e+01,3.984778e+01,3.984778e+01,3.984778e+01,3.984778e+01,3.984778e+01,3.984778e+01,3.984778e+01,3.984778e+01,3.984778e+01,3.984778e+01,3.984778e+01,3.984778e+01,3.984778e+01,4.039353e+01,4.027396e+01,4.019417e+01,4.024737e+01,4.030054e+01,4.030054e+01,4.030054e+01,4.030054e+01,4.030054e+01,4.030054e+01,4.030054e+01,4.030054e+01,4.030054e+01,4.030054e+01,4.030054e+01,3.975434e+01,3.978105e+01,3.995448e+01,4.003443e+01,4.003443e+01,4.003443e+01,4.003443e+01,4.003443e+01,4.003443e+01,4.003443e+01,4.003443e+01,4.003443e+01,3.975434e+01,3.975434e+01,3.975434e+01,3.975434e+01,3.975434e+01,3.975434e+01,3.975434e+01,3.975434e+01,3.920548e+01,3.917863e+01,3.917863e+01,3.917863e+01,3.972763e+01,3.960735e+01,3.952709e+01,3.952709e+01,3.897711e+01,3.905777e+01,3.905777e+01,3.905777e+01,3.960735e+01,3.952709e+01,3.952709e+01,3.952709e+01,3.952709e+01,3.952709e+01,3.952709e+01,3.952709e+01,3.952709e+01,3.952709e+01,3.952709e+01,3.952709e+01,3.952709e+01,3.952709e+01,3.952709e+01,3.952709e+01,3.952709e+01,3.994115e+01,3.994115e+01,3.939320e+01,3.951371e+01,3.959398e+01,3.967419e+01,3.967419e+01,3.967419e+01,3.967419e+01,4.022078e+01,4.014095e+01,4.014095e+01,4.014095e+01,4.014095e+01,4.014095e+01,4.014095e+01,4.014095e+01,4.014095e+01,4.014095e+01,4.014095e+01,4.014095e+01,4.014095e+01,4.014095e+01,4.014095e+01,4.014095e+01,4.014095e+01,4.014095e+01,4.014095e+01,4.014095e+01,4.014095e+01,4.014095e+01,4.014095e+01,4.014095e+01,4.014095e+01,4.014095e+01,4.014095e+01,4.014095e+01,4.014095e+01,4.014095e+01,4.014095e+01,3.959398e+01,3.971427e+01,3.983444e+01,3.991448e+01,3.999446e+01,3.999446e+01,3.999446e+01,3.968755e+01,3.994115e+01,4.002111e+01,4.002111e+01,4.002111e+01,3.974099e+01,3.974099e+01,3.974099e+01,3.974099e+01,3.974099e+01,3.974099e+01,3.974099e+01,3.974099e+01,3.974099e+01,3.974099e+01,3.974099e+01,3.974099e+01,3.974099e+01,3.974099e+01,3.974099e+01,3.974099e+01,4.023407e+01,4.023407e+01,4.023407e+01,3.968755e+01,4.035369e+01,3.980775e+01,3.988781e+01,3.996781e+01,3.996781e+01,3.996781e+01,4.051298e+01,3.988781e+01,3.998114e+01,4.052624e+01,3.988781e+01,3.998114e+01,3.998114e+01,3.998114e+01,3.998114e+01,3.998114e+01,3.998114e+01,3.998114e+01,3.998114e+01,3.998114e+01,3.998114e+01,3.943338e+01,3.994115e+01,3.980775e+01,3.980775e+01,3.980775e+01,3.980775e+01,3.925914e+01,3.937980e+01,3.950032e+01,3.959398e+01,3.959398e+01,3.959398e+01,3.959398e+01,3.959398e+01,3.959398e+01,3.959398e+01,3.959398e+01,3.959398e+01,3.959398e+01,3.959398e+01,3.959398e+01,3.959398e+01,3.959398e+01,3.959398e+01,3.959398e+01,3.959398e+01,3.959398e+01,3.959398e+01,3.959398e+01,3.959398e+01,3.984778e+01,3.996781e+01,4.006107e+01,4.006107e+01,4.006107e+01,4.006107e+01,4.006107e+01,4.006107e+01,4.006107e+01,4.006107e+01,4.006107e+01,4.006107e+01,4.006107e+01,4.006107e+01,4.006107e+01,4.006107e+01,4.006107e+01,4.006107e+01,4.006107e+01,4.006107e+01,4.006107e+01,4.006107e+01,4.006107e+01,4.006107e+01,4.006107e+01,4.006107e+01,4.006107e+01,4.006107e+01,4.006107e+01,4.006107e+01,4.006107e+01,4.006107e+01,4.006107e+01,4.006107e+01,4.006107e+01,4.006107e+01,4.006107e+01,4.006107e+01,4.006107e+01,4.006107e+01,4.006107e+01,4.006107e+01,4.006107e+01,4.006107e+01,4.006107e+01,4.006107e+01,4.006107e+01,4.006107e+01,4.006107e+01,4.006107e+01,4.006107e+01,4.049971e+01,4.049971e+01,4.049971e+01,4.049971e+01,4.049971e+01,4.049971e+01,4.049971e+01,4.049971e+01,4.049971e+01,4.049971e+01,4.060579e+01,4.083089e+01,4.092345e+01,4.101593e+01,4.101593e+01,4.101593e+01,4.101593e+01,4.101593e+01,4.101593e+01,4.101593e+01,4.101593e+01,4.101593e+01,4.101593e+01,4.101593e+01,4.101593e+01,4.101593e+01,4.101593e+01,4.101593e+01,4.101593e+01,4.047318e+01,4.059254e+01,4.060579e+01,4.056602e+01,4.056602e+01,4.056602e+01,4.056602e+01,4.056602e+01,4.056602e+01,4.056602e+01,4.056602e+01,4.056602e+01,4.056602e+01,4.056602e+01,4.056602e+01,4.056602e+01,4.056602e+01,4.056602e+01,4.056602e+01,4.056602e+01,4.056602e+01,4.056602e+01,4.056602e+01,4.056602e+01,4.073826e+01,4.093666e+01,4.118748e+01,4.131926e+01,4.129292e+01,4.129292e+01,4.129292e+01,4.129292e+01,4.129292e+01,4.129292e+01,4.129292e+01,4.129292e+01,4.129292e+01,4.129292e+01,4.129292e+01,4.196283e+01,4.196283e+01,4.196283e+01,4.196283e+01,4.142458e+01,4.139826e+01,4.191043e+01,4.196283e+01,4.213297e+01,4.159552e+01,4.171371e+01,4.183178e+01,4.138510e+01,4.204139e+01,4.150351e+01,4.147721e+01,4.146405e+01,4.146405e+01,4.146405e+01,4.146405e+01,4.180556e+01,4.180556e+01,4.180556e+01,4.126657e+01,4.139826e+01,4.147721e+01,4.155610e+01,4.155610e+01,4.155610e+01,4.155610e+01,4.155610e+01,4.155610e+01,4.155610e+01,4.155610e+01,4.155610e+01,4.155610e+01,4.155610e+01,4.209373e+01,4.201521e+01,4.201521e+01,4.201521e+01,4.201521e+01,4.201521e+01,4.201521e+01,4.201521e+01,4.201521e+01,4.201521e+01,4.201521e+01,4.201521e+01,4.201521e+01,4.201521e+01,4.201521e+01,4.201521e+01,4.201521e+01,4.201521e+01,4.201521e+01,4.228979e+01,4.248552e+01,4.257675e+01,4.257675e+01,4.257675e+01,4.257675e+01,4.310964e+01,4.325219e+01,4.325219e+01,4.325219e+01,4.378199e+01,4.391084e+01,4.391084e+01,4.391084e+01,4.443766e+01,4.454018e+01,4.454018e+01,4.506417e+01,4.511517e+01,4.522983e+01,4.522983e+01,4.575077e+01,4.583948e+01,4.635774e+01,4.623154e+01,4.615576e+01,4.667265e+01,4.672296e+01,4.697418e+01,4.706199e+01,4.757497e+01,4.759994e+01,4.761242e+01,4.812306e+01,4.814791e+01,4.816034e+01,4.827211e+01,4.839618e+01,4.897758e+01,4.939645e+01,4.942104e+01,4.943334e+01,4.953165e+01,5.005876e+01,5.055924e+01,5.058360e+01,5.109408e+01,5.114259e+01,5.138484e+01,5.201248e+01,5.198840e+01,5.251711e+01,5.288828e+01,5.278064e+01,5.280457e+01,5.334176e+01,5.336558e+01,5.390039e+01,5.440932e+01,5.446836e+01,5.436206e+01,5.488091e+01,5.518652e+01,5.524520e+01,5.522173e+01,5.571371e+01,5.553822e+01,5.591232e+01,5.588897e+01,5.594733e+01,5.586562e+01,5.640166e+01,5.630860e+01,5.614557e+01,5.661081e+01,5.668045e+01,5.658759e+01,5.627368e+01,5.657598e+01,5.633187e+01,5.657598e+01,5.648304e+01,5.625040e+01,5.605232e+01,5.573709e+01,5.605232e+01,5.537421e+01,5.556164e+01,5.535077e+01,5.519825e+01,5.510431e+01,5.471606e+01,5.451558e+01,5.430297e+01,5.394782e+01,5.381735e+01,5.356789e+01,5.337749e+01,5.334176e+01,5.316295e+01,5.294804e+01,5.276867e+01,5.248114e+01,5.220496e+01,5.198840e+01,5.187997e+01,5.168699e+01,5.159038e+01,5.149369e+01,5.138484e+01,5.121531e+01,5.111834e+01,5.102128e+01,5.094844e+01,5.094844e+01,5.044955e+01,5.040077e+01,5.032756e+01,5.032756e+01,5.032756e+01,5.032756e+01,5.032756e+01,5.032756e+01,5.032756e+01,5.032756e+01,5.032756e+01,4.987514e+01,4.987514e+01,4.987514e+01,4.987514e+01,4.987514e+01,4.949480e+01,4.999758e+01,4.934724e+01,4.929802e+01,4.972805e+01,4.962989e+01,4.902694e+01,4.902694e+01,4.902694e+01,4.902694e+01,4.902694e+01,4.902694e+01,4.852011e+01,4.847055e+01,4.830934e+01,4.830934e+01,4.830934e+01,4.830934e+01,4.830934e+01,4.779949e+01,4.777457e+01,4.777457e+01,4.777457e+01,4.777457e+01,4.777457e+01,4.777457e+01,4.777457e+01,4.731250e+01,4.731250e+01,4.731250e+01,4.731250e+01,4.731250e+01,4.731250e+01,4.686120e+01,4.686120e+01,4.686120e+01,4.686120e+01,4.686120e+01,4.686120e+01,4.686120e+01,4.686120e+01,4.634513e+01,4.640818e+01,4.640818e+01,4.640818e+01,4.640818e+01,4.640818e+01,4.640818e+01,4.640818e+01,4.640818e+01,4.589014e+01,4.589014e+01,4.589014e+01,4.589014e+01,4.589014e+01,4.589014e+01,4.589014e+01,4.589014e+01,4.589014e+01,4.589014e+01,4.589014e+01,4.589014e+01,4.589014e+01,4.589014e+01,4.589014e+01,4.589014e+01,4.589014e+01,4.589014e+01,4.589014e+01,4.589014e+01,4.582681e+01,4.583948e+01,4.577612e+01,4.549694e+01,4.554774e+01,4.517888e+01,4.528075e+01,4.528075e+01,4.528075e+01,4.528075e+01,4.528075e+01,4.528075e+01,4.528075e+01
3.702368e+01,3.702368e+01,3.702368e+01,3.758338e+01,3.709209e+01,3.724244e+01,3.731071e+01,3.737894e+01,3.737894e+01,3.793685e+01,3.786896e+01,3.786896e+01,3.786896e+01,3.786896e+01,3.786896e+01,3.842442e+01,3.792327e+01,3.799113e+01,3.861345e+01,3.853247e+01,3.853247e+01,3.853247e+01,3.853247e+01,3.853247e+01,3.853247e+01,3.853247e+01,3.853247e+01,3.881563e+01,3.881563e+01,3.881563e+01,3.881563e+01,3.881563e+01,3.881563e+01,3.881563e+01,3.936640e+01,3.933960e+01,3.944677e+01,3.933960e+01,3.935300e+01,3.940659e+01,3.951371e+01,3.959398e+01,3.959398e+01,3.959398e+01,3.959398e+01,3.959398e+01,3.959398e+01,3.959398e+01,4.014095e+01,4.006107e+01,4.006107e+01,4.006107e+01,4.006107e+01,4.006107e+01,4.006107e+01,4.006107e+01,4.006107e+01,4.006107e+01,4.006107e+01,4.006107e+01,4.006107e+01,4.006107e+01,4.006107e+01,4.006107e+01,4.006107e+01,4.006107e+01,4.006107e+01,4.006107e+01,4.006107e+01,4.006107e+01,4.006107e+01,4.006107e+01,4.006107e+01,4.006107e+01,4.006107e+01,4.006107e+01,4.006107e+01,4.006107e+01,4.006107e+01,4.006107e+01,4.006107e+01,4.006107e+01,4.006107e+01,4.006107e+01,4.006107e+01,4.006107e+01,4.006107e+01,4.006107e+01,4.006107e+01,4.006107e+01,3.951371e+01,3.948694e+01,3.948694e+01,3.948694e+01,3.948694e+01,3.948694e+01,3.948694e+01,3.948694e+01,3.948694e+01,3.948694e+01,3.948694e+01,3.948694e+01,3.948694e+01,3.948694e+01,3.948694e+01,3.948694e+01,3.893676e+01,3.944677e+01,3.933960e+01,3.925914e+01,3.936640e+01,3.893676e+01,3.904433e+01,3.915179e+01,3.923232e+01,3.931279e+01,3.931279e+01,3.931279e+01,3.931279e+01,3.931279e+01,3.931279e+01,3.931279e+01,3.931279e+01,3.931279e+01,3.931279e+01,3.931279e+01,3.931279e+01,3.931279e+01,3.931279e+01,3.939320e+01,3.936640e+01,3.936640e+01,3.936640e+01,3.936640e+01,3.967419e+01,3.967419e+01,3.967419e+01,3.967419e+01,3.967419e+01,3.967419e+01,3.967419e+01,3.967419e+01,3.967419e+01,3.967419e+01,3.967419e+01,3.967419e+01,3.967419e+01,4.014095e+01,4.014095e+01,3.959398e+01,3.970091e+01,3.980775e+01,3.988781e+01,3.988781e+01,3.988781e+01,3.988781e+01,3.988781e+01,3.988781e+01,3.988781e+01,3.988781e+01,3.988781e+01,3.988781e+01,3.988781e+01,3.988781e+01,3.988781e+01,3.988781e+01,3.988781e+01,3.988781e+01,3.959398e+01,3.959398e+01,3.959398e+01,3.959398e+01,3.959398e+01,3.959398e+01,3.959398e+01,3.959398e+01,3.959398e+01,3.959398e+01,3.959398e+01,3.959398e+01,3.959398e+01,3.959398e+01,3.959398e+01,3.959398e+01,3.959398e+01,3.959398e+01,3.959398e+01,3.959398e+01,3.959398e+01,3.959398e+01,3.959398e+01,3.959398e+01,3.959398e+01,3.959398e+01,3.959398e+01,3.959398e+01,3.959398e+01,3.959398e+01,3.959398e+01,3.959398e+01,3.959398e+01,3.959398e+01,3.988781e+01,3.988781e+01,3.988781e+01,3.988781e+01,3.988781e+01,3.988781e+01,3.988781e+01,3.988781e+01,3.988781e+01,3.988781e+01,3.988781e+01,3.988781e+01,3.988781e+01,3.988781e+01,3.988781e+01,3.988781e+01,3.988781e+01,3.988781e+01,3.988781e+01,3.988781e+01,3.933960e+01,3.944677e+01,3.952709e+01,3.960735e+01,3.950032e+01,3.937980e+01,3.937980e+01,3.937980e+01,3.937980e+01,3.937980e+01,3.937980e+01,3.937980e+01,3.937980e+01,3.937980e+01,3.937980e+01,3.937980e+01,3.937980e+01,3.992781e+01,3.929938e+01,3.994115e+01,3.928597e+01,3.940659e+01,3.995448e+01,3.928597e+01,3.941999e+01,3.996781e+01,3.983444e+01,3.983444e+01,3.983444e+01,3.983444e+01,3.983444e+01,3.983444e+01,3.983444e+01,3.983444e+01,3.983444e+01,3.983444e+01,3.983444e+01,3.983444e+01,3.983444e+01,3.983444e+01,3.983444e+01,3.983444e+01,3.983444e+01,3.983444e+01,3.983444e+01,3.983444e+01,3.983444e+01,3.983444e+01,3.983444e+01,3.983444e+01,3.983444e+01,3.983444e+01,3.983444e+01,3.983444e+01,3.983444e+01,3.983444e+01,3.983444e+01,3.983444e+01,4.038025e+01,4.024737e+01,4.024737e+01,4.024737e+01,4.024737e+01,4.024737e+01,4.024737e+01,3.970091e+01,3.983444e+01,3.983444e+01,3.983444e+01,3.983444e+01,3.983444e+01,3.983444e+01,4.038025e+01,3.970091e+01,3.984778e+01,3.984778e+01,3.984778e+01,3.984778e+01,3.984778e+01,3.984778e+01,3.995448e+01,4.006107e+01,4.016756e+01,4.031383e+01,4.031383e+01,4.031383e+01,4.031383e+01,4.031383e+01,4.031383e+01,4.031383e+01,4.031383e+01,4.031383e+01,4.038025e+01,4.057928e+01,4.068529e+01,4.083089e+01,4.083089e+01,4.083089e+01,4.083089e+01,4.083089e+01,4.083089e+01,4.083089e+01,4.083089e+01,4.083089e+01,4.083089e+01,4.083089e+01,4.028725e+01,4.039353e+01,4.032712e+01,4.030054e+01,4.030054e+01,4.030054e+01,4.030054e+01,4.030054e+01,4.030054e+01,4.030054e+01,4.030054e+01,4.030054e+01,4.030054e+01,4.030054e+01,4.030054e+01,4.030054e+01,4.030054e+01,4.030054e+01,4.030054e+01,4.030054e+01,4.030054e+01,4.030054e+01,4.030054e+01,4.030054e+01,4.030054e+01,4.084412e+01,4.069854e+01,4.069854e+01,4.069854e+01,4.069854e+01,4.069854e+01,4.069854e+01,4.069854e+01,4.069854e+01,4.075150e+01,4.085734e+01,4.096309e+01,4.110833e+01,4.110833e+01,4.110833e+01,4.110833e+01,4.110833e+01,4.110833e+01,4.110833e+01,4.110833e+01,4.110833e+01,4.110833e+01,4.110833e+01,4.137194e+01,4.152981e+01,4.163493e+01,4.156924e+01,4.156924e+01,4.156924e+01,4.156924e+01,4.156924e+01,4.156924e+01,4.156924e+01,4.156924e+01,4.156924e+01,4.156924e+01,4.156924e+01,4.156924e+01,4.102913e+01,4.150351e+01,4.138510e+01,4.138510e+01,4.138510e+01,4.138510e+01,4.138510e+01,4.138510e+01,4.138510e+01,4.138510e+01,4.138510e+01,4.138510e+01,4.138510e+01,4.138510e+01,4.192353e+01,4.143774e+01,4.164807e+01,4.175309e+01,4.175309e+01,4.175309e+01,4.175309e+01,4.175309e+01,4.175309e+01,4.175309e+01,4.175309e+01,4.175309e+01,4.175309e+01,4.175309e+01,4.175309e+01,4.175309e+01,4.175309e+01,4.175309e+01,4.228979e+01,4.214605e+01,4.222448e+01,4.214605e+01,4.248552e+01,4.248552e+01,4.248552e+01,4.248552e+01,4.301883e+01,4.313557e+01,4.313557e+01,4.366590e+01,4.370461e+01,4.380777e+01,4.380777e+01,4.380777e+01,4.433505e+01,4.446329e+01,4.446329e+01,4.498763e+01,4.508967e+01,4.508967e+01,4.508967e+01,4.561123e+01,4.563661e+01,4.582681e+01,4.602935e+01,4.616840e+01,4.625679e+01,4.687376e+01,4.687376e+01,4.687376e+01,4.738755e+01,4.746255e+01,4.797383e+01,4.801115e+01,4.801115e+01,4.852011e+01,4.838377e+01,4.889117e+01,4.894056e+01,4.929802e+01,4.978936e+01,4.965444e+01,5.015657e+01,5.020545e+01,5.052269e+01,5.108195e+01,5.113046e+01,5.116683e+01,5.166284e+01,5.220496e+01,5.224102e+01,5.231310e+01,5.309135e+01,5.311523e+01,5.311523e+01,5.378174e+01,5.381735e+01,5.436206e+01,5.466891e+01,5.470427e+01,5.505731e+01,5.549139e+01,5.549139e+01,5.551480e+01,5.586562e+01,5.591232e+01,5.594733e+01,5.632023e+01,5.634350e+01,5.670366e+01,5.661081e+01,5.659920e+01,5.663403e+01,5.678485e+01,5.716690e+01,5.720157e+01,5.710908e+01,5.737481e+01,5.722469e+01,5.715534e+01,5.707438e+01,5.709752e+01,5.691232e+01,5.706281e+01,5.676165e+01,5.661081e+01,5.651790e+01,5.614557e+01,5.606398e+01,5.577216e+01,5.553822e+01,5.533904e+01,5.523347e+01,5.495150e+01,5.463354e+01,5.444475e+01,5.469249e+01,5.409000e+01,5.381735e+01,5.369862e+01,5.340131e+01,5.340131e+01,5.340131e+01,5.297194e+01,5.281653e+01,5.251711e+01,5.232511e+01,5.204859e+01,5.183175e+01,5.183175e+01,5.183175e+01,5.121531e+01,5.121531e+01,5.121531e+01,5.121531e+01,5.121531e+01,5.121531e+01,5.089986e+01,5.074183e+01,5.065665e+01,5.053487e+01,5.053487e+01,5.053487e+01,5.003429e+01,5.015657e+01,5.065665e+01,5.054705e+01,5.038857e+01,4.980162e+01,5.030315e+01,4.970352e+01,5.011990e+01,4.997311e+01,4.993638e+01,4.964217e+01,4.962989e+01,4.961762e+01,4.951937e+01,4.932264e+01,4.919952e+01,4.919952e+01,4.919952e+01,4.919952e+01,4.919952e+01,4.902694e+01,4.835897e+01,4.835897e+01,4.835897e+01,4.835897e+01,4.835897e+01,4.835897e+01,4.835897e+01,4.777457e+01,4.777457e+01,4.777457e+01,4.777457e+01,4.777457e+01,4.777457e+01,4.777457e+01,4.731250e+01,4.731250e+01,4.731250e+01,4.731250e+01,4.731250e+01,4.731250e+01,4.686120e+01,4.686120e+01,4.686120e+01,4.686120e+01,4.686120e+01,4.686120e+01,4.686120e+01,4.686120e+01,4.686120e+01,4.640818e+01,4.640818e+01,4.640818e+01,4.640818e+01,4.640818e+01,4.640818e+01,4.640818e+01,4.640818e+01,4.640818e+01,4.640818e+01,4.589014e+01,4.589014e+01,4.589014e+01,4.589014e+01,4.589014e+01,4.589014e+01,4.589014e+01,4.589014e+01,4.589014e+01,4.589014e+01,4.589014e+01,4.589014e+01,4.589014e+01,4.589014e+01,4.589014e+01,4.589014e+01,4.589014e+01,4.589014e+01,4.589014e+01,4.536982e+01,4.583948e+01,4.570004e+01,4.562392e+01,4.539525e+01,4.539525e+01,4.539525e+01,4.539525e+01,4.539525e+01,4.539525e+01,4.539525e+01,4.539525e+01
3.702368e+01,3.702368e+01,3.702368e+01,3.758338e+01,3.741986e+01,3.728341e+01,3.728341e+01,3.784180e+01,3.793685e+01,3.797756e+01,3.797756e+01,3.797756e+01,3.797756e+01,3.797756e+01,3.797756e+01,3.797756e+01,3.797756e+01,3.853247e+01,3.809961e+01,3.823506e+01,3.837035e+01,3.892331e+01,3.878869e+01,3.878869e+01,3.878869e+01,3.878869e+01,3.878869e+01,3.878869e+01,3.878869e+01,3.878869e+01,3.933960e+01,3.920548e+01,3.907120e+01,3.917863e+01,3.924573e+01,3.924573e+01,3.924573e+01,3.924573e+01,3.924573e+01,3.924573e+01,3.924573e+01,3.959398e+01,3.959398e+01,3.959398e+01,3.959398e+01,3.959398e+01,3.959398e+01,3.959398e+01,3.959398e+01,3.959398e+01,3.959398e+01,4.006107e+01,4.006107e+01,4.006107e+01,4.006107e+01,4.006107e+01,4.006107e+01,4.006107e+01,4.006107e+01,4.006107e+01,4.006107e+01,4.006107e+01,4.006107e+01,4.006107e+01,4.006107e+01,4.006107e+01,4.006107e+01,4.006107e+01,4.006107e+01,4.006107e+01,4.006107e+01,4.006107e+01,4.006107e+01,4.006107e+01,4.006107e+01,4.006107e+01,4.006107e+01,4.006107e+01,4.006107e+01,4.006107e+01,4.006107e+01,4.006107e+01,4.006107e+01,4.006107e+01,4.006107e+01,4.006107e+01,4.006107e+01,4.006107e+01,4.006107e+01,3.951371e+01,4.003443e+01,3.987447e+01,3.974099e+01,3.974099e+01,3.974099e+01,3.974099e+01,3.974099e+01,3.974099e+01,3.974099e+01,3.974099e+01,3.919206e+01,3.932619e+01,3.932619e+01,3.932619e+01,3.932619e+01,3.932619e+01,3.932619e+01,3.932619e+01,3.932619e+01,3.932619e+01,3.932619e+01,3.932619e+01,3.932619e+01,3.932619e+01,3.932619e+01,3.932619e+01,3.932619e+01,3.932619e+01,3.877522e+01,3.890985e+01,3.904433e+01,3.904433e+01,3.904433e+01,3.904433e+01,3.904433e+01,3.959398e+01,3.946016e+01,3.946016e+01,3.946016e+01,3.946016e+01,3.946016e+01,3.946016e+01,3.946016e+01,3.946016e+01,3.946016e+01,3.946016e+01,3.946016e+01,3.946016e+01,3.946016e+01,3.946016e+01,4.000779e+01,3.987447e+01,3.987447e+01,3.987447e+01,3.987447e+01,3.987447e+01,3.987447e+01,3.987447e+01,3.987447e+01,3.959398e+01,3.959398e+01,3.959398e+01,3.959398e+01,3.959398e+01,3.959398e+01,3.959398e+01,3.959398e+01,3.959398e+01,3.959398e+01,3.959398e+01,3.959398e+01,3.959398e+01,3.959398e+01,3.959398e+01,3.959398e+01,3.959398e+01,3.959398e+01,3.959398e+01,3.959398e+01,3.959398e+01,3.959398e+01,3.959398e+01,3.959398e+01,3.959398e+01,3.959398e+01,3.959398e+01,3.904433e+01,3.917863e+01,3.931279e+01,3.944677e+01,3.944677e+01,3.944677e+01,3.944677e+01,3.944677e+01,3.944677e+01,3.944677e+01,3.944677e+01,3.944677e+01,3.944677e+01,3.944677e+01,3.944677e+01,3.944677e+01,3.944677e+01,3.944677e+01,3.944677e+01,3.944677e+01,3.944677e+01,3.944677e+01,3.944677e+01,3.944677e+01,3.944677e+01,3.944677e+01,3.988781e+01,3.988781e+01,3.988781e+01,3.988781e+01,3.988781e+01,3.988781e+01,3.988781e+01,3.988781e+01,3.988781e+01,3.988781e+01,3.988781e+01,3.988781e+01,3.988781e+01,3.933960e+01,3.947355e+01,3.960735e+01,3.974099e+01,3.974099e+01,3.974099e+01,3.974099e+01,3.933960e+01,3.933960e+01,3.933960e+01,3.933960e+01,3.933960e+01,3.933960e+01,3.933960e+01,3.933960e+01,3.933960e+01,3.933960e+01,3.933960e+01,3.933960e+01,3.933960e+01,3.933960e+01,3.933960e+01,3.933960e+01,3.933960e+01,3.933960e+01,3.933960e+01,3.933960e+01,3.933960e+01,3.933960e+01,3.933960e+01,3.933960e+01,3.933960e+01,3.933960e+01,3.933960e+01,3.933960e+01,3.933960e+01,3.933960e+01,3.933960e+01,3.933960e+01,3.933960e+01,3.933960e+01,3.933960e+01,3.933960e+01,3.983444e+01,3.983444e+01,3.928597e+01,3.941999e+01,3.955385e+01,3.968755e+01,3.968755e+01,3.968755e+01,3.968755e+01,3.968755e+01,3.968755e+01,3.968755e+01,3.968755e+01,3.968755e+01,3.968755e+01,3.968755e+01,3.968755e+01,3.968755e+01,3.968755e+01,3.968755e+01,3.968755e+01,3.968755e+01,3.983444e+01,3.996781e+01,3.955385e+01,3.968755e+01,3.982109e+01,3.994115e+01,3.990114e+01,3.982109e+01,3.982109e+01,3.982109e+01,3.982109e+01,3.982109e+01,3.982109e+01,3.982109e+01,3.982109e+01,3.982109e+01,3.982109e+01,3.982109e+01,3.982109e+01,3.982109e+01,3.982109e+01,3.982109e+01,3.982109e+01,3.982109e+01,3.982109e+01,3.982109e+01,4.031383e+01,4.031383e+01,4.031383e+01,4.031383e+01,4.031383e+01,4.031383e+01,4.031383e+01,4.031383e+01,4.031383e+01,4.085734e+01,4.073826e+01,4.073826e+01,4.073826e+01,4.073826e+01,4.073826e+01,4.073826e+01,4.073826e+01,4.073826e+01,4.073826e+01,4.073826e+01,4.073826e+01,4.073826e+01,4.028725e+01,4.028725e+01,4.028725e+01,4.028725e+01,4.028725e+01,4.028725e+01,4.028725e+01,4.028725e+01,4.028725e+01,4.028725e+01,4.028725e+01,4.028725e+01,4.028725e+01,4.028725e+01,4.028725e+01,4.028725e+01,4.028725e+01,4.028725e+01,4.028725e+01,4.028725e+01,4.028725e+01,4.028725e+01,4.028725e+01,4.028725e+01,4.028725e+01,4.028725e+01,4.028725e+01,4.028725e+01,4.028725e+01,4.028725e+01,4.028725e+01,4.069854e+01,4.069854e+01,4.069854e+01,4.069854e+01,4.069854e+01,4.069854e+01,4.069854e+01,4.069854e+01,4.069854e+01,4.069854e+01,4.069854e+01,4.110833e+01,4.110833e+01,4.110833e+01,4.110833e+01,4.110833e+01,4.110833e+01,4.110833e+01,4.110833e+01,4.110833e+01,4.110833e+01,4.110833e+01,4.110833e+01,4.110833e+01,4.110833e+01,4.156924e+01,4.102913e+01,4.116110e+01,4.127974e+01,4.139826e+01,4.139826e+01,4.085734e+01,4.092345e+01,4.108194e+01,4.120066e+01,4.120066e+01,4.120066e+01,4.120066e+01,4.120066e+01,4.120066e+01,4.120066e+01,4.120066e+01,4.120066e+01,4.120066e+01,4.173996e+01,4.177932e+01,4.171371e+01,4.175309e+01,4.163493e+01,4.163493e+01,4.163493e+01,4.163493e+01,4.163493e+01,4.163493e+01,4.163493e+01,4.163493e+01,4.163493e+01,4.163493e+01,4.163493e+01,4.163493e+01,4.163493e+01,4.163493e+01,4.163493e+01,4.163493e+01,4.175309e+01,4.188422e+01,4.188422e+01,4.242032e+01,4.251160e+01,4.251160e+01,4.251160e+01,4.251160e+01,4.301883e+01,4.301883e+01,4.301883e+01,4.366590e+01,4.366590e+01,4.366590e+01,4.366590e+01,4.419382e+01,4.474494e+01,4.462980e+01,4.473215e+01,4.488551e+01,4.488551e+01,4.540797e+01,4.544611e+01,4.550964e+01,4.602935e+01,4.591546e+01,4.643340e+01,4.631990e+01,4.642079e+01,4.657197e+01,4.668523e+01,4.729998e+01,4.741256e+01,4.757497e+01,4.767481e+01,4.833416e+01,4.837137e+01,4.842097e+01,4.900227e+01,4.902694e+01,4.910093e+01,4.943334e+01,4.999758e+01,4.998534e+01,5.055924e+01,5.059578e+01,5.092415e+01,5.110621e+01,5.160246e+01,5.168699e+01,5.200044e+01,5.261301e+01,5.298389e+01,5.306748e+01,5.360356e+01,5.397153e+01,5.356789e+01,5.429115e+01,5.484560e+01,5.502205e+01,5.504556e+01,5.560845e+01,5.536249e+01,5.590064e+01,5.627368e+01,5.630860e+01,5.633187e+01,5.623875e+01,5.680803e+01,5.683121e+01,5.686598e+01,5.736327e+01,5.717846e+01,5.707438e+01,5.745558e+01,5.753630e+01,5.757087e+01,5.796211e+01,5.790465e+01,5.793913e+01,5.770909e+01,5.803103e+01,5.788166e+01,5.781266e+01,5.755935e+01,5.745558e+01,5.727090e+01,5.705124e+01,5.732864e+01,5.707438e+01,5.642492e+01,5.677325e+01,5.647142e+01,5.620382e+01,5.599400e+01,5.565525e+01,5.545625e+01,5.530386e+01,5.520999e+01,5.460996e+01,5.397153e+01,5.426750e+01,5.407816e+01,5.352032e+01,5.340131e+01,5.324643e+01,5.305554e+01,5.288828e+01,5.266092e+01,5.256507e+01,5.226505e+01,5.218092e+01,5.207266e+01,5.173526e+01,5.165076e+01,5.156621e+01,5.144532e+01,5.144532e+01,5.144532e+01,5.089986e+01,5.089986e+01,5.089986e+01,5.089986e+01,5.089986e+01,5.089986e+01,5.053487e+01,5.062013e+01,5.069316e+01,5.069316e+01,5.069316e+01,5.069316e+01,5.030315e+01,5.009545e+01,5.005876e+01,5.005876e+01,5.005876e+01,5.005876e+01,4.962989e+01,4.962989e+01,4.962989e+01,4.962989e+01,4.962989e+01,4.919952e+01,4.919952e+01,4.919952e+01,4.869342e+01,4.860680e+01,4.882941e+01,4.874289e+01,4.861917e+01,4.849534e+01,4.849534e+01,4.849534e+01,4.798627e+01,4.783687e+01,4.783687e+01,4.783687e+01,4.783687e+01,4.783687e+01,4.783687e+01,4.783687e+01,4.731250e+01,4.731250e+01,4.731250e+01,4.731250e+01,4.731250e+01,4.731250e+01,4.731250e+01,4.731250e+01,4.686120e+01,4.686120e+01,4.686120e+01,4.686120e+01,4.686120e+01,4.686120e+01,4.686120e+01,4.686120e+01,4.640818e+01,4.640818e+01,4.640818e+01,4.640818e+01,4.640818e+01,4.640818e+01,4.640818e+01,4.640818e+01,4.640818e+01,4.640818e+01,4.640818e+01,4.589014e+01,4.589014e+01,4.589014e+01,4.589014e+01,4.589014e+01,4.589014e+01,4.589014e+01,4.589014e+01,4.589014e+01,4.589014e+01,4.589014e+01,4.589014e+01,4.589014e+01,4.589014e+01,4.589014e+01,4.589014e+01,4.589014e+01,4.589014e+01,4.589014e+01,4.589014e+01,4.589014e+01,4.539525e+01,4.539525e+01,4.539525e+01,4.591546e+01,4.582681e+01,4.573809e+01,4.561123e+01,4.561123e+01
3.702368e+01,3.758338e+01,3.711944e+01,3.726975e+01,3.740622e+01,3.796399e+01,3.748802e+01,3.752890e+01,3.776026e+01,3.776026e+01,3.776026e+01,3.831625e+01,3.818090e+01,3.818090e+01,3.818090e+01,3.818090e+01,3.818090e+01,3.818090e+01,3.818090e+01,3.873480e+01,3.880216e+01,3.830272e+01,3.839738e+01,3.853247e+01,3.908464e+01,3.895021e+01,3.895021e+01,3.895021e+01,3.895021e+01,3.895021e+01,3.895021e+01,3.895021e+01,3.895021e+01,3.895021e+01,3.924573e+01,3.924573e+01,3.924573e+01,3.924573e+01,3.979440e+01,3.970091e+01,3.974099e+01,3.978105e+01,3.978105e+01,3.978105e+01,3.978105e+01,3.978105e+01,3.978105e+01,3.978105e+01,3.978105e+01,3.978105e+01,3.978105e+01,3.978105e+01,3.978105e+01,3.978105e+01,3.978105e+01,3.978105e+01,3.978105e+01,3.978105e+01,3.978105e+01,3.978105e+01,3.978105e+01,3.978105e+01,3.978105e+01,3.978105e+01,3.978105e+01,3.978105e+01,4.006107e+01,4.006107e+01,4.006107e+01,4.006107e+01,4.006107e+01,4.006107e+01,4.006107e+01,4.006107e+01,4.006107e+01,4.006107e+01,4.006107e+01,4.006107e+01,4.006107e+01,4.006107e+01,4.006107e+01,4.006107e+01,4.006107e+01,4.006107e+01,4.006107e+01,4.006107e+01,4.006107e+01,4.006107e+01,4.006107e+01,4.006107e+01,4.006107e+01,3.951371e+01,3.964746e+01,3.964746e+01,3.964746e+01,3.964746e+01,3.964746e+01,3.964746e+01,3.964746e+01,3.964746e+01,3.964746e+01,3.964746e+01,3.932619e+01,3.932619e+01,3.932619e+01,3.932619e+01,3.932619e+01,3.932619e+01,3.932619e+01,3.932619e+01,3.932619e+01,3.932619e+01,3.877522e+01,3.941999e+01,3.886948e+01,3.897711e+01,3.911150e+01,3.897711e+01,3.884256e+01,3.884256e+01,3.884256e+01,3.884256e+01,3.884256e+01,3.884256e+01,3.884256e+01,3.904433e+01,3.915179e+01,3.928597e+01,3.928597e+01,3.928597e+01,3.928597e+01,3.928597e+01,3.928597e+01,3.928597e+01,3.928597e+01,3.928597e+01,3.928597e+01,3.928597e+01,3.928597e+01,3.928597e+01,3.928597e+01,3.928597e+01,3.928597e+01,3.928597e+01,3.928597e+01,3.928597e+01,3.932619e+01,3.943338e+01,3.939320e+01,3.935300e+01,3.935300e+01,3.935300e+01,3.935300e+01,3.935300e+01,3.935300e+01,3.935300e+01,3.935300e+01,3.935300e+01,3.935300e+01,3.935300e+01,3.935300e+01,3.935300e+01,3.935300e+01,3.935300e+01,3.935300e+01,3.935300e+01,3.935300e+01,3.935300e+01,3.935300e+01,3.935300e+01,3.935300e+01,3.935300e+01,3.935300e+01,3.935300e+01,3.935300e+01,3.880216e+01,3.932619e+01,3.919206e+01,3.919206e+01,3.919206e+01,3.919206e+01,3.919206e+01,3.919206e+01,3.919206e+01,3.919206e+01,3.919206e+01,3.919206e+01,3.919206e+01,3.919206e+01,3.919206e+01,3.919206e+01,3.919206e+01,3.919206e+01,3.919206e+01,3.919206e+01,3.919206e+01,3.974099e+01,3.960735e+01,3.960735e+01,3.960735e+01,3.960735e+01,3.960735e+01,3.960735e+01,3.960735e+01,3.960735e+01,3.960735e+01,3.960735e+01,3.960735e+01,3.960735e+01,3.960735e+01,3.960735e+01,3.960735e+01,3.960735e+01,3.960735e+01,3.960735e+01,3.960735e+01,3.960735e+01,3.905777e+01,3.929938e+01,3.940659e+01,3.954047e+01,3.947355e+01,3.948694e+01,3.948694e+01,3.948694e+01,3.948694e+01,3.948694e+01,3.893676e+01,3.907120e+01,3.907120e+01,3.907120e+01,3.907120e+01,3.907120e+01,3.907120e+01,3.907120e+01,3.907120e+01,3.907120e+01,3.907120e+01,3.962072e+01,3.948694e+01,3.893676e+01,3.907120e+01,3.907120e+01,3.907120e+01,3.907120e+01,3.907120e+01,3.907120e+01,3.962072e+01,3.948694e+01,3.948694e+01,3.948694e+01,3.893676e+01,3.962072e+01,3.947355e+01,3.947355e+01,3.947355e+01,3.947355e+01,3.947355e+01,3.947355e+01,3.947355e+01,3.947355e+01,3.947355e+01,3.947355e+01,3.947355e+01,3.947355e+01,3.947355e+01,3.947355e+01,3.947355e+01,3.947355e+01,3.947355e+01,3.947355e+01,3.947355e+01,3.947355e+01,3.947355e+01,3.947355e+01,3.947355e+01,3.947355e+01,3.947355e+01,3.947355e+01,3.947355e+01,3.947355e+01,3.947355e+01,3.947355e+01,3.947355e+01,3.982109e+01,3.982109e+01,3.982109e+01,3.982109e+01,3.982109e+01,3.982109e+01,3.982109e+01,3.927256e+01,3.937980e+01,3.948694e+01,3.963409e+01,3.963409e+01,3.963409e+01,3.963409e+01,3.963409e+01,3.963409e+01,3.963409e+01,3.963409e+01,3.963409e+01,3.963409e+01,4.018087e+01,3.967419e+01,3.986113e+01,3.996781e+01,4.011433e+01,4.011433e+01,4.011433e+01,4.011433e+01,4.011433e+01,4.011433e+01,4.065880e+01,4.024737e+01,4.035369e+01,4.049971e+01,4.049971e+01,4.049971e+01,4.049971e+01,4.049971e+01,4.049971e+01,4.049971e+01,4.049971e+01,4.049971e+01,4.049971e+01,4.049971e+01,4.049971e+01,4.049971e+01,4.049971e+01,4.049971e+01,3.995448e+01,4.010102e+01,4.010102e+01,4.010102e+01,4.010102e+01,4.010102e+01,4.010102e+01,4.010102e+01,4.010102e+01,4.010102e+01,4.010102e+01,4.010102e+01,4.010102e+01,4.010102e+01,4.010102e+01,4.010102e+01,4.010102e+01,4.010102e+01,4.010102e+01,4.010102e+01,4.010102e+01,4.010102e+01,4.010102e+01,4.010102e+01,4.010102e+01,4.010102e+01,4.064555e+01,4.018087e+01,4.028725e+01,4.043336e+01,4.043336e+01,4.043336e+01,4.043336e+01,4.043336e+01,4.043336e+01,4.043336e+01,4.043336e+01,4.097630e+01,4.059254e+01,4.069854e+01,4.084412e+01,4.084412e+01,4.084412e+01,4.084412e+01,4.084412e+01,4.084412e+01,4.084412e+01,4.084412e+01,4.084412e+01,4.084412e+01,4.084412e+01,4.138510e+01,4.135877e+01,4.133244e+01,4.118748e+01,4.118748e+01,4.118748e+01,4.118748e+01,4.118748e+01,4.064555e+01,4.094987e+01,4.094987e+01,4.094987e+01,4.094987e+01,4.094987e+01,4.094987e+01,4.094987e+01,4.094987e+01,4.094987e+01,4.094987e+01,4.094987e+01,4.094987e+01,4.094987e+01,4.117429e+01,4.131926e+01,4.142458e+01,4.142458e+01,4.142458e+01,4.142458e+01,4.142458e+01,4.142458e+01,4.142458e+01,4.142458e+01,4.142458e+01,4.142458e+01,4.142458e+01,4.142458e+01,4.142458e+01,4.142458e+01,4.196283e+01,4.181867e+01,4.181867e+01,4.181867e+01,4.235508e+01,4.244640e+01,4.244640e+01,4.244640e+01,4.297990e+01,4.251160e+01,4.271996e+01,4.339457e+01,4.343337e+01,4.358844e+01,4.358844e+01,4.358844e+01,4.411671e+01,4.400096e+01,4.425804e+01,4.436071e+01,4.461700e+01,4.488551e+01,4.501315e+01,4.563661e+01,4.563661e+01,4.563661e+01,4.602935e+01,4.604200e+01,4.615576e+01,4.682351e+01,4.672296e+01,4.707452e+01,4.712466e+01,4.783687e+01,4.773717e+01,4.809820e+01,4.814791e+01,4.835897e+01,4.886647e+01,4.891587e+01,4.902694e+01,4.953165e+01,4.956850e+01,4.981388e+01,5.042516e+01,5.046174e+01,5.058360e+01,5.115471e+01,5.119107e+01,5.122743e+01,5.183175e+01,5.239715e+01,5.263697e+01,5.281653e+01,5.334176e+01,5.386481e+01,5.355600e+01,5.418470e+01,5.464534e+01,5.493974e+01,5.544453e+01,5.535077e+01,5.538594e+01,5.592399e+01,5.622711e+01,5.639003e+01,5.642492e+01,5.690074e+01,5.680803e+01,5.723624e+01,5.727090e+01,5.717846e+01,5.768607e+01,5.772060e+01,5.788166e+01,5.783566e+01,5.787016e+01,5.824903e+01,5.830635e+01,5.834072e+01,5.819170e+01,5.853533e+01,5.834072e+01,5.837508e+01,5.811139e+01,5.843234e+01,5.828342e+01,5.808844e+01,5.781266e+01,5.762848e+01,5.755935e+01,5.765152e+01,5.725935e+01,5.719001e+01,5.683121e+01,5.673846e+01,5.642492e+01,5.619217e+01,5.590064e+01,5.565525e+01,5.545625e+01,5.493974e+01,5.462175e+01,5.465713e+01,5.431479e+01,5.400708e+01,5.379361e+01,5.354411e+01,5.323450e+01,5.323450e+01,5.323450e+01,5.305554e+01,5.286437e+01,5.268488e+01,5.246914e+01,5.224102e+01,5.206063e+01,5.187997e+01,5.163869e+01,5.163869e+01,5.163869e+01,5.139693e+01,5.130010e+01,5.120319e+01,5.108195e+01,5.108195e+01,5.108195e+01,5.053487e+01,5.053487e+01,5.103342e+01,5.041297e+01,5.054705e+01,5.047393e+01,5.042516e+01,5.042516e+01,5.005876e+01,5.005876e+01,5.005876e+01,5.005876e+01,5.005876e+01,5.005876e+01,4.962989e+01,4.962989e+01,4.962989e+01,4.962989e+01,4.919952e+01,4.907627e+01,4.895290e+01,4.873052e+01,4.873052e+01,4.873052e+01,4.873052e+01,4.822245e+01,4.835897e+01,4.823487e+01,4.804847e+01,4.804847e+01,4.804847e+01,4.804847e+01,4.804847e+01,4.753751e+01,4.767481e+01,4.755000e+01,4.788669e+01,4.727495e+01,4.727495e+01,4.727495e+01,4.727495e+01,4.727495e+01,4.727495e+01,4.727495e+01,4.727495e+01,4.686120e+01,4.686120e+01,4.686120e+01,4.686120e+01,4.686120e+01,4.686120e+01,4.686120e+01,4.686120e+01,4.640818e+01,4.640818e+01,4.640818e+01,4.640818e+01,4.640818e+01,4.640818e+01,4.640818e+01,4.640818e+01,4.640818e+01,4.640818e+01,4.640818e+01,4.589014e+01,4.589014e+01,4.589014e+01,4.589014e+01,4.589014e+01,4.589014e+01,4.589014e+01,4.589014e+01,4.589014e+01,4.589014e+01,4.589014e+01,4.589014e+01,4.589014e+01,4.589014e+01,4.589014e+01,4.589014e+01,4.589014e+01,4.589014e+01,4.589014e+01,4.589014e+01,4.589014e+01,4.589014e+01,4.589014e+01,4.589014e+01,4.589014e+01,4.589014e+01,4.589014e+01,4.589014e+01
3.716046e+01,3.713311e+01,3.763783e+01,3.751528e+01,3.765144e+01,3.807250e+01,3.788254e+01,3.773306e+01,3.773306e+01,3.773306e+01,3.773306e+01,3.773306e+01,3.773306e+01,3.818090e+01,3.818090e+01,3.818090e+01,3.818090e+01,3.818090e+01,3.818090e+01,3.873480e+01,3.866740e+01,3.858646e+01,3.899056e+01,3.905777e+01,3.911150e+01,3.911150e+01,3.911150e+01,3.911150e+01,3.911150e+01,3.911150e+01,3.911150e+01,3.911150e+01,3.911150e+01,3.911150e+01,3.911150e+01,3.911150e+01,3.966082e+01,3.971427e+01,3.982109e+01,3.927256e+01,3.944677e+01,3.962072e+01,3.962072e+01,3.962072e+01,3.962072e+01,3.962072e+01,3.962072e+01,3.962072e+01,3.962072e+01,3.962072e+01,3.962072e+01,3.962072e+01,3.962072e+01,4.016756e+01,4.003443e+01,4.003443e+01,4.003443e+01,4.003443e+01,4.003443e+01,4.003443e+01,4.003443e+01,4.003443e+01,4.003443e+01,4.003443e+01,4.003443e+01,4.003443e+01,4.003443e+01,4.003443e+01,4.003443e+01,4.003443e+01,4.003443e+01,4.003443e+01,4.003443e+01,4.003443e+01,4.003443e+01,4.003443e+01,4.003443e+01,4.003443e+01,4.003443e+01,4.003443e+01,4.003443e+01,4.003443e+01,4.003443e+01,4.003443e+01,4.003443e+01,4.003443e+01,4.003443e+01,4.003443e+01,4.003443e+01,4.003443e+01,4.003443e+01,4.003443e+01,4.003443e+01,4.003443e+01,3.964746e+01,3.964746e+01,3.964746e+01,3.964746e+01,3.964746e+01,3.964746e+01,3.964746e+01,3.964746e+01,3.932619e+01,3.932619e+01,3.932619e+01,3.932619e+01,3.932619e+01,3.932619e+01,3.932619e+01,3.932619e+01,3.932619e+01,3.932619e+01,3.877522e+01,3.899056e+01,3.895021e+01,3.895021e+01,3.895021e+01,3.895021e+01,3.895021e+01,3.895021e+01,3.895021e+01,3.895021e+01,3.895021e+01,3.895021e+01,3.895021e+01,3.895021e+01,3.895021e+01,3.895021e+01,3.895021e+01,3.895021e+01,3.895021e+01,3.895021e+01,3.895021e+01,3.895021e+01,3.895021e+01,3.895021e+01,3.895021e+01,3.895021e+01,3.895021e+01,3.895021e+01,3.928597e+01,3.928597e+01,3.928597e+01,3.928597e+01,3.928597e+01,3.928597e+01,3.928597e+01,3.928597e+01,3.928597e+01,3.928597e+01,3.928597e+01,3.928597e+01,3.928597e+01,3.928597e+01,3.928597e+01,3.928597e+01,3.928597e+01,3.928597e+01,3.928597e+01,3.928597e+01,3.928597e+01,3.928597e+01,3.928597e+01,3.928597e+01,3.928597e+01,3.928597e+01,3.928597e+01,3.873480e+01,3.885602e+01,3.897711e+01,3.911150e+01,3.911150e+01,3.911150e+01,3.911150e+01,3.911150e+01,3.911150e+01,3.911150e+01,3.911150e+01,3.911150e+01,3.911150e+01,3.911150e+01,3.911150e+01,3.911150e+01,3.911150e+01,3.911150e+01,3.911150e+01,3.911150e+01,3.911150e+01,3.911150e+01,3.911150e+01,3.911150e+01,3.911150e+01,3.911150e+01,3.911150e+01,3.911150e+01,3.911150e+01,3.911150e+01,3.911150e+01,3.911150e+01,3.911150e+01,3.960735e+01,3.960735e+01,3.960735e+01,3.960735e+01,3.905777e+01,3.972763e+01,3.917863e+01,3.931279e+01,3.944677e+01,3.944677e+01,3.944677e+01,3.944677e+01,3.944677e+01,3.944677e+01,3.944677e+01,3.944677e+01,3.944677e+01,3.905777e+01,3.905777e+01,3.905777e+01,3.905777e+01,3.905777e+01,3.905777e+01,3.905777e+01,3.905777e+01,3.905777e+01,3.905777e+01,3.905777e+01,3.905777e+01,3.905777e+01,3.905777e+01,3.905777e+01,3.905777e+01,3.905777e+01,3.905777e+01,3.905777e+01,3.905777e+01,3.905777e+01,3.905777e+01,3.905777e+01,3.905777e+01,3.905777e+01,3.905777e+01,3.905777e+01,3.905777e+01,3.905777e+01,3.905777e+01,3.905777e+01,3.905777e+01,3.905777e+01,3.905777e+01,3.905777e+01,3.905777e+01,3.947355e+01,3.947355e+01,3.947355e+01,3.947355e+01,3.947355e+01,3.947355e+01,3.947355e+01,3.892331e+01,3.960735e+01,3.960735e+01,3.960735e+01,3.960735e+01,3.960735e+01,3.960735e+01,3.960735e+01,3.960735e+01,3.960735e+01,3.905777e+01,3.919206e+01,3.932619e+01,3.932619e+01,3.932619e+01,3.932619e+01,3.932619e+01,3.932619e+01,3.932619e+01,3.932619e+01,3.932619e+01,3.932619e+01,3.987447e+01,3.944677e+01,3.966082e+01,3.966082e+01,3.966082e+01,3.966082e+01,3.966082e+01,3.966082e+01,3.966082e+01,3.966082e+01,3.966082e+01,3.966082e+01,3.966082e+01,3.966082e+01,3.966082e+01,3.966082e+01,3.966082e+01,3.966082e+01,3.966082e+01,3.966082e+01,3.966082e+01,3.966082e+01,3.966082e+01,3.966082e+01,3.966082e+01,3.966082e+01,4.011433e+01,4.011433e+01,4.011433e+01,4.011433e+01,4.011433e+01,4.011433e+01,4.011433e+01,4.065880e+01,4.052624e+01,4.052624e+01,4.052624e+01,4.052624e+01,4.052624e+01,4.052624e+01,4.052624e+01,4.052624e+01,4.052624e+01,4.052624e+01,4.052624e+01,4.052624e+01,4.052624e+01,3.998114e+01,4.012764e+01,4.007439e+01,4.003443e+01,4.003443e+01,4.003443e+01,4.003443e+01,4.003443e+01,4.003443e+01,4.003443e+01,4.003443e+01,4.003443e+01,4.003443e+01,4.003443e+01,4.003443e+01,4.003443e+01,4.003443e+01,4.003443e+01,4.003443e+01,4.003443e+01,4.003443e+01,4.003443e+01,4.003443e+01,4.003443e+01,4.003443e+01,4.003443e+01,4.003443e+01,4.003443e+01,4.003443e+01,4.003443e+01,4.003443e+01,4.057928e+01,4.044664e+01,4.044664e+01,4.044664e+01,4.044664e+01,4.044664e+01,4.044664e+01,4.044664e+01,4.044664e+01,4.044664e+01,4.044664e+01,4.098951e+01,4.085734e+01,4.085734e+01,4.085734e+01,4.085734e+01,4.085734e+01,4.085734e+01,4.085734e+01,4.085734e+01,4.085734e+01,4.085734e+01,4.085734e+01,4.085734e+01,4.085734e+01,4.085734e+01,4.085734e+01,4.085734e+01,4.085734e+01,4.085734e+01,4.085734e+01,4.085734e+01,4.085734e+01,4.085734e+01,4.085734e+01,4.085734e+01,4.085734e+01,4.085734e+01,4.085734e+01,4.085734e+01,4.085734e+01,4.085734e+01,4.085734e+01,4.085734e+01,4.085734e+01,4.117429e+01,4.117429e+01,4.117429e+01,4.117429e+01,4.117429e+01,4.117429e+01,4.117429e+01,4.117429e+01,4.117429e+01,4.117429e+01,4.117429e+01,4.117429e+01,4.117429e+01,4.117429e+01,4.171371e+01,4.176620e+01,4.188422e+01,4.188422e+01,4.188422e+01,4.188422e+01,4.188422e+01,4.244640e+01,4.244640e+01,4.244640e+01,4.297990e+01,4.278500e+01,4.283701e+01,4.312261e+01,4.329104e+01,4.358844e+01,4.358844e+01,4.411671e+01,4.414242e+01,4.414242e+01,4.466819e+01,4.454018e+01,4.469378e+01,4.528075e+01,4.533165e+01,4.556044e+01,4.607993e+01,4.559853e+01,4.587748e+01,4.639558e+01,4.644600e+01,4.674810e+01,4.731250e+01,4.735003e+01,4.740005e+01,4.776210e+01,4.782441e+01,4.798627e+01,4.849534e+01,4.854489e+01,4.860680e+01,4.928571e+01,4.933494e+01,4.945792e+01,4.996087e+01,5.051050e+01,5.053487e+01,5.103342e+01,5.109408e+01,5.167491e+01,5.203656e+01,5.209673e+01,5.239715e+01,5.292414e+01,5.329410e+01,5.335367e+01,5.413736e+01,5.405447e+01,5.444475e+01,5.475140e+01,5.539766e+01,5.563185e+01,5.567863e+01,5.583058e+01,5.636677e+01,5.654113e+01,5.657598e+01,5.692390e+01,5.699338e+01,5.751324e+01,5.749018e+01,5.754782e+01,5.790465e+01,5.788166e+01,5.840944e+01,5.830635e+01,5.820317e+01,5.852389e+01,5.859252e+01,5.866111e+01,5.855821e+01,5.893510e+01,5.882100e+01,5.885524e+01,5.903770e+01,5.893510e+01,5.883242e+01,5.886665e+01,5.861538e+01,5.885524e+01,5.868396e+01,5.839799e+01,5.822610e+01,5.807696e+01,5.798509e+01,5.781266e+01,5.755935e+01,5.736327e+01,5.715534e+01,5.681963e+01,5.647142e+01,5.633187e+01,5.598234e+01,5.546796e+01,5.525694e+01,5.515129e+01,5.475140e+01,5.455098e+01,5.423202e+01,5.392411e+01,5.379361e+01,5.368674e+01,5.357978e+01,5.331794e+01,5.304360e+01,5.304360e+01,5.295999e+01,5.262498e+01,5.236114e+01,5.209673e+01,5.209673e+01,5.209673e+01,5.163869e+01,5.163869e+01,5.163869e+01,5.120319e+01,5.120319e+01,5.120319e+01,5.120319e+01,5.120319e+01,5.120319e+01,5.120319e+01,5.120319e+01,5.104555e+01,5.086341e+01,5.072967e+01,5.070533e+01,5.052269e+01,5.041297e+01,5.032756e+01,5.024210e+01,5.024210e+01,4.974032e+01,4.970352e+01,4.970352e+01,4.919952e+01,4.962989e+01,4.945792e+01,4.924878e+01,4.924878e+01,4.873052e+01,4.873052e+01,4.873052e+01,4.873052e+01,4.873052e+01,4.835897e+01,4.835897e+01,4.835897e+01,4.835897e+01,4.804847e+01,4.804847e+01,4.804847e+01,4.804847e+01,4.767481e+01,4.763738e+01,4.764986e+01,4.753751e+01,4.745005e+01,4.745005e+01,4.745005e+01,4.745005e+01,4.745005e+01,4.693653e+01,4.738755e+01,4.723740e+01,4.714972e+01,4.706199e+01,4.706199e+01,4.654679e+01,4.663491e+01,4.663491e+01,4.663491e+01,4.663491e+01,4.663491e+01,4.663491e+01,4.663491e+01,4.611785e+01,4.620629e+01,4.620629e+01,4.620629e+01,4.620629e+01,4.620629e+01,4.620629e+01,4.620629e+01,4.620629e+01,4.620629e+01,4.620629e+01,4.620629e+01,4.620629e+01,4.589014e+01,4.589014e+01,4.589014e+01,4.589014e+01,4.589014e+01,4.589014e+01,4.589014e+01,4.589014e+01,4.589014e+01,4.589014e+01,4.589014e+01,4.589014e+01,4.589014e+01,4.589014e+01,4.589014e+01,4.589014e+01,4.589014e+01,4.589014e+01,4.589014e+01,4.589014e+01,4.589014e+01,4.589014e+01
3.716046e+01,3.716046e+01,3.716046e+01,3.751528e+01,3.774666e+01,3.739258e+01,3.751528e+01,3.761061e+01,3.761061e+01,3.816735e+01,3.807250e+01,3.797756e+01,3.811316e+01,3.809961e+01,3.865392e+01,3.853247e+01,3.843793e+01,3.843793e+01,3.843793e+01,3.843793e+01,3.843793e+01,3.843793e+01,3.899056e+01,3.899056e+01,3.899056e+01,3.899056e+01,3.899056e+01,3.899056e+01,3.899056e+01,3.899056e+01,3.899056e+01,3.899056e+01,3.899056e+01,3.954047e+01,3.944677e+01,3.950032e+01,3.958060e+01,3.958060e+01,3.958060e+01,3.958060e+01,3.958060e+01,3.958060e+01,3.958060e+01,3.958060e+01,3.958060e+01,3.958060e+01,3.958060e+01,3.958060e+01,4.012764e+01,4.000779e+01,3.991448e+01,3.982109e+01,3.995448e+01,4.008770e+01,4.008770e+01,4.008770e+01,4.008770e+01,4.008770e+01,4.008770e+01,4.008770e+01,4.008770e+01,4.008770e+01,4.008770e+01,4.008770e+01,4.008770e+01,4.008770e+01,4.008770e+01,4.008770e+01,4.008770e+01,4.008770e+01,4.008770e+01,4.008770e+01,4.008770e+01,4.008770e+01,4.008770e+01,4.008770e+01,4.008770e+01,4.008770e+01,4.008770e+01,4.008770e+01,4.008770e+01,4.008770e+01,4.008770e+01,4.008770e+01,4.008770e+01,4.008770e+01,4.008770e+01,4.008770e+01,4.008770e+01,4.008770e+01,4.008770e+01,3.954047e+01,3.966082e+01,3.955385e+01,3.951371e+01,3.951371e+01,3.951371e+01,3.951371e+01,3.951371e+01,3.951371e+01,3.951371e+01,3.951371e+01,3.951371e+01,3.951371e+01,3.951371e+01,3.951371e+01,3.951371e+01,3.896367e+01,3.905777e+01,3.905777e+01,3.905777e+01,3.905777e+01,3.905777e+01,3.905777e+01,3.905777e+01,3.905777e+01,3.905777e+01,3.905777e+01,3.905777e+01,3.905777e+01,3.905777e+01,3.905777e+01,3.905777e+01,3.905777e+01,3.850547e+01,3.862694e+01,3.872132e+01,3.872132e+01,3.872132e+01,3.872132e+01,3.872132e+01,3.872132e+01,3.872132e+01,3.872132e+01,3.872132e+01,3.872132e+01,3.872132e+01,3.872132e+01,3.872132e+01,3.872132e+01,3.928597e+01,3.928597e+01,3.928597e+01,3.928597e+01,3.928597e+01,3.928597e+01,3.928597e+01,3.928597e+01,3.873480e+01,3.885602e+01,3.895021e+01,3.904433e+01,3.904433e+01,3.904433e+01,3.904433e+01,3.904433e+01,3.904433e+01,3.904433e+01,3.904433e+01,3.904433e+01,3.904433e+01,3.904433e+01,3.904433e+01,3.904433e+01,3.904433e+01,3.904433e+01,3.904433e+01,3.904433e+01,3.849196e+01,3.870784e+01,3.870784e+01,3.870784e+01,3.870784e+01,3.870784e+01,3.870784e+01,3.870784e+01,3.870784e+01,3.870784e+01,3.870784e+01,3.870784e+01,3.870784e+01,3.870784e+01,3.870784e+01,3.870784e+01,3.870784e+01,3.870784e+01,3.870784e+01,3.870784e+01,3.870784e+01,3.870784e+01,3.870784e+01,3.870784e+01,3.870784e+01,3.911150e+01,3.911150e+01,3.911150e+01,3.911150e+01,3.911150e+01,3.911150e+01,3.911150e+01,3.911150e+01,3.911150e+01,3.911150e+01,3.911150e+01,3.911150e+01,3.911150e+01,3.911150e+01,3.911150e+01,3.911150e+01,3.911150e+01,3.911150e+01,3.911150e+01,3.911150e+01,3.911150e+01,3.911150e+01,3.911150e+01,3.911150e+01,3.911150e+01,3.911150e+01,3.911150e+01,3.911150e+01,3.911150e+01,3.911150e+01,3.911150e+01,3.911150e+01,3.911150e+01,3.911150e+01,3.911150e+01,3.855947e+01,3.868088e+01,3.877522e+01,3.886948e+01,3.886948e+01,3.886948e+01,3.886948e+01,3.886948e+01,3.886948e+01,3.886948e+01,3.886948e+01,3.886948e+01,3.886948e+01,3.886948e+01,3.886948e+01,3.886948e+01,3.886948e+01,3.886948e+01,3.886948e+01,3.886948e+01,3.886948e+01,3.886948e+01,3.886948e+01,3.886948e+01,3.886948e+01,3.886948e+01,3.947355e+01,3.947355e+01,3.947355e+01,3.892331e+01,3.904433e+01,3.899056e+01,3.899056e+01,3.932619e+01,3.941999e+01,3.941999e+01,3.941999e+01,3.941999e+01,3.941999e+01,3.941999e+01,3.941999e+01,3.941999e+01,3.941999e+01,3.941999e+01,3.941999e+01,3.941999e+01,3.941999e+01,3.941999e+01,3.941999e+01,3.941999e+01,3.941999e+01,3.941999e+01,3.941999e+01,3.941999e+01,3.941999e+01,3.941999e+01,3.941999e+01,3.941999e+01,3.941999e+01,3.941999e+01,3.941999e+01,3.941999e+01,3.941999e+01,3.941999e+01,3.941999e+01,3.941999e+01,3.941999e+01,3.941999e+01,3.941999e+01,3.941999e+01,3.941999e+01,3.941999e+01,3.941999e+01,3.941999e+01,3.941999e+01,3.941999e+01,3.941999e+01,3.941999e+01,3.996781e+01,4.002111e+01,4.003443e+01,4.003443e+01,4.003443e+01,4.003443e+01,4.003443e+01,4.003443e+01,4.003443e+01,4.003443e+01,4.052624e+01,4.052624e+01,4.052624e+01,4.052624e+01,4.052624e+01,4.052624e+01,4.052624e+01,4.052624e+01,4.052624e+01,3.998114e+01,4.010102e+01,4.019417e+01,4.014095e+01,4.006107e+01,4.006107e+01,4.006107e+01,4.006107e+01,4.006107e+01,4.006107e+01,4.006107e+01,4.006107e+01,4.006107e+01,4.006107e+01,3.951371e+01,3.963409e+01,3.972763e+01,3.982109e+01,3.982109e+01,3.982109e+01,3.982109e+01,3.982109e+01,3.982109e+01,3.982109e+01,3.982109e+01,3.982109e+01,3.982109e+01,3.982109e+01,3.982109e+01,3.982109e+01,3.982109e+01,3.982109e+01,3.982109e+01,4.036697e+01,4.042009e+01,3.995448e+01,4.007439e+01,4.016756e+01,4.026067e+01,4.026067e+01,4.026067e+01,4.026067e+01,4.026067e+01,4.026067e+01,4.026067e+01,4.026067e+01,4.026067e+01,4.026067e+01,4.026067e+01,4.085734e+01,4.085734e+01,4.031383e+01,4.043336e+01,4.052624e+01,4.061905e+01,4.061905e+01,4.061905e+01,4.061905e+01,4.061905e+01,4.061905e+01,4.061905e+01,4.061905e+01,4.061905e+01,4.061905e+01,4.061905e+01,4.061905e+01,4.061905e+01,4.061905e+01,4.061905e+01,4.061905e+01,4.061905e+01,4.061905e+01,4.061905e+01,4.061905e+01,4.061905e+01,4.061905e+01,4.116110e+01,4.106874e+01,4.106874e+01,4.106874e+01,4.106874e+01,4.106874e+01,4.106874e+01,4.106874e+01,4.106874e+01,4.106874e+01,4.106874e+01,4.106874e+01,4.106874e+01,4.106874e+01,4.106874e+01,4.160866e+01,4.149036e+01,4.154295e+01,4.162180e+01,4.162180e+01,4.162180e+01,4.162180e+01,4.162180e+01,4.215912e+01,4.221141e+01,4.235508e+01,4.235508e+01,4.235508e+01,4.297990e+01,4.297990e+01,4.297990e+01,4.351093e+01,4.361427e+01,4.362718e+01,4.375620e+01,4.384644e+01,4.396235e+01,4.461700e+01,4.474494e+01,4.474494e+01,4.526802e+01,4.535710e+01,4.535710e+01,4.535710e+01,4.607993e+01,4.597874e+01,4.631990e+01,4.647121e+01,4.655938e+01,4.687376e+01,4.704945e+01,4.768728e+01,4.778703e+01,4.779949e+01,4.830934e+01,4.837137e+01,4.840858e+01,4.891587e+01,4.947022e+01,4.954394e+01,4.994862e+01,5.000982e+01,5.032756e+01,5.042516e+01,5.108195e+01,5.115471e+01,5.179558e+01,5.197635e+01,5.254110e+01,5.257705e+01,5.281653e+01,5.359167e+01,5.362733e+01,5.368674e+01,5.453918e+01,5.499854e+01,5.518652e+01,5.542110e+01,5.597067e+01,5.586562e+01,5.634350e+01,5.641329e+01,5.697022e+01,5.686598e+01,5.743251e+01,5.746711e+01,5.753630e+01,5.808844e+01,5.796211e+01,5.799657e+01,5.850101e+01,5.854677e+01,5.863824e+01,5.863824e+01,5.863824e+01,5.910606e+01,5.900351e+01,5.936776e+01,5.933365e+01,5.942458e+01,5.921990e+01,5.959490e+01,5.950409e+01,5.931091e+01,5.958355e+01,5.948138e+01,5.939049e+01,5.896931e+01,5.918576e+01,5.900351e+01,5.875250e+01,5.852389e+01,5.835218e+01,5.815729e+01,5.807696e+01,5.780116e+01,5.749018e+01,5.716690e+01,5.699338e+01,5.675006e+01,5.623875e+01,5.608730e+01,5.579553e+01,5.553822e+01,5.544453e+01,5.513955e+01,5.476318e+01,5.456278e+01,5.435025e+01,5.416103e+01,5.394782e+01,5.369862e+01,5.311523e+01,5.311523e+01,5.311523e+01,5.262498e+01,5.276867e+01,5.261301e+01,5.252911e+01,5.237314e+01,5.179558e+01,5.179558e+01,5.179558e+01,5.179558e+01,5.179558e+01,5.169905e+01,5.111834e+01,5.111834e+01,5.111834e+01,5.111834e+01,5.111834e+01,5.111834e+01,5.111834e+01,5.072967e+01,5.072967e+01,5.072967e+01,5.041297e+01,5.041297e+01,5.041297e+01,5.041297e+01,4.974032e+01,4.974032e+01,4.974032e+01,4.974032e+01,4.974032e+01,4.945792e+01,4.895290e+01,4.889117e+01,4.880469e+01,4.880469e+01,4.880469e+01,4.880469e+01,4.829693e+01,4.825970e+01,4.825970e+01,4.825970e+01,4.825970e+01,4.825970e+01,4.774963e+01,4.783687e+01,4.776210e+01,4.764986e+01,4.764986e+01,4.764986e+01,4.764986e+01,4.764986e+01,4.764986e+01,4.713719e+01,4.722488e+01,4.757497e+01,4.746255e+01,4.704945e+01,4.713719e+01,4.713719e+01,4.713719e+01,4.713719e+01,4.706199e+01,4.696163e+01,4.687376e+01,4.687376e+01,4.687376e+01,4.635774e+01,4.644600e+01,4.629466e+01,4.619366e+01,4.619366e+01,4.619366e+01,4.619366e+01,4.619366e+01,4.619366e+01,4.619366e+01,4.619366e+01,4.619366e+01,4.619366e+01,4.619366e+01,4.619366e+01,4.619366e+01,4.619366e+01,4.619366e+01,4.619366e+01,4.619366e+01,4.619366e+01,4.619366e+01,4.619366e+01,4.619366e+01,4.619366e+01,4.619366e+01,4.589014e+01,4.589014e+01,4.589014e+01,4.589014e+01,4.589014e+01,4.589014e+01,4.589014e+01,4.589014e+01,4.589014e+01,4.589014e+01,4.589014e+01,4.589014e+01
3.771946e+01,3.761061e+01,3.765144e+01,3.769226e+01,3.766505e+01,3.752890e+01,3.752890e+01,3.808606e+01,3.816735e+01,3.770586e+01,3.781462e+01,3.837035e+01,3.827567e+01,3.842442e+01,3.857297e+01,3.857297e+01,3.857297e+01,3.857297e+01,3.857297e+01,3.857297e+01,3.912493e+01,3.865392e+01,3.870784e+01,3.880216e+01,3.880216e+01,3.880216e+01,3.880216e+01,3.880216e+01,3.935300e+01,3.925914e+01,3.925914e+01,3.925914e+01,3.925914e+01,3.925914e+01,3.925914e+01,3.925914e+01,3.958060e+01,3.958060e+01,3.958060e+01,3.958060e+01,3.958060e+01,3.958060e+01,3.958060e+01,3.958060e+01,3.958060e+01,3.958060e+01,3.958060e+01,3.958060e+01,3.958060e+01,3.958060e+01,3.991448e+01,3.991448e+01,3.991448e+01,3.991448e+01,3.991448e+01,3.991448e+01,3.991448e+01,3.991448e+01,3.991448e+01,3.991448e+01,3.991448e+01,3.991448e+01,3.991448e+01,3.991448e+01,3.991448e+01,3.991448e+01,3.991448e+01,3.991448e+01,3.991448e+01,3.991448e+01,3.991448e+01,3.991448e+01,3.991448e+01,4.045991e+01,4.036697e+01,4.027396e+01,4.027396e+01,4.027396e+01,4.027396e+01,4.027396e+01,4.027396e+01,4.027396e+01,4.027396e+01,4.027396e+01,3.972763e+01,3.982109e+01,3.982109e+01,3.982109e+01,3.982109e+01,3.982109e+01,3.982109e+01,3.982109e+01,3.982109e+01,3.982109e+01,3.982109e+01,3.982109e+01,3.982109e+01,3.982109e+01,3.951371e+01,3.951371e+01,3.951371e+01,3.951371e+01,3.951371e+01,3.951371e+01,3.951371e+01,3.951371e+01,3.951371e+01,3.896367e+01,3.951371e+01,3.885602e+01,3.940659e+01,3.931279e+01,3.931279e+01,3.876175e+01,3.885602e+01,3.885602e+01,3.885602e+01,3.885602e+01,3.885602e+01,3.885602e+01,3.885602e+01,3.885602e+01,3.885602e+01,3.885602e+01,3.850547e+01,3.850547e+01,3.850547e+01,3.850547e+01,3.850547e+01,3.850547e+01,3.850547e+01,3.850547e+01,3.850547e+01,3.850547e+01,3.850547e+01,3.850547e+01,3.850547e+01,3.850547e+01,3.850547e+01,3.850547e+01,3.850547e+01,3.873480e+01,3.885602e+01,3.895021e+01,3.904433e+01,3.904433e+01,3.849196e+01,3.897711e+01,3.881563e+01,3.881563e+01,3.881563e+01,3.881563e+01,3.881563e+01,3.881563e+01,3.881563e+01,3.881563e+01,3.881563e+01,3.881563e+01,3.881563e+01,3.881563e+01,3.881563e+01,3.881563e+01,3.881563e+01,3.881563e+01,3.881563e+01,3.826213e+01,3.838387e+01,3.832978e+01,3.823506e+01,3.823506e+01,3.823506e+01,3.823506e+01,3.823506e+01,3.870784e+01,3.870784e+01,3.870784e+01,3.870784e+01,3.870784e+01,3.815381e+01,3.827567e+01,3.837035e+01,3.846495e+01,3.846495e+01,3.846495e+01,3.846495e+01,3.846495e+01,3.846495e+01,3.846495e+01,3.846495e+01,3.846495e+01,3.846495e+01,3.901744e+01,3.858646e+01,3.885602e+01,3.885602e+01,3.885602e+01,3.885602e+01,3.885602e+01,3.885602e+01,3.885602e+01,3.885602e+01,3.885602e+01,3.885602e+01,3.885602e+01,3.885602e+01,3.885602e+01,3.885602e+01,3.885602e+01,3.885602e+01,3.885602e+01,3.885602e+01,3.885602e+01,3.885602e+01,3.885602e+01,3.885602e+01,3.885602e+01,3.885602e+01,3.885602e+01,3.885602e+01,3.885602e+01,3.885602e+01,3.885602e+01,3.885602e+01,3.885602e+01,3.885602e+01,3.885602e+01,3.885602e+01,3.885602e+01,3.885602e+01,3.885602e+01,3.885602e+01,3.885602e+01,3.830272e+01,3.842442e+01,3.854597e+01,3.864043e+01,3.864043e+01,3.864043e+01,3.864043e+01,3.864043e+01,3.864043e+01,3.864043e+01,3.864043e+01,3.864043e+01,3.864043e+01,3.864043e+01,3.864043e+01,3.864043e+01,3.864043e+01,3.919206e+01,3.854597e+01,3.865392e+01,3.865392e+01,3.865392e+01,3.865392e+01,3.865392e+01,3.865392e+01,3.920548e+01,3.909807e+01,3.909807e+01,3.909807e+01,3.909807e+01,3.909807e+01,3.909807e+01,3.909807e+01,3.909807e+01,3.909807e+01,3.909807e+01,3.909807e+01,3.909807e+01,3.909807e+01,3.909807e+01,3.909807e+01,3.909807e+01,3.909807e+01,3.909807e+01,3.909807e+01,3.909807e+01,3.909807e+01,3.909807e+01,3.909807e+01,3.909807e+01,3.909807e+01,3.909807e+01,3.909807e+01,3.909807e+01,3.909807e+01,3.941999e+01,3.941999e+01,3.941999e+01,3.941999e+01,3.941999e+01,3.941999e+01,3.941999e+01,3.941999e+01,3.941999e+01,3.941999e+01,3.941999e+01,3.941999e+01,3.941999e+01,3.941999e+01,3.941999e+01,3.941999e+01,3.941999e+01,3.941999e+01,3.941999e+01,3.941999e+01,3.941999e+01,4.003443e+01,4.003443e+01,4.003443e+01,4.003443e+01,4.003443e+01,4.003443e+01,4.003443e+01,4.003443e+01,4.003443e+01,4.003443e+01,4.003443e+01,4.003443e+01,4.052624e+01,4.052624e+01,4.052624e+01,4.052624e+01,3.998114e+01,3.988781e+01,4.043336e+01,4.032712e+01,4.032712e+01,3.978105e+01,3.988781e+01,3.988781e+01,3.988781e+01,3.988781e+01,3.988781e+01,3.988781e+01,3.988781e+01,3.988781e+01,3.988781e+01,3.988781e+01,3.988781e+01,3.988781e+01,3.988781e+01,3.988781e+01,3.988781e+01,3.988781e+01,3.988781e+01,3.988781e+01,3.988781e+01,3.988781e+01,3.988781e+01,3.988781e+01,3.988781e+01,3.988781e+01,3.988781e+01,3.988781e+01,3.988781e+01,3.988781e+01,3.988781e+01,3.988781e+01,4.043336e+01,3.976770e+01,3.996781e+01,3.996781e+01,3.996781e+01,3.996781e+01,4.026067e+01,4.026067e+01,4.026067e+01,4.026067e+01,4.026067e+01,4.026067e+01,4.026067e+01,4.026067e+01,4.026067e+01,4.026067e+01,4.026067e+01,4.026067e+01,4.026067e+01,4.026067e+01,4.026067e+01,4.026067e+01,4.061905e+01,4.061905e+01,4.061905e+01,4.007439e+01,4.020747e+01,4.031383e+01,4.042009e+01,4.042009e+01,4.042009e+01,4.042009e+01,4.042009e+01,4.042009e+01,4.042009e+01,4.042009e+01,4.042009e+01,4.042009e+01,4.042009e+01,4.042009e+01,4.042009e+01,4.061905e+01,4.075150e+01,4.085734e+01,4.085734e+01,4.085734e+01,4.085734e+01,4.085734e+01,4.085734e+01,4.085734e+01,4.085734e+01,4.139826e+01,4.129292e+01,4.129292e+01,4.129292e+01,4.129292e+01,4.129292e+01,4.129292e+01,4.129292e+01,4.129292e+01,4.162180e+01,4.162180e+01,4.162180e+01,4.162180e+01,4.215912e+01,4.215912e+01,4.215912e+01,4.269394e+01,4.275899e+01,4.290198e+01,4.290198e+01,4.290198e+01,4.351093e+01,4.351093e+01,4.351093e+01,4.403955e+01,4.393660e+01,4.411671e+01,4.434788e+01,4.457859e+01,4.473215e+01,4.498763e+01,4.517888e+01,4.570004e+01,4.576344e+01,4.600405e+01,4.605464e+01,4.671038e+01,4.660974e+01,4.668523e+01,4.727495e+01,4.733752e+01,4.761242e+01,4.812306e+01,4.818519e+01,4.823487e+01,4.874289e+01,4.880469e+01,4.913791e+01,4.971579e+01,4.986289e+01,4.987514e+01,5.051050e+01,5.054705e+01,5.119107e+01,5.127588e+01,5.192817e+01,5.201248e+01,5.216889e+01,5.279260e+01,5.318681e+01,5.372237e+01,5.380548e+01,5.429115e+01,5.483384e+01,5.483384e+01,5.540938e+01,5.577216e+01,5.584226e+01,5.605232e+01,5.657598e+01,5.665725e+01,5.719001e+01,5.727090e+01,5.770909e+01,5.778965e+01,5.818023e+01,5.824903e+01,5.832926e+01,5.860395e+01,5.867253e+01,5.875250e+01,5.916299e+01,5.906049e+01,5.942458e+01,5.949274e+01,5.957220e+01,5.950409e+01,5.953815e+01,5.953815e+01,6.000278e+01,5.986696e+01,5.994621e+01,5.981033e+01,5.970833e+01,5.974234e+01,5.974234e+01,5.974234e+01,5.974234e+01,5.974234e+01,5.974234e+01,5.921990e+01,5.936776e+01,5.911744e+01,5.884383e+01,5.866111e+01,5.832926e+01,5.796211e+01,5.774362e+01,5.746711e+01,5.706281e+01,5.690074e+01,5.664564e+01,5.629696e+01,5.614557e+01,5.594733e+01,5.558504e+01,5.531559e+01,5.503381e+01,5.473962e+01,5.446836e+01,5.423202e+01,5.390039e+01,5.355600e+01,5.347272e+01,5.336558e+01,5.323450e+01,5.315102e+01,5.294804e+01,5.281653e+01,5.255308e+01,5.221698e+01,5.213282e+01,5.208469e+01,5.203656e+01,5.203656e+01,5.169905e+01,5.136063e+01,5.136063e+01,5.136063e+01,5.136063e+01,5.136063e+01,5.136063e+01,5.086341e+01,5.120319e+01,5.062013e+01,5.053487e+01,5.051050e+01,5.051050e+01,5.051050e+01,5.000982e+01,5.015657e+01,5.005876e+01,5.000982e+01,4.996087e+01,4.937185e+01,4.954394e+01,4.928571e+01,4.917488e+01,4.903927e+01,4.903927e+01,4.853250e+01,4.844577e+01,4.835897e+01,4.835897e+01,4.835897e+01,4.835897e+01,4.835897e+01,4.835897e+01,4.825970e+01,4.816034e+01,4.803603e+01,4.787424e+01,4.787424e+01,4.787424e+01,4.787424e+01,4.736254e+01,4.778703e+01,4.752502e+01,4.711213e+01,4.736254e+01,4.718731e+01,4.711213e+01,4.711213e+01,4.711213e+01,4.711213e+01,4.711213e+01,4.659715e+01,4.669781e+01,4.674810e+01,4.674810e+01,4.674810e+01,4.674810e+01,4.674810e+01,4.674810e+01,4.674810e+01,4.671038e+01,4.660974e+01,4.650900e+01,4.645860e+01,4.640818e+01,4.640818e+01,4.640818e+01,4.640818e+01,4.640818e+01,4.640818e+01,4.640818e+01,4.589014e+01,4.594078e+01,4.594078e+01,4.594078e+01,4.594078e+01,4.594078e+01,4.594078e+01,4.594078e+01,4.594078e+01,4.594078e+01,4.594078e+01,4.594078e+01,4.594078e+01,4.594078e+01,4.594078e+01,4.594078e+01,4.594078e+01,4.594078e+01,4.594078e+01,4.594078e+01,4.594078e+01,4.594078e+01,4.594078e+01
3.724244e+01,3.735165e+01,3.735165e+01,3.735165e+01,3.766505e+01,3.766505e+01,3.766505e+01,3.766505e+01,3.766505e+01,3.822152e+01,3.830272e+01,3.788254e+01,3.854597e+01,3.854597e+01,3.854597e+01,3.854597e+01,3.854597e+01,3.854597e+01,3.854597e+01,3.854597e+01,3.854597e+01,3.854597e+01,3.854597e+01,3.909807e+01,3.904433e+01,3.904433e+01,3.904433e+01,3.904433e+01,3.904433e+01,3.904433e+01,3.904433e+01,3.904433e+01,3.904433e+01,3.904433e+01,3.959398e+01,3.970091e+01,3.974099e+01,3.974099e+01,3.974099e+01,3.974099e+01,3.974099e+01,3.974099e+01,3.974099e+01,3.974099e+01,3.974099e+01,3.974099e+01,3.974099e+01,3.974099e+01,3.974099e+01,3.974099e+01,3.974099e+01,3.974099e+01,3.974099e+01,3.974099e+01,3.974099e+01,3.974099e+01,4.028725e+01,4.023407e+01,4.018087e+01,3.963409e+01,3.968755e+01,4.023407e+01,4.018087e+01,4.018087e+01,4.018087e+01,4.018087e+01,4.018087e+01,4.018087e+01,4.018087e+01,4.018087e+01,4.018087e+01,4.018087e+01,4.018087e+01,4.018087e+01,4.018087e+01,4.018087e+01,4.018087e+01,4.018087e+01,4.018087e+01,4.018087e+01,4.018087e+01,4.018087e+01,4.018087e+01,4.018087e+01,4.018087e+01,4.018087e+01,4.018087e+01,4.018087e+01,3.982109e+01,3.982109e+01,3.982109e+01,3.982109e+01,3.982109e+01,3.982109e+01,3.982109e+01,3.982109e+01,3.982109e+01,3.982109e+01,3.951371e+01,3.951371e+01,3.951371e+01,3.951371e+01,3.951371e+01,3.951371e+01,3.951371e+01,3.951371e+01,3.951371e+01,3.951371e+01,3.951371e+01,3.940659e+01,3.890985e+01,3.903089e+01,3.895021e+01,3.882909e+01,3.882909e+01,3.882909e+01,3.882909e+01,3.882909e+01,3.882909e+01,3.882909e+01,3.882909e+01,3.882909e+01,3.882909e+01,3.827567e+01,3.823506e+01,3.823506e+01,3.823506e+01,3.823506e+01,3.823506e+01,3.823506e+01,3.823506e+01,3.823506e+01,3.823506e+01,3.823506e+01,3.823506e+01,3.823506e+01,3.823506e+01,3.823506e+01,3.823506e+01,3.878869e+01,3.873480e+01,3.873480e+01,3.873480e+01,3.873480e+01,3.873480e+01,3.873480e+01,3.873480e+01,3.873480e+01,3.873480e+01,3.873480e+01,3.818090e+01,3.830272e+01,3.842442e+01,3.847846e+01,3.853247e+01,3.858646e+01,3.858646e+01,3.858646e+01,3.858646e+01,3.858646e+01,3.858646e+01,3.858646e+01,3.858646e+01,3.858646e+01,3.858646e+01,3.826213e+01,3.826213e+01,3.826213e+01,3.826213e+01,3.826213e+01,3.826213e+01,3.826213e+01,3.826213e+01,3.826213e+01,3.826213e+01,3.826213e+01,3.826213e+01,3.826213e+01,3.826213e+01,3.826213e+01,3.826213e+01,3.826213e+01,3.826213e+01,3.826213e+01,3.826213e+01,3.826213e+01,3.826213e+01,3.826213e+01,3.826213e+01,3.826213e+01,3.826213e+01,3.826213e+01,3.826213e+01,3.826213e+01,3.885602e+01,3.830272e+01,3.842442e+01,3.847846e+01,3.853247e+01,3.858646e+01,3.858646e+01,3.858646e+01,3.858646e+01,3.858646e+01,3.858646e+01,3.858646e+01,3.858646e+01,3.858646e+01,3.858646e+01,3.858646e+01,3.858646e+01,3.858646e+01,3.858646e+01,3.858646e+01,3.858646e+01,3.858646e+01,3.858646e+01,3.858646e+01,3.858646e+01,3.858646e+01,3.858646e+01,3.858646e+01,3.858646e+01,3.858646e+01,3.858646e+01,3.858646e+01,3.803182e+01,3.815381e+01,3.827567e+01,3.839738e+01,3.851897e+01,3.843793e+01,3.837035e+01,3.837035e+01,3.837035e+01,3.837035e+01,3.837035e+01,3.837035e+01,3.892331e+01,3.886948e+01,3.831625e+01,3.837035e+01,3.837035e+01,3.892331e+01,3.886948e+01,3.831625e+01,3.892331e+01,3.830272e+01,3.842442e+01,3.854597e+01,3.849196e+01,3.849196e+01,3.849196e+01,3.849196e+01,3.849196e+01,3.849196e+01,3.849196e+01,3.865392e+01,3.877522e+01,3.885602e+01,3.885602e+01,3.885602e+01,3.885602e+01,3.885602e+01,3.885602e+01,3.885602e+01,3.885602e+01,3.885602e+01,3.885602e+01,3.885602e+01,3.885602e+01,3.885602e+01,3.885602e+01,3.885602e+01,3.885602e+01,3.885602e+01,3.885602e+01,3.885602e+01,3.885602e+01,3.885602e+01,3.885602e+01,3.885602e+01,3.885602e+01,3.885602e+01,3.940659e+01,3.932619e+01,3.888294e+01,3.909807e+01,3.917863e+01,3.917863e+01,3.917863e+01,3.917863e+01,3.917863e+01,3.917863e+01,3.917863e+01,3.917863e+01,3.917863e+01,3.917863e+01,3.917863e+01,3.917863e+01,3.917863e+01,3.917863e+01,3.917863e+01,3.917863e+01,3.917863e+01,3.917863e+01,3.972763e+01,3.980775e+01,3.941999e+01,3.954047e+01,3.966082e+01,3.974099e+01,3.982109e+01,3.982109e+01,3.982109e+01,3.982109e+01,3.982109e+01,3.982109e+01,4.036697e+01,3.990114e+01,4.012764e+01,4.020747e+01,4.028725e+01,4.010102e+01,4.004775e+01,4.014095e+01,4.016756e+01,4.016756e+01,3.962072e+01,4.011433e+01,3.948694e+01,3.958060e+01,3.967419e+01,3.967419e+01,3.967419e+01,3.967419e+01,3.967419e+01,3.967419e+01,3.967419e+01,3.967419e+01,3.967419e+01,3.967419e+01,3.967419e+01,3.967419e+01,3.912493e+01,3.979440e+01,3.924573e+01,3.992781e+01,3.992781e+01,3.937980e+01,3.952709e+01,3.962072e+01,3.962072e+01,3.962072e+01,3.962072e+01,3.962072e+01,3.962072e+01,3.962072e+01,3.962072e+01,3.962072e+01,3.962072e+01,3.962072e+01,3.996781e+01,3.996781e+01,3.996781e+01,3.996781e+01,3.996781e+01,3.996781e+01,3.996781e+01,3.996781e+01,3.996781e+01,3.996781e+01,3.996781e+01,3.996781e+01,3.996781e+01,3.996781e+01,3.996781e+01,3.996781e+01,3.996781e+01,3.996781e+01,4.026067e+01,4.035369e+01,4.051298e+01,3.996781e+01,4.043336e+01,4.034040e+01,4.034040e+01,4.034040e+01,4.034040e+01,4.034040e+01,4.034040e+01,4.034040e+01,4.034040e+01,4.034040e+01,4.034040e+01,4.034040e+01,4.034040e+01,4.034040e+01,4.034040e+01,4.034040e+01,4.088379e+01,4.073826e+01,4.073826e+01,4.073826e+01,4.073826e+01,4.073826e+01,4.073826e+01,4.073826e+01,4.073826e+01,4.073826e+01,4.073826e+01,4.085734e+01,4.100272e+01,4.109513e+01,4.109513e+01,4.109513e+01,4.109513e+01,4.109513e+01,4.109513e+01,4.163493e+01,4.164807e+01,4.164807e+01,4.164807e+01,4.164807e+01,4.215912e+01,4.215912e+01,4.215912e+01,4.269394e+01,4.269394e+01,4.269394e+01,4.322629e+01,4.329104e+01,4.344630e+01,4.344630e+01,4.397522e+01,4.407814e+01,4.407814e+01,4.460420e+01,4.446329e+01,4.498763e+01,4.489828e+01,4.542068e+01,4.549694e+01,4.563661e+01,4.563661e+01,4.600405e+01,4.623154e+01,4.645860e+01,4.697418e+01,4.703690e+01,4.721236e+01,4.736254e+01,4.773717e+01,4.787424e+01,4.818519e+01,4.840858e+01,4.900227e+01,4.910093e+01,4.945792e+01,4.965444e+01,5.015657e+01,5.021767e+01,5.094844e+01,5.102128e+01,5.122743e+01,5.194022e+01,5.197635e+01,5.246914e+01,5.303166e+01,5.334176e+01,5.365110e+01,5.375800e+01,5.446836e+01,5.477496e+01,5.486914e+01,5.553822e+01,5.572541e+01,5.626204e+01,5.661081e+01,5.668045e+01,5.719001e+01,5.725935e+01,5.777814e+01,5.784716e+01,5.789315e+01,5.808844e+01,5.859252e+01,5.847812e+01,5.902630e+01,5.906049e+01,5.894650e+01,5.947002e+01,5.904910e+01,5.960625e+01,5.964029e+01,5.964029e+01,5.964029e+01,6.010455e+01,5.999147e+01,6.005933e+01,6.010455e+01,6.010455e+01,6.010455e+01,6.010455e+01,6.010455e+01,6.020625e+01,6.009325e+01,6.001409e+01,5.993489e+01,6.039813e+01,6.025142e+01,6.002541e+01,5.992357e+01,5.961760e+01,5.944730e+01,5.916299e+01,5.877534e+01,5.851245e+01,5.866111e+01,5.822610e+01,5.812287e+01,5.790465e+01,5.712065e+01,5.687757e+01,5.661081e+01,5.632023e+01,5.597067e+01,5.611061e+01,5.529213e+01,5.549139e+01,5.484560e+01,5.506907e+01,5.466891e+01,5.442113e+01,5.373425e+01,5.354411e+01,5.354411e+01,5.354411e+01,5.343702e+01,5.272079e+01,5.248114e+01,5.231310e+01,5.231310e+01,5.231310e+01,5.231310e+01,5.231310e+01,5.219294e+01,5.195227e+01,5.181969e+01,5.168699e+01,5.160246e+01,5.160246e+01,5.110621e+01,5.102128e+01,5.097273e+01,5.085126e+01,5.085126e+01,5.051050e+01,5.051050e+01,5.051050e+01,5.051050e+01,5.015657e+01,5.015657e+01,4.965444e+01,4.958078e+01,4.942104e+01,4.943334e+01,4.938415e+01,4.938415e+01,4.938415e+01,4.903927e+01,4.876761e+01,4.876761e+01,4.876761e+01,4.876761e+01,4.876761e+01,4.835897e+01,4.835897e+01,4.835897e+01,4.835897e+01,4.784933e+01,4.793649e+01,4.793649e+01,4.793649e+01,4.742506e+01,4.786179e+01,4.776210e+01,4.762490e+01,4.740005e+01,4.735003e+01,4.735003e+01,4.735003e+01,4.735003e+01,4.735003e+01,4.735003e+01,4.683607e+01,4.676068e+01,4.716225e+01,4.702436e+01,4.693653e+01,4.693653e+01,4.642079e+01,4.650900e+01,4.650900e+01,4.650900e+01,4.650900e+01,4.650900e+01,4.650900e+01,4.650900e+01,4.650900e+01,4.650900e+01,4.650900e+01,4.650900e+01,4.650900e+01,4.650900e+01,4.599140e+01,4.591546e+01,4.635774e+01,4.621892e+01,4.613049e+01,4.613049e+01,4.613049e+01,4.613049e+01,4.613049e+01,4.613049e+01,4.613049e+01,4.613049e+01,4.613049e+01,4.613049e+01,4.613049e+01,4.613049e+01,4.613049e+01,4.613049e+01,4.613049e+01,4.613049e+01,4.613049e+01,4.613049e+01,4.613049e+01,4.613049e+01,4.613049e+01
3.776026e+01,3.761061e+01,3.761061e+01,3.761061e+01,3.761061e+01,3.761061e+01,3.761061e+01,3.761061e+01,3.816735e+01,3.824860e+01,3.818090e+01,3.814026e+01,3.828920e+01,3.828920e+01,3.828920e+01,3.828920e+01,3.828920e+01,3.884256e+01,3.874828e+01,3.874828e+01,3.874828e+01,3.874828e+01,3.874828e+01,3.874828e+01,3.904433e+01,3.904433e+01,3.904433e+01,3.904433e+01,3.904433e+01,3.904433e+01,3.904433e+01,3.904433e+01,3.959398e+01,3.967419e+01,3.970091e+01,3.970091e+01,3.970091e+01,3.970091e+01,3.970091e+01,3.970091e+01,3.970091e+01,3.970091e+01,3.970091e+01,3.970091e+01,3.970091e+01,3.970091e+01,3.970091e+01,3.970091e+01,3.970091e+01,3.970091e+01,3.970091e+01,3.970091e+01,3.970091e+01,3.970091e+01,3.970091e+01,4.024737e+01,3.976770e+01,3.991448e+01,3.983444e+01,3.970091e+01,3.992781e+01,3.998114e+01,3.998114e+01,3.998114e+01,3.998114e+01,3.998114e+01,3.998114e+01,3.998114e+01,3.998114e+01,3.998114e+01,3.998114e+01,3.998114e+01,3.998114e+01,3.998114e+01,3.998114e+01,3.998114e+01,3.998114e+01,3.998114e+01,3.998114e+01,3.998114e+01,3.998114e+01,3.998114e+01,3.998114e+01,3.998114e+01,3.998114e+01,3.998114e+01,3.998114e+01,3.998114e+01,3.998114e+01,3.998114e+01,3.998114e+01,3.998114e+01,3.998114e+01,3.998114e+01,3.998114e+01,3.943338e+01,3.952709e+01,3.941999e+01,3.939320e+01,3.939320e+01,3.939320e+01,3.939320e+01,3.939320e+01,3.939320e+01,3.939320e+01,3.939320e+01,3.939320e+01,3.939320e+01,3.939320e+01,3.939320e+01,3.890985e+01,3.890985e+01,3.890985e+01,3.890985e+01,3.890985e+01,3.890985e+01,3.890985e+01,3.890985e+01,3.890985e+01,3.835683e+01,3.850547e+01,3.859996e+01,3.837035e+01,3.881563e+01,3.862694e+01,3.853247e+01,3.843793e+01,3.843793e+01,3.843793e+01,3.843793e+01,3.843793e+01,3.843793e+01,3.843793e+01,3.843793e+01,3.843793e+01,3.843793e+01,3.843793e+01,3.843793e+01,3.843793e+01,3.843793e+01,3.843793e+01,3.843793e+01,3.843793e+01,3.843793e+01,3.843793e+01,3.843793e+01,3.843793e+01,3.843793e+01,3.843793e+01,3.843793e+01,3.843793e+01,3.843793e+01,3.843793e+01,3.843793e+01,3.843793e+01,3.843793e+01,3.843793e+01,3.843793e+01,3.843793e+01,3.788254e+01,3.803182e+01,3.818090e+01,3.827567e+01,3.781462e+01,3.777385e+01,3.773306e+01,3.788254e+01,3.797756e+01,3.807250e+01,3.807250e+01,3.807250e+01,3.807250e+01,3.807250e+01,3.807250e+01,3.807250e+01,3.807250e+01,3.807250e+01,3.807250e+01,3.807250e+01,3.807250e+01,3.807250e+01,3.807250e+01,3.807250e+01,3.807250e+01,3.807250e+01,3.807250e+01,3.807250e+01,3.807250e+01,3.807250e+01,3.807250e+01,3.807250e+01,3.807250e+01,3.862694e+01,3.815381e+01,3.831625e+01,3.830272e+01,3.830272e+01,3.830272e+01,3.830272e+01,3.830272e+01,3.830272e+01,3.830272e+01,3.830272e+01,3.830272e+01,3.830272e+01,3.830272e+01,3.830272e+01,3.830272e+01,3.830272e+01,3.830272e+01,3.830272e+01,3.830272e+01,3.858646e+01,3.858646e+01,3.858646e+01,3.858646e+01,3.858646e+01,3.858646e+01,3.803182e+01,3.818090e+01,3.827567e+01,3.837035e+01,3.837035e+01,3.837035e+01,3.837035e+01,3.837035e+01,3.837035e+01,3.837035e+01,3.837035e+01,3.781462e+01,3.808606e+01,3.818090e+01,3.818090e+01,3.818090e+01,3.818090e+01,3.818090e+01,3.818090e+01,3.818090e+01,3.818090e+01,3.818090e+01,3.818090e+01,3.818090e+01,3.818090e+01,3.818090e+01,3.818090e+01,3.818090e+01,3.818090e+01,3.818090e+01,3.818090e+01,3.818090e+01,3.818090e+01,3.818090e+01,3.849196e+01,3.849196e+01,3.849196e+01,3.849196e+01,3.849196e+01,3.849196e+01,3.849196e+01,3.849196e+01,3.849196e+01,3.849196e+01,3.849196e+01,3.849196e+01,3.849196e+01,3.849196e+01,3.849196e+01,3.849196e+01,3.849196e+01,3.849196e+01,3.849196e+01,3.849196e+01,3.849196e+01,3.849196e+01,3.849196e+01,3.849196e+01,3.849196e+01,3.849196e+01,3.849196e+01,3.849196e+01,3.885602e+01,3.885602e+01,3.885602e+01,3.885602e+01,3.885602e+01,3.885602e+01,3.885602e+01,3.885602e+01,3.885602e+01,3.885602e+01,3.885602e+01,3.885602e+01,3.885602e+01,3.885602e+01,3.885602e+01,3.885602e+01,3.885602e+01,3.885602e+01,3.885602e+01,3.885602e+01,3.885602e+01,3.917863e+01,3.917863e+01,3.917863e+01,3.917863e+01,3.917863e+01,3.917863e+01,3.917863e+01,3.972763e+01,3.963409e+01,3.963409e+01,3.963409e+01,3.963409e+01,3.963409e+01,3.963409e+01,3.963409e+01,4.018087e+01,3.970091e+01,3.982109e+01,3.982109e+01,3.982109e+01,3.982109e+01,3.982109e+01,3.982109e+01,3.982109e+01,3.982109e+01,3.982109e+01,3.982109e+01,3.982109e+01,3.982109e+01,3.982109e+01,3.982109e+01,3.982109e+01,3.927256e+01,3.936640e+01,3.946016e+01,3.946016e+01,3.946016e+01,3.946016e+01,3.946016e+01,3.946016e+01,3.946016e+01,3.946016e+01,3.946016e+01,3.946016e+01,3.946016e+01,3.946016e+01,3.946016e+01,3.946016e+01,3.946016e+01,3.946016e+01,3.946016e+01,3.946016e+01,3.946016e+01,3.946016e+01,3.946016e+01,3.946016e+01,3.946016e+01,3.946016e+01,3.946016e+01,3.946016e+01,3.946016e+01,3.946016e+01,3.996781e+01,3.996781e+01,3.996781e+01,3.996781e+01,3.996781e+01,3.996781e+01,3.996781e+01,3.941999e+01,3.956723e+01,3.966082e+01,3.975434e+01,3.975434e+01,4.030054e+01,4.020747e+01,4.020747e+01,4.020747e+01,4.020747e+01,4.020747e+01,4.020747e+01,4.020747e+01,4.020747e+01,4.020747e+01,4.020747e+01,4.020747e+01,4.020747e+01,4.020747e+01,4.020747e+01,4.020747e+01,4.020747e+01,4.020747e+01,4.020747e+01,4.020747e+01,4.020747e+01,4.020747e+01,4.020747e+01,4.020747e+01,4.020747e+01,4.020747e+01,4.073826e+01,4.073826e+01,4.073826e+01,4.073826e+01,4.073826e+01,4.073826e+01,4.073826e+01,4.073826e+01,4.073826e+01,4.073826e+01,4.073826e+01,4.073826e+01,4.073826e+01,4.109513e+01,4.109513e+01,4.109513e+01,4.109513e+01,4.109513e+01,4.163493e+01,4.163493e+01,4.163493e+01,4.163493e+01,4.217220e+01,4.217220e+01,4.217220e+01,4.270695e+01,4.270695e+01,4.270695e+01,4.270695e+01,4.322629e+01,4.322629e+01,4.322629e+01,4.375620e+01,4.391084e+01,4.391084e+01,4.443766e+01,4.454018e+01,4.468099e+01,4.474494e+01,4.496211e+01,4.517888e+01,4.549694e+01,4.601670e+01,4.611785e+01,4.615576e+01,4.667265e+01,4.674810e+01,4.691143e+01,4.742506e+01,4.733752e+01,4.798627e+01,4.802359e+01,4.812306e+01,4.859442e+01,4.866867e+01,4.944563e+01,4.948251e+01,4.950708e+01,5.036417e+01,5.036417e+01,5.058360e+01,5.089986e+01,5.139693e+01,5.144532e+01,5.220496e+01,5.225304e+01,5.268488e+01,5.336558e+01,5.350842e+01,5.405447e+01,5.412552e+01,5.504556e+01,5.508081e+01,5.560845e+01,5.608730e+01,5.663403e+01,5.681963e+01,5.685439e+01,5.738636e+01,5.739790e+01,5.807696e+01,5.808844e+01,5.800806e+01,5.847812e+01,5.854677e+01,5.907188e+01,5.902630e+01,5.951545e+01,5.939049e+01,5.934502e+01,5.987828e+01,5.977634e+01,5.981033e+01,5.981033e+01,5.981033e+01,6.027400e+01,6.030787e+01,6.030787e+01,6.030787e+01,6.030787e+01,6.076981e+01,6.064603e+01,6.052214e+01,6.085976e+01,6.074731e+01,6.052214e+01,6.079230e+01,6.078106e+01,6.081479e+01,6.056720e+01,6.072482e+01,6.052214e+01,5.984431e+01,6.002541e+01,5.958355e+01,5.966297e+01,5.901490e+01,5.886665e+01,5.863824e+01,5.843234e+01,5.811139e+01,5.793913e+01,5.715534e+01,5.738636e+01,5.701653e+01,5.673846e+01,5.658759e+01,5.607564e+01,5.544453e+01,5.553822e+01,5.489268e+01,5.482206e+01,5.445656e+01,5.446836e+01,5.417286e+01,5.406631e+01,5.347272e+01,5.369862e+01,5.334176e+01,5.298389e+01,5.318681e+01,5.258904e+01,5.251711e+01,5.251711e+01,5.202452e+01,5.209673e+01,5.209673e+01,5.209673e+01,5.168699e+01,5.168699e+01,5.168699e+01,5.168699e+01,5.151787e+01,5.134853e+01,5.115471e+01,5.114259e+01,5.097273e+01,5.085126e+01,5.077832e+01,5.026652e+01,5.022988e+01,5.000982e+01,4.988739e+01,4.988739e+01,4.988739e+01,4.943334e+01,4.943334e+01,4.943334e+01,4.943334e+01,4.903927e+01,4.884176e+01,4.884176e+01,4.884176e+01,4.884176e+01,4.884176e+01,4.835897e+01,4.835897e+01,4.835897e+01,4.835897e+01,4.784933e+01,4.784933e+01,4.784933e+01,4.784933e+01,4.784933e+01,4.784933e+01,4.784933e+01,4.784933e+01,4.740005e+01,4.740005e+01,4.740005e+01,4.740005e+01,4.740005e+01,4.740005e+01,4.740005e+01,4.735003e+01,4.679838e+01,4.708706e+01,4.708706e+01,4.657197e+01,4.649640e+01,4.689887e+01,4.677325e+01,4.669781e+01,4.669781e+01,4.669781e+01,4.669781e+01,4.618103e+01,4.625679e+01,4.625679e+01,4.625679e+01,4.625679e+01,4.625679e+01,4.625679e+01,4.625679e+01,4.625679e+01,4.625679e+01,4.625679e+01,4.625679e+01,4.625679e+01,4.625679e+01,4.625679e+01,4.625679e+01,4.625679e+01,4.625679e+01,4.625679e+01,4.625679e+01,4.625679e+01,4.625679e+01,4.625679e+01,4.625679e+01,4.625679e+01,4.573809e+01,4.581414e+01,4.589014e+01,4.589014e+01,4.589014e+01,4.589014e+01,4.589014e+01,4.589014e+01
3.778744e+01,3.778744e+01,3.778744e+01,3.778744e+01,3.778744e+01,3.778744e+01,3.778744e+01,3.778744e+01,3.816735e+01,3.816735e+01,3.816735e+01,3.816735e+01,3.816735e+01,3.816735e+01,3.816735e+01,3.816735e+01,3.872132e+01,3.878869e+01,3.878869e+01,3.878869e+01,3.878869e+01,3.878869e+01,3.878869e+01,3.878869e+01,3.878869e+01,3.933960e+01,3.925914e+01,3.925914e+01,3.925914e+01,3.925914e+01,3.925914e+01,3.925914e+01,3.925914e+01,3.925914e+01,3.925914e+01,3.925914e+01,3.970091e+01,3.970091e+01,3.970091e+01,3.970091e+01,3.970091e+01,3.970091e+01,3.970091e+01,3.970091e+01,3.970091e+01,3.970091e+01,3.970091e+01,3.970091e+01,3.970091e+01,3.970091e+01,3.970091e+01,3.970091e+01,3.970091e+01,3.970091e+01,3.970091e+01,3.970091e+01,3.970091e+01,3.970091e+01,3.970091e+01,3.970091e+01,3.970091e+01,3.970091e+01,3.998114e+01,3.998114e+01,3.998114e+01,3.998114e+01,3.998114e+01,3.998114e+01,3.998114e+01,3.998114e+01,3.998114e+01,3.998114e+01,3.998114e+01,3.998114e+01,3.998114e+01,3.998114e+01,3.998114e+01,3.998114e+01,3.998114e+01,3.998114e+01,3.998114e+01,3.998114e+01,3.998114e+01,3.998114e+01,3.998114e+01,3.998114e+01,3.998114e+01,3.998114e+01,3.998114e+01,3.998114e+01,3.998114e+01,3.998114e+01,3.998114e+01,3.998114e+01,3.998114e+01,3.943338e+01,3.943338e+01,3.943338e+01,3.943338e+01,3.943338e+01,3.943338e+01,3.943338e+01,3.943338e+01,3.943338e+01,3.943338e+01,3.943338e+01,3.943338e+01,3.943338e+01,3.943338e+01,3.888294e+01,3.940659e+01,3.872132e+01,3.872132e+01,3.872132e+01,3.872132e+01,3.872132e+01,3.872132e+01,3.872132e+01,3.872132e+01,3.872132e+01,3.872132e+01,3.872132e+01,3.872132e+01,3.872132e+01,3.816735e+01,3.831625e+01,3.831625e+01,3.831625e+01,3.831625e+01,3.831625e+01,3.831625e+01,3.831625e+01,3.831625e+01,3.831625e+01,3.831625e+01,3.831625e+01,3.831625e+01,3.831625e+01,3.831625e+01,3.831625e+01,3.831625e+01,3.831625e+01,3.831625e+01,3.776026e+01,3.790970e+01,3.805894e+01,3.814026e+01,3.822152e+01,3.822152e+01,3.822152e+01,3.822152e+01,3.822152e+01,3.822152e+01,3.822152e+01,3.822152e+01,3.822152e+01,3.822152e+01,3.822152e+01,3.766505e+01,3.765144e+01,3.765144e+01,3.765144e+01,3.765144e+01,3.765144e+01,3.765144e+01,3.765144e+01,3.765144e+01,3.765144e+01,3.765144e+01,3.765144e+01,3.765144e+01,3.765144e+01,3.765144e+01,3.765144e+01,3.765144e+01,3.765144e+01,3.765144e+01,3.765144e+01,3.765144e+01,3.765144e+01,3.765144e+01,3.765144e+01,3.765144e+01,3.807250e+01,3.751528e+01,3.766505e+01,3.774666e+01,3.782821e+01,3.782821e+01,3.782821e+01,3.782821e+01,3.782821e+01,3.782821e+01,3.782821e+01,3.782821e+01,3.782821e+01,3.782821e+01,3.782821e+01,3.830272e+01,3.774666e+01,3.789612e+01,3.853247e+01,3.797756e+01,3.807250e+01,3.862694e+01,3.797756e+01,3.808606e+01,3.808606e+01,3.808606e+01,3.808606e+01,3.808606e+01,3.808606e+01,3.808606e+01,3.808606e+01,3.808606e+01,3.808606e+01,3.808606e+01,3.808606e+01,3.808606e+01,3.808606e+01,3.808606e+01,3.808606e+01,3.808606e+01,3.808606e+01,3.808606e+01,3.781462e+01,3.796399e+01,3.807250e+01,3.799113e+01,3.786896e+01,3.786896e+01,3.786896e+01,3.786896e+01,3.786896e+01,3.786896e+01,3.786896e+01,3.786896e+01,3.786896e+01,3.786896e+01,3.786896e+01,3.786896e+01,3.786896e+01,3.786896e+01,3.786896e+01,3.786896e+01,3.786896e+01,3.786896e+01,3.786896e+01,3.786896e+01,3.818090e+01,3.818090e+01,3.818090e+01,3.818090e+01,3.818090e+01,3.818090e+01,3.818090e+01,3.818090e+01,3.818090e+01,3.818090e+01,3.818090e+01,3.818090e+01,3.818090e+01,3.818090e+01,3.818090e+01,3.849196e+01,3.849196e+01,3.849196e+01,3.849196e+01,3.849196e+01,3.849196e+01,3.849196e+01,3.849196e+01,3.849196e+01,3.849196e+01,3.849196e+01,3.849196e+01,3.849196e+01,3.849196e+01,3.849196e+01,3.849196e+01,3.849196e+01,3.849196e+01,3.849196e+01,3.849196e+01,3.849196e+01,3.849196e+01,3.849196e+01,3.885602e+01,3.885602e+01,3.885602e+01,3.885602e+01,3.885602e+01,3.885602e+01,3.885602e+01,3.885602e+01,3.885602e+01,3.885602e+01,3.885602e+01,3.885602e+01,3.885602e+01,3.885602e+01,3.885602e+01,3.885602e+01,3.885602e+01,3.917863e+01,3.917863e+01,3.917863e+01,3.917863e+01,3.917863e+01,3.917863e+01,3.917863e+01,3.917863e+01,3.917863e+01,3.963409e+01,3.963409e+01,3.963409e+01,3.963409e+01,3.963409e+01,3.963409e+01,3.963409e+01,3.963409e+01,3.963409e+01,3.963409e+01,3.963409e+01,3.963409e+01,3.963409e+01,3.963409e+01,3.963409e+01,3.963409e+01,3.963409e+01,3.963409e+01,3.963409e+01,3.963409e+01,3.963409e+01,3.963409e+01,3.963409e+01,3.963409e+01,3.963409e+01,3.963409e+01,3.963409e+01,3.963409e+01,3.908464e+01,3.919206e+01,3.919206e+01,3.919206e+01,3.919206e+01,3.919206e+01,3.974099e+01,3.908464e+01,3.920548e+01,3.920548e+01,3.920548e+01,3.920548e+01,3.920548e+01,3.920548e+01,3.920548e+01,3.920548e+01,3.920548e+01,3.920548e+01,3.920548e+01,3.920548e+01,3.920548e+01,3.975434e+01,3.936640e+01,3.951371e+01,3.966082e+01,3.923232e+01,3.937980e+01,3.952709e+01,3.944677e+01,3.940659e+01,3.940659e+01,3.995448e+01,3.984778e+01,4.008770e+01,3.968755e+01,3.983444e+01,3.994115e+01,3.994115e+01,3.994115e+01,3.994115e+01,3.994115e+01,3.994115e+01,3.994115e+01,3.994115e+01,3.994115e+01,3.994115e+01,3.994115e+01,3.994115e+01,3.994115e+01,3.994115e+01,3.994115e+01,3.994115e+01,3.994115e+01,3.994115e+01,3.994115e+01,3.994115e+01,3.994115e+01,4.048645e+01,4.038025e+01,4.007439e+01,4.035369e+01,4.045991e+01,4.056602e+01,4.056602e+01,4.056602e+01,4.056602e+01,4.056602e+01,4.056602e+01,4.056602e+01,4.056602e+01,4.056602e+01,4.056602e+01,4.056602e+01,4.109513e+01,4.109513e+01,4.109513e+01,4.109513e+01,4.109513e+01,4.109513e+01,4.163493e+01,4.163493e+01,4.163493e+01,4.217220e+01,4.217220e+01,4.217220e+01,4.217220e+01,4.270695e+01,4.270695e+01,4.270695e+01,4.322629e+01,4.322629e+01,4.375620e+01,4.376910e+01,4.376910e+01,4.429655e+01,4.436071e+01,4.436071e+01,4.468099e+01,4.520436e+01,4.506417e+01,4.529348e+01,4.562392e+01,4.577612e+01,4.611785e+01,4.638297e+01,4.643340e+01,4.674810e+01,4.713719e+01,4.769976e+01,4.768728e+01,4.791159e+01,4.842097e+01,4.849534e+01,4.902694e+01,4.910093e+01,4.945792e+01,4.996087e+01,5.003429e+01,5.037637e+01,5.087556e+01,5.089986e+01,5.121531e+01,5.183175e+01,5.239715e+01,5.240915e+01,5.311523e+01,5.342512e+01,5.392411e+01,5.400708e+01,5.456278e+01,5.464534e+01,5.508081e+01,5.577216e+01,5.607564e+01,5.639003e+01,5.706281e+01,5.740944e+01,5.749018e+01,5.799657e+01,5.807696e+01,5.811139e+01,5.858108e+01,5.858108e+01,5.908327e+01,5.916299e+01,5.920852e+01,5.937912e+01,5.948138e+01,5.948138e+01,5.948138e+01,5.987828e+01,5.987828e+01,5.987828e+01,6.034172e+01,6.042068e+01,6.046579e+01,6.046579e+01,6.046579e+01,6.046579e+01,6.092718e+01,6.097211e+01,6.097211e+01,6.097211e+01,6.097211e+01,6.097211e+01,6.097211e+01,6.097211e+01,6.097211e+01,6.097211e+01,6.097211e+01,6.097211e+01,6.052214e+01,6.051087e+01,6.034172e+01,6.024013e+01,6.007064e+01,5.971967e+01,5.945866e+01,5.911744e+01,5.880959e+01,5.855821e+01,5.821464e+01,5.777814e+01,5.767455e+01,5.732864e+01,5.721313e+01,5.688915e+01,5.645979e+01,5.613392e+01,5.595900e+01,5.562015e+01,5.544453e+01,5.515129e+01,5.456278e+01,5.433843e+01,5.449198e+01,5.420836e+01,5.360356e+01,5.327027e+01,5.354411e+01,5.336558e+01,5.299583e+01,5.280457e+01,5.269685e+01,5.243315e+01,5.231310e+01,5.231310e+01,5.231310e+01,5.218092e+01,5.206063e+01,5.196431e+01,5.186792e+01,5.151787e+01,5.151787e+01,5.115471e+01,5.115471e+01,5.115471e+01,5.035197e+01,5.076616e+01,5.049831e+01,5.049831e+01,5.000982e+01,5.000982e+01,5.000982e+01,5.000982e+01,4.943334e+01,4.943334e+01,4.943334e+01,4.943334e+01,4.943334e+01,4.884176e+01,4.884176e+01,4.884176e+01,4.884176e+01,4.884176e+01,4.835897e+01,4.835897e+01,4.835897e+01,4.835897e+01,4.784933e+01,4.784933e+01,4.784933e+01,4.784933e+01,4.784933e+01,4.784933e+01,4.784933e+01,4.784933e+01,4.784933e+01,4.784933e+01,4.740005e+01,4.740005e+01,4.740005e+01,4.740005e+01,4.740005e+01,4.740005e+01,4.740005e+01,4.708706e+01,4.686120e+01,4.681095e+01,4.684864e+01,4.692398e+01,4.692398e+01,4.640818e+01,4.650900e+01,4.650900e+01,4.650900e+01,4.650900e+01,4.650900e+01,4.650900e+01,4.650900e+01,4.650900e+01,4.650900e+01,4.650900e+01,4.650900e+01,4.650900e+01,4.599140e+01,4.609257e+01,4.609257e+01,4.609257e+01,4.609257e+01,4.609257e+01,4.609257e+01,4.609257e+01,4.609257e+01,4.609257e+01,4.609257e+01,4.609257e+01,4.609257e+01,4.609257e+01,4.609257e+01,4.609257e+01,4.609257e+01,4.609257e+01,4.609257e+01,4.609257e+01,4.609257e+01,4.609257e+01,4.609257e+01,4.609257e+01
3.778744e+01,3.778744e+01,3.778744e+01,3.778744e+01,3.778744e+01,3.778744e+01,3.778744e+01,3.778744e+01,3.816735e+01,3.816735e+01,3.816735e+01,3.816735e+01,3.816735e+01,3.816735e+01,3.872132e+01,3.826213e+01,3.846495e+01,3.846495e+01,3.846495e+01,3.846495e+01,3.878869e+01,3.878869e+01,3.878869e+01,3.933960e+01,3.886948e+01,3.908464e+01,3.908464e+01,3.908464e+01,3.908464e+01,3.908464e+01,3.908464e+01,3.963409e+01,3.952709e+01,3.952709e+01,3.952709e+01,3.952709e+01,3.952709e+01,3.952709e+01,3.952709e+01,3.952709e+01,3.952709e+01,4.007439e+01,3.996781e+01,3.996781e+01,3.996781e+01,3.996781e+01,3.996781e+01,3.996781e+01,3.996781e+01,3.996781e+01,3.996781e+01,3.996781e+01,3.996781e+01,3.996781e+01,3.996781e+01,3.996781e+01,3.996781e+01,3.996781e+01,3.996781e+01,3.996781e+01,3.996781e+01,3.996781e+01,3.996781e+01,3.996781e+01,3.996781e+01,3.996781e+01,3.996781e+01,3.996781e+01,3.996781e+01,3.996781e+01,3.996781e+01,3.996781e+01,3.996781e+01,3.996781e+01,3.996781e+01,3.996781e+01,3.996781e+01,3.996781e+01,3.996781e+01,3.996781e+01,3.996781e+01,3.996781e+01,3.996781e+01,3.996781e+01,3.996781e+01,3.996781e+01,3.996781e+01,3.996781e+01,3.996781e+01,3.996781e+01,3.996781e+01,3.996781e+01,3.996781e+01,3.996781e+01,3.996781e+01,3.943338e+01,3.943338e+01,3.943338e+01,3.943338e+01,3.943338e+01,3.943338e+01,3.943338e+01,3.943338e+01,3.943338e+01,3.943338e+01,3.943338e+01,3.943338e+01,3.943338e+01,3.888294e+01,3.893676e+01,3.897711e+01,3.931279e+01,3.917863e+01,3.904433e+01,3.893676e+01,3.893676e+01,3.893676e+01,3.893676e+01,3.838387e+01,3.849196e+01,3.849196e+01,3.849196e+01,3.849196e+01,3.849196e+01,3.849196e+01,3.849196e+01,3.849196e+01,3.793685e+01,3.804538e+01,3.804538e+01,3.804538e+01,3.804538e+01,3.804538e+01,3.804538e+01,3.804538e+01,3.804538e+01,3.804538e+01,3.804538e+01,3.804538e+01,3.804538e+01,3.804538e+01,3.804538e+01,3.804538e+01,3.804538e+01,3.804538e+01,3.804538e+01,3.804538e+01,3.804538e+01,3.804538e+01,3.804538e+01,3.804538e+01,3.748802e+01,3.762422e+01,3.776026e+01,3.789612e+01,3.744713e+01,3.758338e+01,3.751528e+01,3.746076e+01,3.746076e+01,3.801826e+01,3.736530e+01,3.747440e+01,3.747440e+01,3.747440e+01,3.747440e+01,3.747440e+01,3.691414e+01,3.705105e+01,3.718779e+01,3.732436e+01,3.743349e+01,3.743349e+01,3.743349e+01,3.687303e+01,3.700999e+01,3.714679e+01,3.728341e+01,3.739258e+01,3.739258e+01,3.739258e+01,3.739258e+01,3.739258e+01,3.739258e+01,3.739258e+01,3.739258e+01,3.739258e+01,3.739258e+01,3.739258e+01,3.782821e+01,3.782821e+01,3.782821e+01,3.782821e+01,3.782821e+01,3.726975e+01,3.796399e+01,3.796399e+01,3.796399e+01,3.796399e+01,3.796399e+01,3.796399e+01,3.796399e+01,3.796399e+01,3.796399e+01,3.796399e+01,3.796399e+01,3.796399e+01,3.796399e+01,3.796399e+01,3.796399e+01,3.796399e+01,3.796399e+01,3.796399e+01,3.796399e+01,3.796399e+01,3.796399e+01,3.796399e+01,3.740622e+01,3.755614e+01,3.770586e+01,3.781462e+01,3.781462e+01,3.781462e+01,3.781462e+01,3.781462e+01,3.781462e+01,3.725610e+01,3.751528e+01,3.710577e+01,3.724244e+01,3.737894e+01,3.751528e+01,3.762422e+01,3.762422e+01,3.762422e+01,3.762422e+01,3.762422e+01,3.762422e+01,3.762422e+01,3.762422e+01,3.762422e+01,3.762422e+01,3.762422e+01,3.762422e+01,3.762422e+01,3.762422e+01,3.762422e+01,3.762422e+01,3.762422e+01,3.818090e+01,3.762422e+01,3.831625e+01,3.776026e+01,3.786896e+01,3.797756e+01,3.797756e+01,3.797756e+01,3.797756e+01,3.797756e+01,3.797756e+01,3.797756e+01,3.797756e+01,3.797756e+01,3.797756e+01,3.797756e+01,3.797756e+01,3.797756e+01,3.797756e+01,3.797756e+01,3.797756e+01,3.797756e+01,3.797756e+01,3.797756e+01,3.797756e+01,3.797756e+01,3.797756e+01,3.797756e+01,3.797756e+01,3.797756e+01,3.797756e+01,3.797756e+01,3.849196e+01,3.849196e+01,3.849196e+01,3.793685e+01,3.808606e+01,3.811316e+01,3.828920e+01,3.843793e+01,3.854597e+01,3.865392e+01,3.865392e+01,3.865392e+01,3.865392e+01,3.865392e+01,3.865392e+01,3.865392e+01,3.865392e+01,3.865392e+01,3.865392e+01,3.865392e+01,3.865392e+01,3.865392e+01,3.865392e+01,3.865392e+01,3.865392e+01,3.865392e+01,3.865392e+01,3.865392e+01,3.917863e+01,3.917863e+01,3.917863e+01,3.917863e+01,3.917863e+01,3.963409e+01,3.963409e+01,3.908464e+01,3.923232e+01,3.933960e+01,3.944677e+01,3.944677e+01,3.944677e+01,3.944677e+01,3.944677e+01,3.944677e+01,3.944677e+01,3.944677e+01,3.944677e+01,3.944677e+01,3.944677e+01,3.944677e+01,3.944677e+01,3.944677e+01,3.944677e+01,3.944677e+01,3.944677e+01,3.944677e+01,3.944677e+01,3.889640e+01,3.904433e+01,3.897711e+01,3.892331e+01,3.892331e+01,3.892331e+01,3.947355e+01,3.936640e+01,3.905777e+01,3.917863e+01,3.903089e+01,3.903089e+01,3.903089e+01,3.903089e+01,3.903089e+01,3.903089e+01,3.903089e+01,3.903089e+01,3.903089e+01,3.903089e+01,3.903089e+01,3.958060e+01,3.947355e+01,3.916521e+01,3.931279e+01,3.927256e+01,3.927256e+01,3.927256e+01,3.927256e+01,3.927256e+01,3.927256e+01,3.927256e+01,3.927256e+01,3.927256e+01,3.927256e+01,3.927256e+01,3.927256e+01,3.927256e+01,3.927256e+01,3.927256e+01,3.927256e+01,3.939320e+01,3.954047e+01,3.964746e+01,3.975434e+01,3.975434e+01,3.975434e+01,3.975434e+01,3.975434e+01,3.975434e+01,3.975434e+01,3.975434e+01,3.975434e+01,3.975434e+01,3.975434e+01,3.975434e+01,3.975434e+01,3.975434e+01,3.975434e+01,3.975434e+01,3.994115e+01,3.991448e+01,3.999446e+01,4.018087e+01,4.018087e+01,4.018087e+01,4.018087e+01,4.056602e+01,4.056602e+01,4.056602e+01,4.056602e+01,4.056602e+01,4.056602e+01,4.056602e+01,4.056602e+01,4.056602e+01,4.056602e+01,4.109513e+01,4.109513e+01,4.109513e+01,4.109513e+01,4.163493e+01,4.168746e+01,4.168746e+01,4.168746e+01,4.168746e+01,4.217220e+01,4.217220e+01,4.217220e+01,4.270695e+01,4.270695e+01,4.323924e+01,4.329104e+01,4.351093e+01,4.370461e+01,4.370461e+01,4.423236e+01,4.434788e+01,4.434788e+01,4.487273e+01,4.512791e+01,4.525529e+01,4.525529e+01,4.525529e+01,4.562392e+01,4.589014e+01,4.619366e+01,4.629466e+01,4.697418e+01,4.714972e+01,4.696163e+01,4.728747e+01,4.793649e+01,4.814791e+01,4.869342e+01,4.876761e+01,4.897758e+01,4.917488e+01,4.958078e+01,5.024210e+01,5.033977e+01,5.069316e+01,5.082695e+01,5.146951e+01,5.171112e+01,5.214484e+01,5.234913e+01,5.305554e+01,5.330602e+01,5.354411e+01,5.419653e+01,5.475140e+01,5.479851e+01,5.549139e+01,5.579553e+01,5.645979e+01,5.662242e+01,5.685439e+01,5.725935e+01,5.732864e+01,5.808844e+01,5.813434e+01,5.860395e+01,5.866111e+01,5.870681e+01,5.892369e+01,5.903770e+01,5.950409e+01,5.941322e+01,5.941322e+01,5.987828e+01,5.974234e+01,5.982166e+01,6.029658e+01,6.016106e+01,6.024013e+01,6.030787e+01,6.030787e+01,6.076981e+01,6.067980e+01,6.067980e+01,6.067980e+01,6.092718e+01,6.092718e+01,6.092718e+01,6.092718e+01,6.138699e+01,6.125257e+01,6.116289e+01,6.116289e+01,6.116289e+01,6.116289e+01,6.116289e+01,6.116289e+01,6.116289e+01,6.116289e+01,6.080355e+01,6.056720e+01,6.037557e+01,6.004802e+01,5.981033e+01,5.995752e+01,5.957220e+01,5.924266e+01,5.874108e+01,5.860395e+01,5.837508e+01,5.762848e+01,5.749018e+01,5.708595e+01,5.680803e+01,5.664564e+01,5.586562e+01,5.618052e+01,5.587729e+01,5.542110e+01,5.518652e+01,5.482206e+01,5.420836e+01,5.438569e+01,5.393596e+01,5.373425e+01,5.376987e+01,5.346083e+01,5.318681e+01,5.318681e+01,5.269685e+01,5.252911e+01,5.252911e+01,5.252911e+01,5.252911e+01,5.218092e+01,5.218092e+01,5.218092e+01,5.186792e+01,5.161454e+01,5.148160e+01,5.125166e+01,5.125166e+01,5.125166e+01,5.085126e+01,5.076616e+01,5.059578e+01,5.036417e+01,5.021767e+01,5.021767e+01,5.021767e+01,4.971579e+01,4.997311e+01,4.982613e+01,4.972805e+01,4.962989e+01,4.939645e+01,4.905161e+01,4.905161e+01,4.905161e+01,4.854489e+01,4.845816e+01,4.840858e+01,4.840858e+01,4.840858e+01,4.840858e+01,4.835897e+01,4.821003e+01,4.811063e+01,4.801115e+01,4.801115e+01,4.750004e+01,4.759994e+01,4.759994e+01,4.759994e+01,4.759994e+01,4.759994e+01,4.759994e+01,4.759994e+01,4.708706e+01,4.718731e+01,4.718731e+01,4.718731e+01,4.718731e+01,4.686120e+01,4.686120e+01,4.686120e+01,4.686120e+01,4.686120e+01,4.686120e+01,4.650900e+01,4.650900e+01,4.650900e+01,4.650900e+01,4.650900e+01,4.650900e+01,4.650900e+01,4.650900e+01,4.650900e+01,4.650900e+01,4.650900e+01,4.650900e+01,4.599140e+01,4.650900e+01,4.635774e+01,4.625679e+01,4.625679e+01,4.625679e+01,4.625679e+01,4.625679e+01,4.625679e+01,4.625679e+01,4.625679e+01,4.625679e+01,4.625679e+01,4.625679e+01,4.625679e+01,4.625679e+01,4.625679e+01,4.625679e+01,4.625679e+01,4.625679e+01,4.625679e+01,4.625679e+01,4.625679e+01,4.625679e+01
3.778744e+01,3.778744e+01,3.778744e+01,3.778744e+01,3.778744e+01,3.778744e+01,3.778744e+01,3.778744e+01,3.816735e+01,3.816735e+01,3.816735e+01,3.816735e+01,3.816735e+01,3.872132e+01,3.866740e+01,3.849196e+01,3.849196e+01,3.849196e+01,3.849196e+01,3.904433e+01,3.908464e+01,3.897711e+01,3.923232e+01,3.928597e+01,3.909807e+01,3.909807e+01,3.909807e+01,3.909807e+01,3.909807e+01,3.964746e+01,3.916521e+01,3.940659e+01,3.940659e+01,3.940659e+01,3.940659e+01,3.940659e+01,3.995448e+01,3.984778e+01,3.974099e+01,3.974099e+01,3.974099e+01,3.974099e+01,3.974099e+01,3.974099e+01,3.974099e+01,3.974099e+01,3.974099e+01,3.974099e+01,3.974099e+01,3.974099e+01,3.974099e+01,3.974099e+01,3.974099e+01,3.974099e+01,3.974099e+01,3.974099e+01,3.974099e+01,3.974099e+01,3.974099e+01,3.974099e+01,3.974099e+01,3.974099e+01,3.974099e+01,3.974099e+01,3.974099e+01,3.974099e+01,3.974099e+01,3.974099e+01,4.028725e+01,4.018087e+01,4.018087e+01,4.018087e+01,4.018087e+01,4.018087e+01,4.018087e+01,4.018087e+01,4.018087e+01,4.018087e+01,4.018087e+01,4.018087e+01,4.018087e+01,4.018087e+01,4.018087e+01,4.018087e+01,4.018087e+01,4.018087e+01,4.018087e+01,4.018087e+01,4.018087e+01,4.018087e+01,3.963409e+01,3.974099e+01,3.974099e+01,3.974099e+01,3.974099e+01,3.974099e+01,3.974099e+01,3.974099e+01,3.974099e+01,3.974099e+01,3.974099e+01,3.974099e+01,3.974099e+01,3.943338e+01,3.943338e+01,3.943338e+01,3.943338e+01,3.943338e+01,3.888294e+01,3.888294e+01,3.888294e+01,3.888294e+01,3.888294e+01,3.888294e+01,3.888294e+01,3.888294e+01,3.888294e+01,3.888294e+01,3.888294e+01,3.888294e+01,3.888294e+01,3.888294e+01,3.849196e+01,3.849196e+01,3.849196e+01,3.849196e+01,3.849196e+01,3.793685e+01,3.793685e+01,3.793685e+01,3.793685e+01,3.793685e+01,3.793685e+01,3.793685e+01,3.793685e+01,3.793685e+01,3.793685e+01,3.793685e+01,3.793685e+01,3.793685e+01,3.793685e+01,3.793685e+01,3.793685e+01,3.793685e+01,3.793685e+01,3.793685e+01,3.793685e+01,3.793685e+01,3.793685e+01,3.737894e+01,3.732436e+01,3.782821e+01,3.771946e+01,3.771946e+01,3.771946e+01,3.771946e+01,3.771946e+01,3.716046e+01,3.726975e+01,3.752890e+01,3.758338e+01,3.741986e+01,3.741986e+01,3.741986e+01,3.741986e+01,3.741986e+01,3.685933e+01,3.681820e+01,3.681820e+01,3.718779e+01,3.718779e+01,3.718779e+01,3.718779e+01,3.718779e+01,3.718779e+01,3.718779e+01,3.718779e+01,3.718779e+01,3.718779e+01,3.718779e+01,3.718779e+01,3.718779e+01,3.718779e+01,3.718779e+01,3.718779e+01,3.718779e+01,3.718779e+01,3.718779e+01,3.718779e+01,3.718779e+01,3.718779e+01,3.782821e+01,3.726975e+01,3.777385e+01,3.770586e+01,3.735165e+01,3.751528e+01,3.767866e+01,3.778744e+01,3.778744e+01,3.722878e+01,3.795042e+01,3.739258e+01,3.756976e+01,3.767866e+01,3.778744e+01,3.778744e+01,3.778744e+01,3.778744e+01,3.778744e+01,3.778744e+01,3.778744e+01,3.778744e+01,3.778744e+01,3.778744e+01,3.778744e+01,3.778744e+01,3.740622e+01,3.740622e+01,3.740622e+01,3.740622e+01,3.740622e+01,3.740622e+01,3.740622e+01,3.740622e+01,3.740622e+01,3.740622e+01,3.740622e+01,3.710577e+01,3.710577e+01,3.710577e+01,3.710577e+01,3.710577e+01,3.710577e+01,3.710577e+01,3.710577e+01,3.710577e+01,3.762422e+01,3.706473e+01,3.724244e+01,3.735165e+01,3.735165e+01,3.735165e+01,3.735165e+01,3.735165e+01,3.735165e+01,3.790970e+01,3.724244e+01,3.736530e+01,3.748802e+01,3.754252e+01,3.780103e+01,3.771946e+01,3.771946e+01,3.771946e+01,3.771946e+01,3.771946e+01,3.771946e+01,3.771946e+01,3.771946e+01,3.771946e+01,3.771946e+01,3.771946e+01,3.771946e+01,3.771946e+01,3.771946e+01,3.771946e+01,3.771946e+01,3.771946e+01,3.771946e+01,3.771946e+01,3.771946e+01,3.771946e+01,3.771946e+01,3.771946e+01,3.771946e+01,3.771946e+01,3.771946e+01,3.771946e+01,3.771946e+01,3.771946e+01,3.793685e+01,3.811316e+01,3.801826e+01,3.789612e+01,3.789612e+01,3.789612e+01,3.789612e+01,3.843793e+01,3.788254e+01,3.816735e+01,3.834330e+01,3.846495e+01,3.790970e+01,3.808606e+01,3.826213e+01,3.838387e+01,3.838387e+01,3.838387e+01,3.838387e+01,3.838387e+01,3.838387e+01,3.838387e+01,3.838387e+01,3.838387e+01,3.838387e+01,3.838387e+01,3.893676e+01,3.847846e+01,3.877522e+01,3.889640e+01,3.901744e+01,3.901744e+01,3.901744e+01,3.901744e+01,3.901744e+01,3.901744e+01,3.901744e+01,3.901744e+01,3.944677e+01,3.944677e+01,3.944677e+01,3.944677e+01,3.944677e+01,3.944677e+01,3.944677e+01,3.944677e+01,3.944677e+01,3.944677e+01,3.889640e+01,3.907120e+01,3.919206e+01,3.919206e+01,3.919206e+01,3.919206e+01,3.919206e+01,3.864043e+01,3.913836e+01,3.895021e+01,3.895021e+01,3.895021e+01,3.895021e+01,3.895021e+01,3.895021e+01,3.895021e+01,3.895021e+01,3.895021e+01,3.895021e+01,3.895021e+01,3.895021e+01,3.895021e+01,3.895021e+01,3.895021e+01,3.895021e+01,3.895021e+01,3.895021e+01,3.895021e+01,3.895021e+01,3.895021e+01,3.895021e+01,3.895021e+01,3.895021e+01,3.895021e+01,3.895021e+01,3.895021e+01,3.895021e+01,3.895021e+01,3.895021e+01,3.895021e+01,3.895021e+01,3.895021e+01,3.895021e+01,3.895021e+01,3.895021e+01,3.895021e+01,3.895021e+01,3.927256e+01,3.927256e+01,3.927256e+01,3.982109e+01,3.970091e+01,3.970091e+01,3.970091e+01,3.970091e+01,3.970091e+01,3.970091e+01,3.970091e+01,3.970091e+01,3.970091e+01,3.970091e+01,3.970091e+01,3.970091e+01,3.970091e+01,3.970091e+01,3.970091e+01,3.970091e+01,3.970091e+01,3.970091e+01,3.970091e+01,3.970091e+01,3.970091e+01,3.970091e+01,4.018087e+01,4.018087e+01,4.018087e+01,4.018087e+01,4.018087e+01,4.018087e+01,4.018087e+01,4.056602e+01,4.056602e+01,4.056602e+01,4.056602e+01,4.056602e+01,4.110833e+01,4.114791e+01,4.114791e+01,4.114791e+01,4.114791e+01,4.114791e+01,4.114791e+01,4.168746e+01,4.168746e+01,4.168746e+01,4.217220e+01,4.217220e+01,4.270695e+01,4.274598e+01,4.299288e+01,4.318742e+01,4.318742e+01,4.351093e+01,4.351093e+01,4.403955e+01,4.418097e+01,4.470657e+01,4.478329e+01,4.491105e+01,4.491105e+01,4.491105e+01,4.525529e+01,4.539525e+01,4.570004e+01,4.596609e+01,4.609257e+01,4.643340e+01,4.676068e+01,4.714972e+01,4.709959e+01,4.792405e+01,4.797383e+01,4.838377e+01,4.848294e+01,4.876761e+01,4.927340e+01,4.985064e+01,5.016879e+01,5.027873e+01,5.047393e+01,5.109408e+01,5.162661e+01,5.166284e+01,5.243315e+01,5.246914e+01,5.304360e+01,5.325835e+01,5.371050e+01,5.424385e+01,5.455098e+01,5.518652e+01,5.523347e+01,5.569033e+01,5.640166e+01,5.649466e+01,5.697022e+01,5.753630e+01,5.757087e+01,5.814582e+01,5.818023e+01,5.887806e+01,5.891229e+01,5.880959e+01,5.927679e+01,5.912883e+01,5.936776e+01,5.945866e+01,5.992357e+01,5.950409e+01,6.014976e+01,5.991225e+01,6.014976e+01,6.025142e+01,6.025142e+01,6.025142e+01,6.071356e+01,6.075856e+01,6.080355e+01,6.126378e+01,6.111802e+01,6.114046e+01,6.117410e+01,6.107314e+01,6.153245e+01,6.111802e+01,6.120774e+01,6.120774e+01,6.120774e+01,6.120774e+01,6.120774e+01,6.166658e+01,6.152127e+01,6.142057e+01,6.131980e+01,6.165541e+01,6.121895e+01,6.103947e+01,6.071356e+01,6.088224e+01,6.024013e+01,6.007064e+01,5.983298e+01,5.988961e+01,5.921990e+01,5.893510e+01,5.860395e+01,5.851245e+01,5.773211e+01,5.792764e+01,5.723624e+01,5.688915e+01,5.642492e+01,5.635514e+01,5.591232e+01,5.565525e+01,5.530386e+01,5.528040e+01,5.496326e+01,5.477496e+01,5.462175e+01,5.426750e+01,5.363921e+01,5.387667e+01,5.365110e+01,5.346083e+01,5.332985e+01,5.300777e+01,5.285241e+01,5.274473e+01,5.262498e+01,5.234913e+01,5.234913e+01,5.234913e+01,5.186792e+01,5.168699e+01,5.168699e+01,5.125166e+01,5.125166e+01,5.125166e+01,5.085126e+01,5.085126e+01,5.085126e+01,5.036417e+01,5.036417e+01,5.036417e+01,5.036417e+01,5.021767e+01,4.975258e+01,4.975258e+01,4.975258e+01,4.924878e+01,4.915023e+01,4.912558e+01,4.912558e+01,4.912558e+01,4.854489e+01,4.854489e+01,4.854489e+01,4.854489e+01,4.854489e+01,4.854489e+01,4.803603e+01,4.814791e+01,4.814791e+01,4.814791e+01,4.763738e+01,4.806091e+01,4.789914e+01,4.778703e+01,4.778703e+01,4.778703e+01,4.778703e+01,4.727495e+01,4.714972e+01,4.756248e+01,4.740005e+01,4.740005e+01,4.688631e+01,4.729998e+01,4.704945e+01,4.704945e+01,4.704945e+01,4.704945e+01,4.653419e+01,4.644600e+01,4.692398e+01,4.676068e+01,4.676068e+01,4.676068e+01,4.676068e+01,4.676068e+01,4.676068e+01,4.676068e+01,4.624417e+01,4.635774e+01,4.635774e+01,4.635774e+01,4.635774e+01,4.635774e+01,4.635774e+01,4.635774e+01,4.635774e+01,4.635774e+01,4.635774e+01,4.635774e+01,4.635774e+01,4.635774e+01,4.635774e+01,4.635774e+01,4.635774e+01,4.635774e+01,4.635774e+01,4.635774e+01,4.635774e+01,4.635774e+01,4.635774e+01,4.635774e+01,4.635774e+01,4.635774e+01,4.635774e+01,4.635774e+01
3.778744e+01,3.778744e+01,3.778744e+01,3.778744e+01,3.778744e+01,3.834330e+01,3.816735e+01,3.826213e+01,3.828920e+01,3.828920e+01,3.828920e+01,3.828920e+01,3.828920e+01,3.828920e+01,3.828920e+01,3.884256e+01,3.872132e+01,3.872132e+01,3.872132e+01,3.872132e+01,3.872132e+01,3.872132e+01,3.872132e+01,3.928597e+01,3.928597e+01,3.928597e+01,3.928597e+01,3.928597e+01,3.928597e+01,3.928597e+01,3.928597e+01,3.928597e+01,3.983444e+01,3.971427e+01,3.959398e+01,3.987447e+01,3.944677e+01,3.962072e+01,3.962072e+01,3.962072e+01,3.962072e+01,3.962072e+01,3.962072e+01,3.962072e+01,3.962072e+01,4.016756e+01,4.004775e+01,3.992781e+01,3.992781e+01,3.992781e+01,3.992781e+01,3.992781e+01,3.992781e+01,3.992781e+01,3.992781e+01,3.992781e+01,3.992781e+01,3.992781e+01,3.992781e+01,3.992781e+01,3.992781e+01,3.992781e+01,3.992781e+01,3.992781e+01,3.992781e+01,3.992781e+01,3.992781e+01,3.992781e+01,3.992781e+01,3.992781e+01,3.992781e+01,3.992781e+01,3.992781e+01,3.992781e+01,3.992781e+01,3.992781e+01,3.992781e+01,3.992781e+01,3.992781e+01,3.992781e+01,4.047318e+01,4.035369e+01,4.035369e+01,4.035369e+01,4.035369e+01,3.980775e+01,3.992781e+01,3.992781e+01,3.992781e+01,3.992781e+01,3.992781e+01,3.992781e+01,3.992781e+01,3.992781e+01,3.992781e+01,3.992781e+01,3.992781e+01,3.992781e+01,3.937980e+01,3.950032e+01,3.950032e+01,3.950032e+01,3.950032e+01,3.950032e+01,3.950032e+01,3.950032e+01,3.895021e+01,3.946016e+01,3.913836e+01,3.913836e+01,3.913836e+01,3.913836e+01,3.913836e+01,3.913836e+01,3.858646e+01,3.870784e+01,3.870784e+01,3.870784e+01,3.870784e+01,3.870784e+01,3.870784e+01,3.870784e+01,3.870784e+01,3.870784e+01,3.815381e+01,3.827567e+01,3.854597e+01,3.822152e+01,3.809961e+01,3.809961e+01,3.809961e+01,3.809961e+01,3.809961e+01,3.809961e+01,3.809961e+01,3.809961e+01,3.809961e+01,3.809961e+01,3.809961e+01,3.809961e+01,3.809961e+01,3.809961e+01,3.809961e+01,3.809961e+01,3.754252e+01,3.766505e+01,3.766505e+01,3.766505e+01,3.766505e+01,3.766505e+01,3.766505e+01,3.766505e+01,3.766505e+01,3.766505e+01,3.766505e+01,3.710577e+01,3.763783e+01,3.739258e+01,3.739258e+01,3.739258e+01,3.739258e+01,3.739258e+01,3.683191e+01,3.700999e+01,3.713311e+01,3.699631e+01,3.691414e+01,3.691414e+01,3.691414e+01,3.691414e+01,3.691414e+01,3.691414e+01,3.691414e+01,3.691414e+01,3.691414e+01,3.691414e+01,3.691414e+01,3.691414e+01,3.691414e+01,3.691414e+01,3.691414e+01,3.691414e+01,3.691414e+01,3.691414e+01,3.691414e+01,3.691414e+01,3.691414e+01,3.691414e+01,3.747440e+01,3.735165e+01,3.763783e+01,3.721512e+01,3.728341e+01,3.754252e+01,3.740622e+01,3.732436e+01,3.732436e+01,3.732436e+01,3.732436e+01,3.732436e+01,3.732436e+01,3.732436e+01,3.732436e+01,3.788254e+01,3.776026e+01,3.776026e+01,3.720145e+01,3.737894e+01,3.750165e+01,3.762422e+01,3.706473e+01,3.724244e+01,3.741986e+01,3.754252e+01,3.754252e+01,3.698262e+01,3.751528e+01,3.748802e+01,3.748802e+01,3.748802e+01,3.748802e+01,3.748802e+01,3.692784e+01,3.710577e+01,3.722878e+01,3.722878e+01,3.722878e+01,3.722878e+01,3.722878e+01,3.666727e+01,3.679078e+01,3.691414e+01,3.691414e+01,3.691414e+01,3.691414e+01,3.691414e+01,3.691414e+01,3.691414e+01,3.691414e+01,3.691414e+01,3.691414e+01,3.691414e+01,3.691414e+01,3.691414e+01,3.691414e+01,3.691414e+01,3.691414e+01,3.691414e+01,3.691414e+01,3.691414e+01,3.754252e+01,3.698262e+01,3.771946e+01,3.716046e+01,3.735165e+01,3.747440e+01,3.747440e+01,3.747440e+01,3.747440e+01,3.747440e+01,3.747440e+01,3.747440e+01,3.747440e+01,3.747440e+01,3.747440e+01,3.747440e+01,3.747440e+01,3.747440e+01,3.747440e+01,3.747440e+01,3.747440e+01,3.747440e+01,3.747440e+01,3.747440e+01,3.747440e+01,3.747440e+01,3.747440e+01,3.747440e+01,3.747440e+01,3.747440e+01,3.747440e+01,3.747440e+01,3.747440e+01,3.747440e+01,3.789612e+01,3.789612e+01,3.789612e+01,3.789612e+01,3.789612e+01,3.789612e+01,3.789612e+01,3.789612e+01,3.789612e+01,3.789612e+01,3.789612e+01,3.789612e+01,3.789612e+01,3.789612e+01,3.789612e+01,3.838387e+01,3.838387e+01,3.838387e+01,3.838387e+01,3.782821e+01,3.801826e+01,3.814026e+01,3.842442e+01,3.850547e+01,3.865392e+01,3.869437e+01,3.869437e+01,3.869437e+01,3.869437e+01,3.869437e+01,3.869437e+01,3.901744e+01,3.901744e+01,3.901744e+01,3.901744e+01,3.901744e+01,3.901744e+01,3.901744e+01,3.901744e+01,3.901744e+01,3.901744e+01,3.901744e+01,3.901744e+01,3.901744e+01,3.901744e+01,3.901744e+01,3.901744e+01,3.901744e+01,3.901744e+01,3.901744e+01,3.901744e+01,3.901744e+01,3.901744e+01,3.846495e+01,3.865392e+01,3.877522e+01,3.877522e+01,3.877522e+01,3.877522e+01,3.877522e+01,3.877522e+01,3.877522e+01,3.877522e+01,3.877522e+01,3.877522e+01,3.877522e+01,3.877522e+01,3.877522e+01,3.877522e+01,3.877522e+01,3.877522e+01,3.877522e+01,3.877522e+01,3.877522e+01,3.877522e+01,3.877522e+01,3.877522e+01,3.877522e+01,3.877522e+01,3.877522e+01,3.877522e+01,3.877522e+01,3.877522e+01,3.877522e+01,3.877522e+01,3.877522e+01,3.877522e+01,3.877522e+01,3.877522e+01,3.877522e+01,3.877522e+01,3.877522e+01,3.927256e+01,3.927256e+01,3.927256e+01,3.927256e+01,3.927256e+01,3.927256e+01,3.927256e+01,3.927256e+01,3.927256e+01,3.927256e+01,3.927256e+01,3.927256e+01,3.927256e+01,3.927256e+01,3.927256e+01,3.927256e+01,3.927256e+01,3.927256e+01,3.927256e+01,3.927256e+01,3.927256e+01,3.970091e+01,3.970091e+01,3.970091e+01,3.970091e+01,3.970091e+01,3.970091e+01,3.970091e+01,4.018087e+01,4.018087e+01,4.018087e+01,4.018087e+01,4.018087e+01,4.056602e+01,4.056602e+01,4.056602e+01,4.056602e+01,4.056602e+01,4.056602e+01,4.060579e+01,4.079120e+01,4.091023e+01,4.145090e+01,4.133244e+01,4.160866e+01,4.171371e+01,4.171371e+01,4.171371e+01,4.217220e+01,4.244640e+01,4.265489e+01,4.265489e+01,4.265489e+01,4.318742e+01,4.331693e+01,4.343337e+01,4.370461e+01,4.382066e+01,4.423236e+01,4.448893e+01,4.448893e+01,4.491105e+01,4.491105e+01,4.543340e+01,4.545882e+01,4.558584e+01,4.576344e+01,4.640818e+01,4.642079e+01,4.658456e+01,4.682351e+01,4.708706e+01,4.735003e+01,4.771223e+01,4.802359e+01,4.868105e+01,4.876761e+01,4.907627e+01,4.949480e+01,5.019323e+01,5.021767e+01,5.021767e+01,5.097273e+01,5.140903e+01,5.157830e+01,5.186792e+01,5.273277e+01,5.285241e+01,5.348463e+01,5.350842e+01,5.440932e+01,5.460996e+01,5.490445e+01,5.515129e+01,5.592399e+01,5.622711e+01,5.642492e+01,5.721313e+01,5.751324e+01,5.803103e+01,5.805400e+01,5.864968e+01,5.867253e+01,5.892369e+01,5.892369e+01,5.939049e+01,5.943594e+01,5.940186e+01,5.942458e+01,5.970833e+01,5.974234e+01,5.986696e+01,6.046579e+01,6.035300e+01,6.037557e+01,6.037557e+01,6.037557e+01,6.083728e+01,6.088224e+01,6.088224e+01,6.088224e+01,6.126378e+01,6.126378e+01,6.126378e+01,6.126378e+01,6.126378e+01,6.153245e+01,6.174476e+01,6.158835e+01,6.188984e+01,6.174476e+01,6.159953e+01,6.162189e+01,6.171126e+01,6.171126e+01,6.171126e+01,6.171126e+01,6.171126e+01,6.171126e+01,6.171126e+01,6.117410e+01,6.099457e+01,6.099457e+01,6.067980e+01,6.048833e+01,6.030787e+01,5.965163e+01,5.928816e+01,5.911744e+01,5.884383e+01,5.887806e+01,5.831780e+01,5.764000e+01,5.760544e+01,5.743251e+01,5.670366e+01,5.640166e+01,5.606398e+01,5.576047e+01,5.558504e+01,5.495150e+01,5.495150e+01,5.495150e+01,5.426750e+01,5.432661e+01,5.368674e+01,5.368674e+01,5.368674e+01,5.332985e+01,5.306748e+01,5.306748e+01,5.274473e+01,5.250512e+01,5.240915e+01,5.240915e+01,5.240915e+01,5.186792e+01,5.186792e+01,5.186792e+01,5.174733e+01,5.157830e+01,5.146951e+01,5.079048e+01,5.079048e+01,5.079048e+01,5.079048e+01,5.036417e+01,5.036417e+01,5.036417e+01,4.986289e+01,4.978936e+01,4.978936e+01,4.978936e+01,4.924878e+01,4.924878e+01,4.924878e+01,4.924878e+01,4.874289e+01,4.908860e+01,4.891587e+01,4.880469e+01,4.869342e+01,4.869342e+01,4.818519e+01,4.808577e+01,4.808577e+01,4.808577e+01,4.808577e+01,4.808577e+01,4.808577e+01,4.808577e+01,4.778703e+01,4.778703e+01,4.778703e+01,4.778703e+01,4.778703e+01,4.714972e+01,4.735003e+01,4.735003e+01,4.735003e+01,4.735003e+01,4.735003e+01,4.704945e+01,4.704945e+01,4.704945e+01,4.704945e+01,4.704945e+01,4.704945e+01,4.653419e+01,4.664749e+01,4.664749e+01,4.664749e+01,4.664749e+01,4.664749e+01,4.664749e+01,4.664749e+01,4.664749e+01,4.664749e+01,4.664749e+01,4.635774e+01,4.635774e+01,4.635774e+01,4.635774e+01,4.635774e+01,4.635774e+01,4.635774e+01,4.635774e+01,4.635774e+01,4.635774e+01,4.635774e+01,4.635774e+01,4.635774e+01,4.635774e+01,4.635774e+01,4.635774e+01,4.635774e+01,4.635774e+01,4.635774e+01,4.635774e+01,4.635774e+01,4.635774e+01,4.635774e+01,4.635774e+01,4.635774e+01
3.778744e+01,3.778744e+01,3.778744e+01,3.778744e+01,3.778744e+01,3.834330e+01,3.834330e+01,3.834330e+01,3.834330e+01,3.834330e+01,3.834330e+01,3.834330e+01,3.834330e+01,3.834330e+01,3.834330e+01,3.884256e+01,3.884256e+01,3.884256e+01,3.884256e+01,3.884256e+01,3.884256e+01,3.884256e+01,3.884256e+01,3.928597e+01,3.928597e+01,3.928597e+01,3.928597e+01,3.928597e+01,3.928597e+01,3.928597e+01,3.928597e+01,3.928597e+01,3.928597e+01,3.971427e+01,3.972763e+01,3.967419e+01,3.951371e+01,3.951371e+01,3.951371e+01,3.951371e+01,4.006107e+01,3.987447e+01,3.987447e+01,3.987447e+01,3.987447e+01,3.987447e+01,3.987447e+01,3.987447e+01,3.987447e+01,3.987447e+01,3.987447e+01,3.987447e+01,3.987447e+01,3.987447e+01,3.987447e+01,3.987447e+01,3.987447e+01,3.987447e+01,3.987447e+01,3.987447e+01,3.987447e+01,3.987447e+01,3.987447e+01,3.987447e+01,3.987447e+01,3.987447e+01,3.987447e+01,3.987447e+01,3.987447e+01,3.987447e+01,3.987447e+01,3.987447e+01,3.987447e+01,3.987447e+01,3.987447e+01,3.987447e+01,3.987447e+01,4.042009e+01,4.023407e+01,4.036697e+01,3.998114e+01,4.016756e+01,4.016756e+01,4.016756e+01,4.016756e+01,4.016756e+01,4.016756e+01,4.016756e+01,4.016756e+01,4.016756e+01,4.016756e+01,4.016756e+01,4.016756e+01,3.962072e+01,3.974099e+01,3.974099e+01,3.974099e+01,3.974099e+01,3.974099e+01,3.974099e+01,3.974099e+01,3.919206e+01,3.931279e+01,3.931279e+01,3.931279e+01,3.931279e+01,3.931279e+01,3.931279e+01,3.931279e+01,3.931279e+01,3.931279e+01,3.931279e+01,3.931279e+01,3.876175e+01,3.864043e+01,3.864043e+01,3.864043e+01,3.864043e+01,3.864043e+01,3.864043e+01,3.864043e+01,3.864043e+01,3.864043e+01,3.864043e+01,3.815381e+01,3.815381e+01,3.815381e+01,3.815381e+01,3.815381e+01,3.815381e+01,3.815381e+01,3.815381e+01,3.815381e+01,3.815381e+01,3.815381e+01,3.815381e+01,3.815381e+01,3.815381e+01,3.759700e+01,3.778744e+01,3.790970e+01,3.790970e+01,3.790970e+01,3.790970e+01,3.790970e+01,3.790970e+01,3.790970e+01,3.735165e+01,3.747440e+01,3.747440e+01,3.747440e+01,3.747440e+01,3.747440e+01,3.747440e+01,3.747440e+01,3.747440e+01,3.691414e+01,3.710577e+01,3.722878e+01,3.722878e+01,3.722878e+01,3.722878e+01,3.722878e+01,3.722878e+01,3.666727e+01,3.685933e+01,3.685933e+01,3.685933e+01,3.685933e+01,3.685933e+01,3.685933e+01,3.685933e+01,3.685933e+01,3.685933e+01,3.685933e+01,3.685933e+01,3.685933e+01,3.685933e+01,3.685933e+01,3.685933e+01,3.685933e+01,3.685933e+01,3.685933e+01,3.685933e+01,3.685933e+01,3.685933e+01,3.685933e+01,3.685933e+01,3.685933e+01,3.685933e+01,3.707841e+01,3.705105e+01,3.705105e+01,3.705105e+01,3.705105e+01,3.705105e+01,3.761061e+01,3.748802e+01,3.748802e+01,3.748802e+01,3.748802e+01,3.748802e+01,3.748802e+01,3.748802e+01,3.748802e+01,3.748802e+01,3.748802e+01,3.748802e+01,3.748802e+01,3.748802e+01,3.748802e+01,3.748802e+01,3.748802e+01,3.748802e+01,3.748802e+01,3.698262e+01,3.728341e+01,3.728341e+01,3.728341e+01,3.728341e+01,3.728341e+01,3.728341e+01,3.692784e+01,3.692784e+01,3.692784e+01,3.692784e+01,3.692784e+01,3.692784e+01,3.692784e+01,3.692784e+01,3.692784e+01,3.692784e+01,3.692784e+01,3.692784e+01,3.692784e+01,3.692784e+01,3.692784e+01,3.692784e+01,3.692784e+01,3.692784e+01,3.692784e+01,3.692784e+01,3.692784e+01,3.692784e+01,3.692784e+01,3.692784e+01,3.692784e+01,3.692784e+01,3.692784e+01,3.692784e+01,3.692784e+01,3.692784e+01,3.692784e+01,3.692784e+01,3.692784e+01,3.692784e+01,3.692784e+01,3.747440e+01,3.747440e+01,3.691414e+01,3.710577e+01,3.722878e+01,3.722878e+01,3.722878e+01,3.722878e+01,3.722878e+01,3.722878e+01,3.722878e+01,3.722878e+01,3.722878e+01,3.722878e+01,3.722878e+01,3.722878e+01,3.722878e+01,3.722878e+01,3.722878e+01,3.722878e+01,3.722878e+01,3.722878e+01,3.722878e+01,3.722878e+01,3.722878e+01,3.722878e+01,3.722878e+01,3.722878e+01,3.722878e+01,3.722878e+01,3.733801e+01,3.752890e+01,3.765144e+01,3.765144e+01,3.765144e+01,3.765144e+01,3.765144e+01,3.765144e+01,3.765144e+01,3.765144e+01,3.765144e+01,3.765144e+01,3.765144e+01,3.765144e+01,3.782821e+01,3.780103e+01,3.776026e+01,3.831625e+01,3.841090e+01,3.835683e+01,3.835683e+01,3.835683e+01,3.835683e+01,3.835683e+01,3.835683e+01,3.835683e+01,3.835683e+01,3.835683e+01,3.835683e+01,3.835683e+01,3.901744e+01,3.901744e+01,3.901744e+01,3.901744e+01,3.901744e+01,3.846495e+01,3.865392e+01,3.877522e+01,3.877522e+01,3.877522e+01,3.877522e+01,3.877522e+01,3.877522e+01,3.877522e+01,3.877522e+01,3.877522e+01,3.877522e+01,3.877522e+01,3.877522e+01,3.877522e+01,3.846495e+01,3.846495e+01,3.846495e+01,3.846495e+01,3.846495e+01,3.846495e+01,3.846495e+01,3.846495e+01,3.846495e+01,3.846495e+01,3.846495e+01,3.846495e+01,3.846495e+01,3.846495e+01,3.846495e+01,3.846495e+01,3.846495e+01,3.846495e+01,3.846495e+01,3.846495e+01,3.846495e+01,3.846495e+01,3.846495e+01,3.846495e+01,3.846495e+01,3.846495e+01,3.846495e+01,3.846495e+01,3.846495e+01,3.846495e+01,3.846495e+01,3.846495e+01,3.846495e+01,3.846495e+01,3.846495e+01,3.846495e+01,3.846495e+01,3.877522e+01,3.907120e+01,3.866740e+01,3.885602e+01,3.897711e+01,3.909807e+01,3.909807e+01,3.909807e+01,3.909807e+01,3.909807e+01,3.909807e+01,3.909807e+01,3.909807e+01,3.909807e+01,3.909807e+01,3.909807e+01,3.909807e+01,3.909807e+01,3.909807e+01,3.909807e+01,3.909807e+01,3.909807e+01,3.909807e+01,3.915179e+01,3.933960e+01,3.946016e+01,3.946016e+01,3.946016e+01,4.000779e+01,3.959398e+01,3.984778e+01,3.996781e+01,3.996781e+01,3.996781e+01,4.051298e+01,4.059254e+01,4.059254e+01,4.059254e+01,4.059254e+01,4.059254e+01,4.059254e+01,4.059254e+01,4.113472e+01,4.125339e+01,4.138510e+01,4.146405e+01,4.154295e+01,4.154295e+01,4.208064e+01,4.219834e+01,4.242032e+01,4.238118e+01,4.265489e+01,4.265489e+01,4.318742e+01,4.322629e+01,4.322629e+01,4.375620e+01,4.378199e+01,4.394947e+01,4.416813e+01,4.416813e+01,4.448893e+01,4.521709e+01,4.533165e+01,4.547152e+01,4.547152e+01,4.599140e+01,4.610521e+01,4.634513e+01,4.686120e+01,4.668523e+01,4.694908e+01,4.714972e+01,4.741256e+01,4.777457e+01,4.816034e+01,4.848294e+01,4.869342e+01,4.964217e+01,4.996087e+01,5.022988e+01,5.022988e+01,5.072967e+01,5.128799e+01,5.184381e+01,5.185587e+01,5.216889e+01,5.268488e+01,5.306748e+01,5.378174e+01,5.388853e+01,5.436206e+01,5.468070e+01,5.544453e+01,5.567863e+01,5.612226e+01,5.664564e+01,5.714378e+01,5.740944e+01,5.765152e+01,5.832926e+01,5.843234e+01,5.868396e+01,5.879817e+01,5.934502e+01,5.937912e+01,5.942458e+01,5.942458e+01,5.942458e+01,5.988961e+01,5.991225e+01,5.991225e+01,6.037557e+01,6.049960e+01,6.049960e+01,6.049960e+01,6.049960e+01,6.096088e+01,6.099457e+01,6.099457e+01,6.145414e+01,6.148771e+01,6.152127e+01,6.187868e+01,6.172243e+01,6.156599e+01,6.164424e+01,6.166658e+01,6.166658e+01,6.166658e+01,6.166658e+01,6.166658e+01,6.166658e+01,6.166658e+01,6.212386e+01,6.196789e+01,6.186753e+01,6.186753e+01,6.186753e+01,6.186753e+01,6.186753e+01,6.186753e+01,6.145414e+01,6.130859e+01,6.114046e+01,6.125257e+01,6.088224e+01,6.024013e+01,5.992357e+01,5.960625e+01,5.937912e+01,5.871824e+01,5.886665e+01,5.847812e+01,5.782416e+01,5.739790e+01,5.731709e+01,5.693549e+01,5.651790e+01,5.626204e+01,5.587729e+01,5.559675e+01,5.543281e+01,5.473962e+01,5.492798e+01,5.470427e+01,5.442113e+01,5.376987e+01,5.365110e+01,5.374612e+01,5.353221e+01,5.288828e+01,5.278064e+01,5.278064e+01,5.278064e+01,5.240915e+01,5.214484e+01,5.191612e+01,5.191612e+01,5.191612e+01,5.191612e+01,5.157830e+01,5.120319e+01,5.133643e+01,5.115471e+01,5.054705e+01,5.077832e+01,5.055924e+01,5.055924e+01,5.005876e+01,4.992413e+01,4.992413e+01,4.992413e+01,4.942104e+01,4.931033e+01,4.931033e+01,4.931033e+01,4.931033e+01,4.931033e+01,4.880469e+01,4.891587e+01,4.891587e+01,4.840858e+01,4.829693e+01,4.824728e+01,4.824728e+01,4.824728e+01,4.824728e+01,4.773717e+01,4.784933e+01,4.784933e+01,4.784933e+01,4.784933e+01,4.784933e+01,4.784933e+01,4.784933e+01,4.733752e+01,4.762490e+01,4.743756e+01,4.743756e+01,4.743756e+01,4.743756e+01,4.743756e+01,4.704945e+01,4.704945e+01,4.704945e+01,4.704945e+01,4.704945e+01,4.653419e+01,4.650900e+01,4.650900e+01,4.650900e+01,4.650900e+01,4.650900e+01,4.650900e+01,4.650900e+01,4.650900e+01,4.650900e+01,4.650900e+01,4.650900e+01,4.650900e+01,4.650900e+01,4.650900e+01,4.650900e+01,4.650900e+01,4.650900e+01,4.650900e+01,4.650900e+01,4.650900e+01,4.650900e+01,4.650900e+01,4.650900e+01,4.650900e+01,4.650900e+01,4.650900e+01,4.650900e+01,4.650900e+01,4.650900e+01,4.650900e+01,4.650900e+01,4.650900e+01,4.650900e+01,4.650900e+01,4.650900e+01,4.650900e+01
3.778744e+01,3.778744e+01,3.778744e+01,3.834330e+01,3.782821e+01,3.812671e+01,3.812671e+01,3.812671e+01,3.812671e+01,3.812671e+01,3.812671e+01,3.812671e+01,3.868088e+01,3.855947e+01,3.884256e+01,3.886948e+01,3.886948e+01,3.886948e+01,3.886948e+01,3.886948e+01,3.886948e+01,3.886948e+01,3.886948e+01,3.928597e+01,3.928597e+01,3.928597e+01,3.928597e+01,3.928597e+01,3.928597e+01,3.928597e+01,3.983444e+01,3.963409e+01,3.972763e+01,3.975434e+01,3.975434e+01,3.975434e+01,3.975434e+01,3.975434e+01,3.975434e+01,3.975434e+01,3.975434e+01,3.975434e+01,3.975434e+01,3.975434e+01,3.975434e+01,3.975434e+01,3.975434e+01,3.975434e+01,3.975434e+01,3.975434e+01,3.975434e+01,3.975434e+01,3.975434e+01,3.975434e+01,3.975434e+01,3.975434e+01,3.975434e+01,3.975434e+01,3.975434e+01,3.975434e+01,3.975434e+01,3.975434e+01,3.975434e+01,4.030054e+01,4.018087e+01,4.006107e+01,4.006107e+01,4.006107e+01,4.006107e+01,4.006107e+01,4.006107e+01,4.006107e+01,4.006107e+01,4.006107e+01,4.006107e+01,4.006107e+01,4.006107e+01,4.006107e+01,4.006107e+01,4.006107e+01,4.006107e+01,4.006107e+01,4.006107e+01,4.006107e+01,4.006107e+01,4.006107e+01,4.006107e+01,4.006107e+01,4.006107e+01,4.006107e+01,4.006107e+01,4.006107e+01,4.006107e+01,4.006107e+01,4.006107e+01,3.974099e+01,3.974099e+01,3.974099e+01,3.974099e+01,3.974099e+01,3.974099e+01,3.974099e+01,3.931279e+01,3.931279e+01,3.931279e+01,3.931279e+01,3.931279e+01,3.931279e+01,3.931279e+01,3.931279e+01,3.931279e+01,3.931279e+01,3.931279e+01,3.876175e+01,3.876175e+01,3.876175e+01,3.876175e+01,3.876175e+01,3.876175e+01,3.876175e+01,3.876175e+01,3.876175e+01,3.876175e+01,3.820798e+01,3.822152e+01,3.822152e+01,3.822152e+01,3.822152e+01,3.822152e+01,3.822152e+01,3.822152e+01,3.822152e+01,3.822152e+01,3.822152e+01,3.822152e+01,3.822152e+01,3.766505e+01,3.763783e+01,3.812671e+01,3.792327e+01,3.792327e+01,3.792327e+01,3.792327e+01,3.792327e+01,3.792327e+01,3.792327e+01,3.792327e+01,3.735165e+01,3.790970e+01,3.778744e+01,3.766505e+01,3.766505e+01,3.766505e+01,3.766505e+01,3.766505e+01,3.710577e+01,3.698262e+01,3.698262e+01,3.698262e+01,3.698262e+01,3.698262e+01,3.698262e+01,3.698262e+01,3.698262e+01,3.698262e+01,3.698262e+01,3.698262e+01,3.698262e+01,3.698262e+01,3.698262e+01,3.698262e+01,3.698262e+01,3.698262e+01,3.698262e+01,3.698262e+01,3.698262e+01,3.641985e+01,3.654363e+01,3.666727e+01,3.666727e+01,3.666727e+01,3.666727e+01,3.666727e+01,3.666727e+01,3.666727e+01,3.666727e+01,3.722878e+01,3.710577e+01,3.710577e+01,3.710577e+01,3.710577e+01,3.710577e+01,3.710577e+01,3.710577e+01,3.710577e+01,3.710577e+01,3.710577e+01,3.710577e+01,3.710577e+01,3.710577e+01,3.710577e+01,3.710577e+01,3.710577e+01,3.710577e+01,3.710577e+01,3.710577e+01,3.710577e+01,3.710577e+01,3.710577e+01,3.748802e+01,3.748802e+01,3.748802e+01,3.748802e+01,3.692784e+01,3.746076e+01,3.739258e+01,3.685933e+01,3.698262e+01,3.710577e+01,3.710577e+01,3.710577e+01,3.710577e+01,3.710577e+01,3.710577e+01,3.654363e+01,3.666727e+01,3.666727e+01,3.666727e+01,3.666727e+01,3.666727e+01,3.666727e+01,3.666727e+01,3.666727e+01,3.666727e+01,3.666727e+01,3.666727e+01,3.666727e+01,3.666727e+01,3.666727e+01,3.666727e+01,3.666727e+01,3.666727e+01,3.666727e+01,3.666727e+01,3.666727e+01,3.666727e+01,3.666727e+01,3.666727e+01,3.666727e+01,3.666727e+01,3.666727e+01,3.722878e+01,3.710577e+01,3.710577e+01,3.710577e+01,3.710577e+01,3.710577e+01,3.710577e+01,3.710577e+01,3.710577e+01,3.710577e+01,3.710577e+01,3.710577e+01,3.710577e+01,3.710577e+01,3.710577e+01,3.710577e+01,3.710577e+01,3.710577e+01,3.710577e+01,3.710577e+01,3.710577e+01,3.710577e+01,3.710577e+01,3.710577e+01,3.710577e+01,3.710577e+01,3.710577e+01,3.710577e+01,3.710577e+01,3.710577e+01,3.710577e+01,3.710577e+01,3.710577e+01,3.710577e+01,3.710577e+01,3.710577e+01,3.710577e+01,3.710577e+01,3.710577e+01,3.710577e+01,3.710577e+01,3.710577e+01,3.765144e+01,3.765144e+01,3.765144e+01,3.765144e+01,3.765144e+01,3.765144e+01,3.765144e+01,3.765144e+01,3.765144e+01,3.765144e+01,3.765144e+01,3.765144e+01,3.765144e+01,3.765144e+01,3.765144e+01,3.765144e+01,3.780103e+01,3.800470e+01,3.812671e+01,3.812671e+01,3.812671e+01,3.812671e+01,3.812671e+01,3.868088e+01,3.839738e+01,3.859996e+01,3.872132e+01,3.884256e+01,3.855947e+01,3.845144e+01,3.845144e+01,3.845144e+01,3.845144e+01,3.845144e+01,3.845144e+01,3.845144e+01,3.845144e+01,3.845144e+01,3.845144e+01,3.845144e+01,3.845144e+01,3.845144e+01,3.845144e+01,3.845144e+01,3.845144e+01,3.845144e+01,3.845144e+01,3.845144e+01,3.845144e+01,3.845144e+01,3.845144e+01,3.845144e+01,3.845144e+01,3.789612e+01,3.809961e+01,3.822152e+01,3.822152e+01,3.822152e+01,3.822152e+01,3.822152e+01,3.822152e+01,3.822152e+01,3.822152e+01,3.822152e+01,3.822152e+01,3.822152e+01,3.822152e+01,3.822152e+01,3.822152e+01,3.822152e+01,3.822152e+01,3.822152e+01,3.822152e+01,3.822152e+01,3.822152e+01,3.822152e+01,3.822152e+01,3.877522e+01,3.865392e+01,3.865392e+01,3.865392e+01,3.865392e+01,3.865392e+01,3.865392e+01,3.865392e+01,3.865392e+01,3.865392e+01,3.865392e+01,3.865392e+01,3.865392e+01,3.865392e+01,3.865392e+01,3.909807e+01,3.909807e+01,3.909807e+01,3.909807e+01,3.909807e+01,3.909807e+01,3.909807e+01,3.909807e+01,3.909807e+01,3.909807e+01,3.909807e+01,3.909807e+01,3.909807e+01,3.964746e+01,3.952709e+01,3.952709e+01,3.952709e+01,3.952709e+01,3.952709e+01,3.952709e+01,3.996781e+01,3.996781e+01,3.996781e+01,3.996781e+01,4.004775e+01,4.024737e+01,4.036697e+01,4.091023e+01,4.079120e+01,4.079120e+01,4.079120e+01,4.079120e+01,4.125339e+01,4.125339e+01,4.125339e+01,4.154295e+01,4.181867e+01,4.200212e+01,4.200212e+01,4.242032e+01,4.251160e+01,4.261583e+01,4.288898e+01,4.297990e+01,4.351093e+01,4.362718e+01,4.367881e+01,4.367881e+01,4.447611e+01,4.428371e+01,4.441201e+01,4.464260e+01,4.501315e+01,4.533165e+01,4.533165e+01,4.585214e+01,4.591546e+01,4.643340e+01,4.654679e+01,4.666007e+01,4.678581e+01,4.742506e+01,4.743756e+01,4.758746e+01,4.834657e+01,4.852011e+01,4.853250e+01,4.895290e+01,4.975258e+01,5.003429e+01,5.020545e+01,5.046174e+01,5.113046e+01,5.160246e+01,5.226505e+01,5.227707e+01,5.251711e+01,5.328218e+01,5.352032e+01,5.379361e+01,5.462175e+01,5.482206e+01,5.505731e+01,5.586562e+01,5.635514e+01,5.665725e+01,5.695864e+01,5.725935e+01,5.795062e+01,5.818023e+01,5.834072e+01,5.854677e+01,5.912883e+01,5.915161e+01,5.929954e+01,5.976500e+01,5.959490e+01,5.959490e+01,6.005933e+01,6.007064e+01,6.053341e+01,6.055594e+01,6.056720e+01,6.056720e+01,6.102825e+01,6.085976e+01,6.096088e+01,6.143176e+01,6.126378e+01,6.136459e+01,6.147652e+01,6.147652e+01,6.193444e+01,6.195675e+01,6.195675e+01,6.195675e+01,6.195675e+01,6.195675e+01,6.195675e+01,6.195675e+01,6.195675e+01,6.195675e+01,6.195675e+01,6.195675e+01,6.195675e+01,6.195675e+01,6.195675e+01,6.195675e+01,6.195675e+01,6.195675e+01,6.195675e+01,6.195675e+01,6.145414e+01,6.145414e+01,6.145414e+01,6.145414e+01,6.134220e+01,6.071356e+01,6.031915e+01,6.004802e+01,6.007064e+01,5.969699e+01,5.902630e+01,5.871824e+01,5.861538e+01,5.800806e+01,5.770909e+01,5.729400e+01,5.701653e+01,5.661081e+01,5.636677e+01,5.613392e+01,5.574878e+01,5.540938e+01,5.523347e+01,5.450378e+01,5.427932e+01,5.444475e+01,5.414919e+01,5.397153e+01,5.349652e+01,5.309135e+01,5.309135e+01,5.309135e+01,5.278064e+01,5.281653e+01,5.260102e+01,5.219294e+01,5.208469e+01,5.208469e+01,5.208469e+01,5.157830e+01,5.122743e+01,5.122743e+01,5.122743e+01,5.054705e+01,5.054705e+01,5.054705e+01,5.054705e+01,5.005876e+01,5.005876e+01,5.005876e+01,4.955622e+01,4.997311e+01,4.967898e+01,4.956850e+01,4.945792e+01,4.895290e+01,4.884176e+01,4.877997e+01,4.877997e+01,4.877997e+01,4.877997e+01,4.877997e+01,4.824728e+01,4.824728e+01,4.824728e+01,4.824728e+01,4.773717e+01,4.773717e+01,4.773717e+01,4.773717e+01,4.773717e+01,4.773717e+01,4.773717e+01,4.773717e+01,4.773717e+01,4.773717e+01,4.743756e+01,4.743756e+01,4.743756e+01,4.692398e+01,4.742506e+01,4.707452e+01,4.707452e+01,4.707452e+01,4.707452e+01,4.707452e+01,4.704945e+01,4.683607e+01,4.672296e+01,4.672296e+01,4.672296e+01,4.672296e+01,4.672296e+01,4.672296e+01,4.672296e+01,4.672296e+01,4.672296e+01,4.672296e+01,4.672296e+01,4.620629e+01,4.631990e+01,4.631990e+01,4.631990e+01,4.631990e+01,4.631990e+01,4.631990e+01,4.631990e+01,4.631990e+01,4.631990e+01,4.631990e+01,4.631990e+01,4.631990e+01,4.631990e+01,4.631990e+01,4.631990e+01,4.631990e+01,4.683607e+01,4.672296e+01,4.672296e+01,4.672296e+01,4.672296e+01,4.672296e+01,4.672296e+01
3.778744e+01,3.778744e+01,3.834330e+01,3.827567e+01,3.823506e+01,3.824860e+01,3.824860e+01,3.824860e+01,3.824860e+01,3.824860e+01,3.824860e+01,3.824860e+01,3.868088e+01,3.869437e+01,3.881563e+01,3.881563e+01,3.881563e+01,3.881563e+01,3.881563e+01,3.881563e+01,3.881563e+01,3.936640e+01,3.936640e+01,3.939320e+01,3.939320e+01,3.939320e+01,3.939320e+01,3.939320e+01,3.939320e+01,3.939320e+01,3.939320e+01,3.939320e+01,3.972763e+01,3.972763e+01,3.972763e+01,3.972763e+01,3.972763e+01,3.972763e+01,3.972763e+01,3.972763e+01,3.972763e+01,3.972763e+01,4.027396e+01,4.007439e+01,3.995448e+01,3.995448e+01,3.995448e+01,3.995448e+01,3.995448e+01,3.995448e+01,3.995448e+01,3.995448e+01,3.995448e+01,3.995448e+01,3.995448e+01,3.995448e+01,3.995448e+01,3.995448e+01,3.995448e+01,3.995448e+01,3.995448e+01,3.995448e+01,3.995448e+01,3.995448e+01,3.995448e+01,3.995448e+01,3.995448e+01,3.995448e+01,3.995448e+01,3.995448e+01,3.995448e+01,3.995448e+01,3.995448e+01,3.995448e+01,3.995448e+01,3.995448e+01,3.995448e+01,3.995448e+01,3.995448e+01,3.995448e+01,3.995448e+01,3.995448e+01,3.995448e+01,3.995448e+01,3.995448e+01,3.995448e+01,3.995448e+01,3.995448e+01,3.995448e+01,3.995448e+01,3.995448e+01,3.995448e+01,3.995448e+01,3.995448e+01,3.995448e+01,3.995448e+01,3.995448e+01,3.940659e+01,3.952709e+01,3.952709e+01,3.952709e+01,3.952709e+01,3.952709e+01,3.952709e+01,3.952709e+01,3.952709e+01,3.952709e+01,3.952709e+01,3.897711e+01,3.909807e+01,3.909807e+01,3.909807e+01,3.909807e+01,3.909807e+01,3.909807e+01,3.909807e+01,3.876175e+01,3.876175e+01,3.876175e+01,3.876175e+01,3.876175e+01,3.876175e+01,3.876175e+01,3.820798e+01,3.820798e+01,3.820798e+01,3.820798e+01,3.820798e+01,3.820798e+01,3.820798e+01,3.820798e+01,3.820798e+01,3.820798e+01,3.820798e+01,3.820798e+01,3.820798e+01,3.820798e+01,3.820798e+01,3.765144e+01,3.785538e+01,3.785538e+01,3.785538e+01,3.785538e+01,3.785538e+01,3.785538e+01,3.785538e+01,3.785538e+01,3.785538e+01,3.785538e+01,3.785538e+01,3.729706e+01,3.741986e+01,3.741986e+01,3.741986e+01,3.741986e+01,3.741986e+01,3.741986e+01,3.741986e+01,3.741986e+01,3.741986e+01,3.698262e+01,3.698262e+01,3.698262e+01,3.698262e+01,3.698262e+01,3.698262e+01,3.698262e+01,3.698262e+01,3.698262e+01,3.698262e+01,3.698262e+01,3.698262e+01,3.698262e+01,3.641985e+01,3.662607e+01,3.650238e+01,3.695523e+01,3.674962e+01,3.674962e+01,3.674962e+01,3.674962e+01,3.674962e+01,3.674962e+01,3.674962e+01,3.674962e+01,3.674962e+01,3.674962e+01,3.674962e+01,3.674962e+01,3.674962e+01,3.710577e+01,3.710577e+01,3.710577e+01,3.710577e+01,3.710577e+01,3.710577e+01,3.710577e+01,3.710577e+01,3.710577e+01,3.710577e+01,3.710577e+01,3.710577e+01,3.710577e+01,3.766505e+01,3.746076e+01,3.733801e+01,3.733801e+01,3.733801e+01,3.733801e+01,3.733801e+01,3.733801e+01,3.733801e+01,3.733801e+01,3.733801e+01,3.733801e+01,3.733801e+01,3.733801e+01,3.733801e+01,3.733801e+01,3.733801e+01,3.733801e+01,3.677706e+01,3.690044e+01,3.659860e+01,3.651613e+01,3.651613e+01,3.651613e+01,3.651613e+01,3.651613e+01,3.651613e+01,3.651613e+01,3.651613e+01,3.651613e+01,3.651613e+01,3.651613e+01,3.651613e+01,3.651613e+01,3.651613e+01,3.651613e+01,3.651613e+01,3.651613e+01,3.651613e+01,3.651613e+01,3.651613e+01,3.707841e+01,3.695523e+01,3.683191e+01,3.683191e+01,3.683191e+01,3.683191e+01,3.683191e+01,3.683191e+01,3.683191e+01,3.683191e+01,3.683191e+01,3.683191e+01,3.683191e+01,3.683191e+01,3.683191e+01,3.683191e+01,3.683191e+01,3.683191e+01,3.683191e+01,3.683191e+01,3.683191e+01,3.683191e+01,3.683191e+01,3.683191e+01,3.683191e+01,3.683191e+01,3.683191e+01,3.683191e+01,3.683191e+01,3.683191e+01,3.683191e+01,3.683191e+01,3.683191e+01,3.683191e+01,3.683191e+01,3.683191e+01,3.683191e+01,3.683191e+01,3.683191e+01,3.683191e+01,3.683191e+01,3.683191e+01,3.683191e+01,3.739258e+01,3.726975e+01,3.726975e+01,3.726975e+01,3.726975e+01,3.726975e+01,3.726975e+01,3.726975e+01,3.726975e+01,3.726975e+01,3.726975e+01,3.726975e+01,3.726975e+01,3.726975e+01,3.726975e+01,3.726975e+01,3.726975e+01,3.726975e+01,3.765144e+01,3.765144e+01,3.765144e+01,3.765144e+01,3.765144e+01,3.765144e+01,3.765144e+01,3.765144e+01,3.812671e+01,3.812671e+01,3.812671e+01,3.812671e+01,3.812671e+01,3.812671e+01,3.812671e+01,3.812671e+01,3.855947e+01,3.855947e+01,3.855947e+01,3.855947e+01,3.800470e+01,3.820798e+01,3.820798e+01,3.820798e+01,3.820798e+01,3.820798e+01,3.820798e+01,3.820798e+01,3.820798e+01,3.820798e+01,3.820798e+01,3.820798e+01,3.820798e+01,3.820798e+01,3.820798e+01,3.820798e+01,3.820798e+01,3.820798e+01,3.820798e+01,3.820798e+01,3.820798e+01,3.820798e+01,3.820798e+01,3.820798e+01,3.820798e+01,3.820798e+01,3.820798e+01,3.820798e+01,3.820798e+01,3.820798e+01,3.820798e+01,3.820798e+01,3.765144e+01,3.785538e+01,3.797756e+01,3.797756e+01,3.797756e+01,3.797756e+01,3.797756e+01,3.797756e+01,3.797756e+01,3.797756e+01,3.797756e+01,3.797756e+01,3.853247e+01,3.815381e+01,3.835683e+01,3.792327e+01,3.812671e+01,3.832978e+01,3.845144e+01,3.845144e+01,3.845144e+01,3.845144e+01,3.845144e+01,3.845144e+01,3.845144e+01,3.900400e+01,3.888294e+01,3.862694e+01,3.884256e+01,3.884256e+01,3.884256e+01,3.884256e+01,3.884256e+01,3.884256e+01,3.884256e+01,3.884256e+01,3.884256e+01,3.884256e+01,3.884256e+01,3.939320e+01,3.896367e+01,3.928597e+01,3.940659e+01,3.995448e+01,3.928597e+01,3.983444e+01,3.971427e+01,3.999446e+01,4.002111e+01,4.002111e+01,4.002111e+01,4.002111e+01,4.056602e+01,4.036697e+01,4.064555e+01,4.084412e+01,4.084412e+01,4.084412e+01,4.084412e+01,4.084412e+01,4.125339e+01,4.125339e+01,4.125339e+01,4.154295e+01,4.179244e+01,4.232896e+01,4.242032e+01,4.243336e+01,4.243336e+01,4.296691e+01,4.297990e+01,4.325219e+01,4.344630e+01,4.344630e+01,4.397522e+01,4.407814e+01,4.441201e+01,4.441201e+01,4.493658e+01,4.493658e+01,4.516614e+01,4.530621e+01,4.557314e+01,4.563661e+01,4.596609e+01,4.621892e+01,4.654679e+01,4.706199e+01,4.716225e+01,4.736254e+01,4.787424e+01,4.840858e+01,4.843337e+01,4.843337e+01,4.894056e+01,4.927340e+01,4.987514e+01,5.000982e+01,5.030315e+01,5.110621e+01,5.144532e+01,5.183175e+01,5.206063e+01,5.255308e+01,5.313909e+01,5.330602e+01,5.412552e+01,5.436206e+01,5.464534e+01,5.512780e+01,5.571371e+01,5.616887e+01,5.647142e+01,5.672686e+01,5.750171e+01,5.773211e+01,5.797360e+01,5.844379e+01,5.880959e+01,5.884383e+01,5.907188e+01,5.953815e+01,5.957220e+01,5.970833e+01,5.970833e+01,5.970833e+01,6.005933e+01,6.030787e+01,6.047706e+01,6.047706e+01,6.093842e+01,6.097211e+01,6.105070e+01,6.105070e+01,6.151008e+01,6.153245e+01,6.153245e+01,6.153245e+01,6.199018e+01,6.202362e+01,6.204590e+01,6.204590e+01,6.250189e+01,6.233524e+01,6.216839e+01,6.216839e+01,6.216839e+01,6.216839e+01,6.216839e+01,6.216839e+01,6.216839e+01,6.216839e+01,6.216839e+01,6.216839e+01,6.216839e+01,6.216839e+01,6.216839e+01,6.216839e+01,6.216839e+01,6.216839e+01,6.216839e+01,6.216839e+01,6.191214e+01,6.174476e+01,6.153245e+01,6.098334e+01,6.118531e+01,6.049960e+01,6.028529e+01,5.999147e+01,5.947002e+01,5.919714e+01,5.887806e+01,5.842089e+01,5.797360e+01,5.770909e+01,5.728245e+01,5.702810e+01,5.681963e+01,5.636677e+01,5.613392e+01,5.583058e+01,5.543281e+01,5.490445e+01,5.498678e+01,5.435025e+01,5.417286e+01,5.423202e+01,5.384108e+01,5.379361e+01,5.313909e+01,5.300777e+01,5.280457e+01,5.280457e+01,5.231310e+01,5.225304e+01,5.225304e+01,5.225304e+01,5.175939e+01,5.145742e+01,5.125166e+01,5.125166e+01,5.125166e+01,5.054705e+01,5.054705e+01,5.054705e+01,5.054705e+01,5.005876e+01,5.005876e+01,5.005876e+01,5.005876e+01,4.955622e+01,4.953165e+01,4.953165e+01,4.953165e+01,4.953165e+01,4.934724e+01,4.910093e+01,4.900227e+01,4.900227e+01,4.849534e+01,4.887882e+01,4.855727e+01,4.845816e+01,4.845816e+01,4.845816e+01,4.773717e+01,4.773717e+01,4.773717e+01,4.773717e+01,4.773717e+01,4.773717e+01,4.773717e+01,4.773717e+01,4.722488e+01,4.773717e+01,4.746255e+01,4.746255e+01,4.746255e+01,4.746255e+01,4.694908e+01,4.692398e+01,4.692398e+01,4.692398e+01,4.692398e+01,4.692398e+01,4.692398e+01,4.692398e+01,4.692398e+01,4.692398e+01,4.692398e+01,4.692398e+01,4.692398e+01,4.640818e+01,4.650900e+01,4.650900e+01,4.650900e+01,4.650900e+01,4.650900e+01,4.650900e+01,4.650900e+01,4.650900e+01,4.650900e+01,4.650900e+01,4.650900e+01,4.650900e+01,4.650900e+01,4.650900e+01,4.650900e+01,4.650900e+01,4.650900e+01,4.650900e+01,4.650900e+01,4.650900e+01,4.650900e+01,4.650900e+01,4.650900e+01,4.650900e+01,4.650900e+01,4.650900e+01,4.650900e+01,4.650900e+01,4.650900e+01
3.778744e+01,3.778744e+01,3.834330e+01,3.834330e+01,3.834330e+01,3.834330e+01,3.834330e+01,3.834330e+01,3.834330e+01,3.834330e+01,3.834330e+01,3.834330e+01,3.834330e+01,3.869437e+01,3.869437e+01,3.869437e+01,3.869437e+01,3.869437e+01,3.869437e+01,3.924573e+01,3.881563e+01,3.913836e+01,3.913836e+01,3.913836e+01,3.913836e+01,3.913836e+01,3.913836e+01,3.913836e+01,3.968755e+01,3.958060e+01,3.958060e+01,3.958060e+01,3.958060e+01,3.958060e+01,3.958060e+01,3.958060e+01,3.958060e+01,3.958060e+01,3.958060e+01,3.958060e+01,4.012764e+01,3.968755e+01,4.000779e+01,4.000779e+01,4.000779e+01,4.000779e+01,4.000779e+01,4.000779e+01,4.000779e+01,4.000779e+01,4.000779e+01,4.000779e+01,4.000779e+01,4.000779e+01,4.000779e+01,4.000779e+01,4.000779e+01,4.000779e+01,4.000779e+01,4.000779e+01,4.000779e+01,4.000779e+01,4.000779e+01,4.000779e+01,4.000779e+01,4.000779e+01,4.000779e+01,4.000779e+01,4.000779e+01,4.000779e+01,4.000779e+01,4.000779e+01,4.000779e+01,4.000779e+01,4.000779e+01,4.000779e+01,4.000779e+01,4.000779e+01,4.000779e+01,4.000779e+01,4.000779e+01,4.000779e+01,4.000779e+01,4.000779e+01,4.000779e+01,4.000779e+01,4.000779e+01,4.000779e+01,4.000779e+01,4.000779e+01,4.000779e+01,4.000779e+01,4.000779e+01,4.000779e+01,3.946016e+01,3.966082e+01,3.956723e+01,3.947355e+01,3.947355e+01,3.947355e+01,3.947355e+01,3.947355e+01,3.947355e+01,3.947355e+01,3.947355e+01,3.947355e+01,3.947355e+01,3.947355e+01,3.947355e+01,3.909807e+01,3.909807e+01,3.909807e+01,3.909807e+01,3.909807e+01,3.909807e+01,3.909807e+01,3.909807e+01,3.876175e+01,3.876175e+01,3.876175e+01,3.876175e+01,3.876175e+01,3.876175e+01,3.820798e+01,3.820798e+01,3.820798e+01,3.820798e+01,3.820798e+01,3.820798e+01,3.820798e+01,3.820798e+01,3.820798e+01,3.820798e+01,3.820798e+01,3.820798e+01,3.820798e+01,3.820798e+01,3.820798e+01,3.820798e+01,3.785538e+01,3.785538e+01,3.785538e+01,3.785538e+01,3.785538e+01,3.785538e+01,3.785538e+01,3.785538e+01,3.785538e+01,3.729706e+01,3.781462e+01,3.752890e+01,3.752890e+01,3.752890e+01,3.752890e+01,3.752890e+01,3.752890e+01,3.752890e+01,3.752890e+01,3.696893e+01,3.698262e+01,3.696893e+01,3.696893e+01,3.696893e+01,3.696893e+01,3.696893e+01,3.696893e+01,3.696893e+01,3.696893e+01,3.696893e+01,3.696893e+01,3.696893e+01,3.640608e+01,3.694154e+01,3.665354e+01,3.665354e+01,3.665354e+01,3.665354e+01,3.665354e+01,3.665354e+01,3.665354e+01,3.665354e+01,3.665354e+01,3.665354e+01,3.665354e+01,3.665354e+01,3.721512e+01,3.700999e+01,3.700999e+01,3.700999e+01,3.700999e+01,3.700999e+01,3.700999e+01,3.700999e+01,3.700999e+01,3.700999e+01,3.700999e+01,3.756976e+01,3.736530e+01,3.736530e+01,3.736530e+01,3.736530e+01,3.736530e+01,3.736530e+01,3.736530e+01,3.736530e+01,3.736530e+01,3.736530e+01,3.736530e+01,3.736530e+01,3.736530e+01,3.736530e+01,3.736530e+01,3.736530e+01,3.736530e+01,3.736530e+01,3.680449e+01,3.700999e+01,3.711944e+01,3.711944e+01,3.711944e+01,3.711944e+01,3.677706e+01,3.674962e+01,3.662607e+01,3.662607e+01,3.662607e+01,3.662607e+01,3.662607e+01,3.662607e+01,3.662607e+01,3.662607e+01,3.662607e+01,3.662607e+01,3.662607e+01,3.662607e+01,3.662607e+01,3.662607e+01,3.662607e+01,3.662607e+01,3.662607e+01,3.662607e+01,3.662607e+01,3.662607e+01,3.662607e+01,3.662607e+01,3.662607e+01,3.662607e+01,3.662607e+01,3.662607e+01,3.662607e+01,3.662607e+01,3.662607e+01,3.718779e+01,3.707841e+01,3.707841e+01,3.707841e+01,3.707841e+01,3.707841e+01,3.707841e+01,3.707841e+01,3.707841e+01,3.707841e+01,3.707841e+01,3.707841e+01,3.707841e+01,3.707841e+01,3.707841e+01,3.707841e+01,3.707841e+01,3.707841e+01,3.707841e+01,3.707841e+01,3.707841e+01,3.707841e+01,3.707841e+01,3.707841e+01,3.707841e+01,3.707841e+01,3.707841e+01,3.707841e+01,3.707841e+01,3.707841e+01,3.707841e+01,3.707841e+01,3.707841e+01,3.707841e+01,3.707841e+01,3.707841e+01,3.707841e+01,3.707841e+01,3.707841e+01,3.707841e+01,3.707841e+01,3.707841e+01,3.707841e+01,3.707841e+01,3.707841e+01,3.707841e+01,3.707841e+01,3.707841e+01,3.707841e+01,3.707841e+01,3.707841e+01,3.763783e+01,3.717413e+01,3.752890e+01,3.752890e+01,3.752890e+01,3.752890e+01,3.752890e+01,3.752890e+01,3.752890e+01,3.752890e+01,3.756976e+01,3.777385e+01,3.788254e+01,3.788254e+01,3.788254e+01,3.788254e+01,3.788254e+01,3.788254e+01,3.788254e+01,3.788254e+01,3.788254e+01,3.800470e+01,3.797756e+01,3.797756e+01,3.853247e+01,3.842442e+01,3.786896e+01,3.797756e+01,3.797756e+01,3.797756e+01,3.797756e+01,3.797756e+01,3.797756e+01,3.797756e+01,3.797756e+01,3.797756e+01,3.797756e+01,3.797756e+01,3.797756e+01,3.797756e+01,3.797756e+01,3.741986e+01,3.762422e+01,3.782821e+01,3.793685e+01,3.737894e+01,3.758338e+01,3.778744e+01,3.789612e+01,3.800470e+01,3.744713e+01,3.765144e+01,3.785538e+01,3.776026e+01,3.762422e+01,3.818090e+01,3.807250e+01,3.807250e+01,3.751528e+01,3.771946e+01,3.771946e+01,3.771946e+01,3.771946e+01,3.771946e+01,3.771946e+01,3.771946e+01,3.797756e+01,3.795042e+01,3.800470e+01,3.790970e+01,3.790970e+01,3.832978e+01,3.832978e+01,3.832978e+01,3.832978e+01,3.832978e+01,3.832978e+01,3.832978e+01,3.832978e+01,3.832978e+01,3.832978e+01,3.832978e+01,3.832978e+01,3.884256e+01,3.884256e+01,3.884256e+01,3.884256e+01,3.884256e+01,3.884256e+01,3.884256e+01,3.884256e+01,3.884256e+01,3.884256e+01,3.884256e+01,3.884256e+01,3.884256e+01,3.940659e+01,3.952709e+01,3.950032e+01,3.960735e+01,3.975434e+01,3.996781e+01,3.996781e+01,3.996781e+01,3.996781e+01,3.996781e+01,4.056602e+01,4.051298e+01,4.061905e+01,4.061905e+01,4.061905e+01,4.116110e+01,4.105554e+01,4.120066e+01,4.126657e+01,4.126657e+01,4.180556e+01,4.183178e+01,4.192353e+01,4.210681e+01,4.210681e+01,4.243336e+01,4.269394e+01,4.274598e+01,4.290198e+01,4.314854e+01,4.344630e+01,4.370461e+01,4.375620e+01,4.400096e+01,4.430939e+01,4.456579e+01,4.471936e+01,4.471936e+01,4.516614e+01,4.544611e+01,4.554774e+01,4.575077e+01,4.594078e+01,4.633251e+01,4.671038e+01,4.684864e+01,4.684864e+01,4.736254e+01,4.778703e+01,4.811063e+01,4.823487e+01,4.898993e+01,4.919952e+01,4.958078e+01,4.981388e+01,5.008322e+01,5.046174e+01,5.144532e+01,5.159038e+01,5.230109e+01,5.231310e+01,5.278064e+01,5.342512e+01,5.350842e+01,5.393596e+01,5.478674e+01,5.502205e+01,5.535077e+01,5.611061e+01,5.636677e+01,5.702810e+01,5.725935e+01,5.752477e+01,5.787016e+01,5.812287e+01,5.877534e+01,5.928816e+01,5.911744e+01,5.919714e+01,5.982166e+01,5.973100e+01,5.973100e+01,6.019495e+01,6.018366e+01,6.034172e+01,6.082603e+01,6.065729e+01,6.089347e+01,6.142057e+01,6.125257e+01,6.162189e+01,6.163306e+01,6.166658e+01,6.166658e+01,6.212386e+01,6.213499e+01,6.216839e+01,6.216839e+01,6.216839e+01,6.262397e+01,6.265725e+01,6.265725e+01,6.265725e+01,6.265725e+01,6.265725e+01,6.265725e+01,6.265725e+01,6.265725e+01,6.265725e+01,6.265725e+01,6.262397e+01,6.245747e+01,6.236859e+01,6.236859e+01,6.236859e+01,6.236859e+01,6.236859e+01,6.236859e+01,6.236859e+01,6.191214e+01,6.233524e+01,6.200133e+01,6.168892e+01,6.176709e+01,6.109558e+01,6.114046e+01,6.076981e+01,6.033044e+01,5.995752e+01,6.007064e+01,5.960625e+01,5.911744e+01,5.868396e+01,5.827196e+01,5.785866e+01,5.764000e+01,5.721313e+01,5.656437e+01,5.619217e+01,5.621547e+01,5.578384e+01,5.512780e+01,5.488091e+01,5.455098e+01,5.455098e+01,5.423202e+01,5.404263e+01,5.374612e+01,5.334176e+01,5.334176e+01,5.280457e+01,5.304360e+01,5.275670e+01,5.251711e+01,5.242115e+01,5.218092e+01,5.190408e+01,5.161454e+01,5.161454e+01,5.125166e+01,5.100914e+01,5.075399e+01,5.075399e+01,5.075399e+01,5.075399e+01,5.005876e+01,5.005876e+01,5.005876e+01,5.005876e+01,5.005876e+01,4.953165e+01,4.953165e+01,4.953165e+01,4.953165e+01,4.902694e+01,4.912558e+01,4.912558e+01,4.861917e+01,4.865630e+01,4.869342e+01,4.856965e+01,4.856965e+01,4.856965e+01,4.806091e+01,4.779949e+01,4.779949e+01,4.830934e+01,4.812306e+01,4.802359e+01,4.792405e+01,4.792405e+01,4.741256e+01,4.742506e+01,4.736254e+01,4.733752e+01,4.733752e+01,4.733752e+01,4.733752e+01,4.733752e+01,4.733752e+01,4.733752e+01,4.692398e+01,4.692398e+01,4.692398e+01,4.692398e+01,4.692398e+01,4.692398e+01,4.692398e+01,4.692398e+01,4.692398e+01,4.692398e+01,4.692398e+01,4.650900e+01,4.650900e+01,4.650900e+01,4.650900e+01,4.650900e+01,4.650900e+01,4.650900e+01,4.650900e+01,4.650900e+01,4.650900e+01,4.650900e+01,4.650900e+01,4.650900e+01,4.650900e+01,4.650900e+01,4.650900e+01,4.650900e+01,4.650900e+01,4.650900e+01,4.650900e+01,4.650900e+01,4.650900e+01,4.650900e+01,4.650900e+01,4.650900e+01,4.650900e+01,4.650900e+01,4.650900e+01,4.702436e+01
3.778744e+01,3.834330e+01,3.838387e+01,3.838387e+01,3.838387e+01,3.838387e+01,3.838387e+01,3.838387e+01,3.838387e+01,3.838387e+01,3.838387e+01,3.838387e+01,3.838387e+01,3.838387e+01,3.869437e+01,3.869437e+01,3.869437e+01,3.869437e+01,3.869437e+01,3.924573e+01,3.901744e+01,3.912493e+01,3.912493e+01,3.912493e+01,3.912493e+01,3.912493e+01,3.912493e+01,3.967419e+01,3.972763e+01,3.972763e+01,3.972763e+01,3.972763e+01,3.972763e+01,3.972763e+01,3.972763e+01,3.972763e+01,3.972763e+01,3.972763e+01,3.972763e+01,3.972763e+01,3.972763e+01,3.972763e+01,3.972763e+01,4.000779e+01,4.000779e+01,4.000779e+01,4.000779e+01,4.000779e+01,4.000779e+01,4.000779e+01,4.000779e+01,4.000779e+01,4.000779e+01,4.000779e+01,4.000779e+01,4.000779e+01,4.000779e+01,4.000779e+01,4.000779e+01,4.000779e+01,4.000779e+01,4.000779e+01,4.000779e+01,4.000779e+01,4.000779e+01,4.000779e+01,4.000779e+01,4.000779e+01,4.000779e+01,4.000779e+01,4.000779e+01,4.000779e+01,4.000779e+01,4.000779e+01,4.000779e+01,4.000779e+01,4.000779e+01,4.000779e+01,4.000779e+01,4.000779e+01,4.000779e+01,4.000779e+01,4.000779e+01,4.000779e+01,4.000779e+01,4.000779e+01,4.000779e+01,4.000779e+01,4.000779e+01,4.000779e+01,4.000779e+01,4.000779e+01,4.000779e+01,4.000779e+01,4.000779e+01,3.966082e+01,3.966082e+01,3.966082e+01,3.966082e+01,3.966082e+01,3.966082e+01,3.966082e+01,3.966082e+01,3.911150e+01,3.921890e+01,3.921890e+01,3.921890e+01,3.921890e+01,3.921890e+01,3.921890e+01,3.921890e+01,3.921890e+01,3.921890e+01,3.921890e+01,3.866740e+01,3.877522e+01,3.869437e+01,3.866740e+01,3.866740e+01,3.866740e+01,3.866740e+01,3.866740e+01,3.866740e+01,3.866740e+01,3.866740e+01,3.866740e+01,3.866740e+01,3.820798e+01,3.820798e+01,3.820798e+01,3.820798e+01,3.820798e+01,3.820798e+01,3.820798e+01,3.820798e+01,3.820798e+01,3.820798e+01,3.820798e+01,3.820798e+01,3.820798e+01,3.820798e+01,3.785538e+01,3.785538e+01,3.785538e+01,3.785538e+01,3.785538e+01,3.785538e+01,3.785538e+01,3.785538e+01,3.785538e+01,3.752890e+01,3.752890e+01,3.752890e+01,3.752890e+01,3.752890e+01,3.752890e+01,3.752890e+01,3.752890e+01,3.752890e+01,3.698262e+01,3.698262e+01,3.698262e+01,3.698262e+01,3.698262e+01,3.698262e+01,3.698262e+01,3.698262e+01,3.698262e+01,3.698262e+01,3.698262e+01,3.698262e+01,3.698262e+01,3.698262e+01,3.698262e+01,3.698262e+01,3.698262e+01,3.698262e+01,3.698262e+01,3.698262e+01,3.698262e+01,3.698262e+01,3.698262e+01,3.698262e+01,3.698262e+01,3.698262e+01,3.698262e+01,3.698262e+01,3.698262e+01,3.698262e+01,3.698262e+01,3.698262e+01,3.698262e+01,3.698262e+01,3.698262e+01,3.698262e+01,3.754252e+01,3.761061e+01,3.705105e+01,3.716046e+01,3.716046e+01,3.716046e+01,3.716046e+01,3.716046e+01,3.716046e+01,3.716046e+01,3.716046e+01,3.716046e+01,3.716046e+01,3.716046e+01,3.716046e+01,3.716046e+01,3.716046e+01,3.716046e+01,3.716046e+01,3.716046e+01,3.716046e+01,3.716046e+01,3.716046e+01,3.716046e+01,3.716046e+01,3.716046e+01,3.716046e+01,3.716046e+01,3.662607e+01,3.662607e+01,3.662607e+01,3.662607e+01,3.662607e+01,3.662607e+01,3.662607e+01,3.662607e+01,3.662607e+01,3.662607e+01,3.662607e+01,3.662607e+01,3.662607e+01,3.662607e+01,3.662607e+01,3.662607e+01,3.662607e+01,3.662607e+01,3.662607e+01,3.662607e+01,3.662607e+01,3.662607e+01,3.662607e+01,3.662607e+01,3.662607e+01,3.662607e+01,3.662607e+01,3.662607e+01,3.718779e+01,3.666727e+01,3.687303e+01,3.687303e+01,3.687303e+01,3.687303e+01,3.687303e+01,3.687303e+01,3.687303e+01,3.687303e+01,3.687303e+01,3.687303e+01,3.687303e+01,3.687303e+01,3.687303e+01,3.687303e+01,3.687303e+01,3.687303e+01,3.687303e+01,3.687303e+01,3.687303e+01,3.687303e+01,3.687303e+01,3.687303e+01,3.687303e+01,3.687303e+01,3.687303e+01,3.687303e+01,3.687303e+01,3.687303e+01,3.687303e+01,3.687303e+01,3.687303e+01,3.687303e+01,3.687303e+01,3.687303e+01,3.687303e+01,3.687303e+01,3.687303e+01,3.687303e+01,3.687303e+01,3.687303e+01,3.687303e+01,3.687303e+01,3.687303e+01,3.687303e+01,3.687303e+01,3.687303e+01,3.687303e+01,3.743349e+01,3.732436e+01,3.703736e+01,3.716046e+01,3.725610e+01,3.751528e+01,3.751528e+01,3.751528e+01,3.751528e+01,3.751528e+01,3.751528e+01,3.751528e+01,3.751528e+01,3.807250e+01,3.786896e+01,3.786896e+01,3.786896e+01,3.786896e+01,3.786896e+01,3.786896e+01,3.786896e+01,3.786896e+01,3.786896e+01,3.786896e+01,3.786896e+01,3.786896e+01,3.786896e+01,3.786896e+01,3.786896e+01,3.786896e+01,3.786896e+01,3.786896e+01,3.786896e+01,3.786896e+01,3.786896e+01,3.786896e+01,3.786896e+01,3.786896e+01,3.786896e+01,3.786896e+01,3.786896e+01,3.786896e+01,3.786896e+01,3.786896e+01,3.786896e+01,3.786896e+01,3.786896e+01,3.786896e+01,3.737894e+01,3.737894e+01,3.737894e+01,3.737894e+01,3.737894e+01,3.737894e+01,3.793685e+01,3.782821e+01,3.782821e+01,3.782821e+01,3.782821e+01,3.782821e+01,3.782821e+01,3.751528e+01,3.751528e+01,3.751528e+01,3.751528e+01,3.751528e+01,3.751528e+01,3.751528e+01,3.751528e+01,3.751528e+01,3.751528e+01,3.751528e+01,3.790970e+01,3.807250e+01,3.776026e+01,3.796399e+01,3.807250e+01,3.807250e+01,3.807250e+01,3.807250e+01,3.807250e+01,3.807250e+01,3.807250e+01,3.807250e+01,3.807250e+01,3.807250e+01,3.828920e+01,3.849196e+01,3.859996e+01,3.859996e+01,3.859996e+01,3.859996e+01,3.859996e+01,3.859996e+01,3.859996e+01,3.859996e+01,3.915179e+01,3.904433e+01,3.931279e+01,3.943338e+01,3.943338e+01,3.943338e+01,3.943338e+01,3.943338e+01,3.996781e+01,3.996781e+01,3.996781e+01,3.996781e+01,3.996781e+01,4.056602e+01,4.056602e+01,4.056602e+01,4.056602e+01,4.056602e+01,4.061905e+01,4.081766e+01,4.120066e+01,4.120066e+01,4.120066e+01,4.180556e+01,4.180556e+01,4.180556e+01,4.210681e+01,4.226367e+01,4.242032e+01,4.242032e+01,4.274598e+01,4.327810e+01,4.335576e+01,4.343337e+01,4.343337e+01,4.375620e+01,4.415527e+01,4.429655e+01,4.456579e+01,4.508967e+01,4.465540e+01,4.547152e+01,4.549694e+01,4.549694e+01,4.601670e+01,4.609257e+01,4.643340e+01,4.669781e+01,4.721236e+01,4.729998e+01,4.768728e+01,4.791159e+01,4.860680e+01,4.861917e+01,4.892821e+01,4.928571e+01,5.007099e+01,5.005876e+01,5.068100e+01,5.092415e+01,5.146951e+01,5.183175e+01,5.209673e+01,5.234913e+01,5.319873e+01,5.344893e+01,5.423202e+01,5.453918e+01,5.481029e+01,5.564355e+01,5.587729e+01,5.630860e+01,5.650628e+01,5.730555e+01,5.737481e+01,5.808844e+01,5.824903e+01,5.847812e+01,5.899211e+01,5.910606e+01,5.957220e+01,5.958355e+01,5.984431e+01,6.030787e+01,6.031915e+01,6.034172e+01,6.080355e+01,6.081479e+01,6.084852e+01,6.128619e+01,6.105070e+01,6.170009e+01,6.161071e+01,6.156599e+01,6.202362e+01,6.185637e+01,6.209045e+01,6.214613e+01,6.260178e+01,6.243526e+01,6.234636e+01,6.257959e+01,6.264616e+01,6.264616e+01,6.264616e+01,6.264616e+01,6.264616e+01,6.264616e+01,6.264616e+01,6.264616e+01,6.264616e+01,6.264616e+01,6.264616e+01,6.310013e+01,6.276810e+01,6.259069e+01,6.259069e+01,6.259069e+01,6.259069e+01,6.259069e+01,6.259069e+01,6.259069e+01,6.236859e+01,6.229077e+01,6.190099e+01,6.214613e+01,6.193444e+01,6.188984e+01,6.167775e+01,6.081479e+01,6.089347e+01,6.031915e+01,6.021754e+01,5.982166e+01,5.940186e+01,5.904910e+01,5.871824e+01,5.808844e+01,5.762848e+01,5.728245e+01,5.723624e+01,5.690074e+01,5.620382e+01,5.585394e+01,5.533904e+01,5.498678e+01,5.466891e+01,5.450378e+01,5.424385e+01,5.388853e+01,5.360356e+01,5.353221e+01,5.328218e+01,5.299583e+01,5.287632e+01,5.276867e+01,5.276867e+01,5.242115e+01,5.201248e+01,5.228908e+01,5.215687e+01,5.198840e+01,5.128799e+01,5.137273e+01,5.127588e+01,5.109408e+01,5.099701e+01,5.074183e+01,5.025431e+01,5.025431e+01,5.025431e+01,5.025431e+01,4.975258e+01,4.959306e+01,4.959306e+01,4.959306e+01,4.959306e+01,4.902694e+01,4.902694e+01,4.902694e+01,4.902694e+01,4.902694e+01,4.869342e+01,4.869342e+01,4.818519e+01,4.809820e+01,4.835897e+01,4.825970e+01,4.827211e+01,4.782441e+01,4.801115e+01,4.801115e+01,4.801115e+01,4.801115e+01,4.792405e+01,4.773717e+01,4.757497e+01,4.757497e+01,4.757497e+01,4.757497e+01,4.757497e+01,4.706199e+01,4.716225e+01,4.741256e+01,4.719983e+01,4.709959e+01,4.709959e+01,4.709959e+01,4.709959e+01,4.709959e+01,4.709959e+01,4.709959e+01,4.658456e+01,4.668523e+01,4.694908e+01,4.673553e+01,4.673553e+01,4.673553e+01,4.673553e+01,4.673553e+01,4.621892e+01,4.631990e+01,4.631990e+01,4.631990e+01,4.631990e+01,4.631990e+01,4.683607e+01,4.673553e+01,4.673553e+01,4.673553e+01,4.673553e+01,4.673553e+01,4.673553e+01,4.673553e+01,4.673553e+01,4.673553e+01,4.673553e+01,4.673553e+01,4.673553e+01,4.673553e+01,4.673553e+01,4.673553e+01,4.673553e+01,4.673553e+01
3.804538e+01,3.812671e+01,3.812671e+01,3.812671e+01,3.812671e+01,3.812671e+01,3.812671e+01,3.812671e+01,3.868088e+01,3.857297e+01,3.857297e+01,3.857297e+01,3.857297e+01,3.857297e+01,3.857297e+01,3.857297e+01,3.912493e+01,3.901744e+01,3.911150e+01,3.917863e+01,3.917863e+01,3.917863e+01,3.917863e+01,3.917863e+01,3.917863e+01,3.917863e+01,3.917863e+01,3.967419e+01,3.967419e+01,3.967419e+01,3.967419e+01,3.967419e+01,3.967419e+01,3.967419e+01,3.967419e+01,3.967419e+01,3.967419e+01,3.967419e+01,3.967419e+01,4.022078e+01,4.002111e+01,3.991448e+01,4.008770e+01,4.011433e+01,4.011433e+01,4.011433e+01,4.011433e+01,4.011433e+01,4.011433e+01,4.011433e+01,4.011433e+01,4.011433e+01,4.011433e+01,4.011433e+01,4.011433e+01,3.956723e+01,3.976770e+01,3.976770e+01,3.976770e+01,3.976770e+01,3.976770e+01,3.976770e+01,3.976770e+01,3.976770e+01,3.976770e+01,3.976770e+01,3.976770e+01,3.976770e+01,3.976770e+01,3.976770e+01,4.031383e+01,4.020747e+01,4.020747e+01,4.020747e+01,4.020747e+01,4.020747e+01,4.020747e+01,4.020747e+01,4.020747e+01,4.020747e+01,4.020747e+01,4.020747e+01,4.020747e+01,4.020747e+01,4.020747e+01,4.020747e+01,3.966082e+01,4.031383e+01,4.019417e+01,3.964746e+01,3.976770e+01,3.976770e+01,3.976770e+01,3.976770e+01,3.976770e+01,3.976770e+01,3.976770e+01,3.976770e+01,3.976770e+01,3.976770e+01,3.976770e+01,3.976770e+01,3.921890e+01,3.964746e+01,3.944677e+01,3.944677e+01,3.944677e+01,3.944677e+01,3.944677e+01,3.944677e+01,3.889640e+01,3.901744e+01,3.901744e+01,3.901744e+01,3.901744e+01,3.901744e+01,3.901744e+01,3.901744e+01,3.901744e+01,3.901744e+01,3.866740e+01,3.866740e+01,3.866740e+01,3.866740e+01,3.866740e+01,3.866740e+01,3.866740e+01,3.866740e+01,3.820798e+01,3.820798e+01,3.820798e+01,3.820798e+01,3.820798e+01,3.820798e+01,3.820798e+01,3.820798e+01,3.820798e+01,3.820798e+01,3.820798e+01,3.820798e+01,3.820798e+01,3.820798e+01,3.820798e+01,3.820798e+01,3.785538e+01,3.785538e+01,3.785538e+01,3.785538e+01,3.785538e+01,3.785538e+01,3.785538e+01,3.785538e+01,3.785538e+01,3.785538e+01,3.785538e+01,3.752890e+01,3.752890e+01,3.752890e+01,3.752890e+01,3.698262e+01,3.698262e+01,3.754252e+01,3.733801e+01,3.721512e+01,3.721512e+01,3.665354e+01,3.677706e+01,3.677706e+01,3.677706e+01,3.677706e+01,3.677706e+01,3.677706e+01,3.677706e+01,3.677706e+01,3.677706e+01,3.677706e+01,3.677706e+01,3.677706e+01,3.677706e+01,3.677706e+01,3.677706e+01,3.677706e+01,3.677706e+01,3.677706e+01,3.677706e+01,3.733801e+01,3.721512e+01,3.721512e+01,3.721512e+01,3.721512e+01,3.721512e+01,3.721512e+01,3.721512e+01,3.721512e+01,3.721512e+01,3.721512e+01,3.721512e+01,3.721512e+01,3.721512e+01,3.721512e+01,3.721512e+01,3.721512e+01,3.721512e+01,3.721512e+01,3.721512e+01,3.721512e+01,3.721512e+01,3.721512e+01,3.721512e+01,3.721512e+01,3.721512e+01,3.721512e+01,3.721512e+01,3.721512e+01,3.721512e+01,3.721512e+01,3.721512e+01,3.721512e+01,3.721512e+01,3.721512e+01,3.721512e+01,3.721512e+01,3.721512e+01,3.662607e+01,3.662607e+01,3.662607e+01,3.662607e+01,3.662607e+01,3.662607e+01,3.662607e+01,3.662607e+01,3.662607e+01,3.662607e+01,3.662607e+01,3.662607e+01,3.662607e+01,3.662607e+01,3.662607e+01,3.662607e+01,3.662607e+01,3.662607e+01,3.662607e+01,3.662607e+01,3.662607e+01,3.662607e+01,3.662607e+01,3.662607e+01,3.662607e+01,3.662607e+01,3.718779e+01,3.663980e+01,3.731071e+01,3.700999e+01,3.688674e+01,3.688674e+01,3.688674e+01,3.688674e+01,3.688674e+01,3.688674e+01,3.688674e+01,3.688674e+01,3.688674e+01,3.688674e+01,3.688674e+01,3.688674e+01,3.688674e+01,3.688674e+01,3.688674e+01,3.688674e+01,3.688674e+01,3.688674e+01,3.688674e+01,3.688674e+01,3.688674e+01,3.688674e+01,3.688674e+01,3.688674e+01,3.688674e+01,3.688674e+01,3.688674e+01,3.688674e+01,3.688674e+01,3.688674e+01,3.688674e+01,3.688674e+01,3.688674e+01,3.688674e+01,3.688674e+01,3.688674e+01,3.688674e+01,3.688674e+01,3.688674e+01,3.688674e+01,3.688674e+01,3.688674e+01,3.688674e+01,3.688674e+01,3.688674e+01,3.688674e+01,3.688674e+01,3.688674e+01,3.688674e+01,3.744713e+01,3.732436e+01,3.732436e+01,3.732436e+01,3.732436e+01,3.732436e+01,3.732436e+01,3.732436e+01,3.732436e+01,3.788254e+01,3.797756e+01,3.752890e+01,3.773306e+01,3.773306e+01,3.773306e+01,3.773306e+01,3.773306e+01,3.773306e+01,3.773306e+01,3.773306e+01,3.773306e+01,3.773306e+01,3.773306e+01,3.828920e+01,3.816735e+01,3.804538e+01,3.804538e+01,3.804538e+01,3.804538e+01,3.804538e+01,3.804538e+01,3.804538e+01,3.804538e+01,3.804538e+01,3.748802e+01,3.761061e+01,3.761061e+01,3.761061e+01,3.761061e+01,3.761061e+01,3.761061e+01,3.761061e+01,3.761061e+01,3.761061e+01,3.761061e+01,3.761061e+01,3.761061e+01,3.761061e+01,3.761061e+01,3.761061e+01,3.761061e+01,3.761061e+01,3.761061e+01,3.761061e+01,3.761061e+01,3.761061e+01,3.761061e+01,3.761061e+01,3.761061e+01,3.761061e+01,3.761061e+01,3.761061e+01,3.761061e+01,3.761061e+01,3.761061e+01,3.761061e+01,3.761061e+01,3.761061e+01,3.761061e+01,3.761061e+01,3.761061e+01,3.761061e+01,3.761061e+01,3.796399e+01,3.796399e+01,3.796399e+01,3.796399e+01,3.796399e+01,3.796399e+01,3.796399e+01,3.796399e+01,3.796399e+01,3.851897e+01,3.831625e+01,3.831625e+01,3.831625e+01,3.831625e+01,3.831625e+01,3.831625e+01,3.831625e+01,3.859996e+01,3.859996e+01,3.859996e+01,3.859996e+01,3.915179e+01,3.915179e+01,3.915179e+01,3.915179e+01,3.943338e+01,3.943338e+01,3.998114e+01,3.944677e+01,3.975434e+01,3.975434e+01,3.975434e+01,4.030054e+01,4.039353e+01,4.049971e+01,4.049971e+01,4.049971e+01,4.104234e+01,4.084412e+01,4.072502e+01,4.098951e+01,4.118748e+01,4.118748e+01,4.172684e+01,4.180556e+01,4.180556e+01,4.180556e+01,4.210681e+01,4.210681e+01,4.242032e+01,4.312261e+01,4.283701e+01,4.307073e+01,4.335576e+01,4.335576e+01,4.388509e+01,4.406528e+01,4.418097e+01,4.447611e+01,4.471936e+01,4.468099e+01,4.538253e+01,4.547152e+01,4.547152e+01,4.599140e+01,4.601670e+01,4.626942e+01,4.653419e+01,4.684864e+01,4.701182e+01,4.778703e+01,4.781195e+01,4.814791e+01,4.840858e+01,4.911326e+01,4.928571e+01,4.959306e+01,5.000982e+01,5.024210e+01,5.098487e+01,5.106982e+01,5.132432e+01,5.227707e+01,5.244515e+01,5.274473e+01,5.291219e+01,5.372237e+01,5.435025e+01,5.512780e+01,5.533904e+01,5.564355e+01,5.609895e+01,5.661081e+01,5.716690e+01,5.730555e+01,5.759392e+01,5.792764e+01,5.871824e+01,5.871824e+01,5.940186e+01,5.940186e+01,5.952680e+01,5.971967e+01,5.998016e+01,6.061226e+01,6.051087e+01,6.072482e+01,6.080355e+01,6.126378e+01,6.126378e+01,6.120774e+01,6.172243e+01,6.172243e+01,6.217952e+01,6.213499e+01,6.213499e+01,6.214613e+01,6.216839e+01,6.237970e+01,6.255740e+01,6.255740e+01,6.255740e+01,6.255740e+01,6.301167e+01,6.284565e+01,6.284565e+01,6.284565e+01,6.284565e+01,6.284565e+01,6.284565e+01,6.284565e+01,6.284565e+01,6.284565e+01,6.284565e+01,6.284565e+01,6.284565e+01,6.284565e+01,6.284565e+01,6.284565e+01,6.284565e+01,6.284565e+01,6.284565e+01,6.259069e+01,6.259069e+01,6.229077e+01,6.223516e+01,6.225740e+01,6.225740e+01,6.225740e+01,6.213499e+01,6.151008e+01,6.128619e+01,6.094965e+01,6.062352e+01,6.018366e+01,5.991225e+01,5.949274e+01,5.901490e+01,5.846668e+01,5.801955e+01,5.770909e+01,5.750171e+01,5.708595e+01,5.652952e+01,5.609895e+01,5.573709e+01,5.531559e+01,5.515129e+01,5.482206e+01,5.460996e+01,5.430297e+01,5.405447e+01,5.381735e+01,5.361544e+01,5.348463e+01,5.318681e+01,5.297194e+01,5.278064e+01,5.228908e+01,5.237314e+01,5.239715e+01,5.190408e+01,5.181969e+01,5.144532e+01,5.094844e+01,5.113046e+01,5.113046e+01,5.113046e+01,5.074183e+01,5.041297e+01,5.041297e+01,5.041297e+01,4.991189e+01,4.980162e+01,4.980162e+01,4.980162e+01,4.980162e+01,4.929802e+01,4.907627e+01,4.907627e+01,4.907627e+01,4.907627e+01,4.907627e+01,4.869342e+01,4.845816e+01,4.885411e+01,4.824728e+01,4.834657e+01,4.834657e+01,4.834657e+01,4.782441e+01,4.782441e+01,4.782441e+01,4.782441e+01,4.782441e+01,4.782441e+01,4.782441e+01,4.782441e+01,4.731250e+01,4.742506e+01,4.742506e+01,4.742506e+01,4.742506e+01,4.742506e+01,4.691143e+01,4.709959e+01,4.709959e+01,4.709959e+01,4.709959e+01,4.709959e+01,4.709959e+01,4.709959e+01,4.709959e+01,4.658456e+01,4.688631e+01,4.693653e+01,4.693653e+01,4.642079e+01,4.653419e+01,4.653419e+01,4.653419e+01,4.653419e+01,4.653419e+01,4.653419e+01,4.653419e+01,4.653419e+01,4.653419e+01,4.653419e+01,4.653419e+01,4.653419e+01,4.653419e+01,4.653419e+01,4.653419e+01,4.653419e+01,4.704945e+01,4.693653e+01,4.693653e+01,4.693653e+01,4.693653e+01,4.693653e+01,4.693653e+01,4.693653e+01,4.693653e+01,4.693653e+01,4.693653e+01
3.804538e+01,3.804538e+01,3.804538e+01,3.804538e+01,3.804538e+01,3.859996e+01,3.839738e+01,3.865392e+01,3.868088e+01,3.868088e+01,3.868088e+01,3.868088e+01,3.868088e+01,3.868088e+01,3.868088e+01,3.868088e+01,3.912493e+01,3.912493e+01,3.912493e+01,3.912493e+01,3.912493e+01,3.912493e+01,3.912493e+01,3.912493e+01,3.912493e+01,3.912493e+01,3.967419e+01,3.967419e+01,3.967419e+01,3.967419e+01,3.967419e+01,3.967419e+01,3.967419e+01,3.967419e+01,3.967419e+01,3.967419e+01,3.967419e+01,3.967419e+01,4.022078e+01,4.022078e+01,4.022078e+01,4.022078e+01,4.022078e+01,4.022078e+01,4.022078e+01,4.022078e+01,4.022078e+01,4.022078e+01,4.022078e+01,4.022078e+01,4.022078e+01,4.022078e+01,4.022078e+01,3.967419e+01,3.967419e+01,4.011433e+01,3.991448e+01,3.991448e+01,3.991448e+01,3.991448e+01,3.991448e+01,3.991448e+01,3.991448e+01,3.991448e+01,3.991448e+01,3.991448e+01,3.991448e+01,3.991448e+01,3.991448e+01,3.991448e+01,3.991448e+01,3.991448e+01,3.991448e+01,3.991448e+01,3.991448e+01,3.991448e+01,3.991448e+01,3.991448e+01,3.991448e+01,3.991448e+01,3.991448e+01,3.991448e+01,3.991448e+01,3.991448e+01,3.991448e+01,3.991448e+01,3.991448e+01,3.991448e+01,3.991448e+01,3.991448e+01,3.991448e+01,3.991448e+01,3.991448e+01,3.991448e+01,3.991448e+01,3.991448e+01,3.936640e+01,3.948694e+01,3.960735e+01,3.960735e+01,3.960735e+01,3.960735e+01,3.960735e+01,3.960735e+01,3.960735e+01,3.960735e+01,3.960735e+01,3.905777e+01,3.917863e+01,3.947355e+01,3.911150e+01,3.911150e+01,3.911150e+01,3.911150e+01,3.911150e+01,3.911150e+01,3.911150e+01,3.911150e+01,3.911150e+01,3.911150e+01,3.911150e+01,3.866740e+01,3.866740e+01,3.866740e+01,3.866740e+01,3.866740e+01,3.866740e+01,3.866740e+01,3.866740e+01,3.866740e+01,3.820798e+01,3.820798e+01,3.820798e+01,3.820798e+01,3.820798e+01,3.820798e+01,3.820798e+01,3.820798e+01,3.820798e+01,3.820798e+01,3.820798e+01,3.820798e+01,3.820798e+01,3.820798e+01,3.820798e+01,3.820798e+01,3.820798e+01,3.785538e+01,3.785538e+01,3.785538e+01,3.785538e+01,3.785538e+01,3.785538e+01,3.785538e+01,3.785538e+01,3.785538e+01,3.752890e+01,3.752890e+01,3.752890e+01,3.752890e+01,3.698262e+01,3.735165e+01,3.735165e+01,3.735165e+01,3.735165e+01,3.735165e+01,3.733801e+01,3.713311e+01,3.700999e+01,3.700999e+01,3.700999e+01,3.700999e+01,3.700999e+01,3.700999e+01,3.700999e+01,3.700999e+01,3.700999e+01,3.700999e+01,3.700999e+01,3.700999e+01,3.700999e+01,3.700999e+01,3.700999e+01,3.700999e+01,3.700999e+01,3.700999e+01,3.700999e+01,3.700999e+01,3.700999e+01,3.700999e+01,3.700999e+01,3.700999e+01,3.700999e+01,3.700999e+01,3.756976e+01,3.744713e+01,3.744713e+01,3.744713e+01,3.744713e+01,3.744713e+01,3.744713e+01,3.744713e+01,3.744713e+01,3.744713e+01,3.744713e+01,3.744713e+01,3.744713e+01,3.744713e+01,3.800470e+01,3.724244e+01,3.780103e+01,3.758338e+01,3.746076e+01,3.746076e+01,3.746076e+01,3.746076e+01,3.746076e+01,3.746076e+01,3.746076e+01,3.746076e+01,3.690044e+01,3.702368e+01,3.677706e+01,3.668100e+01,3.668100e+01,3.668100e+01,3.668100e+01,3.668100e+01,3.668100e+01,3.668100e+01,3.668100e+01,3.668100e+01,3.668100e+01,3.668100e+01,3.668100e+01,3.668100e+01,3.668100e+01,3.668100e+01,3.668100e+01,3.668100e+01,3.668100e+01,3.668100e+01,3.668100e+01,3.668100e+01,3.668100e+01,3.668100e+01,3.668100e+01,3.724244e+01,3.724244e+01,3.717413e+01,3.707841e+01,3.713311e+01,3.702368e+01,3.702368e+01,3.702368e+01,3.702368e+01,3.702368e+01,3.702368e+01,3.702368e+01,3.702368e+01,3.702368e+01,3.702368e+01,3.702368e+01,3.702368e+01,3.702368e+01,3.702368e+01,3.702368e+01,3.702368e+01,3.702368e+01,3.702368e+01,3.702368e+01,3.702368e+01,3.702368e+01,3.702368e+01,3.702368e+01,3.702368e+01,3.702368e+01,3.702368e+01,3.702368e+01,3.702368e+01,3.702368e+01,3.702368e+01,3.702368e+01,3.702368e+01,3.702368e+01,3.702368e+01,3.702368e+01,3.702368e+01,3.702368e+01,3.702368e+01,3.702368e+01,3.702368e+01,3.702368e+01,3.702368e+01,3.702368e+01,3.702368e+01,3.702368e+01,3.702368e+01,3.702368e+01,3.702368e+01,3.702368e+01,3.702368e+01,3.744713e+01,3.744713e+01,3.744713e+01,3.744713e+01,3.744713e+01,3.744713e+01,3.744713e+01,3.744713e+01,3.744713e+01,3.744713e+01,3.744713e+01,3.800470e+01,3.778744e+01,3.778744e+01,3.778744e+01,3.778744e+01,3.778744e+01,3.778744e+01,3.778744e+01,3.778744e+01,3.778744e+01,3.778744e+01,3.778744e+01,3.778744e+01,3.778744e+01,3.778744e+01,3.778744e+01,3.778744e+01,3.778744e+01,3.778744e+01,3.778744e+01,3.778744e+01,3.778744e+01,3.778744e+01,3.778744e+01,3.778744e+01,3.778744e+01,3.778744e+01,3.778744e+01,3.778744e+01,3.778744e+01,3.778744e+01,3.778744e+01,3.778744e+01,3.722878e+01,3.735165e+01,3.735165e+01,3.735165e+01,3.735165e+01,3.735165e+01,3.735165e+01,3.735165e+01,3.735165e+01,3.735165e+01,3.735165e+01,3.735165e+01,3.735165e+01,3.735165e+01,3.735165e+01,3.735165e+01,3.735165e+01,3.735165e+01,3.735165e+01,3.735165e+01,3.735165e+01,3.735165e+01,3.735165e+01,3.735165e+01,3.735165e+01,3.735165e+01,3.790970e+01,3.778744e+01,3.744713e+01,3.778744e+01,3.778744e+01,3.778744e+01,3.778744e+01,3.778744e+01,3.778744e+01,3.778744e+01,3.778744e+01,3.834330e+01,3.790970e+01,3.812671e+01,3.812671e+01,3.812671e+01,3.812671e+01,3.868088e+01,3.855947e+01,3.876175e+01,3.878869e+01,3.878869e+01,3.878869e+01,3.878869e+01,3.878869e+01,3.878869e+01,3.878869e+01,3.915179e+01,3.941999e+01,3.966082e+01,3.955385e+01,3.962072e+01,3.974099e+01,3.974099e+01,3.974099e+01,4.030054e+01,4.030054e+01,4.030054e+01,4.030054e+01,4.030054e+01,4.049971e+01,4.071178e+01,4.071178e+01,4.098951e+01,4.152981e+01,4.162180e+01,4.171371e+01,4.171371e+01,4.171371e+01,4.225061e+01,4.227673e+01,4.247248e+01,4.279800e+01,4.295393e+01,4.285000e+01,4.326514e+01,4.334282e+01,4.357553e+01,4.370461e+01,4.406528e+01,4.437354e+01,4.446329e+01,4.498763e+01,4.503866e+01,4.531893e+01,4.531893e+01,4.583948e+01,4.592812e+01,4.644600e+01,4.642079e+01,4.666007e+01,4.735003e+01,4.735003e+01,4.772470e+01,4.793649e+01,4.827211e+01,4.855727e+01,4.894056e+01,4.929802e+01,4.974032e+01,5.033977e+01,5.042516e+01,5.082695e+01,5.159038e+01,5.180764e+01,5.226505e+01,5.262498e+01,5.323450e+01,5.372237e+01,5.403078e+01,5.457458e+01,5.497503e+01,5.585394e+01,5.606398e+01,5.640166e+01,5.683121e+01,5.749018e+01,5.755935e+01,5.773211e+01,5.806548e+01,5.858108e+01,5.878675e+01,5.926542e+01,5.973100e+01,6.009325e+01,6.007064e+01,6.035300e+01,6.060099e+01,6.060099e+01,6.106192e+01,6.114046e+01,6.120774e+01,6.166658e+01,6.162189e+01,6.171126e+01,6.191214e+01,6.204590e+01,6.204590e+01,6.250189e+01,6.232413e+01,6.232413e+01,6.277918e+01,6.260178e+01,6.260178e+01,6.260178e+01,6.305591e+01,6.304485e+01,6.304485e+01,6.304485e+01,6.304485e+01,6.304485e+01,6.304485e+01,6.304485e+01,6.304485e+01,6.304485e+01,6.304485e+01,6.304485e+01,6.304485e+01,6.304485e+01,6.304485e+01,6.304485e+01,6.304485e+01,6.304485e+01,6.259069e+01,6.297848e+01,6.271268e+01,6.252410e+01,6.273486e+01,6.250189e+01,6.241304e+01,6.241304e+01,6.241304e+01,6.213499e+01,6.210159e+01,6.172243e+01,6.131980e+01,6.084852e+01,6.054467e+01,6.019495e+01,5.985564e+01,5.945866e+01,5.886665e+01,5.843234e+01,5.815729e+01,5.772060e+01,5.737481e+01,5.690074e+01,5.662242e+01,5.611061e+01,5.556164e+01,5.536249e+01,5.503381e+01,5.462175e+01,5.468070e+01,5.410184e+01,5.410184e+01,5.361544e+01,5.328218e+01,5.318681e+01,5.318681e+01,5.278064e+01,5.244515e+01,5.244515e+01,5.244515e+01,5.190408e+01,5.161454e+01,5.179558e+01,5.165076e+01,5.096059e+01,5.096059e+01,5.096059e+01,5.096059e+01,5.041297e+01,5.041297e+01,5.041297e+01,5.041297e+01,4.980162e+01,4.980162e+01,4.980162e+01,4.980162e+01,4.929802e+01,4.929802e+01,4.929802e+01,4.929802e+01,4.879233e+01,4.873052e+01,4.866867e+01,4.866867e+01,4.860680e+01,4.840858e+01,4.840858e+01,4.840858e+01,4.789914e+01,4.783687e+01,4.783687e+01,4.783687e+01,4.783687e+01,4.783687e+01,4.783687e+01,4.783687e+01,4.783687e+01,4.731250e+01,4.731250e+01,4.731250e+01,4.731250e+01,4.731250e+01,4.731250e+01,4.731250e+01,4.731250e+01,4.731250e+01,4.731250e+01,4.679838e+01,4.689887e+01,4.689887e+01,4.689887e+01,4.689887e+01,4.689887e+01,4.689887e+01,4.689887e+01,4.689887e+01,4.689887e+01,4.689887e+01,4.689887e+01,4.653419e+01,4.653419e+01,4.653419e+01,4.653419e+01,4.653419e+01,4.653419e+01,4.653419e+01,4.653419e+01,4.653419e+01,4.653419e+01,4.653419e+01,4.653419e+01,4.704945e+01,4.706199e+01,4.704945e+01,4.704945e+01,4.704945e+01,4.704945e+01,4.704945e+01,4.704945e+01,4.704945e+01,4.704945e+01,4.704945e+01,4.704945e+01,4.704945e+01
3.804538e+01,3.804538e+01,3.804538e+01,3.804538e+01,3.804538e+01,3.859996e+01,3.859996e+01,3.859996e+01,3.859996e+01,3.859996e+01,3.859996e+01,3.859996e+01,3.859996e+01,3.859996e+01,3.859996e+01,3.915179e+01,3.913836e+01,3.913836e+01,3.913836e+01,3.913836e+01,3.913836e+01,3.913836e+01,3.913836e+01,3.913836e+01,3.913836e+01,3.913836e+01,3.967419e+01,3.967419e+01,3.967419e+01,3.967419e+01,3.967419e+01,3.967419e+01,3.967419e+01,3.967419e+01,3.967419e+01,3.967419e+01,4.022078e+01,4.023407e+01,4.022078e+01,4.022078e+01,4.022078e+01,4.022078e+01,4.022078e+01,4.022078e+01,4.022078e+01,4.022078e+01,4.022078e+01,4.022078e+01,4.022078e+01,4.022078e+01,4.022078e+01,4.022078e+01,4.022078e+01,3.967419e+01,3.991448e+01,3.994115e+01,3.994115e+01,3.994115e+01,3.994115e+01,3.994115e+01,3.994115e+01,3.994115e+01,3.994115e+01,3.994115e+01,3.994115e+01,3.994115e+01,3.994115e+01,3.994115e+01,3.994115e+01,3.994115e+01,3.994115e+01,3.994115e+01,3.994115e+01,3.994115e+01,3.994115e+01,3.994115e+01,3.994115e+01,3.994115e+01,3.994115e+01,3.994115e+01,3.994115e+01,3.994115e+01,3.994115e+01,3.994115e+01,3.994115e+01,3.994115e+01,3.994115e+01,3.994115e+01,3.994115e+01,3.994115e+01,3.994115e+01,3.994115e+01,3.994115e+01,3.994115e+01,3.994115e+01,3.994115e+01,3.936640e+01,3.991448e+01,3.980775e+01,3.980775e+01,3.980775e+01,3.980775e+01,3.925914e+01,3.936640e+01,3.936640e+01,3.936640e+01,3.936640e+01,3.936640e+01,3.936640e+01,3.936640e+01,3.936640e+01,3.936640e+01,3.936640e+01,3.936640e+01,3.881563e+01,3.892331e+01,3.892331e+01,3.892331e+01,3.892331e+01,3.892331e+01,3.892331e+01,3.892331e+01,3.892331e+01,3.837035e+01,3.847846e+01,3.847846e+01,3.847846e+01,3.847846e+01,3.847846e+01,3.847846e+01,3.847846e+01,3.847846e+01,3.847846e+01,3.847846e+01,3.792327e+01,3.803182e+01,3.803182e+01,3.803182e+01,3.803182e+01,3.803182e+01,3.803182e+01,3.803182e+01,3.803182e+01,3.803182e+01,3.803182e+01,3.803182e+01,3.803182e+01,3.803182e+01,3.803182e+01,3.803182e+01,3.803182e+01,3.747440e+01,3.758338e+01,3.758338e+01,3.758338e+01,3.758338e+01,3.758338e+01,3.758338e+01,3.758338e+01,3.758338e+01,3.754252e+01,3.756976e+01,3.756976e+01,3.756976e+01,3.756976e+01,3.700999e+01,3.711944e+01,3.711944e+01,3.711944e+01,3.711944e+01,3.711944e+01,3.711944e+01,3.711944e+01,3.711944e+01,3.711944e+01,3.711944e+01,3.711944e+01,3.711944e+01,3.711944e+01,3.711944e+01,3.711944e+01,3.711944e+01,3.711944e+01,3.711944e+01,3.711944e+01,3.711944e+01,3.711944e+01,3.711944e+01,3.711944e+01,3.711944e+01,3.711944e+01,3.711944e+01,3.711944e+01,3.711944e+01,3.711944e+01,3.744713e+01,3.744713e+01,3.744713e+01,3.744713e+01,3.744713e+01,3.744713e+01,3.744713e+01,3.744713e+01,3.744713e+01,3.744713e+01,3.800470e+01,3.721512e+01,3.746076e+01,3.756976e+01,3.747440e+01,3.762422e+01,3.762422e+01,3.762422e+01,3.762422e+01,3.762422e+01,3.762422e+01,3.762422e+01,3.762422e+01,3.706473e+01,3.752890e+01,3.714679e+01,3.714679e+01,3.714679e+01,3.714679e+01,3.714679e+01,3.714679e+01,3.714679e+01,3.668100e+01,3.668100e+01,3.668100e+01,3.668100e+01,3.668100e+01,3.668100e+01,3.668100e+01,3.668100e+01,3.668100e+01,3.668100e+01,3.668100e+01,3.668100e+01,3.668100e+01,3.668100e+01,3.668100e+01,3.668100e+01,3.724244e+01,3.699631e+01,3.688674e+01,3.713311e+01,3.722878e+01,3.722878e+01,3.722878e+01,3.722878e+01,3.722878e+01,3.722878e+01,3.722878e+01,3.722878e+01,3.722878e+01,3.722878e+01,3.722878e+01,3.722878e+01,3.722878e+01,3.722878e+01,3.722878e+01,3.722878e+01,3.722878e+01,3.722878e+01,3.722878e+01,3.722878e+01,3.722878e+01,3.722878e+01,3.722878e+01,3.722878e+01,3.722878e+01,3.722878e+01,3.722878e+01,3.722878e+01,3.722878e+01,3.722878e+01,3.722878e+01,3.666727e+01,3.677706e+01,3.677706e+01,3.677706e+01,3.677706e+01,3.677706e+01,3.677706e+01,3.677706e+01,3.677706e+01,3.677706e+01,3.677706e+01,3.677706e+01,3.677706e+01,3.677706e+01,3.677706e+01,3.677706e+01,3.677706e+01,3.677706e+01,3.677706e+01,3.677706e+01,3.677706e+01,3.733801e+01,3.722878e+01,3.746076e+01,3.748802e+01,3.748802e+01,3.748802e+01,3.748802e+01,3.748802e+01,3.748802e+01,3.748802e+01,3.748802e+01,3.748802e+01,3.748802e+01,3.748802e+01,3.748802e+01,3.748802e+01,3.778744e+01,3.778744e+01,3.778744e+01,3.778744e+01,3.778744e+01,3.778744e+01,3.778744e+01,3.778744e+01,3.778744e+01,3.778744e+01,3.778744e+01,3.778744e+01,3.778744e+01,3.778744e+01,3.778744e+01,3.778744e+01,3.778744e+01,3.778744e+01,3.778744e+01,3.778744e+01,3.778744e+01,3.778744e+01,3.778744e+01,3.778744e+01,3.778744e+01,3.778744e+01,3.778744e+01,3.722878e+01,3.747440e+01,3.758338e+01,3.733801e+01,3.724244e+01,3.724244e+01,3.724244e+01,3.724244e+01,3.724244e+01,3.724244e+01,3.724244e+01,3.724244e+01,3.724244e+01,3.724244e+01,3.724244e+01,3.724244e+01,3.724244e+01,3.724244e+01,3.724244e+01,3.724244e+01,3.724244e+01,3.724244e+01,3.724244e+01,3.724244e+01,3.724244e+01,3.780103e+01,3.755614e+01,3.755614e+01,3.755614e+01,3.755614e+01,3.755614e+01,3.755614e+01,3.755614e+01,3.755614e+01,3.755614e+01,3.811316e+01,3.800470e+01,3.800470e+01,3.800470e+01,3.800470e+01,3.800470e+01,3.800470e+01,3.800470e+01,3.800470e+01,3.800470e+01,3.800470e+01,3.855947e+01,3.861345e+01,3.805894e+01,3.850547e+01,3.850547e+01,3.850547e+01,3.850547e+01,3.850547e+01,3.878869e+01,3.878869e+01,3.933960e+01,3.936640e+01,3.936640e+01,3.936640e+01,3.991448e+01,3.980775e+01,3.980775e+01,3.980775e+01,4.035369e+01,4.034040e+01,4.034040e+01,4.034040e+01,4.034040e+01,4.034040e+01,4.088379e+01,4.077797e+01,4.100272e+01,4.133244e+01,4.146405e+01,4.146405e+01,4.146405e+01,4.200212e+01,4.208064e+01,4.218526e+01,4.218526e+01,4.247248e+01,4.279800e+01,4.279800e+01,4.332988e+01,4.335576e+01,4.335576e+01,4.335576e+01,4.423236e+01,4.441201e+01,4.443766e+01,4.469378e+01,4.482163e+01,4.508967e+01,4.531893e+01,4.554774e+01,4.567467e+01,4.599140e+01,4.628204e+01,4.628204e+01,4.666007e+01,4.718731e+01,4.740005e+01,4.772470e+01,4.763738e+01,4.843337e+01,4.866867e+01,4.905161e+01,4.943334e+01,5.016879e+01,5.032756e+01,5.063231e+01,5.126377e+01,5.157830e+01,5.201248e+01,5.261301e+01,5.292414e+01,5.346083e+01,5.407816e+01,5.437388e+01,5.479851e+01,5.539766e+01,5.584226e+01,5.623875e+01,5.652952e+01,5.725935e+01,5.747865e+01,5.795062e+01,5.792764e+01,5.819170e+01,5.890088e+01,5.943594e+01,5.926542e+01,5.961760e+01,5.998016e+01,6.016106e+01,6.045451e+01,6.060099e+01,6.126378e+01,6.125257e+01,6.125257e+01,6.171126e+01,6.170009e+01,6.215726e+01,6.195675e+01,6.232413e+01,6.212386e+01,6.233524e+01,6.244637e+01,6.244637e+01,6.290101e+01,6.288994e+01,6.288994e+01,6.288994e+01,6.288994e+01,6.288994e+01,6.334310e+01,6.325480e+01,6.325480e+01,6.325480e+01,6.325480e+01,6.325480e+01,6.325480e+01,6.325480e+01,6.325480e+01,6.325480e+01,6.325480e+01,6.325480e+01,6.325480e+01,6.325480e+01,6.325480e+01,6.280134e+01,6.317749e+01,6.307802e+01,6.300061e+01,6.273486e+01,6.273486e+01,6.273486e+01,6.273486e+01,6.273486e+01,6.241304e+01,6.269051e+01,6.209045e+01,6.187868e+01,6.175593e+01,6.138699e+01,6.148771e+01,6.065729e+01,6.020625e+01,6.020625e+01,5.942458e+01,5.936776e+01,5.894650e+01,5.852389e+01,5.823757e+01,5.774362e+01,5.742097e+01,5.699338e+01,5.608730e+01,5.570202e+01,5.532732e+01,5.539766e+01,5.484560e+01,5.462175e+01,5.424385e+01,5.401893e+01,5.374612e+01,5.341321e+01,5.341321e+01,5.292414e+01,5.315102e+01,5.294804e+01,5.273277e+01,5.262498e+01,5.221698e+01,5.206063e+01,5.184381e+01,5.146951e+01,5.110621e+01,5.110621e+01,5.110621e+01,5.110621e+01,5.091201e+01,5.019323e+01,5.019323e+01,5.019323e+01,5.019323e+01,4.980162e+01,4.980162e+01,4.980162e+01,4.929802e+01,4.929802e+01,4.929802e+01,4.929802e+01,4.929802e+01,4.873052e+01,4.873052e+01,4.873052e+01,4.873052e+01,4.840858e+01,4.840858e+01,4.840858e+01,4.840858e+01,4.834657e+01,4.811063e+01,4.801115e+01,4.801115e+01,4.801115e+01,4.750004e+01,4.759994e+01,4.787424e+01,4.750004e+01,4.750004e+01,4.750004e+01,4.750004e+01,4.750004e+01,4.750004e+01,4.750004e+01,4.698673e+01,4.708706e+01,4.737504e+01,4.701182e+01,4.701182e+01,4.701182e+01,4.701182e+01,4.701182e+01,4.701182e+01,4.649640e+01,4.659715e+01,4.669781e+01,4.669781e+01,4.669781e+01,4.669781e+01,4.669781e+01,4.669781e+01,4.669781e+01,4.669781e+01,4.669781e+01,4.669781e+01,4.669781e+01,4.669781e+01,4.669781e+01,4.669781e+01,4.669781e+01,4.669781e+01,4.669781e+01,4.669781e+01,4.669781e+01,4.669781e+01,4.704945e+01,4.704945e+01,4.704945e+01,4.704945e+01,4.704945e+01,4.704945e+01,4.704945e+01,4.704945e+01,4.704945e+01
3.804538e+01,3.804538e+01,3.804538e+01,3.804538e+01,3.804538e+01,3.859996e+01,3.859996e+01,3.859996e+01,3.859996e+01,3.859996e+01,3.859996e+01,3.859996e+01,3.859996e+01,3.859996e+01,3.859996e+01,3.915179e+01,3.915179e+01,3.915179e+01,3.915179e+01,3.915179e+01,3.915179e+01,3.915179e+01,3.915179e+01,3.915179e+01,3.915179e+01,3.970091e+01,3.968755e+01,3.968755e+01,3.968755e+01,3.968755e+01,3.968755e+01,3.968755e+01,3.968755e+01,3.968755e+01,3.968755e+01,3.968755e+01,3.968755e+01,4.023407e+01,4.023407e+01,4.023407e+01,4.023407e+01,4.023407e+01,4.023407e+01,4.023407e+01,4.023407e+01,4.023407e+01,4.023407e+01,4.023407e+01,4.023407e+01,4.023407e+01,4.023407e+01,4.023407e+01,4.023407e+01,3.967419e+01,3.967419e+01,3.967419e+01,3.967419e+01,3.967419e+01,3.967419e+01,3.967419e+01,3.967419e+01,3.967419e+01,3.967419e+01,3.967419e+01,3.967419e+01,3.967419e+01,3.967419e+01,4.022078e+01,4.011433e+01,4.011433e+01,4.011433e+01,4.011433e+01,4.011433e+01,4.011433e+01,4.011433e+01,4.011433e+01,4.011433e+01,4.011433e+01,4.011433e+01,4.011433e+01,4.011433e+01,4.011433e+01,4.011433e+01,4.011433e+01,4.011433e+01,4.011433e+01,4.011433e+01,4.011433e+01,4.011433e+01,4.011433e+01,4.011433e+01,4.011433e+01,4.011433e+01,3.956723e+01,3.967419e+01,3.999446e+01,3.984778e+01,3.990114e+01,3.935300e+01,3.960735e+01,3.960735e+01,3.960735e+01,3.960735e+01,3.960735e+01,3.960735e+01,3.960735e+01,3.960735e+01,3.960735e+01,3.905777e+01,3.916521e+01,3.916521e+01,3.916521e+01,3.916521e+01,3.916521e+01,3.916521e+01,3.916521e+01,3.916521e+01,3.916521e+01,3.861345e+01,3.872132e+01,3.872132e+01,3.872132e+01,3.872132e+01,3.872132e+01,3.872132e+01,3.872132e+01,3.872132e+01,3.872132e+01,3.872132e+01,3.872132e+01,3.872132e+01,3.816735e+01,3.827567e+01,3.805894e+01,3.799113e+01,3.799113e+01,3.799113e+01,3.799113e+01,3.799113e+01,3.799113e+01,3.799113e+01,3.799113e+01,3.799113e+01,3.799113e+01,3.799113e+01,3.799113e+01,3.799113e+01,3.799113e+01,3.799113e+01,3.799113e+01,3.799113e+01,3.799113e+01,3.799113e+01,3.799113e+01,3.758338e+01,3.758338e+01,3.758338e+01,3.758338e+01,3.758338e+01,3.758338e+01,3.758338e+01,3.758338e+01,3.758338e+01,3.758338e+01,3.758338e+01,3.758338e+01,3.711944e+01,3.711944e+01,3.711944e+01,3.711944e+01,3.711944e+01,3.711944e+01,3.711944e+01,3.711944e+01,3.711944e+01,3.711944e+01,3.711944e+01,3.711944e+01,3.711944e+01,3.711944e+01,3.711944e+01,3.711944e+01,3.711944e+01,3.711944e+01,3.711944e+01,3.711944e+01,3.711944e+01,3.711944e+01,3.711944e+01,3.711944e+01,3.711944e+01,3.711944e+01,3.711944e+01,3.711944e+01,3.711944e+01,3.744713e+01,3.744713e+01,3.744713e+01,3.744713e+01,3.744713e+01,3.744713e+01,3.744713e+01,3.744713e+01,3.744713e+01,3.800470e+01,3.793685e+01,3.793685e+01,3.767866e+01,3.767866e+01,3.767866e+01,3.767866e+01,3.767866e+01,3.767866e+01,3.767866e+01,3.767866e+01,3.767866e+01,3.767866e+01,3.767866e+01,3.767866e+01,3.711944e+01,3.765144e+01,3.739258e+01,3.739258e+01,3.739258e+01,3.739258e+01,3.683191e+01,3.674962e+01,3.674962e+01,3.674962e+01,3.674962e+01,3.674962e+01,3.674962e+01,3.674962e+01,3.674962e+01,3.674962e+01,3.674962e+01,3.674962e+01,3.674962e+01,3.674962e+01,3.674962e+01,3.674962e+01,3.674962e+01,3.731071e+01,3.729706e+01,3.729706e+01,3.688674e+01,3.688674e+01,3.722878e+01,3.722878e+01,3.722878e+01,3.722878e+01,3.722878e+01,3.722878e+01,3.722878e+01,3.722878e+01,3.722878e+01,3.722878e+01,3.722878e+01,3.722878e+01,3.722878e+01,3.778744e+01,3.752890e+01,3.741986e+01,3.741986e+01,3.741986e+01,3.741986e+01,3.741986e+01,3.741986e+01,3.741986e+01,3.741986e+01,3.741986e+01,3.741986e+01,3.741986e+01,3.741986e+01,3.685933e+01,3.696893e+01,3.696893e+01,3.696893e+01,3.696893e+01,3.696893e+01,3.696893e+01,3.696893e+01,3.696893e+01,3.696893e+01,3.696893e+01,3.696893e+01,3.696893e+01,3.696893e+01,3.696893e+01,3.696893e+01,3.696893e+01,3.696893e+01,3.696893e+01,3.696893e+01,3.696893e+01,3.696893e+01,3.696893e+01,3.696893e+01,3.696893e+01,3.696893e+01,3.752890e+01,3.741986e+01,3.741986e+01,3.741986e+01,3.741986e+01,3.741986e+01,3.741986e+01,3.741986e+01,3.741986e+01,3.741986e+01,3.741986e+01,3.741986e+01,3.741986e+01,3.797756e+01,3.795042e+01,3.797756e+01,3.797756e+01,3.797756e+01,3.797756e+01,3.797756e+01,3.797756e+01,3.797756e+01,3.797756e+01,3.797756e+01,3.797756e+01,3.797756e+01,3.797756e+01,3.797756e+01,3.797756e+01,3.797756e+01,3.797756e+01,3.797756e+01,3.797756e+01,3.797756e+01,3.797756e+01,3.741986e+01,3.752890e+01,3.752890e+01,3.752890e+01,3.752890e+01,3.752890e+01,3.752890e+01,3.752890e+01,3.752890e+01,3.752890e+01,3.752890e+01,3.752890e+01,3.752890e+01,3.752890e+01,3.752890e+01,3.752890e+01,3.752890e+01,3.752890e+01,3.752890e+01,3.752890e+01,3.752890e+01,3.752890e+01,3.752890e+01,3.752890e+01,3.752890e+01,3.752890e+01,3.752890e+01,3.752890e+01,3.752890e+01,3.752890e+01,3.752890e+01,3.752890e+01,3.752890e+01,3.752890e+01,3.752890e+01,3.752890e+01,3.752890e+01,3.752890e+01,3.752890e+01,3.752890e+01,3.752890e+01,3.808606e+01,3.809961e+01,3.809961e+01,3.809961e+01,3.809961e+01,3.809961e+01,3.809961e+01,3.809961e+01,3.809961e+01,3.809961e+01,3.809961e+01,3.809961e+01,3.809961e+01,3.809961e+01,3.809961e+01,3.850547e+01,3.850547e+01,3.850547e+01,3.850547e+01,3.850547e+01,3.878869e+01,3.900400e+01,3.916521e+01,3.916521e+01,3.971427e+01,3.924573e+01,3.962072e+01,3.972763e+01,3.972763e+01,4.027396e+01,3.979440e+01,4.004775e+01,4.015426e+01,4.015426e+01,4.069854e+01,4.076473e+01,4.081766e+01,4.081766e+01,4.081766e+01,4.133244e+01,4.133244e+01,4.133244e+01,4.187111e+01,4.193663e+01,4.193663e+01,4.247248e+01,4.253766e+01,4.269394e+01,4.279800e+01,4.300586e+01,4.316150e+01,4.316150e+01,4.369171e+01,4.375620e+01,4.364009e+01,4.406528e+01,4.471936e+01,4.460420e+01,4.492382e+01,4.508967e+01,4.508967e+01,4.554774e+01,4.586481e+01,4.610521e+01,4.628204e+01,4.647121e+01,4.677325e+01,4.702436e+01,4.742506e+01,4.772470e+01,4.783687e+01,4.827211e+01,4.869342e+01,4.916256e+01,5.004652e+01,5.015657e+01,5.049831e+01,5.075399e+01,5.113046e+01,5.156621e+01,5.195227e+01,5.242115e+01,5.285241e+01,5.382922e+01,5.418470e+01,5.449198e+01,5.524520e+01,5.570202e+01,5.606398e+01,5.658759e+01,5.687757e+01,5.719001e+01,5.759392e+01,5.780116e+01,5.844379e+01,5.864968e+01,5.919714e+01,5.936776e+01,5.944730e+01,5.971967e+01,5.998016e+01,6.034172e+01,6.091595e+01,6.092718e+01,6.119653e+01,6.165541e+01,6.166658e+01,6.170009e+01,6.187868e+01,6.201247e+01,6.213499e+01,6.263506e+01,6.233524e+01,6.279026e+01,6.303379e+01,6.304485e+01,6.303379e+01,6.303379e+01,6.303379e+01,6.303379e+01,6.348647e+01,6.349749e+01,6.348647e+01,6.348647e+01,6.348647e+01,6.348647e+01,6.348647e+01,6.348647e+01,6.348647e+01,6.348647e+01,6.348647e+01,6.348647e+01,6.348647e+01,6.348647e+01,6.348647e+01,6.348647e+01,6.325480e+01,6.315539e+01,6.311118e+01,6.311118e+01,6.311118e+01,6.311118e+01,6.311118e+01,6.273486e+01,6.273486e+01,6.318853e+01,6.256849e+01,6.246858e+01,6.222403e+01,6.222403e+01,6.222403e+01,6.184522e+01,6.162189e+01,6.127499e+01,6.106192e+01,6.037557e+01,6.019495e+01,5.943594e+01,5.904910e+01,5.874108e+01,5.834072e+01,5.796211e+01,5.752477e+01,5.713221e+01,5.673846e+01,5.636677e+01,5.554993e+01,5.536249e+01,5.499854e+01,5.458637e+01,5.423202e+01,5.382922e+01,5.412552e+01,5.343702e+01,5.324643e+01,5.307942e+01,5.307942e+01,5.307942e+01,5.273277e+01,5.243315e+01,5.237314e+01,5.206063e+01,5.165076e+01,5.186792e+01,5.152996e+01,5.131221e+01,5.081479e+01,5.092415e+01,5.071750e+01,5.035197e+01,5.035197e+01,5.035197e+01,4.985064e+01,4.978936e+01,4.978936e+01,4.978936e+01,4.929802e+01,4.929802e+01,4.929802e+01,4.929802e+01,4.879233e+01,4.874289e+01,4.874289e+01,4.874289e+01,4.874289e+01,4.840858e+01,4.840858e+01,4.840858e+01,4.789914e+01,4.812306e+01,4.812306e+01,4.812306e+01,4.812306e+01,4.812306e+01,4.801115e+01,4.798627e+01,4.791159e+01,4.752502e+01,4.752502e+01,4.752502e+01,4.752502e+01,4.752502e+01,4.752502e+01,4.701182e+01,4.699928e+01,4.728747e+01,4.718731e+01,4.699928e+01,4.699928e+01,4.699928e+01,4.699928e+01,4.699928e+01,4.699928e+01,4.699928e+01,4.699928e+01,4.699928e+01,4.699928e+01,4.699928e+01,4.669781e+01,4.669781e+01,4.669781e+01,4.669781e+01,4.669781e+01,4.669781e+01,4.669781e+01,4.669781e+01,4.669781e+01,4.669781e+01,4.669781e+01,4.669781e+01,4.669781e+01,4.669781e+01,4.669781e+01,4.669781e+01,4.669781e+01,4.704945e+01,4.704945e+01,4.704945e+01,4.704945e+01,4.704945e+01,4.704945e+01,4.704945e+01,4.704945e+01,4.704945e+01
3.804538e+01,3.859996e+01,3.835683e+01,3.823506e+01,3.845144e+01,3.851897e+01,3.851897e+01,3.851897e+01,3.851897e+01,3.851897e+01,3.851897e+01,3.851897e+01,3.907120e+01,3.882909e+01,3.904433e+01,3.913836e+01,3.913836e+01,3.913836e+01,3.913836e+01,3.913836e+01,3.913836e+01,3.913836e+01,3.913836e+01,3.913836e+01,3.968755e+01,3.968755e+01,3.968755e+01,3.968755e+01,3.968755e+01,3.968755e+01,3.968755e+01,3.968755e+01,3.968755e+01,3.968755e+01,3.968755e+01,3.968755e+01,3.968755e+01,4.023407e+01,4.023407e+01,4.023407e+01,4.023407e+01,4.023407e+01,4.023407e+01,4.023407e+01,4.023407e+01,4.023407e+01,4.023407e+01,4.023407e+01,4.023407e+01,4.023407e+01,4.023407e+01,4.023407e+01,4.023407e+01,3.967419e+01,3.967419e+01,4.022078e+01,3.998114e+01,3.986113e+01,3.986113e+01,3.986113e+01,3.986113e+01,3.986113e+01,3.986113e+01,3.986113e+01,3.986113e+01,3.986113e+01,3.986113e+01,3.986113e+01,3.986113e+01,3.986113e+01,3.986113e+01,3.986113e+01,3.986113e+01,3.986113e+01,3.986113e+01,3.986113e+01,3.986113e+01,3.986113e+01,3.986113e+01,3.986113e+01,3.986113e+01,3.986113e+01,3.986113e+01,3.986113e+01,3.986113e+01,3.986113e+01,3.986113e+01,3.986113e+01,3.986113e+01,3.986113e+01,3.986113e+01,3.986113e+01,3.986113e+01,3.986113e+01,3.986113e+01,3.986113e+01,3.986113e+01,3.986113e+01,3.986113e+01,3.931279e+01,3.943338e+01,3.943338e+01,3.943338e+01,3.943338e+01,3.943338e+01,3.943338e+01,3.943338e+01,3.943338e+01,3.943338e+01,3.943338e+01,3.943338e+01,3.943338e+01,3.943338e+01,3.943338e+01,3.888294e+01,3.900400e+01,3.900400e+01,3.900400e+01,3.900400e+01,3.900400e+01,3.900400e+01,3.900400e+01,3.900400e+01,3.900400e+01,3.872132e+01,3.872132e+01,3.872132e+01,3.872132e+01,3.872132e+01,3.872132e+01,3.816735e+01,3.818090e+01,3.818090e+01,3.818090e+01,3.818090e+01,3.818090e+01,3.818090e+01,3.818090e+01,3.818090e+01,3.818090e+01,3.818090e+01,3.818090e+01,3.818090e+01,3.818090e+01,3.818090e+01,3.818090e+01,3.818090e+01,3.818090e+01,3.818090e+01,3.818090e+01,3.818090e+01,3.762422e+01,3.774666e+01,3.752890e+01,3.750165e+01,3.750165e+01,3.750165e+01,3.750165e+01,3.750165e+01,3.750165e+01,3.750165e+01,3.750165e+01,3.750165e+01,3.750165e+01,3.750165e+01,3.750165e+01,3.750165e+01,3.750165e+01,3.750165e+01,3.750165e+01,3.750165e+01,3.750165e+01,3.750165e+01,3.750165e+01,3.750165e+01,3.750165e+01,3.750165e+01,3.750165e+01,3.750165e+01,3.750165e+01,3.750165e+01,3.750165e+01,3.750165e+01,3.750165e+01,3.750165e+01,3.750165e+01,3.750165e+01,3.750165e+01,3.750165e+01,3.750165e+01,3.750165e+01,3.750165e+01,3.750165e+01,3.750165e+01,3.750165e+01,3.750165e+01,3.750165e+01,3.750165e+01,3.805894e+01,3.781462e+01,3.769226e+01,3.769226e+01,3.769226e+01,3.769226e+01,3.769226e+01,3.769226e+01,3.769226e+01,3.824860e+01,3.800470e+01,3.788254e+01,3.788254e+01,3.788254e+01,3.788254e+01,3.788254e+01,3.788254e+01,3.788254e+01,3.788254e+01,3.788254e+01,3.788254e+01,3.767866e+01,3.766505e+01,3.710577e+01,3.722878e+01,3.722878e+01,3.722878e+01,3.722878e+01,3.722878e+01,3.722878e+01,3.722878e+01,3.722878e+01,3.722878e+01,3.722878e+01,3.722878e+01,3.722878e+01,3.674962e+01,3.674962e+01,3.731071e+01,3.706473e+01,3.694154e+01,3.694154e+01,3.694154e+01,3.694154e+01,3.694154e+01,3.729706e+01,3.707841e+01,3.743349e+01,3.740622e+01,3.743349e+01,3.743349e+01,3.743349e+01,3.743349e+01,3.743349e+01,3.743349e+01,3.743349e+01,3.743349e+01,3.743349e+01,3.743349e+01,3.743349e+01,3.743349e+01,3.743349e+01,3.743349e+01,3.743349e+01,3.743349e+01,3.743349e+01,3.743349e+01,3.743349e+01,3.743349e+01,3.743349e+01,3.743349e+01,3.743349e+01,3.743349e+01,3.743349e+01,3.743349e+01,3.743349e+01,3.743349e+01,3.743349e+01,3.743349e+01,3.743349e+01,3.743349e+01,3.743349e+01,3.743349e+01,3.743349e+01,3.743349e+01,3.743349e+01,3.696893e+01,3.696893e+01,3.696893e+01,3.696893e+01,3.696893e+01,3.696893e+01,3.696893e+01,3.696893e+01,3.696893e+01,3.696893e+01,3.696893e+01,3.696893e+01,3.696893e+01,3.696893e+01,3.696893e+01,3.696893e+01,3.696893e+01,3.741986e+01,3.741986e+01,3.741986e+01,3.741986e+01,3.741986e+01,3.797756e+01,3.773306e+01,3.761061e+01,3.761061e+01,3.761061e+01,3.761061e+01,3.761061e+01,3.797756e+01,3.797756e+01,3.797756e+01,3.797756e+01,3.797756e+01,3.797756e+01,3.797756e+01,3.797756e+01,3.797756e+01,3.797756e+01,3.797756e+01,3.797756e+01,3.797756e+01,3.797756e+01,3.797756e+01,3.797756e+01,3.797756e+01,3.797756e+01,3.797756e+01,3.797756e+01,3.797756e+01,3.797756e+01,3.797756e+01,3.797756e+01,3.752890e+01,3.752890e+01,3.752890e+01,3.752890e+01,3.752890e+01,3.752890e+01,3.752890e+01,3.752890e+01,3.752890e+01,3.752890e+01,3.752890e+01,3.752890e+01,3.752890e+01,3.752890e+01,3.752890e+01,3.752890e+01,3.752890e+01,3.752890e+01,3.752890e+01,3.752890e+01,3.752890e+01,3.752890e+01,3.752890e+01,3.752890e+01,3.752890e+01,3.752890e+01,3.752890e+01,3.752890e+01,3.752890e+01,3.752890e+01,3.752890e+01,3.752890e+01,3.752890e+01,3.752890e+01,3.752890e+01,3.752890e+01,3.752890e+01,3.752890e+01,3.752890e+01,3.752890e+01,3.752890e+01,3.752890e+01,3.809961e+01,3.809961e+01,3.809961e+01,3.809961e+01,3.809961e+01,3.809961e+01,3.809961e+01,3.809961e+01,3.809961e+01,3.809961e+01,3.809961e+01,3.865392e+01,3.868088e+01,3.868088e+01,3.868088e+01,3.868088e+01,3.868088e+01,3.868088e+01,3.900400e+01,3.955385e+01,3.907120e+01,3.919206e+01,3.928597e+01,3.963409e+01,3.963409e+01,3.963409e+01,4.027396e+01,3.996781e+01,4.051298e+01,4.027396e+01,4.048645e+01,4.061905e+01,4.061905e+01,4.116110e+01,4.104234e+01,4.125339e+01,4.131926e+01,4.131926e+01,4.185801e+01,4.185801e+01,4.185801e+01,4.239423e+01,4.245945e+01,4.245945e+01,4.245945e+01,4.279800e+01,4.332988e+01,4.321333e+01,4.342044e+01,4.352386e+01,4.405242e+01,4.398809e+01,4.430939e+01,4.455298e+01,4.475772e+01,4.493658e+01,4.545882e+01,4.550964e+01,4.575077e+01,4.587748e+01,4.587748e+01,4.628204e+01,4.667265e+01,4.678581e+01,4.773717e+01,4.791159e+01,4.793649e+01,4.813549e+01,4.850772e+01,4.915023e+01,4.948251e+01,4.997311e+01,5.029094e+01,5.058360e+01,5.133643e+01,5.155413e+01,5.175939e+01,5.256507e+01,5.287632e+01,5.318681e+01,5.393596e+01,5.427932e+01,5.462175e+01,5.520999e+01,5.554993e+01,5.604066e+01,5.644817e+01,5.683121e+01,5.727090e+01,5.791615e+01,5.796211e+01,5.830635e+01,5.869538e+01,5.906049e+01,5.936776e+01,5.964029e+01,5.981033e+01,6.053341e+01,6.073606e+01,6.090471e+01,6.110681e+01,6.131980e+01,6.197904e+01,6.187868e+01,6.187868e+01,6.233524e+01,6.259069e+01,6.260178e+01,6.255740e+01,6.255740e+01,6.313329e+01,6.314434e+01,6.314434e+01,6.314434e+01,6.314434e+01,6.314434e+01,6.359665e+01,6.358564e+01,6.358564e+01,6.358564e+01,6.358564e+01,6.358564e+01,6.358564e+01,6.358564e+01,6.358564e+01,6.358564e+01,6.358564e+01,6.358564e+01,6.358564e+01,6.358564e+01,6.358564e+01,6.358564e+01,6.358564e+01,6.358564e+01,6.358564e+01,6.358564e+01,6.358564e+01,6.311118e+01,6.311118e+01,6.311118e+01,6.311118e+01,6.311118e+01,6.265725e+01,6.303379e+01,6.277918e+01,6.264616e+01,6.244637e+01,6.226853e+01,6.201247e+01,6.159953e+01,6.126378e+01,6.088224e+01,6.049960e+01,6.013846e+01,5.993489e+01,5.956086e+01,5.910606e+01,5.830635e+01,5.800806e+01,5.761696e+01,5.727090e+01,5.650628e+01,5.623875e+01,5.567863e+01,5.529213e+01,5.535077e+01,5.509256e+01,5.458637e+01,5.401893e+01,5.388853e+01,5.405447e+01,5.365110e+01,5.327027e+01,5.327027e+01,5.278064e+01,5.258904e+01,5.242115e+01,5.216889e+01,5.194022e+01,5.179558e+01,5.166284e+01,5.151787e+01,5.111834e+01,5.096059e+01,5.096059e+01,5.046174e+01,5.033977e+01,5.033977e+01,5.033977e+01,5.033977e+01,4.978936e+01,4.978936e+01,4.978936e+01,4.929802e+01,4.929802e+01,4.929802e+01,4.929802e+01,4.929802e+01,4.924878e+01,4.902694e+01,4.840858e+01,4.834657e+01,4.833416e+01,4.833416e+01,4.833416e+01,4.833416e+01,4.833416e+01,4.833416e+01,4.833416e+01,4.782441e+01,4.794894e+01,4.794894e+01,4.794894e+01,4.794894e+01,4.794894e+01,4.752502e+01,4.752502e+01,4.752502e+01,4.752502e+01,4.752502e+01,4.752502e+01,4.752502e+01,4.701182e+01,4.713719e+01,4.713719e+01,4.713719e+01,4.713719e+01,4.713719e+01,4.713719e+01,4.713719e+01,4.713719e+01,4.713719e+01,4.713719e+01,4.662232e+01,4.707452e+01,4.676068e+01,4.676068e+01,4.676068e+01,4.676068e+01,4.676068e+01,4.676068e+01,4.676068e+01,4.676068e+01,4.676068e+01,4.676068e+01,4.676068e+01,4.676068e+01,4.676068e+01,4.676068e+01,4.676068e+01,4.676068e+01,4.676068e+01,4.704945e+01,4.704945e+01,4.704945e+01,4.704945e+01,4.704945e+01,4.704945e+01,4.704945e+01,4.704945e+01,4.704945e+01
3.826213e+01,3.843793e+01,3.843793e+01,3.843793e+01,3.843793e+01,3.843793e+01,3.843793e+01,3.843793e+01,3.843793e+01,3.843793e+01,3.843793e+01,3.899056e+01,3.904433e+01,3.904433e+01,3.904433e+01,3.904433e+01,3.904433e+01,3.904433e+01,3.904433e+01,3.904433e+01,3.904433e+01,3.959398e+01,3.935300e+01,3.956723e+01,3.960735e+01,3.960735e+01,3.960735e+01,3.960735e+01,3.960735e+01,3.960735e+01,3.960735e+01,3.960735e+01,3.960735e+01,3.960735e+01,3.960735e+01,4.015426e+01,4.016756e+01,4.020747e+01,4.020747e+01,4.020747e+01,4.020747e+01,4.020747e+01,4.020747e+01,4.020747e+01,4.020747e+01,4.020747e+01,4.020747e+01,4.020747e+01,4.020747e+01,4.020747e+01,4.020747e+01,4.020747e+01,4.020747e+01,3.967419e+01,3.988781e+01,4.006107e+01,4.006107e+01,4.006107e+01,4.006107e+01,4.006107e+01,4.006107e+01,4.006107e+01,4.006107e+01,4.006107e+01,4.006107e+01,4.006107e+01,4.006107e+01,4.006107e+01,4.006107e+01,4.006107e+01,4.006107e+01,4.006107e+01,4.006107e+01,4.006107e+01,4.006107e+01,4.006107e+01,4.006107e+01,4.006107e+01,4.006107e+01,4.006107e+01,4.006107e+01,4.006107e+01,4.006107e+01,4.006107e+01,4.006107e+01,4.006107e+01,4.006107e+01,4.006107e+01,4.006107e+01,4.006107e+01,4.006107e+01,4.006107e+01,4.006107e+01,4.006107e+01,4.006107e+01,4.006107e+01,3.951371e+01,3.964746e+01,3.943338e+01,3.939320e+01,3.939320e+01,3.939320e+01,3.939320e+01,3.939320e+01,3.939320e+01,3.939320e+01,3.939320e+01,3.939320e+01,3.939320e+01,3.939320e+01,3.939320e+01,3.939320e+01,3.939320e+01,3.939320e+01,3.939320e+01,3.939320e+01,3.939320e+01,3.900400e+01,3.900400e+01,3.900400e+01,3.900400e+01,3.900400e+01,3.900400e+01,3.845144e+01,3.842442e+01,3.855947e+01,3.855947e+01,3.855947e+01,3.855947e+01,3.855947e+01,3.855947e+01,3.855947e+01,3.855947e+01,3.855947e+01,3.855947e+01,3.855947e+01,3.855947e+01,3.855947e+01,3.818090e+01,3.818090e+01,3.818090e+01,3.818090e+01,3.818090e+01,3.818090e+01,3.818090e+01,3.818090e+01,3.818090e+01,3.818090e+01,3.818090e+01,3.818090e+01,3.818090e+01,3.818090e+01,3.818090e+01,3.808606e+01,3.781462e+01,3.767866e+01,3.767866e+01,3.767866e+01,3.767866e+01,3.767866e+01,3.767866e+01,3.767866e+01,3.767866e+01,3.767866e+01,3.767866e+01,3.767866e+01,3.767866e+01,3.767866e+01,3.767866e+01,3.767866e+01,3.767866e+01,3.711944e+01,3.725610e+01,3.725610e+01,3.725610e+01,3.725610e+01,3.725610e+01,3.725610e+01,3.725610e+01,3.725610e+01,3.725610e+01,3.725610e+01,3.725610e+01,3.781462e+01,3.767866e+01,3.767866e+01,3.767866e+01,3.767866e+01,3.767866e+01,3.767866e+01,3.767866e+01,3.767866e+01,3.767866e+01,3.767866e+01,3.767866e+01,3.767866e+01,3.767866e+01,3.767866e+01,3.767866e+01,3.767866e+01,3.823506e+01,3.799113e+01,3.785538e+01,3.785538e+01,3.785538e+01,3.785538e+01,3.785538e+01,3.785538e+01,3.785538e+01,3.785538e+01,3.785538e+01,3.785538e+01,3.785538e+01,3.785538e+01,3.785538e+01,3.785538e+01,3.785538e+01,3.785538e+01,3.785538e+01,3.729706e+01,3.724244e+01,3.718779e+01,3.718779e+01,3.718779e+01,3.718779e+01,3.718779e+01,3.718779e+01,3.718779e+01,3.718779e+01,3.718779e+01,3.718779e+01,3.718779e+01,3.718779e+01,3.718779e+01,3.718779e+01,3.718779e+01,3.718779e+01,3.718779e+01,3.718779e+01,3.718779e+01,3.718779e+01,3.718779e+01,3.718779e+01,3.718779e+01,3.718779e+01,3.718779e+01,3.718779e+01,3.718779e+01,3.774666e+01,3.761061e+01,3.761061e+01,3.761061e+01,3.761061e+01,3.761061e+01,3.761061e+01,3.761061e+01,3.761061e+01,3.761061e+01,3.761061e+01,3.761061e+01,3.761061e+01,3.761061e+01,3.761061e+01,3.761061e+01,3.761061e+01,3.761061e+01,3.761061e+01,3.761061e+01,3.761061e+01,3.761061e+01,3.761061e+01,3.761061e+01,3.761061e+01,3.761061e+01,3.761061e+01,3.761061e+01,3.761061e+01,3.761061e+01,3.761061e+01,3.761061e+01,3.705105e+01,3.718779e+01,3.718779e+01,3.718779e+01,3.718779e+01,3.718779e+01,3.718779e+01,3.718779e+01,3.718779e+01,3.718779e+01,3.718779e+01,3.718779e+01,3.718779e+01,3.718779e+01,3.718779e+01,3.718779e+01,3.718779e+01,3.718779e+01,3.718779e+01,3.718779e+01,3.718779e+01,3.718779e+01,3.718779e+01,3.774666e+01,3.761061e+01,3.782821e+01,3.789612e+01,3.789612e+01,3.789612e+01,3.789612e+01,3.789612e+01,3.789612e+01,3.789612e+01,3.789612e+01,3.789612e+01,3.789612e+01,3.789612e+01,3.789612e+01,3.789612e+01,3.789612e+01,3.845144e+01,3.820798e+01,3.820798e+01,3.820798e+01,3.820798e+01,3.820798e+01,3.820798e+01,3.820798e+01,3.820798e+01,3.820798e+01,3.820798e+01,3.820798e+01,3.820798e+01,3.765144e+01,3.778744e+01,3.778744e+01,3.778744e+01,3.778744e+01,3.778744e+01,3.778744e+01,3.778744e+01,3.778744e+01,3.778744e+01,3.778744e+01,3.778744e+01,3.778744e+01,3.778744e+01,3.778744e+01,3.778744e+01,3.722878e+01,3.736530e+01,3.736530e+01,3.736530e+01,3.736530e+01,3.736530e+01,3.736530e+01,3.736530e+01,3.736530e+01,3.736530e+01,3.736530e+01,3.736530e+01,3.736530e+01,3.736530e+01,3.736530e+01,3.736530e+01,3.736530e+01,3.736530e+01,3.736530e+01,3.736530e+01,3.736530e+01,3.736530e+01,3.792327e+01,3.778744e+01,3.778744e+01,3.778744e+01,3.778744e+01,3.778744e+01,3.778744e+01,3.778744e+01,3.778744e+01,3.778744e+01,3.778744e+01,3.778744e+01,3.778744e+01,3.809961e+01,3.809961e+01,3.809961e+01,3.809961e+01,3.809961e+01,3.865392e+01,3.862694e+01,3.862694e+01,3.862694e+01,3.862694e+01,3.862694e+01,3.862694e+01,3.917863e+01,3.886948e+01,3.954047e+01,3.923232e+01,3.978105e+01,3.975434e+01,3.978105e+01,3.978105e+01,3.978105e+01,3.978105e+01,4.032712e+01,4.043336e+01,4.043336e+01,4.043336e+01,4.097630e+01,4.102913e+01,4.108194e+01,4.108194e+01,4.108194e+01,4.162180e+01,4.167433e+01,4.177932e+01,4.177932e+01,4.231591e+01,4.236813e+01,4.236813e+01,4.290198e+01,4.287599e+01,4.266791e+01,4.304479e+01,4.317446e+01,4.370461e+01,4.375620e+01,4.389796e+01,4.411671e+01,4.432222e+01,4.432222e+01,4.475772e+01,4.514066e+01,4.530621e+01,4.530621e+01,4.575077e+01,4.575077e+01,4.626942e+01,4.643340e+01,4.668523e+01,4.698673e+01,4.707452e+01,4.798627e+01,4.798627e+01,4.849534e+01,4.880469e+01,4.926109e+01,4.960534e+01,5.037637e+01,5.004652e+01,5.096059e+01,5.126377e+01,5.155413e+01,5.195227e+01,5.248114e+01,5.290023e+01,5.380548e+01,5.412552e+01,5.438569e+01,5.476318e+01,5.560845e+01,5.580721e+01,5.626204e+01,5.687757e+01,5.717846e+01,5.749018e+01,5.776664e+01,5.800806e+01,5.844379e+01,5.862682e+01,5.909467e+01,5.947002e+01,5.965163e+01,5.999147e+01,6.038685e+01,6.073606e+01,6.119653e+01,6.108437e+01,6.147652e+01,6.183406e+01,6.183406e+01,6.229077e+01,6.251300e+01,6.260178e+01,6.260178e+01,6.305591e+01,6.306696e+01,6.311118e+01,6.311118e+01,6.356361e+01,6.335414e+01,6.335414e+01,6.335414e+01,6.359665e+01,6.359665e+01,6.359665e+01,6.359665e+01,6.404747e+01,6.383874e+01,6.417914e+01,6.397061e+01,6.376176e+01,6.376176e+01,6.376176e+01,6.376176e+01,6.376176e+01,6.376176e+01,6.376176e+01,6.376176e+01,6.376176e+01,6.376176e+01,6.376176e+01,6.330999e+01,6.371775e+01,6.338723e+01,6.328792e+01,6.328792e+01,6.328792e+01,6.328792e+01,6.328792e+01,6.303379e+01,6.276810e+01,6.276810e+01,6.276810e+01,6.226853e+01,6.233524e+01,6.206818e+01,6.158835e+01,6.126378e+01,6.089347e+01,6.055594e+01,6.010455e+01,5.976500e+01,5.887806e+01,5.884383e+01,5.839799e+01,5.801955e+01,5.752477e+01,5.691232e+01,5.649466e+01,5.599400e+01,5.545625e+01,5.525694e+01,5.496326e+01,5.460996e+01,5.419653e+01,5.419653e+01,5.419653e+01,5.365110e+01,5.325835e+01,5.306748e+01,5.293609e+01,5.258904e+01,5.270882e+01,5.208469e+01,5.208469e+01,5.208469e+01,5.166284e+01,5.132432e+01,5.127588e+01,5.127588e+01,5.096059e+01,5.062013e+01,5.062013e+01,5.062013e+01,5.033977e+01,5.014435e+01,4.994862e+01,4.994862e+01,4.994862e+01,4.980162e+01,4.956850e+01,4.945792e+01,4.945792e+01,4.895290e+01,4.906394e+01,4.882941e+01,4.856965e+01,4.856965e+01,4.856965e+01,4.856965e+01,4.856965e+01,4.856965e+01,4.806091e+01,4.817276e+01,4.797383e+01,4.789914e+01,4.789914e+01,4.789914e+01,4.789914e+01,4.789914e+01,4.789914e+01,4.789914e+01,4.752502e+01,4.752502e+01,4.752502e+01,4.752502e+01,4.752502e+01,4.752502e+01,4.752502e+01,4.752502e+01,4.713719e+01,4.713719e+01,4.713719e+01,4.713719e+01,4.713719e+01,4.713719e+01,4.713719e+01,4.713719e+01,4.713719e+01,4.662232e+01,4.669781e+01,4.668523e+01,4.668523e+01,4.668523e+01,4.668523e+01,4.668523e+01,4.668523e+01,4.668523e+01,4.668523e+01,4.668523e+01,4.668523e+01,4.668523e+01,4.668523e+01,4.668523e+01,4.668523e+01,4.719983e+01,4.696163e+01,4.716225e+01,4.717478e+01,4.717478e+01,4.717478e+01,4.717478e+01,4.717478e+01,4.717478e+01,4.717478e+01,4.717478e+01,4.717478e+01
3.826213e+01,3.826213e+01,3.826213e+01,3.881563e+01,3.869437e+01,3.869437e+01,3.869437e+01,3.869437e+01,3.869437e+01,3.869437e+01,3.869437e+01,3.869437e+01,3.869437e+01,3.869437e+01,3.869437e+01,3.869437e+01,3.904433e+01,3.904433e+01,3.904433e+01,3.904433e+01,3.904433e+01,3.904433e+01,3.935300e+01,3.935300e+01,3.935300e+01,3.935300e+01,3.935300e+01,3.990114e+01,3.978105e+01,3.978105e+01,3.978105e+01,3.978105e+01,3.978105e+01,3.978105e+01,3.978105e+01,3.978105e+01,3.978105e+01,3.978105e+01,3.978105e+01,3.978105e+01,3.978105e+01,4.020747e+01,4.020747e+01,4.020747e+01,4.020747e+01,4.020747e+01,4.020747e+01,4.020747e+01,4.020747e+01,4.020747e+01,4.020747e+01,4.020747e+01,4.020747e+01,3.967419e+01,3.967419e+01,3.967419e+01,3.967419e+01,3.967419e+01,3.967419e+01,3.967419e+01,3.967419e+01,3.967419e+01,3.967419e+01,3.967419e+01,3.967419e+01,4.006107e+01,4.006107e+01,4.006107e+01,4.006107e+01,4.006107e+01,4.006107e+01,4.006107e+01,4.006107e+01,4.006107e+01,4.006107e+01,4.006107e+01,4.006107e+01,4.006107e+01,4.006107e+01,4.006107e+01,4.006107e+01,4.006107e+01,4.006107e+01,4.006107e+01,4.006107e+01,4.006107e+01,4.006107e+01,4.006107e+01,4.006107e+01,4.006107e+01,4.006107e+01,4.006107e+01,4.006107e+01,4.006107e+01,4.006107e+01,4.006107e+01,3.951371e+01,3.951371e+01,3.951371e+01,3.951371e+01,3.951371e+01,3.951371e+01,3.951371e+01,3.951371e+01,3.951371e+01,3.951371e+01,3.951371e+01,3.951371e+01,3.951371e+01,3.951371e+01,3.951371e+01,3.951371e+01,3.951371e+01,3.896367e+01,3.908464e+01,3.920548e+01,3.899056e+01,3.897711e+01,3.897711e+01,3.897711e+01,3.897711e+01,3.897711e+01,3.897711e+01,3.897711e+01,3.842442e+01,3.842442e+01,3.897711e+01,3.885602e+01,3.873480e+01,3.873480e+01,3.873480e+01,3.818090e+01,3.830272e+01,3.830272e+01,3.830272e+01,3.830272e+01,3.830272e+01,3.830272e+01,3.830272e+01,3.830272e+01,3.830272e+01,3.830272e+01,3.830272e+01,3.830272e+01,3.830272e+01,3.830272e+01,3.830272e+01,3.830272e+01,3.830272e+01,3.830272e+01,3.830272e+01,3.830272e+01,3.774666e+01,3.786896e+01,3.786896e+01,3.786896e+01,3.786896e+01,3.786896e+01,3.786896e+01,3.786896e+01,3.786896e+01,3.786896e+01,3.731071e+01,3.743349e+01,3.743349e+01,3.743349e+01,3.743349e+01,3.743349e+01,3.743349e+01,3.743349e+01,3.743349e+01,3.743349e+01,3.743349e+01,3.743349e+01,3.743349e+01,3.743349e+01,3.743349e+01,3.743349e+01,3.743349e+01,3.743349e+01,3.743349e+01,3.799113e+01,3.744713e+01,3.763783e+01,3.763783e+01,3.763783e+01,3.763783e+01,3.763783e+01,3.763783e+01,3.763783e+01,3.763783e+01,3.763783e+01,3.763783e+01,3.763783e+01,3.763783e+01,3.763783e+01,3.763783e+01,3.819444e+01,3.793685e+01,3.815381e+01,3.820798e+01,3.765144e+01,3.777385e+01,3.832978e+01,3.807250e+01,3.807250e+01,3.807250e+01,3.807250e+01,3.807250e+01,3.807250e+01,3.807250e+01,3.807250e+01,3.807250e+01,3.807250e+01,3.807250e+01,3.751528e+01,3.763783e+01,3.819444e+01,3.807250e+01,3.769226e+01,3.751528e+01,3.751528e+01,3.751528e+01,3.751528e+01,3.751528e+01,3.751528e+01,3.751528e+01,3.751528e+01,3.751528e+01,3.751528e+01,3.718779e+01,3.718779e+01,3.718779e+01,3.718779e+01,3.718779e+01,3.718779e+01,3.774666e+01,3.748802e+01,3.736530e+01,3.736530e+01,3.736530e+01,3.736530e+01,3.736530e+01,3.736530e+01,3.736530e+01,3.736530e+01,3.736530e+01,3.736530e+01,3.774666e+01,3.774666e+01,3.774666e+01,3.774666e+01,3.774666e+01,3.774666e+01,3.774666e+01,3.774666e+01,3.774666e+01,3.774666e+01,3.774666e+01,3.774666e+01,3.774666e+01,3.774666e+01,3.774666e+01,3.774666e+01,3.774666e+01,3.774666e+01,3.774666e+01,3.774666e+01,3.774666e+01,3.774666e+01,3.774666e+01,3.774666e+01,3.774666e+01,3.774666e+01,3.774666e+01,3.774666e+01,3.774666e+01,3.774666e+01,3.774666e+01,3.774666e+01,3.774666e+01,3.718779e+01,3.718779e+01,3.718779e+01,3.718779e+01,3.718779e+01,3.718779e+01,3.718779e+01,3.718779e+01,3.718779e+01,3.718779e+01,3.718779e+01,3.718779e+01,3.718779e+01,3.718779e+01,3.718779e+01,3.718779e+01,3.718779e+01,3.718779e+01,3.774666e+01,3.748802e+01,3.736530e+01,3.758338e+01,3.766505e+01,3.766505e+01,3.766505e+01,3.766505e+01,3.766505e+01,3.822152e+01,3.809961e+01,3.809961e+01,3.809961e+01,3.809961e+01,3.809961e+01,3.809961e+01,3.809961e+01,3.809961e+01,3.809961e+01,3.809961e+01,3.809961e+01,3.809961e+01,3.809961e+01,3.809961e+01,3.809961e+01,3.809961e+01,3.809961e+01,3.809961e+01,3.809961e+01,3.809961e+01,3.809961e+01,3.809961e+01,3.809961e+01,3.809961e+01,3.809961e+01,3.809961e+01,3.809961e+01,3.809961e+01,3.778744e+01,3.778744e+01,3.778744e+01,3.778744e+01,3.778744e+01,3.778744e+01,3.778744e+01,3.778744e+01,3.778744e+01,3.778744e+01,3.778744e+01,3.778744e+01,3.722878e+01,3.778744e+01,3.766505e+01,3.754252e+01,3.754252e+01,3.754252e+01,3.754252e+01,3.754252e+01,3.754252e+01,3.754252e+01,3.754252e+01,3.754252e+01,3.754252e+01,3.754252e+01,3.754252e+01,3.754252e+01,3.754252e+01,3.754252e+01,3.754252e+01,3.754252e+01,3.754252e+01,3.754252e+01,3.754252e+01,3.754252e+01,3.754252e+01,3.754252e+01,3.754252e+01,3.754252e+01,3.809961e+01,3.797756e+01,3.797756e+01,3.797756e+01,3.797756e+01,3.797756e+01,3.797756e+01,3.797756e+01,3.797756e+01,3.797756e+01,3.853247e+01,3.858646e+01,3.862694e+01,3.862694e+01,3.807250e+01,3.832978e+01,3.845144e+01,3.900400e+01,3.905777e+01,3.900400e+01,3.913836e+01,3.913836e+01,3.924573e+01,3.960735e+01,3.960735e+01,3.960735e+01,4.015426e+01,4.003443e+01,4.024737e+01,4.030054e+01,4.030054e+01,4.030054e+01,4.084412e+01,4.035369e+01,4.065880e+01,4.083089e+01,4.083089e+01,4.137194e+01,4.152981e+01,4.152981e+01,4.152981e+01,4.206756e+01,4.222448e+01,4.222448e+01,4.222448e+01,4.236813e+01,4.261583e+01,4.282401e+01,4.305776e+01,4.338164e+01,4.353678e+01,4.353678e+01,4.389796e+01,4.389796e+01,4.432222e+01,4.452737e+01,4.466819e+01,4.506417e+01,4.506417e+01,4.558584e+01,4.566199e+01,4.586481e+01,4.610521e+01,4.643340e+01,4.688631e+01,4.699928e+01,4.778703e+01,4.796139e+01,4.817276e+01,4.840858e+01,4.885411e+01,4.917488e+01,4.965444e+01,5.000982e+01,5.060796e+01,5.115471e+01,5.137273e+01,5.168699e+01,5.242115e+01,5.279260e+01,5.312716e+01,5.372237e+01,5.414919e+01,5.449198e+01,5.537421e+01,5.558504e+01,5.598234e+01,5.623875e+01,5.677325e+01,5.717846e+01,5.759392e+01,5.787016e+01,5.814582e+01,5.876392e+01,5.880959e+01,5.953815e+01,5.951545e+01,6.029658e+01,6.048833e+01,6.066854e+01,6.100580e+01,6.111802e+01,6.173360e+01,6.191214e+01,6.193444e+01,6.213499e+01,6.221291e+01,6.251300e+01,6.296742e+01,6.296742e+01,6.303379e+01,6.348647e+01,6.327688e+01,6.347545e+01,6.354157e+01,6.354157e+01,6.354157e+01,6.354157e+01,6.399257e+01,6.378376e+01,6.423396e+01,6.423396e+01,6.421203e+01,6.419010e+01,6.420107e+01,6.420107e+01,6.420107e+01,6.420107e+01,6.420107e+01,6.376176e+01,6.376176e+01,6.376176e+01,6.376176e+01,6.376176e+01,6.376176e+01,6.376176e+01,6.376176e+01,6.376176e+01,6.376176e+01,6.338723e+01,6.338723e+01,6.338723e+01,6.338723e+01,6.338723e+01,6.338723e+01,6.303379e+01,6.275702e+01,6.275702e+01,6.230189e+01,6.274594e+01,6.213499e+01,6.193444e+01,6.166658e+01,6.166658e+01,6.084852e+01,6.043196e+01,6.018366e+01,5.971967e+01,5.948138e+01,5.872966e+01,5.840944e+01,5.804251e+01,5.755935e+01,5.695864e+01,5.655275e+01,5.606398e+01,5.567863e+01,5.576047e+01,5.538594e+01,5.488091e+01,5.430297e+01,5.430297e+01,5.430297e+01,5.365110e+01,5.341321e+01,5.341321e+01,5.293609e+01,5.257705e+01,5.248114e+01,5.224102e+01,5.224102e+01,5.174733e+01,5.155413e+01,5.180764e+01,5.152996e+01,5.149369e+01,5.106982e+01,5.072967e+01,5.072967e+01,5.022988e+01,5.021767e+01,5.021767e+01,4.994862e+01,4.994862e+01,4.994862e+01,4.944563e+01,4.955622e+01,4.955622e+01,4.955622e+01,4.895290e+01,4.895290e+01,4.895290e+01,4.895290e+01,4.856965e+01,4.856965e+01,4.856965e+01,4.856965e+01,4.856965e+01,4.806091e+01,4.806091e+01,4.806091e+01,4.806091e+01,4.806091e+01,4.806091e+01,4.806091e+01,4.755000e+01,4.766233e+01,4.796139e+01,4.758746e+01,4.758746e+01,4.758746e+01,4.758746e+01,4.758746e+01,4.758746e+01,4.758746e+01,4.758746e+01,4.713719e+01,4.713719e+01,4.713719e+01,4.713719e+01,4.713719e+01,4.713719e+01,4.713719e+01,4.713719e+01,4.662232e+01,4.664749e+01,4.664749e+01,4.664749e+01,4.664749e+01,4.664749e+01,4.664749e+01,4.664749e+01,4.664749e+01,4.664749e+01,4.664749e+01,4.716225e+01,4.692398e+01,4.692398e+01,4.692398e+01,4.692398e+01,4.692398e+01,4.692398e+01,4.692398e+01,4.692398e+01,4.692398e+01,4.692398e+01,4.692398e+01,4.692398e+01,4.743756e+01,4.732501e+01,4.732501e+01,4.732501e+01,4.732501e+01
3.826213e+01,3.826213e+01,3.826213e+01,3.881563e+01,3.881563e+01,3.881563e+01,3.881563e+01,3.881563e+01,3.881563e+01,3.881563e+01,3.881563e+01,3.881563e+01,3.881563e+01,3.881563e+01,3.881563e+01,3.881563e+01,3.936640e+01,3.924573e+01,3.924573e+01,3.924573e+01,3.924573e+01,3.924573e+01,3.924573e+01,3.924573e+01,3.979440e+01,3.954047e+01,3.923232e+01,3.960735e+01,3.972763e+01,3.972763e+01,3.972763e+01,3.972763e+01,3.972763e+01,3.972763e+01,3.972763e+01,3.972763e+01,3.972763e+01,4.027396e+01,4.002111e+01,4.002111e+01,4.002111e+01,4.002111e+01,4.002111e+01,4.002111e+01,4.002111e+01,4.002111e+01,4.002111e+01,4.002111e+01,4.002111e+01,4.002111e+01,4.002111e+01,4.002111e+01,4.002111e+01,4.002111e+01,4.002111e+01,4.002111e+01,4.002111e+01,4.002111e+01,4.002111e+01,4.002111e+01,4.002111e+01,4.002111e+01,4.002111e+01,4.002111e+01,4.002111e+01,4.002111e+01,4.002111e+01,4.002111e+01,4.002111e+01,4.002111e+01,4.002111e+01,4.002111e+01,4.002111e+01,4.002111e+01,4.002111e+01,4.002111e+01,4.002111e+01,4.002111e+01,4.002111e+01,4.002111e+01,4.002111e+01,4.002111e+01,4.002111e+01,4.002111e+01,4.002111e+01,4.002111e+01,4.002111e+01,4.002111e+01,4.002111e+01,4.002111e+01,4.002111e+01,4.002111e+01,4.002111e+01,4.002111e+01,4.002111e+01,4.002111e+01,4.002111e+01,4.002111e+01,4.002111e+01,3.951371e+01,3.951371e+01,3.951371e+01,3.951371e+01,3.951371e+01,3.951371e+01,3.951371e+01,3.951371e+01,3.951371e+01,3.951371e+01,3.951371e+01,3.951371e+01,3.951371e+01,3.951371e+01,3.951371e+01,3.908464e+01,3.908464e+01,3.908464e+01,3.908464e+01,3.908464e+01,3.908464e+01,3.908464e+01,3.853247e+01,3.878869e+01,3.911150e+01,3.873480e+01,3.878869e+01,3.888294e+01,3.832978e+01,3.858646e+01,3.858646e+01,3.858646e+01,3.858646e+01,3.858646e+01,3.858646e+01,3.858646e+01,3.858646e+01,3.858646e+01,3.858646e+01,3.858646e+01,3.858646e+01,3.830272e+01,3.830272e+01,3.830272e+01,3.830272e+01,3.830272e+01,3.830272e+01,3.830272e+01,3.830272e+01,3.830272e+01,3.830272e+01,3.830272e+01,3.830272e+01,3.830272e+01,3.786896e+01,3.786896e+01,3.786896e+01,3.786896e+01,3.786896e+01,3.786896e+01,3.786896e+01,3.786896e+01,3.786896e+01,3.786896e+01,3.786896e+01,3.743349e+01,3.743349e+01,3.743349e+01,3.799113e+01,3.773306e+01,3.761061e+01,3.761061e+01,3.761061e+01,3.761061e+01,3.761061e+01,3.761061e+01,3.761061e+01,3.761061e+01,3.761061e+01,3.761061e+01,3.761061e+01,3.761061e+01,3.761061e+01,3.761061e+01,3.761061e+01,3.761061e+01,3.761061e+01,3.761061e+01,3.761061e+01,3.761061e+01,3.761061e+01,3.761061e+01,3.761061e+01,3.761061e+01,3.761061e+01,3.816735e+01,3.790970e+01,3.814026e+01,3.816735e+01,3.816735e+01,3.816735e+01,3.816735e+01,3.816735e+01,3.816735e+01,3.816735e+01,3.816735e+01,3.816735e+01,3.816735e+01,3.816735e+01,3.816735e+01,3.816735e+01,3.816735e+01,3.816735e+01,3.816735e+01,3.816735e+01,3.816735e+01,3.816735e+01,3.816735e+01,3.816735e+01,3.816735e+01,3.769226e+01,3.769226e+01,3.769226e+01,3.769226e+01,3.769226e+01,3.769226e+01,3.769226e+01,3.769226e+01,3.769226e+01,3.769226e+01,3.713311e+01,3.711944e+01,3.711944e+01,3.711944e+01,3.767866e+01,3.741986e+01,3.765144e+01,3.771946e+01,3.771946e+01,3.736530e+01,3.736530e+01,3.736530e+01,3.736530e+01,3.736530e+01,3.792327e+01,3.766505e+01,3.754252e+01,3.754252e+01,3.809961e+01,3.756976e+01,3.812671e+01,3.800470e+01,3.800470e+01,3.800470e+01,3.800470e+01,3.800470e+01,3.800470e+01,3.800470e+01,3.800470e+01,3.800470e+01,3.800470e+01,3.800470e+01,3.800470e+01,3.800470e+01,3.800470e+01,3.800470e+01,3.800470e+01,3.800470e+01,3.800470e+01,3.800470e+01,3.800470e+01,3.800470e+01,3.800470e+01,3.800470e+01,3.800470e+01,3.800470e+01,3.800470e+01,3.800470e+01,3.800470e+01,3.744713e+01,3.756976e+01,3.789612e+01,3.751528e+01,3.739258e+01,3.739258e+01,3.739258e+01,3.739258e+01,3.739258e+01,3.739258e+01,3.739258e+01,3.739258e+01,3.739258e+01,3.739258e+01,3.739258e+01,3.739258e+01,3.739258e+01,3.739258e+01,3.739258e+01,3.739258e+01,3.739258e+01,3.739258e+01,3.739258e+01,3.795042e+01,3.824860e+01,3.799113e+01,3.786896e+01,3.786896e+01,3.786896e+01,3.786896e+01,3.786896e+01,3.842442e+01,3.774666e+01,3.788254e+01,3.788254e+01,3.843793e+01,3.830272e+01,3.830272e+01,3.830272e+01,3.830272e+01,3.830272e+01,3.830272e+01,3.830272e+01,3.830272e+01,3.830272e+01,3.830272e+01,3.830272e+01,3.830272e+01,3.830272e+01,3.830272e+01,3.830272e+01,3.830272e+01,3.830272e+01,3.830272e+01,3.830272e+01,3.830272e+01,3.830272e+01,3.830272e+01,3.830272e+01,3.778744e+01,3.778744e+01,3.778744e+01,3.778744e+01,3.778744e+01,3.778744e+01,3.778744e+01,3.778744e+01,3.778744e+01,3.778744e+01,3.778744e+01,3.778744e+01,3.778744e+01,3.778744e+01,3.778744e+01,3.778744e+01,3.778744e+01,3.778744e+01,3.778744e+01,3.778744e+01,3.778744e+01,3.778744e+01,3.778744e+01,3.778744e+01,3.778744e+01,3.778744e+01,3.778744e+01,3.778744e+01,3.778744e+01,3.778744e+01,3.778744e+01,3.778744e+01,3.778744e+01,3.778744e+01,3.778744e+01,3.778744e+01,3.778744e+01,3.778744e+01,3.778744e+01,3.778744e+01,3.778744e+01,3.778744e+01,3.778744e+01,3.778744e+01,3.834330e+01,3.820798e+01,3.820798e+01,3.820798e+01,3.820798e+01,3.820798e+01,3.820798e+01,3.820798e+01,3.820798e+01,3.820798e+01,3.820798e+01,3.876175e+01,3.881563e+01,3.890985e+01,3.890985e+01,3.890985e+01,3.946016e+01,3.932619e+01,3.954047e+01,3.962072e+01,3.962072e+01,3.962072e+01,4.015426e+01,4.015426e+01,4.015426e+01,4.015426e+01,4.069854e+01,4.020747e+01,4.034040e+01,4.043336e+01,4.065880e+01,4.120066e+01,4.124021e+01,4.127974e+01,4.127974e+01,4.127974e+01,4.181867e+01,4.197593e+01,4.197593e+01,4.251160e+01,4.238118e+01,4.291497e+01,4.266791e+01,4.320038e+01,4.325219e+01,4.338164e+01,4.338164e+01,4.391084e+01,4.392372e+01,4.412957e+01,4.415527e+01,4.452737e+01,4.487273e+01,4.506417e+01,4.526802e+01,4.542068e+01,4.594078e+01,4.633251e+01,4.630728e+01,4.657197e+01,4.672296e+01,4.703690e+01,4.762490e+01,4.762490e+01,4.817276e+01,4.860680e+01,4.927340e+01,4.948251e+01,4.976484e+01,5.014435e+01,5.059578e+01,5.098487e+01,5.189202e+01,5.209673e+01,5.261301e+01,5.290023e+01,5.325835e+01,5.371050e+01,5.455098e+01,5.475140e+01,5.529213e+01,5.569033e+01,5.639003e+01,5.658759e+01,5.699338e+01,5.716690e+01,5.752477e+01,5.790465e+01,5.827196e+01,5.861538e+01,5.931091e+01,5.951545e+01,5.970833e+01,6.014976e+01,6.048833e+01,6.085976e+01,6.100580e+01,6.130859e+01,6.158835e+01,6.191214e+01,6.191214e+01,6.236859e+01,6.241304e+01,6.263506e+01,6.282350e+01,6.327688e+01,6.330999e+01,6.295635e+01,6.361868e+01,6.351954e+01,6.351954e+01,6.397061e+01,6.375076e+01,6.393765e+01,6.397061e+01,6.397061e+01,6.409137e+01,6.409137e+01,6.409137e+01,6.409137e+01,6.409137e+01,6.409137e+01,6.409137e+01,6.409137e+01,6.409137e+01,6.409137e+01,6.409137e+01,6.409137e+01,6.409137e+01,6.409137e+01,6.409137e+01,6.409137e+01,6.409137e+01,6.376176e+01,6.402551e+01,6.349749e+01,6.349749e+01,6.349749e+01,6.349749e+01,6.349749e+01,6.349749e+01,6.349749e+01,6.275702e+01,6.303379e+01,6.290101e+01,6.239082e+01,6.221291e+01,6.227965e+01,6.211273e+01,6.139818e+01,6.109558e+01,6.082603e+01,6.043196e+01,6.011586e+01,5.973100e+01,5.912883e+01,5.872966e+01,5.828342e+01,5.785866e+01,5.731709e+01,5.697022e+01,5.643654e+01,5.587729e+01,5.569033e+01,5.525694e+01,5.489268e+01,5.446836e+01,5.446836e+01,5.398338e+01,5.373425e+01,5.373425e+01,5.341321e+01,5.299583e+01,5.263697e+01,5.263697e+01,5.224102e+01,5.206063e+01,5.190408e+01,5.190408e+01,5.183175e+01,5.155413e+01,5.133643e+01,5.113046e+01,5.079048e+01,5.060796e+01,5.038857e+01,5.038857e+01,4.988739e+01,4.987514e+01,4.987514e+01,4.987514e+01,4.944563e+01,4.944563e+01,4.944563e+01,4.894056e+01,4.896524e+01,4.896524e+01,4.896524e+01,4.896524e+01,4.896524e+01,4.856965e+01,4.856965e+01,4.856965e+01,4.806091e+01,4.808577e+01,4.808577e+01,4.808577e+01,4.808577e+01,4.808577e+01,4.808577e+01,4.757497e+01,4.808577e+01,4.755000e+01,4.766233e+01,4.757497e+01,4.757497e+01,4.757497e+01,4.757497e+01,4.757497e+01,4.757497e+01,4.757497e+01,4.757497e+01,4.713719e+01,4.713719e+01,4.713719e+01,4.713719e+01,4.713719e+01,4.713719e+01,4.713719e+01,4.713719e+01,4.662232e+01,4.713719e+01,4.688631e+01,4.688631e+01,4.688631e+01,4.688631e+01,4.688631e+01,4.688631e+01,4.688631e+01,4.688631e+01,4.688631e+01,4.688631e+01,4.688631e+01,4.688631e+01,4.688631e+01,4.688631e+01,4.688631e+01,4.688631e+01,4.688631e+01,4.688631e+01,4.688631e+01,4.688631e+01,4.688631e+01,4.740005e+01,4.740005e+01,4.740005e+01,4.740005e+01,4.740005e+01,4.740005e+01
3.826213e+01,3.826213e+01,3.826213e+01,3.881563e+01,3.881563e+01,3.881563e+01,3.881563e+01,3.881563e+01,3.881563e+01,3.881563e+01,3.881563e+01,3.881563e+01,3.881563e+01,3.881563e+01,3.881563e+01,3.936640e+01,3.932619e+01,3.932619e+01,3.932619e+01,3.932619e+01,3.932619e+01,3.932619e+01,3.932619e+01,3.932619e+01,3.932619e+01,3.932619e+01,3.932619e+01,3.932619e+01,3.972763e+01,3.972763e+01,3.972763e+01,3.972763e+01,3.972763e+01,3.972763e+01,3.972763e+01,3.972763e+01,3.972763e+01,4.027396e+01,4.027396e+01,4.027396e+01,4.027396e+01,4.027396e+01,4.027396e+01,4.027396e+01,4.027396e+01,4.027396e+01,4.027396e+01,4.027396e+01,4.027396e+01,4.027396e+01,4.027396e+01,4.027396e+01,4.027396e+01,3.972763e+01,3.984778e+01,3.984778e+01,3.984778e+01,3.984778e+01,3.984778e+01,3.984778e+01,3.984778e+01,3.984778e+01,3.984778e+01,3.984778e+01,3.984778e+01,3.984778e+01,3.984778e+01,3.984778e+01,3.984778e+01,3.984778e+01,3.984778e+01,3.984778e+01,3.984778e+01,3.984778e+01,3.984778e+01,3.984778e+01,3.984778e+01,3.984778e+01,3.984778e+01,3.984778e+01,3.984778e+01,3.984778e+01,3.984778e+01,3.984778e+01,3.984778e+01,3.984778e+01,3.984778e+01,3.984778e+01,3.984778e+01,3.984778e+01,3.984778e+01,3.984778e+01,3.984778e+01,3.984778e+01,3.984778e+01,3.984778e+01,3.984778e+01,3.984778e+01,3.984778e+01,3.984778e+01,3.984778e+01,3.984778e+01,3.984778e+01,3.984778e+01,3.984778e+01,3.984778e+01,3.951371e+01,3.951371e+01,3.951371e+01,3.951371e+01,3.951371e+01,3.951371e+01,3.951371e+01,3.951371e+01,3.908464e+01,3.908464e+01,3.908464e+01,3.908464e+01,3.908464e+01,3.908464e+01,3.908464e+01,3.853247e+01,3.900400e+01,3.890985e+01,3.873480e+01,3.873480e+01,3.873480e+01,3.873480e+01,3.873480e+01,3.873480e+01,3.873480e+01,3.873480e+01,3.818090e+01,3.830272e+01,3.842442e+01,3.842442e+01,3.842442e+01,3.842442e+01,3.842442e+01,3.842442e+01,3.842442e+01,3.842442e+01,3.842442e+01,3.842442e+01,3.842442e+01,3.842442e+01,3.842442e+01,3.842442e+01,3.842442e+01,3.842442e+01,3.842442e+01,3.842442e+01,3.842442e+01,3.786896e+01,3.786896e+01,3.786896e+01,3.786896e+01,3.786896e+01,3.786896e+01,3.786896e+01,3.786896e+01,3.786896e+01,3.786896e+01,3.786896e+01,3.786896e+01,3.786896e+01,3.786896e+01,3.786896e+01,3.786896e+01,3.786896e+01,3.786896e+01,3.786896e+01,3.786896e+01,3.786896e+01,3.786896e+01,3.786896e+01,3.786896e+01,3.786896e+01,3.786896e+01,3.786896e+01,3.786896e+01,3.786896e+01,3.786896e+01,3.786896e+01,3.786896e+01,3.786896e+01,3.786896e+01,3.786896e+01,3.786896e+01,3.786896e+01,3.786896e+01,3.786896e+01,3.786896e+01,3.786896e+01,3.786896e+01,3.786896e+01,3.786896e+01,3.816735e+01,3.816735e+01,3.816735e+01,3.816735e+01,3.816735e+01,3.816735e+01,3.816735e+01,3.816735e+01,3.872132e+01,3.845144e+01,3.832978e+01,3.832978e+01,3.832978e+01,3.832978e+01,3.832978e+01,3.832978e+01,3.832978e+01,3.777385e+01,3.789612e+01,3.789612e+01,3.789612e+01,3.789612e+01,3.789612e+01,3.789612e+01,3.789612e+01,3.789612e+01,3.789612e+01,3.789612e+01,3.789612e+01,3.733801e+01,3.746076e+01,3.781462e+01,3.743349e+01,3.729706e+01,3.729706e+01,3.729706e+01,3.729706e+01,3.729706e+01,3.765144e+01,3.765144e+01,3.765144e+01,3.765144e+01,3.765144e+01,3.765144e+01,3.765144e+01,3.765144e+01,3.820798e+01,3.782821e+01,3.782821e+01,3.782821e+01,3.782821e+01,3.782821e+01,3.812671e+01,3.812671e+01,3.812671e+01,3.812671e+01,3.812671e+01,3.812671e+01,3.812671e+01,3.812671e+01,3.812671e+01,3.812671e+01,3.812671e+01,3.812671e+01,3.812671e+01,3.812671e+01,3.812671e+01,3.812671e+01,3.812671e+01,3.812671e+01,3.812671e+01,3.812671e+01,3.812671e+01,3.812671e+01,3.812671e+01,3.812671e+01,3.812671e+01,3.812671e+01,3.812671e+01,3.812671e+01,3.756976e+01,3.809961e+01,3.807250e+01,3.799113e+01,3.761061e+01,3.761061e+01,3.761061e+01,3.761061e+01,3.761061e+01,3.761061e+01,3.761061e+01,3.761061e+01,3.761061e+01,3.761061e+01,3.761061e+01,3.761061e+01,3.761061e+01,3.761061e+01,3.761061e+01,3.761061e+01,3.761061e+01,3.761061e+01,3.816735e+01,3.816735e+01,3.782821e+01,3.812671e+01,3.812671e+01,3.812671e+01,3.812671e+01,3.812671e+01,3.812671e+01,3.812671e+01,3.812671e+01,3.812671e+01,3.812671e+01,3.812671e+01,3.812671e+01,3.812671e+01,3.812671e+01,3.868088e+01,3.855947e+01,3.855947e+01,3.855947e+01,3.855947e+01,3.855947e+01,3.855947e+01,3.855947e+01,3.855947e+01,3.855947e+01,3.855947e+01,3.855947e+01,3.855947e+01,3.855947e+01,3.855947e+01,3.855947e+01,3.855947e+01,3.855947e+01,3.855947e+01,3.800470e+01,3.796399e+01,3.789612e+01,3.789612e+01,3.789612e+01,3.789612e+01,3.789612e+01,3.789612e+01,3.789612e+01,3.789612e+01,3.789612e+01,3.789612e+01,3.789612e+01,3.789612e+01,3.789612e+01,3.789612e+01,3.789612e+01,3.789612e+01,3.789612e+01,3.789612e+01,3.789612e+01,3.789612e+01,3.789612e+01,3.789612e+01,3.789612e+01,3.789612e+01,3.789612e+01,3.789612e+01,3.789612e+01,3.789612e+01,3.789612e+01,3.789612e+01,3.789612e+01,3.789612e+01,3.789612e+01,3.789612e+01,3.789612e+01,3.789612e+01,3.789612e+01,3.789612e+01,3.789612e+01,3.789612e+01,3.789612e+01,3.789612e+01,3.789612e+01,3.789612e+01,3.834330e+01,3.834330e+01,3.834330e+01,3.834330e+01,3.834330e+01,3.834330e+01,3.834330e+01,3.834330e+01,3.834330e+01,3.834330e+01,3.834330e+01,3.876175e+01,3.876175e+01,3.876175e+01,3.876175e+01,3.931279e+01,3.935300e+01,3.935300e+01,3.935300e+01,3.990114e+01,3.978105e+01,3.998114e+01,4.004775e+01,4.004775e+01,4.004775e+01,4.059254e+01,4.061905e+01,4.092345e+01,4.065880e+01,4.108194e+01,4.108194e+01,4.109513e+01,4.109513e+01,4.109513e+01,4.163493e+01,4.167433e+01,4.171371e+01,4.225061e+01,4.228979e+01,4.240727e+01,4.257675e+01,4.274598e+01,4.286300e+01,4.303181e+01,4.303181e+01,4.338164e+01,4.357553e+01,4.374331e+01,4.374331e+01,4.412957e+01,4.436071e+01,4.464260e+01,4.487273e+01,4.539525e+01,4.529348e+01,4.561123e+01,4.587748e+01,4.626942e+01,4.647121e+01,4.657197e+01,4.692398e+01,4.717478e+01,4.797383e+01,4.801115e+01,4.839618e+01,4.859442e+01,4.911326e+01,4.951937e+01,4.987514e+01,5.027873e+01,5.103342e+01,5.123954e+01,5.179558e+01,5.218092e+01,5.256507e+01,5.295999e+01,5.338940e+01,5.418470e+01,5.451558e+01,5.489268e+01,5.529213e+01,5.616887e+01,5.635514e+01,5.672686e+01,5.685439e+01,5.721313e+01,5.765152e+01,5.785866e+01,5.832926e+01,5.874108e+01,5.917437e+01,5.917437e+01,5.970833e+01,6.010455e+01,6.056720e+01,6.072482e+01,6.151008e+01,6.165541e+01,6.178942e+01,6.191214e+01,6.207932e+01,6.223516e+01,6.269051e+01,6.260178e+01,6.295635e+01,6.314434e+01,6.298954e+01,6.305591e+01,6.348647e+01,6.348647e+01,6.393765e+01,6.393765e+01,6.393765e+01,6.393765e+01,6.393765e+01,6.438734e+01,6.416817e+01,6.416817e+01,6.416817e+01,6.416817e+01,6.416817e+01,6.416817e+01,6.416817e+01,6.416817e+01,6.416817e+01,6.416817e+01,6.416817e+01,6.416817e+01,6.416817e+01,6.416817e+01,6.371775e+01,6.393765e+01,6.375076e+01,6.381675e+01,6.380575e+01,6.362969e+01,6.362969e+01,6.362969e+01,6.317749e+01,6.326584e+01,6.335414e+01,6.318853e+01,6.335414e+01,6.291208e+01,6.273486e+01,6.252410e+01,6.252410e+01,6.252410e+01,6.211273e+01,6.190099e+01,6.106192e+01,6.070231e+01,6.047706e+01,6.003671e+01,5.971967e+01,5.911744e+01,5.871824e+01,5.827196e+01,5.784716e+01,5.736327e+01,5.688915e+01,5.642492e+01,5.601733e+01,5.565525e+01,5.530386e+01,5.481029e+01,5.460996e+01,5.443294e+01,5.403078e+01,5.378174e+01,5.357978e+01,5.328218e+01,5.304360e+01,5.268488e+01,5.250512e+01,5.238515e+01,5.238515e+01,5.190408e+01,5.190408e+01,5.140903e+01,5.139693e+01,5.139693e+01,5.139693e+01,5.079048e+01,5.079048e+01,5.079048e+01,5.038857e+01,5.053487e+01,4.977710e+01,4.977710e+01,4.977710e+01,4.977710e+01,4.944563e+01,4.926109e+01,4.910093e+01,4.910093e+01,4.910093e+01,4.910093e+01,4.859442e+01,4.854489e+01,4.853250e+01,4.853250e+01,4.853250e+01,4.853250e+01,4.808577e+01,4.808577e+01,4.808577e+01,4.808577e+01,4.808577e+01,4.808577e+01,4.808577e+01,4.808577e+01,4.755000e+01,4.755000e+01,4.755000e+01,4.755000e+01,4.755000e+01,4.755000e+01,4.755000e+01,4.755000e+01,4.755000e+01,4.755000e+01,4.713719e+01,4.713719e+01,4.713719e+01,4.713719e+01,4.713719e+01,4.713719e+01,4.713719e+01,4.713719e+01,4.713719e+01,4.713719e+01,4.713719e+01,4.713719e+01,4.662232e+01,4.672296e+01,4.672296e+01,4.672296e+01,4.672296e+01,4.723740e+01,4.713719e+01,4.713719e+01,4.713719e+01,4.713719e+01,4.713719e+01,4.713719e+01,4.713719e+01,4.713719e+01,4.713719e+01,4.713719e+01,4.713719e+01,4.713719e+01,4.713719e+01,4.713719e+01,4.713719e+01,4.713719e+01,4.740005e+01,4.740005e+01,4.740005e+01
3.826213e+01,3.826213e+01,3.826213e+01,3.881563e+01,3.881563e+01,3.881563e+01,3.881563e+01,3.881563e+01,3.881563e+01,3.881563e+01,3.881563e+01,3.881563e+01,3.881563e+01,3.881563e+01,3.881563e+01,3.881563e+01,3.932619e+01,3.932619e+01,3.932619e+01,3.932619e+01,3.932619e+01,3.932619e+01,3.932619e+01,3.932619e+01,3.932619e+01,3.932619e+01,3.932619e+01,3.987447e+01,3.988781e+01,3.988781e+01,3.988781e+01,3.988781e+01,3.988781e+01,3.988781e+01,3.988781e+01,3.988781e+01,3.988781e+01,3.988781e+01,3.988781e+01,3.988781e+01,3.988781e+01,3.988781e+01,3.988781e+01,3.988781e+01,3.988781e+01,3.988781e+01,3.988781e+01,3.988781e+01,3.988781e+01,3.988781e+01,3.988781e+01,3.988781e+01,3.988781e+01,3.988781e+01,3.988781e+01,3.988781e+01,3.988781e+01,3.988781e+01,3.988781e+01,3.988781e+01,3.988781e+01,3.988781e+01,3.988781e+01,3.988781e+01,3.988781e+01,3.988781e+01,3.988781e+01,3.988781e+01,3.988781e+01,3.988781e+01,3.988781e+01,3.988781e+01,3.988781e+01,3.988781e+01,3.988781e+01,3.988781e+01,3.988781e+01,3.988781e+01,3.988781e+01,3.988781e+01,3.988781e+01,3.988781e+01,3.988781e+01,3.988781e+01,3.988781e+01,3.988781e+01,3.988781e+01,3.988781e+01,3.988781e+01,3.988781e+01,3.988781e+01,3.988781e+01,3.988781e+01,3.988781e+01,3.988781e+01,3.988781e+01,3.988781e+01,3.988781e+01,3.988781e+01,3.988781e+01,3.988781e+01,3.988781e+01,3.988781e+01,3.988781e+01,3.988781e+01,3.988781e+01,3.988781e+01,3.951371e+01,3.951371e+01,3.951371e+01,3.951371e+01,3.951371e+01,3.951371e+01,3.951371e+01,3.951371e+01,3.951371e+01,3.951371e+01,3.908464e+01,3.908464e+01,3.908464e+01,3.908464e+01,3.908464e+01,3.908464e+01,3.908464e+01,3.873480e+01,3.873480e+01,3.873480e+01,3.873480e+01,3.873480e+01,3.873480e+01,3.873480e+01,3.873480e+01,3.873480e+01,3.873480e+01,3.873480e+01,3.873480e+01,3.873480e+01,3.873480e+01,3.842442e+01,3.842442e+01,3.842442e+01,3.842442e+01,3.842442e+01,3.842442e+01,3.842442e+01,3.842442e+01,3.842442e+01,3.842442e+01,3.842442e+01,3.842442e+01,3.842442e+01,3.842442e+01,3.842442e+01,3.842442e+01,3.842442e+01,3.786896e+01,3.786896e+01,3.786896e+01,3.786896e+01,3.786896e+01,3.786896e+01,3.786896e+01,3.786896e+01,3.786896e+01,3.786896e+01,3.786896e+01,3.786896e+01,3.786896e+01,3.786896e+01,3.786896e+01,3.786896e+01,3.786896e+01,3.786896e+01,3.786896e+01,3.786896e+01,3.786896e+01,3.786896e+01,3.786896e+01,3.786896e+01,3.786896e+01,3.786896e+01,3.786896e+01,3.786896e+01,3.786896e+01,3.786896e+01,3.786896e+01,3.786896e+01,3.786896e+01,3.786896e+01,3.786896e+01,3.786896e+01,3.786896e+01,3.786896e+01,3.786896e+01,3.786896e+01,3.842442e+01,3.839738e+01,3.841090e+01,3.841090e+01,3.841090e+01,3.841090e+01,3.841090e+01,3.841090e+01,3.841090e+01,3.841090e+01,3.872132e+01,3.872132e+01,3.872132e+01,3.872132e+01,3.872132e+01,3.872132e+01,3.872132e+01,3.832978e+01,3.812671e+01,3.795042e+01,3.795042e+01,3.795042e+01,3.795042e+01,3.795042e+01,3.795042e+01,3.795042e+01,3.795042e+01,3.795042e+01,3.795042e+01,3.795042e+01,3.795042e+01,3.795042e+01,3.795042e+01,3.795042e+01,3.743349e+01,3.743349e+01,3.743349e+01,3.743349e+01,3.743349e+01,3.799113e+01,3.800470e+01,3.789612e+01,3.789612e+01,3.789612e+01,3.789612e+01,3.789612e+01,3.789612e+01,3.789612e+01,3.789612e+01,3.789612e+01,3.845144e+01,3.816735e+01,3.805894e+01,3.828920e+01,3.830272e+01,3.830272e+01,3.830272e+01,3.830272e+01,3.830272e+01,3.830272e+01,3.830272e+01,3.830272e+01,3.830272e+01,3.830272e+01,3.830272e+01,3.830272e+01,3.830272e+01,3.830272e+01,3.830272e+01,3.830272e+01,3.830272e+01,3.830272e+01,3.830272e+01,3.830272e+01,3.830272e+01,3.830272e+01,3.830272e+01,3.830272e+01,3.830272e+01,3.830272e+01,3.830272e+01,3.774666e+01,3.780103e+01,3.792327e+01,3.792327e+01,3.792327e+01,3.792327e+01,3.792327e+01,3.792327e+01,3.792327e+01,3.792327e+01,3.792327e+01,3.792327e+01,3.792327e+01,3.792327e+01,3.792327e+01,3.792327e+01,3.792327e+01,3.761061e+01,3.761061e+01,3.761061e+01,3.761061e+01,3.761061e+01,3.816735e+01,3.812671e+01,3.789612e+01,3.803182e+01,3.868088e+01,3.839738e+01,3.839738e+01,3.839738e+01,3.839738e+01,3.839738e+01,3.839738e+01,3.839738e+01,3.839738e+01,3.839738e+01,3.839738e+01,3.839738e+01,3.839738e+01,3.839738e+01,3.839738e+01,3.839738e+01,3.839738e+01,3.839738e+01,3.839738e+01,3.895021e+01,3.884256e+01,3.873480e+01,3.873480e+01,3.873480e+01,3.873480e+01,3.873480e+01,3.873480e+01,3.873480e+01,3.818090e+01,3.828920e+01,3.828920e+01,3.828920e+01,3.828920e+01,3.828920e+01,3.828920e+01,3.828920e+01,3.828920e+01,3.828920e+01,3.828920e+01,3.828920e+01,3.789612e+01,3.789612e+01,3.789612e+01,3.789612e+01,3.789612e+01,3.789612e+01,3.789612e+01,3.789612e+01,3.789612e+01,3.789612e+01,3.789612e+01,3.789612e+01,3.789612e+01,3.789612e+01,3.789612e+01,3.789612e+01,3.789612e+01,3.789612e+01,3.789612e+01,3.789612e+01,3.789612e+01,3.789612e+01,3.789612e+01,3.789612e+01,3.789612e+01,3.789612e+01,3.789612e+01,3.789612e+01,3.789612e+01,3.789612e+01,3.789612e+01,3.789612e+01,3.789612e+01,3.845144e+01,3.816735e+01,3.816735e+01,3.816735e+01,3.816735e+01,3.816735e+01,3.816735e+01,3.816735e+01,3.816735e+01,3.872132e+01,3.861345e+01,3.861345e+01,3.861345e+01,3.861345e+01,3.861345e+01,3.861345e+01,3.861345e+01,3.861345e+01,3.916521e+01,3.905777e+01,3.909807e+01,3.920548e+01,3.920548e+01,3.920548e+01,3.975434e+01,3.979440e+01,3.979440e+01,3.979440e+01,4.034040e+01,4.023407e+01,4.043336e+01,4.048645e+01,4.073826e+01,4.093666e+01,4.089701e+01,4.109513e+01,4.109513e+01,4.109513e+01,4.163493e+01,4.163493e+01,4.159552e+01,4.159552e+01,4.213297e+01,4.214605e+01,4.214605e+01,4.214605e+01,4.257675e+01,4.257675e+01,4.286300e+01,4.286300e+01,4.339457e+01,4.340751e+01,4.393660e+01,4.383355e+01,4.405242e+01,4.414242e+01,4.457859e+01,4.465540e+01,4.506417e+01,4.522983e+01,4.544611e+01,4.572541e+01,4.599140e+01,4.628204e+01,4.628204e+01,4.657197e+01,4.693653e+01,4.736254e+01,4.781195e+01,4.806091e+01,4.840858e+01,4.877997e+01,4.912558e+01,4.947022e+01,4.996087e+01,5.029094e+01,5.087556e+01,5.126377e+01,5.174733e+01,5.224102e+01,5.269685e+01,5.297194e+01,5.340131e+01,5.413736e+01,5.457458e+01,5.502205e+01,5.578384e+01,5.613392e+01,5.651790e+01,5.673846e+01,5.705124e+01,5.734018e+01,5.797360e+01,5.800806e+01,5.835218e+01,5.876392e+01,5.903770e+01,5.967431e+01,6.000278e+01,6.030787e+01,6.043196e+01,6.076981e+01,6.137579e+01,6.165541e+01,6.165541e+01,6.191214e+01,6.236859e+01,6.240193e+01,6.255740e+01,6.274594e+01,6.296742e+01,6.342032e+01,6.317749e+01,6.335414e+01,6.339826e+01,6.357462e+01,6.380575e+01,6.380575e+01,6.425588e+01,6.416817e+01,6.420107e+01,6.429971e+01,6.429971e+01,6.429971e+01,6.429971e+01,6.429971e+01,6.429971e+01,6.429971e+01,6.429971e+01,6.429971e+01,6.429971e+01,6.429971e+01,6.429971e+01,6.429971e+01,6.429971e+01,6.429971e+01,6.429971e+01,6.393765e+01,6.393765e+01,6.393765e+01,6.393765e+01,6.393765e+01,6.393765e+01,6.393765e+01,6.362969e+01,6.339826e+01,6.339826e+01,6.339826e+01,6.339826e+01,6.291208e+01,6.291208e+01,6.291208e+01,6.252410e+01,6.234636e+01,6.224628e+01,6.185637e+01,6.156599e+01,6.123016e+01,6.073606e+01,6.044324e+01,5.998016e+01,5.943594e+01,5.909467e+01,5.860395e+01,5.823757e+01,5.770909e+01,5.729400e+01,5.630860e+01,5.607564e+01,5.560845e+01,5.565525e+01,5.497503e+01,5.460996e+01,5.472784e+01,5.448017e+01,5.425567e+01,5.387667e+01,5.319873e+01,5.332985e+01,5.306748e+01,5.279260e+01,5.257705e+01,5.239715e+01,5.206063e+01,5.187997e+01,5.204859e+01,5.178352e+01,5.119107e+01,5.100914e+01,5.088771e+01,5.088771e+01,5.088771e+01,5.038857e+01,5.035197e+01,4.993638e+01,4.993638e+01,4.993638e+01,4.943334e+01,4.942104e+01,4.942104e+01,4.910093e+01,4.910093e+01,4.910093e+01,4.859442e+01,4.863155e+01,4.863155e+01,4.863155e+01,4.863155e+01,4.863155e+01,4.863155e+01,4.808577e+01,4.808577e+01,4.808577e+01,4.808577e+01,4.808577e+01,4.808577e+01,4.808577e+01,4.757497e+01,4.758746e+01,4.758746e+01,4.758746e+01,4.758746e+01,4.758746e+01,4.758746e+01,4.758746e+01,4.758746e+01,4.758746e+01,4.758746e+01,4.713719e+01,4.713719e+01,4.713719e+01,4.713719e+01,4.713719e+01,4.713719e+01,4.713719e+01,4.713719e+01,4.713719e+01,4.713719e+01,4.713719e+01,4.713719e+01,4.713719e+01,4.713719e+01,4.713719e+01,4.713719e+01,4.713719e+01,4.713719e+01,4.713719e+01,4.713719e+01,4.713719e+01,4.713719e+01,4.713719e+01,4.713719e+01,4.713719e+01,4.713719e+01,4.713719e+01,4.713719e+01,4.713719e+01,4.713719e+01,4.713719e+01,4.713719e+01,4.713719e+01,4.713719e+01,4.740005e+01,4.740005e+01,4.740005e+01
3.881563e+01,3.853247e+01,3.873480e+01,3.877522e+01,3.877522e+01,3.877522e+01,3.877522e+01,3.877522e+01,3.877522e+01,3.877522e+01,3.877522e+01,3.877522e+01,3.877522e+01,3.877522e+01,3.877522e+01,3.932619e+01,3.928597e+01,3.928597e+01,3.928597e+01,3.928597e+01,3.928597e+01,3.928597e+01,3.928597e+01,3.928597e+01,3.928597e+01,3.983444e+01,3.983444e+01,3.983444e+01,3.983444e+01,3.983444e+01,3.983444e+01,3.983444e+01,3.983444e+01,3.983444e+01,3.983444e+01,3.983444e+01,3.983444e+01,3.983444e+01,3.983444e+01,3.983444e+01,3.983444e+01,3.983444e+01,3.983444e+01,4.038025e+01,4.010102e+01,4.010102e+01,4.010102e+01,4.010102e+01,4.010102e+01,4.010102e+01,4.010102e+01,4.010102e+01,4.010102e+01,4.010102e+01,4.010102e+01,4.010102e+01,4.010102e+01,3.955385e+01,3.967419e+01,4.022078e+01,4.010102e+01,4.010102e+01,4.010102e+01,4.010102e+01,4.010102e+01,4.010102e+01,4.010102e+01,4.010102e+01,4.010102e+01,4.010102e+01,4.010102e+01,4.010102e+01,4.010102e+01,4.010102e+01,4.010102e+01,4.010102e+01,4.010102e+01,4.010102e+01,4.010102e+01,4.010102e+01,4.010102e+01,4.010102e+01,4.010102e+01,4.010102e+01,4.010102e+01,4.010102e+01,4.010102e+01,4.010102e+01,4.010102e+01,4.010102e+01,4.010102e+01,4.010102e+01,4.010102e+01,4.010102e+01,4.010102e+01,4.010102e+01,4.010102e+01,4.010102e+01,3.955385e+01,3.967419e+01,3.967419e+01,3.967419e+01,3.967419e+01,3.967419e+01,3.967419e+01,3.967419e+01,3.967419e+01,3.967419e+01,3.967419e+01,3.967419e+01,3.967419e+01,3.912493e+01,3.924573e+01,3.924573e+01,3.924573e+01,3.924573e+01,3.924573e+01,3.924573e+01,3.924573e+01,3.924573e+01,3.924573e+01,3.924573e+01,3.869437e+01,3.864043e+01,3.862694e+01,3.862694e+01,3.862694e+01,3.862694e+01,3.862694e+01,3.862694e+01,3.862694e+01,3.862694e+01,3.862694e+01,3.862694e+01,3.862694e+01,3.862694e+01,3.862694e+01,3.862694e+01,3.862694e+01,3.862694e+01,3.862694e+01,3.862694e+01,3.862694e+01,3.862694e+01,3.862694e+01,3.862694e+01,3.862694e+01,3.862694e+01,3.862694e+01,3.862694e+01,3.862694e+01,3.862694e+01,3.807250e+01,3.819444e+01,3.854597e+01,3.816735e+01,3.804538e+01,3.804538e+01,3.804538e+01,3.804538e+01,3.804538e+01,3.804538e+01,3.804538e+01,3.804538e+01,3.804538e+01,3.804538e+01,3.804538e+01,3.804538e+01,3.804538e+01,3.804538e+01,3.804538e+01,3.804538e+01,3.804538e+01,3.804538e+01,3.804538e+01,3.804538e+01,3.804538e+01,3.804538e+01,3.804538e+01,3.804538e+01,3.804538e+01,3.804538e+01,3.804538e+01,3.804538e+01,3.804538e+01,3.804538e+01,3.804538e+01,3.804538e+01,3.804538e+01,3.804538e+01,3.804538e+01,3.804538e+01,3.804538e+01,3.804538e+01,3.804538e+01,3.842442e+01,3.842442e+01,3.842442e+01,3.842442e+01,3.842442e+01,3.842442e+01,3.897711e+01,3.869437e+01,3.857297e+01,3.878869e+01,3.880216e+01,3.880216e+01,3.880216e+01,3.880216e+01,3.880216e+01,3.880216e+01,3.880216e+01,3.832978e+01,3.832978e+01,3.832978e+01,3.832978e+01,3.832978e+01,3.832978e+01,3.832978e+01,3.832978e+01,3.832978e+01,3.832978e+01,3.832978e+01,3.795042e+01,3.795042e+01,3.795042e+01,3.795042e+01,3.795042e+01,3.795042e+01,3.795042e+01,3.795042e+01,3.795042e+01,3.795042e+01,3.795042e+01,3.795042e+01,3.795042e+01,3.795042e+01,3.795042e+01,3.795042e+01,3.795042e+01,3.795042e+01,3.795042e+01,3.795042e+01,3.795042e+01,3.795042e+01,3.845144e+01,3.815381e+01,3.815381e+01,3.815381e+01,3.815381e+01,3.815381e+01,3.870784e+01,3.858646e+01,3.846495e+01,3.846495e+01,3.846495e+01,3.846495e+01,3.846495e+01,3.846495e+01,3.846495e+01,3.846495e+01,3.846495e+01,3.846495e+01,3.846495e+01,3.846495e+01,3.846495e+01,3.846495e+01,3.846495e+01,3.846495e+01,3.846495e+01,3.846495e+01,3.846495e+01,3.846495e+01,3.846495e+01,3.846495e+01,3.846495e+01,3.846495e+01,3.846495e+01,3.846495e+01,3.792327e+01,3.792327e+01,3.792327e+01,3.792327e+01,3.792327e+01,3.792327e+01,3.792327e+01,3.792327e+01,3.792327e+01,3.792327e+01,3.792327e+01,3.792327e+01,3.792327e+01,3.792327e+01,3.792327e+01,3.792327e+01,3.792327e+01,3.792327e+01,3.792327e+01,3.792327e+01,3.792327e+01,3.792327e+01,3.792327e+01,3.792327e+01,3.839738e+01,3.839738e+01,3.839738e+01,3.839738e+01,3.839738e+01,3.839738e+01,3.839738e+01,3.839738e+01,3.839738e+01,3.839738e+01,3.839738e+01,3.839738e+01,3.895021e+01,3.866740e+01,3.866740e+01,3.866740e+01,3.866740e+01,3.866740e+01,3.866740e+01,3.866740e+01,3.866740e+01,3.866740e+01,3.866740e+01,3.866740e+01,3.866740e+01,3.866740e+01,3.866740e+01,3.866740e+01,3.866740e+01,3.866740e+01,3.866740e+01,3.866740e+01,3.866740e+01,3.866740e+01,3.866740e+01,3.828920e+01,3.828920e+01,3.828920e+01,3.828920e+01,3.828920e+01,3.828920e+01,3.828920e+01,3.828920e+01,3.828920e+01,3.828920e+01,3.828920e+01,3.828920e+01,3.789612e+01,3.789612e+01,3.789612e+01,3.789612e+01,3.789612e+01,3.789612e+01,3.789612e+01,3.789612e+01,3.789612e+01,3.789612e+01,3.789612e+01,3.789612e+01,3.789612e+01,3.845144e+01,3.816735e+01,3.816735e+01,3.816735e+01,3.816735e+01,3.816735e+01,3.816735e+01,3.816735e+01,3.816735e+01,3.816735e+01,3.816735e+01,3.816735e+01,3.816735e+01,3.816735e+01,3.816735e+01,3.872132e+01,3.843793e+01,3.843793e+01,3.843793e+01,3.843793e+01,3.843793e+01,3.843793e+01,3.843793e+01,3.843793e+01,3.843793e+01,3.843793e+01,3.843793e+01,3.899056e+01,3.886948e+01,3.905777e+01,3.912493e+01,3.912493e+01,3.912493e+01,3.912493e+01,3.912493e+01,3.967419e+01,3.971427e+01,3.971427e+01,3.971427e+01,4.026067e+01,4.030054e+01,4.030054e+01,4.084412e+01,4.072502e+01,4.072502e+01,4.072502e+01,4.072502e+01,4.109513e+01,4.109513e+01,4.109513e+01,4.109513e+01,4.163493e+01,4.163493e+01,4.163493e+01,4.213297e+01,4.213297e+01,4.213297e+01,4.213297e+01,4.257675e+01,4.278500e+01,4.287599e+01,4.305776e+01,4.322629e+01,4.342044e+01,4.376910e+01,4.376910e+01,4.405242e+01,4.484719e+01,4.480885e+01,4.448893e+01,4.491105e+01,4.522983e+01,4.564930e+01,4.583948e+01,4.610521e+01,4.629466e+01,4.649640e+01,4.719983e+01,4.689887e+01,4.735003e+01,4.763738e+01,4.808577e+01,4.853250e+01,4.890352e+01,4.924878e+01,5.010767e+01,5.029094e+01,5.058360e+01,5.098487e+01,5.140903e+01,5.177145e+01,5.226505e+01,5.263697e+01,5.305554e+01,5.391225e+01,5.444475e+01,5.478674e+01,5.553822e+01,5.595900e+01,5.627368e+01,5.684280e+01,5.688915e+01,5.716690e+01,5.747865e+01,5.783566e+01,5.805400e+01,5.848957e+01,5.870681e+01,5.911744e+01,5.961760e+01,6.005933e+01,6.031915e+01,6.061226e+01,6.090471e+01,6.131980e+01,6.161071e+01,6.178942e+01,6.204590e+01,6.269051e+01,6.259069e+01,6.259069e+01,6.304485e+01,6.307802e+01,6.354157e+01,6.328792e+01,6.373976e+01,6.395962e+01,6.348647e+01,6.372875e+01,6.389370e+01,6.413526e+01,6.413526e+01,6.413526e+01,6.413526e+01,6.458430e+01,6.448586e+01,6.448586e+01,6.448586e+01,6.448586e+01,6.448586e+01,6.448586e+01,6.448586e+01,6.448586e+01,6.448586e+01,6.448586e+01,6.403649e+01,6.413526e+01,6.413526e+01,6.413526e+01,6.413526e+01,6.413526e+01,6.413526e+01,6.413526e+01,6.368473e+01,6.378376e+01,6.360767e+01,6.347545e+01,6.383874e+01,6.361868e+01,6.316644e+01,6.313329e+01,6.300061e+01,6.300061e+01,6.300061e+01,6.252410e+01,6.252410e+01,6.224628e+01,6.191214e+01,6.151008e+01,6.155481e+01,6.074731e+01,6.033044e+01,5.993489e+01,5.949274e+01,5.902630e+01,5.866111e+01,5.816876e+01,5.766304e+01,5.724780e+01,5.691232e+01,5.640166e+01,5.573709e+01,5.556164e+01,5.503381e+01,5.513955e+01,5.496326e+01,5.423202e+01,5.418470e+01,5.374612e+01,5.332985e+01,5.313909e+01,5.294804e+01,5.278064e+01,5.228908e+01,5.224102e+01,5.204859e+01,5.204859e+01,5.155413e+01,5.184381e+01,5.138484e+01,5.138484e+01,5.088771e+01,5.088771e+01,5.088771e+01,5.038857e+01,5.016879e+01,5.057142e+01,4.982613e+01,4.964217e+01,4.953165e+01,4.953165e+01,4.902694e+01,4.901460e+01,4.901460e+01,4.901460e+01,4.901460e+01,4.901460e+01,4.863155e+01,4.863155e+01,4.863155e+01,4.863155e+01,4.863155e+01,4.859442e+01,4.833416e+01,4.833416e+01,4.833416e+01,4.782441e+01,4.793649e+01,4.774963e+01,4.767481e+01,4.767481e+01,4.767481e+01,4.767481e+01,4.767481e+01,4.767481e+01,4.767481e+01,4.767481e+01,4.767481e+01,4.716225e+01,4.716225e+01,4.717478e+01,4.717478e+01,4.717478e+01,4.717478e+01,4.717478e+01,4.717478e+01,4.717478e+01,4.717478e+01,4.717478e+01,4.717478e+01,4.717478e+01,4.717478e+01,4.717478e+01,4.717478e+01,4.717478e+01,4.717478e+01,4.717478e+01,4.717478e+01,4.717478e+01,4.717478e+01,4.717478e+01,4.717478e+01,4.717478e+01,4.717478e+01,4.717478e+01,4.717478e+01,4.717478e+01,4.717478e+01,4.717478e+01,4.717478e+01,4.717478e+01,4.717478e+01,4.717478e+01,4.768728e+01,4.769976e+01,4.758746e+01,4.758746e+01
3.872132e+01,3.851897e+01,3.851897e+01,3.851897e+01,3.851897e+01,3.851897e+01,3.851897e+01,3.851897e+01,3.851897e+01,3.907120e+01,3.895021e+01,3.895021e+01,3.895021e+01,3.895021e+01,3.895021e+01,3.895021e+01,3.895021e+01,3.928597e+01,3.928597e+01,3.928597e+01,3.928597e+01,3.928597e+01,3.928597e+01,3.928597e+01,3.928597e+01,3.983444e+01,3.983444e+01,3.983444e+01,3.983444e+01,3.983444e+01,3.983444e+01,3.983444e+01,3.983444e+01,3.983444e+01,3.983444e+01,3.983444e+01,3.983444e+01,3.983444e+01,3.983444e+01,3.983444e+01,3.983444e+01,3.983444e+01,3.983444e+01,3.983444e+01,3.983444e+01,3.983444e+01,3.983444e+01,3.983444e+01,3.983444e+01,3.983444e+01,3.983444e+01,3.983444e+01,3.983444e+01,3.983444e+01,3.983444e+01,3.983444e+01,3.983444e+01,3.983444e+01,3.983444e+01,3.983444e+01,3.983444e+01,3.983444e+01,3.983444e+01,3.983444e+01,3.983444e+01,3.983444e+01,3.983444e+01,3.983444e+01,3.983444e+01,3.983444e+01,3.983444e+01,3.983444e+01,3.983444e+01,3.983444e+01,3.983444e+01,3.983444e+01,3.983444e+01,3.983444e+01,3.983444e+01,3.983444e+01,3.983444e+01,3.983444e+01,3.983444e+01,3.983444e+01,3.983444e+01,3.983444e+01,3.983444e+01,3.983444e+01,3.983444e+01,3.983444e+01,3.983444e+01,3.983444e+01,3.983444e+01,3.983444e+01,3.983444e+01,3.983444e+01,3.983444e+01,3.983444e+01,3.983444e+01,3.983444e+01,3.983444e+01,3.983444e+01,3.983444e+01,3.983444e+01,3.983444e+01,3.983444e+01,3.983444e+01,3.983444e+01,3.983444e+01,3.983444e+01,3.983444e+01,3.967419e+01,3.939320e+01,3.939320e+01,3.939320e+01,3.939320e+01,3.939320e+01,3.939320e+01,3.939320e+01,3.939320e+01,3.884256e+01,3.880216e+01,3.873480e+01,3.873480e+01,3.873480e+01,3.873480e+01,3.873480e+01,3.873480e+01,3.873480e+01,3.873480e+01,3.873480e+01,3.873480e+01,3.873480e+01,3.873480e+01,3.873480e+01,3.873480e+01,3.873480e+01,3.873480e+01,3.873480e+01,3.873480e+01,3.873480e+01,3.873480e+01,3.873480e+01,3.873480e+01,3.873480e+01,3.873480e+01,3.873480e+01,3.873480e+01,3.873480e+01,3.873480e+01,3.873480e+01,3.873480e+01,3.873480e+01,3.819444e+01,3.834330e+01,3.815381e+01,3.815381e+01,3.815381e+01,3.815381e+01,3.815381e+01,3.815381e+01,3.815381e+01,3.815381e+01,3.815381e+01,3.815381e+01,3.815381e+01,3.815381e+01,3.815381e+01,3.815381e+01,3.815381e+01,3.815381e+01,3.815381e+01,3.815381e+01,3.815381e+01,3.815381e+01,3.815381e+01,3.815381e+01,3.815381e+01,3.815381e+01,3.815381e+01,3.815381e+01,3.815381e+01,3.815381e+01,3.815381e+01,3.815381e+01,3.815381e+01,3.815381e+01,3.815381e+01,3.815381e+01,3.815381e+01,3.870784e+01,3.842442e+01,3.830272e+01,3.830272e+01,3.830272e+01,3.885602e+01,3.873480e+01,3.861345e+01,3.861345e+01,3.861345e+01,3.861345e+01,3.861345e+01,3.861345e+01,3.861345e+01,3.861345e+01,3.916521e+01,3.904433e+01,3.849196e+01,3.861345e+01,3.861345e+01,3.861345e+01,3.861345e+01,3.861345e+01,3.861345e+01,3.861345e+01,3.861345e+01,3.861345e+01,3.861345e+01,3.861345e+01,3.861345e+01,3.861345e+01,3.861345e+01,3.832978e+01,3.793685e+01,3.793685e+01,3.793685e+01,3.793685e+01,3.793685e+01,3.793685e+01,3.793685e+01,3.793685e+01,3.793685e+01,3.793685e+01,3.793685e+01,3.793685e+01,3.793685e+01,3.793685e+01,3.793685e+01,3.793685e+01,3.793685e+01,3.793685e+01,3.849196e+01,3.820798e+01,3.820798e+01,3.820798e+01,3.820798e+01,3.820798e+01,3.820798e+01,3.820798e+01,3.876175e+01,3.876175e+01,3.872132e+01,3.872132e+01,3.872132e+01,3.872132e+01,3.872132e+01,3.872132e+01,3.872132e+01,3.872132e+01,3.872132e+01,3.872132e+01,3.872132e+01,3.872132e+01,3.872132e+01,3.872132e+01,3.872132e+01,3.872132e+01,3.872132e+01,3.872132e+01,3.872132e+01,3.872132e+01,3.872132e+01,3.816735e+01,3.828920e+01,3.828920e+01,3.828920e+01,3.828920e+01,3.828920e+01,3.828920e+01,3.828920e+01,3.828920e+01,3.828920e+01,3.828920e+01,3.828920e+01,3.828920e+01,3.828920e+01,3.828920e+01,3.828920e+01,3.828920e+01,3.828920e+01,3.792327e+01,3.792327e+01,3.792327e+01,3.792327e+01,3.792327e+01,3.792327e+01,3.792327e+01,3.792327e+01,3.792327e+01,3.792327e+01,3.847846e+01,3.819444e+01,3.839738e+01,3.835683e+01,3.835683e+01,3.835683e+01,3.835683e+01,3.890985e+01,3.862694e+01,3.862694e+01,3.862694e+01,3.862694e+01,3.862694e+01,3.862694e+01,3.862694e+01,3.895021e+01,3.920548e+01,3.892331e+01,3.892331e+01,3.892331e+01,3.892331e+01,3.892331e+01,3.892331e+01,3.892331e+01,3.892331e+01,3.892331e+01,3.892331e+01,3.892331e+01,3.892331e+01,3.892331e+01,3.892331e+01,3.892331e+01,3.892331e+01,3.837035e+01,3.849196e+01,3.849196e+01,3.849196e+01,3.849196e+01,3.849196e+01,3.849196e+01,3.849196e+01,3.849196e+01,3.849196e+01,3.849196e+01,3.793685e+01,3.805894e+01,3.805894e+01,3.805894e+01,3.805894e+01,3.805894e+01,3.805894e+01,3.805894e+01,3.805894e+01,3.805894e+01,3.805894e+01,3.805894e+01,3.805894e+01,3.805894e+01,3.805894e+01,3.805894e+01,3.805894e+01,3.805894e+01,3.805894e+01,3.805894e+01,3.805894e+01,3.805894e+01,3.805894e+01,3.805894e+01,3.805894e+01,3.805894e+01,3.805894e+01,3.805894e+01,3.805894e+01,3.805894e+01,3.805894e+01,3.805894e+01,3.861345e+01,3.861345e+01,3.862694e+01,3.843793e+01,3.843793e+01,3.843793e+01,3.843793e+01,3.843793e+01,3.843793e+01,3.899056e+01,3.870784e+01,3.870784e+01,3.870784e+01,3.870784e+01,3.870784e+01,3.870784e+01,3.870784e+01,3.870784e+01,3.912493e+01,3.912493e+01,3.912493e+01,3.912493e+01,3.967419e+01,3.967419e+01,3.967419e+01,4.022078e+01,4.022078e+01,4.022078e+01,4.076473e+01,4.080443e+01,4.080443e+01,4.080443e+01,4.080443e+01,4.134560e+01,4.081766e+01,4.147721e+01,4.134560e+01,4.154295e+01,4.159552e+01,4.159552e+01,4.213297e+01,4.209373e+01,4.209373e+01,4.262885e+01,4.262885e+01,4.258978e+01,4.258978e+01,4.287599e+01,4.287599e+01,4.322629e+01,4.362718e+01,4.376910e+01,4.397522e+01,4.419382e+01,4.469378e+01,4.448893e+01,4.460420e+01,4.536982e+01,4.557314e+01,4.554774e+01,4.594078e+01,4.610521e+01,4.610521e+01,4.649640e+01,4.682351e+01,4.745005e+01,4.763738e+01,4.793649e+01,4.830934e+01,4.848294e+01,4.897758e+01,4.938415e+01,4.996087e+01,5.033977e+01,5.071750e+01,5.103342e+01,5.185587e+01,5.204859e+01,5.237314e+01,5.325835e+01,5.356789e+01,5.373425e+01,5.422019e+01,5.518652e+01,5.535077e+01,5.572541e+01,5.619217e+01,5.662242e+01,5.685439e+01,5.724780e+01,5.759392e+01,5.783566e+01,5.822610e+01,5.835218e+01,5.874108e+01,5.916299e+01,5.966297e+01,6.001409e+01,6.038685e+01,6.072482e+01,6.105070e+01,6.127499e+01,6.156599e+01,6.192329e+01,6.219065e+01,6.255740e+01,6.255740e+01,6.255740e+01,6.304485e+01,6.324376e+01,6.321062e+01,6.332103e+01,6.360767e+01,6.366272e+01,6.408040e+01,6.408040e+01,6.412429e+01,6.414623e+01,6.414623e+01,6.459524e+01,6.414623e+01,6.445303e+01,6.445303e+01,6.445303e+01,6.445303e+01,6.445303e+01,6.445303e+01,6.445303e+01,6.445303e+01,6.445303e+01,6.445303e+01,6.445303e+01,6.445303e+01,6.445303e+01,6.413526e+01,6.413526e+01,6.413526e+01,6.413526e+01,6.413526e+01,6.413526e+01,6.368473e+01,6.368473e+01,6.368473e+01,6.368473e+01,6.368473e+01,6.368473e+01,6.361868e+01,6.335414e+01,6.335414e+01,6.300061e+01,6.283457e+01,6.265725e+01,6.247969e+01,6.213499e+01,6.176709e+01,6.164424e+01,6.147652e+01,6.116289e+01,6.069106e+01,6.035300e+01,5.985564e+01,5.906049e+01,5.901490e+01,5.811139e+01,5.809991e+01,5.721313e+01,5.677325e+01,5.636677e+01,5.587729e+01,5.552652e+01,5.517477e+01,5.517477e+01,5.469249e+01,5.432661e+01,5.410184e+01,5.371050e+01,5.347272e+01,5.347272e+01,5.294804e+01,5.260102e+01,5.243315e+01,5.194022e+01,5.206063e+01,5.187997e+01,5.191612e+01,5.179558e+01,5.152996e+01,5.134853e+01,5.103342e+01,5.103342e+01,5.053487e+01,5.048612e+01,5.044955e+01,5.036417e+01,4.997311e+01,4.997311e+01,4.953165e+01,4.934724e+01,4.917488e+01,4.917488e+01,4.917488e+01,4.917488e+01,4.917488e+01,4.866867e+01,4.861917e+01,4.861917e+01,4.861917e+01,4.861917e+01,4.811063e+01,4.814791e+01,4.814791e+01,4.814791e+01,4.814791e+01,4.814791e+01,4.814791e+01,4.774963e+01,4.774963e+01,4.774963e+01,4.774963e+01,4.774963e+01,4.774963e+01,4.774963e+01,4.723740e+01,4.750004e+01,4.731250e+01,4.726244e+01,4.726244e+01,4.726244e+01,4.726244e+01,4.726244e+01,4.726244e+01,4.726244e+01,4.726244e+01,4.726244e+01,4.726244e+01,4.726244e+01,4.726244e+01,4.674810e+01,4.701182e+01,4.701182e+01,4.701182e+01,4.701182e+01,4.701182e+01,4.701182e+01,4.701182e+01,4.701182e+01,4.701182e+01,4.701182e+01,4.701182e+01,4.701182e+01,4.701182e+01,4.701182e+01,4.701182e+01,4.701182e+01,4.701182e+01,4.701182e+01,4.701182e+01,4.752502e+01,4.740005e+01,4.758746e+01,4.764986e+01,4.764986e+01,4.764986e+01,4.764986e+01
3.872132e+01,3.872132e+01,3.872132e+01,3.872132e+01,3.872132e+01,3.872132e+01,3.872132e+01,3.872132e+01,3.872132e+01,3.872132e+01,3.872132e+01,3.872132e+01,3.872132e+01,3.927256e+01,3.913836e+01,3.913836e+01,3.913836e+01,3.913836e+01,3.913836e+01,3.913836e+01,3.913836e+01,3.913836e+01,3.968755e+01,3.955385e+01,3.975434e+01,3.979440e+01,3.979440e+01,3.979440e+01,3.979440e+01,3.979440e+01,3.979440e+01,3.979440e+01,3.979440e+01,3.979440e+01,3.979440e+01,4.034040e+01,4.006107e+01,4.006107e+01,4.006107e+01,4.006107e+01,4.006107e+01,4.006107e+01,4.006107e+01,4.006107e+01,4.006107e+01,4.006107e+01,4.006107e+01,4.006107e+01,4.006107e+01,4.006107e+01,4.006107e+01,4.006107e+01,4.006107e+01,4.006107e+01,4.006107e+01,4.006107e+01,4.006107e+01,4.006107e+01,4.006107e+01,4.006107e+01,4.006107e+01,4.006107e+01,4.006107e+01,4.006107e+01,4.006107e+01,4.006107e+01,4.006107e+01,4.006107e+01,4.006107e+01,4.006107e+01,4.006107e+01,4.006107e+01,4.006107e+01,4.006107e+01,4.006107e+01,4.006107e+01,4.006107e+01,4.006107e+01,4.006107e+01,4.006107e+01,4.006107e+01,4.006107e+01,4.006107e+01,4.006107e+01,4.006107e+01,4.006107e+01,4.006107e+01,4.006107e+01,4.006107e+01,4.006107e+01,4.006107e+01,4.006107e+01,4.006107e+01,4.006107e+01,3.951371e+01,3.964746e+01,4.019417e+01,4.006107e+01,3.951371e+01,3.964746e+01,3.964746e+01,3.964746e+01,3.964746e+01,3.964746e+01,3.964746e+01,3.964746e+01,3.964746e+01,3.964746e+01,3.964746e+01,3.964746e+01,3.964746e+01,3.964746e+01,3.964746e+01,3.964746e+01,3.909807e+01,3.923232e+01,3.923232e+01,3.923232e+01,3.923232e+01,3.923232e+01,3.923232e+01,3.880216e+01,3.880216e+01,3.880216e+01,3.880216e+01,3.880216e+01,3.880216e+01,3.880216e+01,3.880216e+01,3.880216e+01,3.880216e+01,3.880216e+01,3.880216e+01,3.880216e+01,3.880216e+01,3.880216e+01,3.880216e+01,3.880216e+01,3.880216e+01,3.880216e+01,3.880216e+01,3.880216e+01,3.880216e+01,3.880216e+01,3.880216e+01,3.880216e+01,3.880216e+01,3.880216e+01,3.880216e+01,3.880216e+01,3.880216e+01,3.880216e+01,3.880216e+01,3.819444e+01,3.874828e+01,3.842442e+01,3.842442e+01,3.842442e+01,3.842442e+01,3.842442e+01,3.842442e+01,3.842442e+01,3.786896e+01,3.800470e+01,3.800470e+01,3.800470e+01,3.800470e+01,3.800470e+01,3.800470e+01,3.800470e+01,3.800470e+01,3.800470e+01,3.800470e+01,3.800470e+01,3.800470e+01,3.800470e+01,3.800470e+01,3.800470e+01,3.800470e+01,3.800470e+01,3.855947e+01,3.842442e+01,3.842442e+01,3.842442e+01,3.842442e+01,3.842442e+01,3.842442e+01,3.842442e+01,3.842442e+01,3.842442e+01,3.842442e+01,3.842442e+01,3.842442e+01,3.842442e+01,3.842442e+01,3.842442e+01,3.842442e+01,3.897711e+01,3.884256e+01,3.884256e+01,3.884256e+01,3.884256e+01,3.884256e+01,3.884256e+01,3.884256e+01,3.884256e+01,3.884256e+01,3.884256e+01,3.884256e+01,3.884256e+01,3.884256e+01,3.884256e+01,3.884256e+01,3.884256e+01,3.884256e+01,3.884256e+01,3.884256e+01,3.884256e+01,3.884256e+01,3.884256e+01,3.828920e+01,3.823506e+01,3.862694e+01,3.834330e+01,3.820798e+01,3.820798e+01,3.820798e+01,3.820798e+01,3.820798e+01,3.820798e+01,3.820798e+01,3.820798e+01,3.820798e+01,3.820798e+01,3.820798e+01,3.820798e+01,3.820798e+01,3.820798e+01,3.820798e+01,3.820798e+01,3.820798e+01,3.820798e+01,3.820798e+01,3.820798e+01,3.820798e+01,3.876175e+01,3.847846e+01,3.903089e+01,3.903089e+01,3.899056e+01,3.843793e+01,3.857297e+01,3.857297e+01,3.912493e+01,3.899056e+01,3.899056e+01,3.899056e+01,3.899056e+01,3.899056e+01,3.899056e+01,3.899056e+01,3.899056e+01,3.899056e+01,3.899056e+01,3.899056e+01,3.899056e+01,3.899056e+01,3.899056e+01,3.899056e+01,3.899056e+01,3.843793e+01,3.839738e+01,3.882909e+01,3.854597e+01,3.854597e+01,3.854597e+01,3.854597e+01,3.854597e+01,3.854597e+01,3.854597e+01,3.854597e+01,3.854597e+01,3.854597e+01,3.854597e+01,3.799113e+01,3.812671e+01,3.812671e+01,3.812671e+01,3.812671e+01,3.812671e+01,3.812671e+01,3.812671e+01,3.812671e+01,3.812671e+01,3.812671e+01,3.812671e+01,3.812671e+01,3.868088e+01,3.839738e+01,3.839738e+01,3.838387e+01,3.819444e+01,3.874828e+01,3.857297e+01,3.857297e+01,3.857297e+01,3.857297e+01,3.857297e+01,3.912493e+01,3.884256e+01,3.884256e+01,3.884256e+01,3.884256e+01,3.884256e+01,3.884256e+01,3.939320e+01,3.919206e+01,3.892331e+01,3.892331e+01,3.892331e+01,3.892331e+01,3.892331e+01,3.892331e+01,3.892331e+01,3.892331e+01,3.892331e+01,3.892331e+01,3.892331e+01,3.892331e+01,3.892331e+01,3.892331e+01,3.892331e+01,3.892331e+01,3.892331e+01,3.892331e+01,3.892331e+01,3.892331e+01,3.849196e+01,3.849196e+01,3.849196e+01,3.849196e+01,3.849196e+01,3.849196e+01,3.849196e+01,3.849196e+01,3.849196e+01,3.849196e+01,3.849196e+01,3.849196e+01,3.849196e+01,3.849196e+01,3.849196e+01,3.849196e+01,3.849196e+01,3.849196e+01,3.849196e+01,3.805894e+01,3.805894e+01,3.805894e+01,3.805894e+01,3.805894e+01,3.805894e+01,3.805894e+01,3.805894e+01,3.805894e+01,3.861345e+01,3.832978e+01,3.832978e+01,3.832978e+01,3.832978e+01,3.832978e+01,3.832978e+01,3.832978e+01,3.832978e+01,3.832978e+01,3.832978e+01,3.832978e+01,3.832978e+01,3.862694e+01,3.862694e+01,3.862694e+01,3.862694e+01,3.862694e+01,3.862694e+01,3.862694e+01,3.862694e+01,3.862694e+01,3.862694e+01,3.862694e+01,3.862694e+01,3.862694e+01,3.917863e+01,3.889640e+01,3.911150e+01,3.913836e+01,3.913836e+01,3.913836e+01,3.968755e+01,3.964746e+01,3.964746e+01,4.019417e+01,4.018087e+01,4.018087e+01,4.018087e+01,4.018087e+01,4.080443e+01,4.080443e+01,4.080443e+01,4.080443e+01,4.134560e+01,4.122703e+01,4.135877e+01,4.135877e+01,4.135877e+01,4.189733e+01,4.193663e+01,4.201521e+01,4.201521e+01,4.255069e+01,4.258978e+01,4.258978e+01,4.258978e+01,4.312261e+01,4.312261e+01,4.332988e+01,4.349801e+01,4.364009e+01,4.364009e+01,4.397522e+01,4.438637e+01,4.454018e+01,4.454018e+01,4.506417e+01,4.533165e+01,4.533165e+01,4.585214e+01,4.595344e+01,4.595344e+01,4.647121e+01,4.664749e+01,4.697418e+01,4.729998e+01,4.768728e+01,4.806091e+01,4.830934e+01,4.866867e+01,4.901460e+01,4.942104e+01,4.991189e+01,5.041297e+01,5.083910e+01,5.117896e+01,5.171112e+01,5.209673e+01,5.251711e+01,5.321066e+01,5.352032e+01,5.386481e+01,5.425567e+01,5.504556e+01,5.539766e+01,5.586562e+01,5.622711e+01,5.648304e+01,5.688915e+01,5.720157e+01,5.766304e+01,5.797360e+01,5.808844e+01,5.838654e+01,5.877534e+01,5.919714e+01,5.961760e+01,6.010455e+01,6.034172e+01,6.079230e+01,6.105070e+01,6.145414e+01,6.167775e+01,6.203476e+01,6.186753e+01,6.242415e+01,6.242415e+01,6.287887e+01,6.294529e+01,6.324376e+01,6.324376e+01,6.369574e+01,6.369574e+01,6.386073e+01,6.394864e+01,6.394864e+01,6.439829e+01,6.428876e+01,6.400356e+01,6.411332e+01,6.419010e+01,6.445303e+01,6.445303e+01,6.445303e+01,6.445303e+01,6.445303e+01,6.445303e+01,6.445303e+01,6.445303e+01,6.445303e+01,6.445303e+01,6.445303e+01,6.445303e+01,6.445303e+01,6.413526e+01,6.413526e+01,6.413526e+01,6.413526e+01,6.413526e+01,6.413526e+01,6.413526e+01,6.413526e+01,6.368473e+01,6.368473e+01,6.368473e+01,6.368473e+01,6.323272e+01,6.323272e+01,6.305591e+01,6.298954e+01,6.253520e+01,6.264616e+01,6.230189e+01,6.245747e+01,6.188984e+01,6.188984e+01,6.147652e+01,6.103947e+01,6.073606e+01,6.027400e+01,5.982166e+01,5.919714e+01,5.898071e+01,5.871824e+01,5.796211e+01,5.765152e+01,5.715534e+01,5.669206e+01,5.633187e+01,5.588897e+01,5.563185e+01,5.533904e+01,5.490445e+01,5.453918e+01,5.413736e+01,5.390039e+01,5.347272e+01,5.329410e+01,5.299583e+01,5.264894e+01,5.230109e+01,5.258904e+01,5.184381e+01,5.184381e+01,5.184381e+01,5.184381e+01,5.152996e+01,5.115471e+01,5.103342e+01,5.085126e+01,5.070533e+01,5.020545e+01,5.032756e+01,5.013213e+01,4.997311e+01,4.978936e+01,4.970352e+01,4.970352e+01,4.917488e+01,4.917488e+01,4.917488e+01,4.917488e+01,4.917488e+01,4.917488e+01,4.861917e+01,4.861917e+01,4.861917e+01,4.861917e+01,4.861917e+01,4.814791e+01,4.814791e+01,4.814791e+01,4.814791e+01,4.814791e+01,4.814791e+01,4.774963e+01,4.774963e+01,4.774963e+01,4.774963e+01,4.774963e+01,4.774963e+01,4.774963e+01,4.774963e+01,4.723740e+01,4.736254e+01,4.736254e+01,4.736254e+01,4.736254e+01,4.736254e+01,4.736254e+01,4.736254e+01,4.684864e+01,4.712466e+01,4.712466e+01,4.712466e+01,4.712466e+01,4.712466e+01,4.712466e+01,4.712466e+01,4.712466e+01,4.712466e+01,4.712466e+01,4.712466e+01,4.712466e+01,4.712466e+01,4.712466e+01,4.712466e+01,4.712466e+01,4.712466e+01,4.712466e+01,4.712466e+01,4.712466e+01,4.712466e+01,4.712466e+01,4.712466e+01,4.712466e+01,4.712466e+01,4.712466e+01,4.712466e+01,4.758746e+01,4.758746e+01,4.758746e+01,4.758746e+01,4.758746e+01
3.872132e+01,3.872132e+01,3.872132e+01,3.872132e+01,3.872132e+01,3.872132e+01,3.872132e+01,3.872132e+01,3.872132e+01,3.872132e+01,3.872132e+01,3.927256e+01,3.927256e+01,3.923232e+01,3.923232e+01,3.923232e+01,3.923232e+01,3.923232e+01,3.923232e+01,3.923232e+01,3.923232e+01,3.923232e+01,3.923232e+01,3.955385e+01,3.955385e+01,3.955385e+01,3.955385e+01,3.955385e+01,3.955385e+01,3.955385e+01,3.955385e+01,4.010102e+01,3.996781e+01,3.996781e+01,3.996781e+01,3.996781e+01,3.996781e+01,3.996781e+01,3.996781e+01,3.996781e+01,3.996781e+01,3.996781e+01,3.996781e+01,3.996781e+01,3.996781e+01,3.996781e+01,3.996781e+01,3.996781e+01,3.996781e+01,3.996781e+01,3.996781e+01,3.996781e+01,3.996781e+01,3.996781e+01,3.996781e+01,3.996781e+01,3.996781e+01,3.996781e+01,3.996781e+01,3.996781e+01,3.996781e+01,3.996781e+01,3.996781e+01,3.996781e+01,3.996781e+01,3.996781e+01,3.996781e+01,3.996781e+01,3.996781e+01,3.996781e+01,3.996781e+01,3.996781e+01,3.996781e+01,3.996781e+01,3.996781e+01,3.996781e+01,3.996781e+01,3.996781e+01,3.996781e+01,3.996781e+01,3.996781e+01,3.996781e+01,3.996781e+01,3.996781e+01,3.996781e+01,3.996781e+01,3.996781e+01,3.996781e+01,3.996781e+01,3.996781e+01,3.996781e+01,3.996781e+01,3.996781e+01,3.996781e+01,3.996781e+01,3.996781e+01,3.996781e+01,3.996781e+01,3.996781e+01,3.996781e+01,3.996781e+01,3.996781e+01,3.996781e+01,3.996781e+01,3.996781e+01,3.996781e+01,3.964746e+01,3.964746e+01,3.964746e+01,3.964746e+01,3.964746e+01,3.964746e+01,3.909807e+01,3.909807e+01,3.913836e+01,3.913836e+01,3.913836e+01,3.913836e+01,3.913836e+01,3.913836e+01,3.913836e+01,3.913836e+01,3.913836e+01,3.913836e+01,3.913836e+01,3.880216e+01,3.880216e+01,3.880216e+01,3.880216e+01,3.880216e+01,3.880216e+01,3.880216e+01,3.880216e+01,3.880216e+01,3.880216e+01,3.880216e+01,3.880216e+01,3.880216e+01,3.880216e+01,3.880216e+01,3.880216e+01,3.880216e+01,3.880216e+01,3.880216e+01,3.880216e+01,3.880216e+01,3.880216e+01,3.880216e+01,3.880216e+01,3.880216e+01,3.880216e+01,3.880216e+01,3.880216e+01,3.880216e+01,3.880216e+01,3.880216e+01,3.842442e+01,3.842442e+01,3.842442e+01,3.842442e+01,3.842442e+01,3.842442e+01,3.786896e+01,3.786896e+01,3.842442e+01,3.828920e+01,3.815381e+01,3.815381e+01,3.815381e+01,3.815381e+01,3.815381e+01,3.815381e+01,3.815381e+01,3.815381e+01,3.815381e+01,3.815381e+01,3.815381e+01,3.815381e+01,3.870784e+01,3.870784e+01,3.866740e+01,3.866740e+01,3.866740e+01,3.866740e+01,3.866740e+01,3.866740e+01,3.866740e+01,3.866740e+01,3.866740e+01,3.866740e+01,3.866740e+01,3.866740e+01,3.866740e+01,3.866740e+01,3.866740e+01,3.866740e+01,3.866740e+01,3.866740e+01,3.921890e+01,3.908464e+01,3.908464e+01,3.908464e+01,3.908464e+01,3.908464e+01,3.908464e+01,3.908464e+01,3.908464e+01,3.908464e+01,3.908464e+01,3.908464e+01,3.908464e+01,3.908464e+01,3.908464e+01,3.908464e+01,3.908464e+01,3.908464e+01,3.908464e+01,3.853247e+01,3.866740e+01,3.901744e+01,3.865392e+01,3.865392e+01,3.857297e+01,3.834330e+01,3.834330e+01,3.834330e+01,3.834330e+01,3.834330e+01,3.834330e+01,3.834330e+01,3.834330e+01,3.834330e+01,3.834330e+01,3.834330e+01,3.834330e+01,3.834330e+01,3.834330e+01,3.834330e+01,3.834330e+01,3.834330e+01,3.834330e+01,3.834330e+01,3.834330e+01,3.889640e+01,3.889640e+01,3.880216e+01,3.878869e+01,3.890985e+01,3.890985e+01,3.890985e+01,3.890985e+01,3.890985e+01,3.890985e+01,3.890985e+01,3.890985e+01,3.890985e+01,3.890985e+01,3.890985e+01,3.890985e+01,3.890985e+01,3.890985e+01,3.890985e+01,3.890985e+01,3.890985e+01,3.890985e+01,3.890985e+01,3.890985e+01,3.890985e+01,3.890985e+01,3.890985e+01,3.890985e+01,3.890985e+01,3.890985e+01,3.890985e+01,3.890985e+01,3.890985e+01,3.890985e+01,3.890985e+01,3.890985e+01,3.854597e+01,3.854597e+01,3.854597e+01,3.854597e+01,3.854597e+01,3.854597e+01,3.854597e+01,3.854597e+01,3.854597e+01,3.854597e+01,3.812671e+01,3.812671e+01,3.812671e+01,3.812671e+01,3.812671e+01,3.812671e+01,3.812671e+01,3.812671e+01,3.868088e+01,3.839738e+01,3.895021e+01,3.864043e+01,3.864043e+01,3.870784e+01,3.870784e+01,3.870784e+01,3.870784e+01,3.870784e+01,3.870784e+01,3.870784e+01,3.870784e+01,3.870784e+01,3.925914e+01,3.912493e+01,3.899056e+01,3.917863e+01,3.927256e+01,3.927256e+01,3.927256e+01,3.927256e+01,3.927256e+01,3.927256e+01,3.927256e+01,3.927256e+01,3.927256e+01,3.927256e+01,3.927256e+01,3.927256e+01,3.927256e+01,3.927256e+01,3.927256e+01,3.927256e+01,3.927256e+01,3.892331e+01,3.892331e+01,3.892331e+01,3.892331e+01,3.892331e+01,3.892331e+01,3.892331e+01,3.892331e+01,3.892331e+01,3.892331e+01,3.849196e+01,3.849196e+01,3.849196e+01,3.849196e+01,3.849196e+01,3.849196e+01,3.849196e+01,3.849196e+01,3.849196e+01,3.849196e+01,3.849196e+01,3.849196e+01,3.849196e+01,3.849196e+01,3.849196e+01,3.849196e+01,3.849196e+01,3.849196e+01,3.849196e+01,3.849196e+01,3.805894e+01,3.805894e+01,3.861345e+01,3.851897e+01,3.832978e+01,3.832978e+01,3.832978e+01,3.832978e+01,3.832978e+01,3.832978e+01,3.832978e+01,3.832978e+01,3.832978e+01,3.888294e+01,3.858646e+01,3.880216e+01,3.880216e+01,3.880216e+01,3.880216e+01,3.880216e+01,3.880216e+01,3.880216e+01,3.880216e+01,3.880216e+01,3.880216e+01,3.880216e+01,3.880216e+01,3.880216e+01,3.880216e+01,3.880216e+01,3.880216e+01,3.880216e+01,3.913836e+01,3.968755e+01,3.968755e+01,3.964746e+01,4.019417e+01,3.964746e+01,4.000779e+01,4.055276e+01,4.042009e+01,3.987447e+01,4.053951e+01,4.068529e+01,4.068529e+01,4.068529e+01,4.122703e+01,4.122703e+01,4.122703e+01,4.176620e+01,4.163493e+01,4.167433e+01,4.177932e+01,4.231591e+01,4.218526e+01,4.236813e+01,4.243336e+01,4.243336e+01,4.296691e+01,4.300586e+01,4.300586e+01,4.300586e+01,4.332988e+01,4.332988e+01,4.364009e+01,4.384644e+01,4.410386e+01,4.438637e+01,4.438637e+01,4.491105e+01,4.517888e+01,4.533165e+01,4.550964e+01,4.567467e+01,4.595344e+01,4.613049e+01,4.629466e+01,4.667265e+01,4.709959e+01,4.742506e+01,4.781195e+01,4.806091e+01,4.850772e+01,4.879233e+01,4.915023e+01,4.944563e+01,4.993638e+01,5.043736e+01,5.079048e+01,5.126377e+01,5.166284e+01,5.218092e+01,5.254110e+01,5.316295e+01,5.359167e+01,5.399523e+01,5.427932e+01,5.499854e+01,5.547967e+01,5.581889e+01,5.629696e+01,5.661081e+01,5.684280e+01,5.728245e+01,5.761696e+01,5.792764e+01,5.822610e+01,5.851245e+01,5.926542e+01,5.953815e+01,5.982166e+01,6.005933e+01,6.042068e+01,6.074731e+01,6.112924e+01,6.129739e+01,6.170009e+01,6.203476e+01,6.202362e+01,6.272377e+01,6.275702e+01,6.277918e+01,6.302273e+01,6.324376e+01,6.339826e+01,6.355259e+01,6.355259e+01,6.386073e+01,6.386073e+01,6.386073e+01,6.386073e+01,6.386073e+01,6.431068e+01,6.420107e+01,6.437640e+01,6.445303e+01,6.445303e+01,6.445303e+01,6.445303e+01,6.445303e+01,6.445303e+01,6.445303e+01,6.445303e+01,6.445303e+01,6.445303e+01,6.445303e+01,6.445303e+01,6.445303e+01,6.445303e+01,6.413526e+01,6.413526e+01,6.413526e+01,6.413526e+01,6.413526e+01,6.413526e+01,6.368473e+01,6.371775e+01,6.371775e+01,6.371775e+01,6.371775e+01,6.371775e+01,6.323272e+01,6.323272e+01,6.323272e+01,6.298954e+01,6.282350e+01,6.247969e+01,6.232413e+01,6.203476e+01,6.187868e+01,6.190099e+01,6.099457e+01,6.107314e+01,6.019495e+01,5.979900e+01,5.981033e+01,5.942458e+01,5.854677e+01,5.800806e+01,5.758240e+01,5.713221e+01,5.673846e+01,5.626204e+01,5.593566e+01,5.556164e+01,5.522173e+01,5.495150e+01,5.495150e+01,5.431479e+01,5.391225e+01,5.365110e+01,5.328218e+01,5.336558e+01,5.305554e+01,5.237314e+01,5.234913e+01,5.201248e+01,5.201248e+01,5.201248e+01,5.151787e+01,5.137273e+01,5.115471e+01,5.115471e+01,5.115471e+01,5.070533e+01,5.037637e+01,5.037637e+01,4.987514e+01,4.999758e+01,4.999758e+01,4.970352e+01,4.953165e+01,4.934724e+01,4.934724e+01,4.934724e+01,4.884176e+01,4.896524e+01,4.879233e+01,4.873052e+01,4.873052e+01,4.873052e+01,4.873052e+01,4.873052e+01,4.814791e+01,4.814791e+01,4.814791e+01,4.814791e+01,4.814791e+01,4.814791e+01,4.814791e+01,4.774963e+01,4.774963e+01,4.774963e+01,4.774963e+01,4.774963e+01,4.774963e+01,4.774963e+01,4.723740e+01,4.723740e+01,4.723740e+01,4.723740e+01,4.723740e+01,4.723740e+01,4.723740e+01,4.723740e+01,4.723740e+01,4.723740e+01,4.723740e+01,4.723740e+01,4.723740e+01,4.723740e+01,4.723740e+01,4.723740e+01,4.723740e+01,4.723740e+01,4.723740e+01,4.723740e+01,4.723740e+01,4.723740e+01,4.723740e+01,4.723740e+01,4.723740e+01,4.723740e+01,4.723740e+01,4.723740e+01,4.723740e+01,4.723740e+01,4.723740e+01,4.723740e+01,4.723740e+01,4.723740e+01,4.723740e+01,4.723740e+01,4.723740e+01,4.758746e+01,4.758746e+01,4.758746e+01,4.758746e+01
3.872132e+01,3.872132e+01,3.872132e+01,3.872132e+01,3.872132e+01,3.872132e+01,3.872132e+01,3.872132e+01,3.872132e+01,3.927256e+01,3.925914e+01,3.923232e+01,3.923232e+01,3.923232e+01,3.923232e+01,3.923232e+01,3.923232e+01,3.923232e+01,3.923232e+01,3.923232e+01,3.923232e+01,3.923232e+01,3.923232e+01,3.923232e+01,3.955385e+01,3.955385e+01,3.955385e+01,3.955385e+01,3.955385e+01,3.955385e+01,3.955385e+01,4.010102e+01,3.955385e+01,3.968755e+01,3.982109e+01,3.982109e+01,3.982109e+01,3.982109e+01,3.982109e+01,3.982109e+01,3.982109e+01,3.982109e+01,4.036697e+01,4.023407e+01,4.023407e+01,4.023407e+01,4.023407e+01,4.023407e+01,4.023407e+01,4.023407e+01,4.023407e+01,4.023407e+01,4.023407e+01,4.023407e+01,3.968755e+01,4.036697e+01,4.022078e+01,4.022078e+01,4.022078e+01,3.967419e+01,3.982109e+01,3.982109e+01,3.982109e+01,3.982109e+01,3.982109e+01,3.982109e+01,3.982109e+01,3.982109e+01,3.982109e+01,3.982109e+01,3.982109e+01,3.982109e+01,3.982109e+01,3.982109e+01,3.982109e+01,3.982109e+01,3.982109e+01,3.982109e+01,3.982109e+01,3.982109e+01,3.982109e+01,3.982109e+01,3.982109e+01,3.982109e+01,3.982109e+01,3.982109e+01,3.982109e+01,3.982109e+01,3.982109e+01,3.982109e+01,3.982109e+01,3.982109e+01,3.982109e+01,3.982109e+01,3.982109e+01,3.982109e+01,3.982109e+01,3.982109e+01,3.982109e+01,3.982109e+01,3.982109e+01,3.982109e+01,3.982109e+01,3.982109e+01,3.982109e+01,3.982109e+01,3.982109e+01,3.982109e+01,3.982109e+01,3.982109e+01,3.982109e+01,3.982109e+01,3.964746e+01,3.935300e+01,3.935300e+01,3.935300e+01,3.935300e+01,3.935300e+01,3.935300e+01,3.935300e+01,3.935300e+01,3.880216e+01,3.895021e+01,3.895021e+01,3.895021e+01,3.895021e+01,3.895021e+01,3.895021e+01,3.895021e+01,3.895021e+01,3.895021e+01,3.895021e+01,3.895021e+01,3.895021e+01,3.895021e+01,3.895021e+01,3.895021e+01,3.895021e+01,3.895021e+01,3.895021e+01,3.895021e+01,3.895021e+01,3.895021e+01,3.895021e+01,3.895021e+01,3.895021e+01,3.895021e+01,3.895021e+01,3.895021e+01,3.895021e+01,3.895021e+01,3.895021e+01,3.895021e+01,3.839738e+01,3.854597e+01,3.832978e+01,3.832978e+01,3.832978e+01,3.832978e+01,3.832978e+01,3.832978e+01,3.832978e+01,3.832978e+01,3.832978e+01,3.832978e+01,3.832978e+01,3.832978e+01,3.832978e+01,3.832978e+01,3.832978e+01,3.832978e+01,3.832978e+01,3.832978e+01,3.832978e+01,3.832978e+01,3.832978e+01,3.832978e+01,3.832978e+01,3.832978e+01,3.832978e+01,3.832978e+01,3.832978e+01,3.832978e+01,3.866740e+01,3.866740e+01,3.866740e+01,3.866740e+01,3.866740e+01,3.866740e+01,3.866740e+01,3.866740e+01,3.866740e+01,3.866740e+01,3.866740e+01,3.921890e+01,3.892331e+01,3.892331e+01,3.892331e+01,3.892331e+01,3.947355e+01,3.932619e+01,3.932619e+01,3.932619e+01,3.932619e+01,3.932619e+01,3.932619e+01,3.932619e+01,3.932619e+01,3.932619e+01,3.932619e+01,3.932619e+01,3.932619e+01,3.932619e+01,3.932619e+01,3.932619e+01,3.932619e+01,3.932619e+01,3.908464e+01,3.904433e+01,3.896367e+01,3.865392e+01,3.865392e+01,3.865392e+01,3.865392e+01,3.865392e+01,3.865392e+01,3.865392e+01,3.865392e+01,3.865392e+01,3.865392e+01,3.865392e+01,3.865392e+01,3.865392e+01,3.865392e+01,3.865392e+01,3.865392e+01,3.865392e+01,3.865392e+01,3.865392e+01,3.865392e+01,3.865392e+01,3.865392e+01,3.889640e+01,3.885602e+01,3.885602e+01,3.885602e+01,3.885602e+01,3.885602e+01,3.885602e+01,3.885602e+01,3.885602e+01,3.885602e+01,3.940659e+01,3.911150e+01,3.911150e+01,3.911150e+01,3.911150e+01,3.911150e+01,3.911150e+01,3.911150e+01,3.911150e+01,3.911150e+01,3.911150e+01,3.911150e+01,3.911150e+01,3.911150e+01,3.911150e+01,3.911150e+01,3.911150e+01,3.911150e+01,3.911150e+01,3.911150e+01,3.911150e+01,3.911150e+01,3.911150e+01,3.911150e+01,3.911150e+01,3.911150e+01,3.855947e+01,3.908464e+01,3.878869e+01,3.878869e+01,3.878869e+01,3.878869e+01,3.878869e+01,3.878869e+01,3.878869e+01,3.878869e+01,3.878869e+01,3.868088e+01,3.838387e+01,3.838387e+01,3.838387e+01,3.838387e+01,3.838387e+01,3.838387e+01,3.838387e+01,3.868088e+01,3.866740e+01,3.909807e+01,3.878869e+01,3.878869e+01,3.878869e+01,3.878869e+01,3.878869e+01,3.878869e+01,3.878869e+01,3.878869e+01,3.878869e+01,3.878869e+01,3.933960e+01,3.929938e+01,3.929938e+01,3.929938e+01,3.929938e+01,3.929938e+01,3.929938e+01,3.929938e+01,3.929938e+01,3.929938e+01,3.929938e+01,3.929938e+01,3.929938e+01,3.929938e+01,3.929938e+01,3.929938e+01,3.929938e+01,3.929938e+01,3.929938e+01,3.929938e+01,3.929938e+01,3.929938e+01,3.929938e+01,3.929938e+01,3.929938e+01,3.892331e+01,3.892331e+01,3.892331e+01,3.892331e+01,3.892331e+01,3.892331e+01,3.892331e+01,3.892331e+01,3.892331e+01,3.892331e+01,3.892331e+01,3.892331e+01,3.849196e+01,3.849196e+01,3.849196e+01,3.849196e+01,3.849196e+01,3.849196e+01,3.849196e+01,3.849196e+01,3.849196e+01,3.849196e+01,3.849196e+01,3.849196e+01,3.849196e+01,3.849196e+01,3.849196e+01,3.849196e+01,3.849196e+01,3.849196e+01,3.849196e+01,3.849196e+01,3.849196e+01,3.849196e+01,3.849196e+01,3.849196e+01,3.849196e+01,3.849196e+01,3.904433e+01,3.903089e+01,3.893676e+01,3.864043e+01,3.864043e+01,3.864043e+01,3.864043e+01,3.864043e+01,3.864043e+01,3.864043e+01,3.864043e+01,3.919206e+01,3.904433e+01,3.904433e+01,3.904433e+01,3.904433e+01,3.904433e+01,3.904433e+01,3.904433e+01,3.904433e+01,3.904433e+01,3.904433e+01,3.968755e+01,3.968755e+01,3.968755e+01,3.968755e+01,3.968755e+01,4.000779e+01,3.982109e+01,4.038025e+01,4.028725e+01,4.096309e+01,4.027396e+01,4.097630e+01,4.101593e+01,4.112152e+01,4.112152e+01,4.166120e+01,4.118748e+01,4.147721e+01,4.147721e+01,4.177932e+01,4.211989e+01,4.211989e+01,4.265489e+01,4.248552e+01,4.266791e+01,4.277200e+01,4.277200e+01,4.330399e+01,4.335576e+01,4.335576e+01,4.356261e+01,4.364009e+01,4.416813e+01,4.421951e+01,4.438637e+01,4.456579e+01,4.485996e+01,4.512791e+01,4.512791e+01,4.512791e+01,4.567467e+01,4.595344e+01,4.595344e+01,4.629466e+01,4.678581e+01,4.704945e+01,4.748754e+01,4.781195e+01,4.823487e+01,4.845816e+01,4.885411e+01,4.926109e+01,4.955622e+01,4.996087e+01,5.038857e+01,5.085126e+01,5.128799e+01,5.168699e+01,5.213282e+01,5.260102e+01,5.318681e+01,5.361544e+01,5.443294e+01,5.462175e+01,5.520999e+01,5.544453e+01,5.588897e+01,5.626204e+01,5.705124e+01,5.702810e+01,5.724780e+01,5.768607e+01,5.803103e+01,5.832926e+01,5.861538e+01,5.923128e+01,5.960625e+01,5.992357e+01,6.016106e+01,6.052214e+01,6.084852e+01,6.142057e+01,6.145414e+01,6.166658e+01,6.201247e+01,6.216839e+01,6.256849e+01,6.256849e+01,6.302273e+01,6.302273e+01,6.347545e+01,6.333207e+01,6.333207e+01,6.333207e+01,6.386073e+01,6.386073e+01,6.386073e+01,6.386073e+01,6.431068e+01,6.426684e+01,6.426684e+01,6.426684e+01,6.426684e+01,6.426684e+01,6.426684e+01,6.426684e+01,6.426684e+01,6.426684e+01,6.426684e+01,6.426684e+01,6.426684e+01,6.426684e+01,6.426684e+01,6.426684e+01,6.426684e+01,6.426684e+01,6.426684e+01,6.426684e+01,6.426684e+01,6.426684e+01,6.426684e+01,6.381675e+01,6.377276e+01,6.377276e+01,6.377276e+01,6.377276e+01,6.377276e+01,6.377276e+01,6.323272e+01,6.323272e+01,6.323272e+01,6.298954e+01,6.264616e+01,6.246858e+01,6.214613e+01,6.202362e+01,6.202362e+01,6.156599e+01,6.154363e+01,6.126378e+01,6.036429e+01,6.012716e+01,5.954950e+01,5.921990e+01,5.852389e+01,5.798509e+01,5.755935e+01,5.710908e+01,5.671526e+01,5.629696e+01,5.586562e+01,5.545625e+01,5.511606e+01,5.493974e+01,5.477496e+01,5.429115e+01,5.394782e+01,5.357978e+01,5.327027e+01,5.316295e+01,5.294804e+01,5.254110e+01,5.232511e+01,5.200044e+01,5.200044e+01,5.200044e+01,5.151787e+01,5.151787e+01,5.115471e+01,5.115471e+01,5.115471e+01,5.070533e+01,5.036417e+01,5.019323e+01,5.004652e+01,5.004652e+01,4.954394e+01,4.954394e+01,4.954394e+01,4.954394e+01,4.954394e+01,4.903927e+01,4.895290e+01,4.895290e+01,4.895290e+01,4.895290e+01,4.895290e+01,4.844577e+01,4.860680e+01,4.843337e+01,4.825970e+01,4.825970e+01,4.825970e+01,4.825970e+01,4.774963e+01,4.791159e+01,4.771223e+01,4.771223e+01,4.771223e+01,4.771223e+01,4.771223e+01,4.771223e+01,4.771223e+01,4.771223e+01,4.771223e+01,4.723740e+01,4.723740e+01,4.723740e+01,4.723740e+01,4.723740e+01,4.723740e+01,4.723740e+01,4.723740e+01,4.723740e+01,4.723740e+01,4.723740e+01,4.723740e+01,4.723740e+01,4.723740e+01,4.723740e+01,4.723740e+01,4.723740e+01,4.723740e+01,4.723740e+01,4.723740e+01,4.723740e+01,4.723740e+01,4.723740e+01,4.723740e+01,4.723740e+01,4.723740e+01,4.723740e+01,4.723740e+01,4.723740e+01,4.723740e+01,4.723740e+01,4.723740e+01,4.723740e+01,4.723740e+01,4.723740e+01,4.723740e+01,4.758746e+01,4.758746e+01,4.758746e+01,4.758746e+01
3.872132e+01,3.872132e+01,3.872132e+01,3.872132e+01,3.872132e+01,3.872132e+01,3.872132e+01,3.872132e+01,3.872132e+01,3.872132e+01,3.872132e+01,3.872132e+01,3.923232e+01,3.923232e+01,3.923232e+01,3.923232e+01,3.923232e+01,3.923232e+01,3.923232e+01,3.923232e+01,3.923232e+01,3.923232e+01,3.978105e+01,3.974099e+01,3.974099e+01,3.974099e+01,3.974099e+01,3.974099e+01,3.974099e+01,3.974099e+01,3.974099e+01,3.974099e+01,3.974099e+01,3.974099e+01,3.974099e+01,3.974099e+01,3.974099e+01,4.028725e+01,3.999446e+01,3.999446e+01,3.999446e+01,3.999446e+01,3.999446e+01,3.999446e+01,3.999446e+01,3.999446e+01,3.999446e+01,3.999446e+01,3.999446e+01,3.999446e+01,3.999446e+01,3.999446e+01,3.999446e+01,3.999446e+01,3.999446e+01,3.999446e+01,3.999446e+01,3.999446e+01,3.999446e+01,3.999446e+01,3.999446e+01,3.999446e+01,3.999446e+01,3.999446e+01,3.999446e+01,3.999446e+01,3.999446e+01,3.999446e+01,3.999446e+01,3.999446e+01,3.999446e+01,3.999446e+01,3.999446e+01,3.999446e+01,3.999446e+01,3.999446e+01,3.999446e+01,3.999446e+01,3.999446e+01,3.999446e+01,3.999446e+01,3.999446e+01,3.999446e+01,3.999446e+01,3.999446e+01,3.999446e+01,3.999446e+01,3.999446e+01,3.999446e+01,3.999446e+01,3.999446e+01,3.999446e+01,3.999446e+01,3.999446e+01,3.999446e+01,3.999446e+01,3.999446e+01,3.999446e+01,3.999446e+01,3.999446e+01,3.999446e+01,3.944677e+01,3.962072e+01,3.962072e+01,3.962072e+01,3.962072e+01,3.962072e+01,3.962072e+01,3.962072e+01,3.962072e+01,3.962072e+01,3.962072e+01,3.962072e+01,3.962072e+01,3.962072e+01,3.907120e+01,3.924573e+01,3.924573e+01,3.924573e+01,3.924573e+01,3.924573e+01,3.924573e+01,3.924573e+01,3.924573e+01,3.924573e+01,3.895021e+01,3.895021e+01,3.895021e+01,3.895021e+01,3.895021e+01,3.895021e+01,3.895021e+01,3.895021e+01,3.895021e+01,3.895021e+01,3.895021e+01,3.895021e+01,3.895021e+01,3.895021e+01,3.895021e+01,3.895021e+01,3.895021e+01,3.895021e+01,3.895021e+01,3.895021e+01,3.895021e+01,3.895021e+01,3.895021e+01,3.895021e+01,3.895021e+01,3.895021e+01,3.895021e+01,3.895021e+01,3.895021e+01,3.895021e+01,3.888294e+01,3.858646e+01,3.858646e+01,3.858646e+01,3.858646e+01,3.858646e+01,3.858646e+01,3.858646e+01,3.858646e+01,3.858646e+01,3.858646e+01,3.858646e+01,3.858646e+01,3.858646e+01,3.858646e+01,3.858646e+01,3.858646e+01,3.858646e+01,3.858646e+01,3.858646e+01,3.858646e+01,3.858646e+01,3.858646e+01,3.858646e+01,3.858646e+01,3.858646e+01,3.858646e+01,3.858646e+01,3.858646e+01,3.858646e+01,3.858646e+01,3.858646e+01,3.913836e+01,3.884256e+01,3.884256e+01,3.884256e+01,3.884256e+01,3.884256e+01,3.884256e+01,3.921890e+01,3.946016e+01,3.916521e+01,3.916521e+01,3.916521e+01,3.947355e+01,3.947355e+01,3.947355e+01,3.947355e+01,3.947355e+01,3.947355e+01,3.947355e+01,3.947355e+01,3.947355e+01,3.947355e+01,3.947355e+01,3.947355e+01,3.947355e+01,3.947355e+01,3.947355e+01,3.892331e+01,3.909807e+01,3.909807e+01,3.909807e+01,3.909807e+01,3.909807e+01,3.909807e+01,3.909807e+01,3.909807e+01,3.865392e+01,3.865392e+01,3.865392e+01,3.865392e+01,3.865392e+01,3.865392e+01,3.865392e+01,3.865392e+01,3.865392e+01,3.865392e+01,3.865392e+01,3.865392e+01,3.865392e+01,3.865392e+01,3.865392e+01,3.865392e+01,3.920548e+01,3.890985e+01,3.890985e+01,3.890985e+01,3.890985e+01,3.890985e+01,3.890985e+01,3.890985e+01,3.890985e+01,3.890985e+01,3.890985e+01,3.946016e+01,3.888294e+01,3.901744e+01,3.956723e+01,3.927256e+01,3.927256e+01,3.927256e+01,3.927256e+01,3.927256e+01,3.927256e+01,3.927256e+01,3.927256e+01,3.927256e+01,3.927256e+01,3.927256e+01,3.927256e+01,3.927256e+01,3.927256e+01,3.927256e+01,3.927256e+01,3.927256e+01,3.927256e+01,3.927256e+01,3.927256e+01,3.927256e+01,3.927256e+01,3.872132e+01,3.923232e+01,3.909807e+01,3.900400e+01,3.932619e+01,3.903089e+01,3.903089e+01,3.903089e+01,3.903089e+01,3.903089e+01,3.903089e+01,3.903089e+01,3.847846e+01,3.842442e+01,3.838387e+01,3.838387e+01,3.838387e+01,3.838387e+01,3.893676e+01,3.864043e+01,3.885602e+01,3.885602e+01,3.905777e+01,3.901744e+01,3.878869e+01,3.878869e+01,3.878869e+01,3.878869e+01,3.878869e+01,3.878869e+01,3.933960e+01,3.904433e+01,3.904433e+01,3.904433e+01,3.904433e+01,3.904433e+01,3.959398e+01,3.941999e+01,3.941999e+01,3.941999e+01,3.941999e+01,3.941999e+01,3.941999e+01,3.941999e+01,3.941999e+01,3.941999e+01,3.941999e+01,3.941999e+01,3.941999e+01,3.941999e+01,3.941999e+01,3.941999e+01,3.941999e+01,3.941999e+01,3.941999e+01,3.941999e+01,3.941999e+01,3.941999e+01,3.941999e+01,3.892331e+01,3.892331e+01,3.892331e+01,3.892331e+01,3.892331e+01,3.892331e+01,3.892331e+01,3.892331e+01,3.892331e+01,3.892331e+01,3.892331e+01,3.892331e+01,3.892331e+01,3.849196e+01,3.849196e+01,3.849196e+01,3.849196e+01,3.849196e+01,3.849196e+01,3.849196e+01,3.849196e+01,3.849196e+01,3.849196e+01,3.849196e+01,3.849196e+01,3.849196e+01,3.849196e+01,3.849196e+01,3.849196e+01,3.849196e+01,3.849196e+01,3.849196e+01,3.849196e+01,3.849196e+01,3.849196e+01,3.849196e+01,3.904433e+01,3.900400e+01,3.899056e+01,3.899056e+01,3.899056e+01,3.899056e+01,3.899056e+01,3.899056e+01,3.899056e+01,3.899056e+01,3.899056e+01,3.899056e+01,3.899056e+01,3.899056e+01,3.899056e+01,3.899056e+01,3.899056e+01,3.899056e+01,3.899056e+01,3.899056e+01,3.899056e+01,3.954047e+01,3.924573e+01,3.943338e+01,3.956723e+01,3.956723e+01,3.956723e+01,4.011433e+01,4.016756e+01,4.016756e+01,4.016756e+01,4.080443e+01,4.073826e+01,4.088379e+01,4.068529e+01,4.087056e+01,4.087056e+01,4.141142e+01,4.143774e+01,4.143774e+01,4.156924e+01,4.156924e+01,4.177932e+01,4.193663e+01,4.211989e+01,4.230285e+01,4.247248e+01,4.247248e+01,4.300586e+01,4.283701e+01,4.301883e+01,4.312261e+01,4.312261e+01,4.365300e+01,4.348509e+01,4.374331e+01,4.398809e+01,4.398809e+01,4.438637e+01,4.477051e+01,4.497487e+01,4.512791e+01,4.512791e+01,4.564930e+01,4.586481e+01,4.595344e+01,4.615576e+01,4.640818e+01,4.674810e+01,4.712466e+01,4.745005e+01,4.788669e+01,4.806091e+01,4.848294e+01,4.896524e+01,4.922415e+01,4.962989e+01,4.998534e+01,5.041297e+01,5.087556e+01,5.131221e+01,5.171112e+01,5.215687e+01,5.262498e+01,5.321066e+01,5.412552e+01,5.438569e+01,5.473962e+01,5.504556e+01,5.544453e+01,5.585394e+01,5.633187e+01,5.688915e+01,5.736327e+01,5.738636e+01,5.812287e+01,5.827196e+01,5.846668e+01,5.871824e+01,5.926542e+01,5.958355e+01,6.000278e+01,6.026271e+01,6.062352e+01,6.094965e+01,6.126378e+01,6.172243e+01,6.176709e+01,6.201247e+01,6.232413e+01,6.241304e+01,6.256849e+01,6.286780e+01,6.302273e+01,6.332103e+01,6.332103e+01,6.377276e+01,6.373976e+01,6.381675e+01,6.381675e+01,6.381675e+01,6.426684e+01,6.426684e+01,6.426684e+01,6.426684e+01,6.426684e+01,6.426684e+01,6.426684e+01,6.426684e+01,6.426684e+01,6.426684e+01,6.426684e+01,6.426684e+01,6.426684e+01,6.426684e+01,6.426684e+01,6.426684e+01,6.426684e+01,6.426684e+01,6.426684e+01,6.426684e+01,6.426684e+01,6.426684e+01,6.426684e+01,6.381675e+01,6.386073e+01,6.386073e+01,6.386073e+01,6.386073e+01,6.386073e+01,6.386073e+01,6.340929e+01,6.327688e+01,6.327688e+01,6.327688e+01,6.298954e+01,6.264616e+01,6.274594e+01,6.251300e+01,6.214613e+01,6.199018e+01,6.172243e+01,6.153245e+01,6.116289e+01,6.084852e+01,6.045451e+01,6.000278e+01,5.904910e+01,5.848957e+01,5.795062e+01,5.752477e+01,5.707438e+01,5.668045e+01,5.626204e+01,5.583058e+01,5.549139e+01,5.515129e+01,5.515129e+01,5.477496e+01,5.432661e+01,5.387667e+01,5.347272e+01,5.327027e+01,5.327027e+01,5.294804e+01,5.270882e+01,5.231310e+01,5.249313e+01,5.222900e+01,5.206063e+01,5.174733e+01,5.156621e+01,5.121531e+01,5.121531e+01,5.071750e+01,5.102128e+01,5.027873e+01,5.027873e+01,5.027873e+01,5.027873e+01,5.004652e+01,4.977710e+01,4.977710e+01,4.927340e+01,4.924878e+01,4.913791e+01,4.913791e+01,4.913791e+01,4.863155e+01,4.879233e+01,4.861917e+01,4.854489e+01,4.854489e+01,4.854489e+01,4.825970e+01,4.825970e+01,4.825970e+01,4.825970e+01,4.825970e+01,4.791159e+01,4.791159e+01,4.791159e+01,4.791159e+01,4.791159e+01,4.740005e+01,4.756248e+01,4.756248e+01,4.756248e+01,4.756248e+01,4.723740e+01,4.723740e+01,4.723740e+01,4.723740e+01,4.723740e+01,4.723740e+01,4.723740e+01,4.723740e+01,4.723740e+01,4.723740e+01,4.723740e+01,4.723740e+01,4.723740e+01,4.723740e+01,4.723740e+01,4.723740e+01,4.723740e+01,4.723740e+01,4.723740e+01,4.723740e+01,4.723740e+01,4.723740e+01,4.723740e+01,4.723740e+01,4.723740e+01,4.723740e+01,4.723740e+01,4.723740e+01,4.723740e+01,4.723740e+01,4.723740e+01,4.723740e+01,4.723740e+01,4.723740e+01,4.723740e+01,4.723740e+01,4.758746e+01,4.758746e+01,4.758746e+01,4.758746e+01
3.872132e+01,3.872132e+01,3.872132e+01,3.872132e+01,3.872132e+01,3.872132e+01,3.872132e+01,3.872132e+01,3.872132e+01,3.872132e+01,3.872132e+01,3.872132e+01,3.923232e+01,3.923232e+01,3.923232e+01,3.923232e+01,3.923232e+01,3.923232e+01,3.923232e+01,3.923232e+01,3.923232e+01,3.923232e+01,3.923232e+01,3.974099e+01,3.974099e+01,3.974099e+01,3.974099e+01,3.974099e+01,3.974099e+01,3.974099e+01,3.974099e+01,3.974099e+01,3.974099e+01,3.974099e+01,3.974099e+01,3.974099e+01,3.974099e+01,3.974099e+01,3.974099e+01,3.974099e+01,3.974099e+01,3.974099e+01,3.974099e+01,4.028725e+01,4.011433e+01,4.011433e+01,4.011433e+01,4.011433e+01,4.011433e+01,4.011433e+01,4.011433e+01,4.011433e+01,4.011433e+01,4.011433e+01,4.011433e+01,4.011433e+01,4.011433e+01,4.011433e+01,4.011433e+01,4.011433e+01,4.011433e+01,3.956723e+01,3.974099e+01,4.028725e+01,4.011433e+01,4.011433e+01,4.011433e+01,4.011433e+01,4.011433e+01,4.011433e+01,4.011433e+01,4.011433e+01,4.011433e+01,4.011433e+01,4.011433e+01,4.011433e+01,4.011433e+01,4.011433e+01,4.011433e+01,4.011433e+01,4.011433e+01,4.011433e+01,4.011433e+01,4.011433e+01,4.011433e+01,4.011433e+01,4.011433e+01,4.011433e+01,4.011433e+01,4.011433e+01,4.011433e+01,4.011433e+01,4.011433e+01,3.956723e+01,3.974099e+01,3.974099e+01,3.974099e+01,3.974099e+01,3.974099e+01,3.974099e+01,3.974099e+01,3.974099e+01,3.974099e+01,3.974099e+01,3.974099e+01,3.974099e+01,3.974099e+01,3.974099e+01,3.974099e+01,3.974099e+01,3.974099e+01,3.974099e+01,3.919206e+01,3.936640e+01,3.972763e+01,3.936640e+01,3.919206e+01,3.919206e+01,3.919206e+01,3.919206e+01,3.919206e+01,3.919206e+01,3.919206e+01,3.919206e+01,3.919206e+01,3.919206e+01,3.864043e+01,3.881563e+01,3.881563e+01,3.881563e+01,3.881563e+01,3.881563e+01,3.881563e+01,3.881563e+01,3.881563e+01,3.881563e+01,3.881563e+01,3.881563e+01,3.881563e+01,3.881563e+01,3.881563e+01,3.881563e+01,3.881563e+01,3.881563e+01,3.881563e+01,3.881563e+01,3.881563e+01,3.881563e+01,3.881563e+01,3.881563e+01,3.881563e+01,3.881563e+01,3.881563e+01,3.881563e+01,3.881563e+01,3.881563e+01,3.881563e+01,3.881563e+01,3.881563e+01,3.881563e+01,3.881563e+01,3.826213e+01,3.843793e+01,3.843793e+01,3.843793e+01,3.843793e+01,3.843793e+01,3.843793e+01,3.843793e+01,3.843793e+01,3.843793e+01,3.843793e+01,3.843793e+01,3.899056e+01,3.881563e+01,3.881563e+01,3.881563e+01,3.881563e+01,3.881563e+01,3.881563e+01,3.881563e+01,3.881563e+01,3.881563e+01,3.881563e+01,3.881563e+01,3.881563e+01,3.881563e+01,3.881563e+01,3.881563e+01,3.936640e+01,3.907120e+01,3.907120e+01,3.907120e+01,3.907120e+01,3.907120e+01,3.946016e+01,3.972763e+01,3.943338e+01,3.963409e+01,3.963409e+01,3.963409e+01,3.963409e+01,3.963409e+01,3.963409e+01,3.963409e+01,3.963409e+01,3.963409e+01,3.963409e+01,3.963409e+01,3.963409e+01,3.963409e+01,3.963409e+01,3.963409e+01,3.908464e+01,3.903089e+01,3.903089e+01,3.903089e+01,3.903089e+01,3.903089e+01,3.903089e+01,3.903089e+01,3.903089e+01,3.903089e+01,3.903089e+01,3.903089e+01,3.903089e+01,3.903089e+01,3.903089e+01,3.903089e+01,3.903089e+01,3.903089e+01,3.903089e+01,3.903089e+01,3.903089e+01,3.903089e+01,3.903089e+01,3.903089e+01,3.903089e+01,3.903089e+01,3.903089e+01,3.903089e+01,3.903089e+01,3.903089e+01,3.903089e+01,3.903089e+01,3.903089e+01,3.958060e+01,3.928597e+01,3.911150e+01,3.929938e+01,3.923232e+01,3.907120e+01,3.925914e+01,3.917863e+01,3.972763e+01,3.943338e+01,3.943338e+01,3.943338e+01,3.943338e+01,3.943338e+01,3.943338e+01,3.943338e+01,3.943338e+01,3.943338e+01,3.943338e+01,3.943338e+01,3.943338e+01,3.943338e+01,3.943338e+01,3.943338e+01,3.943338e+01,3.943338e+01,3.943338e+01,3.943338e+01,3.943338e+01,3.943338e+01,3.943338e+01,3.943338e+01,3.943338e+01,3.943338e+01,3.888294e+01,3.943338e+01,3.925914e+01,3.925914e+01,3.925914e+01,3.925914e+01,3.925914e+01,3.925914e+01,3.925914e+01,3.925914e+01,3.893676e+01,3.864043e+01,3.864043e+01,3.864043e+01,3.864043e+01,3.864043e+01,3.864043e+01,3.919206e+01,3.901744e+01,3.901744e+01,3.901744e+01,3.901744e+01,3.901744e+01,3.901744e+01,3.901744e+01,3.956723e+01,3.947355e+01,3.920548e+01,3.975434e+01,3.946016e+01,3.928597e+01,3.947355e+01,3.948694e+01,3.948694e+01,3.948694e+01,3.948694e+01,3.948694e+01,3.948694e+01,3.948694e+01,3.948694e+01,3.948694e+01,3.948694e+01,3.948694e+01,3.948694e+01,3.948694e+01,3.948694e+01,3.948694e+01,3.948694e+01,3.948694e+01,3.948694e+01,3.948694e+01,3.948694e+01,3.948694e+01,3.948694e+01,3.948694e+01,3.948694e+01,3.892331e+01,3.892331e+01,3.892331e+01,3.892331e+01,3.892331e+01,3.892331e+01,3.892331e+01,3.892331e+01,3.892331e+01,3.892331e+01,3.892331e+01,3.892331e+01,3.892331e+01,3.892331e+01,3.892331e+01,3.892331e+01,3.892331e+01,3.892331e+01,3.892331e+01,3.849196e+01,3.849196e+01,3.849196e+01,3.904433e+01,3.874828e+01,3.874828e+01,3.874828e+01,3.874828e+01,3.874828e+01,3.874828e+01,3.874828e+01,3.874828e+01,3.874828e+01,3.874828e+01,3.874828e+01,3.874828e+01,3.874828e+01,3.874828e+01,3.874828e+01,3.874828e+01,3.874828e+01,3.929938e+01,3.912493e+01,3.912493e+01,3.912493e+01,3.912493e+01,3.912493e+01,3.912493e+01,3.912493e+01,3.912493e+01,3.912493e+01,3.912493e+01,3.912493e+01,3.912493e+01,3.912493e+01,3.912493e+01,3.912493e+01,3.912493e+01,3.967419e+01,3.950032e+01,4.004775e+01,3.975434e+01,3.994115e+01,4.000779e+01,4.000779e+01,4.055276e+01,4.057928e+01,4.069854e+01,4.069854e+01,4.069854e+01,4.069854e+01,4.069854e+01,4.124021e+01,4.130609e+01,4.130609e+01,4.184489e+01,4.167433e+01,4.167433e+01,4.167433e+01,4.221141e+01,4.204139e+01,4.257675e+01,4.240727e+01,4.258978e+01,4.282401e+01,4.282401e+01,4.282401e+01,4.312261e+01,4.330399e+01,4.347216e+01,4.347216e+01,4.374331e+01,4.427088e+01,4.432222e+01,4.454018e+01,4.474494e+01,4.474494e+01,4.512791e+01,4.530621e+01,4.547152e+01,4.586481e+01,4.586481e+01,4.615576e+01,4.659715e+01,4.686120e+01,4.723740e+01,4.756248e+01,4.771223e+01,4.806091e+01,4.852011e+01,4.892821e+01,4.929802e+01,4.959306e+01,5.005876e+01,5.094844e+01,5.123954e+01,5.152996e+01,5.175939e+01,5.220496e+01,5.267290e+01,5.325835e+01,5.409000e+01,5.445656e+01,5.484560e+01,5.515129e+01,5.597067e+01,5.625040e+01,5.661081e+01,5.662242e+01,5.730555e+01,5.749018e+01,5.796211e+01,5.827196e+01,5.863824e+01,5.882100e+01,5.923128e+01,5.965163e+01,5.996884e+01,6.033044e+01,6.072482e+01,6.105070e+01,6.136459e+01,6.156599e+01,6.177826e+01,6.211273e+01,6.230189e+01,6.275702e+01,6.280134e+01,6.285672e+01,6.317749e+01,6.329896e+01,6.345340e+01,6.361868e+01,6.361868e+01,6.406942e+01,6.392667e+01,6.408040e+01,6.417914e+01,6.417914e+01,6.417914e+01,6.417914e+01,6.417914e+01,6.417914e+01,6.462804e+01,6.438734e+01,6.438734e+01,6.438734e+01,6.438734e+01,6.438734e+01,6.438734e+01,6.438734e+01,6.438734e+01,6.438734e+01,6.438734e+01,6.438734e+01,6.438734e+01,6.438734e+01,6.438734e+01,6.393765e+01,6.391568e+01,6.390469e+01,6.390469e+01,6.390469e+01,6.390469e+01,6.390469e+01,6.390469e+01,6.345340e+01,6.345340e+01,6.345340e+01,6.345340e+01,6.300061e+01,6.285672e+01,6.266833e+01,6.257959e+01,6.241304e+01,6.230189e+01,6.197904e+01,6.174476e+01,6.139818e+01,6.119653e+01,6.078106e+01,6.039813e+01,5.994621e+01,5.945866e+01,5.884383e+01,5.834072e+01,5.785866e+01,5.744405e+01,5.708595e+01,5.661081e+01,5.583058e+01,5.586562e+01,5.512780e+01,5.495150e+01,5.466891e+01,5.427932e+01,5.382922e+01,5.363921e+01,5.363921e+01,5.327027e+01,5.297194e+01,5.256507e+01,5.248114e+01,5.181969e+01,5.183175e+01,5.186792e+01,5.177145e+01,5.139693e+01,5.123954e+01,5.106982e+01,5.106982e+01,5.094844e+01,5.044955e+01,5.044955e+01,4.994862e+01,5.010767e+01,4.985064e+01,4.980162e+01,4.962989e+01,4.944563e+01,4.944563e+01,4.913791e+01,4.913791e+01,4.913791e+01,4.913791e+01,4.879233e+01,4.879233e+01,4.879233e+01,4.879233e+01,4.828452e+01,4.827211e+01,4.827211e+01,4.827211e+01,4.827211e+01,4.827211e+01,4.791159e+01,4.791159e+01,4.791159e+01,4.791159e+01,4.791159e+01,4.740005e+01,4.740005e+01,4.740005e+01,4.740005e+01,4.740005e+01,4.740005e+01,4.740005e+01,4.740005e+01,4.740005e+01,4.740005e+01,4.688631e+01,4.704945e+01,4.704945e+01,4.704945e+01,4.704945e+01,4.704945e+01,4.704945e+01,4.704945e+01,4.704945e+01,4.704945e+01,4.704945e+01,4.704945e+01,4.704945e+01,4.704945e+01,4.704945e+01,4.704945e+01,4.704945e+01,4.704945e+01,4.704945e+01,4.704945e+01,4.704945e+01,4.704945e+01,4.704945e+01,4.756248e+01,4.740005e+01,4.740005e+01,4.740005e+01,4.740005e+01,4.740005e+01,4.740005e+01,4.740005e+01,4.740005e+01,4.791159e+01,4.774963e+01,4.774963e+01
3.872132e+01,3.872132e+01,3.872132e+01,3.872132e+01,3.872132e+01,3.872132e+01,3.872132e+01,3.872132e+01,3.872132e+01,3.872132e+01,3.872132e+01,3.872132e+01,3.923232e+01,3.923232e+01,3.923232e+01,3.923232e+01,3.923232e+01,3.923232e+01,3.923232e+01,3.923232e+01,3.923232e+01,3.923232e+01,3.923232e+01,3.974099e+01,3.974099e+01,3.974099e+01,3.974099e+01,3.974099e+01,3.974099e+01,3.974099e+01,3.974099e+01,3.974099e+01,3.974099e+01,3.974099e+01,3.974099e+01,3.974099e+01,3.974099e+01,3.974099e+01,4.028725e+01,3.999446e+01,3.999446e+01,3.999446e+01,3.999446e+01,3.999446e+01,3.999446e+01,3.999446e+01,3.999446e+01,3.999446e+01,3.999446e+01,3.999446e+01,3.999446e+01,3.999446e+01,3.999446e+01,3.999446e+01,3.999446e+01,3.999446e+01,3.999446e+01,3.999446e+01,3.999446e+01,3.999446e+01,3.999446e+01,3.999446e+01,3.999446e+01,3.999446e+01,3.999446e+01,3.999446e+01,3.999446e+01,3.999446e+01,3.999446e+01,3.999446e+01,3.999446e+01,3.999446e+01,3.999446e+01,3.999446e+01,3.999446e+01,3.999446e+01,3.999446e+01,3.999446e+01,3.999446e+01,3.999446e+01,3.999446e+01,3.999446e+01,3.999446e+01,3.999446e+01,3.999446e+01,3.999446e+01,3.999446e+01,3.999446e+01,3.999446e+01,3.999446e+01,3.999446e+01,3.999446e+01,3.999446e+01,3.999446e+01,3.999446e+01,3.999446e+01,3.999446e+01,3.999446e+01,3.999446e+01,3.999446e+01,3.999446e+01,3.999446e+01,3.999446e+01,3.999446e+01,3.999446e+01,3.944677e+01,3.962072e+01,3.962072e+01,3.962072e+01,3.962072e+01,3.962072e+01,3.962072e+01,3.962072e+01,3.962072e+01,3.962072e+01,3.962072e+01,3.962072e+01,3.919206e+01,3.919206e+01,3.919206e+01,3.919206e+01,3.919206e+01,3.919206e+01,3.919206e+01,3.919206e+01,3.919206e+01,3.864043e+01,3.864043e+01,3.919206e+01,3.901744e+01,3.901744e+01,3.901744e+01,3.901744e+01,3.901744e+01,3.901744e+01,3.901744e+01,3.901744e+01,3.901744e+01,3.901744e+01,3.901744e+01,3.901744e+01,3.901744e+01,3.901744e+01,3.901744e+01,3.901744e+01,3.901744e+01,3.901744e+01,3.901744e+01,3.901744e+01,3.901744e+01,3.901744e+01,3.901744e+01,3.901744e+01,3.901744e+01,3.901744e+01,3.901744e+01,3.901744e+01,3.901744e+01,3.901744e+01,3.846495e+01,3.843793e+01,3.892331e+01,3.862694e+01,3.862694e+01,3.862694e+01,3.862694e+01,3.862694e+01,3.862694e+01,3.862694e+01,3.862694e+01,3.862694e+01,3.862694e+01,3.862694e+01,3.862694e+01,3.862694e+01,3.862694e+01,3.862694e+01,3.862694e+01,3.862694e+01,3.917863e+01,3.900400e+01,3.900400e+01,3.900400e+01,3.900400e+01,3.900400e+01,3.900400e+01,3.900400e+01,3.900400e+01,3.900400e+01,3.936640e+01,3.909807e+01,3.909807e+01,3.964746e+01,3.935300e+01,3.940659e+01,3.944677e+01,3.950032e+01,3.946016e+01,3.946016e+01,3.946016e+01,3.946016e+01,4.000779e+01,3.983444e+01,3.983444e+01,3.983444e+01,3.983444e+01,3.983444e+01,3.983444e+01,3.983444e+01,3.983444e+01,3.983444e+01,3.983444e+01,3.928597e+01,3.974099e+01,3.939320e+01,3.921890e+01,3.921890e+01,3.921890e+01,3.921890e+01,3.921890e+01,3.921890e+01,3.921890e+01,3.921890e+01,3.921890e+01,3.921890e+01,3.921890e+01,3.866740e+01,3.884256e+01,3.884256e+01,3.884256e+01,3.884256e+01,3.884256e+01,3.884256e+01,3.884256e+01,3.884256e+01,3.884256e+01,3.884256e+01,3.884256e+01,3.884256e+01,3.939320e+01,3.921890e+01,3.921890e+01,3.921890e+01,3.921890e+01,3.921890e+01,3.921890e+01,3.921890e+01,3.921890e+01,3.921890e+01,3.976770e+01,3.940659e+01,3.940659e+01,3.940659e+01,3.940659e+01,3.940659e+01,3.940659e+01,3.940659e+01,3.940659e+01,3.995448e+01,3.966082e+01,3.966082e+01,3.966082e+01,3.966082e+01,3.966082e+01,3.966082e+01,3.966082e+01,3.966082e+01,3.966082e+01,3.966082e+01,3.966082e+01,3.966082e+01,3.966082e+01,3.966082e+01,3.966082e+01,3.966082e+01,3.966082e+01,3.966082e+01,3.966082e+01,3.966082e+01,3.966082e+01,3.966082e+01,3.966082e+01,3.966082e+01,3.925914e+01,3.925914e+01,3.925914e+01,3.925914e+01,3.925914e+01,3.925914e+01,3.870784e+01,3.908464e+01,3.881563e+01,3.881563e+01,3.881563e+01,3.881563e+01,3.936640e+01,3.932619e+01,3.927256e+01,3.927256e+01,3.927256e+01,3.927256e+01,3.927256e+01,3.927256e+01,3.927256e+01,3.927256e+01,3.927256e+01,3.927256e+01,3.982109e+01,3.917863e+01,3.974099e+01,3.939320e+01,3.994115e+01,3.964746e+01,3.964746e+01,3.964746e+01,3.964746e+01,3.964746e+01,3.964746e+01,3.964746e+01,3.964746e+01,3.964746e+01,3.964746e+01,3.964746e+01,3.964746e+01,3.964746e+01,3.964746e+01,3.964746e+01,3.964746e+01,3.964746e+01,3.964746e+01,3.964746e+01,3.964746e+01,3.964746e+01,3.964746e+01,3.964746e+01,3.964746e+01,3.947355e+01,3.917863e+01,3.917863e+01,3.917863e+01,3.917863e+01,3.917863e+01,3.917863e+01,3.917863e+01,3.917863e+01,3.917863e+01,3.917863e+01,3.917863e+01,3.917863e+01,3.862694e+01,3.880216e+01,3.880216e+01,3.880216e+01,3.880216e+01,3.880216e+01,3.880216e+01,3.880216e+01,3.880216e+01,3.880216e+01,3.880216e+01,3.880216e+01,3.880216e+01,3.880216e+01,3.880216e+01,3.880216e+01,3.880216e+01,3.880216e+01,3.880216e+01,3.880216e+01,3.880216e+01,3.880216e+01,3.880216e+01,3.880216e+01,3.880216e+01,3.935300e+01,3.931279e+01,3.925914e+01,3.925914e+01,3.925914e+01,3.925914e+01,3.925914e+01,3.925914e+01,3.925914e+01,3.925914e+01,3.925914e+01,3.925914e+01,3.925914e+01,3.925914e+01,3.925914e+01,3.925914e+01,3.925914e+01,3.925914e+01,3.925914e+01,3.925914e+01,3.925914e+01,3.950032e+01,4.007439e+01,3.990114e+01,3.990114e+01,4.044664e+01,4.049971e+01,4.049971e+01,4.049971e+01,4.049971e+01,4.104234e+01,4.087056e+01,4.105554e+01,4.112152e+01,4.166120e+01,4.168746e+01,4.172684e+01,4.172684e+01,4.172684e+01,4.226367e+01,4.221141e+01,4.222448e+01,4.239423e+01,4.292796e+01,4.264187e+01,4.264187e+01,4.317446e+01,4.322629e+01,4.321333e+01,4.321333e+01,4.374331e+01,4.379488e+01,4.410386e+01,4.415527e+01,4.415527e+01,4.454018e+01,4.454018e+01,4.506417e+01,4.511517e+01,4.563661e+01,4.568736e+01,4.583948e+01,4.604200e+01,4.626942e+01,4.655938e+01,4.692398e+01,4.733752e+01,4.753751e+01,4.788669e+01,4.817276e+01,4.856965e+01,4.889117e+01,4.935955e+01,4.970352e+01,5.010767e+01,5.091201e+01,5.130010e+01,5.150578e+01,5.190408e+01,5.225304e+01,5.321066e+01,5.354411e+01,5.371050e+01,5.416103e+01,5.491621e+01,5.525694e+01,5.593566e+01,5.630860e+01,5.658759e+01,5.676165e+01,5.714378e+01,5.749018e+01,5.792764e+01,5.832926e+01,5.861538e+01,5.895790e+01,5.928816e+01,5.961760e+01,6.002541e+01,6.043196e+01,6.069106e+01,6.110681e+01,6.134220e+01,6.134220e+01,6.177826e+01,6.209045e+01,6.197904e+01,6.264616e+01,6.264616e+01,6.264616e+01,6.317749e+01,6.317749e+01,6.345340e+01,6.345340e+01,6.345340e+01,6.345340e+01,6.392667e+01,6.392667e+01,6.392667e+01,6.392667e+01,6.417914e+01,6.417914e+01,6.417914e+01,6.417914e+01,6.417914e+01,6.417914e+01,6.417914e+01,6.417914e+01,6.417914e+01,6.462804e+01,6.448586e+01,6.448586e+01,6.448586e+01,6.448586e+01,6.448586e+01,6.448586e+01,6.448586e+01,6.403649e+01,6.401453e+01,6.398159e+01,6.398159e+01,6.398159e+01,6.398159e+01,6.398159e+01,6.398159e+01,6.353056e+01,6.356361e+01,6.355259e+01,6.355259e+01,6.355259e+01,6.355259e+01,6.300061e+01,6.300061e+01,6.266833e+01,6.266833e+01,6.241304e+01,6.212386e+01,6.188984e+01,6.165541e+01,6.142057e+01,6.107314e+01,6.072482e+01,6.034172e+01,5.988961e+01,5.940186e+01,5.878675e+01,5.828342e+01,5.780116e+01,5.747865e+01,5.701653e+01,5.655275e+01,5.599400e+01,5.584226e+01,5.529213e+01,5.492798e+01,5.456278e+01,5.422019e+01,5.448017e+01,5.403078e+01,5.385294e+01,5.338940e+01,5.347272e+01,5.281653e+01,5.260102e+01,5.210876e+01,5.195227e+01,5.195227e+01,5.195227e+01,5.139693e+01,5.089986e+01,5.105769e+01,5.105769e+01,5.105769e+01,5.044955e+01,5.029094e+01,5.011990e+01,4.992413e+01,4.987514e+01,4.987514e+01,4.937185e+01,4.953165e+01,4.933494e+01,4.916256e+01,4.916256e+01,4.916256e+01,4.916256e+01,4.879233e+01,4.879233e+01,4.879233e+01,4.879233e+01,4.828452e+01,4.828452e+01,4.828452e+01,4.828452e+01,4.828452e+01,4.777457e+01,4.781195e+01,4.781195e+01,4.781195e+01,4.781195e+01,4.781195e+01,4.781195e+01,4.740005e+01,4.740005e+01,4.740005e+01,4.740005e+01,4.740005e+01,4.740005e+01,4.740005e+01,4.740005e+01,4.688631e+01,4.693653e+01,4.693653e+01,4.693653e+01,4.693653e+01,4.693653e+01,4.693653e+01,4.693653e+01,4.693653e+01,4.693653e+01,4.693653e+01,4.693653e+01,4.693653e+01,4.693653e+01,4.745005e+01,4.728747e+01,4.728747e+01,4.728747e+01,4.728747e+01,4.728747e+01,4.728747e+01,4.728747e+01,4.728747e+01,4.728747e+01,4.728747e+01,4.728747e+01,4.728747e+01,4.728747e+01,4.728747e+01,4.728747e+01,4.728747e+01,4.728747e+01,4.779949e+01,4.779949e+01,4.779949e+01,4.779949e+01
3.872132e+01,3.872132e+01,3.872132e+01,3.872132e+01,3.872132e+01,3.872132e+01,3.872132e+01,3.872132e+01,3.872132e+01,3.872132e+01,3.872132e+01,3.872132e+01,3.923232e+01,3.923232e+01,3.923232e+01,3.923232e+01,3.923232e+01,3.923232e+01,3.923232e+01,3.923232e+01,3.978105e+01,3.948694e+01,3.911150e+01,3.943338e+01,3.960735e+01,3.960735e+01,3.960735e+01,3.960735e+01,3.960735e+01,3.960735e+01,3.960735e+01,3.960735e+01,3.960735e+01,3.960735e+01,4.015426e+01,3.998114e+01,3.998114e+01,3.998114e+01,3.998114e+01,3.998114e+01,3.998114e+01,3.998114e+01,3.998114e+01,3.998114e+01,3.998114e+01,3.998114e+01,3.998114e+01,3.998114e+01,3.998114e+01,3.998114e+01,3.998114e+01,3.998114e+01,3.998114e+01,3.998114e+01,3.998114e+01,3.998114e+01,3.998114e+01,3.998114e+01,3.998114e+01,3.998114e+01,3.998114e+01,3.998114e+01,3.998114e+01,3.998114e+01,3.998114e+01,3.998114e+01,3.998114e+01,3.998114e+01,3.998114e+01,3.998114e+01,3.998114e+01,3.998114e+01,3.998114e+01,3.998114e+01,3.998114e+01,3.998114e+01,3.998114e+01,3.998114e+01,3.998114e+01,3.998114e+01,3.998114e+01,3.998114e+01,3.998114e+01,3.998114e+01,3.998114e+01,3.998114e+01,3.998114e+01,3.998114e+01,3.998114e+01,3.998114e+01,3.998114e+01,3.998114e+01,3.998114e+01,3.998114e+01,3.998114e+01,3.998114e+01,3.998114e+01,3.998114e+01,3.998114e+01,3.998114e+01,3.998114e+01,3.943338e+01,3.972763e+01,3.972763e+01,3.972763e+01,3.972763e+01,3.972763e+01,3.972763e+01,3.972763e+01,3.972763e+01,3.972763e+01,3.972763e+01,3.972763e+01,3.972763e+01,3.972763e+01,3.917863e+01,3.921890e+01,3.920548e+01,3.920548e+01,3.920548e+01,3.920548e+01,3.920548e+01,3.920548e+01,3.920548e+01,3.920548e+01,3.920548e+01,3.920548e+01,3.920548e+01,3.920548e+01,3.920548e+01,3.920548e+01,3.920548e+01,3.920548e+01,3.865392e+01,3.882909e+01,3.882909e+01,3.882909e+01,3.882909e+01,3.882909e+01,3.882909e+01,3.882909e+01,3.882909e+01,3.882909e+01,3.882909e+01,3.882909e+01,3.882909e+01,3.882909e+01,3.882909e+01,3.882909e+01,3.882909e+01,3.882909e+01,3.882909e+01,3.882909e+01,3.882909e+01,3.882909e+01,3.882909e+01,3.882909e+01,3.882909e+01,3.882909e+01,3.882909e+01,3.882909e+01,3.882909e+01,3.882909e+01,3.882909e+01,3.882909e+01,3.882909e+01,3.882909e+01,3.882909e+01,3.882909e+01,3.882909e+01,3.882909e+01,3.882909e+01,3.882909e+01,3.882909e+01,3.882909e+01,3.882909e+01,3.882909e+01,3.882909e+01,3.882909e+01,3.882909e+01,3.882909e+01,3.882909e+01,3.937980e+01,3.920548e+01,3.920548e+01,3.920548e+01,3.920548e+01,3.920548e+01,3.920548e+01,3.920548e+01,3.920548e+01,3.975434e+01,3.964746e+01,3.937980e+01,3.937980e+01,3.937980e+01,3.937980e+01,3.937980e+01,3.992781e+01,3.963409e+01,3.979440e+01,3.988781e+01,3.988781e+01,3.988781e+01,3.988781e+01,3.988781e+01,3.988781e+01,3.988781e+01,3.988781e+01,3.988781e+01,3.988781e+01,3.988781e+01,3.988781e+01,3.988781e+01,3.939320e+01,3.939320e+01,3.939320e+01,3.939320e+01,3.939320e+01,3.939320e+01,3.939320e+01,3.939320e+01,3.939320e+01,3.939320e+01,3.939320e+01,3.939320e+01,3.921890e+01,3.892331e+01,3.892331e+01,3.892331e+01,3.892331e+01,3.892331e+01,3.892331e+01,3.892331e+01,3.892331e+01,3.892331e+01,3.947355e+01,3.917863e+01,3.920548e+01,3.927256e+01,3.927256e+01,3.927256e+01,3.927256e+01,3.927256e+01,3.927256e+01,3.982109e+01,3.952709e+01,3.990114e+01,3.986113e+01,3.975434e+01,3.998114e+01,3.968755e+01,3.951371e+01,3.951371e+01,3.951371e+01,3.951371e+01,4.006107e+01,4.002111e+01,3.936640e+01,3.995448e+01,3.978105e+01,3.978105e+01,3.978105e+01,3.978105e+01,3.978105e+01,3.978105e+01,3.978105e+01,3.978105e+01,3.978105e+01,3.978105e+01,3.978105e+01,3.978105e+01,3.978105e+01,3.978105e+01,3.978105e+01,3.978105e+01,3.978105e+01,3.978105e+01,3.978105e+01,3.978105e+01,3.978105e+01,3.923232e+01,3.917863e+01,3.921890e+01,3.921890e+01,3.921890e+01,3.921890e+01,3.921890e+01,3.921890e+01,3.921890e+01,3.921890e+01,3.921890e+01,3.921890e+01,3.921890e+01,3.921890e+01,3.921890e+01,3.921890e+01,3.921890e+01,3.921890e+01,3.921890e+01,3.921890e+01,3.921890e+01,3.921890e+01,3.921890e+01,3.976770e+01,3.947355e+01,3.963409e+01,3.959398e+01,3.959398e+01,3.955385e+01,3.966082e+01,4.010102e+01,3.984778e+01,3.984778e+01,3.984778e+01,3.984778e+01,3.984778e+01,3.984778e+01,3.984778e+01,3.984778e+01,3.984778e+01,3.984778e+01,3.984778e+01,3.984778e+01,3.984778e+01,3.984778e+01,3.984778e+01,3.984778e+01,3.984778e+01,3.984778e+01,3.984778e+01,3.984778e+01,3.984778e+01,3.984778e+01,3.984778e+01,3.929938e+01,3.979440e+01,3.958060e+01,3.940659e+01,3.940659e+01,3.940659e+01,3.940659e+01,3.940659e+01,3.940659e+01,3.940659e+01,3.940659e+01,3.885602e+01,3.903089e+01,3.886948e+01,3.874828e+01,3.874828e+01,3.929938e+01,3.900400e+01,3.900400e+01,3.900400e+01,3.900400e+01,3.900400e+01,3.900400e+01,3.900400e+01,3.900400e+01,3.900400e+01,3.900400e+01,3.900400e+01,3.900400e+01,3.900400e+01,3.900400e+01,3.900400e+01,3.900400e+01,3.900400e+01,3.900400e+01,3.900400e+01,3.900400e+01,3.900400e+01,3.900400e+01,3.935300e+01,3.935300e+01,3.935300e+01,3.935300e+01,3.935300e+01,3.935300e+01,3.935300e+01,3.935300e+01,3.935300e+01,3.935300e+01,3.935300e+01,3.935300e+01,3.935300e+01,3.935300e+01,3.935300e+01,3.935300e+01,3.935300e+01,3.935300e+01,3.935300e+01,3.935300e+01,3.990114e+01,3.986113e+01,3.995448e+01,3.995448e+01,3.995448e+01,4.044664e+01,4.044664e+01,4.044664e+01,4.098951e+01,4.094987e+01,4.098951e+01,4.098951e+01,4.098951e+01,4.098951e+01,4.166120e+01,4.166120e+01,4.166120e+01,4.166120e+01,4.219834e+01,4.221141e+01,4.221141e+01,4.221141e+01,4.221141e+01,4.292796e+01,4.268092e+01,4.283701e+01,4.299288e+01,4.299288e+01,4.352386e+01,4.354969e+01,4.362718e+01,4.388509e+01,4.406528e+01,4.406528e+01,4.459140e+01,4.455298e+01,4.470657e+01,4.488551e+01,4.508967e+01,4.543340e+01,4.543340e+01,4.583948e+01,4.635774e+01,4.640818e+01,4.666007e+01,4.703690e+01,4.716225e+01,4.756248e+01,4.798627e+01,4.827211e+01,4.866867e+01,4.900227e+01,4.932264e+01,4.977710e+01,5.016879e+01,5.087556e+01,5.122743e+01,5.157830e+01,5.236114e+01,5.255308e+01,5.330602e+01,5.350842e+01,5.381735e+01,5.470427e+01,5.508081e+01,5.536249e+01,5.591232e+01,5.637840e+01,5.655275e+01,5.686598e+01,5.759392e+01,5.777814e+01,5.812287e+01,5.831780e+01,5.869538e+01,5.904910e+01,5.937912e+01,5.971967e+01,6.009325e+01,6.042068e+01,6.078106e+01,6.063477e+01,6.130859e+01,6.144295e+01,6.175593e+01,6.203476e+01,6.211273e+01,6.249079e+01,6.249079e+01,6.294529e+01,6.307802e+01,6.325480e+01,6.342032e+01,6.342032e+01,6.387172e+01,6.383874e+01,6.343135e+01,6.412429e+01,6.412429e+01,6.412429e+01,6.412429e+01,6.412429e+01,6.412429e+01,6.412429e+01,6.412429e+01,6.412429e+01,6.457337e+01,6.432163e+01,6.445303e+01,6.452962e+01,6.452962e+01,6.452962e+01,6.452962e+01,6.452962e+01,6.452962e+01,6.452962e+01,6.408040e+01,6.409137e+01,6.409137e+01,6.409137e+01,6.409137e+01,6.409137e+01,6.409137e+01,6.364070e+01,6.361868e+01,6.358564e+01,6.358564e+01,6.358564e+01,6.358564e+01,6.358564e+01,6.313329e+01,6.305591e+01,6.287887e+01,6.270160e+01,6.252410e+01,6.232413e+01,6.203476e+01,6.180058e+01,6.156599e+01,6.133100e+01,6.098334e+01,6.062352e+01,6.027400e+01,5.982166e+01,5.933365e+01,5.871824e+01,5.821464e+01,5.782416e+01,5.739790e+01,5.694707e+01,5.648304e+01,5.615722e+01,5.586562e+01,5.533904e+01,5.488091e+01,5.446836e+01,5.439751e+01,5.424385e+01,5.371050e+01,5.368674e+01,5.354411e+01,5.291219e+01,5.287632e+01,5.250512e+01,5.177145e+01,5.192817e+01,5.192817e+01,5.192817e+01,5.139693e+01,5.104555e+01,5.104555e+01,5.104555e+01,5.054705e+01,5.051050e+01,5.051050e+01,5.051050e+01,4.992413e+01,4.992413e+01,4.992413e+01,4.992413e+01,4.953165e+01,4.953165e+01,4.916256e+01,4.916256e+01,4.916256e+01,4.865630e+01,4.869342e+01,4.869342e+01,4.869342e+01,4.869342e+01,4.869342e+01,4.828452e+01,4.828452e+01,4.828452e+01,4.777457e+01,4.783687e+01,4.783687e+01,4.783687e+01,4.783687e+01,4.783687e+01,4.732501e+01,4.736254e+01,4.742506e+01,4.742506e+01,4.742506e+01,4.742506e+01,4.742506e+01,4.742506e+01,4.742506e+01,4.742506e+01,4.688631e+01,4.740005e+01,4.711213e+01,4.711213e+01,4.711213e+01,4.711213e+01,4.711213e+01,4.711213e+01,4.711213e+01,4.711213e+01,4.711213e+01,4.711213e+01,4.711213e+01,4.711213e+01,4.711213e+01,4.711213e+01,4.711213e+01,4.711213e+01,4.711213e+01,4.711213e+01,4.711213e+01,4.711213e+01,4.762490e+01,4.746255e+01,4.746255e+01,4.746255e+01,4.746255e+01,4.746255e+01,4.746255e+01,4.746255e+01,4.746255e+01,4.746255e+01,4.746255e+01,4.746255e+01,4.746255e+01,4.779949e+01
3.872132e+01,3.872132e+01,3.872132e+01,3.872132e+01,3.872132e+01,3.872132e+01,3.872132e+01,3.872132e+01,3.872132e+01,3.872132e+01,3.927256e+01,3.923232e+01,3.916521e+01,3.916521e+01,3.916521e+01,3.916521e+01,3.916521e+01,3.916521e+01,3.916521e+01,3.916521e+01,3.978105e+01,3.937980e+01,3.931279e+01,3.939320e+01,3.939320e+01,3.939320e+01,3.939320e+01,3.939320e+01,3.939320e+01,3.994115e+01,3.976770e+01,3.976770e+01,3.976770e+01,3.976770e+01,3.976770e+01,3.976770e+01,3.976770e+01,3.976770e+01,3.976770e+01,3.976770e+01,3.976770e+01,3.976770e+01,3.976770e+01,3.976770e+01,3.976770e+01,3.976770e+01,3.976770e+01,3.976770e+01,4.031383e+01,4.014095e+01,4.014095e+01,4.014095e+01,4.014095e+01,4.014095e+01,4.014095e+01,4.014095e+01,4.014095e+01,4.014095e+01,4.014095e+01,4.014095e+01,4.014095e+01,4.014095e+01,4.014095e+01,4.014095e+01,4.014095e+01,4.014095e+01,4.014095e+01,4.014095e+01,4.014095e+01,4.014095e+01,4.014095e+01,4.014095e+01,4.014095e+01,4.014095e+01,4.014095e+01,4.014095e+01,4.014095e+01,4.014095e+01,4.014095e+01,4.014095e+01,4.014095e+01,4.014095e+01,4.014095e+01,4.014095e+01,4.014095e+01,4.014095e+01,4.014095e+01,4.014095e+01,4.014095e+01,4.014095e+01,4.014095e+01,4.014095e+01,4.014095e+01,4.014095e+01,4.014095e+01,3.959398e+01,3.976770e+01,3.976770e+01,3.976770e+01,3.976770e+01,3.976770e+01,3.976770e+01,3.976770e+01,3.976770e+01,3.976770e+01,3.976770e+01,3.976770e+01,3.976770e+01,3.976770e+01,3.976770e+01,3.976770e+01,3.976770e+01,3.976770e+01,3.976770e+01,3.976770e+01,3.972763e+01,3.941999e+01,3.941999e+01,3.941999e+01,3.941999e+01,3.941999e+01,3.941999e+01,3.941999e+01,3.886948e+01,3.904433e+01,3.904433e+01,3.904433e+01,3.904433e+01,3.904433e+01,3.904433e+01,3.904433e+01,3.904433e+01,3.904433e+01,3.904433e+01,3.904433e+01,3.904433e+01,3.904433e+01,3.904433e+01,3.904433e+01,3.904433e+01,3.904433e+01,3.904433e+01,3.904433e+01,3.904433e+01,3.904433e+01,3.904433e+01,3.904433e+01,3.904433e+01,3.904433e+01,3.904433e+01,3.904433e+01,3.904433e+01,3.904433e+01,3.904433e+01,3.904433e+01,3.904433e+01,3.904433e+01,3.904433e+01,3.904433e+01,3.904433e+01,3.904433e+01,3.904433e+01,3.904433e+01,3.904433e+01,3.904433e+01,3.904433e+01,3.849196e+01,3.866740e+01,3.866740e+01,3.866740e+01,3.866740e+01,3.866740e+01,3.866740e+01,3.866740e+01,3.921890e+01,3.904433e+01,3.904433e+01,3.904433e+01,3.904433e+01,3.904433e+01,3.904433e+01,3.904433e+01,3.904433e+01,3.959398e+01,3.941999e+01,3.941999e+01,3.941999e+01,3.941999e+01,3.941999e+01,3.941999e+01,3.941999e+01,3.941999e+01,3.941999e+01,3.941999e+01,3.996781e+01,3.966082e+01,3.948694e+01,3.966082e+01,3.974099e+01,3.967419e+01,3.967419e+01,4.022078e+01,4.004775e+01,4.004775e+01,4.004775e+01,4.004775e+01,4.004775e+01,4.004775e+01,4.004775e+01,4.004775e+01,4.004775e+01,4.004775e+01,4.004775e+01,3.950032e+01,3.951371e+01,3.951371e+01,3.951371e+01,3.951371e+01,3.951371e+01,3.951371e+01,3.951371e+01,3.951371e+01,3.951371e+01,3.951371e+01,3.951371e+01,3.896367e+01,3.946016e+01,3.920548e+01,3.903089e+01,3.958060e+01,3.927256e+01,3.964746e+01,3.933960e+01,3.917863e+01,3.917863e+01,3.917863e+01,3.917863e+01,3.972763e+01,3.941999e+01,3.941999e+01,3.941999e+01,3.941999e+01,3.941999e+01,3.941999e+01,3.941999e+01,3.941999e+01,3.941999e+01,3.941999e+01,3.986113e+01,3.986113e+01,3.986113e+01,3.986113e+01,3.986113e+01,3.986113e+01,3.986113e+01,3.986113e+01,3.986113e+01,3.986113e+01,3.986113e+01,3.986113e+01,3.986113e+01,3.986113e+01,3.986113e+01,4.040681e+01,4.010102e+01,3.994115e+01,3.994115e+01,3.994115e+01,3.994115e+01,3.994115e+01,3.994115e+01,3.994115e+01,3.994115e+01,3.994115e+01,3.994115e+01,3.994115e+01,3.994115e+01,3.994115e+01,3.994115e+01,3.939320e+01,3.991448e+01,3.952709e+01,3.986113e+01,3.955385e+01,3.995448e+01,3.964746e+01,3.951371e+01,3.992781e+01,3.962072e+01,3.948694e+01,3.948694e+01,3.948694e+01,3.948694e+01,3.893676e+01,3.962072e+01,3.948694e+01,3.948694e+01,3.948694e+01,3.948694e+01,3.948694e+01,3.948694e+01,3.948694e+01,3.948694e+01,3.948694e+01,3.976770e+01,4.006107e+01,3.975434e+01,3.975434e+01,3.975434e+01,3.975434e+01,4.030054e+01,4.023407e+01,4.023407e+01,4.023407e+01,4.023407e+01,4.023407e+01,4.023407e+01,4.023407e+01,4.023407e+01,4.023407e+01,4.023407e+01,4.023407e+01,4.023407e+01,4.023407e+01,4.023407e+01,4.023407e+01,3.984778e+01,3.984778e+01,3.984778e+01,3.984778e+01,3.984778e+01,3.984778e+01,3.984778e+01,3.984778e+01,3.984778e+01,3.984778e+01,3.984778e+01,3.984778e+01,3.984778e+01,3.940659e+01,3.940659e+01,3.940659e+01,3.940659e+01,3.940659e+01,3.940659e+01,3.940659e+01,3.885602e+01,3.885602e+01,3.885602e+01,3.885602e+01,3.885602e+01,3.929938e+01,3.904433e+01,3.904433e+01,3.904433e+01,3.904433e+01,3.904433e+01,3.904433e+01,3.904433e+01,3.904433e+01,3.904433e+01,3.904433e+01,3.904433e+01,3.904433e+01,3.904433e+01,3.904433e+01,3.904433e+01,3.904433e+01,3.904433e+01,3.904433e+01,3.904433e+01,3.904433e+01,3.904433e+01,3.959398e+01,3.955385e+01,3.955385e+01,3.955385e+01,3.955385e+01,3.955385e+01,3.955385e+01,3.955385e+01,3.955385e+01,3.955385e+01,3.955385e+01,3.955385e+01,3.955385e+01,3.955385e+01,3.955385e+01,3.955385e+01,3.955385e+01,3.955385e+01,4.010102e+01,3.979440e+01,3.975434e+01,3.978105e+01,3.978105e+01,3.978105e+01,4.032712e+01,4.035369e+01,4.032712e+01,4.032712e+01,4.087056e+01,4.087056e+01,4.087056e+01,4.087056e+01,4.087056e+01,4.141142e+01,4.143774e+01,4.159552e+01,4.159552e+01,4.159552e+01,4.213297e+01,4.213297e+01,4.213297e+01,4.266791e+01,4.236813e+01,4.253766e+01,4.281101e+01,4.281101e+01,4.281101e+01,4.334282e+01,4.336870e+01,4.340751e+01,4.340751e+01,4.393660e+01,4.380777e+01,4.380777e+01,4.433505e+01,4.447611e+01,4.447611e+01,4.500039e+01,4.487273e+01,4.528075e+01,4.539525e+01,4.559853e+01,4.595344e+01,4.620629e+01,4.672296e+01,4.676068e+01,4.699928e+01,4.732501e+01,4.767481e+01,4.796139e+01,4.834657e+01,4.876761e+01,4.910093e+01,4.943334e+01,4.975258e+01,5.025431e+01,5.085126e+01,5.130010e+01,5.168699e+01,5.221698e+01,5.256507e+01,5.316295e+01,5.355600e+01,5.392411e+01,5.419653e+01,5.515129e+01,5.546796e+01,5.598234e+01,5.623875e+01,5.659920e+01,5.697022e+01,5.745558e+01,5.782416e+01,5.808844e+01,5.843234e+01,5.866111e+01,5.910606e+01,5.947002e+01,5.982166e+01,6.005933e+01,6.047706e+01,6.074731e+01,6.124137e+01,6.125257e+01,6.156599e+01,6.184522e+01,6.200133e+01,6.223516e+01,6.235748e+01,6.251300e+01,6.281242e+01,6.281242e+01,6.325480e+01,6.325480e+01,6.325480e+01,6.342032e+01,6.345340e+01,6.394864e+01,6.406942e+01,6.406942e+01,6.406942e+01,6.406942e+01,6.406942e+01,6.406942e+01,6.406942e+01,6.406942e+01,6.406942e+01,6.457337e+01,6.435449e+01,6.435449e+01,6.435449e+01,6.435449e+01,6.435449e+01,6.435449e+01,6.435449e+01,6.435449e+01,6.435449e+01,6.435449e+01,6.435449e+01,6.409137e+01,6.409137e+01,6.409137e+01,6.409137e+01,6.364070e+01,6.369574e+01,6.369574e+01,6.369574e+01,6.369574e+01,6.369574e+01,6.369574e+01,6.369574e+01,6.313329e+01,6.313329e+01,6.287887e+01,6.287887e+01,6.252410e+01,6.260178e+01,6.188984e+01,6.171126e+01,6.193444e+01,6.159953e+01,6.127499e+01,6.093842e+01,6.051087e+01,6.009325e+01,5.964029e+01,5.906049e+01,5.859252e+01,5.814582e+01,5.728245e+01,5.687757e+01,5.651790e+01,5.611061e+01,5.576047e+01,5.526867e+01,5.529213e+01,5.510431e+01,5.427932e+01,5.407816e+01,5.385294e+01,5.385294e+01,5.354411e+01,5.305554e+01,5.284045e+01,5.239715e+01,5.240915e+01,5.212078e+01,5.212078e+01,5.162661e+01,5.130010e+01,5.108195e+01,5.108195e+01,5.108195e+01,5.054705e+01,5.054705e+01,5.054705e+01,5.004652e+01,4.998534e+01,4.998534e+01,4.998534e+01,4.948251e+01,4.951937e+01,4.933494e+01,4.919952e+01,4.919952e+01,4.919952e+01,4.865630e+01,4.865630e+01,4.865630e+01,4.865630e+01,4.865630e+01,4.865630e+01,4.828452e+01,4.828452e+01,4.828452e+01,4.777457e+01,4.777457e+01,4.777457e+01,4.777457e+01,4.777457e+01,4.777457e+01,4.777457e+01,4.777457e+01,4.777457e+01,4.742506e+01,4.742506e+01,4.742506e+01,4.742506e+01,4.742506e+01,4.742506e+01,4.742506e+01,4.688631e+01,4.704945e+01,4.706199e+01,4.706199e+01,4.706199e+01,4.706199e+01,4.706199e+01,4.706199e+01,4.706199e+01,4.706199e+01,4.706199e+01,4.706199e+01,4.706199e+01,4.706199e+01,4.706199e+01,4.706199e+01,4.706199e+01,4.706199e+01,4.706199e+01,4.706199e+01,4.706199e+01,4.706199e+01,4.762490e+01,4.711213e+01,4.723740e+01,4.723740e+01,4.723740e+01,4.723740e+01,4.723740e+01,4.723740e+01,4.723740e+01,4.774963e+01,4.762490e+01,4.762490e+01,4.762490e+01,4.762490e+01
3.872132e+01,3.872132e+01,3.872132e+01,3.872132e+01,3.872132e+01,3.872132e+01,3.872132e+01,3.872132e+01,3.872132e+01,3.872132e+01,3.872132e+01,3.923232e+01,3.923232e+01,3.923232e+01,3.923232e+01,3.923232e+01,3.923232e+01,3.923232e+01,3.923232e+01,3.923232e+01,3.923232e+01,3.923232e+01,3.923232e+01,3.923232e+01,3.923232e+01,3.978105e+01,3.964746e+01,3.964746e+01,3.964746e+01,3.964746e+01,3.964746e+01,3.964746e+01,3.964746e+01,4.019417e+01,4.006107e+01,3.992781e+01,3.992781e+01,3.992781e+01,3.992781e+01,3.992781e+01,3.992781e+01,3.992781e+01,3.992781e+01,3.992781e+01,3.992781e+01,3.992781e+01,3.992781e+01,3.992781e+01,3.992781e+01,3.992781e+01,3.992781e+01,3.992781e+01,3.992781e+01,3.992781e+01,3.992781e+01,3.992781e+01,3.992781e+01,3.992781e+01,3.992781e+01,3.992781e+01,3.992781e+01,3.992781e+01,3.992781e+01,3.992781e+01,3.992781e+01,3.992781e+01,3.992781e+01,3.992781e+01,3.992781e+01,3.992781e+01,3.992781e+01,3.992781e+01,3.992781e+01,3.992781e+01,3.992781e+01,3.992781e+01,3.992781e+01,3.992781e+01,3.992781e+01,3.992781e+01,3.992781e+01,3.992781e+01,3.992781e+01,3.992781e+01,3.992781e+01,3.992781e+01,3.992781e+01,3.992781e+01,3.992781e+01,3.992781e+01,3.992781e+01,3.992781e+01,3.992781e+01,3.992781e+01,3.992781e+01,3.992781e+01,3.992781e+01,3.992781e+01,3.992781e+01,3.992781e+01,3.992781e+01,3.992781e+01,3.992781e+01,3.937980e+01,3.951371e+01,3.951371e+01,3.951371e+01,3.951371e+01,3.951371e+01,3.951371e+01,3.951371e+01,3.951371e+01,3.951371e+01,3.951371e+01,3.951371e+01,3.951371e+01,3.951371e+01,3.951371e+01,3.951371e+01,3.951371e+01,3.951371e+01,3.896367e+01,3.900400e+01,3.899056e+01,3.899056e+01,3.899056e+01,3.899056e+01,3.899056e+01,3.899056e+01,3.899056e+01,3.899056e+01,3.899056e+01,3.899056e+01,3.899056e+01,3.899056e+01,3.899056e+01,3.899056e+01,3.899056e+01,3.899056e+01,3.899056e+01,3.899056e+01,3.899056e+01,3.899056e+01,3.899056e+01,3.899056e+01,3.899056e+01,3.899056e+01,3.899056e+01,3.899056e+01,3.899056e+01,3.899056e+01,3.899056e+01,3.899056e+01,3.899056e+01,3.899056e+01,3.899056e+01,3.899056e+01,3.899056e+01,3.899056e+01,3.899056e+01,3.899056e+01,3.899056e+01,3.899056e+01,3.899056e+01,3.899056e+01,3.899056e+01,3.899056e+01,3.899056e+01,3.899056e+01,3.899056e+01,3.899056e+01,3.899056e+01,3.899056e+01,3.899056e+01,3.899056e+01,3.899056e+01,3.899056e+01,3.899056e+01,3.899056e+01,3.954047e+01,3.921890e+01,3.921890e+01,3.921890e+01,3.959398e+01,3.959398e+01,3.959398e+01,3.959398e+01,3.959398e+01,3.959398e+01,3.959398e+01,3.959398e+01,3.959398e+01,3.959398e+01,3.959398e+01,3.959398e+01,3.959398e+01,4.014095e+01,3.982109e+01,3.982109e+01,3.982109e+01,3.982109e+01,3.982109e+01,4.036697e+01,4.023407e+01,4.023407e+01,4.023407e+01,4.023407e+01,4.023407e+01,4.023407e+01,3.968755e+01,3.982109e+01,3.982109e+01,3.982109e+01,3.982109e+01,3.982109e+01,3.982109e+01,3.982109e+01,3.982109e+01,3.982109e+01,3.982109e+01,3.982109e+01,3.951371e+01,3.951371e+01,3.951371e+01,3.951371e+01,3.951371e+01,3.951371e+01,3.951371e+01,3.951371e+01,3.951371e+01,3.951371e+01,3.951371e+01,3.951371e+01,3.951371e+01,3.951371e+01,3.951371e+01,3.951371e+01,3.951371e+01,3.951371e+01,3.951371e+01,3.951371e+01,3.951371e+01,3.951371e+01,4.006107e+01,3.974099e+01,3.960735e+01,4.015426e+01,4.011433e+01,4.004775e+01,4.004775e+01,4.004775e+01,4.004775e+01,4.004775e+01,4.004775e+01,4.004775e+01,4.004775e+01,4.004775e+01,4.004775e+01,4.004775e+01,4.059254e+01,4.027396e+01,4.014095e+01,4.016756e+01,4.022078e+01,4.014095e+01,4.014095e+01,4.014095e+01,4.014095e+01,4.014095e+01,4.014095e+01,4.014095e+01,4.014095e+01,4.014095e+01,3.959398e+01,3.972763e+01,3.972763e+01,3.972763e+01,3.972763e+01,3.972763e+01,3.972763e+01,3.972763e+01,3.972763e+01,3.972763e+01,3.972763e+01,3.972763e+01,3.972763e+01,3.972763e+01,3.972763e+01,3.972763e+01,3.972763e+01,3.972763e+01,3.972763e+01,3.972763e+01,3.948694e+01,3.955385e+01,3.955385e+01,3.955385e+01,3.955385e+01,3.955385e+01,3.955385e+01,3.955385e+01,3.955385e+01,3.955385e+01,4.010102e+01,3.971427e+01,3.980775e+01,3.979440e+01,3.979440e+01,3.979440e+01,3.979440e+01,4.030054e+01,4.030054e+01,4.030054e+01,4.030054e+01,4.030054e+01,4.030054e+01,4.030054e+01,4.030054e+01,4.030054e+01,4.030054e+01,4.030054e+01,4.030054e+01,4.030054e+01,4.030054e+01,4.030054e+01,4.030054e+01,4.030054e+01,4.030054e+01,4.030054e+01,3.984778e+01,3.984778e+01,3.984778e+01,3.984778e+01,3.984778e+01,3.984778e+01,3.984778e+01,3.984778e+01,3.984778e+01,3.984778e+01,3.984778e+01,3.940659e+01,3.940659e+01,3.940659e+01,3.940659e+01,3.940659e+01,3.940659e+01,3.940659e+01,3.885602e+01,3.940659e+01,3.908464e+01,3.927256e+01,3.917863e+01,3.917863e+01,3.917863e+01,3.917863e+01,3.917863e+01,3.917863e+01,3.917863e+01,3.917863e+01,3.917863e+01,3.917863e+01,3.917863e+01,3.917863e+01,3.917863e+01,3.917863e+01,3.917863e+01,3.917863e+01,3.917863e+01,3.917863e+01,3.917863e+01,3.917863e+01,3.917863e+01,3.972763e+01,3.966082e+01,3.966082e+01,3.966082e+01,3.966082e+01,3.966082e+01,3.966082e+01,3.966082e+01,3.966082e+01,3.966082e+01,3.966082e+01,3.966082e+01,3.966082e+01,3.966082e+01,3.966082e+01,3.966082e+01,3.966082e+01,3.966082e+01,3.966082e+01,3.966082e+01,3.966082e+01,3.966082e+01,3.966082e+01,4.020747e+01,4.023407e+01,4.026067e+01,4.026067e+01,4.026067e+01,4.080443e+01,4.080443e+01,4.080443e+01,4.080443e+01,4.080443e+01,4.134560e+01,4.134560e+01,4.134560e+01,4.188422e+01,4.175309e+01,4.193663e+01,4.201521e+01,4.201521e+01,4.201521e+01,4.266791e+01,4.240727e+01,4.273298e+01,4.277200e+01,4.277200e+01,4.330399e+01,4.327810e+01,4.327810e+01,4.380777e+01,4.383355e+01,4.387220e+01,4.387220e+01,4.439919e+01,4.433505e+01,4.433505e+01,4.485996e+01,4.488551e+01,4.506417e+01,4.524256e+01,4.524256e+01,4.559853e+01,4.591546e+01,4.634513e+01,4.655938e+01,4.655938e+01,4.699928e+01,4.741256e+01,4.724992e+01,4.816034e+01,4.845816e+01,4.873052e+01,4.915023e+01,4.951937e+01,4.986289e+01,5.031536e+01,5.091201e+01,5.126377e+01,5.175939e+01,5.218092e+01,5.263697e+01,5.322258e+01,5.352032e+01,5.397153e+01,5.478674e+01,5.531559e+01,5.558504e+01,5.594733e+01,5.628532e+01,5.668045e+01,5.708595e+01,5.742097e+01,5.787016e+01,5.816876e+01,5.839799e+01,5.878675e+01,5.907188e+01,5.951545e+01,5.990093e+01,6.017236e+01,6.044324e+01,6.082603e+01,6.109558e+01,6.127499e+01,6.118531e+01,6.191214e+01,6.216839e+01,6.220178e+01,6.265725e+01,6.223516e+01,6.246858e+01,6.304485e+01,6.315539e+01,6.315539e+01,6.315539e+01,6.342032e+01,6.360767e+01,6.380575e+01,6.380575e+01,6.380575e+01,6.406942e+01,6.406942e+01,6.406942e+01,6.406942e+01,6.406942e+01,6.406942e+01,6.406942e+01,6.412429e+01,6.438734e+01,6.438734e+01,6.438734e+01,6.438734e+01,6.438734e+01,6.438734e+01,6.438734e+01,6.438734e+01,6.438734e+01,6.438734e+01,6.438734e+01,6.438734e+01,6.409137e+01,6.409137e+01,6.409137e+01,6.364070e+01,6.364070e+01,6.364070e+01,6.364070e+01,6.364070e+01,6.364070e+01,6.364070e+01,6.364070e+01,6.313329e+01,6.296742e+01,6.291208e+01,6.274594e+01,6.255740e+01,6.244637e+01,6.203476e+01,6.203476e+01,6.157718e+01,6.144295e+01,6.120774e+01,6.082603e+01,6.045451e+01,6.003671e+01,5.958355e+01,5.900351e+01,5.853533e+01,5.808844e+01,5.722469e+01,5.691232e+01,5.643654e+01,5.614557e+01,5.567863e+01,5.542110e+01,5.542110e+01,5.510431e+01,5.443294e+01,5.443294e+01,5.385294e+01,5.367486e+01,5.342512e+01,5.321066e+01,5.282849e+01,5.255308e+01,5.237314e+01,5.215687e+01,5.198840e+01,5.166284e+01,5.137273e+01,5.137273e+01,5.108195e+01,5.091201e+01,5.070533e+01,5.070533e+01,5.070533e+01,5.054705e+01,5.019323e+01,4.969125e+01,4.966671e+01,4.959306e+01,4.959306e+01,4.933494e+01,4.933494e+01,4.882941e+01,4.880469e+01,4.876761e+01,4.876761e+01,4.876761e+01,4.876761e+01,4.825970e+01,4.823487e+01,4.827211e+01,4.827211e+01,4.827211e+01,4.827211e+01,4.777457e+01,4.777457e+01,4.777457e+01,4.777457e+01,4.777457e+01,4.777457e+01,4.777457e+01,4.726244e+01,4.729998e+01,4.729998e+01,4.729998e+01,4.729998e+01,4.729998e+01,4.729998e+01,4.729998e+01,4.729998e+01,4.678581e+01,4.692398e+01,4.692398e+01,4.692398e+01,4.692398e+01,4.692398e+01,4.692398e+01,4.692398e+01,4.692398e+01,4.692398e+01,4.692398e+01,4.692398e+01,4.692398e+01,4.692398e+01,4.692398e+01,4.743756e+01,4.731250e+01,4.731250e+01,4.731250e+01,4.731250e+01,4.731250e+01,4.731250e+01,4.731250e+01,4.731250e+01,4.731250e+01,4.731250e+01,4.731250e+01,4.731250e+01,4.731250e+01,4.731250e+01,4.731250e+01,4.762490e+01,4.762490e+01,4.762490e+01,4.762490e+01
3.872132e+01,3.872132e+01,3.872132e+01,3.872132e+01,3.872132e+01,3.872132e+01,3.872132e+01,3.872132e+01,3.872132e+01,3.872132e+01,3.927256e+01,3.920548e+01,3.920548e+01,3.920548e+01,3.920548e+01,3.920548e+01,3.920548e+01,3.920548e+01,3.920548e+01,3.920548e+01,3.920548e+01,3.920548e+01,3.975434e+01,3.943338e+01,3.962072e+01,3.966082e+01,3.966082e+01,3.966082e+01,3.966082e+01,3.966082e+01,3.966082e+01,3.966082e+01,3.966082e+01,3.966082e+01,3.966082e+01,3.966082e+01,4.020747e+01,4.007439e+01,4.007439e+01,4.007439e+01,4.007439e+01,4.007439e+01,4.007439e+01,4.007439e+01,4.007439e+01,4.007439e+01,4.007439e+01,4.007439e+01,4.007439e+01,4.007439e+01,4.007439e+01,4.007439e+01,4.007439e+01,4.007439e+01,4.007439e+01,4.007439e+01,4.007439e+01,4.007439e+01,4.007439e+01,4.007439e+01,4.007439e+01,4.007439e+01,4.007439e+01,4.007439e+01,4.007439e+01,4.007439e+01,4.007439e+01,4.007439e+01,4.007439e+01,4.007439e+01,4.007439e+01,4.007439e+01,4.007439e+01,4.007439e+01,4.007439e+01,4.007439e+01,4.007439e+01,4.007439e+01,4.007439e+01,4.007439e+01,4.007439e+01,4.007439e+01,4.007439e+01,4.007439e+01,4.007439e+01,4.007439e+01,4.007439e+01,4.007439e+01,4.007439e+01,4.007439e+01,4.007439e+01,4.007439e+01,4.007439e+01,4.007439e+01,4.007439e+01,4.007439e+01,4.007439e+01,4.007439e+01,4.007439e+01,4.007439e+01,4.007439e+01,3.952709e+01,3.950032e+01,3.950032e+01,3.950032e+01,3.950032e+01,3.950032e+01,3.950032e+01,3.950032e+01,3.950032e+01,3.950032e+01,3.950032e+01,3.950032e+01,3.950032e+01,3.950032e+01,3.950032e+01,3.950032e+01,3.950032e+01,3.950032e+01,3.950032e+01,3.950032e+01,3.950032e+01,3.950032e+01,3.899056e+01,3.899056e+01,3.899056e+01,3.899056e+01,3.899056e+01,3.899056e+01,3.899056e+01,3.899056e+01,3.899056e+01,3.899056e+01,3.899056e+01,3.899056e+01,3.899056e+01,3.899056e+01,3.899056e+01,3.899056e+01,3.899056e+01,3.899056e+01,3.899056e+01,3.899056e+01,3.899056e+01,3.899056e+01,3.899056e+01,3.899056e+01,3.899056e+01,3.899056e+01,3.899056e+01,3.899056e+01,3.899056e+01,3.899056e+01,3.899056e+01,3.899056e+01,3.899056e+01,3.899056e+01,3.899056e+01,3.899056e+01,3.899056e+01,3.899056e+01,3.899056e+01,3.899056e+01,3.899056e+01,3.899056e+01,3.899056e+01,3.899056e+01,3.899056e+01,3.899056e+01,3.899056e+01,3.899056e+01,3.899056e+01,3.899056e+01,3.899056e+01,3.899056e+01,3.899056e+01,3.899056e+01,3.954047e+01,3.950032e+01,3.941999e+01,3.925914e+01,3.925914e+01,3.925914e+01,3.925914e+01,3.959398e+01,3.959398e+01,3.959398e+01,3.959398e+01,3.959398e+01,3.959398e+01,3.959398e+01,3.959398e+01,3.959398e+01,4.014095e+01,3.982109e+01,4.000779e+01,3.995448e+01,4.040681e+01,4.008770e+01,4.008770e+01,4.008770e+01,4.008770e+01,4.036697e+01,4.036697e+01,4.036697e+01,4.036697e+01,4.036697e+01,4.036697e+01,4.036697e+01,4.036697e+01,4.036697e+01,4.036697e+01,4.036697e+01,3.982109e+01,3.982109e+01,3.982109e+01,3.982109e+01,3.982109e+01,3.982109e+01,3.982109e+01,3.982109e+01,3.982109e+01,3.982109e+01,3.982109e+01,3.982109e+01,3.982109e+01,3.982109e+01,3.982109e+01,3.951371e+01,3.951371e+01,3.951371e+01,3.951371e+01,3.951371e+01,3.951371e+01,3.951371e+01,3.951371e+01,3.951371e+01,3.951371e+01,3.951371e+01,3.951371e+01,3.951371e+01,4.006107e+01,4.002111e+01,3.994115e+01,3.979440e+01,3.984778e+01,3.998114e+01,3.998114e+01,3.998114e+01,3.998114e+01,4.052624e+01,4.020747e+01,4.020747e+01,4.020747e+01,4.020747e+01,4.020747e+01,4.020747e+01,4.075150e+01,4.016756e+01,4.022078e+01,4.023407e+01,4.023407e+01,4.023407e+01,4.023407e+01,4.023407e+01,4.023407e+01,4.023407e+01,4.023407e+01,4.023407e+01,4.023407e+01,4.023407e+01,4.023407e+01,4.023407e+01,4.023407e+01,4.023407e+01,4.023407e+01,4.023407e+01,4.023407e+01,4.023407e+01,4.023407e+01,4.023407e+01,3.972763e+01,4.027396e+01,3.995448e+01,3.995448e+01,3.995448e+01,3.995448e+01,3.995448e+01,3.995448e+01,3.995448e+01,3.940659e+01,3.954047e+01,3.954047e+01,3.954047e+01,3.954047e+01,3.954047e+01,3.954047e+01,3.954047e+01,3.954047e+01,4.008770e+01,3.976770e+01,3.976770e+01,3.976770e+01,3.976770e+01,3.976770e+01,3.976770e+01,3.976770e+01,4.031383e+01,3.999446e+01,4.018087e+01,4.018087e+01,4.018087e+01,4.018087e+01,4.018087e+01,4.018087e+01,4.018087e+01,4.072502e+01,4.059254e+01,4.045991e+01,4.045991e+01,4.045991e+01,4.045991e+01,4.045991e+01,4.045991e+01,4.045991e+01,4.045991e+01,4.045991e+01,4.045991e+01,4.045991e+01,4.045991e+01,4.045991e+01,4.045991e+01,3.984778e+01,3.984778e+01,3.984778e+01,3.984778e+01,3.984778e+01,3.984778e+01,3.984778e+01,3.984778e+01,3.984778e+01,3.984778e+01,3.984778e+01,3.984778e+01,3.940659e+01,3.940659e+01,3.940659e+01,3.940659e+01,3.940659e+01,3.940659e+01,3.940659e+01,3.940659e+01,3.940659e+01,3.940659e+01,3.940659e+01,3.940659e+01,3.940659e+01,3.940659e+01,3.940659e+01,3.940659e+01,3.940659e+01,3.940659e+01,3.940659e+01,3.940659e+01,3.940659e+01,3.940659e+01,3.940659e+01,3.940659e+01,3.940659e+01,3.940659e+01,3.940659e+01,3.940659e+01,3.940659e+01,3.940659e+01,3.940659e+01,3.940659e+01,3.940659e+01,3.995448e+01,3.982109e+01,3.982109e+01,3.982109e+01,3.982109e+01,3.982109e+01,3.982109e+01,3.982109e+01,3.982109e+01,3.982109e+01,3.982109e+01,3.982109e+01,3.982109e+01,3.982109e+01,3.982109e+01,3.982109e+01,3.982109e+01,3.982109e+01,3.982109e+01,4.023407e+01,4.023407e+01,4.023407e+01,4.077797e+01,4.073826e+01,4.073826e+01,4.073826e+01,4.073826e+01,4.127974e+01,4.127974e+01,4.127974e+01,4.127974e+01,4.188422e+01,4.188422e+01,4.188422e+01,4.188422e+01,4.242032e+01,4.244640e+01,4.260281e+01,4.260281e+01,4.268092e+01,4.321333e+01,4.316150e+01,4.318742e+01,4.318742e+01,4.371751e+01,4.374331e+01,4.374331e+01,4.374331e+01,4.427088e+01,4.428371e+01,4.428371e+01,4.428371e+01,4.485996e+01,4.485996e+01,4.538253e+01,4.525529e+01,4.544611e+01,4.567467e+01,4.604200e+01,4.618103e+01,4.655938e+01,4.673553e+01,4.706199e+01,4.724992e+01,4.742506e+01,4.812306e+01,4.849534e+01,4.885411e+01,4.911326e+01,4.955622e+01,4.998534e+01,5.037637e+01,5.087556e+01,5.134853e+01,5.181969e+01,5.224102e+01,5.269685e+01,5.318681e+01,5.360356e+01,5.403078e+01,5.436206e+01,5.491621e+01,5.577216e+01,5.601733e+01,5.640166e+01,5.672686e+01,5.705124e+01,5.750171e+01,5.783566e+01,5.808844e+01,5.847812e+01,5.875250e+01,5.915161e+01,5.909467e+01,5.996884e+01,6.024013e+01,6.055594e+01,6.079230e+01,6.101702e+01,6.101702e+01,6.147652e+01,6.154363e+01,6.180058e+01,6.211273e+01,6.222403e+01,6.232413e+01,6.257959e+01,6.290101e+01,6.290101e+01,6.315539e+01,6.332103e+01,6.337620e+01,6.337620e+01,6.337620e+01,6.337620e+01,6.380575e+01,6.402551e+01,6.402551e+01,6.402551e+01,6.402551e+01,6.402551e+01,6.402551e+01,6.402551e+01,6.402551e+01,6.402551e+01,6.402551e+01,6.438734e+01,6.438734e+01,6.438734e+01,6.438734e+01,6.438734e+01,6.438734e+01,6.438734e+01,6.393765e+01,6.420107e+01,6.403649e+01,6.404747e+01,6.404747e+01,6.404747e+01,6.364070e+01,6.364070e+01,6.364070e+01,6.364070e+01,6.364070e+01,6.364070e+01,6.364070e+01,6.364070e+01,6.313329e+01,6.313329e+01,6.267942e+01,6.279026e+01,6.255740e+01,6.229077e+01,6.217952e+01,6.202362e+01,6.172243e+01,6.142057e+01,6.109558e+01,6.079230e+01,6.042068e+01,6.000278e+01,5.954950e+01,5.896931e+01,5.850101e+01,5.805400e+01,5.773211e+01,5.724780e+01,5.687757e+01,5.641329e+01,5.605232e+01,5.538594e+01,5.520999e+01,5.498678e+01,5.458637e+01,5.442113e+01,5.400708e+01,5.365110e+01,5.347272e+01,5.307942e+01,5.275670e+01,5.260102e+01,5.210876e+01,5.222900e+01,5.187997e+01,5.159038e+01,5.142113e+01,5.123954e+01,5.113046e+01,5.113046e+01,5.070533e+01,5.070533e+01,5.020545e+01,5.024210e+01,4.989964e+01,4.980162e+01,4.980162e+01,4.980162e+01,4.929802e+01,4.931033e+01,4.913791e+01,4.898993e+01,4.898993e+01,4.898993e+01,4.848294e+01,4.860680e+01,4.843337e+01,4.837137e+01,4.837137e+01,4.837137e+01,4.786179e+01,4.816034e+01,4.798627e+01,4.788669e+01,4.788669e+01,4.788669e+01,4.788669e+01,4.788669e+01,4.737504e+01,4.735003e+01,4.732501e+01,4.732501e+01,4.732501e+01,4.732501e+01,4.732501e+01,4.732501e+01,4.681095e+01,4.711213e+01,4.693653e+01,4.689887e+01,4.689887e+01,4.689887e+01,4.689887e+01,4.689887e+01,4.689887e+01,4.689887e+01,4.689887e+01,4.689887e+01,4.689887e+01,4.689887e+01,4.689887e+01,4.689887e+01,4.689887e+01,4.741256e+01,4.737504e+01,4.686120e+01,4.716225e+01,4.716225e+01,4.716225e+01,4.716225e+01,4.716225e+01,4.716225e+01,4.716225e+01,4.716225e+01,4.716225e+01,4.716225e+01,4.767481e+01,4.755000e+01,4.755000e+01,4.755000e+01,4.755000e+01,4.806091e+01,4.776210e+01,4.776210e+01
3.872132e+01,3.872132e+01,3.872132e+01,3.872132e+01,3.872132e+01,3.872132e+01,3.872132e+01,3.872132e+01,3.872132e+01,3.872132e+01,3.927256e+01,3.927256e+01,3.927256e+01,3.927256e+01,3.927256e+01,3.927256e+01,3.927256e+01,3.927256e+01,3.927256e+01,3.927256e+01,3.927256e+01,3.927256e+01,3.927256e+01,3.927256e+01,3.927256e+01,3.927256e+01,3.966082e+01,3.966082e+01,3.966082e+01,3.966082e+01,3.966082e+01,3.966082e+01,3.966082e+01,3.966082e+01,3.966082e+01,3.966082e+01,3.966082e+01,3.966082e+01,3.966082e+01,3.966082e+01,3.966082e+01,3.966082e+01,4.007439e+01,4.007439e+01,4.007439e+01,4.007439e+01,4.007439e+01,4.007439e+01,4.007439e+01,4.007439e+01,4.007439e+01,4.007439e+01,4.007439e+01,4.007439e+01,4.007439e+01,4.007439e+01,4.007439e+01,4.007439e+01,4.007439e+01,4.007439e+01,4.007439e+01,4.007439e+01,4.007439e+01,4.007439e+01,4.007439e+01,4.007439e+01,4.007439e+01,4.007439e+01,4.007439e+01,4.007439e+01,4.007439e+01,4.007439e+01,4.007439e+01,4.007439e+01,4.007439e+01,4.007439e+01,4.007439e+01,4.007439e+01,4.007439e+01,4.007439e+01,4.007439e+01,4.007439e+01,4.007439e+01,4.007439e+01,4.007439e+01,4.007439e+01,4.007439e+01,4.007439e+01,4.007439e+01,4.007439e+01,4.007439e+01,4.007439e+01,4.007439e+01,4.007439e+01,4.007439e+01,4.007439e+01,4.007439e+01,4.007439e+01,4.007439e+01,3.952709e+01,4.012764e+01,3.975434e+01,3.975434e+01,3.975434e+01,3.975434e+01,3.975434e+01,3.975434e+01,3.975434e+01,3.975434e+01,3.975434e+01,3.975434e+01,3.975434e+01,3.975434e+01,3.975434e+01,3.975434e+01,3.920548e+01,3.933960e+01,3.933960e+01,3.933960e+01,3.933960e+01,3.933960e+01,3.933960e+01,3.933960e+01,3.933960e+01,3.933960e+01,3.933960e+01,3.933960e+01,3.933960e+01,3.933960e+01,3.933960e+01,3.933960e+01,3.933960e+01,3.933960e+01,3.933960e+01,3.933960e+01,3.933960e+01,3.933960e+01,3.933960e+01,3.933960e+01,3.933960e+01,3.933960e+01,3.933960e+01,3.933960e+01,3.933960e+01,3.933960e+01,3.933960e+01,3.933960e+01,3.933960e+01,3.933960e+01,3.933960e+01,3.933960e+01,3.933960e+01,3.933960e+01,3.933960e+01,3.933960e+01,3.933960e+01,3.933960e+01,3.933960e+01,3.933960e+01,3.933960e+01,3.933960e+01,3.933960e+01,3.933960e+01,3.933960e+01,3.933960e+01,3.933960e+01,3.933960e+01,3.933960e+01,3.933960e+01,3.933960e+01,3.933960e+01,3.933960e+01,3.933960e+01,3.933960e+01,3.933960e+01,3.933960e+01,3.933960e+01,3.933960e+01,3.933960e+01,3.933960e+01,3.933960e+01,3.933960e+01,3.933960e+01,3.933960e+01,3.988781e+01,3.975434e+01,3.975434e+01,3.975434e+01,3.975434e+01,3.975434e+01,3.975434e+01,3.975434e+01,4.030054e+01,4.018087e+01,3.991448e+01,3.991448e+01,3.991448e+01,4.040681e+01,4.014095e+01,4.014095e+01,4.014095e+01,4.014095e+01,4.014095e+01,4.014095e+01,4.014095e+01,4.014095e+01,4.014095e+01,4.014095e+01,4.014095e+01,4.014095e+01,4.014095e+01,4.014095e+01,4.014095e+01,4.014095e+01,4.014095e+01,4.014095e+01,4.014095e+01,4.014095e+01,4.014095e+01,4.014095e+01,4.014095e+01,4.014095e+01,4.014095e+01,3.982109e+01,3.982109e+01,3.982109e+01,3.982109e+01,3.982109e+01,3.982109e+01,3.982109e+01,3.982109e+01,3.982109e+01,3.982109e+01,3.982109e+01,3.982109e+01,3.982109e+01,3.982109e+01,3.982109e+01,3.982109e+01,3.982109e+01,3.982109e+01,3.982109e+01,3.982109e+01,4.036697e+01,4.008770e+01,4.049971e+01,4.018087e+01,4.018087e+01,4.018087e+01,4.018087e+01,4.018087e+01,4.018087e+01,4.018087e+01,4.018087e+01,4.018087e+01,4.018087e+01,4.018087e+01,4.018087e+01,4.018087e+01,4.072502e+01,4.040681e+01,4.040681e+01,4.040681e+01,4.040681e+01,4.040681e+01,4.040681e+01,4.040681e+01,4.040681e+01,4.040681e+01,4.040681e+01,4.040681e+01,4.040681e+01,4.040681e+01,4.040681e+01,4.040681e+01,4.040681e+01,4.040681e+01,4.040681e+01,4.040681e+01,4.040681e+01,4.040681e+01,4.040681e+01,4.040681e+01,4.040681e+01,3.995448e+01,3.995448e+01,3.995448e+01,3.995448e+01,3.995448e+01,3.995448e+01,3.995448e+01,3.995448e+01,3.995448e+01,3.995448e+01,3.995448e+01,3.995448e+01,3.995448e+01,3.995448e+01,3.995448e+01,3.995448e+01,3.995448e+01,3.995448e+01,3.995448e+01,3.995448e+01,3.995448e+01,3.995448e+01,4.049971e+01,4.038025e+01,4.065880e+01,4.034040e+01,4.034040e+01,4.034040e+01,4.034040e+01,4.034040e+01,4.034040e+01,4.088379e+01,4.081766e+01,4.081766e+01,4.081766e+01,4.081766e+01,4.081766e+01,4.081766e+01,4.081766e+01,4.045991e+01,4.045991e+01,4.045991e+01,4.045991e+01,4.045991e+01,4.045991e+01,4.045991e+01,4.045991e+01,4.045991e+01,4.045991e+01,4.039353e+01,4.007439e+01,4.007439e+01,4.007439e+01,4.007439e+01,4.007439e+01,4.007439e+01,4.007439e+01,4.007439e+01,3.952709e+01,3.950032e+01,3.952709e+01,3.952709e+01,3.952709e+01,3.952709e+01,3.952709e+01,3.952709e+01,3.952709e+01,3.952709e+01,3.952709e+01,3.952709e+01,3.952709e+01,3.952709e+01,3.952709e+01,3.952709e+01,3.952709e+01,3.952709e+01,3.897711e+01,3.966082e+01,3.966082e+01,3.966082e+01,3.966082e+01,3.911150e+01,3.924573e+01,3.924573e+01,3.979440e+01,3.966082e+01,3.966082e+01,3.966082e+01,3.966082e+01,3.966082e+01,3.966082e+01,3.966082e+01,3.966082e+01,3.966082e+01,3.966082e+01,3.966082e+01,3.966082e+01,3.966082e+01,3.966082e+01,3.966082e+01,4.020747e+01,4.007439e+01,4.007439e+01,4.007439e+01,4.007439e+01,3.952709e+01,3.966082e+01,4.020747e+01,4.007439e+01,4.007439e+01,4.007439e+01,4.007439e+01,4.061905e+01,4.048645e+01,4.067204e+01,4.071178e+01,4.071178e+01,4.071178e+01,4.071178e+01,4.125339e+01,4.121385e+01,4.121385e+01,4.121385e+01,4.175309e+01,4.181867e+01,4.181867e+01,4.181867e+01,4.181867e+01,4.242032e+01,4.242032e+01,4.242032e+01,4.242032e+01,4.295393e+01,4.309667e+01,4.309667e+01,4.309667e+01,4.309667e+01,4.371751e+01,4.371751e+01,4.371751e+01,4.371751e+01,4.427088e+01,4.427088e+01,4.427088e+01,4.479607e+01,4.479607e+01,4.497487e+01,4.521709e+01,4.521709e+01,4.573809e+01,4.576344e+01,4.599140e+01,4.631990e+01,4.650900e+01,4.687376e+01,4.701182e+01,4.752502e+01,4.755000e+01,4.807334e+01,4.852011e+01,4.892821e+01,4.923647e+01,4.959306e+01,4.993638e+01,5.044955e+01,5.091201e+01,5.138484e+01,5.185587e+01,5.227707e+01,5.273277e+01,5.322258e+01,5.363921e+01,5.398338e+01,5.491621e+01,5.519825e+01,5.538594e+01,5.580721e+01,5.614557e+01,5.644817e+01,5.685439e+01,5.725935e+01,5.757087e+01,5.790465e+01,5.871824e+01,5.902630e+01,5.904910e+01,5.920852e+01,5.947002e+01,5.985564e+01,6.028529e+01,6.046579e+01,6.080355e+01,6.096088e+01,6.127499e+01,6.151008e+01,6.183406e+01,6.206818e+01,6.252410e+01,6.254630e+01,6.264616e+01,6.285672e+01,6.302273e+01,6.311118e+01,6.311118e+01,6.337620e+01,6.337620e+01,6.382775e+01,6.333207e+01,6.361868e+01,6.361868e+01,6.361868e+01,6.402551e+01,6.402551e+01,6.402551e+01,6.402551e+01,6.402551e+01,6.402551e+01,6.402551e+01,6.402551e+01,6.438734e+01,6.438734e+01,6.438734e+01,6.438734e+01,6.438734e+01,6.393765e+01,6.399257e+01,6.403649e+01,6.415720e+01,6.415720e+01,6.370675e+01,6.381675e+01,6.379476e+01,6.373976e+01,6.373976e+01,6.373976e+01,6.373976e+01,6.328792e+01,6.339826e+01,6.350851e+01,6.335414e+01,6.323272e+01,6.307802e+01,6.282350e+01,6.265725e+01,6.249079e+01,6.233524e+01,6.187868e+01,6.185637e+01,6.165541e+01,6.135340e+01,6.102825e+01,6.066854e+01,6.038685e+01,5.996884e+01,5.951545e+01,5.893510e+01,5.846668e+01,5.809991e+01,5.765152e+01,5.729400e+01,5.679644e+01,5.645979e+01,5.597067e+01,5.553822e+01,5.520999e+01,5.482206e+01,5.425567e+01,5.423202e+01,5.405447e+01,5.374612e+01,5.340131e+01,5.312716e+01,5.285241e+01,5.252911e+01,5.225304e+01,5.207266e+01,5.180764e+01,5.163869e+01,5.114259e+01,5.126377e+01,5.126377e+01,5.076616e+01,5.081479e+01,5.064448e+01,5.035197e+01,5.016879e+01,4.994862e+01,4.994862e+01,4.994862e+01,4.944563e+01,4.940875e+01,4.940875e+01,4.913791e+01,4.913791e+01,4.913791e+01,4.863155e+01,4.859442e+01,4.859442e+01,4.859442e+01,4.859442e+01,4.859442e+01,4.808577e+01,4.803603e+01,4.811063e+01,4.811063e+01,4.811063e+01,4.811063e+01,4.759994e+01,4.772470e+01,4.755000e+01,4.748754e+01,4.748754e+01,4.748754e+01,4.748754e+01,4.748754e+01,4.748754e+01,4.748754e+01,4.697418e+01,4.698673e+01,4.706199e+01,4.706199e+01,4.706199e+01,4.706199e+01,4.706199e+01,4.706199e+01,4.706199e+01,4.706199e+01,4.706199e+01,4.706199e+01,4.706199e+01,4.706199e+01,4.706199e+01,4.706199e+01,4.706199e+01,4.706199e+01,4.706199e+01,4.706199e+01,4.706199e+01,4.706199e+01,4.706199e+01,4.706199e+01,4.706199e+01,4.706199e+01,4.706199e+01,4.706199e+01,4.757497e+01,4.727495e+01,4.745005e+01,4.756248e+01,4.756248e+01,4.756248e+01,4.756248e+01,4.756248e+01,4.806091e+01,4.781195e+01,4.781195e+01
3.872132e+01,3.872132e+01,3.872132e+01,3.872132e+01,3.872132e+01,3.872132e+01,3.872132e+01,3.872132e+01,3.872132e+01,3.927256e+01,3.920548e+01,3.920548e+01,3.920548e+01,3.920548e+01,3.920548e+01,3.920548e+01,3.920548e+01,3.920548e+01,3.920548e+01,3.920548e+01,3.920548e+01,3.920548e+01,3.920548e+01,3.920548e+01,3.920548e+01,3.975434e+01,3.971427e+01,3.971427e+01,3.971427e+01,3.971427e+01,3.971427e+01,3.971427e+01,3.971427e+01,3.971427e+01,3.971427e+01,3.971427e+01,3.971427e+01,3.971427e+01,3.971427e+01,3.971427e+01,3.971427e+01,3.971427e+01,3.971427e+01,3.971427e+01,3.971427e+01,3.971427e+01,4.007439e+01,4.007439e+01,4.007439e+01,4.007439e+01,4.007439e+01,4.007439e+01,4.007439e+01,4.007439e+01,4.007439e+01,4.007439e+01,4.007439e+01,4.007439e+01,4.007439e+01,4.007439e+01,4.007439e+01,4.007439e+01,4.007439e+01,4.007439e+01,4.007439e+01,4.007439e+01,4.007439e+01,4.007439e+01,4.007439e+01,4.007439e+01,4.007439e+01,4.007439e+01,4.007439e+01,4.007439e+01,4.007439e+01,4.007439e+01,4.007439e+01,4.007439e+01,4.007439e+01,4.007439e+01,4.007439e+01,4.007439e+01,4.007439e+01,4.007439e+01,4.007439e+01,4.007439e+01,4.007439e+01,4.007439e+01,4.007439e+01,4.007439e+01,4.007439e+01,4.007439e+01,4.007439e+01,4.007439e+01,4.007439e+01,4.007439e+01,4.007439e+01,4.007439e+01,4.007439e+01,4.007439e+01,4.007439e+01,3.975434e+01,3.975434e+01,3.975434e+01,3.975434e+01,3.975434e+01,3.975434e+01,3.975434e+01,3.975434e+01,3.975434e+01,3.975434e+01,3.975434e+01,3.975434e+01,3.975434e+01,3.975434e+01,3.975434e+01,3.975434e+01,3.975434e+01,3.975434e+01,3.933960e+01,3.933960e+01,3.933960e+01,3.933960e+01,3.933960e+01,3.933960e+01,3.933960e+01,3.933960e+01,3.933960e+01,3.933960e+01,3.933960e+01,3.933960e+01,3.933960e+01,3.933960e+01,3.933960e+01,3.933960e+01,3.933960e+01,3.933960e+01,3.933960e+01,3.933960e+01,3.933960e+01,3.933960e+01,3.933960e+01,3.933960e+01,3.933960e+01,3.933960e+01,3.933960e+01,3.933960e+01,3.933960e+01,3.933960e+01,3.933960e+01,3.933960e+01,3.933960e+01,3.933960e+01,3.933960e+01,3.933960e+01,3.933960e+01,3.933960e+01,3.933960e+01,3.933960e+01,3.933960e+01,3.933960e+01,3.933960e+01,3.933960e+01,3.933960e+01,3.933960e+01,3.933960e+01,3.933960e+01,3.933960e+01,3.933960e+01,3.933960e+01,3.933960e+01,3.933960e+01,3.933960e+01,3.933960e+01,3.933960e+01,3.933960e+01,3.933960e+01,3.933960e+01,3.933960e+01,3.933960e+01,3.933960e+01,3.933960e+01,3.988781e+01,3.982109e+01,3.982109e+01,3.982109e+01,3.982109e+01,3.982109e+01,3.982109e+01,3.982109e+01,4.036697e+01,4.030054e+01,4.023407e+01,4.023407e+01,4.023407e+01,4.023407e+01,4.023407e+01,4.023407e+01,4.023407e+01,4.023407e+01,4.023407e+01,4.023407e+01,4.023407e+01,4.023407e+01,4.023407e+01,4.023407e+01,4.023407e+01,4.077797e+01,4.045991e+01,4.032712e+01,4.032712e+01,4.032712e+01,4.032712e+01,4.032712e+01,4.032712e+01,4.032712e+01,4.032712e+01,4.032712e+01,4.032712e+01,4.032712e+01,4.032712e+01,4.032712e+01,4.032712e+01,3.982109e+01,3.982109e+01,3.982109e+01,3.982109e+01,3.982109e+01,3.982109e+01,3.982109e+01,3.982109e+01,3.982109e+01,3.982109e+01,3.982109e+01,3.982109e+01,3.982109e+01,3.982109e+01,3.982109e+01,3.982109e+01,3.982109e+01,3.982109e+01,4.036697e+01,4.030054e+01,4.024737e+01,4.028725e+01,4.030054e+01,4.023407e+01,4.023407e+01,4.023407e+01,4.023407e+01,4.023407e+01,4.023407e+01,4.023407e+01,4.077797e+01,4.045991e+01,4.032712e+01,4.032712e+01,4.087056e+01,4.026067e+01,4.035369e+01,4.036697e+01,4.036697e+01,4.036697e+01,4.036697e+01,4.036697e+01,4.036697e+01,4.036697e+01,4.036697e+01,4.036697e+01,4.036697e+01,4.036697e+01,4.036697e+01,4.036697e+01,4.036697e+01,4.036697e+01,4.036697e+01,4.036697e+01,4.036697e+01,4.036697e+01,4.036697e+01,4.036697e+01,4.036697e+01,4.036697e+01,4.036697e+01,4.036697e+01,4.036697e+01,3.995448e+01,3.995448e+01,3.995448e+01,3.995448e+01,3.995448e+01,3.995448e+01,3.995448e+01,3.995448e+01,3.995448e+01,3.995448e+01,3.995448e+01,3.995448e+01,3.995448e+01,3.995448e+01,3.995448e+01,3.995448e+01,3.995448e+01,4.049971e+01,4.018087e+01,4.036697e+01,4.038025e+01,4.057928e+01,4.045991e+01,4.039353e+01,4.039353e+01,4.039353e+01,4.039353e+01,4.039353e+01,4.093666e+01,4.087056e+01,4.087056e+01,4.087056e+01,4.087056e+01,4.087056e+01,4.087056e+01,4.087056e+01,4.087056e+01,4.087056e+01,4.087056e+01,4.087056e+01,4.087056e+01,4.087056e+01,4.045991e+01,4.045991e+01,4.045991e+01,4.045991e+01,4.045991e+01,4.045991e+01,4.007439e+01,4.007439e+01,4.007439e+01,4.007439e+01,4.007439e+01,4.007439e+01,4.007439e+01,4.007439e+01,4.007439e+01,4.007439e+01,3.952709e+01,3.952709e+01,3.952709e+01,3.952709e+01,3.952709e+01,3.952709e+01,3.952709e+01,3.952709e+01,3.952709e+01,3.952709e+01,3.952709e+01,3.952709e+01,3.952709e+01,3.952709e+01,3.952709e+01,3.952709e+01,3.952709e+01,3.952709e+01,3.952709e+01,3.952709e+01,3.952709e+01,3.952709e+01,3.952709e+01,3.952709e+01,3.952709e+01,3.952709e+01,3.952709e+01,3.952709e+01,3.952709e+01,3.952709e+01,3.952709e+01,3.952709e+01,4.007439e+01,3.994115e+01,3.980775e+01,3.980775e+01,3.980775e+01,3.980775e+01,3.980775e+01,3.980775e+01,3.980775e+01,3.980775e+01,3.980775e+01,3.980775e+01,3.980775e+01,3.980775e+01,3.980775e+01,3.980775e+01,3.980775e+01,4.035369e+01,4.022078e+01,4.040681e+01,4.049971e+01,4.049971e+01,4.049971e+01,4.049971e+01,4.049971e+01,4.104234e+01,4.106874e+01,4.113472e+01,4.113472e+01,4.113472e+01,4.167433e+01,4.168746e+01,4.168746e+01,4.168746e+01,4.222448e+01,4.225061e+01,4.235508e+01,4.235508e+01,4.235508e+01,4.235508e+01,4.295393e+01,4.295393e+01,4.348509e+01,4.335576e+01,4.353678e+01,4.365300e+01,4.365300e+01,4.365300e+01,4.418097e+01,4.420667e+01,4.420667e+01,4.420667e+01,4.479607e+01,4.479607e+01,4.479607e+01,4.521709e+01,4.539525e+01,4.558584e+01,4.610521e+01,4.613049e+01,4.626942e+01,4.664749e+01,4.682351e+01,4.713719e+01,4.737504e+01,4.757497e+01,4.811063e+01,4.804847e+01,4.849534e+01,4.943334e+01,4.966671e+01,5.007099e+01,5.048612e+01,5.094844e+01,5.142113e+01,5.189202e+01,5.231310e+01,5.276867e+01,5.325835e+01,5.359167e+01,5.406631e+01,5.486914e+01,5.510431e+01,5.545625e+01,5.623875e+01,5.636677e+01,5.657598e+01,5.736327e+01,5.752477e+01,5.770909e+01,5.803103e+01,5.821464e+01,5.852389e+01,5.928816e+01,5.931091e+01,5.959490e+01,5.990093e+01,6.061226e+01,6.063477e+01,6.075856e+01,6.108437e+01,6.134220e+01,6.157718e+01,6.190099e+01,6.219065e+01,6.194559e+01,6.224628e+01,6.245747e+01,6.285672e+01,6.285672e+01,6.311118e+01,6.327688e+01,6.333207e+01,6.348647e+01,6.348647e+01,6.393765e+01,6.390469e+01,6.379476e+01,6.394864e+01,6.392667e+01,6.392667e+01,6.392667e+01,6.392667e+01,6.392667e+01,6.392667e+01,6.392667e+01,6.392667e+01,6.438734e+01,6.438734e+01,6.438734e+01,6.393765e+01,6.400356e+01,6.399257e+01,6.399257e+01,6.399257e+01,6.399257e+01,6.399257e+01,6.399257e+01,6.399257e+01,6.354157e+01,6.365171e+01,6.365171e+01,6.365171e+01,6.365171e+01,6.365171e+01,6.339826e+01,6.339826e+01,6.339826e+01,6.339826e+01,6.307802e+01,6.286780e+01,6.241304e+01,6.252410e+01,6.221291e+01,6.201247e+01,6.201247e+01,6.165541e+01,6.128619e+01,6.096088e+01,6.106192e+01,6.061226e+01,6.014976e+01,5.965163e+01,5.902630e+01,5.860395e+01,5.811139e+01,5.770909e+01,5.722469e+01,5.684280e+01,5.637840e+01,5.592399e+01,5.558504e+01,5.512780e+01,5.477496e+01,5.439751e+01,5.439751e+01,5.405447e+01,5.368674e+01,5.334176e+01,5.306748e+01,5.279260e+01,5.246914e+01,5.230109e+01,5.194022e+01,5.185587e+01,5.151787e+01,5.128799e+01,5.128799e+01,5.128799e+01,5.076616e+01,5.076616e+01,5.076616e+01,5.035197e+01,5.035197e+01,5.035197e+01,4.994862e+01,4.977710e+01,4.959306e+01,4.959306e+01,4.959306e+01,4.913791e+01,4.913791e+01,4.913791e+01,4.863155e+01,4.863155e+01,4.863155e+01,4.863155e+01,4.863155e+01,4.812306e+01,4.814791e+01,4.814791e+01,4.814791e+01,4.814791e+01,4.814791e+01,4.763738e+01,4.766233e+01,4.766233e+01,4.766233e+01,4.766233e+01,4.766233e+01,4.766233e+01,4.714972e+01,4.727495e+01,4.727495e+01,4.727495e+01,4.727495e+01,4.727495e+01,4.727495e+01,4.727495e+01,4.727495e+01,4.727495e+01,4.727495e+01,4.727495e+01,4.727495e+01,4.727495e+01,4.676068e+01,4.688631e+01,4.688631e+01,4.688631e+01,4.740005e+01,4.727495e+01,4.727495e+01,4.727495e+01,4.727495e+01,4.727495e+01,4.727495e+01,4.727495e+01,4.727495e+01,4.727495e+01,4.727495e+01,4.727495e+01,4.727495e+01,4.727495e+01,4.727495e+01,4.727495e+01,4.727495e+01,4.727495e+01,4.727495e+01,4.756248e+01,4.756248e+01,4.756248e+01,4.756248e+01,4.807334e+01,4.794894e+01
3.872132e+01,3.872132e+01,3.872132e+01,3.872132e+01,3.872132e+01,3.872132e+01,3.872132e+01,3.872132e+01,3.872132e+01,3.927256e+01,3.927256e+01,3.927256e+01,3.927256e+01,3.927256e+01,3.927256e+01,3.927256e+01,3.927256e+01,3.927256e+01,3.927256e+01,3.927256e+01,3.927256e+01,3.927256e+01,3.927256e+01,3.927256e+01,3.927256e+01,3.927256e+01,3.927256e+01,3.927256e+01,3.971427e+01,3.971427e+01,3.971427e+01,3.971427e+01,3.971427e+01,3.971427e+01,3.971427e+01,3.971427e+01,3.971427e+01,3.971427e+01,3.971427e+01,3.971427e+01,3.971427e+01,3.971427e+01,3.971427e+01,3.971427e+01,3.971427e+01,3.971427e+01,3.971427e+01,4.007439e+01,4.007439e+01,4.007439e+01,4.007439e+01,4.007439e+01,4.007439e+01,4.007439e+01,4.007439e+01,4.007439e+01,4.007439e+01,4.007439e+01,4.007439e+01,4.007439e+01,4.007439e+01,4.007439e+01,4.007439e+01,4.007439e+01,4.007439e+01,4.007439e+01,4.007439e+01,4.007439e+01,4.007439e+01,4.007439e+01,4.007439e+01,4.007439e+01,4.007439e+01,4.007439e+01,4.007439e+01,4.007439e+01,4.007439e+01,4.007439e+01,4.007439e+01,4.007439e+01,4.007439e+01,4.007439e+01,4.007439e+01,4.007439e+01,4.007439e+01,4.007439e+01,4.007439e+01,4.007439e+01,4.007439e+01,4.007439e+01,4.007439e+01,4.007439e+01,4.007439e+01,4.007439e+01,4.007439e+01,4.007439e+01,4.007439e+01,4.007439e+01,4.007439e+01,4.007439e+01,4.007439e+01,4.007439e+01,4.007439e+01,4.007439e+01,3.975434e+01,3.975434e+01,3.975434e+01,3.975434e+01,3.975434e+01,3.975434e+01,3.975434e+01,3.975434e+01,3.975434e+01,3.975434e+01,3.975434e+01,3.975434e+01,3.975434e+01,3.975434e+01,3.975434e+01,3.933960e+01,3.933960e+01,3.933960e+01,3.933960e+01,3.933960e+01,3.933960e+01,3.933960e+01,3.933960e+01,3.933960e+01,3.933960e+01,3.933960e+01,3.933960e+01,3.933960e+01,3.933960e+01,3.933960e+01,3.933960e+01,3.933960e+01,3.933960e+01,3.933960e+01,3.933960e+01,3.933960e+01,3.933960e+01,3.933960e+01,3.933960e+01,3.933960e+01,3.933960e+01,3.933960e+01,3.933960e+01,3.933960e+01,3.933960e+01,3.933960e+01,3.933960e+01,3.933960e+01,3.933960e+01,3.933960e+01,3.933960e+01,3.933960e+01,3.933960e+01,3.933960e+01,3.933960e+01,3.933960e+01,3.933960e+01,3.933960e+01,3.933960e+01,3.933960e+01,3.933960e+01,3.933960e+01,3.933960e+01,3.933960e+01,3.933960e+01,3.933960e+01,3.933960e+01,3.933960e+01,3.933960e+01,3.933960e+01,3.933960e+01,3.933960e+01,3.933960e+01,3.933960e+01,3.988781e+01,3.955385e+01,3.955385e+01,3.955385e+01,3.988781e+01,3.988781e+01,3.988781e+01,3.988781e+01,3.988781e+01,3.988781e+01,3.988781e+01,3.988781e+01,4.036697e+01,4.036697e+01,4.036697e+01,4.036697e+01,4.036697e+01,4.036697e+01,4.036697e+01,4.036697e+01,4.036697e+01,4.036697e+01,4.036697e+01,4.036697e+01,4.036697e+01,4.036697e+01,4.091023e+01,4.057928e+01,4.060579e+01,4.057928e+01,4.051298e+01,4.051298e+01,4.051298e+01,4.051298e+01,4.051298e+01,4.051298e+01,4.051298e+01,4.051298e+01,4.051298e+01,4.051298e+01,4.051298e+01,4.051298e+01,3.996781e+01,4.010102e+01,4.045991e+01,4.011433e+01,3.998114e+01,3.998114e+01,3.998114e+01,3.998114e+01,3.998114e+01,3.998114e+01,3.998114e+01,3.998114e+01,3.998114e+01,3.998114e+01,3.998114e+01,3.998114e+01,3.998114e+01,3.998114e+01,3.998114e+01,3.998114e+01,3.998114e+01,3.998114e+01,4.030054e+01,4.030054e+01,4.030054e+01,4.030054e+01,4.030054e+01,4.030054e+01,4.030054e+01,4.030054e+01,4.030054e+01,4.030054e+01,4.084412e+01,4.072502e+01,4.051298e+01,4.051298e+01,4.051298e+01,4.051298e+01,4.051298e+01,4.051298e+01,4.051298e+01,4.051298e+01,4.051298e+01,4.051298e+01,4.051298e+01,4.051298e+01,4.051298e+01,4.051298e+01,4.051298e+01,4.051298e+01,4.051298e+01,4.051298e+01,4.051298e+01,4.051298e+01,4.051298e+01,4.051298e+01,4.051298e+01,4.051298e+01,4.051298e+01,4.051298e+01,4.051298e+01,4.051298e+01,4.051298e+01,4.051298e+01,3.996781e+01,3.994115e+01,3.995448e+01,3.995448e+01,3.995448e+01,3.995448e+01,3.995448e+01,3.995448e+01,3.995448e+01,3.995448e+01,3.995448e+01,3.995448e+01,3.995448e+01,3.995448e+01,3.995448e+01,3.995448e+01,3.995448e+01,4.049971e+01,4.042009e+01,4.038025e+01,4.023407e+01,4.023407e+01,4.023407e+01,4.023407e+01,4.077797e+01,4.057928e+01,4.057928e+01,4.057928e+01,4.057928e+01,4.057928e+01,4.057928e+01,4.057928e+01,4.057928e+01,4.087056e+01,4.087056e+01,4.087056e+01,4.087056e+01,4.087056e+01,4.087056e+01,4.087056e+01,4.087056e+01,4.087056e+01,4.087056e+01,4.087056e+01,4.045991e+01,4.045991e+01,4.045991e+01,4.045991e+01,4.045991e+01,4.045991e+01,4.045991e+01,4.007439e+01,4.007439e+01,4.007439e+01,4.007439e+01,4.007439e+01,4.007439e+01,4.007439e+01,4.007439e+01,4.007439e+01,4.007439e+01,4.007439e+01,4.007439e+01,3.952709e+01,3.952709e+01,3.952709e+01,3.952709e+01,3.952709e+01,3.952709e+01,3.952709e+01,3.952709e+01,3.952709e+01,3.952709e+01,3.952709e+01,3.952709e+01,3.952709e+01,3.952709e+01,3.952709e+01,3.952709e+01,3.952709e+01,3.952709e+01,3.952709e+01,3.952709e+01,3.952709e+01,3.952709e+01,3.952709e+01,3.952709e+01,4.007439e+01,3.974099e+01,3.974099e+01,3.974099e+01,3.974099e+01,3.974099e+01,4.028725e+01,4.002111e+01,4.002111e+01,4.002111e+01,4.002111e+01,4.002111e+01,4.002111e+01,4.002111e+01,4.002111e+01,4.002111e+01,4.002111e+01,4.002111e+01,4.002111e+01,4.002111e+01,4.002111e+01,4.002111e+01,4.002111e+01,4.056602e+01,4.043336e+01,4.043336e+01,4.043336e+01,4.043336e+01,4.043336e+01,4.097630e+01,4.097630e+01,4.097630e+01,4.097630e+01,4.151666e+01,4.154295e+01,4.155610e+01,4.155610e+01,4.155610e+01,4.209373e+01,4.210681e+01,4.210681e+01,4.264187e+01,4.251160e+01,4.251160e+01,4.251160e+01,4.295393e+01,4.313557e+01,4.332988e+01,4.332988e+01,4.332988e+01,4.365300e+01,4.365300e+01,4.365300e+01,4.418097e+01,4.418097e+01,4.418097e+01,4.418097e+01,4.479607e+01,4.479607e+01,4.479607e+01,4.521709e+01,4.521709e+01,4.558584e+01,4.595344e+01,4.595344e+01,4.626942e+01,4.659715e+01,4.696163e+01,4.708706e+01,4.737504e+01,4.774963e+01,4.796139e+01,4.813549e+01,4.854489e+01,4.928571e+01,4.969125e+01,5.011990e+01,5.053487e+01,5.099701e+01,5.146951e+01,5.194022e+01,5.236114e+01,5.232511e+01,5.334176e+01,5.372237e+01,5.410184e+01,5.472784e+01,5.513955e+01,5.558504e+01,5.609895e+01,5.636677e+01,5.673846e+01,5.722469e+01,5.752477e+01,5.788166e+01,5.845523e+01,5.842089e+01,5.864968e+01,5.915161e+01,5.934502e+01,5.965163e+01,6.002541e+01,6.001409e+01,6.031915e+01,6.093842e+01,6.114046e+01,6.139818e+01,6.163306e+01,6.149889e+01,6.165541e+01,6.217952e+01,6.223516e+01,6.260178e+01,6.271268e+01,6.287887e+01,6.307802e+01,6.307802e+01,6.307802e+01,6.348647e+01,6.318853e+01,6.386073e+01,6.386073e+01,6.386073e+01,6.386073e+01,6.386073e+01,6.386073e+01,6.386073e+01,6.386073e+01,6.386073e+01,6.386073e+01,6.386073e+01,6.386073e+01,6.386073e+01,6.386073e+01,6.386073e+01,6.386073e+01,6.386073e+01,6.386073e+01,6.386073e+01,6.386073e+01,6.386073e+01,6.386073e+01,6.386073e+01,6.386073e+01,6.386073e+01,6.340929e+01,6.351954e+01,6.351954e+01,6.351954e+01,6.351954e+01,6.351954e+01,6.306696e+01,6.317749e+01,6.301167e+01,6.304485e+01,6.272377e+01,6.255740e+01,6.239082e+01,6.224628e+01,6.201247e+01,6.184522e+01,6.153245e+01,6.133100e+01,6.103947e+01,6.091595e+01,6.057847e+01,6.011586e+01,5.961760e+01,5.899211e+01,5.809991e+01,5.782416e+01,5.751324e+01,5.717846e+01,5.679644e+01,5.633187e+01,5.549139e+01,5.530386e+01,5.504556e+01,5.471606e+01,5.443294e+01,5.425567e+01,5.399523e+01,5.362733e+01,5.328218e+01,5.300777e+01,5.273277e+01,5.250512e+01,5.215687e+01,5.197635e+01,5.171112e+01,5.155413e+01,5.128799e+01,5.128799e+01,5.079048e+01,5.082695e+01,5.082695e+01,5.032756e+01,5.038857e+01,5.038857e+01,4.988739e+01,4.994862e+01,4.944563e+01,4.956850e+01,4.956850e+01,4.956850e+01,4.913791e+01,4.913791e+01,4.863155e+01,4.869342e+01,4.869342e+01,4.869342e+01,4.869342e+01,4.869342e+01,4.812306e+01,4.812306e+01,4.812306e+01,4.812306e+01,4.812306e+01,4.812306e+01,4.812306e+01,4.766233e+01,4.766233e+01,4.766233e+01,4.766233e+01,4.766233e+01,4.766233e+01,4.714972e+01,4.714972e+01,4.714972e+01,4.714972e+01,4.714972e+01,4.714972e+01,4.714972e+01,4.714972e+01,4.714972e+01,4.714972e+01,4.714972e+01,4.714972e+01,4.714972e+01,4.714972e+01,4.714972e+01,4.714972e+01,4.714972e+01,4.714972e+01,4.714972e+01,4.714972e+01,4.714972e+01,4.714972e+01,4.714972e+01,4.714972e+01,4.714972e+01,4.714972e+01,4.714972e+01,4.714972e+01,4.714972e+01,4.714972e+01,4.714972e+01,4.714972e+01,4.714972e+01,4.766233e+01,4.753751e+01,4.741256e+01,4.759994e+01,4.758746e+01,4.758746e+01,4.758746e+01,4.758746e+01,4.807334e+01,4.807334e+01
3.872132e+01,3.872132e+01,3.872132e+01,3.872132e+01,3.872132e+01,3.872132e+01,3.872132e+01,3.872132e+01,3.927256e+01,3.920548e+01,3.920548e+01,3.920548e+01,3.920548e+01,3.920548e+01,3.920548e+01,3.920548e+01,3.920548e+01,3.920548e+01,3.920548e+01,3.920548e+01,3.920548e+01,3.920548e+01,3.920548e+01,3.920548e+01,3.920548e+01,3.920548e+01,3.975434e+01,3.967419e+01,3.959398e+01,3.959398e+01,3.959398e+01,3.959398e+01,3.959398e+01,3.959398e+01,3.959398e+01,3.959398e+01,3.959398e+01,3.959398e+01,3.959398e+01,3.959398e+01,3.959398e+01,4.014095e+01,4.000779e+01,3.987447e+01,3.987447e+01,3.987447e+01,3.987447e+01,3.987447e+01,3.987447e+01,3.987447e+01,3.987447e+01,3.987447e+01,3.987447e+01,3.987447e+01,3.987447e+01,3.987447e+01,3.987447e+01,3.987447e+01,3.987447e+01,3.987447e+01,3.987447e+01,3.987447e+01,3.987447e+01,4.042009e+01,4.028725e+01,4.028725e+01,4.028725e+01,4.028725e+01,3.974099e+01,3.987447e+01,3.987447e+01,3.987447e+01,4.042009e+01,4.028725e+01,4.028725e+01,4.028725e+01,4.028725e+01,4.028725e+01,4.028725e+01,4.028725e+01,4.028725e+01,4.028725e+01,4.028725e+01,4.028725e+01,4.028725e+01,3.974099e+01,3.987447e+01,3.987447e+01,3.987447e+01,3.987447e+01,3.987447e+01,3.987447e+01,3.987447e+01,3.987447e+01,3.987447e+01,3.987447e+01,3.987447e+01,3.987447e+01,3.987447e+01,3.987447e+01,3.987447e+01,3.987447e+01,3.987447e+01,3.987447e+01,3.987447e+01,3.987447e+01,3.987447e+01,3.987447e+01,3.987447e+01,3.987447e+01,3.987447e+01,3.987447e+01,3.987447e+01,3.987447e+01,3.987447e+01,3.987447e+01,3.932619e+01,3.946016e+01,3.943338e+01,3.935300e+01,3.935300e+01,3.935300e+01,3.935300e+01,3.935300e+01,3.935300e+01,3.935300e+01,3.935300e+01,3.935300e+01,3.935300e+01,3.935300e+01,3.935300e+01,3.935300e+01,3.935300e+01,3.935300e+01,3.935300e+01,3.935300e+01,3.935300e+01,3.935300e+01,3.935300e+01,3.935300e+01,3.935300e+01,3.935300e+01,3.935300e+01,3.935300e+01,3.935300e+01,3.935300e+01,3.935300e+01,3.935300e+01,3.935300e+01,3.935300e+01,3.935300e+01,3.935300e+01,3.935300e+01,3.935300e+01,3.935300e+01,3.935300e+01,3.935300e+01,3.935300e+01,3.935300e+01,3.935300e+01,3.935300e+01,3.935300e+01,3.935300e+01,3.935300e+01,3.935300e+01,3.935300e+01,3.935300e+01,3.935300e+01,3.935300e+01,3.935300e+01,3.935300e+01,3.935300e+01,3.935300e+01,3.935300e+01,3.935300e+01,3.935300e+01,3.935300e+01,3.990114e+01,3.978105e+01,3.959398e+01,3.959398e+01,3.959398e+01,3.988781e+01,3.988781e+01,3.988781e+01,3.988781e+01,4.043336e+01,4.010102e+01,4.010102e+01,4.010102e+01,4.010102e+01,4.010102e+01,4.010102e+01,4.010102e+01,4.064555e+01,4.051298e+01,4.051298e+01,4.051298e+01,4.051298e+01,4.051298e+01,4.051298e+01,4.051298e+01,4.051298e+01,4.051298e+01,4.091023e+01,4.061905e+01,4.061905e+01,4.061905e+01,4.061905e+01,4.061905e+01,4.061905e+01,4.061905e+01,4.061905e+01,4.061905e+01,4.061905e+01,4.061905e+01,4.061905e+01,4.061905e+01,4.061905e+01,4.061905e+01,4.051298e+01,4.047318e+01,4.039353e+01,4.015426e+01,4.015426e+01,4.015426e+01,4.015426e+01,4.015426e+01,4.015426e+01,4.015426e+01,4.015426e+01,4.015426e+01,4.015426e+01,4.015426e+01,4.015426e+01,4.015426e+01,4.015426e+01,4.015426e+01,4.015426e+01,4.015426e+01,4.015426e+01,4.015426e+01,4.069854e+01,4.056602e+01,4.056602e+01,4.056602e+01,4.056602e+01,4.056602e+01,4.110833e+01,4.077797e+01,4.098951e+01,4.091023e+01,4.084412e+01,4.084412e+01,4.084412e+01,4.084412e+01,4.084412e+01,4.084412e+01,4.084412e+01,4.084412e+01,4.084412e+01,4.084412e+01,4.084412e+01,4.051298e+01,4.105554e+01,4.073826e+01,4.073826e+01,4.073826e+01,4.073826e+01,4.073826e+01,4.073826e+01,4.073826e+01,4.073826e+01,4.073826e+01,4.073826e+01,4.073826e+01,4.073826e+01,4.073826e+01,4.073826e+01,4.073826e+01,4.073826e+01,4.073826e+01,4.073826e+01,4.019417e+01,4.063230e+01,4.028725e+01,4.015426e+01,4.015426e+01,4.015426e+01,4.015426e+01,4.015426e+01,4.015426e+01,4.015426e+01,4.015426e+01,4.015426e+01,4.015426e+01,4.015426e+01,4.015426e+01,4.069854e+01,4.038025e+01,4.040681e+01,4.043336e+01,4.043336e+01,4.043336e+01,4.043336e+01,4.043336e+01,4.043336e+01,4.043336e+01,4.043336e+01,4.097630e+01,4.084412e+01,4.084412e+01,4.084412e+01,4.084412e+01,4.084412e+01,4.084412e+01,4.084412e+01,4.084412e+01,4.084412e+01,4.084412e+01,4.084412e+01,4.084412e+01,4.084412e+01,4.084412e+01,4.084412e+01,4.084412e+01,4.084412e+01,4.084412e+01,4.084412e+01,4.084412e+01,4.045991e+01,4.045991e+01,4.045991e+01,4.045991e+01,4.045991e+01,4.045991e+01,4.045991e+01,4.045991e+01,4.045991e+01,4.045991e+01,4.045991e+01,4.007439e+01,4.007439e+01,4.007439e+01,4.007439e+01,4.007439e+01,4.007439e+01,4.007439e+01,4.007439e+01,4.007439e+01,4.007439e+01,3.952709e+01,3.952709e+01,3.952709e+01,3.952709e+01,3.952709e+01,3.952709e+01,3.952709e+01,3.952709e+01,3.952709e+01,4.007439e+01,3.975434e+01,3.975434e+01,3.975434e+01,3.975434e+01,3.975434e+01,3.975434e+01,3.975434e+01,3.975434e+01,3.975434e+01,3.975434e+01,3.975434e+01,3.975434e+01,4.030054e+01,3.998114e+01,3.998114e+01,3.998114e+01,3.998114e+01,3.998114e+01,3.998114e+01,3.998114e+01,3.998114e+01,3.998114e+01,3.998114e+01,3.998114e+01,3.998114e+01,3.998114e+01,3.998114e+01,3.998114e+01,3.998114e+01,3.998114e+01,3.998114e+01,3.998114e+01,4.052624e+01,4.049971e+01,4.049971e+01,4.049971e+01,4.049971e+01,4.049971e+01,4.049971e+01,4.097630e+01,4.097630e+01,4.097630e+01,4.151666e+01,4.145090e+01,4.145090e+01,4.145090e+01,4.198902e+01,4.191043e+01,4.196283e+01,4.196283e+01,4.249856e+01,4.251160e+01,4.251160e+01,4.251160e+01,4.304479e+01,4.297990e+01,4.297990e+01,4.297990e+01,4.332988e+01,4.352386e+01,4.361427e+01,4.361427e+01,4.414242e+01,4.411671e+01,4.411671e+01,4.464260e+01,4.456579e+01,4.466819e+01,4.466819e+01,4.519162e+01,4.508967e+01,4.528075e+01,4.564930e+01,4.591546e+01,4.610521e+01,4.633251e+01,4.666007e+01,4.692398e+01,4.723740e+01,4.743756e+01,4.771223e+01,4.822245e+01,4.824728e+01,4.859442e+01,4.933494e+01,4.974032e+01,5.016879e+01,5.058360e+01,5.104555e+01,5.151787e+01,5.198840e+01,5.220496e+01,5.285241e+01,5.350842e+01,5.378174e+01,5.423202e+01,5.477496e+01,5.518652e+01,5.563185e+01,5.606398e+01,5.639003e+01,5.686598e+01,5.719001e+01,5.754782e+01,5.800806e+01,5.783566e+01,5.811139e+01,5.847812e+01,5.928816e+01,5.951545e+01,5.977634e+01,5.987828e+01,6.051087e+01,6.069106e+01,6.088224e+01,6.080355e+01,6.103947e+01,6.121895e+01,6.148771e+01,6.180058e+01,6.203476e+01,6.224628e+01,6.245747e+01,6.245747e+01,6.287887e+01,6.287887e+01,6.287887e+01,6.333207e+01,6.332103e+01,6.340929e+01,6.371775e+01,6.326584e+01,6.353056e+01,6.364070e+01,6.364070e+01,6.364070e+01,6.364070e+01,6.409137e+01,6.398159e+01,6.398159e+01,6.398159e+01,6.398159e+01,6.398159e+01,6.398159e+01,6.398159e+01,6.398159e+01,6.398159e+01,6.398159e+01,6.398159e+01,6.398159e+01,6.353056e+01,6.364070e+01,6.364070e+01,6.364070e+01,6.364070e+01,6.364070e+01,6.364070e+01,6.364070e+01,6.364070e+01,6.364070e+01,6.318853e+01,6.317749e+01,6.317749e+01,6.317749e+01,6.272377e+01,6.273486e+01,6.227965e+01,6.239082e+01,6.207932e+01,6.204590e+01,6.171126e+01,6.156599e+01,6.119653e+01,6.107314e+01,6.078106e+01,6.045451e+01,6.007064e+01,5.957220e+01,5.894650e+01,5.860395e+01,5.773211e+01,5.745558e+01,5.705124e+01,5.627368e+01,5.599400e+01,5.608730e+01,5.524520e+01,5.498678e+01,5.465713e+01,5.446836e+01,5.411368e+01,5.393596e+01,5.356789e+01,5.322258e+01,5.294804e+01,5.276867e+01,5.236114e+01,5.219294e+01,5.232511e+01,5.212078e+01,5.127588e+01,5.128799e+01,5.111834e+01,5.094844e+01,5.094844e+01,5.094844e+01,5.082695e+01,5.053487e+01,5.036417e+01,5.004652e+01,4.987514e+01,4.960534e+01,4.960534e+01,4.960534e+01,4.910093e+01,4.916256e+01,4.898993e+01,4.879233e+01,4.879233e+01,4.879233e+01,4.879233e+01,4.828452e+01,4.835897e+01,4.824728e+01,4.824728e+01,4.824728e+01,4.824728e+01,4.773717e+01,4.786179e+01,4.783687e+01,4.778703e+01,4.778703e+01,4.778703e+01,4.778703e+01,4.727495e+01,4.776210e+01,4.741256e+01,4.728747e+01,4.728747e+01,4.728747e+01,4.728747e+01,4.728747e+01,4.728747e+01,4.728747e+01,4.728747e+01,4.728747e+01,4.728747e+01,4.728747e+01,4.728747e+01,4.728747e+01,4.728747e+01,4.728747e+01,4.728747e+01,4.728747e+01,4.728747e+01,4.728747e+01,4.728747e+01,4.728747e+01,4.728747e+01,4.728747e+01,4.728747e+01,4.728747e+01,4.728747e+01,4.728747e+01,4.728747e+01,4.728747e+01,4.728747e+01,4.728747e+01,4.728747e+01,4.728747e+01,4.728747e+01,4.728747e+01,4.728747e+01,4.728747e+01,4.758746e+01,4.758746e+01,4.758746e+01,4.807334e+01,4.807334e+01
3.872132e+01,3.872132e+01,3.872132e+01,3.872132e+01,3.872132e+01,3.872132e+01,3.872132e+01,3.927256e+01,3.920548e+01,3.920548e+01,3.920548e+01,3.920548e+01,3.920548e+01,3.920548e+01,3.920548e+01,3.920548e+01,3.920548e+01,3.920548e+01,3.920548e+01,3.920548e+01,3.920548e+01,3.920548e+01,3.920548e+01,3.920548e+01,3.920548e+01,3.920548e+01,3.975434e+01,3.975434e+01,3.975434e+01,3.975434e+01,3.975434e+01,3.975434e+01,3.975434e+01,3.975434e+01,3.975434e+01,3.975434e+01,3.975434e+01,3.975434e+01,3.975434e+01,3.975434e+01,3.975434e+01,3.975434e+01,3.975434e+01,3.975434e+01,3.975434e+01,3.975434e+01,3.975434e+01,3.975434e+01,3.975434e+01,3.975434e+01,3.975434e+01,3.975434e+01,4.030054e+01,4.016756e+01,4.003443e+01,4.003443e+01,4.003443e+01,4.003443e+01,4.003443e+01,4.003443e+01,4.003443e+01,4.003443e+01,4.003443e+01,4.003443e+01,4.003443e+01,4.003443e+01,4.003443e+01,4.003443e+01,4.003443e+01,4.003443e+01,4.003443e+01,4.003443e+01,4.003443e+01,4.003443e+01,4.003443e+01,4.003443e+01,4.003443e+01,4.003443e+01,4.003443e+01,4.003443e+01,4.003443e+01,4.003443e+01,4.003443e+01,4.003443e+01,4.003443e+01,4.003443e+01,4.003443e+01,4.003443e+01,4.003443e+01,4.003443e+01,4.003443e+01,4.003443e+01,4.003443e+01,4.003443e+01,4.003443e+01,4.003443e+01,4.003443e+01,4.003443e+01,4.003443e+01,4.003443e+01,4.003443e+01,4.003443e+01,4.003443e+01,4.003443e+01,4.003443e+01,3.948694e+01,3.962072e+01,3.962072e+01,3.962072e+01,3.962072e+01,3.962072e+01,3.962072e+01,3.962072e+01,3.962072e+01,3.962072e+01,3.962072e+01,3.962072e+01,3.962072e+01,3.962072e+01,3.962072e+01,3.962072e+01,3.962072e+01,3.962072e+01,3.962072e+01,3.962072e+01,3.962072e+01,3.962072e+01,3.962072e+01,3.962072e+01,3.907120e+01,3.920548e+01,3.920548e+01,3.920548e+01,3.920548e+01,3.920548e+01,3.920548e+01,3.920548e+01,3.920548e+01,3.920548e+01,3.920548e+01,3.920548e+01,3.920548e+01,3.920548e+01,3.920548e+01,3.920548e+01,3.920548e+01,3.920548e+01,3.920548e+01,3.920548e+01,3.920548e+01,3.920548e+01,3.920548e+01,3.920548e+01,3.920548e+01,3.920548e+01,3.920548e+01,3.920548e+01,3.920548e+01,3.920548e+01,3.920548e+01,3.920548e+01,3.920548e+01,3.975434e+01,3.962072e+01,3.962072e+01,3.962072e+01,3.962072e+01,3.962072e+01,3.962072e+01,3.962072e+01,3.962072e+01,3.962072e+01,3.962072e+01,3.962072e+01,3.962072e+01,3.962072e+01,3.962072e+01,3.962072e+01,3.962072e+01,3.962072e+01,3.962072e+01,4.016756e+01,4.012764e+01,4.012764e+01,4.012764e+01,4.012764e+01,4.012764e+01,4.012764e+01,4.012764e+01,4.012764e+01,4.012764e+01,4.067204e+01,4.035369e+01,4.053951e+01,4.057928e+01,4.057928e+01,4.057928e+01,4.057928e+01,4.057928e+01,4.057928e+01,4.057928e+01,4.112152e+01,4.080443e+01,4.083089e+01,4.083089e+01,4.120066e+01,4.088379e+01,4.088379e+01,4.088379e+01,4.088379e+01,4.088379e+01,4.088379e+01,4.034040e+01,4.047318e+01,4.047318e+01,4.047318e+01,4.047318e+01,4.047318e+01,4.047318e+01,4.047318e+01,4.047318e+01,4.047318e+01,4.047318e+01,4.047318e+01,4.047318e+01,4.047318e+01,4.047318e+01,4.047318e+01,4.047318e+01,4.015426e+01,4.015426e+01,4.015426e+01,4.069854e+01,4.038025e+01,4.038025e+01,4.038025e+01,4.038025e+01,4.038025e+01,4.038025e+01,4.038025e+01,4.038025e+01,4.038025e+01,4.038025e+01,4.038025e+01,4.038025e+01,4.092345e+01,4.079120e+01,4.097630e+01,4.091023e+01,4.083089e+01,4.083089e+01,4.083089e+01,4.083089e+01,4.083089e+01,4.083089e+01,4.083089e+01,4.083089e+01,4.083089e+01,4.083089e+01,4.083089e+01,4.083089e+01,4.083089e+01,4.083089e+01,4.083089e+01,4.083089e+01,4.083089e+01,4.083089e+01,4.083089e+01,4.083089e+01,4.083089e+01,4.083089e+01,4.083089e+01,4.083089e+01,4.083089e+01,4.083089e+01,4.083089e+01,4.083089e+01,4.083089e+01,4.083089e+01,4.083089e+01,4.083089e+01,4.083089e+01,4.083089e+01,4.073826e+01,4.061905e+01,4.034040e+01,4.034040e+01,4.034040e+01,4.034040e+01,4.034040e+01,4.034040e+01,4.034040e+01,4.034040e+01,4.034040e+01,4.034040e+01,4.034040e+01,4.034040e+01,4.034040e+01,4.069854e+01,4.043336e+01,4.043336e+01,4.043336e+01,4.043336e+01,4.097630e+01,4.065880e+01,4.065880e+01,4.065880e+01,4.065880e+01,4.065880e+01,4.097630e+01,4.097630e+01,4.097630e+01,4.097630e+01,4.097630e+01,4.097630e+01,4.097630e+01,4.097630e+01,4.097630e+01,4.097630e+01,4.097630e+01,4.097630e+01,4.097630e+01,4.097630e+01,4.097630e+01,4.097630e+01,4.097630e+01,4.097630e+01,4.097630e+01,4.097630e+01,4.097630e+01,4.097630e+01,4.097630e+01,4.097630e+01,4.097630e+01,4.045991e+01,4.045991e+01,4.045991e+01,4.045991e+01,4.045991e+01,4.045991e+01,4.045991e+01,4.045991e+01,4.045991e+01,4.007439e+01,4.007439e+01,4.007439e+01,4.007439e+01,4.007439e+01,4.007439e+01,4.007439e+01,4.007439e+01,4.007439e+01,4.007439e+01,4.007439e+01,4.007439e+01,3.952709e+01,3.952709e+01,3.952709e+01,3.952709e+01,4.007439e+01,3.995448e+01,3.980775e+01,3.980775e+01,3.980775e+01,4.035369e+01,4.003443e+01,3.990114e+01,3.990114e+01,3.990114e+01,3.990114e+01,3.990114e+01,3.990114e+01,3.990114e+01,3.990114e+01,3.990114e+01,3.990114e+01,4.044664e+01,4.012764e+01,4.012764e+01,4.012764e+01,4.012764e+01,4.012764e+01,4.012764e+01,4.012764e+01,4.012764e+01,4.012764e+01,4.012764e+01,4.012764e+01,4.012764e+01,4.012764e+01,4.012764e+01,4.012764e+01,4.067204e+01,4.060579e+01,4.060579e+01,4.060579e+01,4.060579e+01,4.060579e+01,4.060579e+01,4.060579e+01,4.097630e+01,4.097630e+01,4.097630e+01,4.151666e+01,4.151666e+01,4.151666e+01,4.151666e+01,4.151666e+01,4.191043e+01,4.191043e+01,4.191043e+01,4.249856e+01,4.249856e+01,4.249856e+01,4.249856e+01,4.304479e+01,4.304479e+01,4.304479e+01,4.304479e+01,4.332988e+01,4.385932e+01,4.373041e+01,4.391084e+01,4.401382e+01,4.454018e+01,4.446329e+01,4.451455e+01,4.451455e+01,4.451455e+01,4.503866e+01,4.506417e+01,4.558584e+01,4.554774e+01,4.580146e+01,4.586481e+01,4.638297e+01,4.640818e+01,4.672296e+01,4.698673e+01,4.718731e+01,4.756248e+01,4.784933e+01,4.806091e+01,4.825970e+01,4.873052e+01,4.939645e+01,4.980162e+01,5.022988e+01,5.064448e+01,5.110621e+01,5.157830e+01,5.183175e+01,5.221698e+01,5.291219e+01,5.346083e+01,5.386481e+01,5.429115e+01,5.483384e+01,5.524520e+01,5.569033e+01,5.601733e+01,5.647142e+01,5.681963e+01,5.720157e+01,5.767455e+01,5.785866e+01,5.799657e+01,5.863824e+01,5.882100e+01,5.917437e+01,5.956086e+01,5.973100e+01,5.999147e+01,6.036429e+01,6.036429e+01,6.042068e+01,6.061226e+01,6.126378e+01,6.142057e+01,6.155481e+01,6.186753e+01,6.200133e+01,6.200133e+01,6.245747e+01,6.215726e+01,6.281242e+01,6.281242e+01,6.281242e+01,6.287887e+01,6.314434e+01,6.338723e+01,6.347545e+01,6.343135e+01,6.349749e+01,6.349749e+01,6.349749e+01,6.349749e+01,6.394864e+01,6.398159e+01,6.353056e+01,6.379476e+01,6.379476e+01,6.379476e+01,6.379476e+01,6.379476e+01,6.379476e+01,6.379476e+01,6.379476e+01,6.379476e+01,6.379476e+01,6.379476e+01,6.379476e+01,6.379476e+01,6.334310e+01,6.345340e+01,6.345340e+01,6.345340e+01,6.345340e+01,6.345340e+01,6.345340e+01,6.345340e+01,6.345340e+01,6.317749e+01,6.317749e+01,6.272377e+01,6.277918e+01,6.263506e+01,6.242415e+01,6.226853e+01,6.211273e+01,6.192329e+01,6.174476e+01,6.145414e+01,6.134220e+01,6.106192e+01,6.071356e+01,6.033044e+01,6.001409e+01,5.951545e+01,5.899211e+01,5.852389e+01,5.777814e+01,5.737481e+01,5.699338e+01,5.679644e+01,5.604066e+01,5.593566e+01,5.530386e+01,5.497503e+01,5.469249e+01,5.433843e+01,5.414919e+01,5.380548e+01,5.349652e+01,5.315102e+01,5.298389e+01,5.264894e+01,5.251711e+01,5.219294e+01,5.169905e+01,5.177145e+01,5.139693e+01,5.139693e+01,5.111834e+01,5.062013e+01,5.074183e+01,5.074183e+01,5.074183e+01,5.024210e+01,5.021767e+01,5.008322e+01,4.974032e+01,4.964217e+01,4.964217e+01,4.913791e+01,4.916256e+01,4.916256e+01,4.916256e+01,4.879233e+01,4.879233e+01,4.879233e+01,4.879233e+01,4.828452e+01,4.828452e+01,4.828452e+01,4.828452e+01,4.828452e+01,4.777457e+01,4.779949e+01,4.779949e+01,4.779949e+01,4.779949e+01,4.779949e+01,4.728747e+01,4.736254e+01,4.736254e+01,4.741256e+01,4.742506e+01,4.742506e+01,4.742506e+01,4.742506e+01,4.742506e+01,4.742506e+01,4.691143e+01,4.703690e+01,4.703690e+01,4.703690e+01,4.703690e+01,4.703690e+01,4.703690e+01,4.703690e+01,4.703690e+01,4.703690e+01,4.703690e+01,4.703690e+01,4.703690e+01,4.703690e+01,4.703690e+01,4.703690e+01,4.703690e+01,4.703690e+01,4.703690e+01,4.703690e+01,4.703690e+01,4.703690e+01,4.755000e+01,4.742506e+01,4.742506e+01,4.742506e+01,4.742506e+01,4.742506e+01,4.742506e+01,4.742506e+01,4.742506e+01,4.742506e+01,4.742506e+01,4.742506e+01,4.793649e+01,4.794894e+01,4.794894e+01
3.872132e+01,3.872132e+01,3.872132e+01,3.872132e+01,3.872132e+01,3.872132e+01,3.872132e+01,3.872132e+01,3.872132e+01,3.920548e+01,3.920548e+01,3.920548e+01,3.920548e+01,3.920548e+01,3.920548e+01,3.920548e+01,3.920548e+01,3.920548e+01,3.920548e+01,3.920548e+01,3.920548e+01,3.920548e+01,3.920548e+01,3.920548e+01,3.920548e+01,3.920548e+01,3.920548e+01,3.975434e+01,3.975434e+01,3.975434e+01,3.975434e+01,3.975434e+01,3.975434e+01,3.975434e+01,3.975434e+01,3.975434e+01,3.975434e+01,3.975434e+01,3.975434e+01,3.975434e+01,3.975434e+01,3.975434e+01,3.975434e+01,3.975434e+01,3.975434e+01,3.975434e+01,3.975434e+01,3.975434e+01,3.975434e+01,3.975434e+01,3.975434e+01,3.975434e+01,3.975434e+01,4.016756e+01,4.016756e+01,4.016756e+01,4.016756e+01,4.016756e+01,4.016756e+01,4.016756e+01,4.016756e+01,4.016756e+01,4.016756e+01,4.016756e+01,4.016756e+01,4.016756e+01,4.016756e+01,4.016756e+01,4.016756e+01,4.016756e+01,4.016756e+01,4.016756e+01,4.016756e+01,4.016756e+01,4.016756e+01,4.016756e+01,4.016756e+01,4.016756e+01,4.016756e+01,4.016756e+01,4.016756e+01,4.016756e+01,4.016756e+01,4.016756e+01,4.016756e+01,4.016756e+01,4.016756e+01,4.016756e+01,4.016756e+01,4.016756e+01,4.016756e+01,4.016756e+01,4.016756e+01,4.016756e+01,4.016756e+01,4.016756e+01,4.016756e+01,4.016756e+01,3.962072e+01,3.975434e+01,3.988781e+01,3.988781e+01,3.988781e+01,3.988781e+01,3.988781e+01,3.988781e+01,3.988781e+01,3.988781e+01,3.988781e+01,3.988781e+01,3.988781e+01,3.988781e+01,3.988781e+01,3.988781e+01,3.988781e+01,3.988781e+01,3.988781e+01,3.988781e+01,3.988781e+01,3.933960e+01,3.947355e+01,3.947355e+01,3.947355e+01,3.947355e+01,3.947355e+01,3.947355e+01,3.947355e+01,3.947355e+01,3.947355e+01,3.947355e+01,3.947355e+01,3.947355e+01,3.947355e+01,3.947355e+01,3.947355e+01,3.947355e+01,3.947355e+01,3.947355e+01,3.947355e+01,3.947355e+01,3.947355e+01,3.947355e+01,3.947355e+01,3.947355e+01,3.947355e+01,3.947355e+01,3.947355e+01,3.947355e+01,3.947355e+01,3.947355e+01,3.947355e+01,3.947355e+01,3.947355e+01,3.947355e+01,3.947355e+01,3.947355e+01,3.947355e+01,3.947355e+01,3.947355e+01,3.947355e+01,3.947355e+01,3.947355e+01,3.947355e+01,3.947355e+01,3.947355e+01,3.947355e+01,3.947355e+01,3.947355e+01,3.947355e+01,3.947355e+01,3.947355e+01,3.947355e+01,4.002111e+01,3.988781e+01,3.988781e+01,3.988781e+01,3.988781e+01,3.988781e+01,3.988781e+01,3.988781e+01,3.988781e+01,3.988781e+01,3.988781e+01,4.043336e+01,4.030054e+01,4.030054e+01,4.030054e+01,4.030054e+01,4.030054e+01,4.030054e+01,4.030054e+01,4.030054e+01,4.084412e+01,4.052624e+01,4.052624e+01,4.052624e+01,4.052624e+01,4.052624e+01,4.106874e+01,4.075150e+01,4.092345e+01,4.092345e+01,4.084412e+01,4.084412e+01,4.084412e+01,4.084412e+01,4.084412e+01,4.084412e+01,4.084412e+01,4.084412e+01,4.084412e+01,4.084412e+01,4.084412e+01,4.084412e+01,4.084412e+01,4.084412e+01,4.084412e+01,4.084412e+01,4.084412e+01,4.084412e+01,4.084412e+01,4.047318e+01,4.047318e+01,4.047318e+01,4.047318e+01,4.047318e+01,4.047318e+01,4.047318e+01,4.047318e+01,4.015426e+01,4.015426e+01,4.069854e+01,4.057928e+01,4.042009e+01,4.042009e+01,4.042009e+01,4.042009e+01,4.042009e+01,4.042009e+01,4.042009e+01,4.042009e+01,4.042009e+01,4.042009e+01,4.096309e+01,4.088379e+01,4.085734e+01,4.085734e+01,4.085734e+01,4.085734e+01,4.085734e+01,4.085734e+01,4.085734e+01,4.085734e+01,4.085734e+01,4.085734e+01,4.085734e+01,4.085734e+01,4.085734e+01,4.085734e+01,4.085734e+01,4.139826e+01,4.108194e+01,4.108194e+01,4.108194e+01,4.108194e+01,4.108194e+01,4.108194e+01,4.108194e+01,4.108194e+01,4.108194e+01,4.108194e+01,4.108194e+01,4.108194e+01,4.108194e+01,4.108194e+01,4.108194e+01,4.108194e+01,4.108194e+01,4.108194e+01,4.108194e+01,4.108194e+01,4.108194e+01,4.053951e+01,4.067204e+01,4.097630e+01,4.076473e+01,4.063230e+01,4.049971e+01,4.049971e+01,4.049971e+01,4.049971e+01,4.049971e+01,4.049971e+01,4.049971e+01,4.049971e+01,4.049971e+01,4.049971e+01,4.049971e+01,4.049971e+01,4.049971e+01,4.049971e+01,4.104234e+01,4.096309e+01,4.085734e+01,4.069854e+01,4.069854e+01,4.069854e+01,4.124021e+01,4.120066e+01,4.116110e+01,4.116110e+01,4.116110e+01,4.116110e+01,4.116110e+01,4.116110e+01,4.116110e+01,4.116110e+01,4.116110e+01,4.116110e+01,4.116110e+01,4.116110e+01,4.116110e+01,4.116110e+01,4.116110e+01,4.116110e+01,4.116110e+01,4.116110e+01,4.116110e+01,4.116110e+01,4.116110e+01,4.061905e+01,4.075150e+01,4.075150e+01,4.075150e+01,4.075150e+01,4.075150e+01,4.075150e+01,4.075150e+01,4.075150e+01,4.075150e+01,4.045991e+01,4.045991e+01,4.045991e+01,4.045991e+01,4.045991e+01,4.007439e+01,4.007439e+01,4.007439e+01,4.007439e+01,4.007439e+01,4.007439e+01,4.007439e+01,4.007439e+01,4.007439e+01,4.007439e+01,4.007439e+01,4.007439e+01,4.007439e+01,4.007439e+01,4.007439e+01,4.007439e+01,4.007439e+01,4.007439e+01,4.007439e+01,4.007439e+01,4.007439e+01,4.007439e+01,4.007439e+01,4.007439e+01,4.007439e+01,4.007439e+01,4.007439e+01,4.007439e+01,4.007439e+01,4.007439e+01,4.007439e+01,4.007439e+01,4.061905e+01,4.030054e+01,4.030054e+01,4.030054e+01,4.030054e+01,4.030054e+01,4.030054e+01,4.030054e+01,4.030054e+01,4.030054e+01,4.030054e+01,4.030054e+01,4.030054e+01,4.030054e+01,4.030054e+01,4.030054e+01,4.030054e+01,4.060579e+01,4.060579e+01,4.060579e+01,4.060579e+01,4.060579e+01,4.060579e+01,4.097630e+01,4.097630e+01,4.151666e+01,4.145090e+01,4.145090e+01,4.145090e+01,4.145090e+01,4.198902e+01,4.194973e+01,4.194973e+01,4.194973e+01,4.249856e+01,4.249856e+01,4.249856e+01,4.249856e+01,4.304479e+01,4.304479e+01,4.304479e+01,4.357553e+01,4.325219e+01,4.361427e+01,4.361427e+01,4.361427e+01,4.401382e+01,4.437354e+01,4.437354e+01,4.437354e+01,4.437354e+01,4.489828e+01,4.491105e+01,4.510242e+01,4.542068e+01,4.542068e+01,4.580146e+01,4.602935e+01,4.621892e+01,4.640818e+01,4.679838e+01,4.694908e+01,4.731250e+01,4.763738e+01,4.781195e+01,4.832175e+01,4.833416e+01,4.879233e+01,4.945792e+01,4.935955e+01,4.985064e+01,5.074183e+01,5.116683e+01,5.151787e+01,5.184381e+01,5.234913e+01,5.297194e+01,5.352032e+01,5.392411e+01,5.435025e+01,5.489268e+01,5.530386e+01,5.563185e+01,5.608730e+01,5.641329e+01,5.688915e+01,5.725935e+01,5.752477e+01,5.752477e+01,5.799657e+01,5.848957e+01,5.882100e+01,5.883242e+01,5.947002e+01,5.978767e+01,5.964029e+01,6.027400e+01,6.027400e+01,6.073606e+01,6.074731e+01,6.111802e+01,6.111802e+01,6.155481e+01,6.183406e+01,6.183406e+01,6.183406e+01,6.245747e+01,6.237970e+01,6.266833e+01,6.266833e+01,6.312224e+01,6.269051e+01,6.302273e+01,6.323272e+01,6.323272e+01,6.323272e+01,6.323272e+01,6.349749e+01,6.349749e+01,6.349749e+01,6.349749e+01,6.349749e+01,6.349749e+01,6.349749e+01,6.349749e+01,6.349749e+01,6.379476e+01,6.379476e+01,6.379476e+01,6.379476e+01,6.379476e+01,6.379476e+01,6.379476e+01,6.379476e+01,6.379476e+01,6.334310e+01,6.339826e+01,6.339826e+01,6.339826e+01,6.339826e+01,6.339826e+01,6.339826e+01,6.339826e+01,6.339826e+01,6.339826e+01,6.294529e+01,6.293422e+01,6.283457e+01,6.283457e+01,6.237970e+01,6.249079e+01,6.203476e+01,6.214613e+01,6.168892e+01,6.167775e+01,6.148771e+01,6.123016e+01,6.099457e+01,6.061226e+01,6.038685e+01,5.996884e+01,5.945866e+01,5.893510e+01,5.846668e+01,5.772060e+01,5.731709e+01,5.714378e+01,5.679644e+01,5.619217e+01,5.593566e+01,5.536249e+01,5.496326e+01,5.462175e+01,5.437388e+01,5.403078e+01,5.373425e+01,5.342512e+01,5.318681e+01,5.286437e+01,5.268488e+01,5.239715e+01,5.208469e+01,5.185587e+01,5.169905e+01,5.143323e+01,5.127588e+01,5.100914e+01,5.077832e+01,5.077832e+01,5.077832e+01,5.077832e+01,5.024210e+01,5.024210e+01,4.974032e+01,4.975258e+01,4.975258e+01,4.975258e+01,4.964217e+01,4.934724e+01,4.934724e+01,4.884176e+01,4.880469e+01,4.880469e+01,4.880469e+01,4.829693e+01,4.834657e+01,4.834657e+01,4.834657e+01,4.834657e+01,4.783687e+01,4.783687e+01,4.783687e+01,4.783687e+01,4.783687e+01,4.783687e+01,4.783687e+01,4.783687e+01,4.736254e+01,4.736254e+01,4.736254e+01,4.736254e+01,4.736254e+01,4.736254e+01,4.736254e+01,4.736254e+01,4.736254e+01,4.736254e+01,4.736254e+01,4.736254e+01,4.736254e+01,4.736254e+01,4.736254e+01,4.736254e+01,4.736254e+01,4.736254e+01,4.703690e+01,4.703690e+01,4.703690e+01,4.703690e+01,4.703690e+01,4.703690e+01,4.703690e+01,4.703690e+01,4.703690e+01,4.703690e+01,4.703690e+01,4.703690e+01,4.755000e+01,4.748754e+01,4.748754e+01,4.748754e+01,4.748754e+01,4.748754e+01,4.748754e+01,4.748754e+01,4.748754e+01,4.748754e+01,4.748754e+01,4.748754e+01,4.748754e+01,4.793649e+01,4.793649e+01,4.793649e+01
3.872132e+01,3.872132e+01,3.872132e+01,3.872132e+01,3.872132e+01,3.872132e+01,3.872132e+01,3.872132e+01,3.872132e+01,3.920548e+01,3.920548e+01,3.920548e+01,3.920548e+01,3.920548e+01,3.920548e+01,3.920548e+01,3.920548e+01,3.920548e+01,3.920548e+01,3.920548e+01,3.920548e+01,3.920548e+01,3.920548e+01,3.920548e+01,3.920548e+01,3.920548e+01,3.920548e+01,3.975434e+01,3.975434e+01,3.975434e+01,3.975434e+01,3.975434e+01,3.975434e+01,3.975434e+01,3.975434e+01,3.975434e+01,3.975434e+01,3.975434e+01,3.975434e+01,3.975434e+01,3.975434e+01,3.975434e+01,3.975434e+01,3.975434e+01,3.975434e+01,3.975434e+01,3.975434e+01,3.975434e+01,3.975434e+01,3.975434e+01,3.975434e+01,3.975434e+01,3.975434e+01,3.975434e+01,3.975434e+01,3.975434e+01,3.975434e+01,3.975434e+01,3.975434e+01,4.016756e+01,4.016756e+01,4.016756e+01,4.016756e+01,4.016756e+01,4.016756e+01,4.016756e+01,4.016756e+01,4.016756e+01,4.016756e+01,4.016756e+01,4.016756e+01,4.016756e+01,4.016756e+01,4.016756e+01,4.016756e+01,4.016756e+01,4.016756e+01,4.016756e+01,4.016756e+01,4.016756e+01,4.016756e+01,4.016756e+01,4.016756e+01,4.016756e+01,4.016756e+01,4.016756e+01,4.016756e+01,4.016756e+01,4.016756e+01,4.016756e+01,4.016756e+01,4.016756e+01,4.016756e+01,4.016756e+01,4.016756e+01,4.016756e+01,4.016756e+01,4.016756e+01,4.016756e+01,4.016756e+01,4.016756e+01,4.016756e+01,4.016756e+01,4.016756e+01,4.016756e+01,4.016756e+01,3.988781e+01,3.988781e+01,3.988781e+01,3.988781e+01,3.988781e+01,3.988781e+01,3.988781e+01,3.988781e+01,3.988781e+01,3.988781e+01,3.988781e+01,3.988781e+01,3.988781e+01,3.988781e+01,3.988781e+01,3.947355e+01,3.947355e+01,3.947355e+01,3.947355e+01,3.947355e+01,3.947355e+01,3.947355e+01,3.947355e+01,3.947355e+01,3.947355e+01,3.947355e+01,3.947355e+01,3.947355e+01,3.947355e+01,3.947355e+01,3.947355e+01,3.947355e+01,3.947355e+01,3.947355e+01,3.947355e+01,3.947355e+01,3.947355e+01,3.947355e+01,3.947355e+01,3.947355e+01,3.947355e+01,3.947355e+01,3.947355e+01,3.947355e+01,3.947355e+01,3.947355e+01,3.947355e+01,3.947355e+01,3.947355e+01,3.947355e+01,3.947355e+01,3.947355e+01,3.947355e+01,3.947355e+01,3.947355e+01,3.947355e+01,3.947355e+01,3.947355e+01,3.947355e+01,3.947355e+01,3.947355e+01,3.947355e+01,3.947355e+01,3.947355e+01,3.947355e+01,3.947355e+01,4.002111e+01,3.947355e+01,4.015426e+01,3.960735e+01,3.975434e+01,4.030054e+01,4.015426e+01,4.015426e+01,4.015426e+01,4.015426e+01,4.015426e+01,4.015426e+01,4.015426e+01,4.015426e+01,4.015426e+01,4.015426e+01,4.015426e+01,4.015426e+01,4.069854e+01,4.071178e+01,4.064555e+01,4.056602e+01,4.056602e+01,4.110833e+01,4.079120e+01,4.096309e+01,4.094987e+01,4.079120e+01,4.079120e+01,4.079120e+01,4.079120e+01,4.133244e+01,4.101593e+01,4.101593e+01,4.101593e+01,4.101593e+01,4.101593e+01,4.101593e+01,4.101593e+01,4.101593e+01,4.101593e+01,4.101593e+01,4.101593e+01,4.101593e+01,4.101593e+01,4.047318e+01,4.061905e+01,4.061905e+01,4.061905e+01,4.061905e+01,4.061905e+01,4.061905e+01,4.061905e+01,4.061905e+01,4.061905e+01,4.061905e+01,4.061905e+01,4.061905e+01,4.061905e+01,4.061905e+01,4.061905e+01,4.061905e+01,4.061905e+01,4.061905e+01,4.061905e+01,4.061905e+01,4.061905e+01,4.061905e+01,4.061905e+01,4.061905e+01,4.061905e+01,4.061905e+01,4.061905e+01,4.061905e+01,4.116110e+01,4.101593e+01,4.101593e+01,4.101593e+01,4.101593e+01,4.101593e+01,4.101593e+01,4.101593e+01,4.101593e+01,4.101593e+01,4.101593e+01,4.101593e+01,4.101593e+01,4.101593e+01,4.101593e+01,4.101593e+01,4.101593e+01,4.101593e+01,4.101593e+01,4.101593e+01,4.101593e+01,4.101593e+01,4.101593e+01,4.101593e+01,4.101593e+01,4.101593e+01,4.101593e+01,4.101593e+01,4.101593e+01,4.101593e+01,4.101593e+01,4.101593e+01,4.101593e+01,4.101593e+01,4.101593e+01,4.101593e+01,4.101593e+01,4.101593e+01,4.101593e+01,4.047318e+01,4.061905e+01,4.061905e+01,4.061905e+01,4.061905e+01,4.061905e+01,4.061905e+01,4.061905e+01,4.061905e+01,4.061905e+01,4.061905e+01,4.061905e+01,4.061905e+01,4.061905e+01,4.061905e+01,4.061905e+01,4.104234e+01,4.104234e+01,4.104234e+01,4.104234e+01,4.104234e+01,4.104234e+01,4.104234e+01,4.104234e+01,4.104234e+01,4.104234e+01,4.104234e+01,4.158238e+01,4.143774e+01,4.129292e+01,4.129292e+01,4.129292e+01,4.129292e+01,4.129292e+01,4.129292e+01,4.129292e+01,4.129292e+01,4.129292e+01,4.129292e+01,4.129292e+01,4.129292e+01,4.129292e+01,4.129292e+01,4.129292e+01,4.129292e+01,4.129292e+01,4.129292e+01,4.075150e+01,4.075150e+01,4.075150e+01,4.075150e+01,4.075150e+01,4.075150e+01,4.075150e+01,4.075150e+01,4.075150e+01,4.075150e+01,4.045991e+01,4.045991e+01,4.045991e+01,4.045991e+01,4.045991e+01,4.045991e+01,4.045991e+01,4.045991e+01,4.007439e+01,4.007439e+01,4.007439e+01,4.007439e+01,4.007439e+01,4.007439e+01,4.007439e+01,4.007439e+01,4.007439e+01,4.007439e+01,4.007439e+01,4.007439e+01,4.007439e+01,4.007439e+01,4.007439e+01,4.007439e+01,4.007439e+01,4.007439e+01,4.007439e+01,4.061905e+01,4.030054e+01,4.030054e+01,4.030054e+01,4.030054e+01,4.030054e+01,4.030054e+01,4.030054e+01,4.030054e+01,4.030054e+01,4.030054e+01,4.030054e+01,4.030054e+01,4.030054e+01,4.030054e+01,4.030054e+01,4.030054e+01,4.030054e+01,4.030054e+01,4.030054e+01,4.030054e+01,4.030054e+01,4.030054e+01,4.084412e+01,4.080443e+01,4.076473e+01,4.076473e+01,4.076473e+01,4.076473e+01,4.076473e+01,4.076473e+01,4.130609e+01,4.131926e+01,4.138510e+01,4.138510e+01,4.138510e+01,4.138510e+01,4.192353e+01,4.192353e+01,4.192353e+01,4.192353e+01,4.245945e+01,4.243336e+01,4.243336e+01,4.296691e+01,4.288898e+01,4.291497e+01,4.291497e+01,4.291497e+01,4.357553e+01,4.344630e+01,4.357553e+01,4.357553e+01,4.410386e+01,4.424520e+01,4.433505e+01,4.433505e+01,4.433505e+01,4.485996e+01,4.483441e+01,4.535710e+01,4.531893e+01,4.538253e+01,4.554774e+01,4.576344e+01,4.576344e+01,4.621892e+01,4.657197e+01,4.676068e+01,4.655938e+01,4.741256e+01,4.759994e+01,4.742506e+01,4.772470e+01,4.855727e+01,4.885411e+01,4.929802e+01,4.945792e+01,4.991189e+01,5.080264e+01,5.110621e+01,5.152996e+01,5.195227e+01,5.240915e+01,5.303166e+01,5.357978e+01,5.398338e+01,5.440932e+01,5.495150e+01,5.524520e+01,5.567863e+01,5.602900e+01,5.645979e+01,5.683121e+01,5.727090e+01,5.749018e+01,5.764000e+01,5.805400e+01,5.843234e+01,5.872966e+01,5.888947e+01,5.941322e+01,5.969699e+01,5.978767e+01,6.012716e+01,6.027400e+01,6.058973e+01,6.074731e+01,6.097211e+01,6.111802e+01,6.149889e+01,6.174476e+01,6.174476e+01,6.174476e+01,6.200133e+01,6.219065e+01,6.244637e+01,6.259069e+01,6.270160e+01,6.279026e+01,6.298954e+01,6.298954e+01,6.298954e+01,6.323272e+01,6.337620e+01,6.346442e+01,6.346442e+01,6.346442e+01,6.346442e+01,6.346442e+01,6.346442e+01,6.346442e+01,6.346442e+01,6.346442e+01,6.346442e+01,6.346442e+01,6.346442e+01,6.346442e+01,6.346442e+01,6.346442e+01,6.346442e+01,6.346442e+01,6.346442e+01,6.346442e+01,6.346442e+01,6.346442e+01,6.346442e+01,6.301167e+01,6.327688e+01,6.327688e+01,6.327688e+01,6.327688e+01,6.327688e+01,6.327688e+01,6.293422e+01,6.293422e+01,6.247969e+01,6.249079e+01,6.234636e+01,6.217952e+01,6.203476e+01,6.183406e+01,6.137579e+01,6.136459e+01,6.116289e+01,6.089347e+01,6.029658e+01,6.028529e+01,5.944730e+01,5.917437e+01,5.874108e+01,5.792764e+01,5.791615e+01,5.717846e+01,5.699338e+01,5.621547e+01,5.602900e+01,5.581889e+01,5.529213e+01,5.502205e+01,5.460996e+01,5.430297e+01,5.395967e+01,5.366298e+01,5.346083e+01,5.306748e+01,5.290023e+01,5.256507e+01,5.232511e+01,5.212078e+01,5.212078e+01,5.169905e+01,5.146951e+01,5.115471e+01,5.104555e+01,5.104555e+01,5.077832e+01,5.077832e+01,5.077832e+01,5.024210e+01,5.008322e+01,4.987514e+01,4.987514e+01,4.987514e+01,4.937185e+01,4.935955e+01,4.935955e+01,4.919952e+01,4.897758e+01,4.897758e+01,4.897758e+01,4.847055e+01,4.842097e+01,4.842097e+01,4.842097e+01,4.842097e+01,4.791159e+01,4.789914e+01,4.789914e+01,4.789914e+01,4.789914e+01,4.789914e+01,4.789914e+01,4.738755e+01,4.746255e+01,4.748754e+01,4.748754e+01,4.748754e+01,4.748754e+01,4.748754e+01,4.748754e+01,4.697418e+01,4.711213e+01,4.711213e+01,4.711213e+01,4.711213e+01,4.711213e+01,4.711213e+01,4.711213e+01,4.711213e+01,4.711213e+01,4.711213e+01,4.711213e+01,4.711213e+01,4.711213e+01,4.711213e+01,4.711213e+01,4.711213e+01,4.711213e+01,4.711213e+01,4.711213e+01,4.711213e+01,4.711213e+01,4.711213e+01,4.711213e+01,4.711213e+01,4.711213e+01,4.711213e+01,4.711213e+01,4.711213e+01,4.711213e+01,4.711213e+01,4.748754e+01,4.748754e+01,4.748754e+01,4.748754e+01,4.748754e+01,4.748754e+01,4.793649e+01,4.793649e+01,4.793649e+01
3.872132e+01,3.872132e+01,3.872132e+01,3.872132e+01,3.872132e+01,3.872132e+01,3.872132e+01,3.872132e+01,3.872132e+01,3.920548e+01,3.920548e+01,3.920548e+01,3.920548e+01,3.920548e+01,3.920548e+01,3.920548e+01,3.920548e+01,3.920548e+01,3.920548e+01,3.920548e+01,3.920548e+01,3.920548e+01,3.920548e+01,3.920548e+01,3.920548e+01,3.920548e+01,3.920548e+01,3.920548e+01,3.920548e+01,3.920548e+01,3.975434e+01,3.975434e+01,3.975434e+01,3.975434e+01,3.975434e+01,3.975434e+01,3.975434e+01,3.975434e+01,3.975434e+01,3.975434e+01,3.975434e+01,3.975434e+01,3.975434e+01,3.975434e+01,3.975434e+01,3.975434e+01,3.975434e+01,3.975434e+01,3.975434e+01,3.975434e+01,3.975434e+01,3.975434e+01,3.975434e+01,3.975434e+01,3.975434e+01,4.030054e+01,3.998114e+01,3.998114e+01,3.998114e+01,3.998114e+01,3.998114e+01,3.998114e+01,3.998114e+01,3.998114e+01,3.998114e+01,3.998114e+01,3.998114e+01,3.998114e+01,3.998114e+01,3.998114e+01,3.998114e+01,3.998114e+01,3.998114e+01,3.998114e+01,3.998114e+01,3.998114e+01,3.998114e+01,3.998114e+01,3.998114e+01,3.998114e+01,3.998114e+01,3.998114e+01,3.998114e+01,3.998114e+01,3.998114e+01,3.998114e+01,3.998114e+01,3.998114e+01,3.998114e+01,3.998114e+01,3.998114e+01,3.998114e+01,3.998114e+01,3.998114e+01,3.998114e+01,3.998114e+01,3.998114e+01,3.998114e+01,3.998114e+01,3.998114e+01,3.998114e+01,3.998114e+01,3.998114e+01,3.998114e+01,3.998114e+01,3.998114e+01,3.998114e+01,3.998114e+01,3.998114e+01,3.998114e+01,3.998114e+01,3.998114e+01,3.998114e+01,3.998114e+01,3.998114e+01,3.998114e+01,3.998114e+01,3.943338e+01,3.975434e+01,3.975434e+01,3.975434e+01,3.975434e+01,3.975434e+01,3.975434e+01,3.975434e+01,3.975434e+01,3.975434e+01,3.975434e+01,3.975434e+01,3.947355e+01,3.947355e+01,3.947355e+01,3.947355e+01,3.947355e+01,3.947355e+01,3.947355e+01,3.947355e+01,3.947355e+01,3.947355e+01,3.947355e+01,3.947355e+01,3.947355e+01,3.947355e+01,3.947355e+01,3.947355e+01,3.947355e+01,3.947355e+01,3.947355e+01,3.947355e+01,3.947355e+01,3.947355e+01,3.947355e+01,3.947355e+01,3.947355e+01,3.947355e+01,3.947355e+01,3.947355e+01,3.947355e+01,3.947355e+01,3.947355e+01,3.947355e+01,3.947355e+01,3.947355e+01,3.947355e+01,3.947355e+01,3.947355e+01,3.947355e+01,3.947355e+01,3.947355e+01,3.947355e+01,4.002111e+01,3.994115e+01,3.992781e+01,3.988781e+01,3.992781e+01,3.975434e+01,3.992781e+01,4.015426e+01,4.015426e+01,3.960735e+01,3.992781e+01,3.992781e+01,3.992781e+01,4.047318e+01,4.032712e+01,4.032712e+01,4.032712e+01,4.032712e+01,4.032712e+01,4.087056e+01,4.080443e+01,4.080443e+01,4.080443e+01,4.080443e+01,4.080443e+01,4.080443e+01,4.080443e+01,4.080443e+01,4.080443e+01,4.080443e+01,4.134560e+01,4.102913e+01,4.120066e+01,4.113472e+01,4.105554e+01,4.105554e+01,4.105554e+01,4.105554e+01,4.105554e+01,4.105554e+01,4.105554e+01,4.105554e+01,4.105554e+01,4.105554e+01,4.105554e+01,4.105554e+01,4.051298e+01,4.108194e+01,4.130609e+01,4.098951e+01,4.084412e+01,4.084412e+01,4.084412e+01,4.084412e+01,4.084412e+01,4.084412e+01,4.084412e+01,4.030054e+01,4.044664e+01,4.044664e+01,4.098951e+01,4.084412e+01,4.084412e+01,4.084412e+01,4.084412e+01,4.084412e+01,4.084412e+01,4.030054e+01,4.044664e+01,4.044664e+01,4.098951e+01,4.084412e+01,4.084412e+01,4.084412e+01,4.084412e+01,4.084412e+01,4.084412e+01,4.084412e+01,4.084412e+01,4.084412e+01,4.138510e+01,4.124021e+01,4.124021e+01,4.124021e+01,4.124021e+01,4.124021e+01,4.124021e+01,4.124021e+01,4.124021e+01,4.124021e+01,4.124021e+01,4.124021e+01,4.124021e+01,4.124021e+01,4.124021e+01,4.124021e+01,4.124021e+01,4.124021e+01,4.124021e+01,4.124021e+01,4.124021e+01,4.124021e+01,4.124021e+01,4.124021e+01,4.124021e+01,4.124021e+01,4.124021e+01,4.124021e+01,4.124021e+01,4.124021e+01,4.124021e+01,4.124021e+01,4.124021e+01,4.069854e+01,4.068529e+01,4.060579e+01,4.060579e+01,4.060579e+01,4.060579e+01,4.060579e+01,4.114791e+01,4.083089e+01,4.083089e+01,4.083089e+01,4.083089e+01,4.083089e+01,4.083089e+01,4.083089e+01,4.083089e+01,4.083089e+01,4.083089e+01,4.137194e+01,4.122703e+01,4.122703e+01,4.122703e+01,4.122703e+01,4.122703e+01,4.122703e+01,4.122703e+01,4.122703e+01,4.122703e+01,4.122703e+01,4.122703e+01,4.176620e+01,4.147721e+01,4.147721e+01,4.147721e+01,4.147721e+01,4.147721e+01,4.147721e+01,4.147721e+01,4.147721e+01,4.147721e+01,4.147721e+01,4.147721e+01,4.147721e+01,4.147721e+01,4.147721e+01,4.147721e+01,4.147721e+01,4.093666e+01,4.146405e+01,4.106874e+01,4.092345e+01,4.092345e+01,4.092345e+01,4.092345e+01,4.092345e+01,4.092345e+01,4.092345e+01,4.092345e+01,4.092345e+01,4.045991e+01,4.045991e+01,4.045991e+01,4.045991e+01,4.045991e+01,4.045991e+01,4.045991e+01,4.045991e+01,4.045991e+01,4.045991e+01,4.007439e+01,4.007439e+01,4.007439e+01,4.007439e+01,4.007439e+01,4.007439e+01,4.007439e+01,4.007439e+01,4.007439e+01,4.007439e+01,4.007439e+01,4.061905e+01,4.030054e+01,4.030054e+01,4.030054e+01,4.030054e+01,4.030054e+01,4.030054e+01,4.030054e+01,4.030054e+01,4.030054e+01,4.030054e+01,4.030054e+01,4.030054e+01,4.030054e+01,4.030054e+01,4.030054e+01,4.030054e+01,4.030054e+01,4.030054e+01,4.030054e+01,4.030054e+01,4.030054e+01,4.030054e+01,4.030054e+01,4.030054e+01,4.030054e+01,4.030054e+01,4.084412e+01,4.076473e+01,4.077797e+01,4.077797e+01,4.077797e+01,4.077797e+01,4.077797e+01,4.077797e+01,4.077797e+01,4.077797e+01,4.130609e+01,4.130609e+01,4.130609e+01,4.184489e+01,4.152981e+01,4.170059e+01,4.179244e+01,4.179244e+01,4.232896e+01,4.234202e+01,4.232896e+01,4.232896e+01,4.286300e+01,4.290198e+01,4.290198e+01,4.290198e+01,4.290198e+01,4.343337e+01,4.351093e+01,4.351093e+01,4.351093e+01,4.403955e+01,4.403955e+01,4.403955e+01,4.433505e+01,4.433505e+01,4.485996e+01,4.479607e+01,4.496211e+01,4.521709e+01,4.521709e+01,4.573809e+01,4.559853e+01,4.559853e+01,4.611785e+01,4.630728e+01,4.653419e+01,4.653419e+01,4.704945e+01,4.735003e+01,4.735003e+01,4.786179e+01,4.804847e+01,4.864392e+01,4.897758e+01,4.916256e+01,4.948251e+01,4.998534e+01,5.074183e+01,5.116683e+01,5.110621e+01,5.208469e+01,5.248114e+01,5.310329e+01,5.316295e+01,5.363921e+01,5.405447e+01,5.449198e+01,5.496326e+01,5.577216e+01,5.614557e+01,5.640166e+01,5.688915e+01,5.714378e+01,5.714378e+01,5.764000e+01,5.811139e+01,5.837508e+01,5.863824e+01,5.894650e+01,5.935639e+01,5.960625e+01,5.984431e+01,6.009325e+01,5.992357e+01,6.064603e+01,6.064603e+01,6.097211e+01,6.126378e+01,6.144295e+01,6.165541e+01,6.165541e+01,6.211273e+01,6.207932e+01,6.232413e+01,6.241304e+01,6.241304e+01,6.241304e+01,6.241304e+01,6.298954e+01,6.298954e+01,6.298954e+01,6.323272e+01,6.323272e+01,6.323272e+01,6.323272e+01,6.323272e+01,6.323272e+01,6.323272e+01,6.323272e+01,6.346442e+01,6.346442e+01,6.346442e+01,6.346442e+01,6.346442e+01,6.346442e+01,6.346442e+01,6.346442e+01,6.346442e+01,6.346442e+01,6.346442e+01,6.346442e+01,6.346442e+01,6.346442e+01,6.346442e+01,6.301167e+01,6.311118e+01,6.324376e+01,6.324376e+01,6.324376e+01,6.324376e+01,6.279026e+01,6.282350e+01,6.285672e+01,6.271268e+01,6.260178e+01,6.214613e+01,6.226853e+01,6.181174e+01,6.162189e+01,6.168892e+01,6.149889e+01,6.103947e+01,6.102825e+01,6.078106e+01,6.042068e+01,6.026271e+01,5.950409e+01,5.911744e+01,5.868396e+01,5.805400e+01,5.789315e+01,5.730555e+01,5.697022e+01,5.634350e+01,5.602900e+01,5.566694e+01,5.535077e+01,5.496326e+01,5.466891e+01,5.429115e+01,5.388853e+01,5.369862e+01,5.334176e+01,5.319873e+01,5.288828e+01,5.260102e+01,5.260102e+01,5.212078e+01,5.196431e+01,5.183175e+01,5.145742e+01,5.119107e+01,5.119107e+01,5.119107e+01,5.077832e+01,5.077832e+01,5.077832e+01,5.024210e+01,5.024210e+01,4.987514e+01,4.987514e+01,4.937185e+01,4.943334e+01,4.943334e+01,4.943334e+01,4.892821e+01,4.906394e+01,4.906394e+01,4.906394e+01,4.847055e+01,4.847055e+01,4.847055e+01,4.847055e+01,4.847055e+01,4.847055e+01,4.789914e+01,4.789914e+01,4.789914e+01,4.789914e+01,4.789914e+01,4.789914e+01,4.738755e+01,4.738755e+01,4.738755e+01,4.738755e+01,4.738755e+01,4.738755e+01,4.738755e+01,4.738755e+01,4.738755e+01,4.738755e+01,4.738755e+01,4.738755e+01,4.738755e+01,4.738755e+01,4.738755e+01,4.738755e+01,4.738755e+01,4.738755e+01,4.711213e+01,4.711213e+01,4.711213e+01,4.711213e+01,4.711213e+01,4.711213e+01,4.711213e+01,4.711213e+01,4.711213e+01,4.711213e+01,4.711213e+01,4.711213e+01,4.711213e+01,4.711213e+01,4.711213e+01,4.711213e+01,4.711213e+01,4.711213e+01,4.711213e+01,4.711213e+01,4.711213e+01,4.748754e+01,4.748754e+01,4.748754e+01,4.748754e+01,4.748754e+01,4.748754e+01,4.793649e+01,4.793649e+01,4.793649e+01
3.872132e+01,3.872132e+01,3.872132e+01,3.872132e+01,3.872132e+01,3.872132e+01,3.872132e+01,3.872132e+01,3.872132e+01,3.920548e+01,3.920548e+01,3.920548e+01,3.920548e+01,3.920548e+01,3.920548e+01,3.920548e+01,3.920548e+01,3.920548e+01,3.920548e+01,3.920548e+01,3.920548e+01,3.920548e+01,3.920548e+01,3.920548e+01,3.920548e+01,3.920548e+01,3.920548e+01,3.975434e+01,3.944677e+01,3.962072e+01,3.962072e+01,3.962072e+01,3.962072e+01,3.962072e+01,3.962072e+01,3.962072e+01,3.962072e+01,3.962072e+01,3.962072e+01,3.962072e+01,3.962072e+01,3.962072e+01,3.962072e+01,3.962072e+01,3.962072e+01,3.962072e+01,3.962072e+01,3.962072e+01,3.962072e+01,3.962072e+01,4.016756e+01,4.002111e+01,4.002111e+01,4.002111e+01,4.002111e+01,4.002111e+01,4.002111e+01,4.002111e+01,4.002111e+01,4.002111e+01,4.002111e+01,4.002111e+01,4.002111e+01,4.002111e+01,4.002111e+01,4.002111e+01,4.002111e+01,4.002111e+01,4.002111e+01,4.002111e+01,4.002111e+01,4.002111e+01,4.002111e+01,4.002111e+01,4.002111e+01,4.002111e+01,4.002111e+01,4.002111e+01,4.002111e+01,4.002111e+01,4.002111e+01,4.002111e+01,4.002111e+01,4.002111e+01,4.002111e+01,4.002111e+01,4.002111e+01,4.002111e+01,4.002111e+01,4.002111e+01,4.002111e+01,4.002111e+01,4.002111e+01,4.002111e+01,4.002111e+01,4.002111e+01,4.002111e+01,4.002111e+01,4.002111e+01,4.002111e+01,4.002111e+01,4.002111e+01,4.002111e+01,4.002111e+01,4.002111e+01,4.002111e+01,4.002111e+01,4.002111e+01,4.002111e+01,4.002111e+01,4.002111e+01,4.002111e+01,4.002111e+01,4.002111e+01,4.002111e+01,4.002111e+01,4.002111e+01,3.998114e+01,3.994115e+01,3.939320e+01,3.954047e+01,3.954047e+01,3.954047e+01,3.954047e+01,3.954047e+01,3.954047e+01,3.954047e+01,3.954047e+01,3.954047e+01,3.954047e+01,3.954047e+01,3.954047e+01,3.954047e+01,3.954047e+01,3.954047e+01,3.954047e+01,3.954047e+01,3.954047e+01,3.954047e+01,3.954047e+01,3.954047e+01,3.954047e+01,3.954047e+01,3.954047e+01,3.954047e+01,3.954047e+01,3.954047e+01,3.954047e+01,3.954047e+01,3.954047e+01,3.954047e+01,3.954047e+01,3.954047e+01,3.954047e+01,3.954047e+01,3.954047e+01,3.954047e+01,3.954047e+01,3.954047e+01,3.954047e+01,3.954047e+01,3.954047e+01,3.954047e+01,3.954047e+01,3.954047e+01,3.954047e+01,3.954047e+01,3.954047e+01,3.954047e+01,4.008770e+01,4.002111e+01,4.002111e+01,4.002111e+01,4.002111e+01,4.002111e+01,4.002111e+01,4.002111e+01,4.002111e+01,4.002111e+01,4.002111e+01,4.002111e+01,4.002111e+01,4.056602e+01,4.049971e+01,4.049971e+01,4.049971e+01,4.049971e+01,4.049971e+01,4.049971e+01,4.049971e+01,4.049971e+01,4.080443e+01,4.080443e+01,4.080443e+01,4.080443e+01,4.080443e+01,4.080443e+01,4.134560e+01,4.104234e+01,4.121385e+01,4.114791e+01,4.106874e+01,4.106874e+01,4.106874e+01,4.106874e+01,4.106874e+01,4.106874e+01,4.106874e+01,4.106874e+01,4.106874e+01,4.106874e+01,4.106874e+01,4.106874e+01,4.106874e+01,4.106874e+01,4.106874e+01,4.106874e+01,4.106874e+01,4.106874e+01,4.106874e+01,4.106874e+01,4.106874e+01,4.106874e+01,4.052624e+01,4.067204e+01,4.067204e+01,4.067204e+01,4.067204e+01,4.067204e+01,4.067204e+01,4.067204e+01,4.067204e+01,4.067204e+01,4.067204e+01,4.067204e+01,4.067204e+01,4.067204e+01,4.067204e+01,4.067204e+01,4.067204e+01,4.067204e+01,4.067204e+01,4.067204e+01,4.121385e+01,4.106874e+01,4.106874e+01,4.106874e+01,4.106874e+01,4.106874e+01,4.106874e+01,4.106874e+01,4.106874e+01,4.106874e+01,4.106874e+01,4.106874e+01,4.106874e+01,4.160866e+01,4.146405e+01,4.146405e+01,4.146405e+01,4.146405e+01,4.146405e+01,4.146405e+01,4.146405e+01,4.146405e+01,4.146405e+01,4.146405e+01,4.146405e+01,4.092345e+01,4.106874e+01,4.106874e+01,4.106874e+01,4.106874e+01,4.106874e+01,4.106874e+01,4.106874e+01,4.106874e+01,4.106874e+01,4.106874e+01,4.106874e+01,4.106874e+01,4.106874e+01,4.106874e+01,4.106874e+01,4.106874e+01,4.106874e+01,4.106874e+01,4.106874e+01,4.106874e+01,4.106874e+01,4.106874e+01,4.106874e+01,4.106874e+01,4.106874e+01,4.106874e+01,4.106874e+01,4.106874e+01,4.106874e+01,4.106874e+01,4.106874e+01,4.106874e+01,4.137194e+01,4.137194e+01,4.137194e+01,4.137194e+01,4.137194e+01,4.137194e+01,4.137194e+01,4.137194e+01,4.137194e+01,4.137194e+01,4.191043e+01,4.129292e+01,4.139826e+01,4.141142e+01,4.141142e+01,4.194973e+01,4.164807e+01,4.164807e+01,4.164807e+01,4.164807e+01,4.164807e+01,4.164807e+01,4.164807e+01,4.164807e+01,4.110833e+01,4.125339e+01,4.125339e+01,4.125339e+01,4.125339e+01,4.125339e+01,4.125339e+01,4.125339e+01,4.125339e+01,4.125339e+01,4.125339e+01,4.125339e+01,4.092345e+01,4.092345e+01,4.092345e+01,4.092345e+01,4.092345e+01,4.045991e+01,4.045991e+01,4.045991e+01,4.045991e+01,4.045991e+01,4.045991e+01,4.045991e+01,4.045991e+01,4.045991e+01,4.045991e+01,4.045991e+01,4.045991e+01,4.045991e+01,4.045991e+01,4.045991e+01,4.045991e+01,4.045991e+01,4.045991e+01,4.007439e+01,4.007439e+01,4.061905e+01,4.049971e+01,4.034040e+01,4.034040e+01,4.034040e+01,4.034040e+01,4.034040e+01,4.034040e+01,4.034040e+01,4.034040e+01,4.034040e+01,4.034040e+01,4.034040e+01,4.034040e+01,4.034040e+01,4.034040e+01,4.034040e+01,4.088379e+01,4.057928e+01,4.043336e+01,4.043336e+01,4.043336e+01,4.043336e+01,4.043336e+01,4.043336e+01,4.043336e+01,4.043336e+01,4.043336e+01,4.043336e+01,4.076473e+01,4.076473e+01,4.076473e+01,4.076473e+01,4.076473e+01,4.076473e+01,4.130609e+01,4.100272e+01,4.117429e+01,4.117429e+01,4.117429e+01,4.171371e+01,4.164807e+01,4.156924e+01,4.156924e+01,4.210681e+01,4.211989e+01,4.219834e+01,4.219834e+01,4.219834e+01,4.273298e+01,4.273298e+01,4.273298e+01,4.273298e+01,4.273298e+01,4.326514e+01,4.330399e+01,4.330399e+01,4.383355e+01,4.384644e+01,4.391084e+01,4.391084e+01,4.443766e+01,4.442484e+01,4.459140e+01,4.471936e+01,4.471936e+01,4.524256e+01,4.510242e+01,4.526802e+01,4.559853e+01,4.559853e+01,4.611785e+01,4.605464e+01,4.657197e+01,4.643340e+01,4.659715e+01,4.698673e+01,4.724992e+01,4.741256e+01,4.772470e+01,4.858204e+01,4.830934e+01,4.910093e+01,4.931033e+01,4.960534e+01,5.004652e+01,5.080264e+01,5.103342e+01,5.169905e+01,5.186792e+01,5.232511e+01,5.281653e+01,5.350842e+01,5.384108e+01,5.411368e+01,5.455098e+01,5.502205e+01,5.571371e+01,5.615722e+01,5.651790e+01,5.683121e+01,5.705124e+01,5.722469e+01,5.769758e+01,5.805400e+01,5.838654e+01,5.870681e+01,5.859252e+01,5.891229e+01,5.929954e+01,5.952680e+01,5.973100e+01,6.033044e+01,6.058973e+01,6.072482e+01,6.103947e+01,6.123016e+01,6.123016e+01,6.123016e+01,6.165541e+01,6.199018e+01,6.166658e+01,6.192329e+01,6.226853e+01,6.226853e+01,6.226853e+01,6.272377e+01,6.242415e+01,6.267942e+01,6.317749e+01,6.319958e+01,6.319958e+01,6.319958e+01,6.319958e+01,6.319958e+01,6.319958e+01,6.319958e+01,6.319958e+01,6.319958e+01,6.319958e+01,6.319958e+01,6.319958e+01,6.319958e+01,6.319958e+01,6.319958e+01,6.319958e+01,6.319958e+01,6.319958e+01,6.319958e+01,6.319958e+01,6.319958e+01,6.319958e+01,6.319958e+01,6.319958e+01,6.319958e+01,6.319958e+01,6.319958e+01,6.319958e+01,6.274594e+01,6.280134e+01,6.280134e+01,6.280134e+01,6.234636e+01,6.241304e+01,6.226853e+01,6.210159e+01,6.193444e+01,6.162189e+01,6.162189e+01,6.162189e+01,6.103947e+01,6.090471e+01,6.071356e+01,5.999147e+01,5.959490e+01,5.925404e+01,5.892369e+01,5.862682e+01,5.818023e+01,5.737481e+01,5.715534e+01,5.685439e+01,5.640166e+01,5.601733e+01,5.559675e+01,5.523347e+01,5.502205e+01,5.465713e+01,5.417286e+01,5.401893e+01,5.369862e+01,5.336558e+01,5.309135e+01,5.281653e+01,5.262498e+01,5.243315e+01,5.225304e+01,5.196431e+01,5.169905e+01,5.138484e+01,5.121531e+01,5.121531e+01,5.071750e+01,5.077832e+01,5.077832e+01,5.027873e+01,5.030315e+01,5.016879e+01,4.989964e+01,4.970352e+01,4.950708e+01,4.950708e+01,4.900227e+01,4.907627e+01,4.906394e+01,4.906394e+01,4.906394e+01,4.906394e+01,4.847055e+01,4.847055e+01,4.847055e+01,4.847055e+01,4.847055e+01,4.796139e+01,4.796139e+01,4.796139e+01,4.796139e+01,4.796139e+01,4.796139e+01,4.745005e+01,4.745005e+01,4.745005e+01,4.745005e+01,4.745005e+01,4.745005e+01,4.745005e+01,4.745005e+01,4.745005e+01,4.745005e+01,4.745005e+01,4.693653e+01,4.722488e+01,4.722488e+01,4.722488e+01,4.722488e+01,4.722488e+01,4.722488e+01,4.722488e+01,4.722488e+01,4.722488e+01,4.722488e+01,4.722488e+01,4.722488e+01,4.722488e+01,4.722488e+01,4.722488e+01,4.722488e+01,4.722488e+01,4.722488e+01,4.722488e+01,4.722488e+01,4.722488e+01,4.722488e+01,4.722488e+01,4.722488e+01,4.722488e+01,4.722488e+01,4.722488e+01,4.722488e+01,4.722488e+01,4.722488e+01,4.722488e+01,4.748754e+01,4.748754e+01,4.748754e+01,4.793649e+01,4.793649e+01,4.793649e+01
3.872132e+01,3.872132e+01,3.872132e+01,3.872132e+01,3.872132e+01,3.872132e+01,3.872132e+01,3.872132e+01,3.927256e+01,3.920548e+01,3.920548e+01,3.920548e+01,3.920548e+01,3.920548e+01,3.920548e+01,3.920548e+01,3.920548e+01,3.920548e+01,3.920548e+01,3.920548e+01,3.920548e+01,3.920548e+01,3.920548e+01,3.920548e+01,3.920548e+01,3.920548e+01,3.920548e+01,3.975434e+01,3.947355e+01,3.947355e+01,3.947355e+01,3.947355e+01,3.947355e+01,3.947355e+01,3.947355e+01,3.947355e+01,3.947355e+01,3.947355e+01,3.947355e+01,3.947355e+01,3.947355e+01,3.947355e+01,4.002111e+01,3.987447e+01,3.987447e+01,3.987447e+01,3.987447e+01,3.987447e+01,3.987447e+01,3.987447e+01,3.987447e+01,3.987447e+01,3.987447e+01,3.987447e+01,3.987447e+01,3.987447e+01,3.987447e+01,3.987447e+01,3.987447e+01,3.987447e+01,3.987447e+01,3.987447e+01,3.987447e+01,3.987447e+01,3.987447e+01,3.987447e+01,3.987447e+01,3.987447e+01,3.987447e+01,3.987447e+01,3.987447e+01,3.987447e+01,3.987447e+01,3.987447e+01,3.987447e+01,3.987447e+01,3.987447e+01,3.987447e+01,3.987447e+01,3.987447e+01,3.987447e+01,3.987447e+01,3.987447e+01,3.987447e+01,3.987447e+01,3.987447e+01,3.987447e+01,3.987447e+01,3.987447e+01,3.987447e+01,3.987447e+01,3.987447e+01,3.987447e+01,3.987447e+01,3.987447e+01,3.987447e+01,3.987447e+01,3.987447e+01,3.987447e+01,3.987447e+01,3.987447e+01,3.987447e+01,3.987447e+01,3.987447e+01,3.987447e+01,3.987447e+01,3.987447e+01,3.987447e+01,3.987447e+01,3.987447e+01,3.987447e+01,3.987447e+01,3.987447e+01,3.987447e+01,3.987447e+01,3.987447e+01,3.987447e+01,3.987447e+01,3.987447e+01,3.987447e+01,3.987447e+01,3.987447e+01,3.987447e+01,3.954047e+01,3.954047e+01,3.954047e+01,3.954047e+01,3.954047e+01,3.954047e+01,3.954047e+01,3.954047e+01,3.954047e+01,3.899056e+01,3.929938e+01,3.929938e+01,3.929938e+01,3.929938e+01,3.929938e+01,3.929938e+01,3.929938e+01,3.929938e+01,3.929938e+01,3.929938e+01,3.929938e+01,3.929938e+01,3.929938e+01,3.929938e+01,3.929938e+01,3.929938e+01,3.929938e+01,3.929938e+01,3.929938e+01,3.929938e+01,3.929938e+01,3.929938e+01,3.929938e+01,3.929938e+01,3.929938e+01,3.929938e+01,3.984778e+01,3.970091e+01,3.970091e+01,3.970091e+01,3.970091e+01,3.970091e+01,3.970091e+01,3.970091e+01,3.970091e+01,3.970091e+01,3.970091e+01,3.970091e+01,3.970091e+01,3.970091e+01,4.002111e+01,4.002111e+01,4.002111e+01,4.002111e+01,4.002111e+01,4.002111e+01,4.002111e+01,4.002111e+01,4.002111e+01,4.056602e+01,4.056602e+01,4.056602e+01,4.056602e+01,4.056602e+01,4.056602e+01,4.056602e+01,4.056602e+01,4.110833e+01,4.106874e+01,4.106874e+01,4.106874e+01,4.106874e+01,4.106874e+01,4.106874e+01,4.106874e+01,4.106874e+01,4.106874e+01,4.106874e+01,4.106874e+01,4.160866e+01,4.130609e+01,4.130609e+01,4.130609e+01,4.130609e+01,4.130609e+01,4.130609e+01,4.130609e+01,4.130609e+01,4.130609e+01,4.130609e+01,4.130609e+01,4.130609e+01,4.076473e+01,4.091023e+01,4.091023e+01,4.145090e+01,4.130609e+01,4.130609e+01,4.076473e+01,4.075150e+01,4.067204e+01,4.067204e+01,4.067204e+01,4.067204e+01,4.067204e+01,4.067204e+01,4.067204e+01,4.067204e+01,4.067204e+01,4.067204e+01,4.067204e+01,4.067204e+01,4.067204e+01,4.067204e+01,4.067204e+01,4.067204e+01,4.067204e+01,4.067204e+01,4.067204e+01,4.121385e+01,4.114791e+01,4.114791e+01,4.114791e+01,4.114791e+01,4.114791e+01,4.114791e+01,4.114791e+01,4.114791e+01,4.114791e+01,4.114791e+01,4.114791e+01,4.114791e+01,4.168746e+01,4.162180e+01,4.162180e+01,4.162180e+01,4.162180e+01,4.162180e+01,4.162180e+01,4.162180e+01,4.162180e+01,4.162180e+01,4.162180e+01,4.162180e+01,4.162180e+01,4.162180e+01,4.160866e+01,4.130609e+01,4.130609e+01,4.130609e+01,4.130609e+01,4.130609e+01,4.130609e+01,4.130609e+01,4.130609e+01,4.130609e+01,4.130609e+01,4.130609e+01,4.130609e+01,4.130609e+01,4.130609e+01,4.130609e+01,4.130609e+01,4.130609e+01,4.130609e+01,4.076473e+01,4.091023e+01,4.091023e+01,4.091023e+01,4.091023e+01,4.091023e+01,4.091023e+01,4.091023e+01,4.091023e+01,4.091023e+01,4.145090e+01,4.130609e+01,4.145090e+01,4.143774e+01,4.143774e+01,4.143774e+01,4.143774e+01,4.143774e+01,4.143774e+01,4.143774e+01,4.143774e+01,4.143774e+01,4.143774e+01,4.143774e+01,4.143774e+01,4.143774e+01,4.197593e+01,4.189733e+01,4.183178e+01,4.167433e+01,4.167433e+01,4.167433e+01,4.167433e+01,4.167433e+01,4.167433e+01,4.167433e+01,4.167433e+01,4.167433e+01,4.167433e+01,4.167433e+01,4.167433e+01,4.125339e+01,4.125339e+01,4.125339e+01,4.125339e+01,4.125339e+01,4.125339e+01,4.125339e+01,4.125339e+01,4.125339e+01,4.125339e+01,4.092345e+01,4.092345e+01,4.092345e+01,4.092345e+01,4.092345e+01,4.045991e+01,4.045991e+01,4.045991e+01,4.045991e+01,4.045991e+01,4.045991e+01,4.045991e+01,4.045991e+01,4.045991e+01,4.045991e+01,4.045991e+01,4.045991e+01,4.045991e+01,4.045991e+01,4.045991e+01,4.045991e+01,4.045991e+01,4.045991e+01,4.045991e+01,4.045991e+01,4.045991e+01,4.045991e+01,4.045991e+01,4.045991e+01,4.045991e+01,4.045991e+01,4.045991e+01,4.045991e+01,4.045991e+01,4.045991e+01,4.045991e+01,4.045991e+01,4.045991e+01,4.045991e+01,4.045991e+01,4.045991e+01,4.045991e+01,4.045991e+01,4.045991e+01,4.045991e+01,4.045991e+01,4.045991e+01,4.045991e+01,4.045991e+01,4.045991e+01,4.045991e+01,4.100272e+01,4.096309e+01,4.096309e+01,4.096309e+01,4.096309e+01,4.096309e+01,4.096309e+01,4.096309e+01,4.096309e+01,4.150351e+01,4.135877e+01,4.156924e+01,4.156924e+01,4.156924e+01,4.156924e+01,4.210681e+01,4.204139e+01,4.204139e+01,4.204139e+01,4.204139e+01,4.257675e+01,4.258978e+01,4.258978e+01,4.258978e+01,4.312261e+01,4.313557e+01,4.312261e+01,4.312261e+01,4.365300e+01,4.369171e+01,4.369171e+01,4.421951e+01,4.423236e+01,4.429655e+01,4.429655e+01,4.429655e+01,4.471936e+01,4.492382e+01,4.510242e+01,4.510242e+01,4.510242e+01,4.559853e+01,4.580146e+01,4.597874e+01,4.618103e+01,4.643340e+01,4.643340e+01,4.694908e+01,4.713719e+01,4.722488e+01,4.752502e+01,4.784933e+01,4.823487e+01,4.835897e+01,4.896524e+01,4.931033e+01,4.972805e+01,5.010767e+01,5.066883e+01,5.109408e+01,5.156621e+01,5.192817e+01,5.238515e+01,5.287632e+01,5.344893e+01,5.385294e+01,5.423202e+01,5.460996e+01,5.508081e+01,5.529213e+01,5.577216e+01,5.627368e+01,5.654113e+01,5.688915e+01,5.724780e+01,5.764000e+01,5.806548e+01,5.798509e+01,5.831780e+01,5.851245e+01,5.894650e+01,5.917437e+01,5.952680e+01,5.991225e+01,6.027400e+01,6.051087e+01,6.076981e+01,6.055594e+01,6.100580e+01,6.100580e+01,6.146533e+01,6.127499e+01,6.147652e+01,6.155481e+01,6.186753e+01,6.217952e+01,6.217952e+01,6.217952e+01,6.226853e+01,6.234636e+01,6.271268e+01,6.260178e+01,6.287887e+01,6.300061e+01,6.300061e+01,6.300061e+01,6.300061e+01,6.300061e+01,6.345340e+01,6.333207e+01,6.333207e+01,6.333207e+01,6.333207e+01,6.333207e+01,6.333207e+01,6.333207e+01,6.333207e+01,6.333207e+01,6.333207e+01,6.333207e+01,6.333207e+01,6.333207e+01,6.287887e+01,6.300061e+01,6.300061e+01,6.300061e+01,6.300061e+01,6.300061e+01,6.300061e+01,6.300061e+01,6.300061e+01,6.300061e+01,6.254630e+01,6.253520e+01,6.246858e+01,6.201247e+01,6.226853e+01,6.181174e+01,6.180058e+01,6.165541e+01,6.165541e+01,6.119653e+01,6.109558e+01,6.109558e+01,6.071356e+01,5.994621e+01,5.965163e+01,5.925404e+01,5.886665e+01,5.851245e+01,5.813434e+01,5.750171e+01,5.715534e+01,5.673846e+01,5.635514e+01,5.597067e+01,5.565525e+01,5.532732e+01,5.498678e+01,5.453918e+01,5.430297e+01,5.401893e+01,5.363921e+01,5.330602e+01,5.303166e+01,5.285241e+01,5.236114e+01,5.249313e+01,5.218092e+01,5.190408e+01,5.163869e+01,5.142113e+01,5.142113e+01,5.092415e+01,5.085126e+01,5.085126e+01,5.035197e+01,5.033977e+01,5.033977e+01,4.983839e+01,4.985064e+01,4.985064e+01,4.950708e+01,4.931033e+01,4.913791e+01,4.913791e+01,4.913791e+01,4.913791e+01,4.863155e+01,4.870578e+01,4.860680e+01,4.860680e+01,4.860680e+01,4.809820e+01,4.808577e+01,4.809820e+01,4.809820e+01,4.809820e+01,4.758746e+01,4.772470e+01,4.752502e+01,4.751253e+01,4.751253e+01,4.751253e+01,4.751253e+01,4.751253e+01,4.751253e+01,4.751253e+01,4.751253e+01,4.699928e+01,4.728747e+01,4.708706e+01,4.712466e+01,4.718731e+01,4.718731e+01,4.718731e+01,4.718731e+01,4.718731e+01,4.718731e+01,4.718731e+01,4.718731e+01,4.718731e+01,4.718731e+01,4.718731e+01,4.718731e+01,4.718731e+01,4.718731e+01,4.718731e+01,4.718731e+01,4.718731e+01,4.718731e+01,4.718731e+01,4.718731e+01,4.718731e+01,4.718731e+01,4.718731e+01,4.718731e+01,4.718731e+01,4.718731e+01,4.718731e+01,4.718731e+01,4.718731e+01,4.769976e+01,4.766233e+01,4.762490e+01,4.762490e+01,4.762490e+01,4.762490e+01,4.793649e+01,4.793649e+01
3.872132e+01,3.872132e+01,3.872132e+01,3.872132e+01,3.872132e+01,3.872132e+01,3.872132e+01,3.872132e+01,3.927256e+01,3.927256e+01,3.927256e+01,3.927256e+01,3.927256e+01,3.927256e+01,3.927256e+01,3.927256e+01,3.927256e+01,3.927256e+01,3.927256e+01,3.927256e+01,3.927256e+01,3.927256e+01,3.927256e+01,3.927256e+01,3.927256e+01,3.927256e+01,3.927256e+01,3.927256e+01,3.927256e+01,3.927256e+01,3.927256e+01,3.982109e+01,3.967419e+01,3.967419e+01,3.967419e+01,3.967419e+01,3.967419e+01,3.967419e+01,3.967419e+01,3.967419e+01,3.967419e+01,3.967419e+01,3.967419e+01,3.967419e+01,3.967419e+01,3.967419e+01,3.967419e+01,3.967419e+01,3.967419e+01,3.967419e+01,4.022078e+01,4.007439e+01,4.007439e+01,4.007439e+01,4.007439e+01,4.007439e+01,4.007439e+01,4.007439e+01,4.007439e+01,4.007439e+01,4.007439e+01,4.007439e+01,4.007439e+01,4.007439e+01,4.007439e+01,4.007439e+01,4.007439e+01,4.007439e+01,4.007439e+01,4.007439e+01,4.007439e+01,4.007439e+01,4.007439e+01,4.007439e+01,4.007439e+01,4.007439e+01,4.007439e+01,4.007439e+01,4.007439e+01,4.007439e+01,4.007439e+01,4.007439e+01,4.007439e+01,4.007439e+01,4.007439e+01,4.007439e+01,4.007439e+01,4.007439e+01,4.007439e+01,4.007439e+01,4.007439e+01,4.007439e+01,4.007439e+01,4.007439e+01,4.007439e+01,4.007439e+01,4.007439e+01,4.007439e+01,4.007439e+01,4.007439e+01,4.007439e+01,4.007439e+01,4.007439e+01,4.007439e+01,4.007439e+01,4.007439e+01,4.007439e+01,4.007439e+01,4.007439e+01,4.007439e+01,4.007439e+01,4.007439e+01,4.007439e+01,4.007439e+01,4.007439e+01,3.952709e+01,3.967419e+01,3.967419e+01,3.967419e+01,3.967419e+01,3.967419e+01,3.967419e+01,3.967419e+01,3.967419e+01,3.967419e+01,3.967419e+01,3.967419e+01,3.967419e+01,3.912493e+01,3.927256e+01,3.927256e+01,3.927256e+01,3.927256e+01,3.927256e+01,3.927256e+01,3.927256e+01,3.927256e+01,3.927256e+01,3.927256e+01,3.927256e+01,3.927256e+01,3.927256e+01,3.927256e+01,3.927256e+01,3.927256e+01,3.927256e+01,3.927256e+01,3.927256e+01,3.927256e+01,3.927256e+01,3.927256e+01,3.927256e+01,3.927256e+01,3.927256e+01,3.927256e+01,3.927256e+01,3.927256e+01,3.927256e+01,3.982109e+01,3.978105e+01,3.978105e+01,3.978105e+01,3.978105e+01,3.978105e+01,3.978105e+01,3.978105e+01,3.978105e+01,3.978105e+01,3.978105e+01,3.978105e+01,3.978105e+01,3.978105e+01,3.978105e+01,3.978105e+01,3.978105e+01,4.032712e+01,4.018087e+01,4.018087e+01,4.018087e+01,4.018087e+01,4.018087e+01,4.018087e+01,4.056602e+01,4.056602e+01,4.056602e+01,4.056602e+01,4.056602e+01,4.110833e+01,4.080443e+01,4.101593e+01,4.104234e+01,4.104234e+01,4.104234e+01,4.104234e+01,4.104234e+01,4.104234e+01,4.104234e+01,4.104234e+01,4.158238e+01,4.127974e+01,4.127974e+01,4.127974e+01,4.127974e+01,4.127974e+01,4.127974e+01,4.127974e+01,4.127974e+01,4.127974e+01,4.127974e+01,4.127974e+01,4.127974e+01,4.127974e+01,4.127974e+01,4.127974e+01,4.127974e+01,4.127974e+01,4.127974e+01,4.127974e+01,4.127974e+01,4.127974e+01,4.127974e+01,4.127974e+01,4.127974e+01,4.121385e+01,4.091023e+01,4.091023e+01,4.091023e+01,4.091023e+01,4.091023e+01,4.091023e+01,4.091023e+01,4.091023e+01,4.091023e+01,4.091023e+01,4.091023e+01,4.091023e+01,4.091023e+01,4.091023e+01,4.091023e+01,4.091023e+01,4.091023e+01,4.091023e+01,4.091023e+01,4.091023e+01,4.091023e+01,4.091023e+01,4.145090e+01,4.130609e+01,4.130609e+01,4.130609e+01,4.130609e+01,4.130609e+01,4.130609e+01,4.130609e+01,4.130609e+01,4.130609e+01,4.130609e+01,4.130609e+01,4.130609e+01,4.162180e+01,4.162180e+01,4.162180e+01,4.162180e+01,4.162180e+01,4.162180e+01,4.162180e+01,4.162180e+01,4.162180e+01,4.162180e+01,4.162180e+01,4.162180e+01,4.162180e+01,4.162180e+01,4.162180e+01,4.162180e+01,4.162180e+01,4.162180e+01,4.130609e+01,4.130609e+01,4.130609e+01,4.130609e+01,4.130609e+01,4.130609e+01,4.130609e+01,4.130609e+01,4.130609e+01,4.130609e+01,4.130609e+01,4.130609e+01,4.130609e+01,4.130609e+01,4.130609e+01,4.130609e+01,4.130609e+01,4.130609e+01,4.130609e+01,4.130609e+01,4.130609e+01,4.130609e+01,4.130609e+01,4.130609e+01,4.130609e+01,4.130609e+01,4.184489e+01,4.170059e+01,4.170059e+01,4.170059e+01,4.170059e+01,4.170059e+01,4.170059e+01,4.170059e+01,4.170059e+01,4.170059e+01,4.170059e+01,4.170059e+01,4.170059e+01,4.170059e+01,4.170059e+01,4.170059e+01,4.170059e+01,4.170059e+01,4.170059e+01,4.170059e+01,4.170059e+01,4.170059e+01,4.170059e+01,4.170059e+01,4.170059e+01,4.170059e+01,4.170059e+01,4.125339e+01,4.125339e+01,4.125339e+01,4.125339e+01,4.125339e+01,4.125339e+01,4.125339e+01,4.125339e+01,4.125339e+01,4.125339e+01,4.092345e+01,4.092345e+01,4.092345e+01,4.092345e+01,4.092345e+01,4.092345e+01,4.092345e+01,4.045991e+01,4.045991e+01,4.045991e+01,4.045991e+01,4.100272e+01,4.069854e+01,4.069854e+01,4.069854e+01,4.069854e+01,4.069854e+01,4.069854e+01,4.069854e+01,4.069854e+01,4.069854e+01,4.069854e+01,4.069854e+01,4.069854e+01,4.069854e+01,4.069854e+01,4.069854e+01,4.069854e+01,4.069854e+01,4.069854e+01,4.069854e+01,4.069854e+01,4.069854e+01,4.069854e+01,4.069854e+01,4.069854e+01,4.069854e+01,4.069854e+01,4.069854e+01,4.069854e+01,4.069854e+01,4.069854e+01,4.069854e+01,4.069854e+01,4.069854e+01,4.069854e+01,4.069854e+01,4.069854e+01,4.069854e+01,4.069854e+01,4.069854e+01,4.069854e+01,4.069854e+01,4.069854e+01,4.124021e+01,4.109513e+01,4.109513e+01,4.109513e+01,4.109513e+01,4.109513e+01,4.163493e+01,4.149036e+01,4.149036e+01,4.149036e+01,4.202830e+01,4.204139e+01,4.204139e+01,4.204139e+01,4.204139e+01,4.257675e+01,4.251160e+01,4.251160e+01,4.304479e+01,4.296691e+01,4.297990e+01,4.297990e+01,4.351093e+01,4.352386e+01,4.351093e+01,4.351093e+01,4.403955e+01,4.407814e+01,4.407814e+01,4.407814e+01,4.460420e+01,4.461700e+01,4.457859e+01,4.492382e+01,4.492382e+01,4.544611e+01,4.545882e+01,4.597874e+01,4.583948e+01,4.583948e+01,4.618103e+01,4.618103e+01,4.669781e+01,4.682351e+01,4.713719e+01,4.736254e+01,4.758746e+01,4.791159e+01,4.819761e+01,4.852011e+01,4.890352e+01,4.937185e+01,4.966671e+01,5.016879e+01,5.071750e+01,5.114259e+01,5.150578e+01,5.198840e+01,5.243315e+01,5.292414e+01,5.349652e+01,5.379361e+01,5.423202e+01,5.472784e+01,5.543281e+01,5.544453e+01,5.581889e+01,5.621547e+01,5.654113e+01,5.694707e+01,5.736327e+01,5.768607e+01,5.793913e+01,5.806548e+01,5.828342e+01,5.866111e+01,5.882100e+01,5.917437e+01,5.964029e+01,5.985564e+01,5.981033e+01,6.018366e+01,6.039813e+01,6.069106e+01,6.088224e+01,6.106192e+01,6.088224e+01,6.114046e+01,6.114046e+01,6.155481e+01,6.145414e+01,6.177826e+01,6.203476e+01,6.249079e+01,6.236859e+01,6.254630e+01,6.259069e+01,6.271268e+01,6.284565e+01,6.284565e+01,6.284565e+01,6.284565e+01,6.284565e+01,6.284565e+01,6.300061e+01,6.325480e+01,6.325480e+01,6.325480e+01,6.325480e+01,6.325480e+01,6.325480e+01,6.325480e+01,6.325480e+01,6.325480e+01,6.325480e+01,6.325480e+01,6.325480e+01,6.325480e+01,6.287887e+01,6.287887e+01,6.287887e+01,6.287887e+01,6.287887e+01,6.287887e+01,6.287887e+01,6.287887e+01,6.287887e+01,6.287887e+01,6.287887e+01,6.253520e+01,6.229077e+01,6.232413e+01,6.221291e+01,6.147652e+01,6.159953e+01,6.159953e+01,6.159953e+01,6.119653e+01,6.119653e+01,6.073606e+01,6.052214e+01,6.000278e+01,5.959490e+01,5.920852e+01,5.892369e+01,5.845523e+01,5.761696e+01,5.735173e+01,5.703967e+01,5.668045e+01,5.581889e+01,5.566694e+01,5.551480e+01,5.529213e+01,5.486914e+01,5.418470e+01,5.417286e+01,5.398338e+01,5.360356e+01,5.327027e+01,5.306748e+01,5.269685e+01,5.248114e+01,5.236114e+01,5.214484e+01,5.186792e+01,5.167491e+01,5.142113e+01,5.122743e+01,5.104555e+01,5.104555e+01,5.054705e+01,5.047393e+01,5.047393e+01,4.997311e+01,4.996087e+01,4.996087e+01,4.945792e+01,4.947022e+01,4.947022e+01,4.947022e+01,4.913791e+01,4.913791e+01,4.913791e+01,4.863155e+01,4.863155e+01,4.863155e+01,4.863155e+01,4.812306e+01,4.816034e+01,4.816034e+01,4.816034e+01,4.816034e+01,4.764986e+01,4.764986e+01,4.764986e+01,4.764986e+01,4.764986e+01,4.764986e+01,4.764986e+01,4.764986e+01,4.764986e+01,4.764986e+01,4.713719e+01,4.712466e+01,4.718731e+01,4.724992e+01,4.724992e+01,4.724992e+01,4.724992e+01,4.724992e+01,4.724992e+01,4.724992e+01,4.724992e+01,4.724992e+01,4.724992e+01,4.724992e+01,4.724992e+01,4.724992e+01,4.724992e+01,4.724992e+01,4.724992e+01,4.724992e+01,4.724992e+01,4.724992e+01,4.724992e+01,4.724992e+01,4.724992e+01,4.724992e+01,4.724992e+01,4.724992e+01,4.724992e+01,4.724992e+01,4.724992e+01,4.724992e+01,4.724992e+01,4.724992e+01,4.724992e+01,4.724992e+01,4.724992e+01,4.762490e+01,4.762490e+01,4.762490e+01,4.762490e+01,4.793649e+01,4.793649e+01
3.872132e+01,3.872132e+01,3.872132e+01,3.872132e+01,3.872132e+01,3.872132e+01,3.872132e+01,3.872132e+01,3.872132e+01,3.872132e+01,3.872132e+01,3.927256e+01,3.927256e+01,3.927256e+01,3.927256e+01,3.872132e+01,3.903089e+01,3.903089e+01,3.903089e+01,3.903089e+01,3.903089e+01,3.903089e+01,3.903089e+01,3.958060e+01,3.943338e+01,3.943338e+01,3.943338e+01,3.943338e+01,3.943338e+01,3.943338e+01,3.943338e+01,3.943338e+01,3.943338e+01,3.943338e+01,3.943338e+01,3.943338e+01,3.943338e+01,3.943338e+01,3.943338e+01,3.943338e+01,3.943338e+01,3.998114e+01,3.983444e+01,3.983444e+01,3.983444e+01,3.983444e+01,3.983444e+01,3.983444e+01,3.983444e+01,3.983444e+01,3.983444e+01,3.983444e+01,3.983444e+01,3.983444e+01,3.983444e+01,3.983444e+01,3.983444e+01,3.983444e+01,3.983444e+01,3.983444e+01,3.983444e+01,3.983444e+01,3.983444e+01,3.983444e+01,3.983444e+01,3.983444e+01,3.983444e+01,3.983444e+01,3.983444e+01,3.983444e+01,3.983444e+01,3.983444e+01,3.983444e+01,3.983444e+01,3.983444e+01,3.983444e+01,3.983444e+01,3.983444e+01,3.983444e+01,3.983444e+01,3.983444e+01,3.983444e+01,3.983444e+01,3.983444e+01,3.983444e+01,3.983444e+01,3.983444e+01,3.983444e+01,3.983444e+01,3.983444e+01,3.983444e+01,3.983444e+01,3.983444e+01,3.983444e+01,3.983444e+01,3.983444e+01,3.983444e+01,3.983444e+01,3.983444e+01,3.983444e+01,3.983444e+01,3.983444e+01,3.983444e+01,3.983444e+01,3.983444e+01,3.983444e+01,3.983444e+01,3.983444e+01,3.983444e+01,3.983444e+01,3.983444e+01,3.983444e+01,3.983444e+01,3.983444e+01,3.983444e+01,3.983444e+01,3.983444e+01,3.983444e+01,3.983444e+01,3.983444e+01,3.983444e+01,3.983444e+01,3.983444e+01,3.983444e+01,3.928597e+01,3.943338e+01,3.943338e+01,3.943338e+01,3.943338e+01,3.943338e+01,3.943338e+01,3.943338e+01,3.943338e+01,3.943338e+01,3.943338e+01,3.943338e+01,3.943338e+01,3.943338e+01,3.943338e+01,3.943338e+01,3.943338e+01,3.943338e+01,3.943338e+01,3.943338e+01,3.943338e+01,3.943338e+01,3.943338e+01,3.943338e+01,3.943338e+01,3.943338e+01,3.943338e+01,3.943338e+01,3.943338e+01,3.943338e+01,3.943338e+01,3.943338e+01,3.943338e+01,3.943338e+01,3.943338e+01,3.943338e+01,3.943338e+01,3.943338e+01,3.943338e+01,3.943338e+01,3.943338e+01,3.978105e+01,3.978105e+01,3.978105e+01,3.978105e+01,3.978105e+01,3.978105e+01,3.978105e+01,3.978105e+01,4.032712e+01,4.024737e+01,4.026067e+01,4.026067e+01,4.026067e+01,4.026067e+01,4.026067e+01,4.026067e+01,4.026067e+01,4.026067e+01,4.026067e+01,4.056602e+01,4.056602e+01,4.110833e+01,4.098951e+01,4.084412e+01,4.084412e+01,4.084412e+01,4.084412e+01,4.084412e+01,4.084412e+01,4.084412e+01,4.138510e+01,4.124021e+01,4.145090e+01,4.138510e+01,4.131926e+01,4.131926e+01,4.131926e+01,4.131926e+01,4.131926e+01,4.131926e+01,4.131926e+01,4.131926e+01,4.131926e+01,4.131926e+01,4.131926e+01,4.131926e+01,4.131926e+01,4.131926e+01,4.131926e+01,4.131926e+01,4.131926e+01,4.131926e+01,4.131926e+01,4.131926e+01,4.131926e+01,4.131926e+01,4.131926e+01,4.131926e+01,4.077797e+01,4.081766e+01,4.135877e+01,4.105554e+01,4.105554e+01,4.105554e+01,4.105554e+01,4.105554e+01,4.105554e+01,4.105554e+01,4.105554e+01,4.105554e+01,4.105554e+01,4.105554e+01,4.105554e+01,4.105554e+01,4.105554e+01,4.105554e+01,4.105554e+01,4.105554e+01,4.105554e+01,4.105554e+01,4.105554e+01,4.105554e+01,4.105554e+01,4.105554e+01,4.159552e+01,4.145090e+01,4.145090e+01,4.145090e+01,4.145090e+01,4.145090e+01,4.145090e+01,4.145090e+01,4.145090e+01,4.145090e+01,4.145090e+01,4.145090e+01,4.145090e+01,4.145090e+01,4.145090e+01,4.145090e+01,4.145090e+01,4.145090e+01,4.145090e+01,4.145090e+01,4.145090e+01,4.145090e+01,4.145090e+01,4.145090e+01,4.145090e+01,4.145090e+01,4.145090e+01,4.145090e+01,4.145090e+01,4.145090e+01,4.145090e+01,4.145090e+01,4.145090e+01,4.145090e+01,4.145090e+01,4.145090e+01,4.145090e+01,4.145090e+01,4.145090e+01,4.145090e+01,4.145090e+01,4.145090e+01,4.145090e+01,4.145090e+01,4.145090e+01,4.145090e+01,4.145090e+01,4.145090e+01,4.145090e+01,4.145090e+01,4.145090e+01,4.145090e+01,4.145090e+01,4.145090e+01,4.184489e+01,4.184489e+01,4.184489e+01,4.184489e+01,4.184489e+01,4.184489e+01,4.184489e+01,4.184489e+01,4.184489e+01,4.184489e+01,4.184489e+01,4.184489e+01,4.184489e+01,4.184489e+01,4.184489e+01,4.184489e+01,4.184489e+01,4.184489e+01,4.184489e+01,4.184489e+01,4.184489e+01,4.184489e+01,4.184489e+01,4.184489e+01,4.184489e+01,4.184489e+01,4.184489e+01,4.125339e+01,4.125339e+01,4.125339e+01,4.125339e+01,4.125339e+01,4.125339e+01,4.125339e+01,4.125339e+01,4.125339e+01,4.125339e+01,4.125339e+01,4.125339e+01,4.125339e+01,4.092345e+01,4.092345e+01,4.092345e+01,4.092345e+01,4.092345e+01,4.092345e+01,4.092345e+01,4.092345e+01,4.038025e+01,4.042009e+01,4.056602e+01,4.056602e+01,4.056602e+01,4.056602e+01,4.056602e+01,4.056602e+01,4.056602e+01,4.056602e+01,4.056602e+01,4.056602e+01,4.056602e+01,4.056602e+01,4.056602e+01,4.056602e+01,4.056602e+01,4.056602e+01,4.056602e+01,4.056602e+01,4.056602e+01,4.056602e+01,4.056602e+01,4.056602e+01,4.056602e+01,4.056602e+01,4.056602e+01,4.056602e+01,4.056602e+01,4.056602e+01,4.056602e+01,4.056602e+01,4.056602e+01,4.056602e+01,4.056602e+01,4.110833e+01,4.096309e+01,4.096309e+01,4.096309e+01,4.096309e+01,4.096309e+01,4.096309e+01,4.096309e+01,4.096309e+01,4.096309e+01,4.150351e+01,4.135877e+01,4.135877e+01,4.135877e+01,4.135877e+01,4.135877e+01,4.189733e+01,4.191043e+01,4.189733e+01,4.189733e+01,4.189733e+01,4.243336e+01,4.244640e+01,4.244640e+01,4.244640e+01,4.297990e+01,4.297990e+01,4.297990e+01,4.297990e+01,4.297990e+01,4.351093e+01,4.351093e+01,4.351093e+01,4.351093e+01,4.403955e+01,4.403955e+01,4.403955e+01,4.456579e+01,4.454018e+01,4.454018e+01,4.454018e+01,4.492382e+01,4.512791e+01,4.531893e+01,4.553505e+01,4.585214e+01,4.585214e+01,4.585214e+01,4.618103e+01,4.638297e+01,4.657197e+01,4.683607e+01,4.709959e+01,4.736254e+01,4.772470e+01,4.794894e+01,4.823487e+01,4.855727e+01,4.902694e+01,4.931033e+01,4.972805e+01,5.024210e+01,5.079048e+01,5.108195e+01,5.106982e+01,5.212078e+01,5.250512e+01,5.299583e+01,5.343702e+01,5.384108e+01,5.381735e+01,5.488091e+01,5.531559e+01,5.545625e+01,5.592399e+01,5.615722e+01,5.658759e+01,5.700495e+01,5.730555e+01,5.719001e+01,5.745558e+01,5.784716e+01,5.824903e+01,5.851245e+01,5.879817e+01,5.925404e+01,5.952680e+01,5.952680e+01,5.981033e+01,6.007064e+01,6.040941e+01,6.065729e+01,6.065729e+01,6.065729e+01,6.111802e+01,6.112924e+01,6.130859e+01,6.144295e+01,6.156599e+01,6.181174e+01,6.167775e+01,6.194559e+01,6.220178e+01,6.220178e+01,6.220178e+01,6.271268e+01,6.271268e+01,6.271268e+01,6.271268e+01,6.271268e+01,6.271268e+01,6.271268e+01,6.300061e+01,6.276810e+01,6.302273e+01,6.314434e+01,6.314434e+01,6.269051e+01,6.294529e+01,6.306696e+01,6.306696e+01,6.306696e+01,6.306696e+01,6.306696e+01,6.306696e+01,6.306696e+01,6.306696e+01,6.306696e+01,6.306696e+01,6.261288e+01,6.273486e+01,6.273486e+01,6.273486e+01,6.273486e+01,6.273486e+01,6.273486e+01,6.273486e+01,6.227965e+01,6.229077e+01,6.229077e+01,6.183406e+01,6.153245e+01,6.153245e+01,6.153245e+01,6.153245e+01,6.119653e+01,6.101702e+01,6.084852e+01,6.045451e+01,5.994621e+01,5.953815e+01,5.879817e+01,5.862682e+01,5.826050e+01,5.766304e+01,5.736327e+01,5.701653e+01,5.657598e+01,5.593566e+01,5.566694e+01,5.518652e+01,5.517477e+01,5.481029e+01,5.430297e+01,5.381735e+01,5.380548e+01,5.356789e+01,5.331794e+01,5.298389e+01,5.274473e+01,5.248114e+01,5.198840e+01,5.197635e+01,5.142113e+01,5.145742e+01,5.145742e+01,5.096059e+01,5.109408e+01,5.089986e+01,5.066883e+01,5.066883e+01,5.016879e+01,5.009545e+01,5.009545e+01,5.009545e+01,4.996087e+01,4.967898e+01,4.917488e+01,4.916256e+01,4.915023e+01,4.915023e+01,4.864392e+01,4.869342e+01,4.869342e+01,4.869342e+01,4.818519e+01,4.818519e+01,4.818519e+01,4.818519e+01,4.818519e+01,4.818519e+01,4.764986e+01,4.764986e+01,4.764986e+01,4.764986e+01,4.764986e+01,4.764986e+01,4.764986e+01,4.764986e+01,4.764986e+01,4.713719e+01,4.719983e+01,4.719983e+01,4.719983e+01,4.719983e+01,4.719983e+01,4.719983e+01,4.719983e+01,4.719983e+01,4.719983e+01,4.719983e+01,4.719983e+01,4.719983e+01,4.719983e+01,4.719983e+01,4.719983e+01,4.719983e+01,4.719983e+01,4.719983e+01,4.719983e+01,4.719983e+01,4.719983e+01,4.719983e+01,4.719983e+01,4.719983e+01,4.719983e+01,4.719983e+01,4.719983e+01,4.719983e+01,4.719983e+01,4.719983e+01,4.719983e+01,4.719983e+01,4.719983e+01,4.719983e+01,4.719983e+01,4.719983e+01,4.771223e+01,4.767481e+01,4.767481e+01,4.767481e+01,4.767481e+01,4.793649e+01,4.793649e+01
3.872132e+01,3.872132e+01,3.872132e+01,3.872132e+01,3.872132e+01,3.872132e+01,3.872132e+01,3.872132e+01,3.872132e+01,3.872132e+01,3.872132e+01,3.927256e+01,3.927256e+01,3.927256e+01,3.872132e+01,3.884256e+01,3.899056e+01,3.899056e+01,3.899056e+01,3.899056e+01,3.899056e+01,3.899056e+01,3.899056e+01,3.903089e+01,3.933960e+01,3.933960e+01,3.933960e+01,3.933960e+01,3.933960e+01,3.933960e+01,3.933960e+01,3.933960e+01,3.933960e+01,3.933960e+01,3.933960e+01,3.933960e+01,3.933960e+01,3.933960e+01,3.933960e+01,3.933960e+01,3.988781e+01,3.991448e+01,3.991448e+01,3.991448e+01,3.991448e+01,3.991448e+01,3.991448e+01,3.991448e+01,3.991448e+01,3.991448e+01,3.991448e+01,3.991448e+01,3.991448e+01,3.991448e+01,3.991448e+01,3.991448e+01,3.991448e+01,3.991448e+01,3.991448e+01,3.991448e+01,3.991448e+01,3.991448e+01,3.991448e+01,3.991448e+01,3.991448e+01,3.991448e+01,3.991448e+01,3.991448e+01,3.991448e+01,3.991448e+01,3.991448e+01,3.991448e+01,3.991448e+01,3.991448e+01,3.991448e+01,3.991448e+01,3.991448e+01,3.991448e+01,3.991448e+01,3.991448e+01,3.991448e+01,3.991448e+01,3.991448e+01,3.991448e+01,3.991448e+01,3.991448e+01,3.991448e+01,3.991448e+01,3.991448e+01,3.991448e+01,3.991448e+01,3.991448e+01,3.991448e+01,3.991448e+01,3.991448e+01,3.991448e+01,3.991448e+01,3.991448e+01,3.991448e+01,3.991448e+01,3.991448e+01,3.991448e+01,3.991448e+01,3.991448e+01,3.991448e+01,3.991448e+01,3.991448e+01,3.991448e+01,3.991448e+01,3.991448e+01,3.991448e+01,3.991448e+01,3.991448e+01,3.991448e+01,3.991448e+01,3.991448e+01,3.991448e+01,3.991448e+01,3.991448e+01,3.991448e+01,3.991448e+01,3.991448e+01,3.991448e+01,3.991448e+01,3.983444e+01,3.952709e+01,3.952709e+01,3.952709e+01,3.952709e+01,3.952709e+01,3.952709e+01,3.952709e+01,3.952709e+01,3.952709e+01,3.952709e+01,3.952709e+01,3.952709e+01,3.952709e+01,3.952709e+01,3.897711e+01,3.928597e+01,3.928597e+01,3.928597e+01,3.928597e+01,3.928597e+01,3.928597e+01,3.928597e+01,3.928597e+01,3.928597e+01,3.928597e+01,3.928597e+01,3.928597e+01,3.928597e+01,3.928597e+01,3.928597e+01,3.928597e+01,3.928597e+01,3.928597e+01,3.928597e+01,3.983444e+01,3.968755e+01,3.968755e+01,3.968755e+01,3.968755e+01,3.968755e+01,3.968755e+01,3.968755e+01,3.968755e+01,3.968755e+01,3.968755e+01,4.023407e+01,3.992781e+01,4.014095e+01,4.019417e+01,4.019417e+01,4.019417e+01,4.019417e+01,4.019417e+01,4.019417e+01,4.019417e+01,4.019417e+01,4.019417e+01,4.073826e+01,4.069854e+01,4.065880e+01,4.087056e+01,4.043336e+01,4.073826e+01,4.073826e+01,4.073826e+01,4.127974e+01,4.097630e+01,4.097630e+01,4.151666e+01,4.143774e+01,4.137194e+01,4.137194e+01,4.137194e+01,4.137194e+01,4.137194e+01,4.137194e+01,4.137194e+01,4.137194e+01,4.137194e+01,4.191043e+01,4.160866e+01,4.146405e+01,4.146405e+01,4.146405e+01,4.146405e+01,4.146405e+01,4.146405e+01,4.146405e+01,4.146405e+01,4.146405e+01,4.146405e+01,4.146405e+01,4.146405e+01,4.146405e+01,4.146405e+01,4.146405e+01,4.146405e+01,4.146405e+01,4.131926e+01,4.124021e+01,4.116110e+01,4.109513e+01,4.109513e+01,4.109513e+01,4.109513e+01,4.109513e+01,4.109513e+01,4.109513e+01,4.109513e+01,4.109513e+01,4.109513e+01,4.109513e+01,4.109513e+01,4.109513e+01,4.109513e+01,4.109513e+01,4.109513e+01,4.109513e+01,4.109513e+01,4.109513e+01,4.109513e+01,4.109513e+01,4.163493e+01,4.155610e+01,4.152981e+01,4.152981e+01,4.152981e+01,4.152981e+01,4.152981e+01,4.152981e+01,4.152981e+01,4.152981e+01,4.152981e+01,4.152981e+01,4.152981e+01,4.152981e+01,4.152981e+01,4.152981e+01,4.152981e+01,4.152981e+01,4.152981e+01,4.152981e+01,4.152981e+01,4.152981e+01,4.152981e+01,4.152981e+01,4.152981e+01,4.152981e+01,4.152981e+01,4.152981e+01,4.152981e+01,4.152981e+01,4.152981e+01,4.152981e+01,4.152981e+01,4.152981e+01,4.152981e+01,4.152981e+01,4.152981e+01,4.152981e+01,4.152981e+01,4.152981e+01,4.152981e+01,4.152981e+01,4.152981e+01,4.152981e+01,4.152981e+01,4.152981e+01,4.152981e+01,4.152981e+01,4.152981e+01,4.152981e+01,4.152981e+01,4.152981e+01,4.152981e+01,4.152981e+01,4.152981e+01,4.152981e+01,4.152981e+01,4.152981e+01,4.152981e+01,4.184489e+01,4.184489e+01,4.184489e+01,4.184489e+01,4.184489e+01,4.184489e+01,4.184489e+01,4.184489e+01,4.184489e+01,4.184489e+01,4.184489e+01,4.184489e+01,4.184489e+01,4.184489e+01,4.184489e+01,4.184489e+01,4.184489e+01,4.184489e+01,4.184489e+01,4.184489e+01,4.184489e+01,4.184489e+01,4.184489e+01,4.184489e+01,4.184489e+01,4.179244e+01,4.149036e+01,4.149036e+01,4.149036e+01,4.149036e+01,4.149036e+01,4.149036e+01,4.149036e+01,4.149036e+01,4.094987e+01,4.109513e+01,4.094987e+01,4.093666e+01,4.093666e+01,4.093666e+01,4.093666e+01,4.093666e+01,4.093666e+01,4.093666e+01,4.093666e+01,4.093666e+01,4.093666e+01,4.093666e+01,4.093666e+01,4.093666e+01,4.093666e+01,4.093666e+01,4.093666e+01,4.093666e+01,4.056602e+01,4.056602e+01,4.110833e+01,4.080443e+01,4.080443e+01,4.080443e+01,4.080443e+01,4.080443e+01,4.080443e+01,4.080443e+01,4.080443e+01,4.080443e+01,4.080443e+01,4.080443e+01,4.080443e+01,4.080443e+01,4.080443e+01,4.080443e+01,4.080443e+01,4.080443e+01,4.080443e+01,4.080443e+01,4.080443e+01,4.080443e+01,4.080443e+01,4.080443e+01,4.080443e+01,4.080443e+01,4.080443e+01,4.080443e+01,4.080443e+01,4.134560e+01,4.120066e+01,4.120066e+01,4.120066e+01,4.120066e+01,4.120066e+01,4.120066e+01,4.120066e+01,4.173996e+01,4.159552e+01,4.180556e+01,4.183178e+01,4.183178e+01,4.183178e+01,4.183178e+01,4.236813e+01,4.236813e+01,4.236813e+01,4.236813e+01,4.236813e+01,4.297990e+01,4.297990e+01,4.297990e+01,4.297990e+01,4.351093e+01,4.344630e+01,4.344630e+01,4.344630e+01,4.397522e+01,4.397522e+01,4.397522e+01,4.450174e+01,4.450174e+01,4.450174e+01,4.502591e+01,4.498763e+01,4.494934e+01,4.494934e+01,4.531893e+01,4.567467e+01,4.581414e+01,4.581414e+01,4.633251e+01,4.629466e+01,4.629466e+01,4.657197e+01,4.687376e+01,4.713719e+01,4.740005e+01,4.768728e+01,4.804847e+01,4.827211e+01,4.866867e+01,4.897758e+01,4.937185e+01,4.978936e+01,5.030315e+01,5.024210e+01,5.104555e+01,5.123954e+01,5.156621e+01,5.213282e+01,5.261301e+01,5.353221e+01,5.372237e+01,5.391225e+01,5.445656e+01,5.466891e+01,5.511606e+01,5.586562e+01,5.580721e+01,5.622711e+01,5.655275e+01,5.686598e+01,5.706281e+01,5.743251e+01,5.787016e+01,5.819170e+01,5.848957e+01,5.887806e+01,5.919714e+01,5.943594e+01,5.956086e+01,5.984431e+01,6.010455e+01,6.044324e+01,6.062352e+01,6.062352e+01,6.062352e+01,6.065729e+01,6.092718e+01,6.092718e+01,6.144295e+01,6.168892e+01,6.177826e+01,6.180058e+01,6.197904e+01,6.216839e+01,6.216839e+01,6.216839e+01,6.216839e+01,6.225740e+01,6.251300e+01,6.251300e+01,6.251300e+01,6.251300e+01,6.251300e+01,6.254630e+01,6.307802e+01,6.261288e+01,6.298954e+01,6.281242e+01,6.285672e+01,6.291208e+01,6.291208e+01,6.291208e+01,6.291208e+01,6.291208e+01,6.291208e+01,6.291208e+01,6.291208e+01,6.291208e+01,6.291208e+01,6.291208e+01,6.291208e+01,6.245747e+01,6.257959e+01,6.257959e+01,6.257959e+01,6.257959e+01,6.257959e+01,6.212386e+01,6.217952e+01,6.172243e+01,6.178942e+01,6.164424e+01,6.156599e+01,6.156599e+01,6.110681e+01,6.114046e+01,6.117410e+01,6.071356e+01,6.070231e+01,5.994621e+01,5.969699e+01,5.934502e+01,5.891229e+01,5.861538e+01,5.815729e+01,5.772060e+01,5.738636e+01,5.645979e+01,5.620382e+01,5.586562e+01,5.554993e+01,5.530386e+01,5.468070e+01,5.450378e+01,5.410184e+01,5.393596e+01,5.393596e+01,5.356789e+01,5.328218e+01,5.301972e+01,5.263697e+01,5.236114e+01,5.210876e+01,5.190408e+01,5.154205e+01,5.154205e+01,5.104555e+01,5.102128e+01,5.102128e+01,5.102128e+01,5.066883e+01,5.047393e+01,5.029094e+01,5.029094e+01,4.978936e+01,4.992413e+01,4.977710e+01,4.955622e+01,4.929802e+01,4.929802e+01,4.929802e+01,4.879233e+01,4.877997e+01,4.877997e+01,4.877997e+01,4.827211e+01,4.824728e+01,4.824728e+01,4.824728e+01,4.824728e+01,4.773717e+01,4.781195e+01,4.778703e+01,4.778703e+01,4.778703e+01,4.778703e+01,4.778703e+01,4.778703e+01,4.727495e+01,4.741256e+01,4.721236e+01,4.771223e+01,4.742506e+01,4.742506e+01,4.742506e+01,4.742506e+01,4.742506e+01,4.691143e+01,4.704945e+01,4.704945e+01,4.704945e+01,4.704945e+01,4.704945e+01,4.704945e+01,4.704945e+01,4.704945e+01,4.704945e+01,4.704945e+01,4.704945e+01,4.704945e+01,4.704945e+01,4.704945e+01,4.704945e+01,4.704945e+01,4.704945e+01,4.704945e+01,4.704945e+01,4.704945e+01,4.704945e+01,4.704945e+01,4.704945e+01,4.704945e+01,4.704945e+01,4.704945e+01,4.704945e+01,4.756248e+01,4.742506e+01,4.762490e+01,4.763738e+01,4.763738e+01,4.763738e+01,4.763738e+01,4.763738e+01,4.793649e+01,4.793649e+01
3.872132e+01,3.872132e+01,3.872132e+01,3.872132e+01,3.872132e+01,3.872132e+01,3.872132e+01,3.872132e+01,3.872132e+01,3.872132e+01,3.872132e+01,3.872132e+01,3.927256e+01,3.905777e+01,3.885602e+01,3.940659e+01,3.909807e+01,3.909807e+01,3.909807e+01,3.909807e+01,3.909807e+01,3.909807e+01,3.909807e+01,3.909807e+01,3.909807e+01,3.909807e+01,3.909807e+01,3.909807e+01,3.964746e+01,3.950032e+01,3.950032e+01,3.950032e+01,3.950032e+01,3.950032e+01,3.950032e+01,3.950032e+01,3.950032e+01,3.950032e+01,3.950032e+01,3.950032e+01,3.950032e+01,3.950032e+01,3.950032e+01,3.950032e+01,3.950032e+01,3.950032e+01,3.950032e+01,3.950032e+01,3.950032e+01,3.950032e+01,3.950032e+01,3.950032e+01,3.991448e+01,3.991448e+01,3.991448e+01,3.991448e+01,3.991448e+01,3.991448e+01,3.991448e+01,3.991448e+01,3.991448e+01,3.991448e+01,3.991448e+01,3.991448e+01,3.991448e+01,3.991448e+01,3.991448e+01,3.991448e+01,3.991448e+01,3.991448e+01,3.991448e+01,3.991448e+01,3.991448e+01,3.991448e+01,3.991448e+01,3.991448e+01,3.991448e+01,3.991448e+01,3.991448e+01,3.991448e+01,3.991448e+01,3.991448e+01,3.991448e+01,3.991448e+01,3.991448e+01,3.991448e+01,3.991448e+01,3.991448e+01,3.991448e+01,3.991448e+01,3.991448e+01,3.991448e+01,3.991448e+01,3.991448e+01,3.991448e+01,3.991448e+01,3.991448e+01,3.991448e+01,3.991448e+01,3.991448e+01,3.991448e+01,3.991448e+01,3.991448e+01,3.991448e+01,3.991448e+01,3.991448e+01,3.991448e+01,3.991448e+01,3.991448e+01,3.991448e+01,3.991448e+01,3.991448e+01,3.991448e+01,3.991448e+01,3.991448e+01,3.991448e+01,3.991448e+01,3.991448e+01,3.991448e+01,3.991448e+01,3.936640e+01,3.967419e+01,3.967419e+01,3.967419e+01,3.967419e+01,3.967419e+01,3.967419e+01,3.967419e+01,3.967419e+01,3.912493e+01,3.927256e+01,3.927256e+01,3.927256e+01,3.927256e+01,3.927256e+01,3.927256e+01,3.927256e+01,3.927256e+01,3.927256e+01,3.927256e+01,3.927256e+01,3.927256e+01,3.927256e+01,3.927256e+01,3.927256e+01,3.927256e+01,3.927256e+01,3.927256e+01,3.927256e+01,3.927256e+01,3.927256e+01,3.927256e+01,3.927256e+01,3.927256e+01,3.927256e+01,3.927256e+01,3.927256e+01,3.927256e+01,3.927256e+01,3.927256e+01,3.927256e+01,3.968755e+01,3.968755e+01,3.968755e+01,3.968755e+01,3.968755e+01,3.968755e+01,3.968755e+01,3.968755e+01,3.968755e+01,3.968755e+01,4.023407e+01,4.008770e+01,4.008770e+01,4.008770e+01,4.008770e+01,4.008770e+01,4.008770e+01,4.008770e+01,4.008770e+01,4.008770e+01,4.063230e+01,4.065880e+01,4.065880e+01,4.065880e+01,4.065880e+01,4.065880e+01,4.065880e+01,4.120066e+01,4.112152e+01,4.108194e+01,4.101593e+01,4.122703e+01,4.138510e+01,4.138510e+01,4.138510e+01,4.138510e+01,4.138510e+01,4.138510e+01,4.138510e+01,4.138510e+01,4.138510e+01,4.138510e+01,4.138510e+01,4.138510e+01,4.138510e+01,4.138510e+01,4.138510e+01,4.138510e+01,4.138510e+01,4.138510e+01,4.138510e+01,4.138510e+01,4.138510e+01,4.138510e+01,4.138510e+01,4.138510e+01,4.138510e+01,4.138510e+01,4.138510e+01,4.138510e+01,4.138510e+01,4.138510e+01,4.138510e+01,4.138510e+01,4.138510e+01,4.138510e+01,4.138510e+01,4.138510e+01,4.138510e+01,4.138510e+01,4.138510e+01,4.138510e+01,4.138510e+01,4.138510e+01,4.138510e+01,4.138510e+01,4.138510e+01,4.138510e+01,4.138510e+01,4.138510e+01,4.138510e+01,4.138510e+01,4.138510e+01,4.138510e+01,4.138510e+01,4.138510e+01,4.138510e+01,4.138510e+01,4.138510e+01,4.138510e+01,4.138510e+01,4.138510e+01,4.138510e+01,4.192353e+01,4.177932e+01,4.177932e+01,4.177932e+01,4.177932e+01,4.177932e+01,4.177932e+01,4.177932e+01,4.177932e+01,4.177932e+01,4.177932e+01,4.177932e+01,4.177932e+01,4.177932e+01,4.177932e+01,4.177932e+01,4.177932e+01,4.177932e+01,4.177932e+01,4.177932e+01,4.177932e+01,4.177932e+01,4.177932e+01,4.177932e+01,4.177932e+01,4.177932e+01,4.124021e+01,4.138510e+01,4.138510e+01,4.138510e+01,4.138510e+01,4.138510e+01,4.138510e+01,4.138510e+01,4.138510e+01,4.138510e+01,4.138510e+01,4.138510e+01,4.138510e+01,4.138510e+01,4.138510e+01,4.138510e+01,4.138510e+01,4.138510e+01,4.192353e+01,4.177932e+01,4.177932e+01,4.177932e+01,4.177932e+01,4.177932e+01,4.177932e+01,4.177932e+01,4.177932e+01,4.177932e+01,4.177932e+01,4.177932e+01,4.177932e+01,4.177932e+01,4.177932e+01,4.177932e+01,4.177932e+01,4.231591e+01,4.201521e+01,4.201521e+01,4.201521e+01,4.201521e+01,4.201521e+01,4.201521e+01,4.201521e+01,4.201521e+01,4.201521e+01,4.201521e+01,4.201521e+01,4.201521e+01,4.201521e+01,4.147721e+01,4.162180e+01,4.146405e+01,4.149036e+01,4.149036e+01,4.149036e+01,4.149036e+01,4.149036e+01,4.149036e+01,4.149036e+01,4.149036e+01,4.149036e+01,4.149036e+01,4.094987e+01,4.094987e+01,4.094987e+01,4.094987e+01,4.094987e+01,4.094987e+01,4.094987e+01,4.094987e+01,4.094987e+01,4.094987e+01,4.094987e+01,4.094987e+01,4.094987e+01,4.094987e+01,4.094987e+01,4.094987e+01,4.094987e+01,4.094987e+01,4.094987e+01,4.094987e+01,4.094987e+01,4.094987e+01,4.094987e+01,4.094987e+01,4.094987e+01,4.094987e+01,4.094987e+01,4.094987e+01,4.094987e+01,4.094987e+01,4.094987e+01,4.094987e+01,4.094987e+01,4.094987e+01,4.094987e+01,4.094987e+01,4.094987e+01,4.094987e+01,4.094987e+01,4.094987e+01,4.094987e+01,4.094987e+01,4.094987e+01,4.094987e+01,4.094987e+01,4.094987e+01,4.094987e+01,4.094987e+01,4.094987e+01,4.094987e+01,4.094987e+01,4.094987e+01,4.094987e+01,4.149036e+01,4.134560e+01,4.134560e+01,4.134560e+01,4.134560e+01,4.188422e+01,4.173996e+01,4.173996e+01,4.173996e+01,4.227673e+01,4.219834e+01,4.222448e+01,4.222448e+01,4.222448e+01,4.275899e+01,4.277200e+01,4.283701e+01,4.283701e+01,4.283701e+01,4.283701e+01,4.351093e+01,4.351093e+01,4.351093e+01,4.351093e+01,4.351093e+01,4.397522e+01,4.418097e+01,4.437354e+01,4.437354e+01,4.437354e+01,4.450174e+01,4.479607e+01,4.479607e+01,4.531893e+01,4.547152e+01,4.563661e+01,4.563661e+01,4.615576e+01,4.619366e+01,4.619366e+01,4.671038e+01,4.684864e+01,4.702436e+01,4.717478e+01,4.743756e+01,4.772470e+01,4.801115e+01,4.838377e+01,4.870578e+01,4.901460e+01,4.949480e+01,4.985064e+01,5.018102e+01,5.037637e+01,5.092415e+01,5.126377e+01,5.168699e+01,5.219294e+01,5.267290e+01,5.292414e+01,5.338940e+01,5.373425e+01,5.464534e+01,5.485738e+01,5.517477e+01,5.574878e+01,5.593566e+01,5.616887e+01,5.652952e+01,5.680803e+01,5.714378e+01,5.754782e+01,5.781266e+01,5.816876e+01,5.858108e+01,5.882100e+01,5.917437e+01,5.937912e+01,5.964029e+01,5.941322e+01,5.981033e+01,6.010455e+01,6.040941e+01,6.040941e+01,6.040941e+01,6.065729e+01,6.089347e+01,6.107314e+01,6.092718e+01,6.118531e+01,6.153245e+01,6.167775e+01,6.167775e+01,6.167775e+01,6.216839e+01,6.216839e+01,6.216839e+01,6.216839e+01,6.216839e+01,6.216839e+01,6.251300e+01,6.251300e+01,6.251300e+01,6.251300e+01,6.251300e+01,6.251300e+01,6.251300e+01,6.251300e+01,6.251300e+01,6.251300e+01,6.251300e+01,6.251300e+01,6.251300e+01,6.251300e+01,6.251300e+01,6.251300e+01,6.251300e+01,6.251300e+01,6.251300e+01,6.251300e+01,6.251300e+01,6.251300e+01,6.251300e+01,6.251300e+01,6.251300e+01,6.251300e+01,6.251300e+01,6.251300e+01,6.217952e+01,6.183406e+01,6.183406e+01,6.137579e+01,6.149889e+01,6.131980e+01,6.123016e+01,6.076981e+01,6.087100e+01,6.083728e+01,6.064603e+01,6.001409e+01,5.974234e+01,5.927679e+01,5.898071e+01,5.809991e+01,5.784716e+01,5.717846e+01,5.700495e+01,5.630860e+01,5.618052e+01,5.584226e+01,5.552652e+01,5.517477e+01,5.479851e+01,5.443294e+01,5.422019e+01,5.393596e+01,5.379361e+01,5.354411e+01,5.325835e+01,5.299583e+01,5.261301e+01,5.233712e+01,5.214484e+01,5.179558e+01,5.157830e+01,5.138484e+01,5.116683e+01,5.116683e+01,5.066883e+01,5.065665e+01,5.068100e+01,5.018102e+01,5.031536e+01,5.011990e+01,4.991189e+01,4.991189e+01,4.940875e+01,4.939645e+01,4.933494e+01,4.933494e+01,4.882941e+01,4.886647e+01,4.886647e+01,4.835897e+01,4.843337e+01,4.840858e+01,4.840858e+01,4.840858e+01,4.840858e+01,4.789914e+01,4.787424e+01,4.787424e+01,4.787424e+01,4.787424e+01,4.787424e+01,4.787424e+01,4.787424e+01,4.736254e+01,4.735003e+01,4.735003e+01,4.735003e+01,4.735003e+01,4.735003e+01,4.735003e+01,4.735003e+01,4.735003e+01,4.683607e+01,4.691143e+01,4.691143e+01,4.691143e+01,4.691143e+01,4.691143e+01,4.691143e+01,4.691143e+01,4.691143e+01,4.691143e+01,4.691143e+01,4.691143e+01,4.691143e+01,4.691143e+01,4.691143e+01,4.691143e+01,4.691143e+01,4.691143e+01,4.691143e+01,4.691143e+01,4.691143e+01,4.691143e+01,4.691143e+01,4.691143e+01,4.691143e+01,4.742506e+01,4.728747e+01,4.728747e+01,4.728747e+01,4.728747e+01,4.728747e+01,4.728747e+01,4.728747e+01,4.728747e+01,4.763738e+01,4.763738e+01,4.763738e+01,4.793649e+01,4.793649e+01
3.872132e+01,3.872132e+01,3.872132e+01,3.872132e+01,3.872132e+01,3.872132e+01,3.872132e+01,3.872132e+01,3.872132e+01,3.872132e+01,3.872132e+01,3.872132e+01,3.927256e+01,3.927256e+01,3.927256e+01,3.927256e+01,3.927256e+01,3.927256e+01,3.927256e+01,3.927256e+01,3.927256e+01,3.927256e+01,3.927256e+01,3.927256e+01,3.927256e+01,3.927256e+01,3.927256e+01,3.927256e+01,3.927256e+01,3.927256e+01,3.927256e+01,3.927256e+01,3.927256e+01,3.927256e+01,3.927256e+01,3.982109e+01,3.967419e+01,3.967419e+01,3.967419e+01,3.967419e+01,3.967419e+01,3.967419e+01,3.967419e+01,3.967419e+01,3.967419e+01,3.967419e+01,3.967419e+01,3.967419e+01,3.967419e+01,3.967419e+01,3.967419e+01,3.967419e+01,3.967419e+01,3.967419e+01,3.967419e+01,3.967419e+01,3.967419e+01,3.967419e+01,3.967419e+01,3.967419e+01,3.967419e+01,3.967419e+01,3.967419e+01,3.967419e+01,3.967419e+01,3.967419e+01,3.967419e+01,3.967419e+01,3.967419e+01,3.967419e+01,4.022078e+01,4.007439e+01,4.007439e+01,4.007439e+01,4.007439e+01,4.007439e+01,4.007439e+01,4.007439e+01,4.007439e+01,4.007439e+01,4.007439e+01,4.007439e+01,4.007439e+01,4.007439e+01,4.007439e+01,4.007439e+01,4.007439e+01,4.007439e+01,4.007439e+01,4.007439e+01,4.007439e+01,4.007439e+01,4.007439e+01,4.007439e+01,4.007439e+01,4.007439e+01,4.007439e+01,4.007439e+01,4.007439e+01,4.007439e+01,4.007439e+01,4.007439e+01,4.007439e+01,4.007439e+01,4.007439e+01,4.007439e+01,4.007439e+01,4.007439e+01,4.007439e+01,4.007439e+01,4.007439e+01,4.007439e+01,4.007439e+01,4.007439e+01,4.007439e+01,3.952709e+01,3.967419e+01,3.967419e+01,3.967419e+01,3.967419e+01,3.967419e+01,3.967419e+01,3.967419e+01,3.967419e+01,3.967419e+01,3.967419e+01,3.967419e+01,3.912493e+01,3.920548e+01,3.920548e+01,3.920548e+01,3.920548e+01,3.920548e+01,3.920548e+01,3.920548e+01,3.975434e+01,3.944677e+01,3.944677e+01,3.944677e+01,3.944677e+01,3.944677e+01,3.944677e+01,3.944677e+01,3.944677e+01,3.944677e+01,3.944677e+01,3.944677e+01,3.944677e+01,3.944677e+01,3.944677e+01,3.944677e+01,3.944677e+01,3.944677e+01,3.944677e+01,3.944677e+01,3.944677e+01,3.944677e+01,3.944677e+01,3.944677e+01,3.944677e+01,3.944677e+01,3.944677e+01,3.944677e+01,3.944677e+01,3.944677e+01,3.944677e+01,3.944677e+01,3.999446e+01,3.984778e+01,3.984778e+01,3.984778e+01,3.984778e+01,3.984778e+01,3.984778e+01,3.984778e+01,4.039353e+01,4.024737e+01,4.024737e+01,4.024737e+01,4.079120e+01,4.016756e+01,4.049971e+01,4.049971e+01,4.049971e+01,4.104234e+01,4.089701e+01,4.089701e+01,4.089701e+01,4.089701e+01,4.089701e+01,4.089701e+01,4.089701e+01,4.122703e+01,4.122703e+01,4.122703e+01,4.122703e+01,4.122703e+01,4.122703e+01,4.122703e+01,4.122703e+01,4.176620e+01,4.162180e+01,4.162180e+01,4.162180e+01,4.162180e+01,4.162180e+01,4.162180e+01,4.162180e+01,4.162180e+01,4.162180e+01,4.162180e+01,4.162180e+01,4.162180e+01,4.162180e+01,4.162180e+01,4.162180e+01,4.162180e+01,4.162180e+01,4.162180e+01,4.162180e+01,4.162180e+01,4.162180e+01,4.162180e+01,4.162180e+01,4.162180e+01,4.162180e+01,4.108194e+01,4.122703e+01,4.122703e+01,4.122703e+01,4.122703e+01,4.122703e+01,4.122703e+01,4.122703e+01,4.122703e+01,4.122703e+01,4.122703e+01,4.122703e+01,4.122703e+01,4.122703e+01,4.122703e+01,4.122703e+01,4.122703e+01,4.122703e+01,4.122703e+01,4.122703e+01,4.122703e+01,4.122703e+01,4.122703e+01,4.122703e+01,4.122703e+01,4.176620e+01,4.162180e+01,4.183178e+01,4.184489e+01,4.184489e+01,4.184489e+01,4.184489e+01,4.184489e+01,4.184489e+01,4.184489e+01,4.184489e+01,4.184489e+01,4.184489e+01,4.184489e+01,4.184489e+01,4.184489e+01,4.184489e+01,4.184489e+01,4.184489e+01,4.184489e+01,4.184489e+01,4.184489e+01,4.184489e+01,4.184489e+01,4.184489e+01,4.184489e+01,4.184489e+01,4.130609e+01,4.139826e+01,4.138510e+01,4.138510e+01,4.138510e+01,4.192353e+01,4.162180e+01,4.162180e+01,4.162180e+01,4.162180e+01,4.162180e+01,4.162180e+01,4.162180e+01,4.162180e+01,4.162180e+01,4.162180e+01,4.162180e+01,4.162180e+01,4.162180e+01,4.162180e+01,4.162180e+01,4.162180e+01,4.162180e+01,4.162180e+01,4.215912e+01,4.201521e+01,4.201521e+01,4.201521e+01,4.201521e+01,4.201521e+01,4.201521e+01,4.201521e+01,4.201521e+01,4.201521e+01,4.201521e+01,4.201521e+01,4.201521e+01,4.201521e+01,4.201521e+01,4.201521e+01,4.201521e+01,4.201521e+01,4.201521e+01,4.201521e+01,4.201521e+01,4.201521e+01,4.201521e+01,4.201521e+01,4.201521e+01,4.201521e+01,4.201521e+01,4.201521e+01,4.201521e+01,4.146405e+01,4.200212e+01,4.170059e+01,4.170059e+01,4.170059e+01,4.170059e+01,4.170059e+01,4.170059e+01,4.116110e+01,4.130609e+01,4.109513e+01,4.109513e+01,4.109513e+01,4.109513e+01,4.109513e+01,4.109513e+01,4.109513e+01,4.109513e+01,4.109513e+01,4.109513e+01,4.109513e+01,4.109513e+01,4.109513e+01,4.109513e+01,4.109513e+01,4.109513e+01,4.109513e+01,4.055276e+01,4.069854e+01,4.069854e+01,4.069854e+01,4.069854e+01,4.069854e+01,4.069854e+01,4.069854e+01,4.069854e+01,4.069854e+01,4.069854e+01,4.069854e+01,4.069854e+01,4.069854e+01,4.069854e+01,4.069854e+01,4.069854e+01,4.069854e+01,4.069854e+01,4.069854e+01,4.069854e+01,4.069854e+01,4.069854e+01,4.069854e+01,4.069854e+01,4.069854e+01,4.069854e+01,4.069854e+01,4.124021e+01,4.109513e+01,4.109513e+01,4.109513e+01,4.109513e+01,4.109513e+01,4.109513e+01,4.109513e+01,4.109513e+01,4.109513e+01,4.163493e+01,4.149036e+01,4.149036e+01,4.149036e+01,4.149036e+01,4.202830e+01,4.188422e+01,4.209373e+01,4.213297e+01,4.213297e+01,4.213297e+01,4.213297e+01,4.266791e+01,4.268092e+01,4.268092e+01,4.268092e+01,4.321333e+01,4.307073e+01,4.327810e+01,4.343337e+01,4.343337e+01,4.343337e+01,4.396235e+01,4.387220e+01,4.383355e+01,4.418097e+01,4.418097e+01,4.470657e+01,4.456579e+01,4.471936e+01,4.475772e+01,4.496211e+01,4.519162e+01,4.519162e+01,4.563661e+01,4.583948e+01,4.602935e+01,4.602935e+01,4.654679e+01,4.657197e+01,4.657197e+01,4.702436e+01,4.732501e+01,4.746255e+01,4.774963e+01,4.803603e+01,4.840858e+01,4.822245e+01,4.871815e+01,4.910093e+01,4.944563e+01,4.978936e+01,5.014435e+01,5.111834e+01,5.139693e+01,5.174733e+01,5.225304e+01,5.261301e+01,5.299583e+01,5.332985e+01,5.380548e+01,5.452738e+01,5.439751e+01,5.489268e+01,5.528040e+01,5.573709e+01,5.609895e+01,5.647142e+01,5.676165e+01,5.722469e+01,5.749018e+01,5.776664e+01,5.777814e+01,5.822610e+01,5.845523e+01,5.876392e+01,5.916299e+01,5.939049e+01,5.953815e+01,5.975367e+01,6.005933e+01,5.986696e+01,6.012716e+01,6.018366e+01,6.044324e+01,6.063477e+01,6.093842e+01,6.105070e+01,6.119653e+01,6.148771e+01,6.148771e+01,6.148771e+01,6.148771e+01,6.171126e+01,6.196789e+01,6.196789e+01,6.196789e+01,6.196789e+01,6.242415e+01,6.249079e+01,6.203476e+01,6.229077e+01,6.229077e+01,6.229077e+01,6.229077e+01,6.229077e+01,6.229077e+01,6.229077e+01,6.229077e+01,6.274594e+01,6.262397e+01,6.262397e+01,6.262397e+01,6.262397e+01,6.262397e+01,6.262397e+01,6.262397e+01,6.262397e+01,6.262397e+01,6.262397e+01,6.262397e+01,6.262397e+01,6.216839e+01,6.229077e+01,6.229077e+01,6.229077e+01,6.183406e+01,6.171126e+01,6.174476e+01,6.156599e+01,6.149889e+01,6.149889e+01,6.103947e+01,6.102825e+01,6.088224e+01,6.088224e+01,6.088224e+01,6.018366e+01,5.986696e+01,5.962894e+01,5.933365e+01,5.892369e+01,5.815729e+01,5.778965e+01,5.729400e+01,5.693549e+01,5.642492e+01,5.616887e+01,5.583058e+01,5.503381e+01,5.490445e+01,5.465713e+01,5.448017e+01,5.413736e+01,5.398338e+01,5.371050e+01,5.352032e+01,5.323450e+01,5.297194e+01,5.258904e+01,5.238515e+01,5.206063e+01,5.184381e+01,5.157830e+01,5.108195e+01,5.121531e+01,5.102128e+01,5.079048e+01,5.079048e+01,5.029094e+01,5.031536e+01,5.031536e+01,4.981388e+01,4.994862e+01,4.975258e+01,4.953165e+01,4.953165e+01,4.953165e+01,4.902694e+01,4.896524e+01,4.896524e+01,4.896524e+01,4.835897e+01,4.835897e+01,4.835897e+01,4.835897e+01,4.835897e+01,4.784933e+01,4.792405e+01,4.792405e+01,4.792405e+01,4.792405e+01,4.792405e+01,4.792405e+01,4.741256e+01,4.750004e+01,4.750004e+01,4.750004e+01,4.750004e+01,4.750004e+01,4.750004e+01,4.750004e+01,4.698673e+01,4.712466e+01,4.692398e+01,4.691143e+01,4.691143e+01,4.691143e+01,4.691143e+01,4.691143e+01,4.691143e+01,4.691143e+01,4.691143e+01,4.691143e+01,4.691143e+01,4.691143e+01,4.691143e+01,4.691143e+01,4.691143e+01,4.691143e+01,4.691143e+01,4.691143e+01,4.691143e+01,4.691143e+01,4.691143e+01,4.691143e+01,4.691143e+01,4.691143e+01,4.691143e+01,4.691143e+01,4.742506e+01,4.691143e+01,4.704945e+01,4.704945e+01,4.704945e+01,4.704945e+01,4.756248e+01,4.742506e+01,4.756248e+01,4.761242e+01,4.761242e+01,4.761242e+01,4.793649e+01,4.793649e+01
3.872132e+01,3.872132e+01,3.872132e+01,3.872132e+01,3.872132e+01,3.872132e+01,3.872132e+01,3.872132e+01,3.872132e+01,3.872132e+01,3.872132e+01,3.872132e+01,3.872132e+01,3.872132e+01,3.927256e+01,3.927256e+01,3.927256e+01,3.927256e+01,3.927256e+01,3.927256e+01,3.927256e+01,3.927256e+01,3.927256e+01,3.927256e+01,3.927256e+01,3.927256e+01,3.927256e+01,3.927256e+01,3.927256e+01,3.927256e+01,3.927256e+01,3.927256e+01,3.927256e+01,3.927256e+01,3.927256e+01,3.927256e+01,3.927256e+01,3.927256e+01,3.927256e+01,3.927256e+01,3.967419e+01,3.967419e+01,3.967419e+01,3.967419e+01,3.967419e+01,3.967419e+01,3.967419e+01,3.967419e+01,3.967419e+01,3.967419e+01,3.967419e+01,3.967419e+01,3.967419e+01,3.967419e+01,3.967419e+01,3.967419e+01,3.967419e+01,3.967419e+01,3.967419e+01,3.967419e+01,3.967419e+01,3.967419e+01,3.967419e+01,3.967419e+01,3.967419e+01,3.967419e+01,3.967419e+01,3.967419e+01,3.967419e+01,3.967419e+01,3.967419e+01,3.967419e+01,3.967419e+01,3.967419e+01,3.967419e+01,3.967419e+01,3.967419e+01,3.967419e+01,3.967419e+01,3.967419e+01,3.967419e+01,3.967419e+01,3.967419e+01,3.967419e+01,3.967419e+01,3.967419e+01,4.007439e+01,4.007439e+01,4.007439e+01,4.007439e+01,4.007439e+01,4.007439e+01,4.007439e+01,4.007439e+01,4.007439e+01,4.007439e+01,4.007439e+01,4.007439e+01,4.007439e+01,4.007439e+01,4.007439e+01,4.007439e+01,4.007439e+01,4.007439e+01,4.007439e+01,4.007439e+01,4.007439e+01,4.007439e+01,4.007439e+01,4.007439e+01,4.007439e+01,4.007439e+01,4.007439e+01,3.952709e+01,3.962072e+01,3.960735e+01,3.960735e+01,3.960735e+01,3.960735e+01,3.960735e+01,3.960735e+01,3.960735e+01,3.960735e+01,3.960735e+01,3.960735e+01,3.960735e+01,3.960735e+01,3.960735e+01,3.960735e+01,3.920548e+01,3.920548e+01,3.920548e+01,3.920548e+01,3.920548e+01,3.920548e+01,3.920548e+01,3.920548e+01,3.920548e+01,3.920548e+01,3.920548e+01,3.920548e+01,3.920548e+01,3.920548e+01,3.920548e+01,3.920548e+01,3.920548e+01,3.920548e+01,3.920548e+01,3.920548e+01,3.920548e+01,3.920548e+01,3.920548e+01,3.920548e+01,3.920548e+01,3.920548e+01,3.920548e+01,3.920548e+01,3.920548e+01,3.920548e+01,3.920548e+01,3.975434e+01,3.960735e+01,3.960735e+01,3.960735e+01,3.960735e+01,3.960735e+01,3.960735e+01,3.960735e+01,3.960735e+01,3.960735e+01,3.960735e+01,3.960735e+01,3.960735e+01,4.015426e+01,4.016756e+01,4.024737e+01,4.024737e+01,4.024737e+01,4.024737e+01,4.079120e+01,4.053951e+01,4.051298e+01,4.051298e+01,4.051298e+01,4.051298e+01,4.051298e+01,4.089701e+01,4.089701e+01,4.089701e+01,4.089701e+01,4.143774e+01,4.139826e+01,4.135877e+01,4.135877e+01,4.135877e+01,4.135877e+01,4.135877e+01,4.135877e+01,4.135877e+01,4.135877e+01,4.135877e+01,4.189733e+01,4.175309e+01,4.175309e+01,4.175309e+01,4.175309e+01,4.175309e+01,4.175309e+01,4.175309e+01,4.175309e+01,4.175309e+01,4.175309e+01,4.175309e+01,4.175309e+01,4.175309e+01,4.175309e+01,4.175309e+01,4.121385e+01,4.135877e+01,4.135877e+01,4.189733e+01,4.175309e+01,4.175309e+01,4.121385e+01,4.135877e+01,4.168746e+01,4.127974e+01,4.127974e+01,4.127974e+01,4.127974e+01,4.127974e+01,4.127974e+01,4.127974e+01,4.127974e+01,4.127974e+01,4.127974e+01,4.127974e+01,4.127974e+01,4.127974e+01,4.127974e+01,4.127974e+01,4.127974e+01,4.127974e+01,4.127974e+01,4.127974e+01,4.127974e+01,4.127974e+01,4.127974e+01,4.127974e+01,4.127974e+01,4.127974e+01,4.176620e+01,4.176620e+01,4.176620e+01,4.176620e+01,4.176620e+01,4.176620e+01,4.176620e+01,4.176620e+01,4.176620e+01,4.176620e+01,4.176620e+01,4.176620e+01,4.176620e+01,4.176620e+01,4.176620e+01,4.176620e+01,4.176620e+01,4.176620e+01,4.176620e+01,4.176620e+01,4.176620e+01,4.176620e+01,4.176620e+01,4.176620e+01,4.176620e+01,4.176620e+01,4.176620e+01,4.176620e+01,4.176620e+01,4.176620e+01,4.176620e+01,4.176620e+01,4.176620e+01,4.176620e+01,4.176620e+01,4.176620e+01,4.176620e+01,4.176620e+01,4.176620e+01,4.176620e+01,4.176620e+01,4.176620e+01,4.176620e+01,4.176620e+01,4.176620e+01,4.176620e+01,4.176620e+01,4.176620e+01,4.176620e+01,4.176620e+01,4.176620e+01,4.176620e+01,4.230285e+01,4.215912e+01,4.215912e+01,4.215912e+01,4.215912e+01,4.215912e+01,4.215912e+01,4.215912e+01,4.215912e+01,4.215912e+01,4.215912e+01,4.215912e+01,4.215912e+01,4.215912e+01,4.215912e+01,4.215912e+01,4.215912e+01,4.215912e+01,4.215912e+01,4.215912e+01,4.215912e+01,4.215912e+01,4.215912e+01,4.215912e+01,4.215912e+01,4.162180e+01,4.176620e+01,4.156924e+01,4.155610e+01,4.163493e+01,4.166120e+01,4.166120e+01,4.166120e+01,4.166120e+01,4.166120e+01,4.166120e+01,4.166120e+01,4.130609e+01,4.130609e+01,4.130609e+01,4.130609e+01,4.130609e+01,4.130609e+01,4.130609e+01,4.130609e+01,4.130609e+01,4.130609e+01,4.130609e+01,4.130609e+01,4.130609e+01,4.130609e+01,4.076473e+01,4.091023e+01,4.091023e+01,4.091023e+01,4.091023e+01,4.091023e+01,4.091023e+01,4.091023e+01,4.091023e+01,4.091023e+01,4.091023e+01,4.091023e+01,4.091023e+01,4.091023e+01,4.091023e+01,4.091023e+01,4.091023e+01,4.091023e+01,4.091023e+01,4.091023e+01,4.091023e+01,4.091023e+01,4.091023e+01,4.091023e+01,4.091023e+01,4.091023e+01,4.091023e+01,4.091023e+01,4.091023e+01,4.091023e+01,4.091023e+01,4.091023e+01,4.091023e+01,4.091023e+01,4.091023e+01,4.091023e+01,4.091023e+01,4.145090e+01,4.130609e+01,4.130609e+01,4.130609e+01,4.130609e+01,4.130609e+01,4.184489e+01,4.170059e+01,4.170059e+01,4.170059e+01,4.170059e+01,4.170059e+01,4.209373e+01,4.209373e+01,4.209373e+01,4.209373e+01,4.209373e+01,4.266791e+01,4.266791e+01,4.266791e+01,4.266791e+01,4.321333e+01,4.321333e+01,4.321333e+01,4.321333e+01,4.321333e+01,4.374331e+01,4.382066e+01,4.382066e+01,4.434788e+01,4.430939e+01,4.450174e+01,4.456579e+01,4.456579e+01,4.456579e+01,4.508967e+01,4.494934e+01,4.494934e+01,4.547152e+01,4.549694e+01,4.549694e+01,4.602935e+01,4.621892e+01,4.642079e+01,4.642079e+01,4.642079e+01,4.702436e+01,4.727495e+01,4.755000e+01,4.777457e+01,4.806091e+01,4.835897e+01,4.840858e+01,4.865630e+01,4.906394e+01,4.943334e+01,4.980162e+01,5.026652e+01,5.055924e+01,5.098487e+01,5.151787e+01,5.195227e+01,5.230109e+01,5.267290e+01,5.357978e+01,5.352032e+01,5.405447e+01,5.436206e+01,5.491621e+01,5.533904e+01,5.566694e+01,5.605232e+01,5.644817e+01,5.685439e+01,5.668045e+01,5.708595e+01,5.737481e+01,5.768607e+01,5.801955e+01,5.837508e+01,5.879817e+01,5.904910e+01,5.904910e+01,5.904910e+01,5.928816e+01,5.960625e+01,5.979900e+01,6.001409e+01,6.019495e+01,6.039813e+01,6.071356e+01,6.089347e+01,6.089347e+01,6.089347e+01,6.089347e+01,6.102825e+01,6.128619e+01,6.128619e+01,6.171126e+01,6.192329e+01,6.192329e+01,6.192329e+01,6.192329e+01,6.192329e+01,6.203476e+01,6.213499e+01,6.224628e+01,6.224628e+01,6.224628e+01,6.224628e+01,6.224628e+01,6.224628e+01,6.224628e+01,6.224628e+01,6.224628e+01,6.262397e+01,6.216839e+01,6.242415e+01,6.242415e+01,6.242415e+01,6.242415e+01,6.242415e+01,6.242415e+01,6.242415e+01,6.242415e+01,6.242415e+01,6.242415e+01,6.242415e+01,6.196789e+01,6.209045e+01,6.237970e+01,6.203476e+01,6.171126e+01,6.171126e+01,6.171126e+01,6.125257e+01,6.124137e+01,6.116289e+01,6.070231e+01,6.082603e+01,6.082603e+01,6.036429e+01,6.003671e+01,5.984431e+01,5.960625e+01,5.921990e+01,5.839799e+01,5.800806e+01,5.767455e+01,5.690074e+01,5.672686e+01,5.601733e+01,5.588897e+01,5.554993e+01,5.516303e+01,5.490445e+01,5.470427e+01,5.439751e+01,5.369862e+01,5.373425e+01,5.324643e+01,5.328218e+01,5.272079e+01,5.258904e+01,5.260102e+01,5.226505e+01,5.209673e+01,5.174733e+01,5.145742e+01,5.120319e+01,5.070533e+01,5.098487e+01,5.098487e+01,5.048612e+01,5.042516e+01,5.042516e+01,4.992413e+01,4.994862e+01,4.994862e+01,4.944563e+01,4.958078e+01,4.958078e+01,4.907627e+01,4.910093e+01,4.910093e+01,4.859442e+01,4.858204e+01,4.849534e+01,4.849534e+01,4.849534e+01,4.798627e+01,4.797383e+01,4.798627e+01,4.798627e+01,4.798627e+01,4.798627e+01,4.798627e+01,4.747505e+01,4.756248e+01,4.755000e+01,4.755000e+01,4.755000e+01,4.755000e+01,4.755000e+01,4.755000e+01,4.755000e+01,4.703690e+01,4.706199e+01,4.706199e+01,4.706199e+01,4.706199e+01,4.706199e+01,4.706199e+01,4.706199e+01,4.706199e+01,4.706199e+01,4.706199e+01,4.706199e+01,4.706199e+01,4.706199e+01,4.706199e+01,4.706199e+01,4.706199e+01,4.706199e+01,4.706199e+01,4.706199e+01,4.706199e+01,4.706199e+01,4.706199e+01,4.706199e+01,4.706199e+01,4.706199e+01,4.706199e+01,4.706199e+01,4.706199e+01,4.706199e+01,4.706199e+01,4.706199e+01,4.706199e+01,4.706199e+01,4.706199e+01,4.706199e+01,4.742506e+01,4.742506e+01,4.742506e+01,4.742506e+01,4.793649e+01,4.792405e+01,4.792405e+01
3.872132e+01,3.872132e+01,3.872132e+01,3.872132e+01,3.872132e+01,3.872132e+01,3.872132e+01,3.872132e+01,3.872132e+01,3.872132e+01,3.872132e+01,3.872132e+01,3.872132e+01,3.872132e+01,3.927256e+01,3.872132e+01,3.903089e+01,3.903089e+01,3.903089e+01,3.903089e+01,3.903089e+01,3.903089e+01,3.903089e+01,3.903089e+01,3.903089e+01,3.903089e+01,3.903089e+01,3.903089e+01,3.958060e+01,3.943338e+01,3.943338e+01,3.943338e+01,3.943338e+01,3.943338e+01,3.943338e+01,3.943338e+01,3.943338e+01,3.943338e+01,3.943338e+01,3.943338e+01,3.943338e+01,3.943338e+01,3.943338e+01,3.943338e+01,3.943338e+01,3.943338e+01,3.943338e+01,3.943338e+01,3.943338e+01,3.943338e+01,3.943338e+01,3.943338e+01,3.943338e+01,3.943338e+01,3.943338e+01,3.943338e+01,3.943338e+01,3.943338e+01,3.943338e+01,3.943338e+01,3.998114e+01,3.983444e+01,3.983444e+01,3.983444e+01,3.983444e+01,3.983444e+01,3.983444e+01,3.983444e+01,3.983444e+01,3.983444e+01,3.983444e+01,3.983444e+01,3.983444e+01,3.983444e+01,3.983444e+01,3.983444e+01,3.983444e+01,3.983444e+01,3.983444e+01,3.983444e+01,3.983444e+01,3.983444e+01,3.983444e+01,3.983444e+01,3.983444e+01,3.983444e+01,3.983444e+01,3.983444e+01,3.983444e+01,3.983444e+01,3.983444e+01,3.983444e+01,3.983444e+01,3.983444e+01,3.983444e+01,3.983444e+01,3.983444e+01,3.983444e+01,3.983444e+01,3.983444e+01,3.983444e+01,3.983444e+01,3.983444e+01,3.983444e+01,3.983444e+01,3.983444e+01,3.983444e+01,3.983444e+01,3.983444e+01,3.983444e+01,3.983444e+01,3.983444e+01,3.983444e+01,3.983444e+01,3.983444e+01,3.983444e+01,3.983444e+01,3.983444e+01,3.983444e+01,3.983444e+01,3.983444e+01,3.983444e+01,3.983444e+01,3.983444e+01,3.928597e+01,3.943338e+01,3.943338e+01,3.943338e+01,3.943338e+01,3.943338e+01,3.943338e+01,3.943338e+01,3.943338e+01,3.943338e+01,3.943338e+01,3.943338e+01,3.943338e+01,3.943338e+01,3.943338e+01,3.943338e+01,3.888294e+01,3.903089e+01,3.903089e+01,3.903089e+01,3.903089e+01,3.903089e+01,3.958060e+01,3.943338e+01,3.943338e+01,3.943338e+01,3.943338e+01,3.943338e+01,3.943338e+01,3.943338e+01,3.943338e+01,3.943338e+01,3.943338e+01,3.943338e+01,3.943338e+01,3.943338e+01,3.943338e+01,3.943338e+01,3.943338e+01,3.943338e+01,3.943338e+01,3.943338e+01,3.943338e+01,3.998114e+01,3.983444e+01,3.983444e+01,3.983444e+01,3.983444e+01,3.983444e+01,3.983444e+01,3.983444e+01,4.024737e+01,4.024737e+01,4.024737e+01,4.024737e+01,4.024737e+01,4.024737e+01,4.079120e+01,4.064555e+01,4.064555e+01,4.064555e+01,4.064555e+01,4.064555e+01,4.118748e+01,4.104234e+01,4.122703e+01,4.129292e+01,4.129292e+01,4.129292e+01,4.129292e+01,4.129292e+01,4.129292e+01,4.129292e+01,4.129292e+01,4.129292e+01,4.129292e+01,4.129292e+01,4.135877e+01,4.166120e+01,4.166120e+01,4.166120e+01,4.166120e+01,4.166120e+01,4.166120e+01,4.166120e+01,4.166120e+01,4.166120e+01,4.166120e+01,4.166120e+01,4.166120e+01,4.166120e+01,4.166120e+01,4.166120e+01,4.166120e+01,4.166120e+01,4.166120e+01,4.166120e+01,4.166120e+01,4.166120e+01,4.166120e+01,4.166120e+01,4.166120e+01,4.166120e+01,4.166120e+01,4.166120e+01,4.166120e+01,4.166120e+01,4.166120e+01,4.166120e+01,4.166120e+01,4.166120e+01,4.166120e+01,4.166120e+01,4.166120e+01,4.127974e+01,4.127974e+01,4.127974e+01,4.127974e+01,4.127974e+01,4.127974e+01,4.127974e+01,4.127974e+01,4.127974e+01,4.127974e+01,4.127974e+01,4.127974e+01,4.127974e+01,4.127974e+01,4.127974e+01,4.176620e+01,4.176620e+01,4.176620e+01,4.176620e+01,4.176620e+01,4.176620e+01,4.176620e+01,4.176620e+01,4.176620e+01,4.176620e+01,4.176620e+01,4.176620e+01,4.176620e+01,4.176620e+01,4.176620e+01,4.176620e+01,4.176620e+01,4.176620e+01,4.176620e+01,4.176620e+01,4.176620e+01,4.176620e+01,4.176620e+01,4.176620e+01,4.176620e+01,4.176620e+01,4.176620e+01,4.176620e+01,4.176620e+01,4.176620e+01,4.176620e+01,4.176620e+01,4.176620e+01,4.176620e+01,4.176620e+01,4.176620e+01,4.176620e+01,4.176620e+01,4.176620e+01,4.176620e+01,4.176620e+01,4.176620e+01,4.176620e+01,4.176620e+01,4.176620e+01,4.176620e+01,4.176620e+01,4.176620e+01,4.176620e+01,4.230285e+01,4.222448e+01,4.222448e+01,4.222448e+01,4.222448e+01,4.222448e+01,4.222448e+01,4.222448e+01,4.222448e+01,4.222448e+01,4.222448e+01,4.222448e+01,4.222448e+01,4.222448e+01,4.222448e+01,4.222448e+01,4.222448e+01,4.222448e+01,4.222448e+01,4.222448e+01,4.222448e+01,4.222448e+01,4.222448e+01,4.222448e+01,4.222448e+01,4.222448e+01,4.222448e+01,4.222448e+01,4.210681e+01,4.179244e+01,4.179244e+01,4.179244e+01,4.179244e+01,4.179244e+01,4.179244e+01,4.179244e+01,4.179244e+01,4.179244e+01,4.130609e+01,4.130609e+01,4.130609e+01,4.130609e+01,4.130609e+01,4.130609e+01,4.130609e+01,4.130609e+01,4.130609e+01,4.130609e+01,4.130609e+01,4.130609e+01,4.130609e+01,4.130609e+01,4.130609e+01,4.091023e+01,4.091023e+01,4.091023e+01,4.091023e+01,4.091023e+01,4.091023e+01,4.091023e+01,4.091023e+01,4.091023e+01,4.091023e+01,4.091023e+01,4.091023e+01,4.091023e+01,4.091023e+01,4.091023e+01,4.091023e+01,4.091023e+01,4.091023e+01,4.091023e+01,4.091023e+01,4.091023e+01,4.091023e+01,4.091023e+01,4.091023e+01,4.091023e+01,4.091023e+01,4.091023e+01,4.091023e+01,4.091023e+01,4.091023e+01,4.091023e+01,4.091023e+01,4.091023e+01,4.145090e+01,4.114791e+01,4.133244e+01,4.130609e+01,4.130609e+01,4.130609e+01,4.130609e+01,4.130609e+01,4.130609e+01,4.184489e+01,4.184489e+01,4.184489e+01,4.184489e+01,4.184489e+01,4.184489e+01,4.238118e+01,4.223754e+01,4.223754e+01,4.223754e+01,4.223754e+01,4.223754e+01,4.266791e+01,4.266791e+01,4.266791e+01,4.266791e+01,4.321333e+01,4.321333e+01,4.321333e+01,4.321333e+01,4.374331e+01,4.374331e+01,4.374331e+01,4.382066e+01,4.411671e+01,4.411671e+01,4.456579e+01,4.456579e+01,4.456579e+01,4.508967e+01,4.508967e+01,4.508967e+01,4.508967e+01,4.549694e+01,4.567467e+01,4.590280e+01,4.590280e+01,4.642079e+01,4.642079e+01,4.693653e+01,4.694908e+01,4.682351e+01,4.711213e+01,4.755000e+01,4.787424e+01,4.813549e+01,4.813549e+01,4.865630e+01,4.900227e+01,4.940875e+01,4.989964e+01,5.020545e+01,5.062013e+01,5.105769e+01,5.159038e+01,5.189202e+01,5.227707e+01,5.276867e+01,5.297194e+01,5.328218e+01,5.375800e+01,5.464534e+01,5.510431e+01,5.528040e+01,5.572541e+01,5.612226e+01,5.604066e+01,5.670366e+01,5.684280e+01,5.702810e+01,5.735173e+01,5.769758e+01,5.805400e+01,5.801955e+01,5.835218e+01,5.861538e+01,5.887806e+01,5.899211e+01,5.926542e+01,5.954950e+01,5.954950e+01,6.001409e+01,6.001409e+01,6.039813e+01,6.067980e+01,6.067980e+01,6.067980e+01,6.067980e+01,6.114046e+01,6.115167e+01,6.125257e+01,6.140937e+01,6.159953e+01,6.159953e+01,6.159953e+01,6.159953e+01,6.159953e+01,6.192329e+01,6.192329e+01,6.192329e+01,6.192329e+01,6.192329e+01,6.224628e+01,6.224628e+01,6.224628e+01,6.224628e+01,6.224628e+01,6.224628e+01,6.224628e+01,6.224628e+01,6.224628e+01,6.224628e+01,6.224628e+01,6.224628e+01,6.224628e+01,6.224628e+01,6.224628e+01,6.224628e+01,6.224628e+01,6.224628e+01,6.224628e+01,6.224628e+01,6.224628e+01,6.224628e+01,6.178942e+01,6.166658e+01,6.170009e+01,6.170009e+01,6.124137e+01,6.130859e+01,6.084852e+01,6.092718e+01,6.082603e+01,6.036429e+01,6.044324e+01,6.021754e+01,6.007064e+01,5.929954e+01,5.912883e+01,5.840944e+01,5.813434e+01,5.745558e+01,5.728245e+01,5.697022e+01,5.663403e+01,5.613392e+01,5.587729e+01,5.543281e+01,5.522173e+01,5.451558e+01,5.455098e+01,5.427932e+01,5.381735e+01,5.365110e+01,5.336558e+01,5.319873e+01,5.284045e+01,5.258904e+01,5.246914e+01,5.228908e+01,5.198840e+01,5.171112e+01,5.142113e+01,5.108195e+01,5.104555e+01,5.053487e+01,5.062013e+01,5.062013e+01,5.062013e+01,5.011990e+01,5.005876e+01,5.005876e+01,5.005876e+01,4.944563e+01,4.944563e+01,4.944563e+01,4.907627e+01,4.907627e+01,4.856965e+01,4.864392e+01,4.864392e+01,4.864392e+01,4.864392e+01,4.813549e+01,4.812306e+01,4.812306e+01,4.812306e+01,4.812306e+01,4.761242e+01,4.774963e+01,4.808577e+01,4.769976e+01,4.769976e+01,4.769976e+01,4.769976e+01,4.769976e+01,4.769976e+01,4.718731e+01,4.732501e+01,4.716225e+01,4.717478e+01,4.717478e+01,4.717478e+01,4.717478e+01,4.717478e+01,4.717478e+01,4.717478e+01,4.717478e+01,4.717478e+01,4.717478e+01,4.717478e+01,4.717478e+01,4.717478e+01,4.717478e+01,4.666007e+01,4.679838e+01,4.693653e+01,4.693653e+01,4.693653e+01,4.693653e+01,4.693653e+01,4.693653e+01,4.693653e+01,4.693653e+01,4.693653e+01,4.693653e+01,4.693653e+01,4.693653e+01,4.693653e+01,4.693653e+01,4.693653e+01,4.693653e+01,4.693653e+01,4.693653e+01,4.745005e+01,4.746255e+01,4.745005e+01,4.745005e+01,4.745005e+01,4.745005e+01,4.793649e+01,4.793649e+01,4.793649e+01
3.872132e+01,3.872132e+01,3.872132e+01,3.872132e+01,3.872132e+01,3.872132e+01,3.872132e+01,3.872132e+01,3.872132e+01,3.872132e+01,3.872132e+01,3.872132e+01,3.872132e+01,3.872132e+01,3.927256e+01,3.854597e+01,3.882909e+01,3.882909e+01,3.882909e+01,3.882909e+01,3.937980e+01,3.923232e+01,3.923232e+01,3.923232e+01,3.923232e+01,3.923232e+01,3.923232e+01,3.923232e+01,3.923232e+01,3.923232e+01,3.923232e+01,3.923232e+01,3.923232e+01,3.923232e+01,3.923232e+01,3.923232e+01,3.923232e+01,3.923232e+01,3.923232e+01,3.923232e+01,3.923232e+01,3.923232e+01,3.978105e+01,3.963409e+01,3.963409e+01,3.963409e+01,3.963409e+01,3.963409e+01,3.963409e+01,3.963409e+01,3.963409e+01,3.963409e+01,3.963409e+01,3.963409e+01,3.963409e+01,3.963409e+01,3.963409e+01,3.963409e+01,3.963409e+01,3.963409e+01,3.963409e+01,3.963409e+01,3.963409e+01,3.963409e+01,3.963409e+01,3.963409e+01,3.963409e+01,3.963409e+01,3.963409e+01,3.963409e+01,3.963409e+01,3.963409e+01,3.963409e+01,3.963409e+01,3.963409e+01,3.963409e+01,3.963409e+01,3.963409e+01,3.963409e+01,3.963409e+01,3.963409e+01,3.963409e+01,3.963409e+01,3.963409e+01,3.963409e+01,3.963409e+01,4.018087e+01,4.003443e+01,4.003443e+01,4.003443e+01,4.003443e+01,4.003443e+01,4.003443e+01,4.003443e+01,4.003443e+01,4.003443e+01,4.003443e+01,4.003443e+01,4.003443e+01,4.003443e+01,4.003443e+01,4.003443e+01,4.003443e+01,4.003443e+01,4.003443e+01,4.003443e+01,4.003443e+01,4.003443e+01,4.003443e+01,4.003443e+01,3.948694e+01,3.963409e+01,3.963409e+01,3.963409e+01,3.963409e+01,3.963409e+01,3.963409e+01,3.963409e+01,3.963409e+01,3.963409e+01,3.963409e+01,3.963409e+01,3.963409e+01,3.963409e+01,3.963409e+01,3.963409e+01,3.963409e+01,3.963409e+01,3.908464e+01,3.923232e+01,3.923232e+01,3.923232e+01,3.923232e+01,3.923232e+01,3.923232e+01,3.923232e+01,3.923232e+01,3.923232e+01,3.923232e+01,3.923232e+01,3.923232e+01,3.923232e+01,3.923232e+01,3.923232e+01,3.923232e+01,3.923232e+01,3.923232e+01,3.923232e+01,3.923232e+01,3.923232e+01,3.923232e+01,3.923232e+01,3.923232e+01,3.923232e+01,3.923232e+01,3.923232e+01,3.923232e+01,3.923232e+01,3.923232e+01,3.923232e+01,3.923232e+01,3.923232e+01,3.978105e+01,3.963409e+01,3.963409e+01,3.963409e+01,3.963409e+01,3.963409e+01,3.963409e+01,3.963409e+01,3.963409e+01,3.963409e+01,3.963409e+01,4.018087e+01,4.019417e+01,4.023407e+01,4.023407e+01,4.023407e+01,4.023407e+01,4.023407e+01,4.077797e+01,4.016756e+01,4.047318e+01,4.047318e+01,4.047318e+01,4.047318e+01,4.101593e+01,4.104234e+01,4.104234e+01,4.104234e+01,4.104234e+01,4.104234e+01,4.104234e+01,4.158238e+01,4.143774e+01,4.143774e+01,4.143774e+01,4.143774e+01,4.143774e+01,4.143774e+01,4.143774e+01,4.143774e+01,4.143774e+01,4.143774e+01,4.143774e+01,4.143774e+01,4.143774e+01,4.143774e+01,4.143774e+01,4.143774e+01,4.143774e+01,4.143774e+01,4.143774e+01,4.143774e+01,4.143774e+01,4.143774e+01,4.143774e+01,4.143774e+01,4.143774e+01,4.143774e+01,4.143774e+01,4.143774e+01,4.143774e+01,4.143774e+01,4.143774e+01,4.143774e+01,4.143774e+01,4.143774e+01,4.143774e+01,4.143774e+01,4.143774e+01,4.143774e+01,4.143774e+01,4.143774e+01,4.143774e+01,4.143774e+01,4.143774e+01,4.143774e+01,4.143774e+01,4.143774e+01,4.143774e+01,4.143774e+01,4.143774e+01,4.143774e+01,4.143774e+01,4.143774e+01,4.143774e+01,4.143774e+01,4.143774e+01,4.143774e+01,4.143774e+01,4.143774e+01,4.143774e+01,4.143774e+01,4.143774e+01,4.143774e+01,4.143774e+01,4.143774e+01,4.176620e+01,4.176620e+01,4.176620e+01,4.176620e+01,4.176620e+01,4.176620e+01,4.176620e+01,4.176620e+01,4.176620e+01,4.176620e+01,4.176620e+01,4.176620e+01,4.176620e+01,4.176620e+01,4.176620e+01,4.176620e+01,4.176620e+01,4.176620e+01,4.176620e+01,4.176620e+01,4.176620e+01,4.176620e+01,4.176620e+01,4.176620e+01,4.176620e+01,4.176620e+01,4.176620e+01,4.176620e+01,4.176620e+01,4.176620e+01,4.176620e+01,4.176620e+01,4.176620e+01,4.176620e+01,4.176620e+01,4.176620e+01,4.176620e+01,4.176620e+01,4.176620e+01,4.176620e+01,4.230285e+01,4.200212e+01,4.200212e+01,4.200212e+01,4.200212e+01,4.200212e+01,4.200212e+01,4.200212e+01,4.200212e+01,4.200212e+01,4.200212e+01,4.200212e+01,4.200212e+01,4.200212e+01,4.200212e+01,4.200212e+01,4.253766e+01,4.239423e+01,4.239423e+01,4.239423e+01,4.239423e+01,4.239423e+01,4.239423e+01,4.239423e+01,4.239423e+01,4.239423e+01,4.239423e+01,4.185801e+01,4.200212e+01,4.200212e+01,4.200212e+01,4.200212e+01,4.200212e+01,4.200212e+01,4.200212e+01,4.200212e+01,4.146405e+01,4.160866e+01,4.160866e+01,4.160866e+01,4.160866e+01,4.160866e+01,4.160866e+01,4.160866e+01,4.160866e+01,4.160866e+01,4.160866e+01,4.160866e+01,4.160866e+01,4.130609e+01,4.130609e+01,4.130609e+01,4.130609e+01,4.130609e+01,4.130609e+01,4.130609e+01,4.130609e+01,4.091023e+01,4.091023e+01,4.091023e+01,4.091023e+01,4.091023e+01,4.091023e+01,4.091023e+01,4.091023e+01,4.091023e+01,4.091023e+01,4.091023e+01,4.091023e+01,4.091023e+01,4.091023e+01,4.091023e+01,4.091023e+01,4.091023e+01,4.091023e+01,4.091023e+01,4.091023e+01,4.091023e+01,4.091023e+01,4.091023e+01,4.091023e+01,4.091023e+01,4.091023e+01,4.091023e+01,4.091023e+01,4.091023e+01,4.091023e+01,4.091023e+01,4.091023e+01,4.091023e+01,4.091023e+01,4.145090e+01,4.130609e+01,4.130609e+01,4.130609e+01,4.130609e+01,4.130609e+01,4.130609e+01,4.130609e+01,4.184489e+01,4.184489e+01,4.184489e+01,4.184489e+01,4.184489e+01,4.184489e+01,4.238118e+01,4.238118e+01,4.238118e+01,4.238118e+01,4.238118e+01,4.238118e+01,4.266791e+01,4.266791e+01,4.266791e+01,4.320038e+01,4.312261e+01,4.312261e+01,4.365300e+01,4.356261e+01,4.360136e+01,4.360136e+01,4.412957e+01,4.414242e+01,4.412957e+01,4.429655e+01,4.443766e+01,4.496211e+01,4.497487e+01,4.494934e+01,4.494934e+01,4.547152e+01,4.548423e+01,4.548423e+01,4.548423e+01,4.548423e+01,4.590280e+01,4.629466e+01,4.645860e+01,4.681095e+01,4.681095e+01,4.681095e+01,4.711213e+01,4.748754e+01,4.784933e+01,4.808577e+01,4.824728e+01,4.859442e+01,4.906394e+01,4.947022e+01,4.933494e+01,4.982613e+01,5.022988e+01,5.065665e+01,5.122743e+01,5.201248e+01,5.190408e+01,5.269685e+01,5.303166e+01,5.338940e+01,5.381735e+01,5.422019e+01,5.495150e+01,5.528040e+01,5.529213e+01,5.597067e+01,5.612226e+01,5.658759e+01,5.684280e+01,5.715534e+01,5.738636e+01,5.725935e+01,5.762848e+01,5.782416e+01,5.818023e+01,5.846668e+01,5.870681e+01,5.894650e+01,5.924266e+01,5.950409e+01,5.965163e+01,5.990093e+01,6.004802e+01,6.033044e+01,6.012716e+01,6.038685e+01,6.051087e+01,6.065729e+01,6.100580e+01,6.100580e+01,6.100580e+01,6.100580e+01,6.100580e+01,6.114046e+01,6.139818e+01,6.139818e+01,6.185637e+01,6.191214e+01,6.191214e+01,6.191214e+01,6.191214e+01,6.191214e+01,6.191214e+01,6.191214e+01,6.224628e+01,6.224628e+01,6.178942e+01,6.204590e+01,6.204590e+01,6.204590e+01,6.204590e+01,6.204590e+01,6.204590e+01,6.204590e+01,6.204590e+01,6.204590e+01,6.204590e+01,6.204590e+01,6.204590e+01,6.204590e+01,6.204590e+01,6.204590e+01,6.204590e+01,6.204590e+01,6.178942e+01,6.178942e+01,6.133100e+01,6.140937e+01,6.090471e+01,6.096088e+01,6.096088e+01,6.096088e+01,6.096088e+01,6.036429e+01,6.036429e+01,6.036429e+01,5.960625e+01,5.937912e+01,5.906049e+01,5.847812e+01,5.809991e+01,5.757087e+01,5.727090e+01,5.694707e+01,5.652952e+01,5.620382e+01,5.536249e+01,5.496326e+01,5.504556e+01,5.463354e+01,5.401893e+01,5.384108e+01,5.388853e+01,5.357978e+01,5.340131e+01,5.309135e+01,5.281653e+01,5.262498e+01,5.213282e+01,5.162661e+01,5.149369e+01,5.136063e+01,5.121531e+01,5.111834e+01,5.092415e+01,5.065665e+01,5.065665e+01,5.065665e+01,5.015657e+01,5.019323e+01,4.969125e+01,4.982613e+01,4.966671e+01,4.956850e+01,4.956850e+01,4.956850e+01,4.907627e+01,4.891587e+01,4.869342e+01,4.869342e+01,4.869342e+01,4.869342e+01,4.818519e+01,4.821003e+01,4.821003e+01,4.821003e+01,4.821003e+01,4.821003e+01,4.812306e+01,4.808577e+01,4.801115e+01,4.773717e+01,4.773717e+01,4.773717e+01,4.773717e+01,4.773717e+01,4.722488e+01,4.726244e+01,4.726244e+01,4.726244e+01,4.726244e+01,4.726244e+01,4.726244e+01,4.726244e+01,4.674810e+01,4.703690e+01,4.703690e+01,4.703690e+01,4.703690e+01,4.703690e+01,4.703690e+01,4.703690e+01,4.703690e+01,4.703690e+01,4.703690e+01,4.703690e+01,4.703690e+01,4.703690e+01,4.703690e+01,4.703690e+01,4.703690e+01,4.703690e+01,4.703690e+01,4.703690e+01,4.703690e+01,4.703690e+01,4.703690e+01,4.703690e+01,4.703690e+01,4.703690e+01,4.703690e+01,4.703690e+01,4.703690e+01,4.703690e+01,4.703690e+01,4.703690e+01,4.703690e+01,4.745005e+01,4.745005e+01,4.745005e+01,4.745005e+01,4.793649e+01,4.793649e+01
3.872132e+01,3.872132e+01,3.872132e+01,3.872132e+01,3.872132e+01,3.872132e+01,3.872132e+01,3.872132e+01,3.872132e+01,3.872132e+01,3.872132e+01,3.872132e+01,3.872132e+01,3.872132e+01,3.872132e+01,3.872132e+01,3.872132e+01,3.927256e+01,3.896367e+01,3.913836e+01,3.924573e+01,3.924573e+01,3.924573e+01,3.924573e+01,3.924573e+01,3.924573e+01,3.924573e+01,3.924573e+01,3.924573e+01,3.924573e+01,3.924573e+01,3.924573e+01,3.924573e+01,3.924573e+01,3.924573e+01,3.924573e+01,3.924573e+01,3.924573e+01,3.924573e+01,3.924573e+01,3.924573e+01,3.924573e+01,3.924573e+01,3.924573e+01,3.924573e+01,3.924573e+01,3.924573e+01,3.963409e+01,3.963409e+01,3.963409e+01,3.963409e+01,3.963409e+01,3.963409e+01,3.963409e+01,3.963409e+01,3.963409e+01,3.963409e+01,3.963409e+01,3.963409e+01,3.963409e+01,3.963409e+01,3.963409e+01,3.963409e+01,3.963409e+01,3.963409e+01,3.963409e+01,3.963409e+01,3.963409e+01,3.963409e+01,3.963409e+01,3.963409e+01,3.963409e+01,3.963409e+01,3.963409e+01,3.963409e+01,3.963409e+01,3.963409e+01,3.963409e+01,3.963409e+01,3.963409e+01,3.963409e+01,3.963409e+01,3.963409e+01,3.963409e+01,3.963409e+01,3.963409e+01,3.963409e+01,3.963409e+01,3.963409e+01,3.963409e+01,3.963409e+01,3.963409e+01,3.963409e+01,3.963409e+01,3.963409e+01,3.963409e+01,3.963409e+01,3.963409e+01,3.963409e+01,3.963409e+01,4.003443e+01,4.003443e+01,4.003443e+01,4.003443e+01,4.003443e+01,3.948694e+01,3.979440e+01,3.979440e+01,3.979440e+01,3.979440e+01,3.979440e+01,3.979440e+01,3.979440e+01,3.979440e+01,3.979440e+01,3.979440e+01,3.979440e+01,3.979440e+01,3.979440e+01,3.979440e+01,3.924573e+01,3.939320e+01,3.939320e+01,3.939320e+01,3.939320e+01,3.939320e+01,3.939320e+01,3.939320e+01,3.939320e+01,3.939320e+01,3.939320e+01,3.939320e+01,3.939320e+01,3.939320e+01,3.939320e+01,3.939320e+01,3.939320e+01,3.939320e+01,3.939320e+01,3.884256e+01,3.899056e+01,3.899056e+01,3.899056e+01,3.899056e+01,3.899056e+01,3.899056e+01,3.899056e+01,3.899056e+01,3.899056e+01,3.899056e+01,3.899056e+01,3.954047e+01,3.939320e+01,3.939320e+01,3.939320e+01,3.939320e+01,3.939320e+01,3.939320e+01,3.939320e+01,3.939320e+01,3.939320e+01,3.939320e+01,3.939320e+01,3.939320e+01,3.939320e+01,3.939320e+01,3.939320e+01,3.994115e+01,3.979440e+01,3.979440e+01,3.979440e+01,3.979440e+01,3.979440e+01,3.979440e+01,4.019417e+01,4.019417e+01,4.019417e+01,4.019417e+01,4.019417e+01,4.019417e+01,4.019417e+01,4.073826e+01,4.069854e+01,4.069854e+01,4.069854e+01,4.069854e+01,4.069854e+01,4.069854e+01,4.069854e+01,4.069854e+01,4.069854e+01,4.069854e+01,4.104234e+01,4.091023e+01,4.121385e+01,4.121385e+01,4.121385e+01,4.121385e+01,4.121385e+01,4.121385e+01,4.121385e+01,4.121385e+01,4.121385e+01,4.175309e+01,4.160866e+01,4.160866e+01,4.160866e+01,4.160866e+01,4.160866e+01,4.160866e+01,4.160866e+01,4.160866e+01,4.160866e+01,4.160866e+01,4.160866e+01,4.160866e+01,4.160866e+01,4.160866e+01,4.160866e+01,4.160866e+01,4.160866e+01,4.160866e+01,4.160866e+01,4.160866e+01,4.106874e+01,4.121385e+01,4.121385e+01,4.121385e+01,4.121385e+01,4.121385e+01,4.121385e+01,4.121385e+01,4.121385e+01,4.121385e+01,4.121385e+01,4.121385e+01,4.121385e+01,4.121385e+01,4.121385e+01,4.121385e+01,4.121385e+01,4.121385e+01,4.121385e+01,4.121385e+01,4.121385e+01,4.121385e+01,4.121385e+01,4.121385e+01,4.121385e+01,4.121385e+01,4.121385e+01,4.121385e+01,4.121385e+01,4.121385e+01,4.175309e+01,4.160866e+01,4.160866e+01,4.160866e+01,4.160866e+01,4.160866e+01,4.160866e+01,4.160866e+01,4.160866e+01,4.160866e+01,4.160866e+01,4.160866e+01,4.160866e+01,4.160866e+01,4.160866e+01,4.160866e+01,4.160866e+01,4.160866e+01,4.160866e+01,4.160866e+01,4.160866e+01,4.160866e+01,4.160866e+01,4.160866e+01,4.160866e+01,4.160866e+01,4.160866e+01,4.160866e+01,4.160866e+01,4.160866e+01,4.160866e+01,4.214605e+01,4.200212e+01,4.200212e+01,4.200212e+01,4.200212e+01,4.200212e+01,4.200212e+01,4.200212e+01,4.200212e+01,4.200212e+01,4.200212e+01,4.200212e+01,4.200212e+01,4.200212e+01,4.200212e+01,4.200212e+01,4.200212e+01,4.200212e+01,4.200212e+01,4.200212e+01,4.200212e+01,4.200212e+01,4.200212e+01,4.200212e+01,4.200212e+01,4.200212e+01,4.253766e+01,4.223754e+01,4.240727e+01,4.240727e+01,4.240727e+01,4.240727e+01,4.240727e+01,4.240727e+01,4.240727e+01,4.240727e+01,4.240727e+01,4.240727e+01,4.240727e+01,4.240727e+01,4.240727e+01,4.240727e+01,4.200212e+01,4.200212e+01,4.200212e+01,4.200212e+01,4.200212e+01,4.200212e+01,4.200212e+01,4.200212e+01,4.200212e+01,4.200212e+01,4.160866e+01,4.160866e+01,4.160866e+01,4.160866e+01,4.160866e+01,4.160866e+01,4.160866e+01,4.160866e+01,4.160866e+01,4.106874e+01,4.110833e+01,4.110833e+01,4.110833e+01,4.110833e+01,4.110833e+01,4.110833e+01,4.110833e+01,4.110833e+01,4.110833e+01,4.110833e+01,4.110833e+01,4.110833e+01,4.110833e+01,4.110833e+01,4.110833e+01,4.110833e+01,4.110833e+01,4.110833e+01,4.110833e+01,4.110833e+01,4.110833e+01,4.110833e+01,4.110833e+01,4.110833e+01,4.110833e+01,4.110833e+01,4.110833e+01,4.110833e+01,4.110833e+01,4.110833e+01,4.110833e+01,4.110833e+01,4.110833e+01,4.110833e+01,4.110833e+01,4.110833e+01,4.110833e+01,4.110833e+01,4.110833e+01,4.110833e+01,4.110833e+01,4.110833e+01,4.110833e+01,4.110833e+01,4.110833e+01,4.164807e+01,4.150351e+01,4.150351e+01,4.150351e+01,4.150351e+01,4.150351e+01,4.150351e+01,4.184489e+01,4.184489e+01,4.184489e+01,4.184489e+01,4.238118e+01,4.238118e+01,4.238118e+01,4.238118e+01,4.238118e+01,4.291497e+01,4.287599e+01,4.287599e+01,4.287599e+01,4.320038e+01,4.320038e+01,4.320038e+01,4.320038e+01,4.356261e+01,4.356261e+01,4.409100e+01,4.405242e+01,4.405242e+01,4.405242e+01,4.405242e+01,4.443766e+01,4.429655e+01,4.460420e+01,4.474494e+01,4.491105e+01,4.528075e+01,4.528075e+01,4.528075e+01,4.580146e+01,4.581414e+01,4.600405e+01,4.625679e+01,4.605464e+01,4.635774e+01,4.664749e+01,4.678581e+01,4.711213e+01,4.751253e+01,4.781195e+01,4.781195e+01,4.824728e+01,4.871815e+01,4.911326e+01,4.932264e+01,4.948251e+01,4.987514e+01,5.027873e+01,5.070533e+01,5.127588e+01,5.186792e+01,5.202452e+01,5.213282e+01,5.310329e+01,5.350842e+01,5.386481e+01,5.426750e+01,5.438569e+01,5.520999e+01,5.537421e+01,5.583058e+01,5.565525e+01,5.615722e+01,5.656437e+01,5.683121e+01,5.719001e+01,5.731709e+01,5.759392e+01,5.791615e+01,5.820317e+01,5.848957e+01,5.872966e+01,5.896931e+01,5.879817e+01,5.908327e+01,5.942458e+01,5.964029e+01,5.984431e+01,6.009325e+01,6.014976e+01,6.035300e+01,6.035300e+01,6.035300e+01,6.054467e+01,6.080355e+01,6.080355e+01,6.126378e+01,6.114046e+01,6.126378e+01,6.136459e+01,6.149889e+01,6.126378e+01,6.157718e+01,6.170009e+01,6.170009e+01,6.170009e+01,6.170009e+01,6.170009e+01,6.170009e+01,6.170009e+01,6.178942e+01,6.188984e+01,6.201247e+01,6.201247e+01,6.201247e+01,6.201247e+01,6.201247e+01,6.201247e+01,6.201247e+01,6.201247e+01,6.201247e+01,6.201247e+01,6.201247e+01,6.201247e+01,6.201247e+01,6.201247e+01,6.201247e+01,6.201247e+01,6.155481e+01,6.158835e+01,6.145414e+01,6.144295e+01,6.130859e+01,6.105070e+01,6.105070e+01,6.105070e+01,6.058973e+01,6.066854e+01,6.047706e+01,6.047706e+01,6.001409e+01,5.925404e+01,5.923128e+01,5.894650e+01,5.843234e+01,5.805400e+01,5.717846e+01,5.705124e+01,5.683121e+01,5.613392e+01,5.595900e+01,5.565525e+01,5.495150e+01,5.489268e+01,5.458637e+01,5.417286e+01,5.384108e+01,5.375800e+01,5.312716e+01,5.316295e+01,5.307942e+01,5.284045e+01,5.250512e+01,5.208469e+01,5.178352e+01,5.178352e+01,5.136063e+01,5.136063e+01,5.086341e+01,5.083910e+01,5.068100e+01,5.068100e+01,5.068100e+01,5.015657e+01,5.004652e+01,4.985064e+01,4.985064e+01,4.985064e+01,4.956850e+01,4.956850e+01,4.906394e+01,4.913791e+01,4.913791e+01,4.869342e+01,4.869342e+01,4.818519e+01,4.827211e+01,4.825970e+01,4.825970e+01,4.825970e+01,4.825970e+01,4.825970e+01,4.825970e+01,4.774963e+01,4.788669e+01,4.774963e+01,4.774963e+01,4.774963e+01,4.774963e+01,4.774963e+01,4.774963e+01,4.722488e+01,4.722488e+01,4.722488e+01,4.722488e+01,4.722488e+01,4.722488e+01,4.722488e+01,4.671038e+01,4.682351e+01,4.701182e+01,4.701182e+01,4.701182e+01,4.701182e+01,4.701182e+01,4.701182e+01,4.701182e+01,4.701182e+01,4.701182e+01,4.701182e+01,4.701182e+01,4.701182e+01,4.701182e+01,4.701182e+01,4.701182e+01,4.701182e+01,4.701182e+01,4.701182e+01,4.701182e+01,4.701182e+01,4.701182e+01,4.701182e+01,4.701182e+01,4.701182e+01,4.701182e+01,4.701182e+01,4.701182e+01,4.701182e+01,4.701182e+01,4.701182e+01,4.701182e+01,4.752502e+01,4.745005e+01,4.745005e+01,4.745005e+01,4.796139e+01,4.788669e+01,4.788669e+01
3.816735e+01,3.847846e+01,3.847846e+01,3.847846e+01,3.847846e+01,3.847846e+01,3.847846e+01,3.847846e+01,3.847846e+01,3.847846e+01,3.903089e+01,3.888294e+01,3.888294e+01,3.888294e+01,3.888294e+01,3.888294e+01,3.888294e+01,3.888294e+01,3.888294e+01,3.888294e+01,3.888294e+01,3.888294e+01,3.888294e+01,3.924573e+01,3.924573e+01,3.924573e+01,3.924573e+01,3.924573e+01,3.924573e+01,3.924573e+01,3.924573e+01,3.924573e+01,3.924573e+01,3.924573e+01,3.924573e+01,3.924573e+01,3.924573e+01,3.924573e+01,3.924573e+01,3.924573e+01,3.924573e+01,3.924573e+01,3.924573e+01,3.924573e+01,3.924573e+01,3.924573e+01,3.924573e+01,3.963409e+01,3.963409e+01,3.963409e+01,3.963409e+01,3.963409e+01,3.963409e+01,3.963409e+01,3.963409e+01,3.963409e+01,3.963409e+01,3.963409e+01,3.963409e+01,3.963409e+01,3.963409e+01,3.963409e+01,3.963409e+01,3.963409e+01,3.963409e+01,3.963409e+01,3.963409e+01,3.963409e+01,3.963409e+01,3.963409e+01,3.963409e+01,3.963409e+01,3.963409e+01,3.963409e+01,3.963409e+01,3.963409e+01,3.963409e+01,3.963409e+01,3.963409e+01,3.963409e+01,3.963409e+01,3.963409e+01,3.963409e+01,3.963409e+01,3.963409e+01,3.963409e+01,3.963409e+01,3.963409e+01,3.963409e+01,3.963409e+01,3.963409e+01,3.963409e+01,3.963409e+01,3.963409e+01,3.963409e+01,3.963409e+01,3.963409e+01,3.963409e+01,3.963409e+01,3.963409e+01,3.963409e+01,3.963409e+01,3.963409e+01,4.003443e+01,3.987447e+01,3.984778e+01,3.983444e+01,3.983444e+01,3.983444e+01,3.983444e+01,3.983444e+01,3.983444e+01,3.983444e+01,3.983444e+01,3.983444e+01,3.983444e+01,3.983444e+01,3.983444e+01,3.983444e+01,3.928597e+01,3.932619e+01,3.932619e+01,3.932619e+01,3.932619e+01,3.932619e+01,3.932619e+01,3.932619e+01,3.932619e+01,3.932619e+01,3.932619e+01,3.932619e+01,3.932619e+01,3.932619e+01,3.932619e+01,3.932619e+01,3.932619e+01,3.932619e+01,3.932619e+01,3.932619e+01,3.932619e+01,3.899056e+01,3.899056e+01,3.899056e+01,3.899056e+01,3.899056e+01,3.899056e+01,3.899056e+01,3.899056e+01,3.899056e+01,3.899056e+01,3.899056e+01,3.899056e+01,3.899056e+01,3.939320e+01,3.939320e+01,3.939320e+01,3.939320e+01,3.939320e+01,3.939320e+01,3.939320e+01,3.939320e+01,3.939320e+01,3.939320e+01,3.939320e+01,3.939320e+01,3.939320e+01,3.939320e+01,3.939320e+01,3.939320e+01,3.979440e+01,3.979440e+01,3.979440e+01,3.979440e+01,3.979440e+01,3.979440e+01,3.979440e+01,3.979440e+01,4.019417e+01,4.019417e+01,4.019417e+01,4.019417e+01,4.019417e+01,4.019417e+01,4.019417e+01,4.069854e+01,4.069854e+01,4.069854e+01,4.069854e+01,4.069854e+01,4.069854e+01,4.069854e+01,4.124021e+01,4.120066e+01,4.121385e+01,4.120066e+01,4.120066e+01,4.120066e+01,4.120066e+01,4.120066e+01,4.120066e+01,4.120066e+01,4.120066e+01,4.120066e+01,4.120066e+01,4.120066e+01,4.120066e+01,4.120066e+01,4.160866e+01,4.160866e+01,4.160866e+01,4.160866e+01,4.160866e+01,4.160866e+01,4.160866e+01,4.160866e+01,4.160866e+01,4.160866e+01,4.160866e+01,4.160866e+01,4.160866e+01,4.160866e+01,4.160866e+01,4.160866e+01,4.160866e+01,4.160866e+01,4.160866e+01,4.121385e+01,4.121385e+01,4.121385e+01,4.121385e+01,4.121385e+01,4.121385e+01,4.121385e+01,4.121385e+01,4.121385e+01,4.121385e+01,4.121385e+01,4.121385e+01,4.121385e+01,4.121385e+01,4.121385e+01,4.121385e+01,4.121385e+01,4.121385e+01,4.121385e+01,4.121385e+01,4.121385e+01,4.121385e+01,4.121385e+01,4.121385e+01,4.121385e+01,4.121385e+01,4.121385e+01,4.121385e+01,4.121385e+01,4.160866e+01,4.160866e+01,4.160866e+01,4.160866e+01,4.160866e+01,4.160866e+01,4.160866e+01,4.160866e+01,4.160866e+01,4.160866e+01,4.160866e+01,4.160866e+01,4.160866e+01,4.160866e+01,4.160866e+01,4.160866e+01,4.160866e+01,4.160866e+01,4.160866e+01,4.160866e+01,4.160866e+01,4.160866e+01,4.160866e+01,4.160866e+01,4.160866e+01,4.160866e+01,4.160866e+01,4.160866e+01,4.160866e+01,4.160866e+01,4.214605e+01,4.214605e+01,4.214605e+01,4.214605e+01,4.214605e+01,4.214605e+01,4.214605e+01,4.214605e+01,4.214605e+01,4.214605e+01,4.214605e+01,4.214605e+01,4.214605e+01,4.214605e+01,4.214605e+01,4.214605e+01,4.214605e+01,4.214605e+01,4.214605e+01,4.214605e+01,4.214605e+01,4.214605e+01,4.214605e+01,4.214605e+01,4.214605e+01,4.214605e+01,4.214605e+01,4.214605e+01,4.214605e+01,4.214605e+01,4.214605e+01,4.214605e+01,4.214605e+01,4.214605e+01,4.214605e+01,4.214605e+01,4.214605e+01,4.214605e+01,4.214605e+01,4.214605e+01,4.214605e+01,4.214605e+01,4.214605e+01,4.214605e+01,4.214605e+01,4.214605e+01,4.214605e+01,4.160866e+01,4.175309e+01,4.175309e+01,4.175309e+01,4.175309e+01,4.175309e+01,4.175309e+01,4.175309e+01,4.175309e+01,4.175309e+01,4.175309e+01,4.175309e+01,4.121385e+01,4.120066e+01,4.118748e+01,4.118748e+01,4.118748e+01,4.118748e+01,4.118748e+01,4.118748e+01,4.118748e+01,4.118748e+01,4.118748e+01,4.118748e+01,4.118748e+01,4.118748e+01,4.118748e+01,4.118748e+01,4.118748e+01,4.118748e+01,4.064555e+01,4.094987e+01,4.094987e+01,4.094987e+01,4.094987e+01,4.094987e+01,4.094987e+01,4.094987e+01,4.094987e+01,4.094987e+01,4.094987e+01,4.094987e+01,4.094987e+01,4.094987e+01,4.094987e+01,4.094987e+01,4.094987e+01,4.094987e+01,4.094987e+01,4.094987e+01,4.094987e+01,4.094987e+01,4.094987e+01,4.094987e+01,4.094987e+01,4.149036e+01,4.134560e+01,4.134560e+01,4.134560e+01,4.134560e+01,4.134560e+01,4.134560e+01,4.134560e+01,4.134560e+01,4.134560e+01,4.134560e+01,4.188422e+01,4.187111e+01,4.187111e+01,4.187111e+01,4.187111e+01,4.238118e+01,4.238118e+01,4.238118e+01,4.238118e+01,4.238118e+01,4.291497e+01,4.291497e+01,4.291497e+01,4.291497e+01,4.291497e+01,4.291497e+01,4.320038e+01,4.334282e+01,4.353678e+01,4.369171e+01,4.392372e+01,4.392372e+01,4.392372e+01,4.392372e+01,4.445048e+01,4.443766e+01,4.443766e+01,4.457859e+01,4.510242e+01,4.512791e+01,4.525529e+01,4.525529e+01,4.577612e+01,4.572541e+01,4.572541e+01,4.572541e+01,4.625679e+01,4.619366e+01,4.637035e+01,4.662232e+01,4.689887e+01,4.712466e+01,4.752502e+01,4.778703e+01,4.793649e+01,4.829693e+01,4.813549e+01,4.855727e+01,4.905161e+01,4.927340e+01,4.978936e+01,5.024210e+01,5.071750e+01,5.082695e+01,5.172319e+01,5.172319e+01,5.213282e+01,5.264894e+01,5.309135e+01,5.362733e+01,5.387667e+01,5.430297e+01,5.497503e+01,5.528040e+01,5.558504e+01,5.573709e+01,5.618052e+01,5.649466e+01,5.677325e+01,5.710908e+01,5.736327e+01,5.760544e+01,5.792764e+01,5.774362e+01,5.818023e+01,5.840944e+01,5.860395e+01,5.866111e+01,5.894650e+01,5.926542e+01,5.926542e+01,5.937912e+01,5.965163e+01,5.996884e+01,5.996884e+01,5.996884e+01,6.035300e+01,6.020625e+01,6.042068e+01,6.071356e+01,6.056720e+01,6.082603e+01,6.107314e+01,6.107314e+01,6.107314e+01,6.107314e+01,6.157718e+01,6.157718e+01,6.157718e+01,6.157718e+01,6.157718e+01,6.157718e+01,6.157718e+01,6.157718e+01,6.203476e+01,6.191214e+01,6.191214e+01,6.191214e+01,6.191214e+01,6.191214e+01,6.191214e+01,6.191214e+01,6.191214e+01,6.191214e+01,6.191214e+01,6.191214e+01,6.191214e+01,6.191214e+01,6.191214e+01,6.191214e+01,6.191214e+01,6.145414e+01,6.152127e+01,6.152127e+01,6.152127e+01,6.106192e+01,6.109558e+01,6.107314e+01,6.107314e+01,6.061226e+01,6.065729e+01,6.065729e+01,6.019495e+01,6.018366e+01,5.983298e+01,5.941322e+01,5.879817e+01,5.862682e+01,5.824903e+01,5.755935e+01,5.724780e+01,5.677325e+01,5.628532e+01,5.620382e+01,5.542110e+01,5.524520e+01,5.502205e+01,5.482206e+01,5.446836e+01,5.424385e+01,5.393596e+01,5.322258e+01,5.319873e+01,5.319873e+01,5.270882e+01,5.268488e+01,5.238515e+01,5.215687e+01,5.187997e+01,5.172319e+01,5.152996e+01,5.137273e+01,5.104555e+01,5.054705e+01,5.068100e+01,5.018102e+01,5.026652e+01,5.022988e+01,5.022988e+01,4.985064e+01,4.985064e+01,4.934724e+01,4.938415e+01,4.922415e+01,4.917488e+01,4.917488e+01,4.866867e+01,4.874289e+01,4.858204e+01,4.835897e+01,4.835897e+01,4.835897e+01,4.835897e+01,4.835897e+01,4.784933e+01,4.813549e+01,4.797383e+01,4.786179e+01,4.786179e+01,4.786179e+01,4.786179e+01,4.786179e+01,4.735003e+01,4.748754e+01,4.746255e+01,4.733752e+01,4.733752e+01,4.733752e+01,4.733752e+01,4.733752e+01,4.682351e+01,4.679838e+01,4.678581e+01,4.678581e+01,4.678581e+01,4.678581e+01,4.678581e+01,4.678581e+01,4.678581e+01,4.678581e+01,4.678581e+01,4.678581e+01,4.678581e+01,4.678581e+01,4.678581e+01,4.678581e+01,4.678581e+01,4.678581e+01,4.678581e+01,4.678581e+01,4.678581e+01,4.678581e+01,4.678581e+01,4.678581e+01,4.678581e+01,4.678581e+01,4.729998e+01,4.716225e+01,4.716225e+01,4.716225e+01,4.716225e+01,4.716225e+01,4.716225e+01,4.716225e+01,4.716225e+01,4.716225e+01,4.745005e+01,4.745005e+01,4.745005e+01,4.796139e+01,4.796139e+01,4.796139e+01
3.828920e+01,3.845144e+01,3.845144e+01,3.845144e+01,3.845144e+01,3.845144e+01,3.845144e+01,3.900400e+01,3.869437e+01,3.886948e+01,3.890985e+01,3.890985e+01,3.890985e+01,3.890985e+01,3.890985e+01,3.890985e+01,3.890985e+01,3.890985e+01,3.890985e+01,3.890985e+01,3.890985e+01,3.890985e+01,3.890985e+01,3.890985e+01,3.890985e+01,3.890985e+01,3.924573e+01,3.924573e+01,3.924573e+01,3.924573e+01,3.924573e+01,3.924573e+01,3.924573e+01,3.924573e+01,3.924573e+01,3.924573e+01,3.924573e+01,3.924573e+01,3.924573e+01,3.924573e+01,3.924573e+01,3.924573e+01,3.924573e+01,3.924573e+01,3.924573e+01,3.924573e+01,3.924573e+01,3.924573e+01,3.924573e+01,3.924573e+01,3.924573e+01,3.924573e+01,3.924573e+01,3.924573e+01,3.924573e+01,3.924573e+01,3.924573e+01,3.963409e+01,3.963409e+01,3.963409e+01,3.963409e+01,3.963409e+01,3.963409e+01,3.963409e+01,3.963409e+01,3.963409e+01,3.963409e+01,3.963409e+01,3.963409e+01,3.963409e+01,3.963409e+01,3.963409e+01,3.963409e+01,3.963409e+01,3.963409e+01,3.963409e+01,3.963409e+01,3.963409e+01,3.963409e+01,3.963409e+01,3.963409e+01,3.963409e+01,3.963409e+01,3.963409e+01,3.963409e+01,3.963409e+01,3.963409e+01,3.963409e+01,3.963409e+01,3.963409e+01,3.963409e+01,3.963409e+01,3.963409e+01,3.963409e+01,3.963409e+01,3.963409e+01,3.963409e+01,3.963409e+01,3.963409e+01,3.963409e+01,3.963409e+01,3.963409e+01,3.963409e+01,3.963409e+01,3.963409e+01,3.963409e+01,3.963409e+01,3.963409e+01,3.963409e+01,3.963409e+01,3.963409e+01,3.963409e+01,3.963409e+01,3.963409e+01,3.963409e+01,3.963409e+01,3.963409e+01,3.963409e+01,3.963409e+01,3.963409e+01,3.963409e+01,3.932619e+01,3.932619e+01,3.932619e+01,3.932619e+01,3.932619e+01,3.932619e+01,3.932619e+01,3.932619e+01,3.932619e+01,3.932619e+01,3.932619e+01,3.932619e+01,3.932619e+01,3.932619e+01,3.932619e+01,3.932619e+01,3.932619e+01,3.932619e+01,3.932619e+01,3.932619e+01,3.932619e+01,3.899056e+01,3.899056e+01,3.899056e+01,3.899056e+01,3.899056e+01,3.899056e+01,3.899056e+01,3.899056e+01,3.899056e+01,3.899056e+01,3.954047e+01,3.895021e+01,3.925914e+01,3.925914e+01,3.925914e+01,3.925914e+01,3.925914e+01,3.925914e+01,3.925914e+01,3.925914e+01,3.925914e+01,3.925914e+01,3.925914e+01,3.980775e+01,3.966082e+01,3.966082e+01,3.966082e+01,3.966082e+01,3.966082e+01,3.966082e+01,3.966082e+01,3.966082e+01,3.966082e+01,4.020747e+01,3.968755e+01,4.006107e+01,4.006107e+01,4.006107e+01,4.060579e+01,4.045991e+01,4.045991e+01,4.045991e+01,4.045991e+01,4.045991e+01,4.045991e+01,4.045991e+01,4.100272e+01,4.085734e+01,4.102913e+01,4.112152e+01,4.112152e+01,4.112152e+01,4.112152e+01,4.112152e+01,4.112152e+01,4.112152e+01,4.112152e+01,4.112152e+01,4.112152e+01,4.112152e+01,4.112152e+01,4.112152e+01,4.112152e+01,4.112152e+01,4.112152e+01,4.112152e+01,4.160866e+01,4.160866e+01,4.160866e+01,4.160866e+01,4.160866e+01,4.106874e+01,4.137194e+01,4.137194e+01,4.137194e+01,4.137194e+01,4.137194e+01,4.137194e+01,4.137194e+01,4.137194e+01,4.137194e+01,4.137194e+01,4.137194e+01,4.137194e+01,4.137194e+01,4.137194e+01,4.137194e+01,4.137194e+01,4.137194e+01,4.137194e+01,4.137194e+01,4.137194e+01,4.137194e+01,4.137194e+01,4.137194e+01,4.137194e+01,4.137194e+01,4.137194e+01,4.137194e+01,4.137194e+01,4.137194e+01,4.137194e+01,4.137194e+01,4.137194e+01,4.137194e+01,4.137194e+01,4.137194e+01,4.137194e+01,4.137194e+01,4.137194e+01,4.137194e+01,4.137194e+01,4.137194e+01,4.137194e+01,4.137194e+01,4.137194e+01,4.137194e+01,4.137194e+01,4.137194e+01,4.137194e+01,4.137194e+01,4.137194e+01,4.137194e+01,4.137194e+01,4.137194e+01,4.191043e+01,4.176620e+01,4.176620e+01,4.176620e+01,4.176620e+01,4.176620e+01,4.176620e+01,4.176620e+01,4.176620e+01,4.176620e+01,4.176620e+01,4.176620e+01,4.176620e+01,4.176620e+01,4.176620e+01,4.176620e+01,4.176620e+01,4.176620e+01,4.176620e+01,4.176620e+01,4.176620e+01,4.176620e+01,4.176620e+01,4.176620e+01,4.176620e+01,4.176620e+01,4.176620e+01,4.176620e+01,4.176620e+01,4.176620e+01,4.176620e+01,4.214605e+01,4.214605e+01,4.214605e+01,4.214605e+01,4.214605e+01,4.214605e+01,4.214605e+01,4.214605e+01,4.214605e+01,4.214605e+01,4.214605e+01,4.214605e+01,4.214605e+01,4.214605e+01,4.214605e+01,4.214605e+01,4.214605e+01,4.214605e+01,4.214605e+01,4.214605e+01,4.214605e+01,4.214605e+01,4.214605e+01,4.214605e+01,4.214605e+01,4.214605e+01,4.214605e+01,4.214605e+01,4.214605e+01,4.214605e+01,4.214605e+01,4.214605e+01,4.214605e+01,4.214605e+01,4.160866e+01,4.160866e+01,4.160866e+01,4.160866e+01,4.160866e+01,4.160866e+01,4.160866e+01,4.160866e+01,4.160866e+01,4.160866e+01,4.160866e+01,4.160866e+01,4.160866e+01,4.160866e+01,4.160866e+01,4.118748e+01,4.118748e+01,4.118748e+01,4.118748e+01,4.118748e+01,4.118748e+01,4.118748e+01,4.118748e+01,4.118748e+01,4.118748e+01,4.118748e+01,4.118748e+01,4.118748e+01,4.118748e+01,4.118748e+01,4.064555e+01,4.092345e+01,4.092345e+01,4.092345e+01,4.092345e+01,4.092345e+01,4.092345e+01,4.092345e+01,4.092345e+01,4.092345e+01,4.092345e+01,4.092345e+01,4.092345e+01,4.092345e+01,4.092345e+01,4.092345e+01,4.092345e+01,4.092345e+01,4.092345e+01,4.092345e+01,4.092345e+01,4.092345e+01,4.092345e+01,4.146405e+01,4.137194e+01,4.137194e+01,4.137194e+01,4.137194e+01,4.137194e+01,4.137194e+01,4.137194e+01,4.137194e+01,4.137194e+01,4.137194e+01,4.191043e+01,4.181867e+01,4.180556e+01,4.180556e+01,4.180556e+01,4.234202e+01,4.225061e+01,4.226367e+01,4.226367e+01,4.226367e+01,4.226367e+01,4.279800e+01,4.279800e+01,4.279800e+01,4.279800e+01,4.279800e+01,4.332988e+01,4.334282e+01,4.329104e+01,4.382066e+01,4.352386e+01,4.352386e+01,4.392372e+01,4.392372e+01,4.392372e+01,4.445048e+01,4.437354e+01,4.489828e+01,4.460420e+01,4.477051e+01,4.492382e+01,4.492382e+01,4.492382e+01,4.525529e+01,4.559853e+01,4.559853e+01,4.611785e+01,4.614313e+01,4.618103e+01,4.618103e+01,4.669781e+01,4.671038e+01,4.687376e+01,4.724992e+01,4.752502e+01,4.776210e+01,4.806091e+01,4.827211e+01,4.829693e+01,4.859442e+01,4.887882e+01,4.926109e+01,4.981388e+01,5.027873e+01,5.054705e+01,5.081479e+01,5.104555e+01,5.185587e+01,5.216889e+01,5.219294e+01,5.272079e+01,5.316295e+01,5.359167e+01,5.400708e+01,5.458637e+01,5.504556e+01,5.532732e+01,5.563185e+01,5.600567e+01,5.632023e+01,5.659920e+01,5.693549e+01,5.719001e+01,5.743251e+01,5.773211e+01,5.788166e+01,5.800806e+01,5.840944e+01,5.840944e+01,5.866111e+01,5.894650e+01,5.924266e+01,5.924266e+01,5.924266e+01,5.965163e+01,5.948138e+01,5.974234e+01,5.988961e+01,6.010455e+01,6.022884e+01,6.009325e+01,6.034172e+01,6.053341e+01,6.079230e+01,6.100580e+01,6.100580e+01,6.100580e+01,6.100580e+01,6.111802e+01,6.137579e+01,6.137579e+01,6.183406e+01,6.125257e+01,6.138699e+01,6.138699e+01,6.138699e+01,6.138699e+01,6.138699e+01,6.138699e+01,6.138699e+01,6.145414e+01,6.171126e+01,6.171126e+01,6.171126e+01,6.171126e+01,6.171126e+01,6.171126e+01,6.171126e+01,6.171126e+01,6.171126e+01,6.171126e+01,6.171126e+01,6.171126e+01,6.145414e+01,6.145414e+01,6.099457e+01,6.107314e+01,6.112924e+01,6.112924e+01,6.066854e+01,6.074731e+01,6.071356e+01,6.071356e+01,6.025142e+01,6.026271e+01,6.012716e+01,5.925404e+01,5.899211e+01,5.886665e+01,5.807696e+01,5.781266e+01,5.740944e+01,5.664564e+01,5.637840e+01,5.635514e+01,5.563185e+01,5.549139e+01,5.476318e+01,5.455098e+01,5.458637e+01,5.401893e+01,5.405447e+01,5.380548e+01,5.340131e+01,5.291219e+01,5.288828e+01,5.281653e+01,5.216889e+01,5.221698e+01,5.201248e+01,5.140903e+01,5.119107e+01,5.145742e+01,5.122743e+01,5.091201e+01,5.072967e+01,5.054705e+01,5.036417e+01,5.036417e+01,5.036417e+01,4.986289e+01,4.986289e+01,4.967898e+01,4.953165e+01,4.953165e+01,4.922415e+01,4.922415e+01,4.871815e+01,4.874289e+01,4.874289e+01,4.874289e+01,4.835897e+01,4.835897e+01,4.835897e+01,4.835897e+01,4.835897e+01,4.784933e+01,4.812306e+01,4.812306e+01,4.786179e+01,4.786179e+01,4.786179e+01,4.786179e+01,4.735003e+01,4.742506e+01,4.742506e+01,4.742506e+01,4.742506e+01,4.742506e+01,4.742506e+01,4.742506e+01,4.742506e+01,4.733752e+01,4.703690e+01,4.703690e+01,4.703690e+01,4.703690e+01,4.703690e+01,4.703690e+01,4.703690e+01,4.703690e+01,4.703690e+01,4.703690e+01,4.703690e+01,4.703690e+01,4.703690e+01,4.703690e+01,4.703690e+01,4.652160e+01,4.667265e+01,4.667265e+01,4.667265e+01,4.667265e+01,4.667265e+01,4.718731e+01,4.703690e+01,4.703690e+01,4.703690e+01,4.703690e+01,4.703690e+01,4.703690e+01,4.703690e+01,4.703690e+01,4.703690e+01,4.703690e+01,4.703690e+01,4.703690e+01,4.703690e+01,4.745005e+01,4.745005e+01,4.745005e+01,4.745005e+01,4.745005e+01,4.796139e+01
3.828920e+01,3.828920e+01,3.828920e+01,3.828920e+01,3.828920e+01,3.884256e+01,3.886948e+01,3.880216e+01,3.870784e+01,3.870784e+01,3.870784e+01,3.870784e+01,3.870784e+01,3.870784e+01,3.870784e+01,3.870784e+01,3.870784e+01,3.925914e+01,3.909807e+01,3.909807e+01,3.909807e+01,3.909807e+01,3.909807e+01,3.909807e+01,3.909807e+01,3.909807e+01,3.909807e+01,3.909807e+01,3.909807e+01,3.909807e+01,3.909807e+01,3.909807e+01,3.909807e+01,3.909807e+01,3.909807e+01,3.909807e+01,3.909807e+01,3.909807e+01,3.964746e+01,3.948694e+01,3.948694e+01,3.948694e+01,3.948694e+01,3.948694e+01,3.948694e+01,3.948694e+01,3.948694e+01,3.948694e+01,3.948694e+01,3.948694e+01,3.948694e+01,3.948694e+01,3.948694e+01,3.948694e+01,3.948694e+01,3.948694e+01,3.948694e+01,3.948694e+01,3.948694e+01,3.948694e+01,3.948694e+01,3.948694e+01,3.948694e+01,3.948694e+01,3.948694e+01,3.948694e+01,3.948694e+01,3.948694e+01,3.948694e+01,3.948694e+01,3.948694e+01,3.948694e+01,3.948694e+01,3.948694e+01,3.948694e+01,3.948694e+01,3.948694e+01,3.948694e+01,3.948694e+01,3.948694e+01,3.948694e+01,3.948694e+01,3.948694e+01,3.948694e+01,3.948694e+01,3.948694e+01,3.948694e+01,3.948694e+01,3.948694e+01,3.948694e+01,3.948694e+01,3.948694e+01,3.948694e+01,3.948694e+01,3.948694e+01,3.948694e+01,3.948694e+01,4.003443e+01,3.987447e+01,3.987447e+01,3.987447e+01,3.987447e+01,3.987447e+01,3.987447e+01,3.987447e+01,3.987447e+01,3.987447e+01,3.987447e+01,3.987447e+01,3.987447e+01,3.932619e+01,3.948694e+01,3.948694e+01,3.948694e+01,3.948694e+01,3.948694e+01,3.948694e+01,3.948694e+01,3.948694e+01,3.948694e+01,3.948694e+01,3.948694e+01,3.948694e+01,3.948694e+01,3.948694e+01,3.948694e+01,3.948694e+01,3.948694e+01,3.948694e+01,3.948694e+01,3.948694e+01,3.948694e+01,3.948694e+01,3.948694e+01,3.893676e+01,3.909807e+01,3.909807e+01,3.909807e+01,3.909807e+01,3.909807e+01,3.909807e+01,3.909807e+01,3.909807e+01,3.909807e+01,3.909807e+01,3.909807e+01,3.909807e+01,3.909807e+01,3.909807e+01,3.909807e+01,3.909807e+01,3.909807e+01,3.909807e+01,3.909807e+01,3.909807e+01,3.909807e+01,3.909807e+01,3.909807e+01,3.909807e+01,3.909807e+01,3.909807e+01,3.909807e+01,3.909807e+01,3.909807e+01,3.909807e+01,3.925914e+01,3.955385e+01,3.955385e+01,3.955385e+01,3.955385e+01,3.955385e+01,3.955385e+01,3.955385e+01,4.010102e+01,4.000779e+01,3.998114e+01,4.004775e+01,4.004775e+01,4.004775e+01,4.004775e+01,4.060579e+01,4.006107e+01,4.022078e+01,4.022078e+01,4.022078e+01,4.076473e+01,4.060579e+01,4.026067e+01,4.060579e+01,4.076473e+01,4.076473e+01,4.076473e+01,4.076473e+01,4.076473e+01,4.076473e+01,4.076473e+01,4.076473e+01,4.112152e+01,4.112152e+01,4.112152e+01,4.112152e+01,4.112152e+01,4.112152e+01,4.112152e+01,4.112152e+01,4.112152e+01,4.112152e+01,4.112152e+01,4.112152e+01,4.112152e+01,4.112152e+01,4.112152e+01,4.112152e+01,4.112152e+01,4.112152e+01,4.112152e+01,4.112152e+01,4.112152e+01,4.112152e+01,4.112152e+01,4.112152e+01,4.112152e+01,4.112152e+01,4.112152e+01,4.112152e+01,4.112152e+01,4.112152e+01,4.112152e+01,4.112152e+01,4.112152e+01,4.112152e+01,4.112152e+01,4.112152e+01,4.112152e+01,4.112152e+01,4.112152e+01,4.112152e+01,4.112152e+01,4.112152e+01,4.112152e+01,4.112152e+01,4.112152e+01,4.112152e+01,4.112152e+01,4.112152e+01,4.112152e+01,4.112152e+01,4.112152e+01,4.112152e+01,4.112152e+01,4.112152e+01,4.112152e+01,4.112152e+01,4.112152e+01,4.112152e+01,4.112152e+01,4.112152e+01,4.166120e+01,4.150351e+01,4.150351e+01,4.150351e+01,4.150351e+01,4.150351e+01,4.150351e+01,4.150351e+01,4.150351e+01,4.150351e+01,4.150351e+01,4.150351e+01,4.150351e+01,4.150351e+01,4.150351e+01,4.150351e+01,4.150351e+01,4.150351e+01,4.150351e+01,4.150351e+01,4.150351e+01,4.150351e+01,4.150351e+01,4.150351e+01,4.150351e+01,4.204139e+01,4.188422e+01,4.188422e+01,4.188422e+01,4.188422e+01,4.188422e+01,4.188422e+01,4.188422e+01,4.188422e+01,4.188422e+01,4.188422e+01,4.188422e+01,4.188422e+01,4.188422e+01,4.188422e+01,4.188422e+01,4.188422e+01,4.188422e+01,4.188422e+01,4.188422e+01,4.188422e+01,4.188422e+01,4.188422e+01,4.188422e+01,4.242032e+01,4.226367e+01,4.226367e+01,4.226367e+01,4.226367e+01,4.226367e+01,4.226367e+01,4.226367e+01,4.226367e+01,4.226367e+01,4.226367e+01,4.226367e+01,4.226367e+01,4.226367e+01,4.226367e+01,4.226367e+01,4.226367e+01,4.226367e+01,4.226367e+01,4.226367e+01,4.226367e+01,4.226367e+01,4.226367e+01,4.172684e+01,4.188422e+01,4.170059e+01,4.168746e+01,4.168746e+01,4.168746e+01,4.168746e+01,4.168746e+01,4.168746e+01,4.168746e+01,4.168746e+01,4.168746e+01,4.168746e+01,4.168746e+01,4.168746e+01,4.168746e+01,4.168746e+01,4.168746e+01,4.168746e+01,4.118748e+01,4.118748e+01,4.118748e+01,4.118748e+01,4.118748e+01,4.118748e+01,4.118748e+01,4.118748e+01,4.118748e+01,4.118748e+01,4.118748e+01,4.118748e+01,4.118748e+01,4.118748e+01,4.118748e+01,4.118748e+01,4.118748e+01,4.118748e+01,4.118748e+01,4.118748e+01,4.118748e+01,4.118748e+01,4.118748e+01,4.118748e+01,4.118748e+01,4.118748e+01,4.118748e+01,4.118748e+01,4.118748e+01,4.118748e+01,4.118748e+01,4.118748e+01,4.118748e+01,4.118748e+01,4.118748e+01,4.118748e+01,4.118748e+01,4.118748e+01,4.118748e+01,4.118748e+01,4.118748e+01,4.118748e+01,4.118748e+01,4.118748e+01,4.172684e+01,4.156924e+01,4.156924e+01,4.156924e+01,4.156924e+01,4.156924e+01,4.210681e+01,4.194973e+01,4.213297e+01,4.222448e+01,4.222448e+01,4.222448e+01,4.222448e+01,4.222448e+01,4.275899e+01,4.271996e+01,4.271996e+01,4.271996e+01,4.271996e+01,4.325219e+01,4.325219e+01,4.325219e+01,4.325219e+01,4.382066e+01,4.353678e+01,4.369171e+01,4.391084e+01,4.391084e+01,4.391084e+01,4.391084e+01,4.437354e+01,4.455298e+01,4.456579e+01,4.456579e+01,4.492382e+01,4.492382e+01,4.492382e+01,4.525529e+01,4.558584e+01,4.576344e+01,4.592812e+01,4.592812e+01,4.592812e+01,4.644600e+01,4.658456e+01,4.658456e+01,4.658456e+01,4.673553e+01,4.755000e+01,4.791159e+01,4.804847e+01,4.804847e+01,4.855727e+01,4.874289e+01,4.887882e+01,4.939645e+01,4.983839e+01,4.970352e+01,5.013213e+01,5.043736e+01,5.082695e+01,5.155413e+01,5.181969e+01,5.200044e+01,5.255308e+01,5.301972e+01,5.347272e+01,5.391225e+01,5.451558e+01,5.489268e+01,5.517477e+01,5.547967e+01,5.585394e+01,5.616887e+01,5.644817e+01,5.678485e+01,5.703967e+01,5.728245e+01,5.757087e+01,5.757087e+01,5.757087e+01,5.793913e+01,5.813434e+01,5.837508e+01,5.864968e+01,5.890088e+01,5.903770e+01,5.919714e+01,5.943594e+01,5.957220e+01,5.973100e+01,5.973100e+01,5.973100e+01,6.022884e+01,6.022884e+01,6.033044e+01,6.019495e+01,6.040941e+01,6.087100e+01,6.087100e+01,6.087100e+01,6.087100e+01,6.087100e+01,6.091595e+01,6.121895e+01,6.133100e+01,6.131980e+01,6.131980e+01,6.131980e+01,6.131980e+01,6.131980e+01,6.131980e+01,6.131980e+01,6.177826e+01,6.174476e+01,6.127499e+01,6.152127e+01,6.152127e+01,6.152127e+01,6.152127e+01,6.152127e+01,6.152127e+01,6.152127e+01,6.152127e+01,6.152127e+01,6.152127e+01,6.152127e+01,6.152127e+01,6.152127e+01,6.099457e+01,6.099457e+01,6.099457e+01,6.099457e+01,6.099457e+01,6.074731e+01,6.074731e+01,6.028529e+01,6.031915e+01,5.985564e+01,5.993489e+01,5.933365e+01,5.861538e+01,5.822610e+01,5.792764e+01,5.768607e+01,5.691232e+01,5.649466e+01,5.637840e+01,5.619217e+01,5.580721e+01,5.502205e+01,5.483384e+01,5.483384e+01,5.410184e+01,5.409000e+01,5.394782e+01,5.367486e+01,5.336558e+01,5.309135e+01,5.260102e+01,5.257705e+01,5.234913e+01,5.185587e+01,5.183175e+01,5.159038e+01,5.102128e+01,5.128799e+01,5.059578e+01,5.064448e+01,5.079048e+01,5.029094e+01,5.043736e+01,5.043736e+01,4.993638e+01,4.993638e+01,4.943334e+01,4.970352e+01,4.970352e+01,4.919952e+01,4.922415e+01,4.903927e+01,4.890352e+01,4.890352e+01,4.839618e+01,4.838377e+01,4.838377e+01,4.838377e+01,4.838377e+01,4.787424e+01,4.794894e+01,4.796139e+01,4.761242e+01,4.764986e+01,4.769976e+01,4.769976e+01,4.769976e+01,4.769976e+01,4.769976e+01,4.769976e+01,4.742506e+01,4.742506e+01,4.742506e+01,4.742506e+01,4.742506e+01,4.742506e+01,4.691143e+01,4.694908e+01,4.697418e+01,4.697418e+01,4.697418e+01,4.697418e+01,4.697418e+01,4.697418e+01,4.697418e+01,4.697418e+01,4.697418e+01,4.697418e+01,4.697418e+01,4.697418e+01,4.697418e+01,4.697418e+01,4.697418e+01,4.697418e+01,4.697418e+01,4.697418e+01,4.697418e+01,4.697418e+01,4.697418e+01,4.697418e+01,4.697418e+01,4.697418e+01,4.697418e+01,4.697418e+01,4.697418e+01,4.697418e+01,4.697418e+01,4.697418e+01,4.697418e+01,4.697418e+01,4.697418e+01,4.697418e+01,4.697418e+01,4.745005e+01,4.745005e+01,4.745005e+01,4.745005e+01,4.796139e+01,4.788669e+01
